-84
-81
-77
-71
-65
-59
-52
-45
-38
-34
-29
-26
-23
-18
-15
-10
-5
1
7
11
17
23
28
34
36
40
45
50
57
63
69
75
81
87
90
94
98
100
102
102
104
106
109
113
117
120
121
121
119
115
111
106
101
97
95
96
97
100
101
100
101
103
107
111
117
125
136
148
160
171
182
191
199
205
210
217
223
230
235
241
246
254
263
270
279
288
297
307
315
323
329
335
340
343
347
353
358
363
366
369
371
376
381
386
392
400
409
419
431
445
459
474
490
505
522
539
556
572
588
603
618
635
651
668
686
702
719
733
745
754
760
765
767
769
772
775
778
780
780
778
775
771
764
759
753
748
745
742
740
738
737
735
730
726
723
719
715
710
705
699
694
690
685
680
676
669
661
650
637
621
605
587
568
550
532
514
493
473
449
424
401
377
355
335
315
297
278
260
241
222
203
182
161
140
120
101
81
62
42
23
5
-12
-29
-44
-59
-71
-85
-97
-110
-121
-133
-147
-159
-170
-182
-192
-201
-210
-220
-229
-238
-246
-253
-259
-265
-271
-277
-283
-289
-293
-298
-304
-308
-313
-316
-320
-323
-327
-330
-333
-336
