68
69
71
74
78
82
85
90
92
96
101
105
111
118
124
131
136
140
143
146
149
150
154
159
165
172
178
185
191
198
206
213
222
230
240
250
259
269
279
290
301
311
323
335
347
358
368
375
382
390
397
405
416
426
435
442
447
449
449
446
442
438
435
433
432
430
428
425
421
418
414
412
410
410
412
415
422
429
440
450
458
468
479
490
501
513
526
538
552
567
583
600
619
637
654
669
684
696
708
717
724
732
740
748
754
760
765
768
770
771
773
776
779
783
785
788
790
791
793
792
791
790
790
791
790
791
791
791
791
791
793
796
801
808
813
819
824
829
832
832
833
834
834
836
837
839
839
839
837
835
835
836
835
834
832
830
828
827
826
824
824
824
823
821
818
813
807
801
793
786
781
776
772
766
759
749
737
723
706
688
669
651
633
615
597
578
559
537
513
489
467
444
423
400
379
357
337
317
296
275
255
234
214
193
172
152
132
112
91
75
59
44
31
17
2
-13
-27
-43
-59
-74
-90
-103
-116
-128
-139
-151
-161
-172
-184
-191
-198
-203
-209
-214
-219
-223
-226
-230
-232
-233
-233
-232
-233
-232
-233
-234
-236
-241
-245
-249
-252