-327
-321
-315
-308
-305
-302
-299
-297
-293
-290
-285
-280
-275
-271
-268
-266
-264
-263
-264
-265
-266
-267
-265
-262
-259
-254
-250
-246
-242
-238
-233
-227
-220
-213
-205
-195
-183
-171
-160
-149
-140
-132
-124
-118
-112
-106
-99
-90
-81
-69
-58
-45
-33
-24
-15
-7
0
6
10
14
16
20
22
22
23
21
18
15
12
10
9
9
9
9
10
12
15
18
21
25
28
33
37
41
47
54
59
62
67
73
80
88
95
102
108
113
118
121
123
124
124
125
124
125
126
127
128
127
129
131
135
138
140
145
152
159
168
178
188
197
206
213
219
225
231
236
241
246
251
258
265
273
279
287
294
300
306
311
315
318
324
330
337
348
360
372
383
394
405
417
430
441
454
469
484
501
517
532
544
555
564
570
576
581
586
590
590
591
589
588
586
582
577
570
563
556
547
538
528
519
509
499
492
485
479
472
463
456
448
443
437
430
424
418
413
407
399
390
379
367
354
339
326
313
299
283
266
249
233
217
201
185
171
156
141
123
105
83
61
38
15
-8
-29
-49
-67
-87
-106
-126
-144
-161
-179
-195
-211
-224
-236
-247
-254
-263
-270
-277
-285
-292
-298
-304
-310
-316
-321
-326
-329
-332
-334
-335
-336
-338
-342
-349
-356
-365
-373
-383
-393
-401
-408
-414
-421
-428
-436
-444
-451
-459
-465