-319
-325
-331
-338
-347
-357
-368
-380
-395
-410
-427
-445
-463
-484
-504
-526
-548
-570
-592
-612
-628
-640
-648
-653
-654
-654
-653
-650
-648
-644
-639
-632
-622
-610
-594
-574
-550
-524
-495
-459
-417
-368
-314
-256
-191
-121
-43
42
134
234
340
451
568
690
816
948
1084
1224
1369
1519
1673
1832
1993
2157
2322
2488
2655
2820
2988
3157
3327
3501
3675
3854
4035
4220
4405
4589
4772
4953
5133
5311
5483
5652
5816
5977
6132
6280
6424
6560
6688
6807
6916
7017
7109
7195
7273
7342
7405
7460
7507
7544
7570
7584
7585
7571
7539
7487
7414
7316
7192
7040
6865
6667
6451
6219
5973
5715
5450
5178
4905
4629
4351
4074
3800
3528
3258
2995
2739
2488
2245
2008
1780
1559
1347
1142
943
751
568
393
229
72
-74
-214
-343
-467
-585
-695
-796
-891
-980
-1061
-1133
-1197
-1253
-1301
-1343
-1377
-1408
-1434
-1457
-1476
-1492
-1505
-1514
-1522
-1526
-1526
-1523
-1519
-1516
-1512
-1509
-1505
-1500
-1495
-1490
-1484
-1477
-1470
-1463
-1455
-1447
-1438
-1430
-1425
-1419
-1414
-1411
-1408
-1407
-1405
-1405
-1404
-1402
-1402
-1402
-1403
-1405
-1406
