-373
-381
-390
-398
-406
-418
-431
-446
-461
-477
-495
-512
-531
-547
-565
-584
-601
-619
-636
-653
-670
-684
-695
-702
-707
-710
-709
-706
-700
-692
-683
-670
-657
-641
-626
-609
-589
-568
-543
-517
-488
-454
-415
-370
-320
-263
-201
-134
-59
23
112
205
305
413
524
644
770
901
1038
1178
1323
1470
1620
1773
1925
2081
2238
2397
2560
2724
2891
3059
3231
3402
3574
3747
3919
4092
4264
4435
4606
4775
4944
5112
5276
5437
5594
5744
5890
6030
6166
6295
6418
6535
6646
6753
6855
6951
7038
7118
7188
7251
7303
7345
7375
7394
7398
7388
7361
7318
7252
7164
7049
6906
6737
6546
6334
6105
5862
5608
5345
5077
4807
4533
4261
3990
3719
3450
3184
2924
2670
2424
2185
1954
1733
1521
1318
1122
933
752
577
410
251
98
-46
-184
-315
-440
-558
-668
-773
-866
-953
-1031
-1102
-1165
-1221
-1275
-1322
-1366
-1406
-1440
-1470
-1495
-1515
-1532
-1546
-1559
-1568
-1574
-1578
-1581
-1583
-1581
-1577
-1572
-1563
-1555
-1547
-1538
-1530
-1523
-1519
-1514
-1510
-1507
-1504
-1503
-1501
-1499
-1495
-1491
-1488
-1485
-1484
-1482
-1483
-1486
-1490
-1494
