-569
-575
-581
-587
-595
-602
-611
-622
-635
-650
-666
-685
-705
-726
-749
-772
-795
-817
-836
-852
-865
-876
-886
-893
-900
-903
-906
-908
-906
-902
-894
-885
-872
-858
-842
-825
-806
-782
-752
-717
-675
-628
-575
-516
-450
-378
-302
-219
-128
-32
73
182
299
420
547
678
813
953
1099
1248
1402
1557
1716
1875
2037
2198
2358
2519
2681
2845
3009
3175
3344
3514
3686
3858
4031
4205
4380
4554
4725
4894
5060
5222
5381
5537
5688
5836
5977
6112
6239
6358
6469
6571
6666
6752
6831
6905
6971
7031
7081
7121
7147
7160
7158
7138
7102
7048
6975
6883
6768
6630
6469
6290
6091
5875
5646
5409
5164
4916
4664
4413
4162
3914
3668
3423
3183
2945
2710
2481
2257
2038
1826
1623
1426
1233
1049
873
704
542
387
237
94
-43
-175
-301
-418
-529
-631
-727
-814
-895
-967
-1032
-1091
-1144
-1191
-1231
-1264
-1292
-1315
-1334
-1348
-1358
-1368
-1373
-1375
-1375
-1374
-1372
-1368
-1365
-1361
-1359
-1360
-1360
-1361
-1362
-1361
-1361
-1359
-1358
-1356
-1356
-1358
-1360
-1363
-1367
-1372
-1377
-1381
-1384
-1385
-1385
-1386
-1387
-1388
-1388
-1388
-1388
