-1497
-1501
-1505
-1505
-1506
-1506
-1508
-1511
-1514
-1516
-1518
-1520
-1521
-1520
-1518
-1514
-1511
-1507
-1503
-1500
-1498
-1497
-1497
-1496
-1494
-1493
-1494
-1494
-1495
-1495
-1495
-1496
-1495
-1496
-1497
-1499
-1503
-1507
-1514
-1519
-1525
-1533
-1538
-1542
-1547
-1551
-1557
-1563
-1569
-1573
-1576
-1580
-1581
-1582
-1582
-1583
-1583
-1582
-1582
-1581
-1581
-1581
-1579
-1578
-1576
-1575
-1575
-1576
-1577
-1576
-1575
-1572
-1566
-1562
-1558
-1554
-1552
-1553
-1556
-1558
-1563
-1567
-1569
-1568
-1566
-1565
-1563
-1563
-1562
-1562
-1562
-1562
-1561
-1559
-1556
-1553
-1547
-1542
-1537
-1532
-1529
-1526
-1523
-1519
-1516
-1514
-1511
-1509
-1504
-1499
-1494
-1487
-1480
-1474
-1470
-1467
-1466
-1466
-1466
-1467
-1468
-1467
-1466
-1463
-1461
-1459
-1458
-1458
-1457
-1457
-1457
-1454
-1451
-1447
-1443
-1439
-1435
-1431
-1427
-1425
-1422
-1418
-1414
-1408
-1403
-1396
-1392
-1387
-1382
-1378
-1372
-1365
-1356
-1348
-1342
-1336
-1332
-1328
-1326
-1327
-1327
-1328
-1329
-1328
-1328
-1328
-1328
-1328
-1328
-1327
-1323
-1320
-1316
-1311
-1306
-1300
-1294
-1286
-1278
-1271
-1261
-1251
-1241
-1232
-1223
-1214
-1206
-1198
-1190
-1181
-1170
-1159
-1146
-1135
-1125
-1117
-1111
-1105
-1104
-1101
-1098
-1094
-1087
-1081
-1071
-1063
-1054
-1046
-1039
-1029
-1018
-1006
-993
-980
-963
-946
-928
-908
-891
-872
-853
-834
-815
-796
-778
-761
-742
-725
-709
-690
-672
-653
-634
-617
-600
-585
-571
-558
-546
-534
-521
-508
-495
-482
-469
-455
-442
-431
-418
-402
-386
-367
-348
-328
-307
-286
-263
-242
-220
-197
-175
-152
-130
-108
-87
-66
-46
-28
-10
9
28
48
68
88
105
124
140
154
167
180
191
202
213
225
236
249
260
270
281
292
305
317
328
340
353
367
382
397
413
429
444
458
471
482
493
504
512
521
531
542
554
565
577
586
595
603
608
612
615
617
621
621
624
627
631
633
633
632
630
629
629
628
629
629
632
633
634
637
640
642
645
645
645
646
648
647
646
646
646
646
647
648
650
650
649
646
643
640
635
629
621
613
604
595
586
577
568
559
551
546
541
537
532
529
525
521
518
517
516
517
516
517
516
516
515
513
511
510
509
510
510
512
514
516
517
515
513
509
503
496
487
479
470
464
457
451
445
438
431
425
419
413
409
407
405
405
407
411
415
419
422
424
426
427
428
429
430
432
435
437
441
444
447
449
448
449
449
448
448
447
446
445
446
447
446
446
445
442
438
434
433
431
430
429
427
428
428
430
431
430
431
431
432
433
432
432
429
427
423
418
415
412
409
406
404
402
399
397
392
388
382
376
371
365
361
358
356
354
352
351
349
348
346
343
341
340
341
342
344
346
347
350
352
352
354
356
356
357
357
359
361
366
371
374
377
378
378
375
371
365
359
355
350
345
343
341
338
333
328
323
319
316
312
310
310
311
314
317
321
323
325
327
327
328
330
332
335
336
338
340
342
345
346
347
348
348
347
345
343
339
335
330
324
320
316
312
308
300
295
289
286
283
279
278
276
276
276
278
279
280
283
285
286
289
291
292
293
291
290
287
286
285
285
286
287
287
285
282
277
271
265
257
250
245
242
239
235
232
226
223
219
214
210
208
206
207
207
209
210
212
213
211
211
210
209
208
206
204
202
203
204
206
210
214
217
219
220
219
217
216
213
210
208
207
207
206
202
197
191
187
182
179
178
177
178
178
178
178
178
176
173
171
168
166
164
160
158
154
152
150
147
145
144
142
141
137
133
126
119
110
99
90
82
74
67
59
52
42
34
27
20
16
10
7
5
3
3
3
6
8
10
14
18
21
24
25
25
24
24
25
26
31
36
41
45
48
48
47
44
39
32
27
23
21
17
15
10
5
-1
-8
-14
-19
-24
-27
-30
-30
-31
-30
-29
-30
-29
-28
-28
-28
-29
-31
-33
-35
-38
-40
