-1388
-1387
-1383
-1380
-1376
-1370
-1364
-1358
-1353
-1350
-1348
-1347
-1347
-1347
-1349
-1350
-1351
-1351
-1352
-1351
-1350
-1349
-1350
-1353
-1357
-1361
-1366
-1370
-1376
-1380
-1385
-1388
-1390
-1394
-1398
-1403
-1407
-1411
-1414
-1415
-1416
-1415
-1413
-1411
-1408
-1404
-1400
-1397
-1396
-1393
-1393
-1391
-1391
-1390
-1389
-1388
-1386
-1385
-1384
-1383
-1381
-1378
-1377
-1377
-1376
-1376
-1376
-1379
-1382
-1387
-1391
-1394
-1398
-1400
-1401
-1402
-1403
-1404
-1403
-1404
-1403
-1403
-1403
-1401
-1397
-1393
-1388
-1384
-1380
-1377
-1372
-1369
-1368
-1365
-1362
-1361
-1358
-1357
-1354
-1351
-1346
-1341
-1338
-1336
-1334
-1334
-1335
-1338
-1341
-1345
-1347
-1348
-1349
-1349
-1349
-1350
-1353
-1356
-1359
-1361
-1362
-1363
-1362
-1358
-1354
-1348
-1342
-1337
-1333
-1330
-1327
-1325
-1323
-1319
-1315
-1311
-1308
-1303
-1298
-1293
-1287
-1283
-1279
-1276
-1273
-1271
-1271
-1270
-1272
-1272
-1271
-1272
-1270
-1268
-1267
-1267
-1268
-1268
-1268
-1265
-1263
-1262
-1258
-1254
-1249
-1244
-1239
-1234
-1230
-1224
-1220
-1216
-1209
-1203
-1197
-1193
-1188
-1184
-1178
-1172
-1166
-1159
-1153
-1146
-1140
-1136
-1134
-1133
-1133
-1132
-1132
-1129
-1125
-1119
-1111
-1105
-1098
-1090
-1081
-1070
-1060
-1049
-1036
-1023
-1007
-992
-975
-958
-942
-926
-912
-896
-881
-866
-852
-839
-826
-812
-796
-780
-764
-748
-733
-718
-705
-693
-682
-671
-660
-650
-639
-624
-609
-593
-578
-565
-553
-539
-523
-508
-491
-471
-449
-426
-403
-380
-358
-336
-315
-297
-278
-258
-238
-216
-197
-177
-159
-139
-118
-98
-77
-55
-34
-14
5
24
40
57
71
83
95
109
122
136
148
159
168
180
188
199
210
222
235
248
262
275
288
302
315
327
340
353
366
377
387
394
401
410
417
425
435
446
456
466
475
481
485
489
489
488
489
492
496
499
504
506
509
513
516
520
523
528
533
539
546
554
563
571
577
584
590
595
601
605
608
611
614
616
619
624
629
633
636
636
634
630
624
616
607
599
592
586
580
575
569
562
555
547
541
537
533
531
528
527
525
523
523
520
519
518
516
516
515
514
513
511
509
506
505
503
502
502
500
499
496
494
490
485
480
474
469
466
462
460
458
456
453
449
448
447
447
446
444
444
444
444
444
445
447
448
450
451
451
450
447
444
440
438
438
439
442
444
445
444
443
440
433
427
421
415
411
409
407
405
404
401
397
395
393
393
394
394
398
402
408
414
420
426
432
437
441
443
445
446
448
449
448
450
452
454
455
455
453
450
446
439
432
425
418
412
405
399
394
388
384
378
372
369
366
366
366
366
366
367
369
369
371
375
378
382
385
388
390
393
394
393
392
392
393
396
398
403
405
409
410
408
407
403
399
393
387
381
377
374
370
365
361
357
354
351
348
344
342
343
341
342
344
347
349
349
351
350
348
347
345
342
339
338
339
339
341
342
343
343
340
338
335
332
329
326
323
321
320
319
317
314
312
310
311
312
314
316
319
323
326
331
337
342
347
350
353
356
359
362
363
364
365
366
368
370
372
373
375
375
374
373
371
368
363
358
351
345
339
334
329
324
319
315
312
310
307
306
305
304
304
306
308
311
313
316
317
318
317
312
308
303
298
294
290
288
286
286
285
283
281
277
273
267
260
253
246
241
237
234
232
230
227
224
222
221
219
219
219
221
226
231
238
244
250
252
255
257
257
257
257
258
258
258
260
260
262
264
262
261
259
257
254
249
244
238
233
230
225
222
219
215
210
203
199
195
191
187
184
183
182
182
182
181
179
177
175
172
169
167
166
164
161
159
156
154
153
151
149
149
148
148
145
142
137
131
125
120
115
113
111
109
106
104
101
100
98
94
93
93
93
93
93
94
93
92
89
85
81
77
73
70
65
62
60
60
60
60
60
58
55
51
44
36
27
19
11
3
-3
-8
-13
-20
-29
-38
-45
-51
-57
-61
-62
-61
-59
-57
-55
-54
-53
-53
-55
-54
-54
-53
-50
-49
-47
-47
-43
-40
