-1409
-1408
-1408
-1406
-1404
-1402
-1399
-1396
-1392
-1389
-1388
-1386
-1386
-1385
-1385
-1386
-1386
-1387
-1389
-1392
-1395
-1397
-1398
-1398
-1399
-1400
-1401
-1403
-1405
-1409
-1414
-1420
-1425
-1430
-1434
-1438
-1440
-1442
-1445
-1450
-1452
-1456
-1460
-1463
-1468
-1470
-1470
-1468
-1464
-1461
-1456
-1452
-1448
-1444
-1443
-1441
-1441
-1441
-1441
-1443
-1442
-1441
-1439
-1435
-1432
-1429
-1427
-1427
-1427
-1428
-1430
-1432
-1434
-1435
-1436
-1434
-1432
-1430
-1429
-1429
-1428
-1427
-1423
-1421
-1418
-1412
-1404
-1395
-1386
-1378
-1370
-1364
-1358
-1352
-1346
-1340
-1333
-1326
-1320
-1314
-1310
-1305
-1300
-1298
-1296
-1294
-1293
-1292
-1292
-1293
-1296
-1299
-1302
-1306
-1307
-1307
-1307
-1306
-1307
-1308
-1308
-1306
-1304
-1302
-1299
-1296
-1292
-1288
-1284
-1281
-1277
-1273
-1270
-1267
-1262
-1258
-1254
-1251
-1251
-1250
-1248
-1244
-1241
-1235
-1228
-1222
-1216
-1213
-1211
-1211
-1212
-1213
-1215
-1217
-1216
-1214
-1212
-1212
-1212
-1214
-1214
-1216
-1218
-1220
-1221
-1221
-1219
-1217
-1212
-1208
-1205
-1200
-1197
-1194
-1189
-1185
-1180
-1177
-1173
-1169
-1163
-1155
-1148
-1140
-1133
-1128
-1123
-1121
-1120
-1119
-1118
-1117
-1115
-1109
-1102
-1094
-1086
-1079
-1071
-1064
-1054
-1045
-1034
-1021
-1008
-993
-979
-965
-951
-937
-923
-910
-898
-885
-872
-858
-845
-831
-820
-807
-794
-781
-766
-750
-735
-719
-705
-690
-679
-667
-657
-649
-639
-629
-618
-606
-595
-582
-570
-556
-540
-525
-507
-489
-470
-450
-431
-411
-390
-368
-347
-326
-302
-279
-256
-234
-213
-193
-174
-155
-135
-114
-90
-65
-39
-16
7
27
44
59
71
83
96
110
126
141
158
172
186
198
209
221
234
247
262
276
292
307
324
340
353
368
383
395
409
423
437
449
461
474
487
501
515
530
543
553
562
569
575
579
583
587
593
597
600
603
605
604
603
602
601
602
604
607
608
611
613
615
619
621
624
627
629
632
634
637
638
639
640
639
639
639
640
642
643
644
643
642
639
633
627
620
613
607
601
596
591
588
583
577
573
568
564
559
554
550
545
543
540
537
535
533
531
528
525
521
516
511
504
498
495
493
493
494
495
493
491
487
480
472
464
456
448
439
432
423
416
407
396
385
376
369
362
355
351
346
344
342
339
337
336
335
334
332
330
329
328
326
325
325
325
327
330
332
334
334
334
332
329
327
325
321
317
313
309
305
302
297
290
284
280
276
274
272
269
267
266
263
262
262
262
265
266
269
270
272
272
270
268
266
264
263
261
261
258
256
253
248
243
236
228
220
211
204
198
194
189
183
178
173
169
165
160
155
150
147
144
142
143
143
144
144
144
143
141
139
135
131
128
126
125
125
127
129
131
132
129
125
121
115
110
103
97
91
87
84
80
76
72
68
65
62
62
62
65
69
74
80
87
94
101
108
114
121
128
134
139
144
149
152
156
157
159
162
164
166
167
170
171
172
172
170
167
164
162
160
157
154
151
148
146
143
140
138
136
133
133
134
135
139
141
144
146
147
149
148
146
144
140
138
135
135
136
138
140
140
140
138
136
132
127
123
119
117
115
114
115
116
114
112
109
108
106
106
106
108
112
118
126
134
141
148
153
159
163
167
172
177
182
186
191
196
201
207
210
212
214
215
215
212
210
206
202
197
190
183
176
168
159
149
142
135
130
124
117
112
107
103
100
97
96
94
93
92
90
89
87
86
84
81
79
77
77
78
77
79
80
81
79
76
72
65
59
53
47
43
40
38
33
28
24
21
17
12
8
5
3
2
0
-1
-2
-2
-4
-6
-6
-6
-6
-5
-5
-3
-1
3
8
12
16
19
20
20
17
14
10
6
1
-3
-5
-7
-8
-10
-14
-18
