-349
-336
-329
-339
-337
-328
-304
-317
-306
-294
-281
-266
-258
-259
-254
-245
-238
-251
-248
-245
-236
-221
-211
-204
-184
-153
-134
-134
-122
-110
-93
-67
-46
-16
28
87
123
153
189
220
251
283
311
344
389
449
484
521
557
584
609
630
634
652
678
719
736
763
789
811
830
841
833
837
847
871
859
868
877
888
901
906
903
906
913
917
901
901
903
909
921
927
929
942
963
979
974
966
961
968
981
988
1006
1041
1082
1105
1123
1147
1164
1182
1203
1221
1241
1278
1332
1363
1400
1434
1463
1490
1514
1522
1543
1576
1621
1642
1678
1716
1750
1782
1806
1809
1828
1850
1884
1883
1902
1920
1938
1957
1966
1967
1971
1979
1981
1959
1952
1943
1936
1935
1925
1912
1907
1909
1893
1859
1833
1801
1771
1745
1710
1682
1666
1665
1641
1609
1580
1544
1507
1470
1425
1388
1363
1357
1322
1296
1269
1234
1197
1156
1100
1055
1018
993
947
914
883
851
819
781
724
682
647
621
567
533
503
475
452
423
388
361
341
319
276
252
228
211
201
187
172
169
175
165
137
119
96
74
60
39
18
8
15
0
-26
-51
-74
-108
-144
-183
-213
-234
-233
-265
-284
-302
-325
-354
-383
-426
-460
-484
-496
-527
-541
-555
-565
-578
-595
-633
-653
-668
-673
-706
-720
-728
-734
-737
-746
-762
-769
-771
-779
-810
-826
-843
-855
-861
-872
-883
-883
-872
-880
-904
-918
-936
-949
-958
-974
-982
-976
