81
81
92
124
125
137
148
154
157
156
141
136
140
160
158
171
185
197
209
216
205
208
219
239
232
245
263
287
315
339
356
382
415
444
451
476
503
536
577
615
653
703
764
808
836
872
904
938
976
1004
1039
1084
1142
1176
1198
1218
1226
1229
1227
1213
1206
1208
1228
1213
1210
1206
1197
1187
1171
1140
1118
1104
1104
1083
1079
1080
1084
1089
1101
1093
1087
1094
1115
1111
1125
1143
1169
1189
1207
1218
1236
1258
1274
1267
1278
1281
1291
1306
1317
1324
1341
1367
1374
1366
1365
1359
1359
1360
1349
1348
1357
1378
1379
1369
1359
1344
1324
1301
1266
1242
1230
1238
1209
1192
1174
1150
1123
1090
1044
1006
976
960
918
896
876
854
833
807
764
734
710
691
651
628
607
592
583
570
550
539
535
523
489
471
454
442
439
432
427
434
453
453
440
433
419
408
401
387
382
388
407
410
403
398
385
370
352
319
300
293
307
287
282
277
268
258
243
217
198
187
190
163
159
157
155
156
151
132
124
121
120
102
100
92
86
89
88
77
74
85
79
47
35
21
10
5
-5
-14
-12
1
-9
-28
-41
-62
-81
-98
-119
-130
-131
-115
-116
-125
-132
-142
-154
-164
-190
-199
-193
-165
-170
-161
-152
-145
-141
-143
-158
-165
-165
-150
-169
