14
26
45
58
79
113
161
186
202
223
239
255
274
289
310
344
394
424
458
492
519
545
568
575
596
626
673
696
731
767
800
831
855
860
875
895
927
920
935
949
963
979
987
987
992
1000
1003
985
981
974
983
990
982
972
980
996
995
981
981
968
965
972
975
985
1012
1057
1083
1100
1127
1147
1173
1200
1221
1248
1287
1344
1375
1412
1453
1484
1511
1538
1549
1572
1604
1648
1670
1703
1734
1762
1786
1803
1799
1807
1820
1844
1834
1847
1861
1876
1893
1903
1903
1908
1916
1919
1900
1896
1891
1891
1897
1897
1892
1897
1908
1903
1878
1861
1840
1820
1804
1779
1761
1755
1764
1749
1725
1703
1673
1639
1604
1561
1524
1498
1490
1452
1425
1399
1368
1335
1297
1244
1203
1169
1150
1111
1086
1063
1040
1019
993
949
919
896
883
839
817
796
778
763
741
712
688
670
647
601
571
540
513
493
468
442
426
424
406
366
332
298
269
243
207
187
172
171
154
130
108
81
54
29
-3
-26
-41
-30
-54
-68
-81
-102
-123
-147
-188
-215
-238
-247
-281
-298
-315
-334
-353
-378
-421
-450
-474
-492
-537
-563
-586
-604
-615
-631
-655
-669
-677
-690
-725
-743
-758
-768
-770
-776
-780
-772
-753
-751
-764
-768
-776
-782
-782
-792
-794
