-785
-776
-779
-771
-777
-782
-794
-813
-821
-818
-796
-809
-809
-812
-827
-842
-867
-910
-951
-995
-1030
-1099
-1153
-1211
-1274
-1336
-1410
-1498
-1571
-1637
-1697
-1775
-1833
-1883
-1921
-1949
-1974
-1996
-2002
-1994
-1986
-1990
-1969
-1937
-1887
-1818
-1740
-1648
-1531
-1391
-1261
-1134
-992
-846
-687
-513
-335
-135
89
337
580
825
1082
1340
1603
1870
2126
2400
2686
2995
3270
3559
3848
4134
4418
4695
4959
5232
5512
5806
6068
6352
6637
6922
7211
7495
7764
8041
8318
8589
8827
9062
9274
9460
9616
9727
9791
9824
9824
9776
9669
9540
9375
9183
8968
8719
8449
8172
7894
7583
7254
6927
6591
6256
5926
5594
5275
4976
4697
4408
4130
3858
3571
3291
3019
2732
2462
2207
1980
1715
1474
1242
1012
785
560
328
114
-91
-269
-477
-652
-821
-986
-1142
-1297
-1460
-1610
-1750
-1880
-2026
-2152
-2267
-2370
-2461
-2551
-2640
-2713
-2769
-2832
-2911
-2971
-3028
-3074
-3108
-3141
-3165
-3170
-3155
-3158
-3165
-3162
-3160
-3152
-3137
-3124
-3101
-3063
-3008
-2969
-2933
-2894
-2861
-2829
-2799
-2787
-2760
-2724
-2670
-2646
-2611
-2577
-2548
-2523
-2506
-2506
-2498
-2485
-2458
-2469
-2457
