-1000
-990
-980
-968
-956
-948
-954
-950
-940
-930
-941
-941
-940
-936
-930
-932
-947
-956
-964
-986
-1039
-1084
-1138
-1193
-1249
-1313
-1379
-1432
-1473
-1533
-1604
-1664
-1726
-1779
-1821
-1863
-1890
-1897
-1882
-1874
-1863
-1840
-1811
-1771
-1718
-1667
-1588
-1486
-1350
-1238
-1102
-957
-807
-650
-489
-329
-151
47
271
474
709
955
1209
1473
1736
1991
2258
2535
2813
3074
3350
3628
3911
4200
4485
4765
5053
5347
5630
5889
6160
6429
6701
6980
7254
7530
7818
8116
8384
8630
8865
9073
9254
9406
9514
9591
9640
9661
9628
9553
9444
9293
9108
8891
8628
8362
8088
7801
7477
7163
6843
6516
6187
5857
5508
5179
4864
4571
4248
3959
3679
3409
3142
2878
2606
2348
2099
1851
1589
1348
1114
888
676
468
260
67
-109
-288
-483
-660
-833
-998
-1149
-1305
-1452
-1582
-1692
-1820
-1951
-2069
-2187
-2296
-2394
-2490
-2572
-2634
-2676
-2730
-2781
-2824
-2869
-2909
-2945
-2991
-3014
-3021
-3002
-3005
-2991
-2970
-2950
-2927
-2907
-2899
-2879
-2850
-2804
-2793
-2757
-2720
-2682
-2642
-2608
-2586
-2559
-2528
-2501
-2494
-2475
-2455
-2433
-2407
-2387
-2372
-2348
-2317
-2300
-2306
-2301
-2299
