-143
-145
-148
-156
-177
-186
-186
-170
-192
-189
-186
-183
-178
-180
-194
-202
-207
-216
-246
-266
-290
-315
-342
-384
-429
-476
-516
-584
-665
-735
-809
-870
-929
-991
-1049
-1085
-1103
-1139
-1177
-1201
-1223
-1235
-1240
-1238
-1215
-1170
-1096
-1030
-953
-862
-767
-662
-549
-441
-309
-154
31
203
399
608
828
1058
1293
1521
1770
2034
2319
2572
2854
3137
3424
3713
3997
4270
4547
4829
5108
5368
5642
5918
6197
6481
6759
7031
7312
7600
7875
8129
8392
8649
8906
9161
9398
9623
9837
10032
10165
10251
10301
10304
10270
10200
10089
9948
9787
9610
9382
9130
8855
8555
8238
7908
7554
7209
6872
6551
6208
5881
5561
5245
4933
4622
4302
4000
3712
3443
3143
2872
2605
2344
2092
1839
1585
1343
1114
891
656
445
243
54
-122
-297
-470
-626
-769
-921
-1087
-1239
-1382
-1516
-1652
-1782
-1893
-1985
-2056
-2146
-2235
-2322
-2404
-2478
-2545
-2614
-2670
-2708
-2721
-2758
-2778
-2792
-2806
-2817
-2827
-2847
-2847
-2831
-2794
-2774
-2736
-2694
-2654
-2609
-2569
-2548
-2513
-2471
-2418
-2397
-2356
-2315
-2274
-2233
-2199
-2175
-2149
-2120
-2098
-2101
-2090
-2081
-2070
-2053
