-2295
-2284
-2280
-2270
-2249
-2213
-2202
-2199
-2191
-2190
-2189
-2187
-2188
-2184
-2167
-2136
-2126
-2116
-2106
-2104
-2103
-2104
-2123
-2127
-2122
-2099
-2102
-2096
-2086
-2073
-2075
-2082
-2102
-2108
-2109
-2096
-2111
-2108
-2109
-2101
-2089
-2085
-2090
-2088
-2081
-2076
-2090
-2088
-2083
-2073
-2059
-2051
-2048
-2033
-2010
-2001
-2010
-2011
-2017
-2020
-2015
-2018
-2015
-2002
-1975
-1971
-1977
-1980
-1989
-1998
-2006
-2019
-2027
-2022
-2000
-2000
-1996
-1992
-1995
-1998
-2004
-2025
-2032
-2027
-2005
-2005
-1993
-1977
-1964
-1952
-1946
-1958
-1956
-1947
-1924
-1935
-1924
-1913
-1901
-1887
-1879
-1881
-1877
-1870
-1867
-1886
-1890
-1894
-1893
-1886
-1885
-1886
-1877
-1859
-1855
-1870
-1875
-1884
-1890
-1890
-1897
-1897
-1882
-1851
-1843
-1841
-1835
-1835
-1835
-1834
-1839
-1837
-1824
-1792
-1787
-1775
-1765
-1761
-1760
-1763
-1783
-1791
-1790
-1775
-1782
-1777
-1771
-1768
-1765
-1767
-1789
-1799
-1790
-1780
-1795
-1798
-1791
-1782
-1774
-1763
-1766
-1764
-1758
-1749
-1763
-1760
-1756
-1746
-1728
-1716
-1711
-1693
-1665
-1656
-1664
-1665
-1670
-1671
-1667
-1669
-1663
-1646
-1616
-1608
-1608
-1605
-1609
-1614
-1616
-1624
-1623
-1610
-1577
-1573
-1557
-1539
-1528
-1520
-1514
-1520
-1514
-1499
-1467
-1456
-1430
-1400
-1372
-1343
-1319
-1314
-1295
-1270
-1236
-1231
-1206
-1180
-1152
-1120
-1096
-1079
-1057
-1029
-1008
-1009
-994
-980
-960
-933
-911
-890
-858
-815
-788
-777
-755
-736
-713
-685
-665
-636
-593
-535
-496
-465
-429
-400
-371
-341
-320
-290
-249
-186
-157
-116
-75
-39
-6
23
40
66
101
150
175
216
257
295
334
366
377
401
431
466
475
501
530
561
598
630
638
660
692
717
720
740
761
780
811
837
863
898
944
970
983
998
1010
1026
1046
1055
1071
1097
1139
1162
1174
1188
1196
1201
1201
1192
1194
1207
1240
1239
1251
1265
1272
1277
1277
1264
1260
1263
1280
1271
1281
1292
1304
1317
1326
1317
1321
1331
1345
1337
1344
1352
1364
1379
1387
1387
1394
1407
1411
1391
1385
1377
1372
1371
1362
1353
1356
1369
1361
1340
1326
1307
1291
1280
1261
1251
1252
1267
1266
1257
1251
1240
1228
1217
1194
1185
1189
1215
1206
1211
1216
1217
1215
1208
1188
1175
1169
1177
1156
1154
1153
1151
1150
1143
1119
1106
1098
1091
1064
1051
1041
1036
1037
1034
1023
1020
1023
1018
1000
984
965
958
960
953
949
964
987
983
973
970
960
952
947
936
931
938
957
962
960
956
945
930
915
884
866
864
883
866
866
869
867
865
857
837
829
827
840
822
826
832
839
848
853
844
846
853
860
848
849
851
856
865
869
865
870
881
880
857
848
836
828
825
817
811
816
834
830
814
805
791
779
771
758
753
761
783
790
791
796
794
791
789
771
770
781
813
815
831
847
860
871
875
865
864
869
888
870
877
884
890
898
899
886
881
880
878
856
849
843
841
845
845
840
847
861
864
845
839
832
829
829
838
837
853
873
879
875
873
874
870
866
856
859
873
899
908
913
923
923
921
917
900
896
903
927
924
933
942
947
951
947
927
920
921
936
915
916
921
928
936
939
930
930
935
939
924
925
927
933
945
950
950
960
978
982
965
958
949
943
943
936
934
943
965
961
948
939
925
910
898
880
869
871
889
887
885
885
877
869
858
832
823
825
846
843
853
865
873
881
881
863
857
858
873
852
853
855
858
863
861
850
843
840
833
805
793
782
775
774
768
758
758
768
767
746
736
723
714
711
702
700
711
738
740
736
735
733
716
706
694
687
691
712
707
702
700
690
679
663
632
615
608
613
597
595
594
590
584
571
542
528
520
528
502
500
496
497
501
500
490
488
491
492
470
465
460
459
465
465
460
466
480
480
460
451
438
427
423
411
407
414
435
431
419
409
393
375
358
335
318
315
330
319
318
316
307
297
283
255
239
233
242
230
231
234
235
236
232
207
197
192
199
173
169
166
164
166
162
151
145
144
138
109
95
81
72
69
62
51
52
62
57
35
23
8
-4
-11
-25
-32
-26
-5
-5
-11
-14
-21
-28
-34
-48
-54
-38
-15
-29
-24
-19
-25
-32
-40
-63
