-2044
-2040
-2027
-2006
-2000
-2012
-2014
-2020
-2024
-2022
-2028
-2025
-2009
-1977
-1968
-1966
-1959
-1957
-1954
-1951
-1953
-1949
-1934
-1900
-1895
-1881
-1869
-1864
-1862
-1865
-1884
-1891
-1889
-1874
-1882
-1879
-1876
-1876
-1877
-1884
-1911
-1923
-1928
-1922
-1946
-1948
-1946
-1942
-1934
-1932
-1937
-1937
-1931
-1929
-1949
-1952
-1954
-1950
-1939
-1931
-1925
-1908
-1881
-1872
-1880
-1881
-1885
-1887
-1885
-1892
-1892
-1876
-1840
-1839
-1848
-1849
-1857
-1869
-1882
-1896
-1907
-1911
-1888
-1896
-1893
-1889
-1888
-1887
-1891
-1909
-1918
-1915
-1897
-1902
-1890
-1877
-1863
-1848
-1839
-1845
-1840
-1830
-1813
-1822
-1814
-1803
-1791
-1777
-1767
-1766
-1759
-1749
-1745
-1765
-1770
-1777
-1780
-1778
-1781
-1786
-1779
-1763
-1764
-1780
-1788
-1799
-1805
-1806
-1815
-1815
-1801
-1771
-1761
-1759
-1752
-1751
-1750
-1749
-1758
-1756
-1744
-1710
-1712
-1701
-1690
-1685
-1682
-1686
-1702
-1711
-1711
-1698
-1708
-1701
-1693
-1687
-1680
-1680
-1698
-1703
-1702
-1696
-1715
-1716
-1714
-1708
-1696
-1690
-1692
-1686
-1675
-1669
-1687
-1689
-1691
-1689
-1678
-1672
-1664
-1644
-1612
-1599
-1601
-1595
-1594
-1591
-1584
-1585
-1579
-1561
-1531
-1518
-1514
-1508
-1513
-1509
-1517
-1531
-1543
-1534
-1503
-1511
-1495
-1485
-1481
-1480
-1477
-1487
-1489
-1483
-1461
-1463
-1445
-1427
-1406
-1379
-1359
-1354
-1338
-1314
-1284
-1276
-1252
-1225
-1195
-1162
-1134
-1114
-1086
-1054
-1031
-1028
-1011
-995
-974
-948
-927
-905
-870
-824
-798
-784
-763
-747
-728
-705
-688
-662
-625
-575
-540
-512
-481
-456
-432
-408
-396
-369
-330
-268
-240
-197
-155
-118
-84
-55
-39
-15
15
59
72
107
142
176
212
241
253
275
302
329
338
361
386
415
449
478
501
533
571
600
607
628
647
670
700
725
753
792
845
875
892
914
930
945
963
973
991
1020
1060
1085
1102
1120
1130
1138
1144
1134
1139
1154
1190
1195
1217
1221
1229
1239
1243
1234
1235
1244
1261
1248
1260
1274
1287
1304
1315
1315
1318
1330
1344
1339
1347
1354
1363
1379
1388
1390
1402
1421
1428
1408
1403
1397
1394
1395
1391
1388
1399
1420
1416
1401
1391
1374
1358
1346
1328
1318
1320
1335
1334
1328
1326
1317
1306
1295
1268
1258
1260
1283
1276
1283
1291
1294
1295
1288
1268
1256
1251
1260
1233
1230
1228
1226
1226
1218
1198
1185
1174
1161
1129
1112
1096
1084
1078
1068
1053
1050
1056
1051
1025
1013
998
988
986
979
979
992
1019
1024
1020
1021
1017
1013
1011
1003
1002
1012
1036
1042
1045
1049
1045
1039
1031
1005
995
995
1013
1004
1007
1012
1013
1010
1002
987
971
959
971
947
944
943
949
955
949
940
939
943
946
931
933
935
942
955
963
968
979
999
1004
990
985
975
972
973
963
959
970
994
992
982
975
964
951
939
923
911
912
929
927
927
928
923
917
909
884
876
879
900
899
910
923
934
944
948
934
933
938
957
939
944
949
954
962
964
956
953
954
951
926
917
908
903
904
901
894
898
911
911
894
888
879
873
873
865
865
876
904
908
905
906
902
898
896
888
886
896
924
926
935
943
944
942
937
915
906
905
919
911
913
917
917
915
907
881
867
861
868
839
848
846
849
846
847
840
835
843
844
820
813
813
816
826
831
832
846
866
869
853
851
842
836
832
822
819
828
851
850
839
830
815
798
783
761
744
741
757
743
740
737
730
722
710
685
673
670
683
675
681
690
697
705
706
689
685
687
700
681
683
686
691
698
697
689
686
688
684
658
647
635
627
626
619
610
611
621
614
589
574
557
543
535
518
511
518
539
540
534
532
525
518
512
499
495
502
530
525
531
537
536
533
524
501
487
481
488
472
469
467
461
454
440
406
387
373
368
337
324
313
307
306
298
284
278
281
265
233
221
209
203
207
205
199
209
229
232
218
211
200
193
187
172
169
175
195
194
182
174
158
139
120
90
72
62
76
56
50
43
33
21
7
-22
-43
-56
-54
-75
-78
-77
-77
-74
-76
-95
-99
-97
-90
-107
-108
-107
-102
-94
-93
-101
-101
