-2446
-2435
-2422
-2417
-2423
-2423
-2418
-2416
-2431
-2433
-2432
-2427
-2416
-2409
-2407
-2394
-2372
-2363
-2375
-2375
-2378
-2376
-2367
-2363
-2354
-2333
-2298
-2288
-2288
-2284
-2286
-2288
-2289
-2294
-2294
-2282
-2255
-2245
-2237
-2231
-2232
-2236
-2244
-2266
-2268
-2267
-2249
-2252
-2240
-2228
-2219
-2203
-2201
-2220
-2220
-2214
-2195
-2213
-2205
-2196
-2185
-2172
-2166
-2166
-2161
-2155
-2152
-2171
-2174
-2176
-2176
-2166
-2165
-2171
-2167
-2152
-2151
-2168
-2175
-2186
-2192
-2193
-2202
-2206
-2198
-2174
-2174
-2183
-2186
-2195
-2204
-2210
-2221
-2226
-2218
-2193
-2190
-2183
-2174
-2173
-2173
-2177
-2196
-2202
-2197
-2176
-2179
-2170
-2159
-2150
-2144
-2144
-2162
-2168
-2168
-2154
-2175
-2171
-2165
-2159
-2150
-2148
-2153
-2153
-2148
-2145
-2161
-2161
-2160
-2153
-2139
-2129
-2122
-2105
-2078
-2065
-2071
-2066
-2064
-2061
-2052
-2050
-2042
-2021
-1985
-1973
-1970
-1965
-1966
-1970
-1973
-1981
-1984
-1975
-1949
-1950
-1943
-1935
-1934
-1935
-1940
-1961
-1970
-1969
-1954
-1958
-1953
-1935
-1925
-1911
-1914
-1926
-1924
-1919
-1893
-1907
-1896
-1887
-1868
-1848
-1834
-1827
-1815
-1797
-1784
-1800
-1797
-1795
-1791
-1781
-1778
-1777
-1762
-1738
-1729
-1739
-1738
-1744
-1744
-1740
-1743
-1739
-1722
-1688
-1675
-1670
-1660
-1655
-1650
-1643
-1643
-1636
-1617
-1578
-1569
-1549
-1528
-1511
-1495
-1484
-1488
-1480
-1462
-1431
-1420
-1397
-1371
-1348
-1325
-1308
-1311
-1300
-1284
-1258
-1263
-1248
-1229
-1207
-1181
-1160
-1147
-1126
-1100
-1078
-1077
-1059
-1039
-1013
-977
-944
-911
-865
-809
-768
-744
-710
-678
-644
-605
-574
-536
-485
-419
-375
-339
-301
-271
-243
-218
-202
-178
-143
-87
-65
-30
4
33
60
83
92
109
134
174
191
225
261
297
335
367
380
406
445
492
495
523
559
597
638
672
701
727
763
793
799
819
837
858
885
900
917
944
982
1000
1000
1006
1008
1011
1019
1018
1028
1048
1079
1094
1101
1111
1115
1118
1121
1117
1123
1140
1179
1182
1200
1217
1228
1238
1242
1233
1230
1235
1252
1244
1252
1261
1267
1272
1270
1247
1237
1232
1231
1207
1198
1192
1190
1194
1194
1187
1188
1193
1191
1165
1154
1143
1136
1137
1133
1131
1141
1162
1165
1153
1149
1140
1132
1127
1114
1109
1115
1133
1135
1127
1124
1113
1101
1088
1062
1048
1045
1064
1048
1047
1044
1036
1026
1010
983
965
954
956
930
925
922
919
918
912
888
876
870
868
846
839
833
833
844
837
823
824
830
825
795
787
772
756
753
744
734
736
750
744
724
710
690
675
664
644
635
638
656
659
654
656
649
640
630
611
606
614
644
640
654
668
675
680
678
663
656
655
667
647
649
650
650
651
644
623
612
607
602
579
571
566
565
571
573
569
577
592
596
578
573
565
561
563
559
559
572
599
604
598
597
590
585
582
573
571
580
603
609
608
609
601
592
582
554
542
539
556
540
538
536
530
522
509
482
465
457
465
439
437
437
439
443
443
432
431
435
441
429
433
440
451
468
480
486
502
520
540
525
526
513
512
517
511
517
528
550
546
537
531
519
507
497
483
475
477
495
501
500
503
496
491
484
461
455
461
487
485
498
513
526
536
538
527
524
528
547
528
535
542
550
559
562
554
552
553
551
531
525
520
520
525
526
522
529
544
549
533
528
520
516
518
514
516
532
562
569
568
573
571
569
568
563
562
572
597
602
607
611
607
600
589
562
549
546
559
545
543
542
537
532
521
493
477
468
475
447
444
442
442
444
441
427
420
417
411
385
376
368
364
367
364
356
359
368
365
341
329
313
300
291
278
275
268
283
279
266
257
242
228
210
191
179
180
195
190
190
192
183
175
166
140
128
126
140
133
138
143
148
153
154
133
128
131
148
128
134
141
152
164
169
165
166
171
171
149
142
134
130
131
127
118
119
129
123
98
84
66
50
