12
8
7
10
12
13
8
13
13
12
8
5
5
8
10
11
11
16
18
21
20
19
18
18
17
13
10
14
16
18
18
18
18
17
13
3
-2
-4
-5
-5
-4
-1
3
6
8
3
3
2
3
2
3
5
12
15
17
12
11
8
5
0
-5
-7
-4
-2
-1
-4
2
3
4
2
0
-1
-1
-2
-5
-9
-7
-7
-8
-11
-15
-18
-20
-24
-30
-37
-37
-34
-32
-36
-39
-40
-44
-52
-63
-72
-79
-87
-95
-104
-113
-123
-132
-147
-169
-187
-207
-226
-246
-266
-285
-301
-318
-339
-365
-385
-409
-432
-456
-479
-499
-513
-529
-545
-566
-578
-592
-607
-623
-638
-650
-659
-668
-678
-689
-693
-700
-707
-716
-727
-736
-745
-757
-771
-783
-789
-795
-800
-807
-814
-818
-824
-833
-847
-856
-861
-865
-866
-865
-862
-856
-849
-844
-845
-838
-831
-822
-813
-802
-789
-773
-757
-743
-735
-722
-712
-701
-692
-683
-670
-652
-637
-622
-612
-595
-581
-568
-558
-549
-538
-525
-513
-502
-492
-475
-460
-444
-431
-417
-402
-387
-374
-365
-353
-335
-317
-299
-282
-266
-250
-233
-217
-209
-198
-184
-169
-156
-141
-123
-105
-89
-74
-68
-55
-46
-35
-25
-13
-2
12
26
36
40
48
51
56
56
59
65
76
82
88
90
97
101
104
104
105
107
111
115
118
121
130
137
144
148
152
156
161
164
163
164
168
173
177
181
184
188
190
188
