-33
-29
-25
-20
-16
-15
-20
-21
-19
-18
-15
-13
-10
-6
-2
-1
-6
-7
-8
-7
-9
-9
-8
-3
-2
-3
-12
-15
-22
-29
-38
-46
-51
-50
-50
-50
-56
-51
-51
-49
-50
-50
-47
-42
-37
-33
-31
-23
-17
-12
-15
-17
-15
-14
-18
-26
-31
-31
-33
-31
-32
-35
-38
-41
-48
-60
-69
-73
-77
-81
-86
-89
-91
-94
-101
-116
-127
-140
-155
-169
-182
-196
-206
-219
-234
-255
-273
-295
-317
-342
-365
-388
-406
-426
-447
-472
-489
-510
-530
-551
-573
-592
-608
-623
-640
-656
-667
-679
-691
-706
-720
-733
-745
-759
-775
-789
-797
-805
-812
-819
-826
-831
-837
-845
-857
-864
-869
-871
-872
-872
-869
-864
-858
-854
-856
-852
-849
-844
-840
-833
-825
-812
-800
-790
-785
-776
-770
-762
-756
-749
-739
-722
-707
-692
-681
-663
-648
-633
-621
-609
-596
-580
-565
-553
-540
-522
-506
-491
-478
-466
-452
-439
-426
-418
-407
-389
-369
-350
-332
-313
-293
-278
-263
-252
-240
-226
-210
-194
-177
-159
-139
-121
-104
-97
-83
-72
-60
-48
-36
-22
-5
9
22
29
41
47
54
57
60
64
72
78
81
81
87
89
90
89
89
92
96
100
102
104
112
118
124
128
130
134
139
141
140
141
148
154
160
165
171
178
184
