-90
-88
-88
-96
-96
-99
-101
-102
-103
-101
-94
-89
-86
-88
-85
-85
-86
-89
-93
-94
-91
-90
-89
-94
-91
-91
-93
-97
-101
-105
-107
-109
-114
-119
-118
-119
-121
-125
-129
-133
-137
-142
-151
-158
-159
-160
-160
-161
-161
-159
-158
-160
-166
-169
-169
-168
-166
-162
-157
-149
-142
-138
-142
-139
-138
-137
-137
-136
-132
-126
-120
-117
-118
-115
-116
-117
-121
-124
-128
-126
-123
-123
-130
-131
-135
-142
-153
-162
-172
-182
-193
-206
-219
-226
-237
-247
-261
-276
-292
-307
-325
-346
-365
-379
-393
-407
-422
-437
-448
-462
-480
-501
-518
-533
-545
-557
-565
-571
-572
-574
-577
-587
-589
-593
-595
-597
-598
-595
-589
-583
-577
-577
-570
-566
-563
-562
-560
-557
-549
-543
-539
-538
-531
-526
-523
-522
-521
-519
-516
-514
-514
-514
-507
-503
-498
-495
-494
-492
-490
-491
-496
-498
-497
-495
-492
-490
-488
-482
-479
-477
-481
-481
-478
-474
-468
-461
-452
-440
-430
-422
-422
-416
-412
-408
-404
-399
-391
-378
-366
-354
-347
-333
-324
-314
-307
-299
-288
-274
-260
-247
-235
-219
-206
-191
-178
-167
-156
-142
-129
-121
-111
-93
-79
-65
-53
-43
-33
-25
-20
-20
-17
-13
-9
-4
-1
4
8
11
11
4
1
1
3
3
4
8
16
22
25
20
23
24
27
29
32
38
47
56
65
66
76
