324
330
343
356
373
395
423
456
492
530
564
609
654
704
757
813
873
939
1006
1074
1135
1203
1265
1327
1383
1438
1493
1547
1595
1637
1672
1708
1736
1758
1770
1776
1777
1774
1764
1744
1718
1690
1653
1608
1551
1484
1408
1320
1220
1106
987
863
731
592
443
285
120
-55
-242
-442
-647
-858
-1076
-1299
-1528
-1761
-1994
-2233
-2476
-2730
-2977
-3229
-3481
-3736
-3990
-4243
-4492
-4739
-4985
-5235
-5475
-5717
-5956
-6194
-6428
-6656
-6877
-7095
-7308
-7515
-7709
-7894
-8066
-8226
-8369
-8493
-8597
-8684
-8755
-8808
-8837
-8851
-8848
-8831
-8799
-8751
-8689
-8615
-8532
-8430
-8310
-8175
-8026
-7864
-7690
-7506
-7316
-7124
-6933
-6737
-6541
-6341
-6136
-5932
-5729
-5522
-5316
-5114
-4921
-4719
-4522
-4327
-4136
-3946
-3757
-3566
-3379
-3192
-3015
-2830
-2654
-2479
-2307
-2138
-1969
-1800
-1635
-1476
-1325
-1173
-1027
-889
-760
-638
-520
-406
-300
-204
-111
-18
69
152
230
303
374
441
502
555
610
666
720
771
819
865
910
951
986
1014
1043
1071
1099
1125
1151
1177
1206
1230
1250
1262
1278
1290
1301
1311
1320
1330
1344
1356
1367
1370
1383
1389
