145
150
158
170
188
207
227
244
272
299
328
359
393
432
477
525
575
626
686
745
806
865
924
985
1043
1103
1157
1215
1274
1328
1381
1426
1468
1507
1541
1565
1578
1589
1596
1596
1589
1576
1557
1530
1493
1445
1380
1310
1228
1136
1032
919
798
672
536
388
225
58
-120
-306
-501
-705
-914
-1126
-1345
-1572
-1811
-2046
-2289
-2534
-2784
-3036
-3287
-3537
-3787
-4040
-4293
-4542
-4793
-5043
-5295
-5546
-5795
-6040
-6284
-6527
-6764
-6992
-7218
-7438
-7654
-7863
-8061
-8249
-8427
-8593
-8738
-8860
-8963
-9047
-9112
-9159
-9188
-9200
-9198
-9185
-9151
-9101
-9035
-8956
-8860
-8748
-8616
-8470
-8312
-8148
-7970
-7786
-7596
-7402
-7205
-7004
-6797
-6592
-6388
-6190
-5984
-5783
-5582
-5383
-5186
-4989
-4792
-4598
-4407
-4220
-4028
-3839
-3652
-3469
-3287
-3105
-2922
-2742
-2566
-2389
-2209
-2032
-1860
-1695
-1529
-1370
-1221
-1080
-951
-824
-703
-585
-474
-370
-271
-176
-88
-7
62
134
200
265
324
381
438
496
548
595
633
673
708
741
773
802
831
866
897
925
947
975
998
1020
1038
1055
1072
1090
1106
1120
1131
1148
1161
1173
1182
1190
