316
325
338
349
365
385
413
442
474
507
549
594
639
686
735
787
844
901
957
1015
1079
1142
1205
1265
1323
1380
1434
1483
1524
1564
1604
1640
1672
1698
1719
1736
1746
1745
1733
1716
1693
1664
1627
1581
1527
1465
1391
1303
1196
1085
963
832
691
542
386
225
53
-129
-326
-524
-734
-951
-1178
-1412
-1651
-1890
-2134
-2382
-2633
-2880
-3130
-3381
-3635
-3890
-4143
-4393
-4644
-4896
-5147
-5389
-5630
-5869
-6107
-6342
-6573
-6801
-7027
-7253
-7469
-7673
-7867
-8048
-8215
-8365
-8496
-8611
-8710
-8796
-8861
-8908
-8936
-8946
-8939
-8914
-8868
-8813
-8746
-8668
-8572
-8468
-8348
-8214
-8066
-7906
-7729
-7546
-7359
-7174
-6977
-6785
-6591
-6401
-6211
-6020
-5826
-5632
-5439
-5246
-5048
-4854
-4662
-4474
-4290
-4108
-3925
-3743
-3566
-3390
-3208
-3028
-2850
-2674
-2501
-2328
-2158
-1995
-1840
-1685
-1531
-1382
-1237
-1097
-963
-834
-712
-599
-497
-398
-304
-214
-128
-46
34
114
187
254
311
370
423
473
518
563
606
652
693
731
760
796
825
852
876
898
920
943
963
981
996
1016
1031
1046
1056
1064
1073
1082
1088
1091
1096
1105
1114
1122
