1197
1206
1212
1215
1220
1230
1241
1252
1262
1272
1284
1294
1302
1303
1308
1315
1323
1331
1339
1348
1359
1368
1374
1372
1376
1377
1381
1383
1387
1393
1402
1409
1414
1414
1418
1420
1421
1420
1420
1422
1429
1434
1437
1436
1442
1444
1446
1445
1444
1443
1445
1445
1445
1443
1449
1452
1456
1457
1458
1459
1461
1460
1456
1455
1458
1461
1465
1467
1470
1474
1477
1476
1466
1465
1467
1467
1468
1470
1473
1476
1478
1480
1471
1468
1464
1460
1455
1451
1450
1452
1452
1450
1440
1437
1431
1426
1418
1412
1409
1409
1408
1408
1403
1404
1402
1400
1396
1392
1389
1389
1389
1388
1387
1394
1398
1401
1403
1402
1403
1403
1401
1396
1393
1394
1396
1397
1398
1398
1400
1400
1397
1388
1382
1379
1376
1375
1375
1376
1381
1385
1386
1380
1381
1378
1377
1376
1376
1378
1384
1390
1393
1392
1396
1396
1396
1393
1391
1390
1395
1396
1397
1394
1398
1398
1399
1396
1393
1391
1390
1388
1384
1380
1382
1381
1380
1376
1371
1368
1365
1360
1351
1346
1346
1347
1348
1349
1351
1355
1357
1356
1350
1346
1344
1344
1345
1342
1345
1349
1354
1352
1342
1340
1331
1325
1318
1313
1307
1305
1302
1297
1286
1280
1270
1261
1248
1234
1225
1219
1213
1207
1198
1195
1191
1185
1178
1171
1165
1161
1155
1147
1140
1138
1135
1132
1126
1121
1116
1110
1101
1087
1076
1069
1062
1055
1047
1039
1033
1024
1012
994
978
964
950
936
923
911
903
892
880
860
847
832
818
803
790
780
773
765
755
740
732
719
707
692
678
666
658
648
637
624
616
606
596
584
571
559
549
538
524
512
506
499
492
483
474
466
457
446
431
420
413
406
400
393
387
382
375
365
351
340
331
324
318
313
310
311
309
305
293
286
276
271
264
255
249
247
244
240
232
231
225
220
213
206
201
200
200
199
195
198
198
200
199
196
195
197
196
193
191
197
200
202
204
205
207
208
206
199
196
197
199
201
204
207
211
215
215
211
209
208
208
208
209
212
218
222
223
217
218
216
215
213
212
214
219
224
229
229
237
241
245
245
247
250
256
260
263
265
271
275
277
275
273
271
270
268
262
257
258
258
257
255
252
250
247
242
232
227
225
225
225
227
229
232
235
234
228
226
224
223
221
221
223
229
232
233
227
225
220
215
208
203
199
197
198
200
191
191
187
182
172
163
157
151
145
138
130
128
124
120
114
106
100
94
87
77
70
68
65
63
58
53
51
48
41
29
22
17
15
12
10
9
10
11
8
-1
-6
-11
-16
-21
-26
-28
-27
-30
-34
-44
-51
-59
-68
-79
-88
-95
-97
-99
-102
-111
-110
-113
-115
-120
-124
-127
-126
-126
-127
-129
-125
-124
-124
-126
-130
-134
-136
-141
-148
-154
-154
-154
-154
-155
-157
-157
-159
-164
-174
-180
-183
-185
-186
-186
-185
-182
-181
-182
-190
-193
-196
-197
-199
-199
-197
-190
-186
-184
-188
-188
-190
-192
-195
-197
-197
-192
-189
-187
-191
-185
-188
-187
-190
-190
-193
-194
-194
-198
-202
-197
-195
-195
-196
-198
-199
-199
-202
-207
-209
-205
-202
-197
-193
-188
-181
-177
-174
-177
-177
-173
-169
-165
-161
-157
-151
-146
-145
-152
-151
-153
-153
-154
-155
-153
-148
-144
-142
-147
-147
-149
-151
-155
-157
-156
-150
-145
-140
-140
-133
-128
-124
-122
-120
-118
-113
-109
-107
-106
-97
-91
-86
-83
-82
-80
-78
-79
-83
-85
-82
-79
-75
-72
-68
-63
-60
-59
-64
-66
-65
-64
-61
-58
-53
-47
-42
-39
-45
-43
-44
-43
-43
-41
-37
-29
-23
-18
-19
-14
-13
-11
-12
-13
-11
-5
-2
0
-2
3
4
4
2
1
1
2
4
3
6
13
17
21
23
24
27
31
31
28
28
32
36
40
42
46
51
54
54
48
46
47
47
49
51
54
60
63
66
59
59
57
56
54
54
56
61
66
69
66
69
67
66
63
60
59
63
65
67
66
71
73
75
75
75
76
80
83
