1396
1400
1404
1409
1416
1423
1428
1433
1443
1451
1459
1465
1471
1477
1485
1491
1495
1500
1512
1522
1533
1540
1547
1555
1561
1565
1563
1565
1570
1575
1581
1586
1591
1597
1602
1604
1601
1601
1601
1602
1601
1601
1603
1608
1609
1612
1608
1607
1604
1603
1601
1597
1599
1607
1611
1614
1613
1620
1622
1624
1623
1622
1623
1626
1627
1629
1629
1635
1639
1641
1642
1639
1638
1638
1636
1631
1628
1631
1634
1637
1637
1637
1639
1640
1637
1629
1625
1625
1626
1629
1633
1638
1645
1652
1655
1652
1653
1654
1655
1656
1658
1662
1669
1675
1678
1674
1674
1672
1668
1663
1658
1655
1657
1657
1656
1649
1650
1647
1644
1637
1630
1624
1620
1616
1610
1604
1604
1601
1599
1595
1589
1585
1582
1577
1568
1561
1560
1559
1559
1557
1555
1555
1553
1549
1539
1534
1531
1528
1527
1525
1524
1524
1523
1520
1509
1503
1496
1491
1485
1481
1480
1483
1484
1483
1476
1473
1468
1461
1455
1449
1450
1454
1455
1456
1449
1453
1453
1455
1451
1447
1444
1444
1442
1438
1435
1438
1437
1434
1429
1422
1418
1416
1411
1403
1397
1396
1395
1395
1393
1390
1388
1384
1378
1365
1357
1351
1347
1344
1342
1341
1342
1343
1341
1332
1329
1324
1321
1317
1313
1311
1311
1309
1306
1297
1294
1287
1281
1273
1265
1259
1259
1255
1251
1242
1239
1232
1225
1214
1203
1193
1184
1175
1164
1152
1147
1139
1130
1119
1108
1098
1088
1077
1061
1048
1039
1031
1023
1015
1007
1002
994
982
963
948
935
923
911
899
888
878
866
852
829
815
798
783
768
754
742
734
725
715
699
688
673
658
641
625
610
602
593
582
567
566
559
550
539
529
520
513
508
500
492
492
490
488
484
478
474
469
461
449
439
435
431
426
421
416
412
405
395
380
368
358
350
345
340
337
337
336
333
322
319
313
308
302
299
298
301
303
305
301
304
302
300
296
291
287
288
287
284
279
280
281
281
279
277
275
276
275
271
267
269
269
269
266
263
261
261
260
256
255
260
266
273
279
286
295
303
308
307
309
312
316
320
324
330
338
345
348
343
346
345
345
343
342
343
346
349
351
346
347
343
340
335
330
327
327
326
324
321
324
325
326
324
319
319
323
322
319
317
321
321
323
325
325
324
324
321
314
310
311
311
312
311
309
309
307
303
294
287
282
275
269
265
262
262
261
258
245
240
231
223
215
209
206
207
208
208
203
205
203
203
199
196
194
195
194
192
187
187
186
185
180
175
169
165
160
153
146
145
141
137
131
125
122
118
114
105
101
101
102
103
104
106
110
113
113
109
107
106
105
104
102
102
108
111
113
107
108
105
102
99
96
96
100
102
103
97
100
97
94
87
80
75
72
69
65
61
62
62
62
60
57
57
57
57
56
52
58
62
69
71
73
77
78
76
69
67
65
64
64
62
61
61
59
56
47
40
35
31
29
27
26
30
31
31
24
25
22
21
18
17
19
24
29
34
32
40
43
46
45
44
43
46
49
51
52
59
64
69
70
70
71
71
69
63
60
65
69
74
77
79
83
85
82
73
69
69
68
66
63
61
62
65
66
63
63
63
65
66
69
73
82
87
91
86
86
83
81
78
76
76
81
85
88
84
90
92
93
91
89
89
91
92
92
91
97
101
104
105
104
105
107
107
103
101
105
109
113
116
117
119
119
123
121
122
125
129
133
137
142
148
153
155
151
151
150
150
151
153
155
162
165
166
162
162
159
158
154
152
154
163
171
177
177
187
190
194
193
194
195
198
200
200
199
204
207
209
209
207
207
207
205
200
197
199
202
205
208
