1122
1129
1135
1143
1149
1154
1153
1156
1163
1170
1178
1185
1194
1203
1211
1217
1217
1221
1225
1230
1234
1239
1246
1258
1266
1272
1271
1274
1276
1276
1273
1275
1280
1287
1292
1298
1296
1301
1302
1304
1301
1297
1294
1294
1293
1290
1286
1289
1289
1289
1286
1283
1281
1281
1279
1274
1273
1275
1277
1281
1283
1283
1285
1286
1284
1277
1273
1271
1271
1272
1273
1275
1278
1280
1279
1272
1269
1264
1261
1257
1254
1252
1255
1255
1253
1244
1241
1235
1230
1224
1219
1217
1221
1222
1224
1219
1223
1223
1223
1219
1215
1214
1214
1214
1213
1211
1214
1215
1216
1214
1212
1211
1211
1210
1206
1204
1208
1210
1213
1214
1214
1216
1215
1211
1202
1197
1195
1195
1196
1197
1200
1204
1208
1209
1204
1204
1203
1204
1204
1206
1209
1217
1223
1227
1225
1228
1227
1227
1224
1221
1221
1226
1229
1226
1222
1225
1227
1225
1221
1217
1212
1211
1210
1208
1203
1206
1206
1207
1205
1203
1202
1203
1201
1196
1194
1196
1201
1205
1207
1209
1213
1214
1213
1207
1202
1201
1199
1198
1197
1197
1198
1197
1193
1183
1178
1172
1167
1161
1156
1153
1154
1152
1148
1139
1135
1128
1121
1113
1105
1101
1102
1101
1099
1092
1093
1091
1088
1082
1076
1071
1067
1062
1056
1048
1046
1040
1034
1025
1015
1004
994
981
963
949
939
929
920
910
899
891
882
870
852
837
826
816
807
799
791
787
780
771
754
743
730
719
706
695
685
679
672
662
648
640
627
615
601
586
574
568
559
549
535
528
518
507
494
480
466
460
451
439
426
421
412
403
394
383
373
363
352
337
326
318
313
307
301
295
291
287
282
271
263
259
254
251
249
249
251
251
248
238
235
230
225
219
214
211
212
211
209
201
199
194
188
180
172
166
165
162
158
152
152
149
146
141
135
132
131
129
126
124
128
131
134
135
135
137
139
139
134
133
136
139
142
143
145
148
148
146
137
131
127
123
120
118
117
120
121
120
112
111
107
104
101
100
101
106
110
114
112
116
117
117
114
111
110
112
113
112
109
111
111
110
105
101
97
96
93
88
83
82
82
85
82
78
77
76
70
62
59
58
58
59
58
59
61
63
62
55
51
48
48
48
49
51
57
60
59
50
50
46
41
35
31
30
31
31
29
22
21
16
11
3
-5
-10
-11
-12
-14
-16
-14
-14
-13
-16
-19
-20
-19
-20
-23
-24
-20
-17
-13
-11
-10
-8
-7
-8
-15
-18
-18
-18
-18
-18
-19
-18
-19
-23
-33
-40
-46
-50
-55
-59
-62
-60
-61
-64
-74
-77
-83
-89
-95
-99
-101
-99
-97
-96
-101
-97
-98
-100
-104
-108
-111
-111
-111
-113
-116
-115
-117
-119
-124
-131
-137
-142
-149
-158
-166
-167
-169
-171
-174
-176
-182
-183
-187
-193
-197
-197
-195
-195
-194
-191
-185
-184
-183
-188
-190
-191
-191
-190
-189
-186
-180
-177
-176
-182
-183
-187
-191
-197
-202
-204
-202
-202
-203
-210
-209
-213
-218
-226
-234
-239
-242
-244
-248
-252
-249
-249
-248
-250
-252
-254
-253
-254
-256
-257
-252
-247
-243
-239
-236
-232
-229
-229
-234
-235
-233
-231
-228
-225
-222
-217
-213
-211
-215
-215
-216
-215
-215
-214
-212
-205
-201
-198
-202
-201
-202
-203
-205
-206
-204
-198
-193
-190
-193
-186
-185
-182
-183
-183
-181
-177
-173
-170
-168
-161
-157
-153
-152
-153
-152
-151
-152
-156
-158
-155
-153
-152
-151
-151
-150
-150
-153
-161
-165
-165
-164
-163
-157
-153
-148
-144
-142
-147
-146
-145
-143
-142
-140
-135
-126
-120
-116
-118
-115
-116
-116
-118
-119
-118
-112
-108
-106
-110
-105
-106
-105
-109
-112
-114
-114
-115
-116
-119
-114
-111
-108
-107
-107
-105
-102
-101
-103
-102
-96
-91
-85
-80
-76
-70
-66
-65
-71
-72
-70
-69
-66
-64
-61
-56
-53
-52
-59
-59
-61
-61
-61
-61
-58
-51
-46
-44
-47
-46
-47
-48
-50
-51
-49
-42
-37
-33
-33
-25
-21
-18
-18
-18
-17
-14
-11
-10
-9
-2
2
7
8
7
8
8
6
0
-3
-2
-1
1
2
3
5
5
2
-6
-10
-12
-12
-12
-10
-6
0
5
5
1
7
6
7
9
11
14
21
