Time (s) Z (um)	Deflection (V)
0.01	-0.6	-0.866115
0.01076	-0.6013	-0.861843
0.01152	-0.6026	-0.859096
0.01228	-0.6039	-0.858486
0.01304	-0.6052	-0.857875
0.0138	-0.6065	-0.859096
0.01456	-0.6078	-0.858486
0.01532	-0.6091	-0.855739
0.01608	-0.6104	-0.858791
0.01684	-0.6117	-0.856044
0.0176	-0.613	-0.855434
0.01836	-0.6143	-0.850551
0.01912	-0.6156	-0.862453
0.01988	-0.6169	-0.85696
0.02064	-0.6182	-0.857265
0.0214	-0.6195	-0.85757
0.02216	-0.6208	-0.861232
0.02292	-0.6221	-0.866726
0.02368	-0.6234	-0.861843
0.02444	-0.6247	-0.861843
0.0252	-0.626	-0.85757
0.02596	-0.6273	-0.856044
0.02672	-0.6286	-0.856349
0.02748	-0.6299	-0.859401
0.02824	-0.6312	-0.860012
0.029	-0.6325	-0.858791
0.02976	-0.6338	-0.852382
0.03052	-0.6351	-0.857875
0.03128	-0.6364	-0.856044
0.03204	-0.6377	-0.850856
0.0328	-0.639	-0.855434
0.03356	-0.6403	-0.852992
0.03432	-0.6416	-0.857265
0.03508	-0.6429	-0.856349
0.03584	-0.6442	-0.856655
0.0366	-0.6455	-0.852992
0.03736	-0.6468	-0.85696
0.03812	-0.6481	-0.850551
0.03888	-0.6494	-0.851161
0.03964	-0.6507	-0.854213
0.0404	-0.652	-0.853603
0.04116	-0.6533	-0.853298
0.04192	-0.6546	-0.855434
0.04268	-0.6559	-0.857265
0.04344	-0.6572	-0.859706
0.0442	-0.6585	-0.861538
0.04496	-0.6598	-0.856349
0.04572	-0.6611	-0.861232
0.04648	-0.6624	-0.862758
0.04724	-0.6637	-0.860012
0.048	-0.665	-0.860622
0.04876	-0.6663	-0.856655
0.04952	-0.6676	-0.852382
0.05028	-0.6689	-0.854518
0.05104	-0.6702	-0.85696
0.0518	-0.6715	-0.853298
0.05256	-0.6728	-0.856349
0.05332	-0.6741	-0.857875
0.05408	-0.6754	-0.856655
0.05484	-0.6767	-0.85818
0.0556	-0.678	-0.855129
0.05636	-0.6793	-0.854518
0.05712	-0.6806	-0.855129
0.05788	-0.6819	-0.856349
0.05864	-0.6832	-0.853603
0.0594	-0.6845	-0.851772
0.06016	-0.6858	-0.858791
0.06092	-0.6871	-0.849635
0.06168	-0.6884	-0.84994
0.06244	-0.6897	-0.858486
0.0632	-0.691	-0.856044
0.06396	-0.6923	-0.855129
0.06472	-0.6936	-0.857875
0.06548	-0.6949	-0.854823
0.06624	-0.6962	-0.856349
0.067	-0.6975	-0.860317
0.06776	-0.6988	-0.85696
0.06852	-0.7001	-0.856044
0.06928	-0.7014	-0.860317
0.07004	-0.7027	-0.854823
0.0708	-0.704	-0.851772
0.07156	-0.7053	-0.854213
0.07232	-0.7066	-0.848109
0.07308	-0.7079	-0.853908
0.07384	-0.7092	-0.856655
0.0746	-0.7105	-0.852382
0.07536	-0.7118	-0.852687
0.07612	-0.7131	-0.84872
0.07688	-0.7144	-0.851772
0.07764	-0.7157	-0.856349
0.0784	-0.717	-0.852382
0.07916	-0.7183	-0.854213
0.07992	-0.7196	-0.856044
0.08068	-0.7209	-0.85696
0.08144	-0.7222	-0.855739
0.0822	-0.7235	-0.853603
0.08296	-0.7248	-0.863369
0.08372	-0.7261	-0.860927
0.08448	-0.7274	-0.855129
0.08524	-0.7287	-0.854518
0.086	-0.73	-0.855739
0.08676	-0.7313	-0.859401
0.08752	-0.7326	-0.857265
0.08828	-0.7339	-0.855739
0.08904	-0.7352	-0.858486
0.0898	-0.7365	-0.856349
0.09056	-0.7378	-0.85696
0.09132	-0.7391	-0.857265
0.09208	-0.7404	-0.854518
0.09284	-0.7417	-0.854518
0.0936	-0.743	-0.855129
0.09436	-0.7443	-0.856349
0.09512	-0.7456	-0.855739
0.09588	-0.7469	-0.853603
0.09664	-0.7482	-0.855129
0.0974	-0.7495	-0.851466
0.09816	-0.7508	-0.852687
0.09892	-0.7521	-0.854213
0.09968	-0.7534	-0.854518
0.10044	-0.7547	-0.84994
0.1012	-0.756	-0.84872
0.10196	-0.7573	-0.856655
0.10272	-0.7586	-0.859401
0.10348	-0.7599	-0.859096
0.10424	-0.7612	-0.858791
0.105	-0.7625	-0.859706
0.10576	-0.7638	-0.864589
0.10652	-0.7651	-0.854518
0.10728	-0.7664	-0.855129
0.10804	-0.7677	-0.857875
0.1088	-0.769	-0.852077
0.10956	-0.7703	-0.855434
0.11032	-0.7716	-0.853908
0.11108	-0.7729	-0.855739
0.11184	-0.7742	-0.854518
0.1126	-0.7755	-0.85818
0.11336	-0.7768	-0.856349
0.11412	-0.7781	-0.852687
0.11488	-0.7794	-0.850856
0.11564	-0.7807	-0.84933
0.1164	-0.782	-0.844447
0.11716	-0.7833	-0.853298
0.11792	-0.7846	-0.852992
0.11868	-0.7859	-0.853603
0.11944	-0.7872	-0.849635
0.1202	-0.7885	-0.852382
0.12096	-0.7898	-0.850246
0.12172	-0.7911	-0.853908
0.12248	-0.7924	-0.84933
0.12324	-0.7937	-0.853298
0.124	-0.795	-0.85757
0.12476	-0.7963	-0.853603
0.12552	-0.7976	-0.854518
0.12628	-0.7989	-0.84872
0.12704	-0.8002	-0.854518
0.1278	-0.8015	-0.852992
0.12856	-0.8028	-0.85696
0.12932	-0.8041	-0.85818
0.13008	-0.8054	-0.854213
0.13084	-0.8067	-0.860622
0.1316	-0.808	-0.860622
0.13236	-0.8093	-0.855434
0.13312	-0.8106	-0.856044
0.13388	-0.8119	-0.855434
0.13464	-0.8132	-0.852687
0.1354	-0.8145	-0.856349
0.13616	-0.8158	-0.854213
0.13692	-0.8171	-0.857875
0.13768	-0.8184	-0.855739
0.13844	-0.8197	-0.855129
0.1392	-0.821	-0.858486
0.13996	-0.8223	-0.863674
0.14072	-0.8236	-0.863674
0.14148	-0.8249	-0.860927
0.14224	-0.8262	-0.859096
0.143	-0.8275	-0.854823
0.14376	-0.8288	-0.853908
0.14452	-0.8301	-0.855739
0.14528	-0.8314	-0.853603
0.14604	-0.8327	-0.848415
0.1468	-0.834	-0.850246
0.14756	-0.8353	-0.854823
0.14832	-0.8366	-0.856655
0.14908	-0.8379	-0.855434
0.14984	-0.8392	-0.85757
0.1506	-0.8405	-0.854213
0.15136	-0.8418	-0.85696
0.15212	-0.8431	-0.855129
0.15288	-0.8444	-0.855434
0.15364	-0.8457	-0.854823
0.1544	-0.847	-0.851161
0.15516	-0.8483	-0.856349
0.15592	-0.8496	-0.859401
0.15668	-0.8509	-0.860012
0.15744	-0.8522	-0.859096
0.1582	-0.8535	-0.854213
0.15896	-0.8548	-0.855129
0.15972	-0.8561	-0.852992
0.16048	-0.8574	-0.850246
0.16124	-0.8587	-0.852992
0.162	-0.86	-0.856655
0.16276	-0.8613	-0.855434
0.16352	-0.8626	-0.854518
0.16428	-0.8639	-0.856044
0.16504	-0.8652	-0.853908
0.1658	-0.8665	-0.850551
0.16656	-0.8678	-0.851161
0.16732	-0.8691	-0.850551
0.16808	-0.8704	-0.850246
0.16884	-0.8717	-0.850551
0.1696	-0.873	-0.856349
0.17036	-0.8743	-0.855739
0.17112	-0.8756	-0.84994
0.17188	-0.8769	-0.849635
0.17264	-0.8782	-0.855129
0.1734	-0.8795	-0.848109
0.17416	-0.8808	-0.847804
0.17492	-0.8821	-0.853908
0.17568	-0.8834	-0.856044
0.17644	-0.8847	-0.856655
0.1772	-0.886	-0.854823
0.17796	-0.8873	-0.852992
0.17872	-0.8886	-0.854213
0.17948	-0.8899	-0.853298
0.18024	-0.8912	-0.856044
0.181	-0.8925	-0.854213
0.18176	-0.8938	-0.851161
0.18252	-0.8951	-0.853603
0.18328	-0.8964	-0.853908
0.18404	-0.8977	-0.84994
0.1848	-0.899	-0.848415
0.18556	-0.9003	-0.846889
0.18632	-0.9016	-0.846583
0.18708	-0.9029	-0.84872
0.18784	-0.9042	-0.852992
0.1886	-0.9055	-0.853908
0.18936	-0.9068	-0.852382
0.19012	-0.9081	-0.853908
0.19088	-0.9094	-0.859706
0.19164	-0.9107	-0.859096
0.1924	-0.912	-0.858791
0.19316	-0.9133	-0.850246
0.19392	-0.9146	-0.850856
0.19468	-0.9159	-0.846889
0.19544	-0.9172	-0.852077
0.1962	-0.9185	-0.854823
0.19696	-0.9198	-0.855129
0.19772	-0.9211	-0.854213
0.19848	-0.9224	-0.85696
0.19924	-0.9237	-0.854823
0.2	-0.925	-0.849025
0.20076	-0.9263	-0.851161
0.20152	-0.9276	-0.851772
0.20228	-0.9289	-0.852992
0.20304	-0.9302	-0.84872
0.2038	-0.9315	-0.848415
0.20456	-0.9328	-0.850246
0.20532	-0.9341	-0.846583
0.20608	-0.9354	-0.84994
0.20684	-0.9367	-0.84933
0.2076	-0.938	-0.851466
0.20836	-0.9393	-0.853298
0.20912	-0.9406	-0.854213
0.20988	-0.9419	-0.854823
0.21064	-0.9432	-0.854213
0.2114	-0.9445	-0.851466
0.21216	-0.9458	-0.850856
0.21292	-0.9471	-0.854518
0.21368	-0.9484	-0.856044
0.21444	-0.9497	-0.84933
0.2152	-0.951	-0.850856
0.21596	-0.9523	-0.852382
0.21672	-0.9536	-0.84933
0.21748	-0.9549	-0.851161
0.21824	-0.9562	-0.84994
0.219	-0.9575	-0.842921
0.21976	-0.9588	-0.849025
0.22052	-0.9601	-0.852077
0.22128	-0.9614	-0.852382
0.22204	-0.9627	-0.853298
0.2228	-0.964	-0.858791
0.22356	-0.9653	-0.85696
0.22432	-0.9666	-0.853298
0.22508	-0.9679	-0.852992
0.22584	-0.9692	-0.856655
0.2266	-0.9705	-0.849635
0.22736	-0.9718	-0.857875
0.22812	-0.9731	-0.852992
0.22888	-0.9744	-0.852382
0.22964	-0.9757	-0.84994
0.2304	-0.977	-0.850856
0.23116	-0.9783	-0.849025
0.23192	-0.9796	-0.84872
0.23268	-0.9809	-0.853908
0.23344	-0.9822	-0.854518
0.2342	-0.9835	-0.856655
0.23496	-0.9848	-0.854823
0.23572	-0.9861	-0.852687
0.23648	-0.9874	-0.852382
0.23724	-0.9887	-0.846583
0.238	-0.99	-0.848415
0.23876	-0.9913	-0.853603
0.23952	-0.9926	-0.850856
0.24028	-0.9939	-0.855434
0.24104	-0.9952	-0.856044
0.2418	-0.9965	-0.84872
0.24256	-0.9978	-0.852077
0.24332	-0.9991	-0.850246
0.24408	-1.0004	-0.849025
0.24484	-1.0017	-0.853603
0.2456	-1.003	-0.855739
0.24636	-1.0043	-0.853603
0.24712	-1.0056	-0.851466
0.24788	-1.0069	-0.855739
0.24864	-1.0082	-0.854213
0.2494	-1.0095	-0.853603
0.25016	-1.0108	-0.855129
0.25092	-1.0121	-0.856655
0.25168	-1.0134	-0.852992
0.25244	-1.0147	-0.850856
0.2532	-1.016	-0.849635
0.25396	-1.0173	-0.858486
0.25472	-1.0186	-0.855434
0.25548	-1.0199	-0.851466
0.25624	-1.0212	-0.851466
0.257	-1.0225	-0.854518
0.25776	-1.0238	-0.853603
0.25852	-1.0251	-0.853603
0.25928	-1.0264	-0.851466
0.26004	-1.0277	-0.854823
0.2608	-1.029	-0.861538
0.26156	-1.0303	-0.850551
0.26232	-1.0316	-0.852077
0.26308	-1.0329	-0.852992
0.26384	-1.0342	-0.84872
0.2646	-1.0355	-0.847499
0.26536	-1.0368	-0.84933
0.26612	-1.0381	-0.844142
0.26688	-1.0394	-0.846889
0.26764	-1.0407	-0.856044
0.2684	-1.042	-0.857875
0.26916	-1.0433	-0.856044
0.26992	-1.0446	-0.853908
0.27068	-1.0459	-0.853908
0.27144	-1.0472	-0.847499
0.2722	-1.0485	-0.84933
0.27296	-1.0498	-0.84933
0.27372	-1.0511	-0.850246
0.27448	-1.0524	-0.851466
0.27524	-1.0537	-0.84994
0.276	-1.055	-0.849635
0.27676	-1.0563	-0.854213
0.27752	-1.0576	-0.854823
0.27828	-1.0589	-0.846278
0.27904	-1.0602	-0.843532
0.2798	-1.0615	-0.846889
0.28056	-1.0628	-0.851772
0.28132	-1.0641	-0.847804
0.28208	-1.0654	-0.849025
0.28284	-1.0667	-0.848415
0.2836	-1.068	-0.852382
0.28436	-1.0693	-0.854213
0.28512	-1.0706	-0.855434
0.28588	-1.0719	-0.851466
0.28664	-1.0732	-0.852992
0.2874	-1.0745	-0.850246
0.28816	-1.0758	-0.853908
0.28892	-1.0771	-0.847499
0.28968	-1.0784	-0.846889
0.29044	-1.0797	-0.84872
0.2912	-1.081	-0.850246
0.29196	-1.0823	-0.855434
0.29272	-1.0836	-0.851772
0.29348	-1.0849	-0.845668
0.29424	-1.0862	-0.843532
0.295	-1.0875	-0.851466
0.29576	-1.0888	-0.851466
0.29652	-1.0901	-0.853603
0.29728	-1.0914	-0.84872
0.29804	-1.0927	-0.847804
0.2988	-1.094	-0.846278
0.29956	-1.0953	-0.849025
0.30032	-1.0966	-0.849635
0.30108	-1.0979	-0.848415
0.30184	-1.0992	-0.846278
0.3026	-1.1005	-0.845363
0.30336	-1.1018	-0.848109
0.30412	-1.1031	-0.846583
0.30488	-1.1044	-0.850856
0.30564	-1.1057	-0.851161
0.3064	-1.107	-0.849025
0.30716	-1.1083	-0.853298
0.30792	-1.1096	-0.849635
0.30868	-1.1109	-0.845973
0.30944	-1.1122	-0.850856
0.3102	-1.1135	-0.856044
0.31096	-1.1148	-0.84933
0.31172	-1.1161	-0.847804
0.31248	-1.1174	-0.847194
0.31324	-1.1187	-0.84933
0.314	-1.12	-0.850246
0.31476	-1.1213	-0.851772
0.31552	-1.1226	-0.855129
0.31628	-1.1239	-0.852992
0.31704	-1.1252	-0.853908
0.3178	-1.1265	-0.850246
0.31856	-1.1278	-0.852077
0.31932	-1.1291	-0.853298
0.32008	-1.1304	-0.853908
0.32084	-1.1317	-0.855434
0.3216	-1.133	-0.852992
0.32236	-1.1343	-0.850551
0.32312	-1.1356	-0.850246
0.32388	-1.1369	-0.847499
0.32464	-1.1382	-0.849635
0.3254	-1.1395	-0.845973
0.32616	-1.1408	-0.851161
0.32692	-1.1421	-0.849025
0.32768	-1.1434	-0.84933
0.32844	-1.1447	-0.84872
0.3292	-1.146	-0.845973
0.32996	-1.1473	-0.846278
0.33072	-1.1486	-0.850246
0.33148	-1.1499	-0.84994
0.33224	-1.1512	-0.851466
0.333	-1.1525	-0.846278
0.33376	-1.1538	-0.84872
0.33452	-1.1551	-0.854823
0.33528	-1.1564	-0.849025
0.33604	-1.1577	-0.847804
0.3368	-1.159	-0.846278
0.33756	-1.1603	-0.850551
0.33832	-1.1616	-0.846889
0.33908	-1.1629	-0.846583
0.33984	-1.1642	-0.851161
0.3406	-1.1655	-0.84933
0.34136	-1.1668	-0.848415
0.34212	-1.1681	-0.84933
0.34288	-1.1694	-0.855434
0.34364	-1.1707	-0.853908
0.3444	-1.172	-0.851466
0.34516	-1.1733	-0.852992
0.34592	-1.1746	-0.852382
0.34668	-1.1759	-0.851161
0.34744	-1.1772	-0.851466
0.3482	-1.1785	-0.853908
0.34896	-1.1798	-0.850551
0.34972	-1.1811	-0.850551
0.35048	-1.1824	-0.851772
0.35124	-1.1837	-0.846889
0.352	-1.185	-0.851466
0.35276	-1.1863	-0.850246
0.35352	-1.1876	-0.849025
0.35428	-1.1889	-0.843532
0.35504	-1.1902	-0.843532
0.3558	-1.1915	-0.842006
0.35656	-1.1928	-0.841395
0.35732	-1.1941	-0.845058
0.35808	-1.1954	-0.845058
0.35884	-1.1967	-0.84872
0.3596	-1.198	-0.84872
0.36036	-1.1993	-0.842006
0.36112	-1.2006	-0.844447
0.36188	-1.2019	-0.847499
0.36264	-1.2032	-0.846583
0.3634	-1.2045	-0.845668
0.36416	-1.2058	-0.854213
0.36492	-1.2071	-0.850246
0.36568	-1.2084	-0.848415
0.36644	-1.2097	-0.84872
0.3672	-1.211	-0.847804
0.36796	-1.2123	-0.843532
0.36872	-1.2136	-0.847804
0.36948	-1.2149	-0.854518
0.37024	-1.2162	-0.85757
0.371	-1.2175	-0.855739
0.37176	-1.2188	-0.84933
0.37252	-1.2201	-0.850246
0.37328	-1.2214	-0.850246
0.37404	-1.2227	-0.84994
0.3748	-1.224	-0.84872
0.37556	-1.2253	-0.844142
0.37632	-1.2266	-0.846278
0.37708	-1.2279	-0.845973
0.37784	-1.2292	-0.845973
0.3786	-1.2305	-0.844752
0.37936	-1.2318	-0.845058
0.38012	-1.2331	-0.84872
0.38088	-1.2344	-0.848109
0.38164	-1.2357	-0.848109
0.3824	-1.237	-0.848109
0.38316	-1.2383	-0.843532
0.38392	-1.2396	-0.842006
0.38468	-1.2409	-0.842311
0.38544	-1.2422	-0.842311
0.3862	-1.2435	-0.845058
0.38696	-1.2448	-0.850856
0.38772	-1.2461	-0.851772
0.38848	-1.2474	-0.852687
0.38924	-1.2487	-0.848109
0.39	-1.25	-0.843837
0.39076	-1.2513	-0.846278
0.39152	-1.2526	-0.848415
0.39228	-1.2539	-0.845973
0.39304	-1.2552	-0.851161
0.3938	-1.2565	-0.851772
0.39456	-1.2578	-0.853603
0.39532	-1.2591	-0.852687
0.39608	-1.2604	-0.852077
0.39684	-1.2617	-0.846278
0.3976	-1.263	-0.846278
0.39836	-1.2643	-0.838649
0.39912	-1.2656	-0.848109
0.39988	-1.2669	-0.845363
0.40064	-1.2682	-0.847804
0.4014	-1.2695	-0.848109
0.40216	-1.2708	-0.850551
0.40292	-1.2721	-0.847804
0.40368	-1.2734	-0.845668
0.40444	-1.2747	-0.849635
0.4052	-1.276	-0.847499
0.40596	-1.2773	-0.844142
0.40672	-1.2786	-0.844447
0.40748	-1.2799	-0.844752
0.40824	-1.2812	-0.843837
0.409	-1.2825	-0.849635
0.40976	-1.2838	-0.847194
0.41052	-1.2851	-0.847194
0.41128	-1.2864	-0.852382
0.41204	-1.2877	-0.854518
0.4128	-1.289	-0.852382
0.41356	-1.2903	-0.852687
0.41432	-1.2916	-0.847499
0.41508	-1.2929	-0.84872
0.41584	-1.2942	-0.843837
0.4166	-1.2955	-0.842006
0.41736	-1.2968	-0.846889
0.41812	-1.2981	-0.843837
0.41888	-1.2994	-0.850551
0.41964	-1.3007	-0.853603
0.4204	-1.302	-0.847194
0.42116	-1.3033	-0.847804
0.42192	-1.3046	-0.848415
0.42268	-1.3059	-0.846889
0.42344	-1.3072	-0.847499
0.4242	-1.3085	-0.84872
0.42496	-1.3098	-0.852077
0.42572	-1.3111	-0.849025
0.42648	-1.3124	-0.847499
0.42724	-1.3137	-0.847194
0.428	-1.315	-0.850246
0.42876	-1.3163	-0.845363
0.42952	-1.3176	-0.852687
0.43028	-1.3189	-0.850856
0.43104	-1.3202	-0.84872
0.4318	-1.3215	-0.839869
0.43256	-1.3228	-0.842311
0.43332	-1.3241	-0.846278
0.43408	-1.3254	-0.845363
0.43484	-1.3267	-0.847804
0.4356	-1.328	-0.843532
0.43636	-1.3293	-0.84109
0.43712	-1.3306	-0.843837
0.43788	-1.3319	-0.845363
0.43864	-1.3332	-0.842921
0.4394	-1.3345	-0.8417
0.44016	-1.3358	-0.846278
0.44092	-1.3371	-0.845058
0.44168	-1.3384	-0.842921
0.44244	-1.3397	-0.839259
0.4432	-1.341	-0.846889
0.44396	-1.3423	-0.842311
0.44472	-1.3436	-0.844447
0.44548	-1.3449	-0.853603
0.44624	-1.3462	-0.849635
0.447	-1.3475	-0.850856
0.44776	-1.3488	-0.846278
0.44852	-1.3501	-0.849025
0.44928	-1.3514	-0.847194
0.45004	-1.3527	-0.861232
0.4508	-1.354	-0.852992
0.45156	-1.3553	-0.848415
0.45232	-1.3566	-0.850551
0.45308	-1.3579	-0.855129
0.45384	-1.3592	-0.849025
0.4546	-1.3605	-0.845973
0.45536	-1.3618	-0.849635
0.45612	-1.3631	-0.855129
0.45688	-1.3644	-0.853603
0.45764	-1.3657	-0.853298
0.4584	-1.367	-0.853908
0.45916	-1.3683	-0.852382
0.45992	-1.3696	-0.848415
0.46068	-1.3709	-0.854518
0.46144	-1.3722	-0.853908
0.4622	-1.3735	-0.856349
0.46296	-1.3748	-0.851772
0.46372	-1.3761	-0.850551
0.46448	-1.3774	-0.850856
0.46524	-1.3787	-0.851466
0.466	-1.38	-0.853298
0.46676	-1.3813	-0.84872
0.46752	-1.3826	-0.853298
0.46828	-1.3839	-0.856349
0.46904	-1.3852	-0.854823
0.4698	-1.3865	-0.855129
0.47056	-1.3878	-0.850246
0.47132	-1.3891	-0.852687
0.47208	-1.3904	-0.850856
0.47284	-1.3917	-0.849635
0.4736	-1.393	-0.852992
0.47436	-1.3943	-0.846889
0.47512	-1.3956	-0.848109
0.47588	-1.3969	-0.855434
0.47664	-1.3982	-0.855739
0.4774	-1.3995	-0.855434
0.47816	-1.4008	-0.852687
0.47892	-1.4021	-0.854213
0.47968	-1.4034	-0.853908
0.48044	-1.4047	-0.84872
0.4812	-1.406	-0.846278
0.48196	-1.4073	-0.850856
0.48272	-1.4086	-0.852687
0.48348	-1.4099	-0.850856
0.48424	-1.4112	-0.847804
0.485	-1.4125	-0.848109
0.48576	-1.4138	-0.846583
0.48652	-1.4151	-0.847499
0.48728	-1.4164	-0.853908
0.48804	-1.4177	-0.850551
0.4888	-1.419	-0.846889
0.48956	-1.4203	-0.845363
0.49032	-1.4216	-0.847804
0.49108	-1.4229	-0.839869
0.49184	-1.4242	-0.844142
0.4926	-1.4255	-0.845363
0.49336	-1.4268	-0.842311
0.49412	-1.4281	-0.838954
0.49488	-1.4294	-0.841395
0.49564	-1.4307	-0.842006
0.4964	-1.432	-0.842311
0.49716	-1.4333	-0.842311
0.49792	-1.4346	-0.844447
0.49868	-1.4359	-0.842921
0.49944	-1.4372	-0.842616
0.5002	-1.4385	-0.84872
0.50096	-1.4398	-0.847194
0.50172	-1.4411	-0.84109
0.50248	-1.4424	-0.8417
0.50324	-1.4437	-0.8417
0.504	-1.445	-0.843837
0.50476	-1.4463	-0.84872
0.50552	-1.4476	-0.844142
0.50628	-1.4489	-0.842311
0.50704	-1.4502	-0.836512
0.5078	-1.4515	-0.839259
0.50856	-1.4528	-0.836818
0.50932	-1.4541	-0.835902
0.51008	-1.4554	-0.8417
0.51084	-1.4567	-0.837123
0.5116	-1.458	-0.839869
0.51236	-1.4593	-0.837428
0.51312	-1.4606	-0.836512
0.51388	-1.4619	-0.84048
0.51464	-1.4632	-0.838343
0.5154	-1.4645	-0.839259
0.51616	-1.4658	-0.833766
0.51692	-1.4671	-0.837123
0.51768	-1.4684	-0.836512
0.51844	-1.4697	-0.829493
0.5192	-1.471	-0.831324
0.51996	-1.4723	-0.834986
0.52072	-1.4736	-0.840175
0.52148	-1.4749	-0.837733
0.52224	-1.4762	-0.838038
0.523	-1.4775	-0.842311
0.52376	-1.4788	-0.837123
0.52452	-1.4801	-0.837123
0.52528	-1.4814	-0.836207
0.52604	-1.4827	-0.837733
0.5268	-1.484	-0.836512
0.52756	-1.4853	-0.83224
0.52832	-1.4866	-0.832545
0.52908	-1.4879	-0.833155
0.52984	-1.4892	-0.836207
0.5306	-1.4905	-0.836512
0.53136	-1.4918	-0.834071
0.53212	-1.4931	-0.835902
0.53288	-1.4944	-0.835902
0.53364	-1.4957	-0.827357
0.5344	-1.497	-0.824
0.53516	-1.4983	-0.829493
0.53592	-1.4996	-0.831324
0.53668	-1.5009	-0.835597
0.53744	-1.5022	-0.831629
0.5382	-1.5035	-0.830714
0.53896	-1.5048	-0.830409
0.53972	-1.5061	-0.826746
0.54048	-1.5074	-0.824305
0.54124	-1.5087	-0.819422
0.542	-1.51	-0.813318
0.54276	-1.5113	-0.814234
0.54352	-1.5126	-0.813318
0.54428	-1.5139	-0.815149
0.54504	-1.5152	-0.815455
0.5458	-1.5165	-0.817591
0.54656	-1.5178	-0.809961
0.54732	-1.5191	-0.809046
0.54808	-1.5204	-0.810266
0.54884	-1.5217	-0.805078
0.5496	-1.523	-0.804773
0.55036	-1.5243	-0.802942
0.55112	-1.5256	-0.798059
0.55188	-1.5269	-0.798364
0.55264	-1.5282	-0.797449
0.5534	-1.5295	-0.792261
0.55416	-1.5308	-0.790124
0.55492	-1.5321	-0.787378
0.55568	-1.5334	-0.784326
0.55644	-1.5347	-0.78341
0.5572	-1.536	-0.785241
0.55796	-1.5373	-0.780663
0.55872	-1.5386	-0.776086
0.55948	-1.5399	-0.780663
0.56024	-1.5412	-0.771508
0.561	-1.5425	-0.764794
0.56176	-1.5438	-0.762658
0.56252	-1.5451	-0.760521
0.56328	-1.5464	-0.756249
0.56404	-1.5477	-0.752892
0.5648	-1.549	-0.750145
0.56556	-1.5503	-0.745872
0.56632	-1.5516	-0.743126
0.56708	-1.5529	-0.742515
0.56784	-1.5542	-0.73397
0.5686	-1.5555	-0.732749
0.56936	-1.5568	-0.728477
0.57012	-1.5581	-0.724509
0.57088	-1.5594	-0.721763
0.57164	-1.5607	-0.715964
0.5724	-1.562	-0.711997
0.57316	-1.5633	-0.707724
0.57392	-1.5646	-0.698264
0.57468	-1.5659	-0.696432
0.57544	-1.5672	-0.689413
0.5762	-1.5685	-0.688803
0.57696	-1.5698	-0.684835
0.57772	-1.5711	-0.679037
0.57848	-1.5724	-0.674459
0.57924	-1.5737	-0.670797
0.58	-1.575	-0.662862
0.58076	-1.5763	-0.658895
0.58152	-1.5776	-0.65157
0.58228	-1.5789	-0.643941
0.58304	-1.5802	-0.640584
0.5838	-1.5815	-0.631123
0.58456	-1.5828	-0.625935
0.58532	-1.5841	-0.618
0.58608	-1.5854	-0.607318
0.58684	-1.5867	-0.599384
0.5876	-1.588	-0.596942
0.58836	-1.5893	-0.592364
0.58912	-1.5906	-0.585955
0.58988	-1.5919	-0.577715
0.59064	-1.5932	-0.570391
0.5914	-1.5945	-0.564287
0.59216	-1.5958	-0.556352
0.59292	-1.5971	-0.551775
0.59368	-1.5984	-0.545366
0.59444	-1.5997	-0.541093
0.5952	-1.601	-0.532853
0.59596	-1.6023	-0.524918
0.59672	-1.6036	-0.518204
0.59748	-1.6049	-0.511185
0.59824	-1.6062	-0.502945
0.599	-1.6075	-0.492874
0.59976	-1.6088	-0.482803
0.60052	-1.6101	-0.474563
0.60128	-1.6114	-0.464492
0.60204	-1.6127	-0.453505
0.6028	-1.614	-0.442518
0.60356	-1.6153	-0.433363
0.60432	-1.6166	-0.425733
0.60508	-1.6179	-0.415967
0.60584	-1.6192	-0.405896
0.6066	-1.6205	-0.396741
0.60736	-1.6218	-0.38667
0.60812	-1.6231	-0.374462
0.60888	-1.6244	-0.364696
0.60964	-1.6257	-0.352489
0.6104	-1.627	-0.341502
0.61116	-1.6283	-0.330515
0.61192	-1.6296	-0.318613
0.61268	-1.6309	-0.307016
0.61344	-1.6322	-0.29725
0.6142	-1.6335	-0.285958
0.61496	-1.6348	-0.275582
0.61572	-1.6361	-0.26307
0.61648	-1.6374	-0.251778
0.61724	-1.6387	-0.240486
0.618	-1.64	-0.228584
0.61876	-1.6413	-0.217292
0.61952	-1.6426	-0.20661
0.62028	-1.6439	-0.194708
0.62104	-1.6452	-0.184637
0.6218	-1.6465	-0.172124
0.62256	-1.6478	-0.161748
0.62332	-1.6491	-0.149846
0.62408	-1.6504	-0.13947
0.62484	-1.6517	-0.128178
0.6256	-1.653	-0.11536
0.62636	-1.6543	-0.104678
0.62712	-1.6556	-0.0933866
0.62788	-1.6569	-0.0814844
0.62864	-1.6582	-0.0695822
0.6294	-1.6595	-0.0582904
0.63016	-1.6608	-0.0469985
0.63092	-1.6621	-0.0357067
0.63168	-1.6634	-0.0231941
0.63244	-1.6647	-0.0112918
0.6332	-1.666	0.000305185
0.63396	-1.6673	0.0125126
0.63472	-1.6686	0.0253304
0.63548	-1.6699	0.0375378
0.63624	-1.6712	0.0491348
0.637	-1.6725	0.061037
0.63776	-1.6738	0.0729392
0.63852	-1.6751	0.0842311
0.63928	-1.6764	0.0955229
0.64004	-1.6777	0.10773
0.6408	-1.679	0.118717
0.64156	-1.6803	0.130924
0.64232	-1.6816	0.143132
0.64308	-1.6829	0.154729
0.64384	-1.6842	0.166326
0.6446	-1.6855	0.177618
0.64536	-1.6868	0.189825
0.64612	-1.6881	0.201727
0.64688	-1.6894	0.213935
0.64764	-1.6907	0.225532
0.6484	-1.692	0.238044
0.64916	-1.6933	0.249641
0.64992	-1.6946	0.262154
0.65068	-1.6959	0.27253
0.65144	-1.6972	0.283822
0.6522	-1.6985	0.29664
0.65296	-1.6998	0.308847
0.65372	-1.7011	0.319224
0.65448	-1.7024	0.332041
0.65524	-1.7037	0.343638
0.656	-1.705	0.356151
0.65676	-1.7063	0.367748
0.65752	-1.7076	0.37965
0.65828	-1.7089	0.391858
0.65904	-1.7102	0.403455
0.6598	-1.7115	0.415357
0.66056	-1.7128	0.427259
0.66132	-1.7141	0.438856
0.66208	-1.7154	0.452589
0.66284	-1.7167	0.463271
0.6636	-1.718	0.474563
0.66436	-1.7193	0.487075
0.66512	-1.7206	0.498978
0.66588	-1.7219	0.51088
0.66664	-1.7232	0.523087
0.6674	-1.7245	0.5356
0.66816	-1.7258	0.546587
0.66892	-1.7271	0.558489
0.66968	-1.7284	0.569475
0.67044	-1.7297	0.580767
0.6712	-1.731	0.592669
0.67196	-1.7323	0.605182
0.67272	-1.7336	0.617389
0.67348	-1.7349	0.629597
0.67424	-1.7362	0.641194
0.675	-1.7375	0.652486
0.67576	-1.7388	0.662862
0.67652	-1.7401	0.674154
0.67728	-1.7414	0.686666
0.67804	-1.7427	0.698569
0.6788	-1.744	0.711081
0.67956	-1.7453	0.722678
0.68032	-1.7466	0.734581
0.68108	-1.7479	0.746788
0.68184	-1.7492	0.759301
0.6826	-1.7505	0.770287
0.68336	-1.7518	0.781579
0.68412	-1.7531	0.793176
0.68488	-1.7544	0.804163
0.68564	-1.7557	0.81698
0.6864	-1.757	0.828883
0.68716	-1.7583	0.8417
0.68792	-1.7596	0.853298
0.68868	-1.7609	0.8652
0.68944	-1.7622	0.877102
0.6902	-1.7635	0.889004
0.69096	-1.7648	0.900601
0.69172	-1.7661	0.914029
0.69248	-1.7674	0.925626
0.69324	-1.7687	0.937223
0.694	-1.77	0.949126
0.69476	-1.7713	0.960723
0.69552	-1.7726	0.972625
0.69628	-1.7739	0.985137
0.69704	-1.7752	0.99704
0.6978	-1.7765	1.00864
0.69856	-1.7778	1.02084
0.69932	-1.7791	1.03214
0.70008	-1.7804	1.04373
0.70084	-1.7817	1.05594
0.7016	-1.783	1.06754
0.70236	-1.7843	1.07883
0.70312	-1.7856	1.09073
0.70388	-1.7869	1.10263
0.70464	-1.7882	1.11515
0.7054	-1.7895	1.12735
0.70616	-1.7908	1.13895
0.70692	-1.7921	1.15177
0.70768	-1.7934	1.16398
0.70844	-1.7947	1.17557
0.7092	-1.796	1.18717
0.70996	-1.7973	1.19785
0.71072	-1.7986	1.21006
0.71148	-1.7999	1.22166
0.71224	-1.8012	1.23325
0.713	-1.8025	1.24607
0.71376	-1.8038	1.25675
0.71452	-1.8051	1.26865
0.71528	-1.8064	1.28117
0.71604	-1.8077	1.29337
0.7168	-1.809	1.30467
0.71756	-1.8103	1.31626
0.71832	-1.8116	1.32725
0.71908	-1.8129	1.33976
0.71984	-1.8142	1.35166
0.7206	-1.8155	1.36265
0.72136	-1.8168	1.37516
0.72212	-1.8181	1.38646
0.72288	-1.8194	1.39897
0.72364	-1.8207	1.41026
0.7244	-1.822	1.42186
0.72516	-1.8233	1.43284
0.72592	-1.8246	1.44444
0.72668	-1.8259	1.4539
0.72744	-1.8272	1.46489
0.7282	-1.8285	1.4771
0.72896	-1.8298	1.48869
0.72972	-1.8311	1.49968
0.73048	-1.8324	1.51067
0.73124	-1.8337	1.52226
0.732	-1.835	1.53539
0.73276	-1.8363	1.54668
0.73352	-1.8376	1.55828
0.73428	-1.8389	1.56926
0.73504	-1.8402	1.58025
0.7358	-1.8415	1.59276
0.73656	-1.8428	1.60497
0.73732	-1.8441	1.61687
0.73808	-1.8454	1.62786
0.73884	-1.8467	1.63823
0.7396	-1.848	1.64983
0.74036	-1.8493	1.66173
0.74112	-1.8506	1.67394
0.74188	-1.8519	1.68523
0.74264	-1.8532	1.69652
0.7434	-1.8545	1.7066
0.74416	-1.8558	1.71636
0.74492	-1.8571	1.72826
0.74568	-1.8584	1.73986
0.74644	-1.8597	1.75054
0.7472	-1.861	1.76336
0.74796	-1.8623	1.77496
0.74872	-1.8636	1.78716
0.74948	-1.8649	1.79876
0.75024	-1.8662	1.81005
0.751	-1.8675	1.82165
0.75176	-1.8688	1.83447
0.75252	-1.8701	1.84668
0.75328	-1.8714	1.85797
0.75404	-1.8727	1.86926
0.7548	-1.874	1.88147
0.75556	-1.8753	1.89337
0.75632	-1.8766	1.90588
0.75708	-1.8779	1.91809
0.75784	-1.8792	1.92908
0.7586	-1.8805	1.94067
0.75936	-1.8818	1.95227
0.76012	-1.8831	1.96356
0.76088	-1.8844	1.97485
0.76164	-1.8857	1.98737
0.7624	-1.887	1.99866
0.76316	-1.8883	2.01056
0.76392	-1.8896	2.02216
0.76468	-1.8909	2.03375
0.76544	-1.8922	2.04566
0.7662	-1.8935	2.05786
0.76696	-1.8948	2.06946
0.76772	-1.8961	2.08136
0.76848	-1.8974	2.09296
0.76924	-1.8987	2.10517
0.77	-1.9	2.11493
0.77076	-1.8987	2.10974
0.77152	-1.8974	2.10395
0.77228	-1.8961	2.09845
0.77304	-1.8948	2.09174
0.7738	-1.8935	2.08625
0.77456	-1.8922	2.07984
0.77532	-1.8909	2.07312
0.77608	-1.8896	2.06702
0.77684	-1.8883	2.05969
0.7776	-1.887	2.05298
0.77836	-1.8857	2.04535
0.77912	-1.8844	2.03864
0.77988	-1.8831	2.0307
0.78064	-1.8818	2.02399
0.7814	-1.8805	2.01636
0.78216	-1.8792	2.00964
0.78292	-1.8779	2.00201
0.78368	-1.8766	1.99347
0.78444	-1.8753	1.98706
0.7852	-1.874	1.97943
0.78596	-1.8727	1.9715
0.78672	-1.8714	1.96326
0.78748	-1.8701	1.95532
0.78824	-1.8688	1.94769
0.789	-1.8675	1.93915
0.78976	-1.8662	1.93121
0.79052	-1.8649	1.92297
0.79128	-1.8636	1.91595
0.79204	-1.8623	1.9071
0.7928	-1.861	1.89978
0.79356	-1.8597	1.89184
0.79432	-1.8584	1.8833
0.79508	-1.8571	1.87506
0.79584	-1.8558	1.86743
0.7966	-1.8545	1.8598
0.79736	-1.8532	1.85064
0.79812	-1.8519	1.8424
0.79888	-1.8506	1.83447
0.79964	-1.8493	1.82562
0.8004	-1.848	1.81738
0.80116	-1.8467	1.80883
0.80192	-1.8454	1.8012
0.80268	-1.8441	1.79235
0.80344	-1.8428	1.78381
0.8042	-1.8415	1.77557
0.80496	-1.8402	1.76672
0.80572	-1.8389	1.75909
0.80648	-1.8376	1.75024
0.80724	-1.8363	1.742
0.808	-1.835	1.73284
0.80876	-1.8337	1.72491
0.80952	-1.8324	1.71545
0.81028	-1.8311	1.70721
0.81104	-1.8298	1.69866
0.8118	-1.8285	1.69073
0.81256	-1.8272	1.68249
0.81332	-1.8259	1.67333
0.81408	-1.8246	1.6657
0.81484	-1.8233	1.65685
0.8156	-1.822	1.64892
0.81636	-1.8207	1.63945
0.81712	-1.8194	1.6306
0.81788	-1.8181	1.62267
0.81864	-1.8168	1.61412
0.8194	-1.8155	1.60497
0.82016	-1.8142	1.59581
0.82092	-1.8129	1.58727
0.82168	-1.8116	1.57811
0.82244	-1.8103	1.56896
0.8232	-1.809	1.56011
0.82396	-1.8077	1.55187
0.82472	-1.8064	1.54363
0.82548	-1.8051	1.53508
0.82624	-1.8038	1.52593
0.827	-1.8025	1.51738
0.82776	-1.8012	1.50792
0.82852	-1.7999	1.49907
0.82928	-1.7986	1.49052
0.83004	-1.7973	1.48167
0.8308	-1.796	1.4716
0.83156	-1.7947	1.46306
0.83232	-1.7934	1.45329
0.83308	-1.7921	1.44414
0.83384	-1.7908	1.43559
0.8346	-1.7895	1.42674
0.83536	-1.7882	1.41789
0.83612	-1.7869	1.40934
0.83688	-1.7856	1.40019
0.83764	-1.7843	1.39256
0.8384	-1.783	1.38371
0.83916	-1.7817	1.37425
0.83992	-1.7804	1.3657
0.84068	-1.7791	1.35655
0.84144	-1.7778	1.3477
0.8422	-1.7765	1.33885
0.84296	-1.7752	1.3303
0.84372	-1.7739	1.32145
0.84448	-1.7726	1.3126
0.84524	-1.7713	1.30314
0.846	-1.77	1.29398
0.84676	-1.7687	1.28513
0.84752	-1.7674	1.27537
0.84828	-1.7661	1.26652
0.84904	-1.7648	1.25736
0.8498	-1.7635	1.2479
0.85056	-1.7622	1.23844
0.85132	-1.7609	1.22959
0.85208	-1.7596	1.22013
0.85284	-1.7583	1.21067
0.8536	-1.757	1.20151
0.85436	-1.7557	1.19266
0.85512	-1.7544	1.18381
0.85588	-1.7531	1.17466
0.85664	-1.7518	1.16581
0.8574	-1.7505	1.15635
0.85816	-1.7492	1.14719
0.85892	-1.7479	1.13834
0.85968	-1.7466	1.12918
0.86044	-1.7453	1.11911
0.8612	-1.744	1.10965
0.86196	-1.7427	1.10019
0.86272	-1.7414	1.09134
0.86348	-1.7401	1.08219
0.86424	-1.7388	1.07334
0.865	-1.7375	1.06418
0.86576	-1.7362	1.05411
0.86652	-1.7349	1.04465
0.86728	-1.7336	1.03549
0.86804	-1.7323	1.02634
0.8688	-1.731	1.01779
0.86956	-1.7297	1.00833
0.87032	-1.7284	0.999176
0.87108	-1.7271	0.98941
0.87184	-1.7258	0.98056
0.8726	-1.7245	0.970489
0.87336	-1.7232	0.961638
0.87412	-1.7219	0.952788
0.87488	-1.7206	0.943327
0.87564	-1.7193	0.933256
0.8764	-1.718	0.923795
0.87716	-1.7167	0.913724
0.87792	-1.7154	0.905179
0.87868	-1.7141	0.896023
0.87944	-1.7128	0.886258
0.8802	-1.7115	0.876186
0.88096	-1.7102	0.867031
0.88172	-1.7089	0.857875
0.88248	-1.7076	0.847804
0.88324	-1.7063	0.839259
0.884	-1.705	0.830103
0.88476	-1.7037	0.820948
0.88552	-1.7024	0.811487
0.88628	-1.7011	0.802332
0.88704	-1.6998	0.793786
0.8878	-1.6985	0.78402
0.88856	-1.6972	0.77456
0.88932	-1.6959	0.764183
0.89008	-1.6946	0.755028
0.89084	-1.6933	0.745567
0.8916	-1.692	0.735191
0.89236	-1.6907	0.726035
0.89312	-1.6894	0.717185
0.89388	-1.6881	0.707724
0.89464	-1.6868	0.698264
0.8954	-1.6855	0.689413
0.89616	-1.6842	0.680258
0.89692	-1.6829	0.669271
0.89768	-1.6816	0.661031
0.89844	-1.6803	0.651875
0.8992	-1.679	0.64272
0.89996	-1.6777	0.632649
0.90072	-1.6764	0.623188
0.90148	-1.6751	0.613422
0.90224	-1.6738	0.604877
0.903	-1.6725	0.595416
0.90376	-1.6712	0.58565
0.90452	-1.6699	0.575884
0.90528	-1.6686	0.566424
0.90604	-1.6673	0.556963
0.9068	-1.666	0.547197
0.90756	-1.6647	0.538041
0.90832	-1.6634	0.528886
0.90908	-1.6621	0.518815
0.90984	-1.6608	0.508438
0.9106	-1.6595	0.498672
0.91136	-1.6582	0.489517
0.91212	-1.6569	0.478835
0.91288	-1.6556	0.46968
0.91364	-1.6543	0.460219
0.9144	-1.653	0.450758
0.91516	-1.6517	0.442213
0.91592	-1.6504	0.431837
0.91668	-1.6491	0.422376
0.91744	-1.6478	0.412915
0.9182	-1.6465	0.40376
0.91896	-1.6452	0.393384
0.91972	-1.6439	0.384228
0.92048	-1.6426	0.374767
0.92124	-1.6413	0.364391
0.922	-1.64	0.353404
0.92276	-1.6387	0.344554
0.92352	-1.6374	0.334788
0.92428	-1.6361	0.325632
0.92504	-1.6348	0.316172
0.9258	-1.6335	0.306101
0.92656	-1.6322	0.29664
0.92732	-1.6309	0.286874
0.92808	-1.6296	0.276803
0.92884	-1.6283	0.267953
0.9296	-1.627	0.256966
0.93036	-1.6257	0.248115
0.93112	-1.6244	0.237129
0.93188	-1.6231	0.227668
0.93264	-1.6218	0.218207
0.9334	-1.6205	0.209967
0.93416	-1.6192	0.200812
0.93492	-1.6179	0.190435
0.93568	-1.6166	0.180364
0.93644	-1.6153	0.170598
0.9372	-1.614	0.160833
0.93796	-1.6127	0.151677
0.93872	-1.6114	0.142216
0.93948	-1.6101	0.13245
0.94024	-1.6088	0.122379
0.941	-1.6075	0.112003
0.94176	-1.6062	0.102237
0.94252	-1.6049	0.0936918
0.94328	-1.6036	0.0836207
0.94404	-1.6023	0.0735496
0.9448	-1.601	0.0640889
0.94556	-1.5997	0.0549333
0.94632	-1.5984	0.0454726
0.94708	-1.5971	0.0354015
0.94784	-1.5958	0.0250252
0.9486	-1.5945	0.0161748
0.94936	-1.5932	0.00518815
0.95012	-1.5919	-0.00396741
0.95088	-1.5906	-0.0137333
0.95164	-1.5893	-0.0231941
0.9524	-1.588	-0.0332652
0.95316	-1.5867	-0.0436415
0.95392	-1.5854	-0.0534074
0.95468	-1.5841	-0.0628681
0.95544	-1.5828	-0.0732444
0.9562	-1.5815	-0.0824
0.95696	-1.5802	-0.0918607
0.95772	-1.5789	-0.102542
0.95848	-1.5776	-0.112308
0.95924	-1.5763	-0.122074
0.96	-1.575	-0.13123
0.96076	-1.5737	-0.141606
0.96152	-1.5724	-0.151677
0.96228	-1.5711	-0.160833
0.96304	-1.5698	-0.170293
0.9638	-1.5685	-0.179754
0.96456	-1.5672	-0.18952
0.96532	-1.5659	-0.199591
0.96608	-1.5646	-0.209662
0.96684	-1.5633	-0.218513
0.9676	-1.562	-0.229194
0.96836	-1.5607	-0.23896
0.96912	-1.5594	-0.248421
0.96988	-1.5581	-0.258492
0.97064	-1.5568	-0.268563
0.9714	-1.5555	-0.277413
0.97216	-1.5542	-0.2884
0.97292	-1.5529	-0.298471
0.97368	-1.5516	-0.308542
0.97444	-1.5503	-0.317392
0.9752	-1.549	-0.328379
0.97596	-1.5477	-0.336924
0.97672	-1.5464	-0.347606
0.97748	-1.5451	-0.357372
0.97824	-1.5438	-0.367138
0.979	-1.5425	-0.376598
0.97976	-1.5412	-0.385754
0.98052	-1.5399	-0.39552
0.98128	-1.5386	-0.405591
0.98204	-1.5373	-0.414747
0.9828	-1.536	-0.426038
0.98356	-1.5347	-0.435804
0.98432	-1.5334	-0.445265
0.98508	-1.5321	-0.454421
0.98584	-1.5308	-0.463881
0.9866	-1.5295	-0.472732
0.98736	-1.5282	-0.482803
0.98812	-1.5269	-0.493179
0.98888	-1.5256	-0.501419
0.98964	-1.5243	-0.510269
0.9904	-1.523	-0.520951
0.99116	-1.5217	-0.529801
0.99192	-1.5204	-0.540483
0.99268	-1.5191	-0.550554
0.99344	-1.5178	-0.558794
0.9942	-1.5165	-0.568255
0.99496	-1.5152	-0.578326
0.99572	-1.5139	-0.588702
0.99648	-1.5126	-0.599078
0.99724	-1.5113	-0.607318
0.998	-1.51	-0.617084
0.99876	-1.5087	-0.62624
0.99952	-1.5074	-0.632649
1.00028	-1.5061	-0.639058
1.00104	-1.5048	-0.646382
1.0018	-1.5035	-0.652486
1.00256	-1.5022	-0.656148
1.00332	-1.5009	-0.660421
1.00408	-1.4996	-0.666829
1.00484	-1.4983	-0.671102
1.0056	-1.497	-0.677511
1.00636	-1.4957	-0.68453
1.00712	-1.4944	-0.690939
1.00788	-1.4931	-0.699484
1.00864	-1.4918	-0.708335
1.0094	-1.4905	-0.715659
1.01016	-1.4892	-0.722068
1.01092	-1.4879	-0.726951
1.01168	-1.4866	-0.735801
1.01244	-1.4853	-0.744041
1.0132	-1.484	-0.751061
1.01396	-1.4827	-0.758385
1.01472	-1.4814	-0.75869
1.01548	-1.4801	-0.763878
1.01624	-1.4788	-0.769066
1.017	-1.4775	-0.777306
1.01776	-1.4762	-0.775475
1.01852	-1.4749	-0.784631
1.01928	-1.4736	-0.792261
1.02004	-1.4723	-0.794702
1.0208	-1.471	-0.79928
1.02156	-1.4697	-0.802942
1.02232	-1.4684	-0.803552
1.02308	-1.4671	-0.806299
1.02384	-1.4658	-0.809961
1.0246	-1.4645	-0.811792
1.02536	-1.4632	-0.817286
1.02612	-1.4619	-0.814844
1.02688	-1.4606	-0.81637
1.02764	-1.4593	-0.816675
1.0284	-1.458	-0.818506
1.02916	-1.4567	-0.819727
1.02992	-1.4554	-0.822779
1.03068	-1.4541	-0.826441
1.03144	-1.4528	-0.827662
1.0322	-1.4515	-0.830714
1.03296	-1.4502	-0.832545
1.03372	-1.4489	-0.834376
1.03448	-1.4476	-0.840785
1.03524	-1.4463	-0.845363
1.036	-1.445	-0.84048
1.03676	-1.4437	-0.838343
1.03752	-1.4424	-0.842311
1.03828	-1.4411	-0.848109
1.03904	-1.4398	-0.848109
1.0398	-1.4385	-0.847194
1.04056	-1.4372	-0.849025
1.04132	-1.4359	-0.85818
1.04208	-1.4346	-0.853908
1.04284	-1.4333	-0.853298
1.0436	-1.432	-0.856044
1.04436	-1.4307	-0.855739
1.04512	-1.4294	-0.860927
1.04588	-1.4281	-0.858791
1.04664	-1.4268	-0.856349
1.0474	-1.4255	-0.860622
1.04816	-1.4242	-0.855129
1.04892	-1.4229	-0.856349
1.04968	-1.4216	-0.864895
1.05044	-1.4203	-0.865505
1.0512	-1.419	-0.867336
1.05196	-1.4177	-0.86581
1.05272	-1.4164	-0.862453
1.05348	-1.4151	-0.869472
1.05424	-1.4138	-0.87405
1.055	-1.4125	-0.878933
1.05576	-1.4112	-0.872219
1.05652	-1.4099	-0.869167
1.05728	-1.4086	-0.867641
1.05804	-1.4073	-0.872219
1.0588	-1.406	-0.874966
1.05956	-1.4047	-0.87344
1.06032	-1.4034	-0.87466
1.06108	-1.4021	-0.871914
1.06184	-1.4008	-0.870388
1.0626	-1.3995	-0.87405
1.06336	-1.3982	-0.875576
1.06412	-1.3969	-0.879238
1.06488	-1.3956	-0.878323
1.06564	-1.3943	-0.886563
1.0664	-1.393	-0.878323
1.06716	-1.3917	-0.876797
1.06792	-1.3904	-0.876186
1.06868	-1.3891	-0.879849
1.06944	-1.3878	-0.885342
1.0702	-1.3865	-0.884426
1.07096	-1.3852	-0.884121
1.07172	-1.3839	-0.881069
1.07248	-1.3826	-0.880764
1.07324	-1.3813	-0.886563
1.074	-1.38	-0.887478
1.07476	-1.3787	-0.885952
1.07552	-1.3774	-0.880764
1.07628	-1.3761	-0.880459
1.07704	-1.3748	-0.89053
1.0778	-1.3735	-0.887173
1.07856	-1.3722	-0.88168
1.07932	-1.3709	-0.886258
1.08008	-1.3696	-0.892972
1.08084	-1.3683	-0.891751
1.0816	-1.367	-0.880459
1.08236	-1.3657	-0.888089
1.08312	-1.3644	-0.890225
1.08388	-1.3631	-0.892666
1.08464	-1.3618	-0.89053
1.0854	-1.3605	-0.886258
1.08616	-1.3592	-0.885037
1.08692	-1.3579	-0.887478
1.08768	-1.3566	-0.889615
1.08844	-1.3553	-0.891446
1.0892	-1.354	-0.894498
1.08996	-1.3527	-0.895108
1.09072	-1.3514	-0.891446
1.09148	-1.3501	-0.889615
1.09224	-1.3488	-0.887478
1.093	-1.3475	-0.892666
1.09376	-1.3462	-0.891446
1.09452	-1.3449	-0.893277
1.09528	-1.3436	-0.894803
1.09604	-1.3423	-0.897244
1.0968	-1.341	-0.892056
1.09756	-1.3397	-0.893582
1.09832	-1.3384	-0.891446
1.09908	-1.3371	-0.89053
1.09984	-1.3358	-0.897549
1.1006	-1.3345	-0.899075
1.10136	-1.3332	-0.895718
1.10212	-1.3319	-0.892361
1.10288	-1.3306	-0.892972
1.10364	-1.3293	-0.893887
1.1044	-1.328	-0.901822
1.10516	-1.3267	-0.897244
1.10592	-1.3254	-0.889004
1.10668	-1.3241	-0.893277
1.10744	-1.3228	-0.894803
1.1082	-1.3215	-0.896023
1.10896	-1.3202	-0.89877
1.10972	-1.3189	-0.896023
1.11048	-1.3176	-0.89938
1.11124	-1.3163	-0.89877
1.112	-1.315	-0.895108
1.11276	-1.3137	-0.893582
1.11352	-1.3124	-0.895718
1.11428	-1.3111	-0.899075
1.11504	-1.3098	-0.902432
1.1158	-1.3085	-0.892361
1.11656	-1.3072	-0.887478
1.11732	-1.3059	-0.892056
1.11808	-1.3046	-0.900906
1.11884	-1.3033	-0.897855
1.1196	-1.302	-0.896023
1.12036	-1.3007	-0.896634
1.12112	-1.2994	-0.896329
1.12188	-1.2981	-0.901822
1.12264	-1.2968	-0.901517
1.1234	-1.2955	-0.899991
1.12416	-1.2942	-0.899686
1.12492	-1.2929	-0.892972
1.12568	-1.2916	-0.901517
1.12644	-1.2903	-0.903348
1.1272	-1.289	-0.898465
1.12796	-1.2877	-0.894192
1.12872	-1.2864	-0.892361
1.12948	-1.2851	-0.896329
1.13024	-1.2838	-0.897855
1.131	-1.2825	-0.894803
1.13176	-1.2812	-0.889309
1.13252	-1.2799	-0.891446
1.13328	-1.2786	-0.891751
1.13404	-1.2773	-0.895108
1.1348	-1.276	-0.886258
1.13556	-1.2747	-0.889309
1.13632	-1.2734	-0.889004
1.13708	-1.2721	-0.890225
1.13784	-1.2708	-0.897244
1.1386	-1.2695	-0.894803
1.13936	-1.2682	-0.889004
1.14012	-1.2669	-0.895413
1.14088	-1.2656	-0.897855
1.14164	-1.2643	-0.890835
1.1424	-1.263	-0.891446
1.14316	-1.2617	-0.895413
1.14392	-1.2604	-0.892972
1.14468	-1.2591	-0.892666
1.14544	-1.2578	-0.895108
1.1462	-1.2565	-0.888699
1.14696	-1.2552	-0.887173
1.14772	-1.2539	-0.896023
1.14848	-1.2526	-0.888699
1.14924	-1.2513	-0.894498
1.15	-1.25	-0.889615
1.15076	-1.2487	-0.892361
1.15152	-1.2474	-0.896329
1.15228	-1.2461	-0.898465
1.15304	-1.2448	-0.892056
1.1538	-1.2435	-0.892056
1.15456	-1.2422	-0.892056
1.15532	-1.2409	-0.894803
1.15608	-1.2396	-0.891446
1.15684	-1.2383	-0.892056
1.1576	-1.237	-0.893277
1.15836	-1.2357	-0.88992
1.15912	-1.2344	-0.889615
1.15988	-1.2331	-0.887478
1.16064	-1.2318	-0.889004
1.1614	-1.2305	-0.897244
1.16216	-1.2292	-0.897549
1.16292	-1.2279	-0.894803
1.16368	-1.2266	-0.896939
1.16444	-1.2253	-0.895108
1.1652	-1.224	-0.895108
1.16596	-1.2227	-0.895718
1.16672	-1.2214	-0.888699
1.16748	-1.2201	-0.885952
1.16824	-1.2188	-0.89816
1.169	-1.2175	-0.893887
1.16976	-1.2162	-0.891751
1.17052	-1.2149	-0.897549
1.17128	-1.2136	-0.895108
1.17204	-1.2123	-0.892666
1.1728	-1.211	-0.890225
1.17356	-1.2097	-0.890225
1.17432	-1.2084	-0.896939
1.17508	-1.2071	-0.88992
1.17584	-1.2058	-0.894498
1.1766	-1.2045	-0.89938
1.17736	-1.2032	-0.89816
1.17812	-1.2019	-0.897244
1.17888	-1.2006	-0.896634
1.17964	-1.1993	-0.896939
1.1804	-1.198	-0.896634
1.18116	-1.1967	-0.897244
1.18192	-1.1954	-0.891446
1.18268	-1.1941	-0.898465
1.18344	-1.1928	-0.902127
1.1842	-1.1915	-0.896634
1.18496	-1.1902	-0.899686
1.18572	-1.1889	-0.892361
1.18648	-1.1876	-0.897855
1.18724	-1.1863	-0.891446
1.188	-1.185	-0.894192
1.18876	-1.1837	-0.898465
1.18952	-1.1824	-0.895108
1.19028	-1.1811	-0.896329
1.19104	-1.1798	-0.896939
1.1918	-1.1785	-0.896329
1.19256	-1.1772	-0.903958
1.19332	-1.1759	-0.902127
1.19408	-1.1746	-0.894803
1.19484	-1.1733	-0.893277
1.1956	-1.172	-0.894803
1.19636	-1.1707	-0.897855
1.19712	-1.1694	-0.887783
1.19788	-1.1681	-0.897855
1.19864	-1.1668	-0.896939
1.1994	-1.1655	-0.893582
1.20016	-1.1642	-0.891751
1.20092	-1.1629	-0.896023
1.20168	-1.1616	-0.88992
1.20244	-1.1603	-0.89114
1.2032	-1.159	-0.893887
1.20396	-1.1577	-0.891751
1.20472	-1.1564	-0.888699
1.20548	-1.1551	-0.89053
1.20624	-1.1538	-0.887478
1.207	-1.1525	-0.893277
1.20776	-1.1512	-0.895413
1.20852	-1.1499	-0.894498
1.20928	-1.1486	-0.890225
1.21004	-1.1473	-0.891751
1.2108	-1.146	-0.892666
1.21156	-1.1447	-0.896329
1.21232	-1.1434	-0.899075
1.21308	-1.1421	-0.896939
1.21384	-1.1408	-0.894498
1.2146	-1.1395	-0.893277
1.21536	-1.1382	-0.897244
1.21612	-1.1369	-0.893582
1.21688	-1.1356	-0.895718
1.21764	-1.1343	-0.894498
1.2184	-1.133	-0.896939
1.21916	-1.1317	-0.896023
1.21992	-1.1304	-0.902432
1.22068	-1.1291	-0.903348
1.22144	-1.1278	-0.893887
1.2222	-1.1265	-0.893887
1.22296	-1.1252	-0.892361
1.22372	-1.1239	-0.895413
1.22448	-1.1226	-0.893582
1.22524	-1.1213	-0.892361
1.226	-1.12	-0.895413
1.22676	-1.1187	-0.893277
1.22752	-1.1174	-0.888699
1.22828	-1.1161	-0.892666
1.22904	-1.1148	-0.88992
1.2298	-1.1135	-0.885647
1.23056	-1.1122	-0.889004
1.23132	-1.1109	-0.901212
1.23208	-1.1096	-0.899075
1.23284	-1.1083	-0.900296
1.2336	-1.107	-0.89877
1.23436	-1.1057	-0.895718
1.23512	-1.1044	-0.896023
1.23588	-1.1031	-0.888394
1.23664	-1.1018	-0.889004
1.2374	-1.1005	-0.889309
1.23816	-1.0992	-0.894803
1.23892	-1.0979	-0.885342
1.23968	-1.0966	-0.887478
1.24044	-1.0953	-0.889615
1.2412	-1.094	-0.895108
1.24196	-1.0927	-0.89816
1.24272	-1.0914	-0.897855
1.24348	-1.0901	-0.891446
1.24424	-1.0888	-0.895718
1.245	-1.0875	-0.897549
1.24576	-1.0862	-0.896939
1.24652	-1.0849	-0.895718
1.24728	-1.0836	-0.900601
1.24804	-1.0823	-0.897855
1.2488	-1.081	-0.896634
1.24956	-1.0797	-0.901212
1.25032	-1.0784	-0.895718
1.25108	-1.0771	-0.889309
1.25184	-1.0758	-0.88992
1.2526	-1.0745	-0.888699
1.25336	-1.0732	-0.89114
1.25412	-1.0719	-0.895108
1.25488	-1.0706	-0.899686
1.25564	-1.0693	-0.900296
1.2564	-1.068	-0.89114
1.25716	-1.0667	-0.88992
1.25792	-1.0654	-0.88992
1.25868	-1.0641	-0.889615
1.25944	-1.0628	-0.894192
1.2602	-1.0615	-0.893887
1.26096	-1.0602	-0.894803
1.26172	-1.0589	-0.894498
1.26248	-1.0576	-0.896939
1.26324	-1.0563	-0.901212
1.264	-1.055	-0.894192
1.26476	-1.0537	-0.89816
1.26552	-1.0524	-0.897855
1.26628	-1.0511	-0.891446
1.26704	-1.0498	-0.895718
1.2678	-1.0485	-0.890835
1.26856	-1.0472	-0.892666
1.26932	-1.0459	-0.89114
1.27008	-1.0446	-0.895718
1.27084	-1.0433	-0.896023
1.2716	-1.042	-0.895718
1.27236	-1.0407	-0.89938
1.27312	-1.0394	-0.900601
1.27388	-1.0381	-0.89816
1.27464	-1.0368	-0.89877
1.2754	-1.0355	-0.897549
1.27616	-1.0342	-0.894192
1.27692	-1.0329	-0.900601
1.27768	-1.0316	-0.89938
1.27844	-1.0303	-0.897549
1.2792	-1.029	-0.899991
1.27996	-1.0277	-0.896023
1.28072	-1.0264	-0.896023
1.28148	-1.0251	-0.889309
1.28224	-1.0238	-0.896329
1.283	-1.0225	-0.897549
1.28376	-1.0212	-0.895718
1.28452	-1.0199	-0.896939
1.28528	-1.0186	-0.895413
1.28604	-1.0173	-0.891751
1.2868	-1.016	-0.895108
1.28756	-1.0147	-0.892056
1.28832	-1.0134	-0.898465
1.28908	-1.0121	-0.893582
1.28984	-1.0108	-0.895718
1.2906	-1.0095	-0.900906
1.29136	-1.0082	-0.899075
1.29212	-1.0069	-0.892972
1.29288	-1.0056	-0.89816
1.29364	-1.0043	-0.897549
1.2944	-1.003	-0.897244
1.29516	-1.0017	-0.894803
1.29592	-1.0004	-0.897549
1.29668	-0.9991	-0.896939
1.29744	-0.9978	-0.899686
1.2982	-0.9965	-0.900296
1.29896	-0.9952	-0.903653
1.29972	-0.9939	-0.902432
1.30048	-0.9926	-0.901517
1.30124	-0.9913	-0.901517
1.302	-0.99	-0.897549
1.30276	-0.9887	-0.899991
1.30352	-0.9874	-0.89938
1.30428	-0.9861	-0.902127
1.30504	-0.9848	-0.897549
1.3058	-0.9835	-0.903043
1.30656	-0.9822	-0.904569
1.30732	-0.9809	-0.900601
1.30808	-0.9796	-0.901212
1.30884	-0.9783	-0.901517
1.3096	-0.977	-0.89938
1.31036	-0.9757	-0.894192
1.31112	-0.9744	-0.900601
1.31188	-0.9731	-0.89938
1.31264	-0.9718	-0.896634
1.3134	-0.9705	-0.902432
1.31416	-0.9692	-0.898465
1.31492	-0.9679	-0.89938
1.31568	-0.9666	-0.900296
1.31644	-0.9653	-0.903043
1.3172	-0.964	-0.904263
1.31796	-0.9627	-0.89938
1.31872	-0.9614	-0.894498
1.31948	-0.9601	-0.903958
1.32024	-0.9588	-0.904874
1.321	-0.9575	-0.900906
1.32176	-0.9562	-0.896023
1.32252	-0.9549	-0.89877
1.32328	-0.9536	-0.902432
1.32404	-0.9523	-0.898465
1.3248	-0.951	-0.894498
1.32556	-0.9497	-0.896023
1.32632	-0.9484	-0.896634
1.32708	-0.9471	-0.897549
1.32784	-0.9458	-0.89053
1.3286	-0.9445	-0.89877
1.32936	-0.9432	-0.899075
1.33012	-0.9419	-0.902432
1.33088	-0.9406	-0.905484
1.33164	-0.9393	-0.893582
1.3324	-0.938	-0.900296
1.33316	-0.9367	-0.899686
1.33392	-0.9354	-0.900906
1.33468	-0.9341	-0.901517
1.33544	-0.9328	-0.902127
1.3362	-0.9315	-0.9064
1.33696	-0.9302	-0.901212
1.33772	-0.9289	-0.907315
1.33848	-0.9276	-0.902737
1.33924	-0.9263	-0.902432
1.34	-0.925	-0.903348
1.34076	-0.9237	-0.905789
1.34152	-0.9224	-0.902432
1.34228	-0.9211	-0.901822
1.34304	-0.9198	-0.901212
1.3438	-0.9185	-0.905179
1.34456	-0.9172	-0.902432
1.34532	-0.9159	-0.899686
1.34608	-0.9146	-0.896634
1.34684	-0.9133	-0.900906
1.3476	-0.912	-0.900906
1.34836	-0.9107	-0.907315
1.34912	-0.9094	-0.90762
1.34988	-0.9081	-0.909757
1.35064	-0.9068	-0.907315
1.3514	-0.9055	-0.905179
1.35216	-0.9042	-0.894803
1.35292	-0.9029	-0.900601
1.35368	-0.9016	-0.902127
1.35444	-0.9003	-0.901822
1.3552	-0.899	-0.903348
1.35596	-0.8977	-0.899075
1.35672	-0.8964	-0.901517
1.35748	-0.8951	-0.896634
1.35824	-0.8938	-0.903348
1.359	-0.8925	-0.897855
1.35976	-0.8912	-0.89816
1.36052	-0.8899	-0.897244
1.36128	-0.8886	-0.903958
1.36204	-0.8873	-0.903958
1.3628	-0.886	-0.902127
1.36356	-0.8847	-0.900906
1.36432	-0.8834	-0.89877
1.36508	-0.8821	-0.901212
1.36584	-0.8808	-0.89938
1.3666	-0.8795	-0.900296
1.36736	-0.8782	-0.905179
1.36812	-0.8769	-0.902127
1.36888	-0.8756	-0.89816
1.36964	-0.8743	-0.89938
1.3704	-0.873	-0.901517
1.37116	-0.8717	-0.90701
1.37192	-0.8704	-0.901212
1.37268	-0.8691	-0.894498
1.37344	-0.8678	-0.899686
1.3742	-0.8665	-0.905789
1.37496	-0.8652	-0.904569
1.37572	-0.8639	-0.902127
1.37648	-0.8626	-0.902127
1.37724	-0.8613	-0.9064
1.378	-0.86	-0.894498
1.37876	-0.8587	-0.895413
1.37952	-0.8574	-0.903958
1.38028	-0.8561	-0.907926
1.38104	-0.8548	-0.90762
1.3818	-0.8535	-0.901212
1.38256	-0.8522	-0.897549
1.38332	-0.8509	-0.900906
1.38408	-0.8496	-0.902737
1.38484	-0.8483	-0.900601
1.3856	-0.847	-0.905179
1.38636	-0.8457	-0.902432
1.38712	-0.8444	-0.89816
1.38788	-0.8431	-0.899075
1.38864	-0.8418	-0.897549
1.3894	-0.8405	-0.898465
1.39016	-0.8392	-0.897549
1.39092	-0.8379	-0.901822
1.39168	-0.8366	-0.901212
1.39244	-0.8353	-0.905789
1.3932	-0.834	-0.899991
1.39396	-0.8327	-0.89938
1.39472	-0.8314	-0.902737
1.39548	-0.8301	-0.903653
1.39624	-0.8288	-0.904569
1.397	-0.8275	-0.900906
1.39776	-0.8262	-0.89938
1.39852	-0.8249	-0.899991
1.39928	-0.8236	-0.9064
1.40004	-0.8223	-0.902737
1.4008	-0.821	-0.902432
1.40156	-0.8197	-0.901822
1.40232	-0.8184	-0.905179
1.40308	-0.8171	-0.906705
1.40384	-0.8158	-0.903043
1.4046	-0.8145	-0.903043
1.40536	-0.8132	-0.901517
1.40612	-0.8119	-0.903348
1.40688	-0.8106	-0.900601
1.40764	-0.8093	-0.902432
1.4084	-0.808	-0.903653
1.40916	-0.8067	-0.89938
1.40992	-0.8054	-0.899686
1.41068	-0.8041	-0.903043
1.41144	-0.8028	-0.900906
1.4122	-0.8015	-0.900601
1.41296	-0.8002	-0.902432
1.41372	-0.7989	-0.906705
1.41448	-0.7976	-0.902127
1.41524	-0.7963	-0.903653
1.416	-0.795	-0.905179
1.41676	-0.7937	-0.907926
1.41752	-0.7924	-0.903043
1.41828	-0.7911	-0.903348
1.41904	-0.7898	-0.912198
1.4198	-0.7885	-0.911588
1.42056	-0.7872	-0.90701
1.42132	-0.7859	-0.903348
1.42208	-0.7846	-0.900906
1.42284	-0.7833	-0.903958
1.4236	-0.782	-0.900601
1.42436	-0.7807	-0.905179
1.42512	-0.7794	-0.903958
1.42588	-0.7781	-0.89816
1.42664	-0.7768	-0.900601
1.4274	-0.7755	-0.900296
1.42816	-0.7742	-0.898465
1.42892	-0.7729	-0.906095
1.42968	-0.7716	-0.905789
1.43044	-0.7703	-0.904569
1.4312	-0.769	-0.909757
1.43196	-0.7677	-0.90701
1.43272	-0.7664	-0.902737
1.43348	-0.7651	-0.904263
1.43424	-0.7638	-0.904874
1.435	-0.7625	-0.902737
1.43576	-0.7612	-0.901517
1.43652	-0.7599	-0.905179
1.43728	-0.7586	-0.904263
1.43804	-0.7573	-0.901517
1.4388	-0.756	-0.903653
1.43956	-0.7547	-0.909146
1.44032	-0.7534	-0.89877
1.44108	-0.7521	-0.896939
1.44184	-0.7508	-0.899686
1.4426	-0.7495	-0.903653
1.44336	-0.7482	-0.90701
1.44412	-0.7469	-0.911283
1.44488	-0.7456	-0.912198
1.44564	-0.7443	-0.909757
1.4464	-0.743	-0.906095
1.44716	-0.7417	-0.903043
1.44792	-0.7404	-0.906705
1.44868	-0.7391	-0.908536
1.44944	-0.7378	-0.902737
1.4502	-0.7365	-0.901212
1.45096	-0.7352	-0.906705
1.45172	-0.7339	-0.904263
1.45248	-0.7326	-0.896329
1.45324	-0.7313	-0.903653
1.454	-0.73	-0.904569
1.45476	-0.7287	-0.903958
1.45552	-0.7274	-0.902737
1.45628	-0.7261	-0.90701
1.45704	-0.7248	-0.896329
1.4578	-0.7235	-0.897549
1.45856	-0.7222	-0.897244
1.45932	-0.7209	-0.899075
1.46008	-0.7196	-0.900906
1.46084	-0.7183	-0.898465
1.4616	-0.717	-0.893887
1.46236	-0.7157	-0.894498
1.46312	-0.7144	-0.897855
1.46388	-0.7131	-0.899075
1.46464	-0.7118	-0.897855
1.4654	-0.7105	-0.893277
1.46616	-0.7092	-0.89877
1.46692	-0.7079	-0.899991
1.46768	-0.7066	-0.905179
1.46844	-0.7053	-0.906705
1.4692	-0.704	-0.9064
1.46996	-0.7027	-0.901822
1.47072	-0.7014	-0.89938
1.47148	-0.7001	-0.902127
1.47224	-0.6988	-0.89877
1.473	-0.6975	-0.89877
1.47376	-0.6962	-0.897244
1.47452	-0.6949	-0.896939
1.47528	-0.6936	-0.893277
1.47604	-0.6923	-0.894803
1.4768	-0.691	-0.89877
1.47756	-0.6897	-0.89938
1.47832	-0.6884	-0.899075
1.47908	-0.6871	-0.897549
1.47984	-0.6858	-0.896023
1.4806	-0.6845	-0.895413
1.48136	-0.6832	-0.900906
1.48212	-0.6819	-0.902737
1.48288	-0.6806	-0.904569
1.48364	-0.6793	-0.902432
1.4844	-0.678	-0.900296
1.48516	-0.6767	-0.902127
1.48592	-0.6754	-0.895413
1.48668	-0.6741	-0.901822
1.48744	-0.6728	-0.897549
1.4882	-0.6715	-0.896023
1.48896	-0.6702	-0.899991
1.48972	-0.6689	-0.903653
1.49048	-0.6676	-0.908536
1.49124	-0.6663	-0.908536
1.492	-0.665	-0.896329
1.49276	-0.6637	-0.899991
1.49352	-0.6624	-0.900601
1.49428	-0.6611	-0.897549
1.49504	-0.6598	-0.901212
1.4958	-0.6585	-0.896329
1.49656	-0.6572	-0.900601
1.49732	-0.6559	-0.900296
1.49808	-0.6546	-0.901212
1.49884	-0.6533	-0.905789
1.4996	-0.652	-0.902737
1.50036	-0.6507	-0.89938
1.50112	-0.6494	-0.9064
1.50188	-0.6481	-0.903958
1.50264	-0.6468	-0.903348
1.5034	-0.6455	-0.905484
1.50416	-0.6442	-0.908841
1.50492	-0.6429	-0.902127
1.50568	-0.6416	-0.899991
1.50644	-0.6403	-0.896023
1.5072	-0.639	-0.89877
1.50796	-0.6377	-0.902432
1.50872	-0.6364	-0.901822
1.50948	-0.6351	-0.896939
1.51024	-0.6338	-0.896939
1.511	-0.6325	-0.900906
1.51176	-0.6312	-0.902127
1.51252	-0.6299	-0.896329
1.51328	-0.6286	-0.891446
1.51404	-0.6273	-0.894192
1.5148	-0.626	-0.895108
1.51556	-0.6247	-0.896634
1.51632	-0.6234	-0.898465
1.51708	-0.6221	-0.893277
1.51784	-0.6208	-0.895718
1.5186	-0.6195	-0.896634
1.51936	-0.6182	-0.902432
1.52012	-0.6169	-0.89114
1.52088	-0.6156	-0.892361
1.52164	-0.6143	-0.889615
1.5224	-0.613	-0.886868
1.52316	-0.6117	-0.893887
1.52392	-0.6104	-0.890835
1.52468	-0.6091	-0.892056
1.52544	-0.6078	-0.89053
1.5262	-0.6065	-0.895108
1.52696	-0.6052	-0.890835
1.52772	-0.6039	-0.891751
1.52848	-0.6026	-0.889615
1.52924	-0.6013	-0.891446
