+0216.7 -00.015  00.164
+0215.2  00.000  00.165
+0216.0 -00.009  00.165
+0216.6 -00.013  00.165
+0213.3 -00.012  00.164
+0216.5 -00.018  00.164
+0217.0 -00.012  00.164
+0216.4 -00.007  00.165
+0216.9 -00.007  00.165
+0216.3 -00.016  00.164
+0216.8 -00.016  00.165
+0217.3 -00.013  00.165
+0217.8 -00.014  00.165
+0218.5 -00.003  00.166
+0219.0 -00.021  00.166
+0219.7 -00.015  00.167
+0220.3 -00.010  00.168
+0220.8 -00.031  00.168
+0220.2 -00.015  00.168
+0221.2 -00.000  00.168
+0221.7 -00.012  00.168
+0222.2 -00.017  00.169
+0222.7 -00.003  00.169
+0223.2 -00.011  00.170
+0223.7 -00.011  00.170
+0224.3 -00.001  00.171
+0224.8 -00.012  00.171
+0225.3 -00.010  00.172
+0225.8 -00.022  00.171
+0226.4 -00.012  00.173
+0226.9 -00.014  00.172
+0227.4 -00.013  00.173
+0227.9 -00.005  00.174
+0228.4 -00.006  00.174
+0228.9 -00.001  00.175
+0229.4 -00.002  00.175
+0230.0  00.015  00.177
+0230.6  00.005  00.177
+0231.1  00.003  00.176
+0231.7 -00.033  00.177
+0232.3 -00.011  00.178
+0232.9 -00.014  00.178
+0233.4 -00.008  00.179
+0233.9 -00.003  00.179
+0234.4 -00.002  00.179
+0234.9 -00.002  00.180
+0235.4  00.000  00.181
+0235.9 -00.008  00.181
+0236.4 -00.019  00.181
+0236.9 -00.017  00.181
+0237.4 -00.009  00.182
+0237.9 -00.023  00.182
+0238.4 -00.013  00.182
+0238.9 -00.008  00.183
+0239.4 -00.010  00.184
+0239.9 -00.006  00.184
+0240.4 -00.010  00.184
+0240.9 -00.005  00.186
+0241.4 -00.010  00.185
+0241.9 -00.024  00.186
+0242.4 -00.070  00.186
+0242.9 -00.014  00.187
+0243.4 -00.003  00.187
+0243.9 -00.011  00.187
+0244.4 -00.010  00.187
+0244.9 -00.016  00.188
+0245.4 -00.012  00.189
+0245.9 -00.021  00.190
+0246.4 -00.019  00.189
+0246.9 -00.010  00.190
+0247.5 -00.001  00.190
+0248.0 -00.008  00.191
+0248.5 -00.007  00.191
+0249.0 -00.002  00.191
+0249.5 -00.002  00.192
+0250.1 -00.017  00.192
+0250.7 -00.010  00.193
+0251.4 -00.014  00.193
+0252.1 -00.004  00.193
+0252.7 -00.020  00.194
+0253.4 -00.016  00.195
+0254.1 -00.002  00.195
+0254.7 -00.006  00.197
+0255.3 -00.014  00.197
+0255.9  00.001  00.197
+0256.5 -00.002  00.198
+0257.3 -00.020  00.198
+0257.9 -00.011  00.199
+0258.5 -00.017  00.199
+0259.1 -00.005  00.200
+0259.9 -00.004  00.200
+0260.5 -00.009  00.201
+0261.1 -00.000  00.201
+0261.8 -00.012  00.201
+0262.4 -00.014  00.202
+0263.0 -00.012  00.202
+0263.7 -00.013  00.203
+0264.3 -00.006  00.203
+0264.9 -00.003  00.205
+0265.5 -00.012  00.204
+0266.1 -00.015  00.205
+0266.7 -00.011  00.205
+0267.1 -00.002  00.206
+0267.4 -00.002  00.206
+0267.4 -00.004  00.206
+0267.6 -00.003  00.206
+0267.7 -00.009  00.206
+0267.8 -00.006  00.206
+0267.9  00.004  00.207
+0268.0  00.004  00.207
+0268.1 -00.000  00.206
+0268.1 -00.020  00.207
+0268.3 -00.005  00.207
+0268.4  00.009  00.208
+0268.6 -00.027  00.208
+0268.7 -00.013  00.208
+0268.8 -00.013  00.207
+0268.9 -00.000  00.207
+0269.0 -00.022  00.207
+0269.0 -00.019  00.207
+0269.1 -00.004  00.207
+0269.3  00.004  00.207
+0269.4 -00.004  00.208
+0269.4 -00.013  00.208
+0269.6 -00.008  00.207
+0269.7 -00.013  00.208
+0269.9 -00.006  00.208
+0270.0 -00.002  00.208
+0270.1 -00.009  00.209
+0270.0 -00.014  00.209
+0270.2 -00.014  00.209
+0270.3 -00.019  00.209
+0270.5 -00.002  00.209
+0270.6 -00.012  00.209
+0270.6 -00.013  00.209
+0270.7 -00.006  00.209
+0270.9 -00.005  00.209
+0271.0 -00.005  00.209
+0270.9 -00.013  00.209
+0271.1 -00.011  00.210
+0271.3 -00.006  00.210
+0271.4 -00.005  00.209
+0271.5 -00.007  00.209
+0271.6 -00.003  00.209
+0271.6 -00.003  00.210
+0271.9 -00.011  00.209
+0271.9 -00.022  00.209
+0272.1 -00.009  00.209
+0272.3 -00.007  00.210
+0272.3 -00.005  00.209
+0272.3 -00.015  00.211
+0272.6 -00.015  00.210
+0272.7 -00.008  00.210
+0272.8 -00.010  00.210
+0272.9 -00.008  00.210
+0273.0 -00.023  00.211
+0273.1 -00.011  00.210
+0273.1 -00.011  00.211
+0273.3 -00.009  00.211
+0273.4 -00.009  00.211
+0273.5 -00.005  00.211
+0273.6 -00.007  00.211
+0273.8 -00.000  00.211
+0273.9 -00.022  00.211
+0274.0 -00.022  00.211
+0274.1 -00.011  00.212
+0274.1 -00.004  00.212
+0274.2  00.000  00.212
+0274.4 -00.006  00.212
+0274.6 -00.003  00.211
+0274.7  00.003  00.212
+0274.7  00.005  00.212
+0274.8 -00.012  00.212
+0275.0 -00.008  00.212
+0275.0 -00.006  00.212
+0275.1  00.001  00.213
+0275.3 -00.018  00.212
+0275.4 -00.018  00.212
+0275.5 -00.000  00.212
+0275.6  00.005  00.212
+0275.7  00.000  00.212
+0275.8 -00.008  00.213
+0276.0 -00.007  00.212
+0276.0  00.007  00.213
+0276.4  00.002  00.213
+0276.7 -00.005  00.213
+0276.8  00.006  00.213
+0276.9 -00.015  00.213
+0277.0 -00.001  00.214
+0277.0  00.006  00.213
+0277.0  00.006  00.213
+0277.1 -00.010  00.214
+0277.1  00.008  00.214
+0277.3 -00.004  00.214
+0277.4 -00.009  00.215
+0277.3 -00.001  00.214
+0277.4 -00.001  00.214
+0277.7 -00.003  00.214
+0277.7 -00.007  00.215
+0277.8  00.001  00.215
+0277.9  00.004  00.214
+0278.1  00.005  00.215
+0278.2 -00.002  00.215
+0278.2 -00.002  00.215
+0278.3  00.006  00.215
+0278.4 -00.015  00.215
+0278.6 -00.013  00.215
+0278.7 -00.017  00.215
+0278.7  00.017  00.215
+0278.9  00.017  00.214
+0279.0  00.001  00.215
+0278.9  00.003  00.216
+0279.1 -00.005  00.216
+0279.2 -00.002  00.216
+0279.4  00.003  00.216
+0279.5  00.003  00.215
+0279.6 -00.004  00.216
+0279.8 -00.008  00.216
+0279.9 -00.007  00.216
+0280.0  00.005  00.216
+0280.1  00.007  00.216
+0280.3 -00.000  00.217
+0280.3 -00.000  00.217
+0280.4  00.007  00.216
+0280.7  00.002  00.216
+0280.9  00.000  00.216
+0281.1  00.003  00.217
+0280.9  00.003  00.217
+0280.9  00.009  00.217
+0281.1  00.002  00.217
+0281.2  00.004  00.217
+0281.3  00.002  00.217
+0281.4  00.015  00.218
+0281.4  00.013  00.217
+0281.6  00.013  00.217
+0281.6  00.007  00.217
+0281.8  00.002  00.218
+0281.9  00.002  00.217
+0282.0  00.005  00.217
+0282.1 -00.000  00.218
+0282.3 -00.002  00.218
+0282.5  00.003  00.219
+0282.6 -00.000  00.218
+0282.8 -00.000  00.218
+0282.7  00.003  00.218
+0282.9  00.010  00.218
+0283.0  00.014  00.219
+0283.1  00.002  00.219
+0283.1  00.013  00.218
+0283.3  00.013  00.219
+0283.4  00.008  00.219
+0283.6  00.001  00.219
+0283.6 -00.000  00.219
+0283.8  00.000  00.218
+0284.1  00.015  00.220
+0284.0  00.015  00.219
+0284.1  00.012  00.219
+0284.2  00.003  00.219
+0284.2  00.001  00.219
+0284.4  00.005  00.220
+0284.5  00.007  00.220
+0284.6  00.020  00.220
+0284.7  00.020  00.219
+0284.9  00.018  00.220
+0285.0  00.007  00.220
+0285.1 -00.004  00.220
+0285.0  00.016  00.219
+0285.4  00.012  00.220
+0285.3  00.020  00.220
+0285.5  00.020  00.220
+0285.7  00.006  00.220
+0285.8  00.011  00.220
+0286.0  00.015  00.221
+0286.2  00.016  00.221
+0286.2  00.021  00.221
+0286.3  00.021  00.220
+0286.3  00.021  00.221
+0286.4  00.009  00.221
+0286.6  00.031  00.221
+0286.7  00.001  00.221
+0286.8  00.005  00.221
+0287.0  00.007  00.221
+0287.0  00.016  00.221
+0287.0  00.023  00.222
+0287.1  00.023  00.222
+0287.4  00.007  00.222
+0287.5  00.016  00.222
+0287.6  00.007  00.222
+0287.7  00.010  00.223
+0287.8  00.017  00.222
+0287.9  00.013  00.222
+0288.0  00.014  00.222
+0288.1  00.027  00.222
+0288.1  00.017  00.222
+0288.4  00.012  00.223
+0288.4  00.016  00.223
+0288.6  00.020  00.223
+0288.6  00.020  00.223
+0288.9  00.021  00.223
+0288.9  00.010  00.223
+0289.0  00.017  00.223
+0289.1  00.016  00.223
+0289.2  00.029  00.223
+0289.4  00.029  00.224
+0289.4  00.021  00.224
+0289.5  00.028  00.223
+0289.7  00.028  00.223
+0289.7  00.034  00.223
+0289.8  00.017  00.223
+0290.0  00.017  00.225
+0290.1  00.014  00.224
+0290.0  00.034  00.224
+0290.3  00.019  00.224
+0290.3  00.026  00.225
+0290.5  00.030  00.225
+0290.7  00.035  00.224
+0290.6  00.035  00.225
+0290.8  00.015  00.225
+0291.0  00.034  00.225
+0291.0  00.021  00.225
+0291.1  00.046  00.225
+0291.1  00.034  00.225
+0291.2  00.034  00.226
+0291.3  00.040  00.225
+0291.5  00.039  00.225
+0291.6  00.039  00.225
+0291.7  00.050  00.226
+0291.9  00.036  00.225
+0292.0  00.044  00.226
+0292.0  00.044  00.226
+0292.2  00.041  00.226
+0292.3  00.054  00.226
+0292.5  00.037  00.226
+0292.7  00.041  00.226
+0293.1  00.032  00.226
+0293.1  00.053  00.226
+0293.0  00.053  00.227
+0293.4  00.052  00.226
+0293.5  00.049  00.227
+0293.2  00.057  00.227
+0293.4  00.060  00.227
+0293.3  00.044  00.227
+0293.8  00.044  00.227
+0293.9  00.060  00.227
+0294.0  00.062  00.227
+0294.1  00.050  00.227
+0294.3  00.064  00.227
+0294.4  00.061  00.227
+0294.5  00.079  00.227
+0294.6  00.079  00.228
+0294.7  00.053  00.227
+0294.8  00.066  00.227
+0294.9  00.068  00.227
+0295.0  00.074  00.227
+0295.0  00.085  00.228
+0295.5  00.072  00.227
+0295.7  00.072  00.228
+0295.8  00.082  00.228
+0296.0  00.087  00.228
+0296.1  00.085  00.228
+0296.1  00.091  00.229
+0296.3  00.097  00.228
+0296.2  00.095  00.229
+0296.5  00.095  00.228
+0296.6  00.095  00.229
+0296.7  00.102  00.229
+0296.8  00.102  00.229
+0297.0  00.104  00.230
+0296.9  00.104  00.229
+0297.0  00.107  00.229
+0297.2  00.107  00.229
+0297.3  00.117  00.229
+0297.4  00.125  00.229
+0297.6  00.128  00.229
+0297.6  00.133  00.230
+0297.7  00.131  00.230
+0297.8  00.127  00.230
+0298.0  00.127  00.230
+0298.1  00.127  00.229
+0298.1  00.149  00.229
+0298.4  00.153  00.230
+0298.5  00.160  00.231
+0298.6  00.168  00.230
+0298.7  00.168  00.230
+0298.8  00.167  00.230
+0298.9  00.172  00.231
+0299.1  00.162  00.231
+0299.1  00.184  00.231
+0299.1  00.191  00.231
+0299.1  00.190  00.231
+0299.3  00.190  00.231
+0299.4  00.201  00.231
+0299.6  00.209  00.231
+0299.6  00.209  00.231
+0299.7  00.214  00.231
+0299.6  00.225  00.231
+0299.6  00.219  00.231
+0299.7  00.229  00.231
+0299.7  00.234  00.231
+0299.9  00.235  00.231
+0299.8  00.235  00.231
+0300.0  00.241  00.232
+0300.0  00.238  00.231
+0300.1  00.243  00.231
+0300.1  00.255  00.232
+0300.1  00.261  00.231
+0300.2  00.252  00.231
+0300.3  00.252  00.231
+0300.3  00.264  00.232
+0300.3  00.266  00.232
+0300.4  00.277  00.232
+0300.4  00.273  00.233
+0300.6  00.274  00.232
+0300.6  00.274  00.232
+0300.6  00.285  00.232
+0300.6  00.284  00.232
+0300.7  00.289  00.232
+0300.6  00.293  00.231
+0300.7  00.289  00.232
+0300.6  00.293  00.232
+0300.8  00.293  00.232
+0300.8  00.305  00.232
+0300.9  00.305  00.232
+0300.9  00.308  00.232
+0300.9  00.331  00.232
+0301.0  00.327  00.232
+0301.0  00.320  00.232
+0301.1  00.339  00.233
+0301.0  00.330  00.233
+0300.8  00.330  00.232
+0301.1  00.345  00.232
+0301.1  00.351  00.233
+0301.1  00.338  00.233
+0301.0  00.352  00.232
+0301.0  00.361  00.233
+0301.2  00.368  00.233
+0301.3  00.368  00.233
+0301.3  00.359  00.233
+0301.4  00.364  00.233
+0301.4  00.387  00.233
+0301.4  00.372  00.233
+0301.5  00.388  00.233
+0301.6  00.384  00.233
+0301.5  00.384  00.232
+0301.5  00.394  00.233
+0301.7  00.403  00.233
+0301.7  00.402  00.233
+0301.7  00.405  00.233
+0301.8  00.414  00.232
+0301.7  00.421  00.233
+0301.9  00.421  00.233
+0301.8  00.427  00.233
+0301.9  00.438  00.233
+0301.9  00.453  00.233
+0302.1  00.451  00.233
+0302.0  00.453  00.233
+0302.1  00.458  00.232
+0302.1  00.467  00.233
+0302.1  00.472  00.234
+0302.2  00.472  00.233
+0302.3  00.470  00.233
+0302.2  00.482  00.233
+0302.3  00.502  00.233
+0302.3  00.504  00.233
+0302.5  00.513  00.234
+0302.5  00.519  00.233
+0302.5  00.519  00.233
+0302.5  00.527  00.234
+0302.5  00.533  00.234
+0302.5  00.543  00.234
+0302.6  00.532  00.234
+0302.7  00.539  00.234
+0302.7  00.544  00.234
+0302.7  00.544  00.234
+0302.8  00.569  00.234
+0302.8  00.576  00.234
+0302.8  00.579  00.234
+0302.9  00.589  00.234
+0302.9  00.594  00.234
+0303.0  00.612  00.234
+0303.0  00.610  00.234
+0303.0  00.629  00.234
+0303.0  00.640  00.234
+0303.0  00.640  00.234
+0303.0  00.626  00.234
+0302.9  00.634  00.234
+0303.2  00.655  00.234
+0303.3  00.667  00.234
+0303.3  00.681  00.234
+0303.4  00.674  00.235
+0303.4  00.682  00.234
+0303.4  00.697  00.234
+0303.5  00.697  00.234
+0303.5  00.707  00.234
+0303.6  00.725  00.234
+0303.5  00.723  00.234
+0303.3  00.739  00.234
+0303.6  00.758  00.235
+0303.7  00.750  00.234
+0303.8  00.750  00.235
+0303.8  00.764  00.235
+0303.6  00.775  00.234
+0303.8  00.776  00.234
+0303.9  00.796  00.234
+0303.9  00.802  00.235
+0303.9  00.809  00.235
+0303.9  00.809  00.235
+0304.0  00.829  00.234
+0304.0  00.843  00.234
+0304.1  00.843  00.235
+0304.0  00.855  00.235
+0304.0  00.877  00.235
+0304.1  00.879  00.235
+0303.9  00.863  00.235
+0304.2  00.900  00.235
+0304.3  00.898  00.235
+0304.3  00.888  00.235
+0304.4  00.868  00.235
+0304.3  00.890  00.235
+0304.4  00.910  00.236
+0304.1  00.901  00.236
+0304.2  00.905  00.235
+0304.3  00.939  00.235
+0304.3  00.932  00.235
+0304.3  00.932  00.235
+0304.3  00.945  00.235
+0304.4  00.951  00.236
+0304.4  00.946  00.236
+0304.5  00.974  00.235
+0304.5  00.971  00.235
+0304.6  00.969  00.235
+0304.6  00.969  00.235
+0304.7  00.986  00.235
+0304.6  00.979  00.236
+0304.7  00.981  00.236
+0304.7  00.980  00.235
+0304.9  00.970  00.236
+0304.9  00.975  00.236
+0304.8  00.970  00.235
+0304.9  00.970  00.235
+0304.9  00.980  00.236
+0304.9  00.973  00.235
+0305.0  00.961  00.235
+0305.0  00.957  00.235
+0305.1  00.938  00.235
+0305.0  00.946  00.236
+0305.2  00.946  00.236
+0305.2  00.918  00.236
+0305.2  00.906  00.236
+0305.3  00.898  00.236
+0305.3  00.875  00.236
+0305.4  00.881  00.236
+0305.4  00.852  00.235
+0305.4  00.852  00.236
+0305.5  00.825  00.236
+0305.5  00.808  00.236
+0305.5  00.792  00.236
+0305.5  00.754  00.236
+0305.6  00.753  00.236
+0305.6  00.732  00.235
+0305.7  00.700  00.235
+0305.6  00.666  00.236
+0305.7  00.666  00.236
+0305.7  00.660  00.237
+0305.7  00.633  00.237
+0305.7  00.626  00.236
+0305.7  00.610  00.236
+0305.7  00.593  00.237
+0305.7  00.602  00.236
+0305.8  00.602  00.236
+0305.8  00.598  00.236
+0305.8  00.583  00.236
+0305.8  00.561  00.237
+0305.8  00.548  00.237
+0305.9  00.523  00.236
+0305.9  00.515  00.237
+0305.8  00.515  00.236
+0305.9  00.505  00.236
+0305.9  00.495  00.236
+0305.9  00.483  00.236
+0305.9  00.484  00.236
+0305.9  00.457  00.237
+0305.9  00.445  00.237
+0305.9  00.445  00.237
+0305.9  00.444  00.236
+0305.9  00.417  00.237
+0305.9  00.416  00.237
+0306.0  00.374  00.237
+0306.0  00.382  00.237
+0306.1  00.358  00.237
+0306.0  00.359  00.236
+0306.0  00.343  00.236
+0306.1  00.323  00.237
+0305.9  00.314  00.237
+0306.4  00.303  00.237
+0306.1  00.286  00.237
+0306.1  00.266  00.236
+0306.1  00.266  00.237
+0306.1  00.260  00.236
+0305.9  00.250  00.236
+0306.0  00.219  00.236
+0306.0  00.213  00.238
+0306.1  00.183  00.237
+0306.0  00.165  00.237
+0306.1  00.165  00.237
+0306.1  00.156  00.237
+0306.1  00.134  00.237
+0306.2  00.124  00.237
+0306.2  00.114  00.237
+0306.2  00.084  00.237
+0306.3  00.063  00.237
+0306.2  00.063  00.236
+0306.2  00.049  00.237
+0306.2  00.038  00.237
+0306.3  00.003  00.237
+0306.2 -00.002  00.236
+0306.3 -00.018  00.238
+0306.3 -00.018  00.237
+0306.3 -00.056  00.236
+0306.3 -00.069  00.237
+0306.3 -00.081  00.236
+0306.4 -00.112  00.236
+0306.3 -00.127  00.237
+0306.4 -00.142  00.237
+0306.3 -00.175  00.237
+0306.5 -00.175  00.237
+0306.7 -00.204  00.237
+0306.8 -00.239  00.237
+0306.8 -00.254  00.236
+0306.8 -00.254  00.237
+0306.8 -00.279  00.237
+0306.8 -00.291  00.237
+0306.8 -00.340  00.237
+0306.8 -00.341  00.237
+0306.8 -00.363  00.237
+0306.8 -00.381  00.237
+0306.9 -00.381  00.237
+0307.1 -00.416  00.237
+0307.1 -00.430  00.237
+0306.6 -00.454  00.237
+0306.7 -00.482  00.238
+0306.8 -00.500  00.236
+0307.0 -00.522  00.238
+0306.9 -00.522  00.237
+0307.0 -00.544  00.237
+0307.0 -00.589  00.236
+0307.0 -00.613  00.238
+0307.1 -00.613  00.237
+0307.0 -00.632  00.237
+0307.1 -00.654  00.236
+0306.9 -00.671  00.236
+0307.2 -00.696  00.237
+0307.1 -00.720  00.237
+0307.0 -00.743  00.238
+0307.1 -00.743  00.237
+0307.0 -00.753  00.237
+0307.0 -00.779  00.237
+0307.0 -00.802  00.237
+0307.0 -00.844  00.238
+0306.9 -00.836  00.237
+0307.1 -00.871  00.237
+0307.0 -00.901  00.236
+0307.0 -00.901  00.237
+0307.0 -00.914  00.238
+0307.1 -00.917  00.238
+0307.0 -00.943  00.237
+0307.0 -00.978  00.237
+0307.0 -00.997  00.237
+0307.1 -01.019  00.237
+0307.0 -01.044  00.237
+0307.0 -01.074  00.238
+0307.0 -01.074  00.237
+0307.0 -01.083  00.236
+0307.1 -01.107  00.237
+0307.0 -01.130  00.237
+0307.1 -01.161  00.237
+0307.2 -01.170  00.238
+0307.1 -01.191  00.238
+0307.2 -01.191  00.237
+0307.2 -01.221  00.237
+0307.1 -01.226  00.237
+0307.1 -01.254  00.237
+0307.2 -01.279  00.238
+0307.2 -01.294  00.238
+0307.2 -01.329  00.237
+0307.1 -01.329  00.238
+0307.3 -01.341  00.237
+0307.2 -01.362  00.237
+0307.3 -01.374  00.237
+0307.2 -01.405  00.237
+0307.3 -01.427  00.238
+0307.3 -01.442  00.238
+0307.4 -01.460  00.238
+0307.3 -01.460  00.237
+0307.4 -01.485  00.237
+0307.3 -01.503  00.237
+0307.3 -01.521  00.238
+0307.2 -01.533  00.238
+0307.4 -01.552  00.237
+0307.5 -01.572  00.237
+0307.5 -01.587  00.238
+0307.5 -01.594  00.238
+0307.4 -01.592  00.237
+0307.6 -01.592  00.237
+0307.5 -01.631  00.238
+0307.5 -01.661  00.238
+0307.5 -01.681  00.237
+0307.5 -01.699  00.237
+0307.6 -01.697  00.237
+0307.5 -01.712  00.238
+0307.6 -01.712  00.237
+0307.5 -01.731  00.237
+0307.6 -01.761  00.237
+0307.6 -01.768  00.237
+0307.6 -01.762  00.238
+0307.5 -01.784  00.238
+0307.6 -01.805  00.237
+0307.5 -01.805  00.238
+0307.6 -01.816  00.238
+0307.6 -01.829  00.237
+0307.5 -01.841  00.237
+0307.5 -01.841  00.238
+0307.7 -01.847  00.239
+0307.7 -01.872  00.238
+0307.7 -01.872  00.237
+0307.6 -01.875  00.237
+0307.7 -01.893  00.238
+0307.7 -01.906  00.238
+0307.8 -01.924  00.238
+0307.8 -01.931  00.238
+0307.8 -01.945  00.237
+0307.7 -01.945  00.238
+0307.8 -01.956  00.238
+0307.9 -01.962  00.238
+0307.8 -01.970  00.238
+0307.8 -01.979  00.238
+0307.8 -01.979  00.238
+0307.9 -02.001  00.238
+0307.9 -02.005  00.238
+0307.9 -02.005  00.238
+0307.9 -02.011  00.238
+0307.9 -02.019  00.238
+0308.0 -02.015  00.238
+0307.9 -02.016  00.238
+0307.9 -02.014  00.238
+0307.9 -02.027  00.238
+0308.1 -02.027  00.237
+0308.0 -02.037  00.238
+0308.0 -02.072  00.238
+0308.1 -02.051  00.238
+0307.9 -02.046  00.238
+0308.0 -02.048  00.238
+0308.0 -02.065  00.238
+0308.0 -02.065  00.237
+0307.9 -02.072  00.238
+0308.0 -02.092  00.239
+0307.9 -02.069  00.239
+0308.0 -02.071  00.239
+0308.0 -02.088  00.238
+0308.2 -02.087  00.238
+0308.1 -02.087  00.238
+0308.2 -02.097  00.238
+0308.1 -02.077  00.239
+0308.1 -02.084  00.239
+0308.1 -02.102  00.238
+0308.2 -02.093  00.238
+0308.1 -02.089  00.238
+0308.1 -02.088  00.239
+0308.1 -02.088  00.238
+0308.1 -02.096  00.238
+0308.2 -02.092  00.238
+0308.2 -02.089  00.238
+0308.3 -02.089  00.239
+0308.3 -02.091  00.238
+0308.1 -02.083  00.238
+0308.2 -02.083  00.238
+0308.3 -02.071  00.238
+0308.3 -02.093  00.239
+0308.3 -02.070  00.239
+0308.3 -02.088  00.237
+0308.2 -02.103  00.238
+0308.4 -02.094  00.238
+0308.4 -02.094  00.237
+0308.5 -02.065  00.238
+0308.3 -02.062  00.239
+0308.4 -02.054  00.239
+0308.4 -02.055  00.239
+0308.4 -02.045  00.238
+0308.5 -02.045  00.238
+0308.5 -02.045  00.238
+0308.4 -02.045  00.238
+0308.4 -02.034  00.238
+0308.5 -02.024  00.239
+0308.5 -02.024  00.239
+0308.5 -02.020  00.238
+0308.6 -02.013  00.238
+0308.5 -02.013  00.239
+0308.6 -02.010  00.238
+0308.5 -02.008  00.238
+0308.7 -01.996  00.239
+0308.6 -01.992  00.239
+0308.6 -01.988  00.238
+0308.6 -01.980  00.238
+0308.5 -01.979  00.238
+0308.6 -01.979  00.238
+0308.7 -01.965  00.238
+0308.6 -01.958  00.239
+0308.7 -01.953  00.239
+0308.7 -01.944  00.239
+0308.8 -01.932  00.239
+0308.7 -01.923  00.239
+0308.7 -01.923  00.238
+0308.7 -01.923  00.238
+0308.8 -01.910  00.239
+0308.7 -01.905  00.239
+0308.9 -01.900  00.239
+0308.7 -01.882  00.238
+0308.9 -01.887  00.239
+0308.9 -01.887  00.238
+0308.8 -01.885  00.238
+0308.9 -01.869  00.238
+0308.9 -01.867  00.238
+0308.8 -01.847  00.239
+0308.9 -01.842  00.239
+0308.8 -01.825  00.239
+0309.0 -01.829  00.239
+0308.9 -01.829  00.238
+0308.9 -01.815  00.238
+0308.9 -01.800  00.239
+0308.9 -01.808  00.239
+0309.0 -01.793  00.239
+0309.0 -01.783  00.239
+0309.0 -01.785  00.238
+0309.0 -01.785  00.238
+0308.9 -01.759  00.239
+0309.0 -01.749  00.239
+0309.0 -01.742  00.239
+0309.1 -01.725  00.239
+0308.9 -01.719  00.239
+0309.0 -01.723  00.239
+0309.2 -01.723  00.239
+0309.1 -01.704  00.238
+0309.2 -01.692  00.239
+0309.1 -01.682  00.239
+0309.1 -01.677  00.239
+0309.1 -01.664  00.239
+0309.0 -01.661  00.239
+0309.2 -01.661  00.239
+0309.0 -01.656  00.239
+0309.1 -01.634  00.239
+0309.1 -01.622  00.239
+0309.2 -01.607  00.239
+0309.1 -01.607  00.239
+0309.2 -01.594  00.240
+0309.2 -01.594  00.239
+0309.2 -01.578  00.239
+0309.3 -01.579  00.239
+0309.2 -01.559  00.239
+0309.2 -01.552  00.239
+0309.3 -01.546  00.239
+0309.3 -01.553  00.238
+0309.3 -01.524  00.240
+0309.4 -01.574  00.239
+0309.3 -01.515  00.238
+0309.3 -01.510  00.239
+0309.4 -01.498  00.239
+0309.4 -01.490  00.239
+0309.4 -01.477  00.239
+0309.4 -01.472  00.238
+0309.4 -01.472  00.239
+0309.4 -01.469  00.239
+0309.4 -01.445  00.240
+0309.4 -01.425  00.240
+0309.4 -01.421  00.239
+0309.4 -01.412  00.239
+0309.4 -01.398  00.239
+0309.4 -01.398  00.239
+0309.5 -01.394  00.239
+0309.7 -01.385  00.239
+0309.6 -01.365  00.239
+0309.6 -01.364  00.239
+0309.5 -01.346  00.239
+0309.6 -01.327  00.239
+0309.5 -01.327  00.239
+0309.7 -01.303  00.239
+0309.7 -01.289  00.239
+0309.7 -01.269  00.239
+0309.7 -01.248  00.239
+0309.8 -01.235  00.240
+0309.7 -01.229  00.239
+0309.8 -01.201  00.240
+0309.7 -01.201  00.239
+0309.9 -01.200  00.240
+0309.9 -01.186  00.239
+0309.8 -01.177  00.239
+0309.8 -01.153  00.239
+0309.9 -01.133  00.240
+0309.9 -01.125  00.239
+0309.9 -01.125  00.239
+0310.0 -01.094  00.239
+0309.9 -01.083  00.240
+0310.0 -01.081  00.240
+0310.0 -01.051  00.239
+0310.1 -01.037  00.240
+0309.9 -01.034  00.240
+0310.0 -01.034  00.240
+0310.0 -01.021  00.240
+0310.0 -01.008  00.239
+0310.1 -00.972  00.239
+0309.9 -00.972  00.239
+0310.1 -00.962  00.239
+0310.0 -00.962  00.239
+0310.1 -00.953  00.239
+0310.0 -00.933  00.239
+0310.1 -00.942  00.240
+0310.0 -00.912  00.240
+0310.2 -00.888  00.239
+0310.2 -00.888  00.240
+0310.1 -00.865  00.239
+0310.2 -00.865  00.239
+0310.2 -00.864  00.239
+0310.2 -00.842  00.230
+0310.2 -00.837  00.240
+0310.3 -00.812  00.239
+0310.3 -00.810  00.240
+0310.2 -00.802  00.240
+0310.3 -00.802  00.240
+0310.3 -00.790  00.240
+0310.4 -00.782  00.240
+0310.4 -00.775  00.240
+0310.4 -00.743  00.240
+0310.3 -00.741  00.240
+0310.5 -00.738  00.240
+0310.4 -00.748  00.240
+0310.5 -00.748  00.240
+0310.5 -00.697  00.240
+0310.5 -00.700  00.240
+0310.6 -00.691  00.240
+0310.5 -00.684  00.240
+0310.6 -00.677  00.240
+0310.6 -00.661  00.240
+0310.7 -00.661  00.240
+0310.6 -00.638  00.240
+0310.6 -00.646  00.239
+0310.6 -00.644  00.239
+0310.6 -00.623  00.240
+0310.8 -00.612  00.240
+0310.7 -00.603  00.239
+0310.7 -00.603  00.240
+0310.8 -00.604  00.240
+0310.7 -00.602  00.241
+0310.8 -00.577  00.241
+0310.7 -00.569  00.240
+0310.8 -00.553  00.240
+0310.8 -00.553  00.240
+0310.9 -00.553  00.240
+0310.9 -00.555  00.240
+0310.9 -00.537  00.240
+0310.8 -00.529  00.240
+0310.9 -00.520  00.240
+0310.9 -00.512  00.240
+0311.0 -00.517  00.240
+0310.9 -00.517  00.240
+0310.9 -00.494  00.240
+0311.0 -00.488  00.241
+0310.8 -00.492  00.241
+0311.1 -00.473  00.240
+0311.0 -00.458  00.241
+0311.0 -00.460  00.240
+0311.1 -00.460  00.240
+0311.0 -00.465  00.240
+0311.1 -00.442  00.240
+0311.0 -00.447  00.240
+0311.1 -00.442  00.241
+0311.0 -00.410  00.240
+0311.0 -00.410  00.241
+0311.1 -00.428  00.240
+0311.1 -00.423  00.241
+0311.1 -00.409  00.241
+0311.1 -00.406  00.240
+0311.3 -00.396  00.241
+0311.3 -00.398  00.240
+0311.3 -00.398  00.241
+0311.3 -00.391  00.241
+0311.2 -00.388  00.240
+0311.3 -00.378  00.240
+0311.4 -00.379  00.241
+0311.3 -00.354  00.241
+0311.4 -00.358  00.240
+0311.3 -00.358  00.241
+0311.5 -00.358  00.240
+0311.4 -00.358  00.240
+0311.4 -00.347  00.240
+0311.3 -00.334  00.241
+0311.3 -00.333  00.241
+0311.5 -00.320  00.240
+0311.4 -00.320  00.240
+0311.5 -00.313  00.241
+0311.5 -00.318  00.242
+0311.6 -00.324  00.242
+0311.5 -00.281  00.241
+0311.5 -00.306  00.241
+0311.7 -00.306  00.241
+0311.7 -00.293  00.241
+0311.6 -00.302  00.240
+0311.7 -00.302  00.240
+0311.7 -00.282  00.241
+0311.7 -00.283  00.242
+0311.7 -00.284  00.241
+0311.7 -00.284  00.242
+0311.7 -00.280  00.241
+0311.7 -00.271  00.241
+0311.8 -00.260  00.241
+0311.8 -00.266  00.241
+0311.9 -00.260  00.240
+0311.8 -00.261  00.241
+0311.9 -00.261  00.241
+0311.9 -00.254  00.241
+0311.9 -00.247  00.241
+0311.9 -00.241  00.241
+0312.0 -00.244  00.242
+0312.1 -00.242  00.241
+0312.0 -00.233  00.241
+0311.9 -00.233  00.241
+0312.0 -00.218  00.241
+0312.0 -00.235  00.241
+0311.9 -00.224  00.241
+0312.1 -00.234  00.241
+0312.2 -00.219  00.241
+0312.1 -00.219  00.241
+0312.2 -00.220  00.241
+0312.2 -00.218  00.241
+0312.3 -00.205  00.241
+0312.3 -00.213  00.241
+0312.2 -00.190  00.241
+0312.2 -00.190  00.242
+0312.2 -00.205  00.241
+0312.2 -00.197  00.241
+0312.4 -00.204  00.241
+0312.3 -00.192  00.241
+0312.4 -00.183  00.242
+0312.5 -00.176  00.242
+0312.4 -00.176  00.241
+0312.4 -00.179  00.241
+0312.6 -00.165  00.242
+0312.5 -00.154  00.242
+0312.6 -00.157  00.241
+0312.5 -00.179  00.241
+0312.7 -00.167  00.242
+0312.5 -00.167  00.241
+0312.7 -00.162  00.242
+0312.5 -00.163  00.242
+0312.6 -00.160  00.242
+0312.6 -00.172  00.243
+0312.7 -00.166  00.242
+0312.7 -00.166  00.241
+0312.7 -00.157  00.241
+0312.7 -00.151  00.242
+0312.8 -00.142  00.242
+0312.8 -00.161  00.241
+0313.0 -00.144  00.242
+0313.0 -00.150  00.242
+0312.9 -00.150  00.242
+0312.9 -00.128  00.242
+0312.8 -00.147  00.241
+0312.9 -00.131  00.241
+0312.9 -00.134  00.241
+0312.9 -00.129  00.241
+0312.9 -00.130  00.242
+0312.9 -00.130  00.242
+0313.0 -00.128  00.242
+0313.0 -00.132  00.242
+0313.0 -00.111  00.242
+0313.1 -00.123  00.242
+0313.2 -00.119  00.242
+0313.1 -00.119  00.243
+0313.1 -00.110  00.242
+0313.1 -00.124  00.242
+0313.2 -00.124  00.242
+0313.1 -00.136  00.242
+0313.1 -00.127  00.242
+0313.2 -00.110  00.242
+0313.1 -00.110  00.242
+0313.2 -00.107  00.242
+0313.2 -00.102  00.242
+0313.3 -00.103  00.242
+0313.3 -00.091  00.243
+0313.5 -00.093  00.243
+0313.6 -00.093  00.243
+0313.6 -00.080  00.242
+0313.6 -00.097  00.242
+0313.6 -00.080  00.242
+0313.6 -00.079  00.243
+0313.6 -00.073  00.242
+0313.8 -00.083  00.243
+0313.8 -00.083  00.242
+0313.7 -00.072  00.243
+0313.9 -00.078  00.243
+0313.9 -00.065  00.243
+0314.0 -00.077  00.242
+0314.0 -00.067  00.243
+0313.9 -00.074  00.242
+0314.0 -00.074  00.242
+0314.0 -00.074  00.243
+0314.1 -00.054  00.243
+0314.1 -00.066  00.243
+0314.2 -00.053  00.243
+0314.1 -00.065  00.243
+0314.1 -00.052  00.243
+0314.3 -00.052  00.243
+0314.3 -00.051  00.243
+0314.4 -00.045  00.242
+0314.4 -00.052  00.242
+0314.4 -00.045  00.243
+0314.4 -00.040  00.243
+0314.4 -00.052  00.243
+0314.5 -00.052  00.243
+0314.7 -00.035  00.243
+0314.7 -00.039  00.243
+0314.7 -00.027  00.243
+0314.7 -00.044  00.243
+0314.9 -00.036  00.243
+0314.9 -00.030  00.243
+0314.9 -00.030  00.243
+0315.0 -00.031  00.244
+0315.0 -00.032  00.244
+0315.0 -00.019  00.243
+0315.1 -00.030  00.244
+0315.2 -00.028  00.243
+0315.2 -00.028  00.244
+0315.4 -00.026  00.244
+0315.4 -00.029  00.243
+0315.5 -00.022  00.243
+0315.5 -00.026  00.244
+0315.5 -00.031  00.245
+0315.7 -00.014  00.244
+0315.7 -00.014  00.245
+0315.7 -00.004  00.244
+0315.8 -00.009  00.244
+0316.0 -00.016  00.244
+0316.0 -00.007  00.245
+0316.1 -00.014  00.244
+0316.1 -00.010  00.245
+0316.1 -00.010  00.244
+0316.1 -00.008  00.244
+0316.2 -00.019  00.245
+0316.2 -00.006  00.245
+0316.3 -00.009  00.244
+0316.3 -00.008  00.245
+0316.4 -00.020  00.244
+0316.5 -00.020  00.244
+0316.5 -00.009  00.245
+0316.6 -00.010  00.244
+0316.6 -00.009  00.244
+0316.8 -00.004  00.244
+0316.8 -00.003  00.245
+0316.9 -00.003  00.244
+0317.0 -00.006  00.245
+0316.9 -00.000  00.244
+0317.0  00.006  00.244
+0317.0 -00.007  00.246
+0317.0 -00.004  00.245
+0317.1 -00.008  00.245
+0317.1  00.008  00.246
+0317.2  00.008  00.245
+0317.3 -00.004  00.245
+0317.4  00.000  00.245
+0317.3 -00.007  00.245
+0317.5 -00.002  00.246
+0317.5  00.002  00.245
+0317.5  00.002  00.246
+0317.7  00.005  00.246
+0317.6  00.011  00.245
+0317.9 -00.002  00.245
+0317.8 -00.003  00.246
+0317.9  00.005  00.246
+0317.9 -00.005  00.245
+0318.0 -00.005  00.245
+0318.0 -00.001  00.246
+0318.0 -00.002  00.246
+0318.3  00.008  00.246
+0318.3 -00.008  00.246
+0318.2  00.005  00.246
+0318.3  00.005  00.246
+0318.4  00.003  00.246
+0318.4 -00.001  00.247
+0318.5  00.009  00.247
+0318.5  00.011  00.246
+0318.6  00.008  00.246
+0318.6 -00.000  00.245
+0318.6 -00.000  00.246
+0318.9  00.009  00.247
+0318.8 -00.006  00.246
+0318.9  00.014  00.246
+0319.1 -00.005  00.246
+0319.0  00.004  00.247
+0319.1 -00.004  00.247
+0319.0 -00.006  00.246
+0319.2  00.000  00.246
+0319.2  00.002  00.246
+0319.2  00.002  00.246
+0319.2  00.010  00.247
+0319.4 -00.008  00.246
+0319.5  00.008  00.246
+0319.4  00.008  00.247
+0319.6 -00.014  00.247
+0319.7  00.007  00.247
+0319.6  00.002  00.247
+0319.8  00.003  00.248
+0319.9  00.003  00.247
+0319.7  00.022  00.247
+0319.8  00.022  00.247
+0320.0  00.016  00.247
+0320.1  00.013  00.248
+0320.1  00.001  00.248
+0320.1 -00.002  00.248
+0320.2  00.010  00.248
+0320.3 -00.010  00.248
+0320.4 -00.003  00.248
+0320.5 -00.009  00.248
+0320.5  00.002  00.248
+0320.6  00.005  00.248
+0320.6 -00.001  00.248
+0320.7  00.001  00.248
+0320.7  00.003  00.248
+0320.8  00.003  00.248
+0320.8  00.010  00.248
+0320.8  00.010  00.248
+0321.0  00.003  00.248
+0321.1 -00.000  00.248
+0321.1  00.008  00.249
+0321.2 -00.004  00.247
+0321.0 -00.004  00.248
+0321.1 -00.001  00.248
+0321.1  00.000  00.248
+0321.3  00.016  00.248
+0321.3  00.020  00.248
+0321.4  00.006  00.248
+0321.4 -00.019  00.248
+0321.6  00.019  00.248
+0321.8  00.000  00.248
+0321.6  00.004  00.248
+0321.6  00.000  00.249
+0321.9 -00.005  00.249
+0321.9 -00.004  00.249
+0321.9 -00.006  00.248
+0321.9  00.006  00.249
+0322.1  00.012  00.249
+0321.9  00.008  00.249
+0322.1 -00.002  00.249
+0322.3 -00.001  00.249
+0322.3  00.008  00.250
+0322.5 -00.002  00.249
+0322.4  00.002  00.250
+0322.5  00.002  00.249
+0322.5  00.002  00.249
+0322.6  00.002  00.249
+0322.6  00.001  00.249
+0322.7  00.004  00.249
+0322.7 -00.003  00.250
+0322.7 -00.003  00.250
+0322.8  00.003  00.250
+0322.9  00.006  00.250
+0322.9  00.001  00.250
+0323.1  00.008  00.249
+0323.0  00.003  00.249
+0323.1 -00.001  00.249
+0323.0 -00.001  00.250
+0323.2 -00.001  00.249
+0323.2  00.002  00.251
+0323.2  00.005  00.251
+0323.3  00.006  00.249
+0323.4  00.002  00.250
+0323.5  00.002  00.251
+0323.6  00.004  00.250
+0323.7  00.006  00.250
+0323.6 -00.007  00.250
+0323.7  00.007  00.250
+0323.7 -00.015  00.250
+0323.8 -00.001  00.250
+0324.0 -00.001  00.250
+0324.0 -00.015  00.250
+0323.9 -00.011  00.250
+0324.1 -00.009  00.250
+0324.0 -00.003  00.251
+0324.0  00.009  00.250
+0324.2 -00.010  00.251
+0324.2  00.010  00.250
+0324.2  00.001  00.251
+0324.4  00.003  00.251
+0324.4 -00.002  00.251
+0324.5 -00.000  00.251
+0324.5 -00.001  00.250
+0324.7  00.003  00.250
+0324.6  00.003  00.251
+0324.7  00.005  00.251
+0324.7 -00.001  00.251
+0324.9  00.005  00.251
+0324.9  00.001  00.251
+0325.2 -00.001  00.251
+0325.0 -00.009  00.251
+0325.1 -00.009  00.251
+0325.1  00.003  00.251
+0325.0 -00.006  00.251
+0325.2  00.002  00.251
+0325.2 -00.003  00.252
+0325.3 -00.002  00.251
+0325.4 -00.002  00.251
+0325.6 -00.010  00.252
+0325.5  00.010  00.252
+0325.5 -00.004  00.252
+0325.7 -00.009  00.252
+0325.8  00.005  00.252
+0325.8 -00.014  00.252
+0325.9 -00.014  00.252
+0326.1  00.003  00.251
+0326.2 -00.000  00.251
+0326.2  00.002  00.252
+0326.4 -00.023  00.253
+0326.5  00.015  00.253
+0326.6  00.015  00.253
+0326.7  00.000  00.252
+0326.7 -00.005  00.252
+0326.8  00.008  00.252
+0327.0 -00.013  00.253
+0327.0  00.000  00.253
+0327.0  00.000  00.253
+0327.4 -00.005  00.253
+0327.3  00.000  00.253
+0327.4  00.006  00.253
+0327.6  00.002  00.253
+0327.8  00.000  00.254
+0327.8  00.000  00.253
+0328.0  00.000  00.254
+0328.2  00.003  00.253
+0328.2  00.006  00.253
+0328.3 -00.004  00.253
+0328.4 -00.002  00.253
+0328.5 -00.012  00.254
+0328.7 -00.012  00.255
+0328.7 -00.008  00.254
+0329.0 -00.012  00.254
+0328.9 -00.011  00.254
+0329.0 -00.002  00.255
+0329.1 -00.000  00.255
+0329.4  00.003  00.255
+0329.4  00.003  00.255
+0329.6 -00.007  00.255
+0329.8 -00.007  00.254
+0329.7  00.004  00.254
+0329.8  00.000  00.255
+0329.9 -00.011  00.255
+0330.0 -00.011  00.255
+0330.1 -00.011  00.255
+0330.4 -00.013  00.255
+0330.5  00.008  00.255
+0330.5 -00.027  00.255
+0330.7 -00.012  00.256
+0330.6 -00.011  00.255
+0330.9 -00.011  00.256
+0331.0 -00.002  00.256
+0331.0 -00.004  00.257
+0330.9 -00.017  00.257
+0331.3 -00.000  00.256
+0331.3  00.001  00.257
+0331.5 -00.010  00.256
+0331.6 -00.006  00.257
+0331.7 -00.006  00.256
+0331.8 -00.005  00.256
+0331.8 -00.011  00.257
+0332.1 -00.011  00.257
+0332.1 -00.015  00.257
+0332.3 -00.024  00.257
+0332.5 -00.002  00.257
+0332.6 -00.002  00.257
+0332.7 -00.011  00.257
+0332.7 -00.017  00.257
+0332.9  00.009  00.257
+0333.1  00.000  00.257
+0333.0  00.002  00.257
+0333.1 -00.011  00.257
+0333.3 -00.011  00.257
+0333.3 -00.013  00.258
+0333.4 -00.003  00.257
+0333.7 -00.016  00.257
+0333.8 -00.010  00.258
+0333.9 -00.014  00.258
+0334.0 -00.010  00.258
+0334.0 -00.010  00.258
+0334.2 -00.007  00.258
+0334.4  00.005  00.259
+0334.5 -00.015  00.259
+0334.5 -00.005  00.258
+0334.6 -00.014  00.259
+0334.8 -00.014  00.259
+0334.9 -00.005  00.258
+0335.0 -00.007  00.259
+0335.1 -00.015  00.260
+0335.2 -00.001  00.260
+0335.4 -00.009  00.259
+0335.4 -00.008  00.259
+0335.5 -00.008  00.259
+0335.6 -00.012  00.260
+0335.8 -00.013  00.260
+0335.9 -00.004  00.260
+0335.9 -00.009  00.260
+0336.1 -00.002  00.260
+0336.2 -00.016  00.261
+0336.4  00.016  00.259
+0336.4  00.001  00.260
+0336.6 -00.015  00.260
+0336.7 -00.000  00.260
+0336.8  00.004  00.260
+0336.8 -00.005  00.261
+0337.0 -00.001  00.260
+0337.1 -00.001  00.261
+0337.2 -00.005  00.261
+0337.4 -00.017  00.261
+0337.4  00.000  00.261
+0337.5  00.003  00.261
+0337.7 -00.007  00.261
+0337.9 -00.013  00.261
+0338.0 -00.013  00.261
+0338.1 -00.008  00.261
+0338.1 -00.004  00.261
+0338.3 -00.008  00.262
+0338.4 -00.005  00.262
+0338.6 -00.014  00.261
+0338.7 -00.003  00.261
+0338.6 -00.003  00.262
+0338.7 -00.011  00.261
+0339.0 -00.003  00.261
+0339.1 -00.021  00.262
+0339.0 -00.010  00.263
+0339.1 -00.017  00.263
+0339.3 -00.017  00.263
+0339.5 -00.012  00.262
+0339.6 -00.024  00.263
+0339.7 -00.021  00.263
+0339.8 -00.012  00.262
+0339.9 -00.009  00.263
+0340.0 -00.009  00.262
+0340.1 -00.008  00.262
+0340.3 -00.000  00.263
+0340.4 -00.020  00.263
+0340.6  00.001  00.264
+0340.6  00.001  00.264
+0340.8  00.000  00.263
+0341.0 -00.011  00.264
+0340.9 -00.010  00.263
+0340.9 -00.000  00.263
+0341.0  00.000  00.263
+0341.1 -00.011  00.264
+0341.4 -00.011  00.263
+0341.4 -00.003  00.264
+0341.5  00.003  00.264
+0341.6 -00.016  00.264
+0341.8 -00.008  00.264
+0341.8 -00.016  00.265
+0342.0 -00.008  00.265
+0342.2 -00.008  00.265
+0342.1 -00.018  00.265
+0342.4 -00.003  00.266
+0342.4 -00.012  00.266
+0342.4 -00.023  00.265
+0342.7 -00.021  00.265
+0342.8 -00.020  00.265
+0343.0 -00.020  00.265
+0343.0 -00.018  00.266
+0343.1 -00.012  00.266
+0343.3 -00.024  00.266
+0343.3 -00.006  00.265
+0343.6 -00.014  00.266
+0343.8 -00.022  00.266
+0343.7 -00.022  00.265
+0344.1 -00.022  00.267
+0343.9 -00.012  00.266
+0344.1 -00.009  00.266
+0344.2 -00.011  00.266
+0344.3 -00.016  00.266
+0344.4 -00.009  00.267
+0344.5 -00.023  00.266
+0344.7 -00.023  00.266
+0344.9 -00.011  00.267
+0345.0 -00.018  00.268
+0345.0 -00.009  00.268
+0345.2 -00.021  00.267
+0345.4 -00.013  00.267
+0345.5 -00.013  00.267
+0345.5 -00.013  00.267
+0345.6 -00.014  00.267
+0345.7 -00.014  00.268
+0345.9 -00.011  00.268
+0346.0 -00.019  00.268
+0346.0 -00.011  00.268
+0346.2 -00.004  00.267
+0346.2 -00.004  00.268
+0346.5 -00.006  00.268
+0346.6 -00.018  00.269
+0346.6 -00.006  00.269
+0346.8 -00.001  00.268
+0347.0 -00.002  00.268
+0347.0 -00.013  00.269
+0346.9 -00.013  00.268
+0347.2 -00.006  00.268
+0347.3 -00.004  00.269
+0347.4 -00.010  00.269
+0347.5  00.003  00.269
+0347.7 -00.022  00.269
+0347.8 -00.025  00.269
+0347.9 -00.025  00.269
+0347.9 -00.009  00.269
+0347.9 -00.014  00.269
+0348.1 -00.017  00.269
+0348.3 -00.015  00.269
+0348.3 -00.018  00.270
+0348.6 -00.017  00.269
+0348.8 -00.017  00.270
+0348.8 -00.028  00.270
+0348.7 -00.016  00.270
+0348.9 -00.011  00.270
+0349.2 -00.007  00.269
+0349.2 -00.013  00.270
+0349.3 -00.018  00.270
+0349.4 -00.018  00.270
+0349.4 -00.006  00.270
+0349.7  00.001  00.270
+0349.8 -00.011  00.270
+0349.9 -00.016  00.271
+0350.0 -00.009  00.271
+0350.3 -00.023  00.271
+0350.4 -00.023  00.271
+0350.5 -00.022  00.271
+0350.4 -00.013  00.271
+0350.6 -00.006  00.271
+0350.7 -00.015  00.271
+0350.9 -00.008  00.271
+0351.0 -00.008  00.271
+0351.0 -00.023  00.271
+0351.1 -00.015  00.272
+0351.2 -00.014  00.272
+0351.2 -00.017  00.271
+0351.3 -00.010  00.272
+0351.7 -00.013  00.272
+0351.7 -00.016  00.273
+0351.8 -00.016  00.272
+0351.8 -00.018  00.272
+0352.0 -00.004  00.272
+0352.1 -00.022  00.272
+0352.3 -00.014  00.272
+0352.3 -00.019  00.273
+0352.6 -00.013  00.272
+0352.6 -00.013  00.272
+0352.7 -00.007  00.273
+0352.8 -00.014  00.273
+0353.0 -00.017  00.273
+0353.0 -00.008  00.274
+0353.0 -00.008  00.274
+0353.2 -00.007  00.273
+0353.4 -00.007  00.273
+0353.3 -00.013  00.273
+0353.6 -00.008  00.273
+0353.8 -00.010  00.274
+0353.9 -00.012  00.274
+0354.0 -00.025  00.274
+0354.0 -00.025  00.274
+0354.1 -00.002  00.274
+0354.2 -00.007  00.274
+0354.4 -00.016  00.274
+0354.5 -00.002  00.274
+0354.5  00.005  00.274
+0354.8 -00.002  00.274
+0355.0 -00.002  00.274
+0355.0 -00.007  00.274
+0355.0 -00.022  00.275
+0354.8 -00.014  00.275
+0354.9 -00.019  00.274
+0354.9 -00.027  00.274
+0355.0 -00.006  00.275
+0354.9 -00.006  00.275
+0354.8 -00.001  00.275
+0355.0 -00.026  00.274
+0355.1 -00.005  00.275
+0355.0 -00.010  00.275
+0354.8 -00.020  00.275
+0354.8 -00.020  00.274
+0355.0 -00.022  00.275
+0355.0 -00.022  00.275
+0354.9 -00.015  00.275
+0355.1 -00.007  00.274
+0355.2 -00.004  00.274
+0354.9 -00.004  00.275
+0355.0 -00.017  00.275
+0355.0 -00.001  00.274
+0354.9 -00.001  00.275
+0355.0 -00.017  00.274
+0355.0 -00.010  00.274
+0355.0 -00.016  00.274
+0355.0 -00.019  00.274
+0355.0 -00.007  00.275
+0355.0 -00.018  00.275
+0355.1 -00.018  00.274
+0355.0  00.009  00.275
+0355.0 -00.015  00.275
+0354.9 -00.021  00.275
+0355.0 -00.026  00.275
+0355.0 -00.024  00.275
+0355.0 -00.023  00.274
+0355.0 -00.023  00.274
+0355.1 -00.028  00.275
+0355.0 -00.018  00.274
+0354.9 -00.001  00.274
+0354.9  00.001  00.274
+0355.0 -00.015  00.275
+0355.0  00.015  00.275
+0355.0  00.001  00.275
+0355.2 -00.013  00.274
+0355.0 -00.013  00.274
+0355.1 -00.021  00.275
+0354.9 -00.004  00.275
+0355.0 -00.004  00.274
+0355.1 -00.007  00.275
+0354.9 -00.007  00.274
+0355.2 -00.016  00.274
+0355.2 -00.023  00.275
+0355.1 -00.008  00.275
+0355.0 -00.026  00.275
+0355.2 -00.019  00.275
+0354.9 -00.016  00.275
+0355.0 -00.016  00.274
+0355.1 -00.020  00.275
+0355.1 -00.010  00.274
+0354.7 -00.005  00.274
+0355.0 -00.006  00.274
+0355.0 -00.012  00.275
+0354.9 -00.011  00.274
+0355.0 -00.011  00.274
+0355.0 -00.006  00.275
+0355.0 -00.003  00.274
+0355.2 -00.020  00.274
+0354.9 -00.009  00.274
+0354.9 -00.020  00.275
+0354.8 -00.018  00.274
+0354.8 -00.015  00.275
+0355.1 -00.015  00.275
+0355.1 -00.015  00.275
+0355.1 -00.020  00.275
+0355.1 -00.009  00.275
+0355.1 -00.012  00.275
+0355.1 -00.007  00.275
+0355.0 -00.007  00.275
+0355.1 -00.007  00.274
+0355.0 -00.002  00.275
+0355.2 -00.015  00.275
