0
-70
-88
40
249
462
776
1165
1537
1883
2168
2451
2688
2738
2172
1317
454
-206
-683
-952
-1039
-1036
-888
-615
-330
-69
258
698
1101
1461
1726
1978
2169
2162
1455
359
-655
-1414
-1948
-2258
-2331
-2299
-2100
-1743
-1405
-1064
-628
-75
445
917
1330
1757
2157
2372
1911
1065
207
-455
-919
-1199
-1298
-1267
-1061
-732
-391
-89
274
712
1092
1415
1656
1897
2073
2086
1456
428
-564
-1309
-1863
-2195
-2332
-2351
-2205
-1904
-1542
-1179
-698
-121
430
979
1430
1835
2200
2344
1798
961
136
-502
-966
-1201
-1250
-1174
-969
-636
-321
-41
306
714
1066
1397
1651
1935
2165
2211
1543
467
-593
-1390
-1980
-2324
-2423
-2381
-2188
-1855
-1455
-1065
-566
-19
483
955
1344
1737
2097
2250
1739
949
154
-469
-892
-1111
-1170
-1130
-947
-660
-357
-97
245
673
1089
1470
1735
1996
2164
2180
1492
416
-632
-1442
-2006
-2324
-2393
-2368
-2175
-1829
-1446
-1090
-651
-150
373
855
1309
1741
2142
2352
1902
1045
194
-456
-877
-1134
-1201
-1182
-973
-650
-351
-55
339
801
1200
1506
1719
1959
2148
2166
1450
349
-694
-1438
-1973
-2275
-2384
-2394
-2253
-1955
-1586
-1191
-702
-146
390
910
1375
1804
2159
2308
1791
993
189
-435
-871
-1092
-1142
-1075
-862
-556
-262
-12
311
695
1055
1397
1643
1905
2122
2157
1494
422
-629
-1414
-1996
-2335
-2476
-2448
-2244
-1908
-1503
-1113
-622
-41
486
971
1365
1747
2111
2293
1842
1043
248
-371
-827
-1069
-1146
-1118
-931
-663
-403
-145
231
687
1088
1446
1715
1974
2154
2131
1413
312
-719
-1480
-2029
-2314
-2400
-2377
-2193
-1850
-1464
-1103
-619
-72
451
977
1432
1852
2189
2333
1873
1081
247
-407
-864
-1127
-1234
-1207
-1013
-653
-320
-36
323
753
1100
1393
1592
1859
2064
2102
1417
351
-670
-1422
-1979
-2314
-2434
-2378
-2156
-1829
-1482
-1102
-614
-45
488
996
1423
1830
2169
2280
1761
932
105
-497
-927
-1146
-1175
-1107
-897
-579
-289
-67
230
636
1013
1348
1621
1900
2117
2169
1508
438
-609
-1399
-1969
-2276
-2407
-2404
-2187
-1834
-1449
-1059
-569
-17
492
974
1379
1761
2114
2279
1785
976
181
-426
-856
-1103
-1187
-1166
-1002
-729
-443
-162
222
691
1091
1457
1720
1993
2196
2187
1467
353
-686
-1459
-2009
-2304
-2387
-2322
-2098
-1768
-1421
-1052
-581
-48
431
936
1350
1789
2176
2314
1838
1018
172
-502
-947
-1208
-1299
-1253
-1030
-674
-315
-8
363
775
1124
1434
1642
1886
2070
2089
1402
357
-634
-1362
-1907
-2216
-2343
-2317
-2146
-1849
-1525
-1147
-648
-67
461
974
1428
1838
2153
2241
1704
889
81
-532
-955
-1166
-1196
-1106
-888
-584
-285
-23
281
672
1032
1383
1661
1964
2207
2244
1529
451
-583
-1389
-1985
-2322
-2418
-2418
-2235
-1874
-1475
-1086
-610
-55
463
938
1349
1740
2094
2301
1834
976
147
-459
-890
-1115
-1181
-1156
-980
-677
-351
-50
329
766
1146
1480
1718
1977
2175
2147
1399
291
-735
-1493
-2051
-2326
-2377
-2336
-2134
-1810
-1437
-1082
-630
-106
391
906
1357
1794
2178
2296
1816
1028
189
-441
-902
-1137
-1216
-1170
-964
-614
-278
35
397
805
1150
1480
1682
1918
2088
2112
1423
336
-690
-1454
-1982
-2251
-2375
-2381
-2208
-1901
-1531
-1175
-712
-148
428
999
1466
1896
2262
2378
1793
911
74
-541
-955
-1179
-1203
-1105
-883
-583
-298
-38
312
717
1074
1410
1676
1954
2165
2183
1466
367
-673
-1472
-2063
-2395
-2501
-2448
-2216
-1853
-1445
-1059
-560
2
526
990
1393
1769
2111
2290
1832
996
168
-444
-856
-1087
-1177
-1171
-974
-669
-361
-91
272
732
1136
1478
1715
1970
2157
2136
1380
258
-787
-1547
-2059
-2319
-2388
-2326
-2100
-1771
-1434
-1090
-635
-87
433
935
1389
1833
2221
2372
1864
1044
181
-462
-902
-1142
-1210
-1156
-934
-636
-313
-2
340
713
1063
1408
1655
1908
2109
2103
1394
314
-692
-1435
-1975
-2287
-2425
-2417
-2185
-1833
-1468
-1094
-599
-25
525
1041
1458
1872
2223
2350
1770
890
75
-530
-948
-1161
-1232
-1178
-956
-651
-358
-88
271
685
1047
1396
1672
1955
2177
2201
1465
353
-673
-1444
-2018
-2336
-2452
-2408
-2159
-1802
-1408
-1015
-541
-20
502
978
1389
1774
2123
2241
1706
924
147
-454
-880
-1110
-1172
-1147
-983
-687
-381
-104
271
712
1116
1485
1738
1995
2186
2160
1393
299
-716
-1467
-1996
-2275
-2360
-2314
-2104
-1769
-1436
-1103
-653
-115
404
918
1387
1850
2231
2367
1821
965
132
-509
-965
-1208
-1246
-1180
-938
-625
-311
-4
343
754
1111
1435
1667
1925
2126
2137
1426
358
-648
-1391
-1943
-2259
-2379
-2369
-2199
-1895
-1520
-1103
-585
-12
516
1004
1419
1815
2161
2275
1721
840
25
-562
-955
-1131
-1182
-1114
-897
-599
-321
-69
281
700
1054
1396
1675
1980
2191
2177
1449
373
-669
-1450
-2037
-2360
-2473
-2428
-2192
-1829
-1425
-1032
-541
-12
481
962
1375
1782
2123
2237
1732
949
168
-430
-880
-1094
-1150
-1127
-946
-649
-350
-76
305
756
1168
1530
1779
2027
2183
2153
1358
247
-763
-1517
-2046
-2316
-2401
-2368
-2151
-1802
-1457
-1108
-637
-90
427
932
1368
1800
2203
2359
1806
965
132
-505
-952
-1179
-1239
-1159
-908
-574
-283
31
428
846
1169
1451
1650
1898
2110
2112
1347
254
-718
-1430
-1971
-2288
-2401
-2384
-2206
-1894
-1519
-1113
-615
-65
471
997
1454
1864
2198
2331
1777
904
44
-579
-981
-1141
-1142
-1067
-842
-548
-267
-28
294
697
1066
1421
1675
1957
2178
2174
1415
308
-710
-1471
-2041
-2365
-2485
-2431
-2165
-1811
-1448
-1050
-549
-7
500
988
1383
1785
2139
2235
1716
950
184
-409
-845
-1084
-1170
-1136
-948
-670
-362
-79
299
742
1140
1513
1767
1998
2152
2094
1321
211
-799
-1522
-2047
-2320
-2401
-2343
-2148
-1820
-1432
-1069
-607
-72
473
980
1395
1835
2210
2357
1788
933
113
-511
-965
-1197
-1235
-1122
-871
-552
-252
27
400
801
1151
1471
1671
1925
2128
2116
1337
247
-732
-1475
-2024
-2308
-2418
-2403
-2212
-1860
-1482
-1076
-575
7
549
1068
1470
1851
2182
2337
1789
898
55
-552
-961
-1141
-1196
-1146
-917
-597
-304
-37
293
683
1050
1401
1671
1952
2140
2136
1363
253
-776
-1527
-2067
-2344
-2443
-2384
-2141
-1768
-1383
-1014
-522
16
522
1016
1427
1829
2172
2272
1731
943
164
-431
-878
-1114
-1176
-1144
-954
-676
-378
-84
332
791
1172
1497
1728
1981
2162
2101
1295
198
-794
-1533
-2051
-2307
-2375
-2308
-2106
-1775
-1425
-1074
-617
-78
459
991
1429
1842
2213
2362
1809
927
61
-565
-989
-1185
-1242
-1184
-943
-600
-277
-2
368
761
1104
1457
1673
1945
2134
2122
1365
281
-700
-1456
-2014
-2305
-2414
-2396
-2187
-1845
-1466
-1061
-556
33
577
1097
1491
1896
2231
2248
1622
778
3
-563
-941
-1128
-1182
-1106
-878
-569
-298
-59
271
705
1114
1461
1724
2014
2225
2196
1382
231
-810
-1574
-2106
-2399
-2475
-2419
-2170
-1796
-1385
-989
-507
37
546
1006
1400
1800
2150
2253
1701
890
120
-452
-875
-1112
-1180
-1115
-907
-623
-314
-30
353
805
1191
1524
1744
1994
2169
2089
1265
182
-821
-1540
-2062
-2310
-2383
-2332
-2133
-1807
-1437
-1065
-609
-68
467
996
1433
1876
2248
2380
1796
913
61
-569
-1000
-1193
-1232
-1140
-877
-550
-242
33
393
801
1139
1429
1645
1921
2116
2080
1325
207
-774
-1502
-2039
-2329
-2448
-2422
-2206
-1846
-1488
-1106
-580
23
581
1094
1498
1905
2250
2272
1654
811
22
-565
-981
-1139
-1135
-1056
-837
-544
-243
20
391
780
1097
1412
1685
2021
2228
2158
1313
179
-836
-1598
-2162
-2449
-2501
-2413
-2155
-1781
-1395
-1000
-519
20
546
1019
1409
1816
2184
2326
1770
895
93
-476
-896
-1101
-1187
-1163
-944
-623
-322
-19
380
807
1196
1549
1788
2026
2167
2077
1249
163
-837
-1573
-2094
-2340
-2407
-2332
-2106
-1792
-1451
-1082
-588
-39
508
1044
1474
1902
2254
2287
1684
877
62
-539
-965
-1170
-1230
-1145
-892
-560
-231
43
381
779
1139
1449
1677
1941
2115
2068
1279
203
-786
-1495
-2027
-2305
-2394
-2361
-2166
-1825
-1461
-1066
-540
43
589
1083
1488
1891
2220
2254
1665
834
20
-543
-931
-1114
-1158
-1103
-902
-603
-303
-30
328
742
1118
1472
1709
1992
2154
2077
1282
209
-785
-1540
-2113
-2401
-2469
-2383
-2164
-1800
-1388
-980
-482
47
553
1025
1427
1839
2183
2318
1754
880
61
-526
-944
-1157
-1231
-1177
-935
-629
-319
-10
381
812
1214
1564
1786
2034
2177
2072
1218
97
-883
-1575
-2066
-2307
-2368
-2290
-2071
-1741
-1395
-1048
-577
-34
488
1002
1443
1894
2244
2301
1691
848
20
-597
-1014
-1184
-1223
-1142
-882
-541
-229
64
445
840
1167
1459
1659
1920
2121
2067
1276
217
-765
-1475
-2015
-2327
-2405
-2379
-2164
-1831
-1448
-1056
-549
26
573
1061
1471
1860
2181
2264
1672
785
-30
-613
-964
-1121
-1150
-1079
-835
-538
-275
-53
304
753
1170
1521
1777
2059
2236
2148
1302
144
-886
-1618
-2136
-2391
-2473
-2388
-2127
-1771
-1399
-1032
-555
-30
486
976
1380
1807
2163
2198
1622
851
98
-483
-907
-1103
-1155
-1093
-883
-582
-282
17
424
857
1230
1558
1772
2009
2146
2050
1222
141
-843
-1569
-2078
-2315
-2390
-2340
-2133
-1803
-1450
-1090
-585
-31
513
1015
1447
1897
2256
2300
1675
838
43
-554
-986
-1182
-1210
-1119
-856
-531
-240
46
428
832
1174
1476
1697
1974
2148
2081
1256
168
-804
-1509
-2032
-2308
-2428
-2418
-2214
-1844
-1438
-1022
-501
87
604
1096
1514
1900
2191
2267
1673
787
-39
-608
-969
-1109
-1105
-1038
-822
-520
-282
-55
322
752
1112
1448
1716
2038
2220
2130
1255
126
-879
-1599
-2142
-2424
-2510
-2418
-2108
-1707
-1330
-974
-500
21
514
981
1376
1805
2179
2224
1651
867
96
-478
-901
-1099
-1152
-1102
-905
-618
-315
-12
397
825
1200
1538
1752
1999
2124
1989
1139
70
-867
-1548
-2043
-2292
-2383
-2322
-2099
-1759
-1401
-1044
-559
-2
537
1068
1522
1959
2298
2329
1693
826
-5
-610
-1034
-1226
-1263
-1161
-895
-557
-248
15
385
778
1136
1469
1699
1980
2154
2073
1255
180
-805
-1537
-2050
-2328
-2432
-2390
-2165
-1800
-1422
-1024
-493
91
650
1136
1518
1916
2239
2283
1651
754
-53
-631
-998
-1170
-1203
-1117
-879
-569
-258
13
371
765
1149
1497
1769
2034
2200
2097
1236
147
-848
-1586
-2112
-2368
-2426
-2345
-2109
-1768
-1379
-957
-449
82
562
1017
1405
1804
2176
2199
1594
795
25
-538
-965
-1154
-1200
-1147
-940
-629
-302
-6
394
832
1190
1534
1762
2007
2173
2074
1226
129
-842
-1522
-2037
-2306
-2377
-2311
-2105
-1767
-1412
-1054
-567
-8
544
1088
1518
1931
2267
2309
1701
838
9
-608
-1047
-1223
-1227
-1119
-872
-539
-222
54
426
819
1160
1464
1671
1937
2140
2064
1245
150
-826
-1537
-2053
-2322
-2441
-2391
-2161
-1808
-1436
-1027
-482
88
606
1072
1464
1868
2175
2156
1547
772
29
-538
-933
-1089
-1124
-1052
-843
-558
-283
12
422
822
1179
1534
1767
2063
2238
2126
1243
125
-890
-1643
-2165
-2392
-2455
-2373
-2115
-1739
-1360
-989
-529
-5
507
1025
1436
1842
2203
2245
1648
825
11
-569
-997
-1205
-1265
-1196
-948
-603
-264
56
466
887
1254
1566
1781
2024
2164
2029
1139
50
-893
-1562
-2056
-2311
-2375
-2296
-2076
-1775
-1430
-1054
-572
-10
547
1082
1506
1919
2243
2257
1622
784
-16
-588
-983
-1144
-1181
-1098
-838
-508
-197
64
413
791
1130
1445
1679
1948
2141
2062
1249
162
-827
-1534
-2059
-2330
-2431
-2397
-2177
-1832
-1448
-1037
-493
73
598
1081
1494
1886
2204
2192
1596
783
28
-514
-884
-1066
-1123
-1073
-874
-620
-341
-81
309
736
1133
1504
1764
2067
2253
2134
1276
132
-879
-1627
-2148
-2403
-2472
-2379
-2089
-1703
-1301
-929
-452
60
547
1028
1423
1827
2188
2271
1665
818
24
-557
-987
-1185
-1247
-1191
-956
-624
-320
-6
417
848
1225
1540
1755
2019
2186
2058
1163
67
-899
-1574
-2058
-2279
-2346
-2275
-2051
-1749
-1434
-1068
-563
-1
560
1096
1534
1960
2299
2347
1685
777
-50
-638
-1067
-1226
-1224
-1123
-865
-527
-224
57
433
816
1141
1425
1653
1950
2168
2093
1248
160
-817
-1546
-2070
-2346
-2454
-2407
-2146
-1774
-1397
-1000
-477
80
619
1124
1513
1904
2237
2228
1578
729
-52
-600
-968
-1134
-1174
-1109
-848
-535
-266
-14
345
780
1151
1512
1762
2063
2252
2115
1201
75
-919
-1628
-2151
-2403
-2443
-2319
-2056
-1697
-1325
-939
-426
98
564
1036
1454
1882
2228
2223
1556
744
6
-546
-964
-1170
-1233
-1162
-927
-615
-332
-33
369
801
1190
1517
1746
2008
2147
2015
1147
68
-872
-1546
-2032
-2260
-2338
-2272
-2050
-1755
-1419
-1033
-527
32
569
1064
1511
1953
2301
2334
1640
745
-86
-685
-1089
-1257
-1251
-1117
-841
-512
-228
53
444
832
1191
1502
1739
2032
2197
2051
1185
108
-860
-1583
-2109
-2379
-2471
-2399
-2126
-1756
-1370
-958
-439
119
642
1144
1547
1926
2226
2214
1548
677
-99
-633
-999
-1151
-1179
-1079
-811
-526
-264
20
427
835
1186
1514
1754
2032
2221
2053
1109
-46
-985
-1662
-2166
-2394
-2416
-2321
-2048
-1710
-1332
-944
-458
42
516
1033
1474
1900
2259
2306
1645
794
-8
-616
-1037
-1182
-1213
-1137
-913
-602
-288
13
433
848
1211
1527
1722
1975
2109
1963
1106
39
-879
-1545
-2032
-2258
-2351
-2293
-2063
-1724
-1379
-992
-482
85
659
1190
1615
2028
2342
2283
1595
724
-85
-659
-1054
-1212
-1216
-1100
-852
-532
-239
33
420
801
1160
1500
1747
2030
2189
2020
1126
68
-887
-1604
-2114
-2349
-2432
-2377
-2115
-1748
-1356
-931
-390
154
683
1176
1542
1911
2215
2219
1535
643
-141
-657
-1004
-1144
-1182
-1109
-885
-580
-305
-48
346
761
1171
1523
1767
2046
2191
2029
1099
-16
-983
-1675
-2165
-2365
-2418
-2314
-2032
-1667
-1313
-918
-438
96
590
1067
1455
1875
2214
2200
1579
778
4
-555
-979
-1180
-1263
-1209
-945
-605
-257
59
487
915
1259
1555
1769
2006
2134
1959
1038
-36
-938
-1608
-2084
-2296
-2369
-2307
-2075
-1721
-1351
-965
-446
106
650
1187
1609
2013
2321
2268
1576
682
-119
-685
-1068
-1226
-1243
-1109
-828
-495
-215
43
421
807
1163
1469
1685
1985
2176
2041
1161
75
-863
-1569
-2097
-2341
-2421
-2348
-2094
-1738
-1358
-950
-426
113
627
1107
1510
1913
2221
2244
1586
712
-84
-646
-1023
-1165
-1189
-1106
-872
-575
-296
-16
383
801
1195
1558
1797
2069
2208
2058
1146
22
-940
-1657
-2158
-2374
-2424
-2336
-2048
-1657
-1289
-915
-423
106
622
1112
1509
1935
2263
2202
1524
694
-74
-618
-1009
-1197
-1257
-1169
-930
-589
-267
37
455
898
1292
1610
1812
2051
2171
1949
1018
-80
-1016
-1672
-2125
-2312
-2371
-2318
-2081
-1717
-1326
-958
-453
106
643
1147
1557
1976
2293
2223
1536
674
-113
-677
-1051
-1177
-1191
-1072
-811
-493
-190
58
415
789
1144
1460
1698
2001
2192
2053
1154
78
-853
-1544
-2066
-2335
-2421
-2380
-2127
-1768
-1393
-977
-415
160
684
1137
1515
1902
2213
2216
1540
666
-84
-611
-978
-1137
-1201
-1129
-910
-598
-298
4
411
837
1254
1606
1836
2118
2249
2063
1122
-35
-1015
-1693
-2175
-2391
-2448
-2355
-2086
-1668
-1298
-919
-427
98
608
1102
1519
1964
2301
2278
1582
717
-70
-636
-1055
-1250
-1283
-1153
-868
-503
-204
87
516
915
1245
1520
1717
1986
2157
1965
1014
-82
-1010
-1650
-2136
-2368
-2409
-2335
-2091
-1743
-1379
-980
-456
94
629
1161
1589
1991
2310
2293
1595
700
-95
-668
-1058
-1194
-1207
-1091
-816
-517
-235
43
430
799
1137
1462
1721
2034
2225
2060
1136
16
-954
-1648
-2140
-2359
-2452
-2387
-2109
-1727
-1331
-918
-374
204
708
1179
1547
1946
2261
2149
1469
647
-76
-612
-1012
-1175
-1203
-1092
-862
-577
-292
-4
436
849
1216
1558
1831
2119
2234
1982
1017
-96
-1035
-1700
-2179
-2367
-2385
-2258
-2007
-1642
-1279
-937
-454
87
584
1066
1499
1937
2266
2218
1567
719
-64
-644
-1030
-1198
-1241
-1174
-912
-566
-213
89
491
883
1226
1524
1747
1997
2125
1926
1009
-54
-957
-1603
-2070
-2283
-2357
-2290
-2070
-1744
-1397
-992
-431
139
663
1164
1591
1999
2306
2272
1556
634
-178
-717
-1073
-1231
-1237
-1111
-823
-501
-212
60
448
829
1170
1487
1746
2055
2229
2049
1132
23
-930
-1650
-2169
-2388
-2450
-2385
-2124
-1726
-1303
-877
-345
204
701
1167
1538
1916
2220
2136
1467
636
-108
-618
-985
-1139
-1187
-1108
-873
-552
-250
19
421
837
1211
1560
1805
2092
2246
2011
1048
-67
-1033
-1715
-2178
-2357
-2380
-2277
-1988
-1646
-1297
-938
-457
76
560
1055
1483
1918
2262
2249
1571
713
-70
-638
-1035
-1190
-1226
-1154
-888
-539
-223
71
475
891
1268
1576
1794
2049
2188
1966
1022
-82
-1016
-1691
-2123
-2307
-2374
-2322
-2091
-1739
-1381
-990
-471
94
645
1150
1587
2018
2312
2159
1442
616
-130
-664
-1038
-1177
-1172
-1060
-780
-454
-177
90
493
888
1219
1501
1744
2050
2211
1984
1046
-53
-988
-1684
-2169
-2388
-2460
-2369
-2087
-1694
-1298
-878
-361
183
703
1157
1525
1914
2228
2148
1441
590
-158
-636
-974
-1091
-1136
-1091
-875
-562
-264
33
432
861
1238
1576
1822
2089
2244
1992
1023
-99
-1044
-1706
-2160
-2341
-2395
-2294
-2017
-1664
-1326
-933
-415
141
629
1090
1524
1987
2335
2296
1603
702
-92
-653
-1060
-1228
-1268
-1157
-861
-518
-203
94
524
922
1258
1549
1754
2023
2183
1953
1009
-74
-997
-1661
-2142
-2370
-2461
-2373
-2107
-1723
-1342
-952
-418
141
686
1175
1586
1997
2281
2156
1411
541
-191
-710
-1052
-1164
-1157
-1029
-743
-440
-192
72
471
858
1201
1489
1722
2016
2187
1978
1040
-53
-986
-1668
-2153
-2368
-2433
-2342
-2068
-1696
-1309
-884
-364
160
678
1178
1576
1947
2247
2161
1479
663
-81
-599
-956
-1092
-1142
-1067
-857
-598
-332
-24
429
885
1264
1572
1803
2085
2215
1946
986
-111
-1061
-1726
-2172
-2366
-2413
-2294
-2002
-1645
-1299
-919
-434
125
697
1186
1593
2027
2338
2175
1490
668
-115
-696
-1085
-1236
-1271
-1168
-871
-520
-181
141
539
931
1263
1567
1766
2011
2106
1831
922
-100
-995
-1654
-2107
-2305
-2365
-2293
-2047
-1684
-1315
-907
-354
213
741
1209
1592
1986
2286
2127
1376
504
-247
-764
-1099
-1204
-1184
-1053
-781
-465
-177
71
448
837
1177
1479
1744
2041
2210
1998
1064
-30
-952
-1643
-2142
-2370
-2443
-2352
-2080
-1714
-1317
-877
-325
222
722
1169
1548
1943
2249
2201
1497
627
-140
-672
-1035
-1157
-1198
-1129
-900
-583
-293
9
445
899
1305
1644
1893
2141
2231
1944
954
-151
-1085
-1749
-2193
-2372
-2397
-2277
-1998
-1630
-1267
-859
-347
164
665
1147
1569
2017
2313
2173
1454
640
-129
-696
-1077
-1241
-1280
-1156
-837
-504
-197
114
532
928
1271
1574
1782
2056
2172
1876
934
-131
-1020
-1659
-2129
-2304
-2346
-2258
-2029
-1698
-1345
-941
-431
109
642
1179
1610
2008
2302
2140
1402
544
-225
-766
-1097
-1197
-1195
-1078
-779
-463
-205
67
476
872
1236
1540
1781
2084
2261
2004
1029
-76
-1001
-1674
-2163
-2396
-2480
-2372
-2064
-1674
-1295
-879
-332
204
706
1171
1559
1959
2252
2153
1431
570
-179
-703
-1058
-1175
-1207
-1111
-852
-515
-236
60
496
909
1288
1615
1871
2138
2234
1907
898
-210
-1134
-1764
-2195
-2355
-2367
-2241
-1974
-1511
-958
-517
-61
381
815
1223
1672
2230
2529
1982
952
35
-648
-1091
-1354
-1407
-1354
-1179
-852
-475
-163
133
537
938
1292
1605
1847
2106
2228
1947
991
-81
-964
-1616
-2089
-2318
-2404
-2343
-2083
-1732
-1359
-921
-343
213
745
1215
1598
1983
2317
2241
1482
569
-215
-729
-1079
-1202
-1216
-1087
-796
-485
-208
67
466
863
1238
1574
1809
2091
2247
1964
980
-154
-1104
-1791
-2274
-2458
-2466
-2066
-1388
-1020
-918
-942
-633
-115
679
1478
1981
2402
2579
2258
1455
582
-169
-681
-1033
-1090
-1102
-1093
-1128
-1215
-1061
-699
-118
441
932
1357
1686
2021
2191
1909
945
-121
-1009
-1647
-2076
-2229
-2237
-2120
-1877
-1535
-1186
-792
-318
162
693
1212
1626
2052
2385
2245
1517
662
-109
-672
-1044
-1188
-1240
-1124
-805
-469
-183
118
534
914
1251
1535
1757
2014
2159
1893
928
-135
-1022
-1663
-2125
-2341
-2410
-2325
-2047
-1719
-1373
-933
-352
236
792
1294
1689
2058
2322
2150
1349
454
-282
-780
-1102
-1193
-1193
-1064
-781
-486
-223
61
449
840
1192
1515
1790
2099
2256
1950
968
-141
-1085
-1752
-2212
-2401
-2430
-2295
-1976
-1579
-1193
-783
-272
254
743
1184
1538
1908
2217
2068
1351
526
-172
-641
-1004
-1141
-1168
-1088
-855
-541
-246
65
490
907
1288
1603
1852
2128
2242
1902
901
-194
-1080
-1711
-2155
-2322
-2349
-2237
-1983
-1637
-1300
-919
-388
142
665
1158
1573
1982
2305
2174
1431
564
-199
-749
-1135
-1273
-1286
-1148
-817
-477
-153
141
569
964
1318
1610
1817
2033
2157
1862
892
-189
-1081
-1722
-2145
-2329
-2365
-2278
-2011
-1668
-1308
-887
-331
221
740
1230
1650
2031
2313
2139
1325
436
-311
-835
-1156
-1233
-1189
-1010
-704
-396
-137
125
519
863
1195
1493
1749
2054
2212
1895
920
-159
-1076
-1755
-2212
-2395
-2436
-2316
-2022
-1625
-1248
-834
-325
201
716
1186
1577
1964
2263
2104
1404
584
-143
-625
-967
-1096
-1157
-1086
-831
-533
-225
84
518
946
1342
1654
1883
2125
2216
1868
870
-238
-1154
-1811
-2245
-2404
-2416
-2288
-2011
-1665
-1292
-894
-383
175
726
1220
1640
2062
2378
2240
1485
563
-228
-778
-1135
-1238
-1245
-1105
-816
-471
-143
186
617
1007
1318
1604
1798
2032
2143
1817
824
-246
-1117
-1744
-2176
-2351
-2403
-2294
-2021
-1651
-1273
-843
-314
257
788
1245
1616
1993
2261
2051
1292
459
-241
-709
-1015
-1125
-1150
-1059
-819
-496
-204
77
483
853
1201
1518
1784
2059
2203
1865
882
-190
-1097
-1755
-2220
-2411
-2443
-2304
-2008
-1610
-1247
-810
-267
252
748
1209
1607
2006
2299
2105
1375
558
-156
-666
-1034
-1187
-1240
-1151
-875
-531
-219
92
521
961
1356
1650
1871
2123
2226
1842
815
-294
-1188
-1800
-2219
-2385
-2404
-2272
-1973
-1582
-1220
-821
-305
216
716
1208
1619
2037
2368
2204
1404
491
-285
-789
-1118
-1232
-1236
-1106
-794
-449
-125
189
599
965
1257
1541
1765
2008
2151
1867
897
-197
-1064
-1693
-2130
-2339
-2395
-2294
-2022
-1655
-1280
-851
-317
231
785
1269
1658
2054
2337
2096
1312
419
-299
-759
-1055
-1153
-1156
-1021
-762
-467
-238
7
425
850
1250
1565
1820
2119
2252
1890
869
-247
-1150
-1819
-2269
-2459
-2480
-2311
-1991
-1609
-1215
-762
-235
282
782
1231
1627
2029
2305
2088
1339
510
-207
-719
-1084
-1222
-1238
-1109
-816
-479
-183
129
568
993
1349
1632
1852
2086
2180
1807
791
-295
-1164
-1771
-2169
-2329
-2341
-2226
-1939
-1586
-1252
-850
-335
188
714
1184
1612
2031
2321
2074
1338
503
-224
-741
-1111
-1246
-1231
-1064
-755
-443
-153
151
563
954
1297
1585
1811
2049
2161
1839
856
-220
-1084
-1678
-2137
-2357
-2419
-2338
-2099
-1733
-1335
-867
-298
285
815
1274
1667
2073
2315
2071
1304
461
-279
-775
-1098
-1199
-1190
-1037
-755
-440
-159
120
527
928
1288
1598
1847
2154
2304
1917
864
-278
-1200
-1864
-2325
-2507
-2535
-2378
-2038
-1599
-1187
-756
-233
283
755
1195
1598
2015
2295
2099
1333
483
-221
-723
-1058
-1164
-1158
-1039
-781
-481
-196
125
584
980
1333
1650
1891
2109
2157
1748
746
-321
-1189
-1801
-2186
-2311
-2345
-2237
-1965
-1619
-1273
-874
-359
183
722
1205
1640
2084
2383
2147
1407
532
-233
-743
-1093
-1227
-1227
-1086
-773
-432
-154
143
571
975
1311
1558
1763
2036
2186
1819
821
-249
-1103
-1739
-2187
-2390
-2449
-2339
-2044
-1689
-1287
-825
-255
305
821
1305
1729
2111
2345
2059
1265
401
-289
-771
-1081
-1153
-1136
-1026
-770
-473
-179
112
524
914
1273
1590
1841
2099
2197
1770
759
-311
-1197
-1822
-2255
-2414
-2428
-2273
-1952
-1555
-1171
-762
-248
268
771
1213
1592
1995
2340
2163
1360
469
-243
-733
-1099
-1205
-1202
-1068
-814
-511
-233
73
532
957
1327
1615
1834
2110
2224
1808
780
-296
-1144
-1751
-2169
-2327
-2354
-2238
-1985
-1619
-1252
-847
-314
216
748
1239
1663
2061
2365
2117
1337
450
-285
-802
-1159
-1271
-1261
-1110
-796
-435
-131
176
595
980
1323
1605
1834
2077
2204
1814
793
-285
-1136
-1770
-2206
-2381
-2420
-2298
-2008
-1633
-1245
-774
-210
350
834
1289
1671
2047
2279
2025
1226
380
-307
-783
-1095
-1145
-1122
-996
-738
-458
-208
70
456
846
1258
1612
1867
2122
2249
1840
813
-296
-1206
-1843
-2230
-2357
-2373
-2230
-1940
-1576
-1216
-811
-312
199
690
1142
1563
1990
2274
2020
1316
520
-173
-672
-1019
-1166
-1216
-1096
-815
-508
-207
139
603
1023
1402
1685
1894
2114
2219
1785
744
-353
-1220
-1827
-2215
-2354
-2362
-2243
-1981
-1640
-1276
-854
-312
248
797
1274
1675
2072
2345
2082
1318
433
-319
-838
-1170
-1267
-1249
-1079
-748
-392
-90
225
630
1005
1335
1601
1826
2069
2170
1772
765
-321
-1185
-1782
-2190
-2371
-2436
-2315
-2006
-1628
-1234
-794
-247
303
831
1282
1658
2031
2304
2042
1252
392
-324
-802
-1075
-1142
-1132
-984
-676
-410
-169
112
533
924
1286
1589
1841
2125
2266
1842
811
-284
-1185
-1833
-2274
-2445
-2457
-2296
-1964
-1562
-1203
-774
-241
268
761
1193
1566
1967
2252
1989
1262
445
-255
-745
-1093
-1219
-1230
-1081
-775
-465
-164
182
637
1042
1400
1690
1918
2141
2224
1751
697
-392
-1233
-1820
-2208
-2359
-2368
-2219
-1931
-1576
-1216
-807
-290
252
751
1218
1662
2071
2345
2063
1285
407
-334
-833
-1147
-1231
-1201
-1028
-704
-371
-80
210
599
955
1292
1579
1812
2057
2182
1782
781
-293
-1161
-1802
-2224
-2378
-2423
-2295
-2008
-1641
-1273
-829
-265
315
859
1294
1670
2065
2311
2067
1267
405
-322
-788
-1074
-1161
-1162
-1022
-747
-458
-196
126
551
984
1338
1635
1883
2174
2265
1790
734
-347
-1225
-1865
-2289
-2440
-2433
-2279
-1985
-1611
-1220
-766
-201
315
803
1243
1642
2046
2319
2000
1224
390
-312
-800
-1128
-1247
-1232
-1088
-801
-461
-145
191
634
1041
1396
1657
1871
2118
2208
1723
674
-392
-1215
-1805
-2193
-2322
-2324
-2191
-1907
-1577
-1256
-852
-310
228
741
1208
1646
2064
2371
2127
1330
428
-323
-846
-1162
-1230
-1205
-1046
-733
-418
-130
189
590
950
1280
1553
1789
2062
2212
1810
805
-263
-1117
-1748
-2186
-2384
-2435
-2323
-2033
-1635
-1237
-789
-224
314
821
1280
1650
2041
2316
2082
1250
376
-319
-796
-1075
-1180
-1195
-1072
-779
-467
-189
128
560
972
1371
1678
1954
2210
2270
1790
728
-365
-1265
-1912
-2310
-2429
-2396
-2218
-1885
-1490
-1139
-727
-241
222
707
1188
1607
2015
2287
1992
1238
427
-280
-801
-1126
-1249
-1248
-1086
-796
-462
-142
180
598
993
1348
1632
1868
2082
2166
1717
688
-371
-1207
-1788
-2143
-2294
-2334
-2219
-1947
-1593
-1246
-834
-331
221
790
1290
1718
2105
2391
2130
1298
394
-348
-825
-1131
-1237
-1232
-1092
-779
-434
-137
175
606
990
1330
1593
1821
2092
2228
1813
790
-292
-1161
-1793
-2224
-2402
-2443
-2313
-2014
-1641
-1241
-773
-198
367
897
1342
1703
2049
2251
1923
1168
358
-324
-813
-1106
-1149
-1137
-1011
-753
-441
-189
125
549
974
1345
1658
1909
2159
2266
1817
736
-374
-1254
-1874
-2274
-2426
-2440
-2271
-1914
-1505
-1162
-765
-250
256
746
1184
1578
1981
2297
2047
1287
429
-259
-740
-1064
-1184
-1226
-1109
-809
-487
-185
155
612
1008
1393
1659
1881
2106
2188
1720
695
-360
-1193
-1800
-2196
-2350
-2372
-2240
-1970
-1625
-1267
-839
-286
250
795
1284
1716
2130
2410
2132
1278
353
-376
-878
-1176
-1254
-1231
-1060
-732
-394
-122
184
601
1011
1367
1623
1850
2084
2193
1749
747
-316
-1181
-1812
-2238
-2410
-2434
-2286
-1974
-1605
-1214
-736
-181
346
848
1298
1679
2039
2271
1936
1157
338
-319
-769
-1050
-1116
-1112
-959
-675
-396
-153
124
544
922
1287
1610
1867
2121
2223
1746
704
-385
-1234
-1844
-2229
-2396
-2390
-2219
-1903
-1560
-1215
-804
-253
277
774
1232
1639
2056
2363
2080
1259
390
-301
-761
-1082
-1205
-1235
-1092
-789
-471
-194
135
597
1017
1373
1619
1844
2085
2188
1696
657
-406
-1259
-1870
-2238
-2376
-2377
-2231
-1928
-1554
-1180
-756
-226
303
854
1342
1748
2122
2344
1994
1219
377
-344
-858
-1164
-1232
-1194
-1026
-709
-370
-91
199
611
989
1324
1585
1814
2058
2170
1728
693
-372
-1207
-1820
-2228
-2400
-2426
-2275
-1959
-1562
-1186
-739
-192
353
861
1300
1668
2025
2273
1971
1190
355
-319
-781
-1077
-1135
-1107
-982
-706
-444
-190
101
542
949
1329
1653
1898
2146
2229
1756
685
-397
-1252
-1877
-2258
-2375
-2373
-2199
-1883
-1515
-1157
-746
-212
289
766
1206
1619
2037
2346
2056
1239
356
-334
-856
-1186
-1286
-1253
-1066
-753
-424
-114
234
677
1057
1387
1636
1859
2074
2150
1655
620
-436
-1250
-1838
-2205
-2324
-2330
-2187
-1905
-1563
-1222
-780
-230
318
843
1307
1718
2117
2345
1988
1197
342
-356
-852
-1159
-1232
-1172
-971
-663
-353
-86
193
575
943
1301
1598
1831
2067
2176
1702
678
-390
-1225
-1831
-2220
-2398
-2456
-2310
-1994
-1585
-1207
-750
-177
348
854
1307
1710
2100
2338
1991
1206
362
-326
-800
-1085
-1169
-1147
-993
-745
-458
-205
123
594
1001
1347
1645
1928
2188
2270
1725
633
-486
-1336
-1945
-2315
-2449
-2402
-2215
-1892
-1509
-1109
-672
-158
334
829
1273
1667
2047
2330
2065
1273
393
-324
-821
-1157
-1265
-1256
-1101
-809
-451
-109
259
689
1048
1374
1629
1853
2048
2130
1600
535
-518
-1317
-1865
-2204
-2341
-2352
-2201
-1905
-1554
-1207
-781
-230
321
852
1322
1743
2132
2356
1999
1197
340
-346
-827
-1109
-1165
-1132
-976
-685
-373
-122
181
584
939
1268
1573
1842
2089
2209
1729
694
-365
-1228
-1855
-2243
-2402
-2428
-2291
-1991
-1592
-1201
-728
-140
410
926
1365
1718
2049
2283
1962
1142
282
-377
-836
-1125
-1217
-1201
-1034
-744
-429
-168
149
591
1001
1378
1686
1992
2215
2276
1736
633
-488
-1342
-1955
-2343
-2472
-2423
-2212
-1887
-1495
-1118
-696
-191
321
827
1269
1667
2070
2310
1950
1196
384
-296
-774
-1083
-1192
-1183
-1027
-739
-406
-110
195
610
1022
1392
1641
1863
2069
2139
1604
550
-506
-1312
-1884
-2234
-2369
-2369
-2228
-1948
-1579
-1220
-774
-203
358
879
1333
1774
2179
2409
1998
1169
317
-390
-862
-1157
-1234
-1182
-977
-658
-369
-109
198
630
1015
1345
1610
1861
2105
2200
1687
639
-435
-1273
-1895
-2298
-2466
-2476
-2306
-1967
-1559
-1151
-696
-155
394
919
1344
1715
2065
2296
1987
1171
304
-366
-827
-1095
-1166
-1167
-1023
-739
-437
-178
157
607
1006
1374
1655
1919
2150
2227
1709
602
-474
-1305
-1903
-2271
-2388
-2359
-2212
-1891
-1513
-1149
-738
-221
303
809
1279
1727
2124
2356
2003
1208
369
-303
-809
-1140
-1259
-1248
-1079
-760
-401
-91
248
661
1022
1337
1592
1823
2068
2178
1649
602
-445
-1252
-1841
-2226
-2391
-2396
-2247
-1947
-1571
-1219
-783
-219
351
892
1363
1776
2151
2358
1933
1102
266
-385
-853
-1128
-1197
-1167
-980
-668
-354
-97
215
622
1014
1354
1596
1852
2101
2210
1676
614
-453
-1279
-1887
-2282
-2418
-2419
-2250
-1913
-1528
-1139
-683
-140
394
891
1326
1712
2056
2231
1839
1081
291
-341
-790
-1061
-1138
-1121
-963
-689
-414
-148
180
603
1008
1375
1648
1913
2150
2228
1669
584
-486
-1321
-1949
-2302
-2423
-2365
-2167
-1854
-1510
-1177
-774
-251
283
804
1284
1711
2106
2350
1973
1200
372
-291
-791
-1120
-1231
-1223
-1089
-806
-456
-107
293
764
1123
1435
1662
1905
2104
2134
1553
527
-489
-1281
-1868
-2219
-2366
-2382
-2221
-1950
-1597
-1241
-793
-213
367
914
1382
1782
2131
2348
1980
1114
216
-467
-915
-1165
-1215
-1155
-953
-624
-313
-72
217
618
1003
1355
1616
1858
2110
2210
1660
606
-439
-1262
-1896
-2305
-2462
-2456
-2273
-1934
-1532
-1147
-680
-142
370
864
1311
1710
2071
2258
1846
1078
295
-351
-787
-1047
-1127
-1109
-974
-698
-415
-156
179
622
1024
1405
1690
1957
2195
2238
1614
534
-540
-1364
-1957
-2306
-2414
-2379
-2165
-1837
-1476
-1115
-701
-173
359
859
1294
1686
2091
2346
1956
1172
328
-362
-849
-1127
-1208
-1198
-1010
-710
-400
-101
242
698
1080
1428
1680
1899
2110
2137
1524
463
-570
-1365
-1945
-2285
-2372
-2360
-2215
-1914
-1539
-1160
-711
-181
355
908
1374
1778
2140
2355
1965
1114
247
-424
-880
-1117
-1197
-1173
-972
-650
-332
-76
225
617
983
1334
1607
1856
2099
2175
1604
553
-500
-1319
-1934
-2319
-2470
-2473
-2278
-1911
-1506
-1131
-647
-95
430
935
1361
1751
2133
2335
1891
1093
286
-361
-811
-1078
-1173
-1149
-976
-701
-439
-182
151
626
1050
1422
1685
1947
2150
2172
1548
476
-599
-1416
-1983
-2312
-2399
-2354
-2175
-1837
-1457
-1084
-666
-119
388
904
1334
1742
2139
2362
1920
1122
294
-384
-877
-1154
-1225
-1189
-1022
-708
-394
-96
243
706
1096
1405
1630
1841
2038
2099
1512
474
-538
-1295
-1846
-2195
-2361
-2381
-2212
-1884
-1504
-1152
-704
-144
411
925
1372
1765
2126
2278
1805
1013
189
-461
-907
-1155
-1214
-1165
-960
-665
-381
-120
192
593
976
1351
1645
1925
2171
2242
1661
590
-465
-1284
-1899
-2258
-2401
-2428
-2238
-1883
-1494
-1115
-652
-102
432
955
1354
1702
2058
2258
1834
1049
245
-385
-827
-1091
-1183
-1179
-1018
-733
-435
-147
209
659
1069
1439
1708
1973
2187
2220
1594
498
-573
-1388
-1965
-2276
-2363
-2339
-2157
-1833
-1484
-1134
-697
-181
352
868
1300
1693
2110
2355
1941
1122
272
-414
-892
-1172
-1258
-1217
-1023
-663
-324
-46
287
710
1104
1431
1677
1918
2117
2153
1521
469
-552
-1331
-1888
-2230
-2365
-2382
-2213
-1929
-1585
-1218
-729
-140
418
945
1399
1785
2148
2362
1916
1034
150
-538
-974
-1210
-1227
-1169
-955
-630
-322
-61
246
669
1036
1391
1653
1914
2163
2261
1652
569
-506
-1345
-1958
-2338
-2458
-2438
-2249
-1922
-1524
-1130
-678
-113
428
931
1344
1708
2052
2261
1848
1077
281
-342
-784
-1062
-1179
-1166
-992
-718
-412
-144
199
664
1082
1453
1702
1951
2171
2198
1548
449
-623
-1406
-1977
-2310
-2405
-2358
-2158
-1856
-1517
-1156
-698
-161
335
856
1324
1752
2157
2422
2047
1172
292
-401
-897
-1165
-1250
-1223
-1060
-731
-391
-97
259
696
1071
1429
1679
1924
2108
2158
1529
442
-600
-1398
-1952
-2273
-2386
-2402
-2253
-1927
-1559
-1190
-720
-172
376
921
1392
1816
2180
2387
1961
1086
211
-449
-916
-1161
-1206
-1145
-918
-599
-299
-46
279
680
1058
1400
1646
1920
2153
2197
1574
511
-553
-1362
-1947
-2308
-2439
-2424
-2220
-1872
-1481
-1091
-620
-75
437
924
1348
1734
2079
2272
1845
1089
279
-358
-797
-1063
-1164
-1154
-1006
-730
-433
-160
171
623
1033
1414
1694
1968
2170
2190
1550
450
-638
-1436
-2004
-2298
-2380
-2348
-2147
-1836
-1482
-1130
-690
-154
352
858
1327
1769
2159
2387
1976
1121
284
-401
-893
-1176
-1258
-1242
-1064
-738
-387
-103
245
663
1032
1370
1620
1852
2056
2117
1542
490
-534
-1320
-1876
-2215
-2358
-2391
-2219
-1886
-1478
-1120
-649
-83
475
1014
1453
1824
2155
2311
1857
1036
206
-445
-906
-1153
-1212
-1165
-986
-686
-392
-147
193
611
995
1349
1624
1924
2188
2244
1598
518
-534
-1335
-1935
-2295
-2433
-2402
-2209
-1862
-1485
-1095
-605
-57
467
955
1364
1738
2086
2271
1816
1039
244
-401
-852
-1103
-1190
-1198
-1046
-743
-426
-143
222
674
1075
1448
1715
1969
2167
2195
1509
423
-627
-1404
-1957
-2251
-2341
-2314
-2120
-1797
-1457
-1114
-679
-133
414
920
1326
1741
2116
2281
1806
1023
199
-445
-898
-1150
-1242
-1202
-979
-639
-318
-1
352
755
1068
1408
1652
1874
2072
2107
1473
443
-557
-1309
-1859
-2188
-2355
-2369
-2184
-1889
-1551
-1208
-728
-138
425
989
1425
1808
2150
2292
1796
947
88
-519
-889
-1077
-1110
-1083
-910
-611
-325
-101
203
603
994
1369
1648
1933
2172
2217
1553
459
-591
-1396
-1991
-2332
-2459
-2423
-2208
-1871
-1480
-1095
-604
-55
452
930
1337
1754
2121
2340
1919
1079
220
-417
-860
-1106
-1187
-1164
-997
-704
-404
-113
257
725
1132
1477
1715
1953
2138
2143
1446
367
-691
-1483
-2031
-2330
-2419
-2381
-2180
-1848
-1465
-1108
-654
-106
425
922
1377
1814
2190
2362
1885
1067
218
-419
-880
-1163
-1236
-1189
-982
-630
-320
-27
337
767
1103
1403
1646
1866
2075
2084
1428
370
-651
-1403
-1951
-2270
-2378
-2356
-2141
-1851
-1501
-1125
-632
-79
441
970
1443
1863
2209
2332
1829
990
141
-494
-942
-1178
-1225
-1158
-938
-619
-316
-70
241
643
1001
1331
1595
1887
2120
2178
1513
420
-630
-1417
-2001
-2334
-2449
-2426
-2190
-1812
-1418
-1017
-550
-21
481
973
1375
1772
2129
2337
1896
1059
214
-436
-895
-1131
-1196
-1153
-996
-728
-434
-156
207
652
1055
1433
1720
1997
2172
2161
1431
331
-696
-1466
-1996
-2275
-2358
-2312
-2115
-1788
-1430
-1106
-663
-114
420
939
1393
1816
2189
2355
1865
1044
179
-493
-938
-1187
-1261
-1206
-980
-646
-342
-74
288
739
1114
1419
1654
1925
2118
2122
1451
410
-618
-1351
-1916
-2264
-2396
-2383
-2197
-1879
-1526
-1103
-610
-27
488
1016
1468
1864
2190
2320
1815
962
99
-520
-930
-1149
-1196
-1154
-974
-671
-368
-97
247
688
1065
1417
1670
1935
2120
2121
1441
365
-680
-1466
-2022
-2318
-2418
-2389
-2152
-1776
-1384
-1025
-582
-40
475
957
1349
1748
2128
2273
1760
969
185
-417
-864
-1097
-1183
-1170
-992
-691
-401
-124
246
716
1120
1500
1770
2017
2187
2159
1415
315
-701
-1459
-1992
-2281
-2382
-2354
-2166
-1829
-1454
-1093
-637
-109
393
913
1362
1796
2173
2350
1867
1017
168
-501
-967
-1204
-1224
-1153
-933
-598
-272
32
388
778
1123
1450
1691
1940
2109
2123
1438
366
-632
-1392
-1938
-2283
-2419
-2404
-2219
-1904
-1542
-1153
-632
-42
516
1014
1449
1820
2146
2290
1783
900
46
-569
-949
-1130
-1134
-1062
-871
-573
-304
-76
230
647
1031
1418
1717
2000
2203
2209
1477
374
-691
-1494
-2089
-2405
-2516
-2459
-2221
-1855
-1459
-1066
-575
-13
496
984
1391
1792
2146
2275
1768
1000
234
-365
-812
-1073
-1165
-1129
-943
-669
-370
-68
329
758
1131
1470
1716
1965
2139
2116
1375
263
-772
-1509
-2036
-2319
-2404
-2354
-2149
-1821
-1475
-1132
-650
-106
416
948
1410
1862
2237
2367
1835
1007
183
-461
-928
-1178
-1228
-1167
-938
-605
-267
11
346
742
1099
1421
1633
1866
2043
2061
1408
350
-649
-1411
-1947
-2274
-2400
-2375
-2223
-1901
-1535
-1144
-644
-47
524
1047
1486
1882
2193
2363
1850
937
96
-521
-941
-1160
-1208
-1155
-940
-623
-331
-69
267
678
1054
1398
1665
1956
2194
2202
1461
358
-699
-1467
-2032
-2369
-2501
-2474
-2244
-1855
-1433
-1039
-548
-14
491
983
1396
1800
2176
2307
1779
969
162
-448
-881
-1115
-1199
-1179
-973
-669
-369
-81
296
740
1119
1488
1757
2004
2167
2131
1365
270
-741
-1450
-1971
-2260
-2335
-2294
-2112
-1800
-1454
-1099
-632
-91
432
959
1396
1801
2181
2349
1822
986
160
-497
-969
-1199
-1243
-1176
-935
-615
-289
-16
339
749
1082
1392
1646
1935
2155
2170
1457
377
-624
-1388
-1933
-2268
-2434
-2420
-2224
-1904
-1543
-1160
-650
-96
484
1022
1419
1800
2163
2345
1835
930
122
-490
-916
-1145
-1202
-1120
-919
-632
-345
-65
303
726
1096
1436
1692
1977
2187
2172
1406
309
-692
-1467
-2053
-2372
-2460
-2419
-2202
-1851
-1479
-1095
-613
-67
446
936
1354
1764
2113
2265
1765
999
215
-376
-812
-1067
-1150
-1135
-955
-640
-334
-61
312
771
1172
1506
1721
1953
2131
2114
1363
265
-752
-1497
-2017
-2306
-2390
-2337
-2115
-1787
-1436
-1083
-640
-111
421
930
1391
1828
2217
2362
1841
1014
182
-469
-951
-1193
-1235
-1177
-955
-615
-287
-14
353
764
1074
1392
1658
1955
2157
2165
1451
385
-636
-1414
-1986
-2303
-2434
-2427
-2239
-1916
-1514
-1100
-596
-34
518
1046
1444
1832
2207
2359
1795
919
96
-504
-921
-1101
-1146
-1087
-912
-615
-324
-75
255
655
1028
1405
1667
1958
2178
2190
1439
328
-722
-1526
-2106
-2408
-2470
-2379
-2128
-1748
-1382
-1017
-550
-36
456
948
1356
1763
2124
2258
1734
956
186
-411
-857
-1094
-1178
-1155
-984
-684
-383
-91
294
722
1117
1478
1718
1976
2168
2147
1377
274
-756
-1504
-2014
-2277
-2369
-2333
-2131
-1814
-1453
-1097
-620
-69
484
1002
1438
1868
2254
2379
1803
937
88
-542
-972
-1202
-1240
-1178
-934
-606
-300
-14
354
748
1106
1430
1673
1944
2152
2150
1380
297
-701
-1452
-2015
-2319
-2431
-2398
-2210
-1897
-1519
-1079
-573
17
546
1070
1473
1856
2202
2250
1693
870
79
-499
-903
-1091
-1121
-1058
-856
-564
-273
-25
291
704
1083
1435
1674
1940
2150
2169
1429
309
-718
-1478
-2058
-2367
-2493
-2436
-2186
-1805
-1407
-1037
-574
-45
449
942
1350
1741
2115
2258
1735
917
138
-453
-885
-1108
-1178
-1144
-975
-679
-353
-51
348
801
1185
1524
1763
2008
2170
2132
1367
276
-751
-1508
-2040
-2311
-2397
-2353
-2117
-1785
-1455
-1123
-659
-104
459
1005
1462
1874
2229
2390
1838
912
29
-596
-1027
-1244
-1261
-1175
-937
-609
-290
-3
369
769
1137
1466
1685
1935
2145
2156
1413
332
-670
-1435
-2016
-2338
-2422
-2397
-2204
-1880
-1506
-1101
-593
0
536
1050
1470
1818
2149
2212
1641
861
85
-493
-897
-1060
-1107
-1049
-866
-566
-284
-23
301
729
1099
1447
1692
1979
2188
2158
1368
242
-800
-1530
-2064
-2362
-2468
-2432
-2170
-1815
-1448
-1084
-591
-20
494
993
1410
1820
2186
2311
1749
914
112
-483
-911
-1153
-1223
-1169
-959
-645
-308
-9
367
803
1181
1506
1723
1976
2126
2055
1268
192
-792
-1522
-2042
-2296
-2377
-2341
-2125
-1799
-1448
-1086
-611
-61
482
1018
1472
1909
2278
2419
1850
944
91
-556
-1003
-1213
-1249
-1174
-915
-572
-259
2
344
746
1092
1408
1634
1886
2076
2069
1326
267
-707
-1443
-1986
-2284
-2396
-2368
-2179
-1849
-1474
-1088
-572
26
574
1057
1472
1882
2231
2317
1712
898
122
-468
-899
-1113
-1161
-1145
-968
-666
-368
-103
275
709
1096
1451
1751
2045
2224
2177
1398
282
-757
-1543
-2117
-2416
-2473
-2374
-2109
-1736
-1352
-974
-491
11
469
947
1361
1791
2167
2298
1726
892
110
-497
-953
-1197
-1271
-1225
-990
-640
-321
-29
345
805
1208
1542
1759
2005
2174
2115
1299
190
-787
-1486
-1987
-2255
-2346
-2311
-2094
-1778
-1442
-1088
-603
-52
490
1010
1426
1835
2196
2345
1795
894
48
-584
-1016
-1197
-1214
-1124
-899
-572
-261
8
371
780
1139
1447
1679
1965
2161
2125
1345
266
-715
-1455
-2033
-2350
-2463
-2447
-2237
-1879
-1486
-1086
-560
21
552
1040
1455
1858
2192
2266
1686
846
67
-539
-960
-1154
-1181
-1100
-876
-566
-310
-63
303
749
1156
1521
1771
2060
2256
2191
1364
253
-780
-1569
-2116
-2386
-2463
-2392
-2140
-1768
-1364
-990
-532
-27
473
958
1385
1752
2102
2245
1733
916
100
-495
-923
-1131
-1194
-1154
-959
-628
-324
-44
355
797
1178
1521
1746
1973
2121
2065
1268
179
-797
-1502
-2011
-2279
-2347
-2312
-2120
-1821
-1476
-1091
-616
-81
454
982
1443
1882
2259
2391
1816
913
62
-552
-997
-1207
-1243
-1146
-892
-550
-218
49
402
799
1135
1447
1673
1937
2137
2114
1327
233
-782
-1518
-2055
-2359
-2488
-2440
-2209
-1856
-1435
-1035
-522
42
568
1079
1475
1866
2203
2272
1681
835
33
-540
-926
-1080
-1119
-1055
-862
-556
-275
-32
317
727
1091
1435
1696
1975
2166
2097
1279
177
-826
-1570
-2088
-2319
-2387
-2335
-2104
-1742
-1375
-1009
-527
15
537
1041
1436
1839
2201
2340
1772
894
46
-539
-946
-1151
-1212
-1179
-975
-664
-332
-59
313
749
1140
1482
1718
1980
2152
2079
1245
147
-826
-1510
-2026
-2287
-2369
-2348
-2133
-1809
-1452
-1061
-567
-6
544
1074
1521
1943
2290
2312
1672
852
54
-553
-992
-1193
-1218
-1130
-882
-549
-245
25
393
798
1123
1426
1680
1967
2144
2081
1272
212
-769
-1517
-2060
-2338
-2450
-2409
-2181
-1825
-1422
-1008
-473
98
604
1079
1458
1854
2173
2213
1604
772
-11
-546
-906
-1074
-1130
-1072
-855
-559
-267
-29
333
767
1133
1483
1740
2016
2187
2089
1258
163
-836
-1559
-2092
-2343
-2410
-2319
-2053
-1713
-1370
-994
-507
1
487
974
1421
1874
2216
2320
1742
877
73
-546
-1002
-1245
-1314
-1247
-984
-629
-291
10
408
824
1187
1507
1735
1978
2119
2028
1208
114
-849
-1539
-2034
-2279
-2358
-2313
-2090
-1771
-1435
-1056
-544
22
567
1073
1501
1911
2262
2283
1637
796
-8
-613
-1047
-1228
-1233
-1120
-857
-535
-222
73
437
802
1137
1455
1710
1984
2155
2082
1275
195
-798
-1529
-2070
-2328
-2415
-2375
-2167
-1827
-1453
-1038
-519
60
589
1090
1482
1842
2149
2213
1617
800
42
-509
-902
-1073
-1140
-1104
-896
-616
-338
-72
305
763
1149
1513
1769
2082
2253
2152
1294
146
-890
-1616
-2132
-2384
-2453
-2349
-2106
-1764
-1379
-991
-516
30
505
1004
1448
1878
2204
2294
1717
865
43
-566
-1000
-1191
-1248
-1203
-1001
-663
-294
58
483
897
1261
1573
1761
1971
2101
1985
1136
39
-913
-1599
-2068
-2284
-2371
-2331
-2105
-1740
-1396
-1039
-551
2
552
1065
1483
1909
2257
2291
1658
806
5
-564
-955
-1137
-1185
-1100
-844
-509
-212
46
404
788
1126
1442
1659
1926
2096
2041
1237
180
-784
-1508
-2062
-2353
-2458
-2405
-2181
-1834
-1454
-1039
-503
55
588
1090
1501
1905
2231
2303
1706
841
44
-517
-937
-1136
-1187
-1133
-924
-619
-322
-50
330
764
1181
1549
1802
2072
2261
2131
1252
132
-862
-1615
-2153
-2415
-2474
-2387
-2128
-1768
-1392
-993
-497
45
563
1061
1483
1894
2239
2255
1648
834
41
-543
-937
-1129
-1190
-1138
-886
-560
-245
33
407
808
1185
1533
1748
1992
2122
1984
1138
47
-925
-1600
-2077
-2302
-2397
-2350
-2111
-1779
-1413
-1049
-560
23
581
1116
1520
1919
2249
2264
1635
787
-10
-579
-989
-1177
-1222
-1116
-856
-533
-240
18
385
788
1142
1457
1695
1997
2194
2146
1307
199
-793
-1528
-2084
-2383
-2501
-2462
-2226
-1843
-1427
-999
-468
98
643
1137
1530
1915
2233
2283
1651
773
-32
-601
-992
-1164
-1188
-1095
-874
-581
-292
-18
373
802
1192
1560
1810
2062
2193
2072
1208
95
-921
-1658
-2147
-2368
-2432
-2333
-2056
-1676
-1319
-940
-470
33
544
1043
1461
1869
2232
2264
1641
823
52
-531
-963
-1179
-1246
-1183
-916
-556
-236
32
418
849
1213
1502
1664
1886
2053
1958
1131
87
-868
-1566
-2063
-2299
-2395
-2361
-2156
-1815
-1469
-1086
-565
5
559
1103
1551
1979
2305
2314
1679
822
-2
-596
-1008
-1175
-1187
-1102
-862
-549
-259
-6
358
762
1132
1495
1744
2033
2203
2099
1237
145
-831
-1554
-2081
-2357
-2462
-2382
-2135
-1772
-1383
-981
-454
113
616
1090
1482
1873
2186
2236
1588
719
-57
-611
-995
-1162
-1191
-1098
-872
-583
-293
2
405
821
1200
1543
1793
2078
2219
2065
1173
63
-918
-1616
-2076
-2312
-2377
-2308
-2056
-1711
-1357
-982
-515
-27
513
1019
1441
1851
2208
2238
1640
834
70
-510
-916
-1143
-1228
-1172
-928
-612
-307
-1
439
878
1252
1557
1778
2058
2199
2026
1123
35
-901
-1551
-2055
-2314
-2400
-2364
-2148
-1829
-1493
-1112
-589
-14
533
1068
1511
1948
2287
2288
1626
778
-36
-615
-1028
-1186
-1212
-1105
-831
-491
-180
73
445
827
1171
1495
1735
2000
2166
2051
1197
108
-871
-1596
-2139
-2392
-2472
-2401
-2146
-1769
-1368
-961
-428
137
658
1127
1489
1880
2207
2259
1624
745
-24
-557
-946
-1118
-1158
-1082
-862
-586
-324
-62
350
800
1178
1522
1761
2023
2182
2050
1174
62
-913
-1628
-2138
-2374
-2425
-2318
-2054
-1705
-1358
-976
-487
32
538
1044
1481
1927
2302
2318
1685
849
49
-551
-986
-1195
-1248
-1160
-935
-597
-275
22
416
830
1199
1531
1752
2008
2140
2001
1113
14
-930
-1622
-2143
-2371
-2409
-2336
-2100
-1761
-1409
-1010
-471
88
616
1119
1542
1961
2298
2307
1636
737
-98
-675
-1067
-1218
-1216
-1100
-844
-517
-227
29
392
782
1129
1453
1698
1995
2183
2076
1213
105
-889
-1589
-2088
-2337
-2429
-2356
-2100
-1741
-1353
-943
-418
156
672
1139
1494
1853
2157
2215
1610
762
-24
-568
-949
-1128
-1188
-1120
-916
-646
-357
-79
325
770
1182
1535
1783
2077
2254
2109
1203
86
-909
-1631
-2141
-2370
-2411
-2310
-2056
-1702
-1348
-977
-484
54
567
1090
1518
1942
2295
2291
1658
790
-8
-601
-1045
-1249
-1283
-1187
-918
-563
-194
107
481
885
1257
1523
1681
1921
2075
1971
1119
31
-911
-1587
-2075
-2295
-2382
-2337
-2098
-1711
-1335
-952
-449
83
593
1084
1499
1898
2222
2230
1541
660
-129
-665
-1040
-1181
-1193
-1084
-813
-487
-209
33
409
805
1136
1451
1707
1996
2148
2044
1194
115
-864
-1564
-2074
-2334
-2433
-2375
-2117
-1751
-1373
-967
-436
113
634
1115
1502
1898
2235
2197
1569
764
-6
-556
-954
-1144
-1198
-1148
-913
-609
-312
-39
362
803
1215
1570
1824
2118
2265
2091
1169
20
-979
-1680
-2177
-2362
-2410
-2309
-2043
-1695
-1335
-974
-466
78
579
1078
1486
1909
2269
2281
1636
783
-22
-626
-1057
-1220
-1270
-1183
-916
-547
-215
83
475
895
1227
1545
1728
1967
2115
1977
1091
8
-919
-1560
-2038
-2259
-2338
-2283
-2063
-1737
-1416
-1060
-536
74
643
1150
1539
1918
2254
2280
1559
643
-148
-690
-1069
-1197
-1209
-1107
-855
-527
-229
28
403
807
1170
1488
1738
2047
2250
2124
1225
107
-886
-1612
-2148
-2391
-2463
-2396
-2147
-1762
-1363
-946
-404
150
653
1115
1511
1903
2224
2173
1507
704
-42
-578
-972
-1160
-1203
-1141
-907
-587
-289
-8
424
876
1255
1586
1817
2078
2214
2022
1084
-53
-1004
-1668
-2156
-2369
-2403
-2297
-2034
-1688
-1324
-953
-462
61
579
1078
1496
1912
2270
2265
1614
771
3
-560
-977
-1169
-1199
-1118
-871
-535
-224
62
449
859
1213
1530
1745
1986
2142
1970
1093
21
-915
-1608
-2116
-2336
-2395
-2346
-2110
-1776
-1403
-1010
-505
54
604
1125
1562
2006
2322
2252
1578
715
-99
-661
-1048
-1187
-1209
-1100
-846
-532
-239
29
417
819
1177
1500
1757
2054
2231
2070
1145
34
-935
-1651
-2174
-2417
-2485
-2365
-2092
-1722
-1308
-880
-351
173
657
1119
1487
1873
2180
2148
1517
700
-59
-594
-964
-1114
-1144
-1069
-876
-591
-279
2
387
817
1201
1517
1750
2026
2191
2015
1086
-40
-996
-1657
-2110
-2322
-2371
-2268
-2010
-1659
-1312
-967
-475
73
597
1083
1518
1954
2296
2300
1628
733
-58
-632
-1046
-1249
-1276
-1177
-921
-575
-289
20
444
860
1186
1492
1727
2012
2162
2001
1136
77
-884
-1583
-2077
-2317
-2402
-2343
-2117
-1781
-1402
-976
-443
120
660
1186
1615
2001
2273
2154
1499
676
-98
-637
-1043
-1206
-1236
-1125
-875
-548
-244
10
408
815
1171
1487
1735
2035
2212
2071
1161
42
-914
-1614
-2138
-2389
-2452
-2351
-2060
-1681
-1303
-912
-400
128
615
1094
1493
1877
2184
2154
1522
719
-28
-567
-956
-1127
-1172
-1107
-881
-586
-298
-13
396
837
1230
1564
1820
2076
2199
2003
1084
-26
-970
-1653
-2114
-2312
-2362
-2273
-2025
-1682
-1336
-972
-478
49
572
1068
1493
1945
2302
2347
1663
760
-67
-664
-1094
-1279
-1292
-1181
-924
-572
-234
72
489
893
1221
1503
1752
2000
2132
1946
1053
15
-903
-1587
-2060
-2285
-2356
-2318
-2094
-1735
-1360
-969
-438
148
706
1200
1597
1992
2273
2177
1500
615
-201
-740
-1073
-1174
-1162
-1061
-812
-491
-187
39
371
768
1127
1458
1706
2007
2193
2023
1125
40
-941
-1638
-2143
-2373
-2433
-2331
-2052
-1677
-1295
-897
-386
161
673
1131
1511
1905
2200
2147
1504
703
-28
-566
-955
-1129
-1179
-1122
-889
-594
-295
-6
432
860
1238
1583
1837
2105
2205
1994
1064
-52
-1013
-1704
-2173
-2363
-2420
-2351
-2105
-1737
-1370
-992
-491
55
587
1116
1547
1986
2325
2337
1646
732
-78
-662
-1071
-1233
-1259
-1149
-876
-510
-184
101
519
920
1266
1556
1751
2008
2111
1910
1011
-77
-1016
-1642
-2081
-2285
-2362
-2291
-2056
-1688
-1338
-945
-407
146
647
1131
1545
1971
2283
2186
1499
664
-98
-623
-1017
-1171
-1179
-1079
-799
-475
-220
10
373
772
1131
1439
1700
1992
2152
1974
1082
-6
-954
-1639
-2134
-2377
-2440
-2355
-2077
-1694
-1298
-900
-375
165
674
1157
1562
1963
2279
2218
1555
726
-34
-587
-983
-1157
-1219
-1139
-909
-619
-310
-23
400
841
1239
1575
1805
2079
2211
1982
1018
-100
-1030
-1688
-2145
-2337
-2369
-2274
-2027
-1677
-1314
-921
-405
109
612
1098
1518
1958
2302
2292
1585
685
-115
-686
-1094
-1257
-1271
-1128
-841
-513
-194
98
481
876
1215
1523
1713
2000
2146
1953
1049
-41
-945
-1598
-2044
-2294
-2402
-2337
-2078
-1725
-1369
-952
-384
178
687
1177
1585
1969
2254
2179
1490
649
-104
-635
-1008
-1167
-1187
-1055
-812
-555
-299
-1
394
787
1156
1510
1794
2082
2226
2012
1088
-6
-978
-1691
-2199
-2414
-2461
-2375
-2096
-1687
-1288
-883
-381
153
683
1155
1534
1923
2236
2194
1522
686
-84
-638
-1041
-1207
-1239
-1148
-891
-561
-256
45
470
910
1306
1625
1846
2082
2204
1964
1002
-119
-1050
-1692
-2147
-2321
-2366
-2275
-1992
-1642
-1298
-945
-456
79
599
1098
1513
1935
2285
2275
1569
679
-123
-689
-1089
-1227
-1233
-1107
-832
-489
-166
127
524
917
1236
1523
1743
2008
2148
1933
1041
-15
-943
-1628
-2097
-2320
-2422
-2360
-2121
-1764
-1397
-978
-433
151
696
1223
1626
2015
2309
2209
1487
606
-170
-704
-1045
-1161
-1173
-1070
-807
-505
-233
26
404
780
1177
1547
1807
2095
2228
1992
1043
-69
-1047
-1757
-2234
-2434
-2471
-2363
-2069
-1669
-1286
-875
-352
179
680
1139
1532
1924
2236
2211
1537
675
-102
-626
-984
-1144
-1201
-1123
-864
-539
-253
48
470
875
1251
1576
1780
2028
2164
1921
968
-122
-1049
-1681
-2112
-2297
-2344
-2258
-1999
-1668
-1326
-938
-435
103
610
1106
1563
1989
2291
2166
1504
702
-60
-603
-1019
-1197
-1221
-1122
-859
-542
-233
67
479
881
1235
1542
1766
2021
2171
1953
1040
-40
-996
-1655
-2115
-2346
-2458
-2381
-2111
-1749
-1365
-923
-362
212
761
1262
1648
2016
2315
2203
1476
582
-193
-719
-1067
-1179
-1195
-1080
-794
-486
-213
61
461
856
1218
1521
1718
2015
2193
1969
1010
-97
-1045
-1715
-2187
-2396
-2468
-2368
-2064
-1655
-1271
-854
-348
165
663
1127
1523
1928
2239
2211
1518
660
-81
-623
-1006
-1157
-1190
-1110
-878
-585
-284
30
447
880
1269
1585
1811
2049
2164
1936
978
-123
-1035
-1685
-2119
-2323
-2374
-2263
-2004
-1658
-1330
-966
-475
80
625
1155
1598
2035
2363
2231
1504
655
-125
-694
-1092
-1242
-1275
-1164
-880
-532
-210
93
495
893
1232
1526
1753
2013
2162
1940
1021
-25
-940
-1618
-2089
-2327
-2385
-2324
-2056
-1710
-1328
-887
-362
204
736
1218
1591
1976
2266
2142
1435
567
-194
-699
-1033
-1159
-1162
-1048
-805
-520
-233
35
428
830
1210
1530
1775
2062
2206
1952
1011
-89
-1001
-1678
-2151
-2371
-2430
-2311
-2011
-1642
-1304
-926
-418
130
653
1109
1507
1912
2229
2192
1506
647
-105
-656
-1060
-1225
-1257
-1147
-908
-600
-295
37
486
922
1330
1660
1873
2122
2230
1968
1010
-101
-1035
-1704
-2161
-2327
-2373
-2287
-2031
-1676
-1327
-947
-421
129
665
1174
1587
1997
2319
2184
1468
646
-123
-685
-1086
-1244
-1254
-1118
-826
-485
-180
112
520
897
1218
1492
1704
1985
2140
1919
992
-77
-991
-1648
-2121
-2338
-2418
-2338
-2073
-1699
-1334
-906
-388
165
709
1213
1606
1971
2254
2126
1424
596
-136
-637
-980
-1082
-1069
-948
-715
-464
-204
56
435
825
1214
1562
1823
2086
2236
1991
1023
-100
-1072
-1779
-2247
-2441
-2473
-2329
-2027
-1652
-1298
-900
-359
163
653
1125
1512
1931
2276
2246
1533
648
-125
-656
-1022
-1177
-1233
-1141
-896
-581
-273
48
497
939
1308
1636
1864
2106
2188
1899
938
-150
-1068
-1714
-2157
-2342
-2403
-2307
-2051
-1698
-1342
-951
-426
109
640
1139
1550
1980
2297
2166
1460
610
-163
-700
-1088
-1228
-1233
-1108
-827
-485
-182
88
481
864
1206
1485
1698
1980
2141
1925
1003
-52
-966
-1639
-2114
-2334
-2393
-2303
-2071
-1729
-1345
-896
-321
229
750
1249
1644
2001
2269
2146
1438
594
-151
-687
-1045
-1159
-1151
-1061
-822
-521
-239
23
404
805
1194
1533
1803
2098
2242
2019
1069
-60
-1032
-1729
-2205
-2404
-2467
-2386
-2075
-1647
-1225
-809
-307
208
697
1164
1563
1929
2248
2202
1497
630
-139
-684
-1084
-1232
-1249
-1139
-859
-537
-246
47
481
914
1291
1592
1801
2067
2190
1925
957
-131
-1034
-1670
-2131
-2304
-2328
-2223
-1971
-1639
-1307
-945
-449
98
637
1156
1560
1977
2303
2185
1484
627
-152
-698
-1085
-1229
-1237
-1108
-822
-482
-171
91
459
839
1204
1530
1766
2024
2177
1966
1036
-38
-958
-1640
-2118
-2348
-2424
-2338
-2089
-1730
-1347
-911
-350
210
733
1236
1625
2008
2283
2148
1427
572
-168
-695
-1056
-1189
-1191
-1094
-855
-536
-247
28
448
879
1239
1586
1845
2121
2279
2013
1018
-113
-1054
-1718
-2195
-2399
-2435
-2316
-2022
-1642
-1284
-895
-395
149
683
1135
1501
1892
2232
2201
1476
580
-194
-695
-1047
-1201
-1238
-1144
-871
-537
-216
89
526
935
1304
1600
1821
2069
2196
1932
962
-140
-1052
-1679
-2116
-2309
-2362
-2268
-2030
-1693
-1344
-965
-453
120
660
1162
1593
2001
2303
2157
1464
621
-139
-688
-1071
-1204
-1223
-1104
-816
-483
-170
118
521
903
1246
1558
1777
2043
2198
1965
1029
-64
-991
-1660
-2153
-2397
-2468
-2351
-2087
-1726
-1349
-941
-378
191
718
1190
1563
1943
2256
2111
1397
544
-150
-657
-1033
-1164
-1161
-1055
-793
-485
-216
48
445
861
1244
1575
1830
2118
2264
1975
984
-134
-1077
-1760
-2245
-2448
-2437
-2278
-1980
-1609
-1236
-853
-370
135
638
1082
1485
1932
2287
2242
1517
623
-152
-683
-1068
-1231
-1268
-1178
-916
-572
-256
73
511
954
1342
1628
1824
2051
2199
1917
910
-183
-1070
-1685
-2122
-2315
-2367
-2257
-1996
-1655
-1336
-959
-426
141
672
1209
1661
2075
2364
2201
1466
610
-154
-701
-1100
-1233
-1233
-1088
-802
-467
-155
127
520
896
1225
1525
1745
1988
2136
1890
968
-111
-1034
-1694
-2147
-2352
-2415
-2320
-2071
-1695
-1309
-895
-355
211
757
1226
1600
1996
2297
2154
1450
559
-215
-707
-1042
-1167
-1156
-1042
-800
-517
-274
-3
400
824
1202
1520
1789
2097
2250
1977
1006
-100
-1043
-1734
-2204
-2402
-2426
-2291
-1996
-1610
-1226
-829
-326
201
706
1174
1554
1910
2209
2167
1495
644
-118
-676
-1062
-1220
-1254
-1176
-953
-621
-287
37
490
930
1304
1615
1836
2079
2193
1915
941
-150
-1061
-1702
-2141
-2310
-2346
-2244
-1989
-1666
-1331
-939
-399
163
702
1203
1633
2052
2362
2193
1452
570
-202
-748
-1133
-1263
-1252
-1124
-826
-477
-150
136
520
892
1224
1512
1746
2034
2206
1955
1004
-85
-998
-1662
-2137
-2344
-2395
-2314
-2062
-1709
-1335
-902
-359
199
746
1227
1595
1965
2266
2131
1399
537
-191
-690
-1020
-1143
-1155
-1053
-775
-498
-214
29
439
872
1273
1589
1853
2096
2215
1926
942
-159
-1072
-1728
-2164
-2365
-2396
-2280
-1989
-1620
-1273
-892
-394
150
670
1134
1557
1973
2293
2222
1481
572
-195
-729
-1086
-1217
-1236
-1137
-882
-547
-217
94
506
920
1282
1577
1790
2047
2185
1908
938
-157
-1056
-1696
-2134
-2327
-2363
-2257
-2001
-1630
-1296
-923
-409
141
691
1201
1623
2023
2317
2157
1423
565
-207
-737
-1106
-1216
-1199
-1075
-790
-450
-155
127
524
902
1233
1508
1750
2043
2194
1925
986
-74
-981
-1683
-2190
-2400
-2449
-2357
-2095
-1733
-1343
-891
-331
239
783
1256
1620
1971
2259
2107
1386
553
-173
-680
-1024
-1132
-1150
-1070
-824
-533
-257
44
472
915
1275
1595
1838
2111
2232
1940
964
-164
-1120
-1804
-2248
-2413
-2434
-2291
-1990
-1596
-1234
-836
-328
183
643
1108
1543
1994
2340
2233
1482
613
-142
-677
-1065
-1232
-1283
-1179
-865
-501
-180
118
530
926
1289
1572
1763
1986
2079
1772
818
-231
-1099
-1709
-2126
-2305
-2364
-2253
-1999
-1645
-1280
-893
-378
182
725
1249
1665
2071
2353
2163
1415
545
-229
-763
-1103
-1212
-1197
-1042
-766
-457
-202
70
491
913
1262
1542
1757
2029
2182
1892
930
-143
-1027
-1693
-2160
-2387
-2459
-2352
-2055
-1672
-1288
-862
-334
209
757
1235
1635
2016
2302
2181
1433
543
-234
-747
-1072
-1193
-1193
-1063
-801
-513
-229
49
436
857
1275
1595
1828
2101
2247
1932
937
-208
-1129
-1791
-2228
-2414
-2440
-2289
-1963
-1565
-1203
-823
-314
220
724
1180
1580
1995
2290
2110
1421
608
-136
-677
-1057
-1207
-1246
-1125
-867
-569
-265
76
544
958
1302
1598
1831
2078
2167
1802
818
-250
-1121
-1723
-2140
-2303
-2347
-2245
-1986
-1645
-1303
-888
-361
184
731
1257
1657
2040
2332
2153
1399
503
-264
-780
-1114
-1205
-1202
-1069
-778
-451
-166
100
486
875
1244
1541
1775
2047
2196
1917
973
-100
-1014
-1691
-2156
-2375
-2454
-2345
-2056
-1678
-1285
-848
-278
264
774
1221
1619
2008
2278
2132
1380
518
-228
-745
-1072
-1174
-1189
-1084
-833
-535
-252
57
479
890
1273
1594
1841
2130
2264
1938
934
-166
-1100
-1783
-2217
-2368
-2440
-2307
-1998
-1609
-1251
-835
-317
192
683
1170
1567
1992
2290
2105
1399
571
-192
-715
-1058
-1167
-1210
-1095
-809
-488
-188
119
533
946
1311
1617
1852
2089
2182
1831
808
-269
-1150
-1786
-2209
-2361
-2403
-2308
-2045
-1702
-1325
-883
-337
206
742
1238
1653
2059
2349
2151
1392
530
-223
-741
-1099
-1206
-1192
-1062
-778
-446
-142
133
513
884
1248
1552
1765
2026
2184
1903
941
-141
-1048
-1697
-2166
-2380
-2452
-2349
-2059
-1671
-1281
-857
-306
249
796
1250
1600
1952
2246
2127
1413
538
-202
-707
-1047
-1166
-1167
-1052
-804
-510
-253
37
479
896
1299
1627
1852
2113
2241
1884
884
-227
-1148
-1800
-2218
-2381
-2395
-2266
-1975
-1635
-1275
-864
-358
174
695
1184
1597
2006
2327
2151
1452
589
-152
-677
-1047
-1207
-1260
-1138
-817
-466
-156
141
559
972
1311
1576
1756
1994
2127
1808
825
-228
-1106
-1731
-2169
-2353
-2422
-2323
-2036
-1671
-1309
-899
-351
217
745
1257
1689
2078
2374
2173
1390
509
-244
-770
-1117
-1215
-1199
-1045
-757
-443
-166
117
505
885
1233
1532
1769
2035
2186
1879
901
-183
-1087
-1744
-2190
-2392
-2462
-2351
-2058
-1659
-1247
-786
-234
300
802
1250
1608
1984
2296
2163
1416
540
-203
-709
-1062
-1191
-1216
-1088
-812
-531
-271
29
483
903
1279
1605
1862
2128
2243
1859
832
-265
-1168
-1806
-2205
-2354
-2368
-2236
-1921
-1563
-1221
-811
-332
204
715
1198
1581
1990
2305
2118
1430
601
-150
-670
-1043
-1196
-1229
-1116
-850
-535
-227
112
555
949
1306
1580
1806
2056
2149
1771
767
-281
-1117
-1704
-2100
-2279
-2359
-2263
-1991
-1641
-1308
-906
-363
201
743
1236
1675
2084
2351
2091
1325
457
-303
-818
-1147
-1228
-1203
-1057
-765
-449
-158
126
529
911
1247
1540
1805
2101
2231
1884
901
-186
-1097
-1760
-2221
-2408
-2446
-2322
-2006
-1617
-1233
-783
-233
301
802
1252
1616
1953
2233
2087
1319
453
-254
-733
-1055
-1161
-1183
-1076
-806
-500
-222
60
490
917
1317
1635
1881
2148
2267
1882
840
-275
-1156
-1790
-2229
-2383
-2374
-2231
-1918
-1585
-1268
-847
-311
199
690
1161
1587
1994
2304
2112
1399
529
-195
-707
-1064
-1217
-1223
-1108
-812
-479
-166
164
577
943
1290
1588
1837
2082
2211
1856
837
-246
-1152
-1796
-2207
-2339
-2359
-2262
-1992
-1646
-1302
-903
-369
178
713
1208
1618
2022
2320
2095
1303
437
-284
-786
-1107
-1190
-1170
-1024
-727
-401
-119
169
574
951
1312
1596
1817
2071
2221
1892
887
-215
-1105
-1761
-2216
-2420
-2462
-2349
-2046
-1639
-1245
-796
-254
281
787
1227
1594
1965
2253
2097
1333
476
-235
-733
-1061
-1173
-1177
-1055
-801
-502
-222
69
502
918
1301
1634
1870
2141
2269
1897
873
-250
-1168
-1814
-2247
-2408
-2406
-2236
-1942
-1600
-1275
-860
-327
194
693
1162
1597
2029
2321
2105
1380
539
-179
-722
-1109
-1229
-1236
-1090
-781
-428
-129
192
601
984
1319
1602
1783
2018
2115
1760
800
-259
-1124
-1738
-2166
-2341
-2404
-2314
-2038
-1646
-1247
-833
-302
261
794
1266
1646
2004
2267
2041
1265
414
-292
-782
-1096
-1194
-1166
-991
-700
-392
-120
147
537
897
1236
1526
1774
2061
2217
1867
858
-217
-1099
-1768
-2225
-2426
-2458
-2323
-2031
-1635
-1233
-791
-259
258
766
1220
1616
2000
2306
2137
1361
487
-226
-700
-1021
-1146
-1171
-1075
-823
-509
-225
75
503
928
1310
1622
1861
2113
2248
1874
835
-275
-1178
-1829
-2243
-2400
-2406
-2261
-1963
-1591
-1230
-830
-329
187
708
1231
1656
2073
2359
2130
1395
560
-185
-738
-1110
-1250
-1239
-1097
-810
-479
-160
174
629
1026
1375
1643
1815
2023
2121
1737
730
-349
-1198
-1772
-2166
-2332
-2384
-2264
-1994
-1648
-1308
-883
-331
242
805
1297
1694
2068
2320
2078
1290
398
-337
-842
-1153
-1223
-1188
-1018
-722
-419
-152
121
504
875
1245
1564
1807
2099
2240
1884
893
-191
-1081
-1747
-2215
-2403
-2442
-2307
-2006
-1627
-1237
-778
-221
320
811
1237
1610
1995
2283
2113
1363
485
-252
-765
-1088
-1205
-1234
-1123
-857
-537
-243
64
518
932
1322
1639
1885
2131
2222
1833
808
-278
-1160
-1780
-2188
-2348
-2369
-2234
-1930
-1548
-1204
-819
-302
229
742
1221
1625
2016
2291
2083
1340
454
-248
-739
-1098
-1241
-1256
-1099
-795
-440
-153
164
595
999
1346
1605
1807
2072
2193
1805
778
-276
-1127
-1751
-2183
-2369
-2402
-2261
-1958
-1620
-1298
-871
-316
230
733
1216
1662
2082
2365
2103
1306
437
-294
-785
-1131
-1239
-1216
-1056
-739
-430
-185
91
509
905
1284
1601
1857
2120
2254
1887
858
-250
-1140
-1795
-2230
-2416
-2464
-2330
-2006
-1608
-1208
-783
-251
274
779
1243
1635
2025
2272
1987
1269
464
-222
-712
-1036
-1135
-1150
-1038
-791
-475
-179
123
567
967
1354
1666
1889
2111
