0
-4
-4
16
42
47
40
39
42
53
64
56
58
45
-5
-54
-67
-79
-95
-93
-73
-52
-26
-4
16
29
35
51
56
70
81
82
97
99
44
-22
-56
-67
-62
-87
-91
-75
-49
-34
-44
-41
-10
22
49
61
57
55
68
60
12
-47
-76
-96
-92
-71
-49
-38
-33
-17
5
20
49
75
92
113
109
97
91
72
27
-37
-62
-68
-81
-84
-63
-59
-52
-23
-1
10
4
16
32
35
44
54
67
63
17
-36
-51
-51
-52
-66
-65
-44
-16
7
17
8
15
55
72
69
69
60
52
33
-10
-56
-73
-78
-88
-90
-73
-58
-49
-24
9
11
20
48
64
86
97
90
85
78
28
-38
-77
-78
-68
-58
-47
-43
-37
-20
-16
-13
1
33
47
57
63
62
65
54
4
-51
-84
-93
-100
-90
-66
-59
-52
-28
-7
11
39
73
73
70
78
78
93
101
44
-49
-76
-69
-65
-72
-61
-54
-36
-21
-1
-5
14
45
40
47
58
40
44
38
-4
-48
-64
-71
-92
-93
-61
-46
-40
-14
15
34
51
62
63
86
105
106
92
68
21
-36
-43
-45
-63
-73
-67
-48
-28
-6
15
22
17
38
48
61
80
78
60
44
-11
-56
-76
-91
-98
-94
-73
-51
-28
1
13
10
26
47
58
56
61
72
92
81
33
-43
-72
-78
-76
-77
-58
-51
-34
-20
-2
16
29
54
56
55
74
70
68
66
24
-40
-69
-73
-64
-71
-61
-55
-54
-40
-10
7
15
39
50
60
60
57
74
78
30
-32
-68
-74
-78
-79
-73
-60
-48
-15
9
11
19
33
49
59
62
67
82
69
13
-43
-60
-66
-67
-69
-52
-31
-9
12
14
19
26
50
45
47
53
48
45
44
10
-42
-66
-80
-75
-74
-65
-62
-36
-9
14
19
29
64
69
74
79
78
75
59
6
-45
-69
-71
-70
-74
-58
-35
-19
-7
-8
-13
-10
23
46
63
76
75
78
66
0
-75
-96
-86
-71
-63
-42
-43
-41
-23
-3
16
22
27
53
70
82
91
77
62
17
-40
-73
-79
-69
-50
-43
-54
-46
-30
-11
14
26
39
56
63
48
39
62
68
21
-40
-71
-80
-69
-78
-66
-59
-46
-25
-7
11
34
54
64
77
79
72
82
61
24
-40
-78
-97
-94
-74
-60
-53
-49
-25
0
20
32
56
77
81
80
74
97
91
43
-17
-48
-68
-79
-96
-79
-61
-39
-6
9
18
22
49
65
70
70
74
75
55
7
-38
-70
-85
-86
-89
-68
-62
-47
-30
-20
-1
40
83
64
58
63
76
97
99
60
-21
-47
-50
-64
-70
-71
-64
-38
-26
-29
-13
5
26
26
36
36
25
32
37
13
-26
-56
-80
-81
-81
-68
-47
-24
-2
19
41
54
83
101
104
99
89
88
65
9
-70
-96
-100
-97
-91
-59
-55
-51
-22
-3
3
7
26
36
44
56
60
58
46
10
-49
-73
-74
-66
-67
-60
-63
-40
-23
-4
18
51
83
88
90
91
85
68
51
18
-38
-51
-56
-60
-62
-55
-58
-37
-32
-23
-2
21
42
50
63
68
59
71
55
3
-34
-74
-103
-97
-87
-62
-51
-25
-8
-2
5
18
46
63
71
80
81
79
62
8
-58
-91
-95
-83
-78
-81
-79
-50
-11
12
9
12
28
41
64
84
68
55
55
13
-37
-66
-75
-69
-76
-50
-27
-12
-5
7
26
50
64
73
79
68
65
69
66
18
-57
-78
-77
-75
-80
-73
-75
-59
-44
-20
0
21
49
69
77
85
95
100
109
76
7
-46
-66
-72
-80
-74
-62
-42
-22
-24
-19
7
29
39
66
73
67
65
57
18
-40
-68
-79
-69
-72
-56
-41
-28
-15
-9
8
43
65
69
71
88
90
79
55
1
-59
-79
-86
-83
-83
-66
-51
-40
-17
4
15
19
35
38
48
66
78
89
76
20
-49
-76
-79
-66
-63
-59
-46
-12
9
2
16
39
60
79
72
53
40
52
42
8
-30
-63
-91
-107
-108
-97
-83
-69
-32
-7
4
11
41
59
67
71
89
101
90
46
-20
-60
-78
-66
-62
-32
-19
-3
-3
-12
10
36
42
36
40
46
39
24
23
-20
-74
-95
-93
-77
-76
-76
-66
-49
-23
7
19
22
49
62
68
71
76
104
103
51
-32
-65
-72
-73
-73
-55
-45
-34
-16
-11
8
32
59
51
54
61
56
56
39
-18
-75
-102
-99
-76
-86
-84
-63
-43
-11
1
22
45
62
76
82
85
101
99
73
26
-37
-59
-87
-73
-63
-47
-37
-27
-11
-8
14
41
66
44
40
53
59
80
72
13
-36
-56
-73
-91
-101
-82
-60
-28
-17
-8
15
28
50
69
83
88
85
89
86
44
-21
-59
-79
-89
-90
-74
-62
-42
-25
-18
1
24
39
36
49
54
63
75
60
25
-37
-67
-70
-75
-80
-64
-51
-23
4
8
11
44
65
64
74
87
80
85
75
29
-46
-81
-81
-80
-75
-64
-63
-44
-31
-6
17
31
28
29
43
57
62
72
67
8
-38
-66
-84
-84
-80
-59
-34
-11
16
33
40
47
64
45
54
77
83
80
65
19
-47
-88
-90
-85
-88
-72
-68
-53
-17
8
23
36
52
61
76
79
62
56
49
7
-43
-74
-90
-91
-94
-82
-75
-58
-22
3
15
30
67
66
61
65
72
79
60
16
-42
-58
-48
-44
-50
-36
-36
-18
1
6
16
42
55
47
48
58
65
69
42
-11
-66
-87
-102
-102
-102
-86
-62
-34
-14
-2
7
19
58
74
82
88
85
93
82
31
-39
-61
-67
-74
-80
-62
-44
-33
-7
-3
-10
7
29
47
69
82
82
65
42
3
-40
-70
-87
-84
-94
-73
-51
-34
-6
22
21
30
47
49
49
59
63
73
61
13
-32
-42
-53
-68
-70
-51
-25
-6
8
14
28
46
61
64
65
58
49
49
49
7
-48
-73
-67
-69
-93
-85
-85
-69
-42
-19
7
36
63
71
86
88
81
86
82
33
-43
-76
-88
-89
-86
-77
-67
-38
-22
3
10
28
39
42
54
49
40
47
52
23
-54
-92
-97
-91
-91
-82
-49
-24
10
24
40
55
57
62
74
73
72
82
83
40
-34
-74
-85
-85
-90
-78
-68
-52
-33
-25
-7
23
55
56
56
62
65
79
72
22
-31
-54
-63
-77
-87
-72
-49
-19
17
30
24
34
50
63
76
78
66
65
68
11
-52
-70
-66
-59
-68
-63
-51
-16
0
7
16
11
31
32
47
44
33
43
42
-5
-66
-91
-98
-96
-91
-52
-35
-11
27
43
42
45
66
78
91
98
90
80
73
16
-44
-79
-85
-73
-67
-68
-74
-58
-27
-22
-16
10
52
51
44
39
43
73
62
14
-34
-50
-69
-82
-78
-55
-38
-18
9
18
13
25
42
49
60
70
77
66
67
28
-32
-67
-81
-83
-73
-62
-66
-63
-43
-15
27
46
51
41
39
52
61
68
64
17
-45
-72
-70
-68
-75
-46
-34
-28
-19
1
14
23
56
74
86
84
81
83
71
14
-67
-93
-89
-84
-90
-71
-47
-46
-30
-9
8
37
60
74
78
84
70
58
53
5
-36
-76
-93
-104
-95
-65
-49
-34
-16
-4
6
29
72
82
89
80
70
67
55
17
-43
-66
-77
-86
-90
-81
-67
-46
-17
-2
12
34
63
69
75
85
89
87
81
22
-49
-75
-67
-66
-72
-63
-67
-45
-17
-12
2
21
44
58
64
74
75
86
79
29
-38
-70
-77
-76
-82
-72
-53
-34
-14
-11
11
31
55
57
60
68
70
67
60
6
-62
-85
-89
-83
-68
-53
-55
-50
-25
0
16
30
48
61
81
88
79
87
87
34
-29
-73
-93
-80
-77
-68
-64
-47
-32
-24
1
24
44
55
59
76
81
80
75
18
-54
-88
-90
-84
-85
-76
-65
-43
-29
-11
20
30
56
74
74
81
79
87
93
41
-26
-55
-74
-86
-91
-84
-77
-59
-25
-6
-7
11
38
50
67
87
86
87
83
28
-24
-57
-80
-95
-89
-70
-63
-22
-16
-18
0
23
66
82
88
87
79
88
87
31
-41
-67
-71
-64
-63
-53
-49
-39
-31
-21
-5
4
29
38
38
41
61
74
52
5
-48
-77
-83
-87
-89
-50
-38
-30
-4
21
28
46
71
67
88
100
80
66
34
-1
-59
-86
-81
-66
-59
-56
-49
-31
-16
-4
10
19
40
71
90
69
47
68
62
-8
-57
-87
-95
-89
-85
-72
-55
-37
-27
-22
-11
11
37
49
66
64
57
63
56
14
-47
-70
-66
-65
-66
-36
-25
-15
11
21
29
48
57
59
68
54
44
50
49
-5
-65
-92
-91
-83
-75
-75
-69
-51
-12
16
8
20
48
52
70
74
55
56
66
25
-38
-57
-71
-56
-57
-49
-39
-9
12
13
17
19
31
58
79
89
85
87
72
15
-45
-89
-116
-106
-93
-72
-84
-82
-56
-30
-1
20
51
52
68
79
98
99
91
34
-47
-77
-70
-58
-55
-43
-41
-12
9
26
27
36
61
63
59
53
48
50
47
-10
-63
-99
-92
-81
-80
-64
-60
-48
-27
-12
6
25
62
77
89
78
84
95
89
42
-26
-58
-73
-62
-64
-49
-35
-34
-24
-19
-1
17
24
28
56
61
62
65
41
-8
-57
-77
-79
-85
-76
-53
-50
-45
-19
2
27
39
57
67
77
70
65
84
81
26
-40
-60
-86
-95
-85
-63
-49
-20
14
12
12
24
46
62
72
66
69
79
58
5
-51
-77
-90
-79
-73
-50
-40
-33
-12
5
9
24
49
54
75
81
80
71
65
23
-40
-65
-71
-75
-84
-59
-37
-41
-22
0
33
54
72
74
73
67
64
62
38
-20
-67
-85
-100
-86
-68
-41
-33
-27
-16
-14
4
28
46
52
66
74
73
78
55
5
-51
-66
-60
-69
-73
-65
-50
-30
-14
0
8
41
57
53
62
65
72
78
62
2
-54
-79
-80
-75
-82
-74
-55
-31
-1
6
12
25
48
50
39
65
84
91
69
20
-51
-90
-100
-97
-87
-62
-44
-6
16
16
20
34
56
62
63
61
69
80
76
27
-35
-72
-82
-81
-70
-57
-46
-36
-41
-35
-19
1
30
50
72
71
66
76
68
16
-48
-78
-80
-81
-81
-53
-35
-21
-18
-6
11
26
57
65
75
73
72
85
75
13
-41
-70
-73
-74
-86
-74
-62
-45
-20
-1
15
25
26
26
51
70
69
69
70
21
-46
-65
-71
-64
-58
-50
-40
-24
-6
2
18
37
58
72
81
89
80
68
45
-28
-87
-98
-80
-76
-78
-79
-72
-52
-31
-15
18
43
62
69
81
72
54
69
54
15
-41
-65
-73
-69
-49
-42
-38
-30
-11
7
17
30
54
58
62
73
72
64
45
-6
-56
-72
-69
-81
-95
-76
-56
-31
-6
13
29
41
53
44
54
48
45
59
44
1
-49
-80
-95
-94
-76
-44
-18
5
30
41
55
57
63
64
75
79
69
58
40
-5
-48
-90
-101
-93
-87
-68
-65
-49
-13
14
1
8
29
49
60
65
53
60
69
30
-32
-59
-64
-64
-68
-41
-12
-9
-11
4
18
37
62
66
63
67
83
79
53
-20
-61
-76
-84
-89
-92
-77
-61
-45
-29
-18
-5
8
30
46
64
71
85
85
75
34
-32
-64
-62
-70
-77
-67
-62
-29
5
22
30
47
62
65
60
54
59
55
37
-16
-72
-94
-93
-80
-74
-57
-48
-28
-6
17
13
15
39
56
70
85
86
86
68
17
-48
-71
-86
-79
-66
-67
-55
-30
-1
27
26
33
52
63
72
77
74
59
30
-19
-46
-70
-71
-58
-64
-62
-50
-36
-29
-30
-4
33
54
56
66
71
57
63
66
28
-35
-48
-51
-54
-63
-61
-50
-27
7
6
-1
18
37
39
47
57
57
65
62
17
-45
-86
-100
-92
-84
-53
-38
-25
-10
-8
11
23
41
62
82
81
82
87
92
29
-39
-71
-84
-79
-90
-76
-47
-19
5
22
20
29
40
53
54
44
39
32
29
11
-40
-71
-79
-85
-84
-59
-33
-9
5
20
37
54
64
61
62
58
55
56
51
6
-53
-83
-86
-94
-82
-75
-57
-32
-7
14
13
17
38
60
67
72
72
77
62
-3
-40
-57
-68
-78
-75
-46
-39
-34
-13
6
12
36
76
85
92
76
70
74
67
16
-56
-94
-100
-94
-90
-68
-54
-41
-19
-6
12
21
40
62
69
74
63
62
62
24
-25
-49
-72
-73
-75
-59
-50
-49
-29
-19
-8
17
49
56
63
69
63
59
48
19
-38
-72
-82
-71
-67
-55
-51
-35
-18
-16
-3
20
49
61
79
82
71
74
75
24
-48
-72
-61
-56
-63
-58
-43
-24
-5
0
3
17
43
56
63
62
54
63
72
30
-44
-85
-83
-71
-76
-69
-46
-20
5
19
36
59
71
58
58
57
61
62
46
4
-43
-83
-105
-100
-91
-58
-54
-45
-19
-8
5
21
42
56
72
92
85
77
75
28
-37
-57
-61
-74
-70
-55
-44
-36
-23
-4
12
33
47
47
58
63
66
65
52
1
-42
-77
-101
-107
-101
-84
-74
-43
-12
11
15
36
62
62
72
77
74
76
77
24
-46
-76
-83
-80
-73
-47
-18
-4
16
15
17
20
55
55
39
36
43
56
48
5
-40
-52
-58
-67
-74
-72
-80
-67
-25
-1
20
38
53
57
55
63
78
74
67
31
-29
-63
-78
-70
-62
-55
-48
-31
-24
-4
4
22
38
42
50
52
49
57
48
-15
-61
-75
-77
-73
-76
-53
-42
-30
-10
7
11
41
75
72
69
76
66
79
81
41
-22
-68
-79
-76
-81
-67
-56
-40
-31
-25
-10
13
51
46
52
74
72
55
45
3
-37
-66
-81
-90
-97
-68
-55
-31
-5
16
18
18
38
53
56
54
52
73
64
20
-32
-49
-59
-70
-65
-43
-43
-43
-19
2
22
30
39
36
38
36
37
53
53
14
-41
-63
-85
-87
-73
-57
-65
-40
-19
-7
9
22
49
52
68
87
99
115
100
43
-27
-69
-82
-81
-71
-56
-53
-31
-19
-17
1
36
65
75
78
79
75
85
66
-2
-72
-92
-89
-89
-88
-75
-56
-56
-40
-13
5
7
40
69
76
77
91
95
87
44
-16
-48
-68
-67
-71
-60
-56
-44
-21
-16
6
38
45
50
48
45
49
51
36
-16
-47
-75
-75
-59
-54
-47
-45
-18
14
38
59
64
70
72
75
63
51
53
61
18
-55
-87
-88
-82
-82
-61
-44
-31
-19
-7
-2
12
38
49
60
63
56
64
60
-2
-57
-81
-85
-93
-92
-77
-81
-58
-11
11
34
47
63
78
87
90
84
77
88
47
-17
-49
-73
-85
-80
-80
-75
-40
-2
15
18
29
56
64
66
73
86
86
61
-2
-58
-79
-85
-77
-68
-69
-55
-40
-27
-12
-6
21
39
60
80
77
64
63
62
19
-38
-61
-77
-74
-71
-56
-42
-13
2
7
15
24
37
26
36
54
60
54
38
-10
-48
-73
-68
-63
-60
-56
-57
-49
-31
-14
7
23
50
63
81
88
90
85
72
19
-49
-77
-80
-77
-75
-61
-55
-40
-15
17
22
25
35
49
68
79
74
71
61
15
-34
-73
-80
-75
-68
-65
-60
-48
-46
-22
-2
18
39
54
78
81
83
100
78
26
-33
-61
-68
-66
-70
-62
-49
-30
-9
4
21
40
63
79
83
65
60
57
52
4
-63
-80
-80
-71
-72
-54
-51
-36
-5
7
4
-10
29
64
66
47
45
77
73
17
-43
-68
-73
-66
-31
-17
-34
-15
10
23
29
28
37
48
60
69
77
76
56
-9
-63
-101
-119
-108
-107
-92
-80
-58
-12
10
23
50
73
92
85
80
61
63
65
43
-15
-51
-62
-64
-54
-51
-58
-36
-18
5
11
19
29
35
52
65
63
62
50
-8
-51
-69
-89
-93
-79
-57
-50
-20
10
39
36
34
54
73
74
79
79
77
49
-1
-69
-86
-90
-100
-98
-81
-82
-85
-48
-21
-4
23
42
48
64
60
61
70
66
24
-41
-79
-80
-68
-59
-43
-35
-16
21
28
23
52
84
88
95
98
85
84
79
41
-12
-42
-79
-89
-85
-77
-66
-38
-26
-19
-11
0
22
44
51
58
55
57
51
-14
-61
-86
-84
-72
-63
-45
-31
-16
2
10
15
17
49
63
83
71
75
80
59
1
-56
-67
-70
-74
-66
-45
-32
-5
6
4
3
12
40
69
74
59
43
46
43
-11
-57
-88
-91
-86
-92
-91
-71
-44
-18
-9
9
38
65
74
77
78
87
92
81
30
-37
-57
-75
-88
-82
-52
-46
-47
-30
-7
10
30
44
47
63
76
81
90
92
34
-24
-68
-82
-73
-63
-63
-66
-62
-33
-21
-12
18
50
60
68
87
83
106
92
24
-52
-86
-88
-80
-64
-54
-49
-39
-12
7
5
20
32
39
59
67
58
60
60
14
-52
-79
-82
-76
-63
-56
-44
-30
-8
3
14
34
59
64
74
85
76
74
67
10
-57
-81
-93
-85
-86
-78
-58
-27
-7
-12
-13
4
32
46
63
71
78
96
84
22
-47
-75
-84
-79
-69
-62
-59
-33
-17
-1
18
51
77
84
76
78
83
77
57
28
-28
-50
-62
-75
-79
-69
-62
-56
-42
-18
8
26
39
42
60
53
54
63
56
10
-32
-58
-59
-63
-67
-59
-55
-29
1
18
20
19
38
47
52
61
64
60
49
13
-46
-73
-79
-80
-72
-58
-45
-24
-1
11
3
16
49
68
82
89
92
86
60
8
-60
-93
-94
-91
-75
-64
-61
-45
-26
-12
-13
8
38
43
56
66
67
78
82
33
-39
-70
-74
-71
-61
-50
-31
-12
3
5
16
30
40
32
32
43
52
54
48
-3
-48
-96
-103
-83
-85
-69
-59
-43
-39
-33
-11
24
46
62
76
84
96
110
99
58
-6
-43
-54
-57
-61
-54
-53
-31
-15
-12
-1
23
36
41
48
45
42
34
26
-19
-65
-77
-81
-86
-76
-56
-60
-41
-3
20
40
60
82
75
89
83
69
66
67
29
-35
-66
-69
-61
-61
-44
-37
-16
5
14
17
29
43
43
38
44
42
40
30
-3
-71
-108
-120
-104
-89
-73
-58
-22
10
30
25
43
67
82
85
78
74
80
77
39
-21
-47
-59
-57
-61
-50
-34
-28
-9
-8
2
12
20
32
53
53
41
33
33
-4
-49
-63
-59
-62
-67
-65
-61
-40
-11
13
19
43
63
59
64
84
84
81
65
29
-44
-90
-99
-90
-71
-63
-56
-33
-14
-3
11
37
63
67
59
62
63
66
57
22
-17
-49
-64
-83
-86
-71
-65
-50
-31
-19
1
33
52
59
75
79
85
83
68
21
-49
-87
-84
-77
-66
-49
-37
-15
-10
-6
-5
12
51
65
64
72
73
69
55
1
-58
-75
-85
-79
-63
-54
-47
-34
-22
-6
0
18
46
47
53
55
58
69
67
28
-19
-43
-49
-62
-66
-61
-50
-29
5
13
16
22
31
39
58
64
78
82
62
14
-46
-63
-72
-80
-76
-70
-82
-66
-17
10
3
24
59
70
82
85
73
78
79
28
-55
-75
-76
-70
-60
-47
-36
-30
-11
3
7
10
31
40
47
45
43
41
27
-20
-70
-95
-88
-76
-72
-52
-42
-22
-2
9
23
42
70
67
64
70
63
75
67
9
-60
-89
-90
-75
-70
-55
-50
-30
10
28
23
25
56
72
63
60
48
59
49
-14
-64
-86
-92
-92
-74
-55
-60
-42
-7
22
31
43
59
55
65
69
83
87
66
25
-53
-79
-80
-73
-71
-70
-50
-18
0
9
24
40
53
62
66
65
50
47
53
5
-52
-69
-71
-83
-87
-72
-70
-53
-27
-13
3
20
51
63
77
84
88
96
89
37
-46
-68
-61
-69
-73
-57
-39
-6
11
9
-2
6
44
61
49
36
30
37
25
-14
-70
-91
-97
-100
-98
-72
-42
-19
-3
6
17
37
62
59
68
87
82
69
59
18
-37
-68
-81
-78
-76
-55
-51
-32
1
16
27
27
49
51
66
64
58
62
54
11
-46
-66
-65
-58
-70
-84
-93
-63
-26
10
17
15
35
52
61
68
76
83
76
35
-29
-62
-76
-70
-59
-32
-9
2
-1
4
12
26
57
66
68
78
65
72
75
22
-43
-68
-87
-99
-99
-93
-82
-58
-23
-6
17
28
47
57
84
89
81
88
76
38
-36
-72
-102
-106
-82
-57
-50
-44
-26
8
23
40
56
58
58
54
64
68
59
18
-42
-64
-81
-99
-85
-72
-70
-58
-35
-7
16
48
74
73
75
83
72
90
93
31
-40
-67
-68
-84
-87
-59
-42
-24
-15
-13
-7
12
36
45
53
67
67
71
56
-1
-51
-66
-64
-56
-69
-55
-46
-31
-6
12
24
41
62
75
82
88
89
92
84
24
-59
-86
-75
-58
-58
-54
-36
-30
-24
-11
-7
0
41
49
57
67
65
64
37
-22
-61
-83
-95
-102
-92
-67
-57
-46
-17
10
25
48
78
76
85
85
73
80
64
10
-49
-63
-56
-59
-77
-74
-60
-23
4
6
-7
3
32
53
58
51
60
97
91
35
-41
-79
-88
-72
-69
-67
-64
-46
-16
-9
0
10
41
51
57
61
55
66
70
24
-51
-69
-85
-73
-65
-56
-38
-15
6
24
21
16
58
68
79
66
52
65
55
11
-46
-70
-87
-87
-94
-85
-52
-18
3
15
25
35
52
68
90
87
59
57
61
21
-47
-78
-85
-89
-80
-59
-53
-52
-25
-13
-7
7
37
63
70
74
66
78
73
19
-20
-38
-36
-49
-71
-69
-62
-31
0
22
31
29
52
55
39
37
48
57
52
15
-53
-78
-78
-82
-82
-52
-36
-32
-14
18
54
65
61
71
86
96
79
74
62
7
-63
-85
-109
-106
-94
-76
-74
-56
-37
-14
3
20
50
57
69
77
76
84
84
38
-38
-68
-78
-72
-65
-48
-24
0
3
-5
-9
15
44
60
45
44
52
61
55
15
-62
-90
-102
-100
-93
-73
-61
-32
-13
-5
4
17
45
64
79
89
96
100
98
62
-16
-35
-50
-72
-69
-61
-56
-33
-10
13
22
27
35
42
45
59
62
51
31
-15
-72
-87
-83
-70
-74
-61
-47
-23
-6
4
10
26
57
65
66
71
72
85
72
13
-48
-66
-73
-79
-91
-72
-59
-50
-31
-21
5
26
45
49
68
80
79
80
67
24
-41
-72
-74
-77
-72
-59
-62
-32
-11
-9
-10
7
36
46
60
70
69
79
59
10
-50
-79
-83
-68
-67
-58
-42
-22
-11
-1
13
25
52
66
62
62
68
84
79
43
-20
-60
-79
-83
-94
-90
-81
-55
-13
13
17
18
49
61
74
79
65
72
67
29
-46
-84
-95
-107
-81
-55
-51
-34
-6
17
24
33
51
49
67
85
85
78
66
17
-49
-77
-86
-76
-72
-68
-66
-46
-29
-15
10
22
43
63
70
72
59
67
67
31
-45
-66
-60
-58
-83
-83
-56
-29
1
2
2
32
57
61
82
86
71
70
57
11
-43
-67
-79
-81
-79
-61
-52
-24
0
15
32
27
51
68
67
63
72
102
91
58
-27
-60
-70
-70
-69
-66
-57
-37
-19
-11
-1
16
49
56
62
59
49
47
41
-4
-73
-94
-79
-81
-74
-58
-52
-43
-22
-14
-3
17
51
59
75
83
80
97
90
45
-45
-80
-89
-90
-100
-71
-62
-42
-15
-2
16
31
35
36
59
84
81
75
48
-3
-46
-73
-83
-83
-89
-76
-70
-62
-31
-6
12
32
67
80
82
77
83
86
72
31
-43
-62
-72
-81
-65
-57
-39
-12
-7
-13
-13
4
19
18
27
51
53
73
78
44
-19
-62
-78
-79
-75
-61
-45
-25
-13
-3
14
31
51
70
78
75
75
81
59
31
-22
-58
-80
-92
-97
-78
-75
-59
-47
-30
-10
9
31
53
73
77
93
88
73
29
-37
-66
-91
-91
-76
-50
-22
-13
-3
16
23
30
54
60
64
90
82
72
59
24
-36
-67
-88
-93
-98
-74
-50
-17
-3
0
12
30
53
60
63
72
74
69
58
9
-55
-62
-69
-67
-69
-54
-41
-29
-10
-3
-17
-12
16
40
56
52
59
83
81
36
-40
-82
-102
-101
-93
-63
-34
-3
7
13
14
19
44
70
74
90
91
83
62
15
-46
-87
-98
-97
-93
-86
-76
-56
-20
0
17
34
56
61
75
80
71
83
83
39
-33
-63
-86
-88
-88
-80
-64
-34
-35
-31
-11
18
53
73
87
86
67
63
65
13
-53
-75
-80
-71
-67
-71
-67
-38
-12
1
9
10
35
56
79
82
75
76
74
42
-33
-61
-70
-65
-69
-62
-66
-50
-18
1
-2
11
27
35
57
76
66
73
68
23
-43
-79
-91
-87
-98
-76
-54
-39
-15
13
26
24
43
58
80
76
70
91
87
55
-26
-66
-80
-74
-76
-58
-51
-29
-7
5
9
22
48
63
67
79
71
69
49
0
-56
-86
-98
-99
-98
-77
-62
-40
-15
18
24
23
39
49
73
94
94
111
99
55
-4
-42
-73
-77
-72
-77
-74
-50
-18
1
11
34
57
55
51
53
49
63
71
30
-44
-77
-96
-92
-83
-68
-59
-44
-28
-11
8
39
59
61
76
83
66
81
70
28
-27
-62
-91
-81
-86
-80
-75
-51
-26
-5
2
4
23
47
67
50
29
48
58
21
-41
-81
-68
-54
-53
-47
-33
-23
-9
-7
10
41
71
64
70
83
95
105
87
45
-41
-73
-87
-88
-93
-74
-55
-54
-45
-16
12
14
22
41
60
74
66
67
52
23
-24
-51
-60
-69
-82
-62
-52
-30
4
25
17
31
53
58
63
70
71
81
73
35
-40
-81
-95
-81
-86
-77
-72
-63
-43
-22
-4
26
56
58
69
77
86
66
35
-11
-51
-74
-89
-97
-77
-47
-48
-30
-11
0
18
51
80
94
93
88
73
64
56
38
-36
-77
-100
-99
-89
-69
-56
-41
-26
-26
-19
12
43
55
75
85
76
66
68
33
-35
-81
-96
-81
-75
-52
-45
-33
-30
-20
5
28
52
68
74
76
73
79
77
42
-45
-76
-88
-81
-77
-54
-45
-31
-19
-11
11
29
45
56
56
57
62
78
65
24
-53
-87
-95
-84
-79
-68
-42
-20
-1
13
26
31
40
56
77
88
76
80
73
34
-55
-85
-82
-87
-101
-94
-85
-53
-32
-10
12
29
49
44
44
44
45
59
62
46
-21
-56
-65
-61
-71
-64
-47
-26
-12
3
12
27
49
72
78
78
80
90
75
30
-49
-78
-87
-75
-65
-51
-49
-38
-27
-6
12
15
32
45
52
53
67
75
59
18
-43
-77
-80
-71
-78
-73
-60
-45
-12
13
14
30
62
69
73
79
71
73
67
30
-46
-87
-88
-88
-92
-75
-51
-38
-22
3
18
39
60
60
60
60
68
75
52
8
-44
-69
-74
-70
-69
-61
-58
-42
-10
15
20
39
63
62
54
55
55
66
56
33
-34
-60
-71
-79
-76
-60
-40
-11
10
20
21
33
54
70
86
78
74
89
78
28
-41
-73
-90
-103
-98
-83
-66
-41
-21
-2
14
21
38
35
61
63
64
81
71
47
-35
-76
-93
-91
-80
-53
-28
-13
2
11
12
25
53
60
59
65
71
72
53
26
-16
-36
-67
-71
-80
-73
-84
-76
-37
-1
19
27
42
58
68
74
70
62
50
37
-30
-78
-89
-79
-63
-44
-40
-7
2
10
-1
-4
26
50
58
61
53
67
62
13
-50
-80
-92
-97
-95
-75
-63
-47
-24
-4
17
29
52
80
93
80
83
101
99
57
-15
-40
-66
-66
-75
-72
-45
-34
-24
-11
4
20
52
60
59
63
74
75
59
13
-52
-83
-102
-100
-103
-77
-46
-31
-9
8
24
23
42
56
81
105
83
94
91
57
-21
-55
-70
-79
-86
-78
-74
-51
-27
-13
3
17
36
51
50
47
47
55
55
26
-45
-73
-90
-102
-92
-61
-45
-28
-4
23
34
51
88
85
84
90
93
104
92
62
-33
-76
-82
-88
-80
-70
-77
-67
-38
-22
-23
-5
25
39
45
45
38
39
40
23
-43
-79
-94
-70
-54
-22
-22
-24
-3
19
43
64
79
84
90
88
88
86
58
15
-42
-70
-94
-107
-103
-85
-66
-52
-30
-4
13
28
47
55
54
58
53
63
48
10
-46
-83
-95
-75
-59
-37
-32
-16
3
17
23
29
44
63
73
78
70
69
59
40
-30
-65
-90
-85
-87
-73
-64
-56
-47
-27
-9
10
42
55
72
76
81
77
51
13
-32
-57
-60
-61
-63
-44
-32
-26
-13
1
35
59
80
67
61
78
84
69
53
28
-42
-90
-114
-117
-112
-90
-76
-69
-39
-9
8
26
52
67
68
74
57
64
67
44
-25
-47
-49
-61
-57
-38
-33
-29
-13
-7
-5
17
51
58
60
59
46
57
55
33
-51
-81
-93
-93
-89
-69
-47
-39
-12
16
30
46
57
65
80
84
78
80
76
36
-48
-68
-66
-71
-78
-61
-39
-36
-49
-33
-16
7
35
54
51
53
62
78
68
28
-55
-74
-84
-76
-71
-61
-46
-18
12
25
23
42
67
61
77
85
66
60
49
19
-47
-76
-78
-83
-78
-72
-74
-57
-34
-18
-7
3
26
50
57
61
59
71
70
48
-13
-37
-42
-31
-33
-19
-20
-12
-6
4
14
24
47
53
42
45
39
36
24
9
-34
-59
-88
-88
-88
-70
-56
-40
-25
-13
-7
-13
14
48
69
85
92
106
96
72
-19
-45
-50
-48
-43
-40
-37
-45
-48
-30
2
11
16
34
40
34
32
47
44
4
-60
-70
-84
-89
-80
-74
-76
-44
-9
10
29
41
62
80
84
89
104
112
76
45
-20
-60
-73
-88
-99
-65
-57
-48
-24
17
36
25
19
20
31
43
43
41
32
-1
-61
-83
-70
-68
-63
-40
-30
-20
6
25
41
48
55
65
72
73
77
92
65
39
-36
-73
-90
-87
-105
-102
-84
-63
-42
-30
-19
-10
11
33
44
63
78
85
78
52
-9
-38
-64
-52
-49
-23
-9
-4
13
20
20
21
27
51
69
72
62
61
51
21
-59
-90
-100
-85
-76
-77
-85
-87
-53
-18
-6
11
40
61
76
90
88
107
99
72
7
-37
-49
-60
-72
-60
-50
-37
-21
-9
4
23
46
47
46
51
53
62
48
29
-36
-72
-90
-87
-95
-83
-65
-51
-38
-11
3
16
60
81
92
91
81
90
81
50
-19
-53
-60
-53
-52
-50
-60
-55
-19
-9
-4
6
26
52
57
63
42
26
20
18
-55
-86
-91
-87
-73
-58
-35
-24
-2
24
35
45
70
81
87
82
82
94
82
35
-39
-69
-75
-75
-82
-74
-83
-59
-38
-22
11
27
40
37
38
57
59
64
60
39
-36
-83
-88
-92
-78
-58
-51
-32
5
30
48
55
60
57
60
66
63
68
69
32
-51
-87
-90
-80
-76
-78
-73
-51
-17
0
6
7
37
59
67
85
87
87
68
39
-34
-68
-80
-72
-61
-37
-28
-30
-21
-9
18
46
63
59
41
39
45
48
35
6
-57
-85
-106
-101
-97
-84
-82
-71
-38
-7
6
26
60
80
99
103
96
94
78
65
-7
-55
-73
-69
-60
-53
-52
-38
0
14
14
13
23
23
30
50
62
59
51
6
-61
-96
-101
-77
-74
-73
-70
-44
-12
11
25
41
66
72
77
95
89
92
75
49
-35
-78
-83
-79
-79
-69
-68
-62
-34
-6
23
28
38
58
75
72
54
58
48
3
-58
-74
-70
-67
-61
-53
-52
-39
-19
4
22
36
69
75
74
85
83
83
67
40
-36
-77
-99
-87
-80
-59
-44
-39
-20
7
27
35
45
43
41
37
43
49
46
42
-14
-67
-87
-75
-61
-56
-45
-28
4
26
56
55
45
40
59
78
78
74
60
45
-24
-60
-71
-75
-95
-93
-87
-70
-46
-29
7
30
43
54
69
82
65
67
73
46
-28
-68
-89
-87
-81
-50
-37
-44
-35
-4
26
41
58
59
62
65
62
69
57
39
-34
-77
-90
-93
-93
-76
-61
-48
-28
-7
13
25
44
52
58
58
64
62
60
43
-22
-59
-72
-61
-66
-71
-74
-44
-5
10
18
29
55
64
67
68
52
49
48
34
-44
-73
-83
-71
-77
-67
-67
-50
-21
7
16
17
30
32
47
68
66
69
59
30
-36
-70
-80
-66
-69
-49
-31
-20
0
15
27
36
54
72
74
63
63
75
59
28
-69
-96
-93
-83
-78
-49
-45
-45
-27
-2
25
26
30
30
34
50
56
70
73
50
-27
-66
-82
-89
-89
-76
-84
-62
-18
18
20
19
52
72
77
81
63
77
77
51
-21
-66
-82
-81
-66
-50
-52
-45
-29
-10
-3
7
28
57
86
89
64
63
48
20
-45
-77
-88
-83
-82
-70
-49
-26
-5
9
26
27
51
57
69
74
72
77
69
39
-46
-82
-98
-85
-82
-68
-58
-44
-22
10
27
25
35
51
63
67
55
56
60
50
-12
-56
-80
-75
-80
-79
-78
-68
-20
8
8
23
44
60
72
78
87
95
73
56
-24
-54
-67
-66
-66
-45
-35
-36
-29
-17
-18
-7
30
47
48
48
55
84
82
44
-26
-67
-74
-79
-77
-69
-72
-54
-20
6
21
30
48
65
77
80
84
101
76
49
-37
-58
-75
-77
-76
-72
-66
-43
-25
-5
7
21
28
31
43
52
48
49
41
21
-49
-79
-79
-67
-66
-59
-46
-34
-7
15
12
24
50
66
73
90
104
95
70
53
-20
-70
-87
-82
-81
-67
-60
-55
-31
-10
6
17
34
51
53
65
56
61
51
20
-51
-69
-74
-84
-81
-67
-45
-25
-11
14
38
52
56
61
72
83
80
90
85
62
-24
-77
-91
-86
-92
-86
-79
-53
-43
-32
-18
10
35
56
74
73
63
67
44
21
-26
-42
-58
-74
-78
-57
-49
-30
-3
22
30
39
48
48
49
50
45
61
46
29
-48
-86
-88
-81
-83
-79
-76
-47
-17
10
23
20
41
66
90
100
78
70
59
36
-23
-51
-64
-66
-77
-69
-65
-51
-21
-3
1
18
51
63
62
60
61
61
56
53
-8
-57
-79
-90
-91
-65
-48
-36
-18
-4
2
24
47
54
54
63
64
72
77
41
-26
-68
-96
-90
-84
-73
-62
-34
-10
15
30
40
57
62
72
78
61
64
50
25
-48
-76
-74
-62
-66
-68
-59
-38
-26
-16
0
8
33
58
71
78
74
58
42
31
-26
-59
-82
-90
-94
-89
-74
-43
-22
-15
7
39
61
63
75
91
87
81
62
56
-29
-73
-84
-78
-80
-57
-42
-41
-30
-17
4
13
47
59
68
78
83
80
69
51
-24
-68
-91
-90
-88
-77
-78
-62
-25
1
14
18
38
52
66
79
83
97
90
70
-15
-64
-82
-86
-102
-86
-55
-41
-19
3
13
28
54
61
76
74
61
58
50
24
-45
-79
-105
-108
-95
-65
-46
-30
-11
20
40
45
58
76
82
80
66
72
68
55
-30
-82
-93
-88
-75
-53
-43
-30
-25
-17
10
14
15
46
63
64
69
69
57
34
-42
-77
-93
-99
-81
-55
-42
-35
-15
-5
-3
9
52
89
89
97
90
85
74
64
-12
-47
-62
-77
-89
-87
-85
-77
-49
-21
-9
-1
20
37
54
60
54
50
44
43
-13
-51
-82
-83
-81
-53
-42
-25
1
25
40
45
55
56
72
90
85
84
70
49
-25
-71
-89
-93
-89
-83
-66
-65
-44
-13
10
16
39
56
51
53
61
65
51
29
-13
-27
-61
-74
-76
-55
-41
-25
-17
-3
13
21
47
65
83
84
64
73
80
57
-24
-61
-80
-87
-93
-83
-63
-43
-21
-10
2
12
47
55
49
59
46
58
59
24
-45
-78
-86
-85
-79
-60
-40
-18
-3
3
35
35
47
69
64
72
65
76
66
35
-33
-65
-69
-78
-76
-61
-55
-60
-34
-16
-3
15
36
48
66
86
83
79
60
52
2
-50
-85
-94
-88
-60
-39
-24
-26
-10
0
16
53
82
87
83
82
91
83
58
-18
-60
-78
-80
-85
-60
-51
-48
-28
-13
-2
3
27
46
52
59
71
72
41
-1
-60
-71
-86
-89
-83
-66
-52
-42
-9
31
41
50
65
71
68
76
74
80
60
31
-50
-93
-96
-87
-96
-91
-54
-26
-16
3
15
13
31
49
57
68
66
77
73
52
-23
-58
-68
-63
-72
-65
-65
-65
-29
-13
-9
22
55
73
66
72
65
61
53
54
-12
-67
-86
-73
-78
-72
-60
-37
-29
-8
2
17
40
35
43
59
58
63
60
36
-32
-58
-75
-64
-60
-50
-25
-18
0
15
18
17
32
51
46
57
63
67
67
60
-16
-60
-76
-60
-59
-63
-58
-50
-34
-15
0
14
38
55
54
56
63
87
85
54
-16
-46
-69
-64
-67
-67
-60
-46
-21
-1
12
14
38
61
68
62
37
42
36
43
-12
-58
-80
-86
-84
-67
-50
-44
-30
-8
7
8
21
37
48
47
39
48
61
41
-41
-58
-73
-75
-76
-68
-68
-47
-9
12
21
31
66
87
78
69
58
75
75
51
-23
-75
-90
-91
-92
-80
-58
-35
-6
2
1
23
62
68
73
74
58
49
48
39
-31
-54
-69
-83
-75
-57
-43
-24
-7
3
13
19
32
44
56
72
79
82
67
55
-27
-71
-85
-92
-95
-85
-75
-54
-28
2
27
28
33
44
57
73
59
52
60
48
-31
-73
-88
-83
-81
-87
-87
-68
-44
-17
-2
9
50
77
87
95
86
89
73
57
-14
-58
-73
-61
-75
-65
-49
-29
-26
-12
6
30
53
58
62
69
69
71
69
41
-41
-75
-82
-80
-73
-62
-62
-56
-28
6
18
25
49
62
80
85
72
65
69
52
-23
-65
-82
-77
-64
-70
-63
-42
-12
-3
-1
6
38
59
71
67
59
58
42
21
-41
-66
-74
-58
-58
-66
-61
-42
-6
10
3
21
54
61
65
74
80
101
85
55
-21
-64
-75
-70
-68
-45
-29
-24
-26
-4
-3
-3
10
32
51
50
55
65
57
42
-29
-62
-78
-73
-71
-69
-63
-49
-19
8
29
17
37
52
64
69
64
61
61
49
-25
-58
-79
-82
-90
-67
-53
-20
9
16
12
20
38
36
46
62
59
60
57
39
-35
-69
-74
-69
-82
-78
-57
-39
-21
-5
10
35
63
55
58
72
71
74
65
55
-27
-87
-89
-74
-74
-70
-71
-64
-48
-14
13
16
27
55
69
74
85
90
66
42
-11
-44
-70
-76
-88
-70
-57
-47
-13
-1
3
23
38
40
56
74
74
83
80
60
-15
-70
-94
-87
-83
-70
-61
-43
-35
-2
19
23
41
59
78
79
64
58
64
45
-40
-86
-84
-73
-74
-64
-51
-45
-27
-11
0
11
42
60
64
58
50
56
80
77
-1
-62
-80
-73
-71
-56
-35
-38
-34
-15
-7
-1
25
54
70
68
76
85
71
56
-18
-62
-78
-90
-85
-61
-37
-21
-15
-3
3
7
23
46
62
82
62
70
72
57
-18
-66
-87
-94
-87
-72
-60
-58
-32
-5
15
14
25
39
52
82
76
67
72
55
-23
-68
-86
-88
-80
-60
-53
-36
-18
-12
-3
9
21
38
64
81
65
75
85
82
7
-34
-54
-69
-74
-57
-57
-51
-28
-11
-9
2
24
32
39
54
63
59
51
36
-30
-60
-75
-75
-70
-64
-52
-32
-10
7
11
24
36
55
75
78
67
67
60
60
-14
-62
-66
-59
-77
-80
-84
-74
-35
-10
0
7
11
26
34
40
44
56
55
44
-14
-43
-61
-69
-77
-68
-50
-18
8
7
8
14
35
57
78
91
89
88
63
44
-31
-81
-96
-100
-99
-70
-42
-35
-27
-23
-12
8
41
63
86
88
66
51
46
44
-15
-50
-68
-61
-58
-63
-64
-38
-12
7
14
18
41
59
62
69
75
100
92
77
5
-52
-75
-89
-91
-69
-49
-40
-23
-8
3
22
34
48
48
45
52
58
59
51
-9
-51
-82
-87
-87
-75
-58
-55
-40
-12
8
29
51
72
76
80
84
90
82
66
-13
-63
-80
-80
-80
-72
-62
-48
-19
-5
2
12
30
46
55
58
48
60
74
52
-20
-54
-71
-68
-71
-66
-49
-36
-3
15
11
28
51
59
66
66
54
61
51
27
-29
-64
-78
-81
-81
-59
-46
-43
-29
-10
-2
4
32
45
55
72
67
63
64
45
-23
-52
-74
-74
-68
-52
-39
-43
-26
8
18
12
33
63
70
79
67
64
63
60
-10
-56
-70
-81
-85
-73
-59
-48
-47
-15
7
15
35
44
41
54
66
75
67
39
-28
-88
-107
-90
-66
-52
-55
-53
-30
-6
9
15
37
65
80
93
86
75
77
65
-10
-58
-87
-93
-97
-69
-59
-56
-40
-7
17
30
56
46
49
71
75
71
66
35
-38
-68
-71
-61
-77
-75
-59
-45
-19
-9
-5
9
33
42
46
65
59
63
66
75
1
-56
-68
-61
-63
-62
-49
-51
-37
-18
-12
-2
24
39
45
62
72
78
66
39
-34
-74
-83
-75
-77
-66
-63
-56
-35
-6
2
14
24
34
53
67
88
80
65
46
-22
-69
-86
-76
-66
-65
-58
-44
-35
-24
-6
13
56
81
81
81
77
77
82
55
-30
-63
-69
-72
-72
-58
-44
-33
-16
-2
19
22
36
68
61
59
61
66
67
70
12
-43
-65
-76
-84
-83
-75
-54
-34
-9
20
53
67
72
45
38
36
40
39
34
-20
-66
-78
-71
-69
-68
-71
-55
-34
-13
9
29
53
89
101
108
96
84
71
75
5
-54
-84
-88
-68
-61
-58
-42
-24
-19
-6
1
25
30
30
49
60
63
61
47
-9
-48
-74
-80
-81
-59
-54
-58
-46
-21
-8
5
27
44
62
80
77
75
65
46
-9
-34
-67
-94
-105
-82
-63
-46
-15
2
13
6
18
50
79
81
76
67
52
39
-31
-74
-94
-85
-76
-69
-58
-36
-9
5
19
34
47
49
56
59
56
65
74
60
-35
-75
-82
-64
-61
-58
-43
-25
-2
1
0
8
29
45
56
63
59
66
56
38
-21
