0
-20
-15
117
308
481
644
894
1211
1521
1812
2003
2251
2417
2333
1504
370
-680
-1475
-2057
-2349
-2431
-2372
-2135
-1767
-1376
-978
-493
37
557
1041
1443
1835
2193
2328
1803
982
175
-444
-873
-1090
-1160
-1141
-963
-663
-344
-56
324
758
1137
1466
1711
1976
2150
2083
1252
140
-854
-1567
-2056
-2304
-2361
-2294
-2068
-1728
-1379
-1052
-591
-43
512
1022
1471
1916
2308
2445
1856
932
71
-544
-976
-1194
-1269
-1193
-931
-611
-308
-8
381
769
1089
1399
1637
1895
2077
2062
1333
287
-705
-1442
-1982
-2277
-2371
-2349
-2177
-1853
-1466
-1041
-527
44
556
1064
1469
1853
2164
2283
1698
801
-49
-628
-985
-1150
-1197
-1142
-926
-622
-338
-77
279
697
1066
1415
1691
2000
2221
2211
1445
354
-668
-1442
-2026
-2330
-2426
-2353
-2111
-1763
-1387
-1020
-534
0
489
969
1361
1762
2128
2244
1693
895
108
-496
-925
-1144
-1213
-1172
-990
-675
-353
-58
347
781
1185
1540
1763
2008
2173
2138
1351
246
-756
-1499
-2031
-2300
-2359
-2303
-2089
-1763
-1405
-1049
-583
-75
439
967
1404
1839
2205
2347
1788
884
22
-586
-1010
-1220
-1281
-1198
-935
-590
-270
46
441
847
1195
1529
1742
1987
2182
2141
1338
244
-745
-1462
-1990
-2297
-2410
-2389
-2199
-1865
-1500
-1125
-662
-109
466
1019
1445
1839
2169
2215
1620
822
17
-583
-980
-1165
-1193
-1116
-865
-539
-218
56
384
785
1164
1508
1759
2047
2255
2229
1420
310
-737
-1523
-2098
-2410
-2517
-2437
-2165
-1803
-1418
-1047
-585
-48
459
944
1343
1744
2123
2255
1695
876
110
-442
-854
-1073
-1150
-1128
-921
-621
-297
-1
399
841
1223
1557
1776
2020
2164
2089
1279
171
-822
-1541
-2053
-2332
-2421
-2374
-2165
-1836
-1495
-1154
-683
-138
411
975
1425
1846
2235
2395
1855
933
92
-529
-932
-1139
-1186
-1108
-886
-557
-212
62
399
788
1163
1497
1701
1939
2144
2110
1352
254
-743
-1496
-2065
-2401
-2516
-2494
-2246
-1868
-1475
-1083
-572
-2
519
988
1414
1846
2212
2284
1666
837
60
-498
-898
-1091
-1126
-1058
-835
-541
-285
-36
326
734
1108
1484
1747
2019
2192
2116
1293
190
-834
-1588
-2130
-2399
-2473
-2408
-2156
-1784
-1395
-1022
-553
-15
504
1000
1418
1845
2224
2324
1746
923
124
-447
-859
-1077
-1142
-1108
-915
-643
-337
-43
373
813
1176
1506
1732
1966
2121
2037
1217
98
-907
-1595
-2085
-2331
-2409
-2350
-2118
-1785
-1426
-1071
-595
-43
496
1042
1494
1933
2319
2461
1875
976
108
-542
-981
-1183
-1232
-1139
-898
-559
-252
8
339
724
1078
1386
1591
1870
2071
2042
1266
195
-774
-1471
-2017
-2321
-2428
-2383
-2171
-1827
-1441
-1035
-500
110
648
1146
1540
1936
2251
2264
1629
821
63
-498
-912
-1123
-1157
-1087
-906
-662
-395
-140
220
633
1030
1396
1673
1964
2156
2111
1316
228
-795
-1544
-2060
-2313
-2365
-2272
-2053
-1718
-1344
-960
-490
40
536
1023
1435
1822
2194
2314
1724
898
100
-510
-940
-1169
-1245
-1212
-984
-665
-358
-74
332
787
1162
1502
1741
1991
2145
2081
1295
203
-770
-1478
-2011
-2266
-2340
-2295
-2086
-1778
-1415
-1045
-566
-33
479
985
1434
1877
2243
2343
1756
866
16
-618
-1047
-1228
-1259
-1186
-933
-597
-268
30
365
732
1122
1462
1689
1941
2172
2157
1363
284
-691
-1422
-1968
-2238
-2337
-2352
-2177
-1840
-1439
-1038
-559
-27
496
1026
1447
1831
2161
2189
1567
760
-24
-600
-1002
-1160
-1149
-1045
-840
-559
-299
-37
328
716
1090
1454
1740
2047
2258
2194
1368
250
-763
-1526
-2074
-2342
-2419
-2342
-2096
-1746
-1389
-1033
-574
-66
456
959
1371
1773
2139
2268
1715
909
102
-517
-940
-1166
-1249
-1194
-971
-631
-287
16
401
848
1241
1585
1807
2040
2193
2115
1288
181
-809
-1520
-2025
-2287
-2364
-2313
-2122
-1842
-1520
-1150
-663
-90
458
978
1417
1842
2212
2333
1742
859
15
-580
-1010
-1225
-1238
-1116
-859
-528
-197
107
438
816
1157
1505
1735
1992
2168
2104
1287
241
-741
-1484
-2036
-2324
-2450
-2440
-2248
-1865
-1485
-1070
-579
-24
503
998
1405
1792
2147
2235
1645
824
50
-479
-842
-1031
-1108
-1075
-865
-545
-237
20
360
764
1137
1500
1750
2024
2205
2121
1303
195
-821
-1588
-2143
-2421
-2502
-2422
-2173
-1818
-1430
-1059
-570
-53
441
959
1399
1816
2175
2297
1746
932
149
-454
-884
-1107
-1170
-1117
-902
-589
-280
29
430
842
1226
1563
1770
2010
2160
2073
1253
148
-847
-1582
-2105
-2355
-2430
-2365
-2139
-1810
-1476
-1143
-654
-98
456
993
1457
1893
2262
2382
1805
912
74
-521
-945
-1154
-1175
-1079
-831
-503
-205
65
420
802
1133
1446
1668
1929
2131
2083
1277
199
-792
-1556
-2099
-2389
-2505
-2475
-2252
-1889
-1486
-1058
-523
50
611
1089
1499
1898
2236
2259
1664
873
127
-434
-839
-1039
-1105
-1052
-837
-557
-289
-61
290
717
1105
1473
1722
1982
2150
2068
1217
96
-908
-1657
-2178
-2438
-2499
-2405
-2124
-1742
-1337
-966
-497
38
536
1014
1452
1875
2230
2321
1786
987
190
-413
-864
-1106
-1168
-1132
-956
-661
-345
-67
323
756
1123
1456
1690
1949
2096
2009
1217
136
-838
-1554
-2070
-2317
-2372
-2304
-2084
-1750
-1404
-1055
-585
-27
528
1063
1523
1963
2317
2427
1813
904
67
-537
-965
-1195
-1251
-1160
-905
-588
-303
-49
319
724
1071
1373
1600
1884
2109
2104
1334
246
-727
-1461
-2038
-2339
-2456
-2399
-2190
-1813
-1400
-997
-478
96
629
1140
1550
1931
2230
2234
1619
804
12
-581
-971
-1147
-1183
-1116
-912
-629
-324
-65
305
703
1054
1430
1717
2003
2216
2142
1318
207
-818
-1568
-2091
-2341
-2417
-2349
-2083
-1688
-1312
-959
-505
3
497
979
1378
1791
2164
2239
1678
876
83
-496
-940
-1177
-1243
-1183
-954
-659
-339
-25
387
806
1174
1518
1754
2007
2173
2095
1291
197
-779
-1472
-1973
-2233
-2329
-2296
-2107
-1791
-1442
-1098
-618
-84
460
997
1439
1878
2227
2330
1752
859
23
-615
-1066
-1261
-1263
-1138
-898
-578
-265
23
404
800
1149
1467
1714
2010
2204
2166
1342
258
-713
-1456
-2026
-2335
-2424
-2386
-2201
-1848
-1451
-1073
-556
-1
507
992
1426
1817
2134
2153
1587
794
44
-517
-900
-1086
-1118
-1069
-873
-579
-282
-19
357
770
1155
1535
1787
2048
2211
2144
1335
232
-796
-1552
-2101
-2368
-2412
-2326
-2102
-1782
-1434
-1076
-625
-92
419
927
1347
1768
2146
2261
1705
884
112
-460
-892
-1123
-1187
-1141
-916
-587
-263
38
447
878
1245
1565
1792
2038
2195
2122
1312
213
-781
-1526
-2083
-2355
-2420
-2388
-2193
-1869
-1521
-1146
-644
-88
444
978
1434
1874
2225
2333
1731
832
-7
-610
-993
-1149
-1163
-1070
-830
-492
-170
85
434
824
1162
1484
1714
1982
2156
2102
1307
216
-777
-1528
-2080
-2372
-2479
-2438
-2208
-1839
-1448
-1061
-570
-1
507
1002
1439
1818
2134
2182
1632
879
123
-430
-812
-966
-1037
-1011
-829
-544
-277
-37
309
737
1128
1486
1739
2021
2213
2125
1251
98
-930
-1660
-2140
-2371
-2445
-2395
-2164
-1806
-1429
-1068
-610
-71
445
954
1384
1833
2217
2320
1786
971
173
-431
-889
-1120
-1186
-1126
-897
-573
-264
11
395
846
1229
1524
1722
1959
2098
2007
1190
106
-867
-1573
-2084
-2364
-2432
-2382
-2171
-1837
-1481
-1085
-562
2
548
1086
1539
1983
2340
2432
1820
901
44
-549
-954
-1123
-1163
-1098
-862
-552
-265
-9
335
726
1056
1371
1612
1902
2107
2042
1243
176
-795
-1507
-2052
-2339
-2451
-2422
-2214
-1825
-1416
-1015
-501
97
614
1081
1481
1848
2197
2316
1763
877
77
-499
-895
-1081
-1136
-1096
-898
-620
-363
-126
267
698
1068
1430
1712
2026
2206
2115
1292
195
-813
-1578
-2147
-2425
-2480
-2381
-2108
-1720
-1331
-971
-508
36
542
1030
1448
1848
2202
2260
1677
865
78
-512
-937
-1149
-1223
-1185
-963
-625
-302
-5
391
817
1187
1481
1689
1941
2117
2039
1211
157
-813
-1505
-1992
-2229
-2319
-2292
-2094
-1773
-1434
-1068
-569
-10
519
1040
1483
1902
2248
2296
1661
813
0
-591
-1020
-1197
-1217
-1133
-892
-585
-288
-32
331
730
1088
1428
1698
1997
2202
2162
1363
280
-724
-1463
-2007
-2296
-2413
-2391
-2166
-1814
-1424
-1017
-507
67
580
1038
1446
1856
2188
2283
1699
837
9
-572
-1001
-1178
-1221
-1131
-914
-627
-347
-60
328
777
1167
1532
1805
2073
2214
2115
1286
169
-843
-1569
-2089
-2343
-2389
-2328
-2111
-1774
-1390
-1004
-527
-8
482
968
1383
1805
2149
2204
1620
819
28
-554
-960
-1139
-1180
-1108
-888
-564
-232
54
441
847
1200
1530
1749
1998
2159
2083
1247
173
-791
-1491
-2000
-2275
-2370
-2347
-2154
-1818
-1480
-1127
-638
-78
475
1004
1411
1826
2183
2265
1653
804
-3
-592
-1001
-1182
-1185
-1071
-841
-534
-238
39
405
784
1118
1469
1744
2035
2237
2191
1376
287
-734
-1517
-2093
-2381
-2498
-2461
-2217
-1856
-1461
-1060
-552
5
534
1023
1439
1824
2144
2251
1677
803
17
-532
-905
-1110
-1180
-1095
-849
-559
-257
25
400
826
1227
1566
1811
2062
2232
2138
1289
138
-887
-1604
-2105
-2364
-2415
-2330
-2096
-1760
-1400
-1068
-629
-106
419
948
1380
1804
2181
2254
1672
886
80
-532
-950
-1145
-1196
-1138
-889
-540
-221
48
418
831
1188
1518
1728
1969
2134
2058
1252
171
-800
-1490
-2000
-2267
-2384
-2380
-2198
-1878
-1537
-1154
-643
-68
504
1055
1505
1929
2276
2333
1710
872
79
-504
-923
-1133
-1155
-1061
-838
-516
-231
12
377
784
1138
1448
1691
1982
2168
2095
1278
162
-838
-1582
-2129
-2411
-2502
-2444
-2191
-1813
-1420
-1026
-500
75
586
1067
1490
1866
2193
2288
1725
852
66
-504
-863
-1066
-1113
-1071
-883
-584
-299
-44
304
723
1114
1476
1730
1999
2164
2088
1240
110
-896
-1614
-2132
-2388
-2433
-2313
-2044
-1704
-1374
-1035
-553
-16
504
977
1388
1834
2248
2318
1737
941
141
-476
-929
-1167
-1251
-1211
-977
-651
-320
-20
371
784
1146
1482
1709
1974
2130
2042
1241
177
-791
-1501
-2035
-2315
-2400
-2351
-2147
-1818
-1444
-1061
-558
10
576
1132
1548
1952
2280
2320
1691
832
24
-579
-987
-1165
-1215
-1136
-882
-568
-281
-27
330
725
1074
1409
1665
1960
2162
2118
1299
203
-786
-1524
-2054
-2346
-2434
-2356
-2120
-1762
-1372
-983
-479
57
564
1054
1454
1832
2164
2271
1685
829
32
-538
-920
-1106
-1185
-1126
-930
-646
-354
-77
302
727
1142
1496
1754
2030
2217
2153
1302
170
-805
-1509
-2026
-2293
-2362
-2306
-2096
-1757
-1395
-1040
-561
-17
507
1006
1430
1867
2208
2220
1617
826
68
-506
-989
-1236
-1292
-1226
-967
-648
-320
1
407
841
1201
1540
1762
2015
2172
2090
1260
184
-788
-1487
-2008
-2288
-2396
-2355
-2126
-1785
-1409
-1049
-587
-42
498
1048
1496
1892
2193
2236
1616
766
-48
-621
-1004
-1162
-1163
-1059
-823
-514
-208
46
395
781
1125
1451
1696
1979
2177
2125
1303
200
-784
-1500
-2038
-2359
-2471
-2398
-2148
-1806
-1424
-1031
-522
10
513
1007
1414
1815
2154
2258
1686
826
46
-514
-908
-1098
-1135
-1077
-877
-605
-337
-53
335
761
1187
1571
1820
2072
2229
2120
1256
139
-857
-1590
-2126
-2355
-2404
-2342
-2117
-1776
-1420
-1043
-586
-74
444
974
1436
1887
2252
2293
1669
863
58
-553
-973
-1160
-1188
-1097
-850
-532
-239
55
429
825
1168
1469
1657
1909
2071
1993
1178
140
-830
-1529
-2033
-2288
-2378
-2334
-2117
-1804
-1447
-1058
-584
-38
501
1043
1499
1929
2276
2303
1665
829
27
-538
-925
-1103
-1145
-1074
-859
-539
-249
-2
345
741
1101
1440
1687
1959
2167
2128
1317
224
-789
-1532
-2075
-2373
-2489
-2460
-2221
-1830
-1420
-1014
-508
30
562
1072
1475
1871
2218
2333
1759
894
88
-498
-929
-1147
-1191
-1138
-956
-657
-359
-48
344
789
1161
1526
1768
2020
2179
2050
1196
85
-897
-1632
-2144
-2378
-2430
-2344
-2069
-1661
-1277
-916
-496
3
520
1026
1440
1863
2227
2321
1720
880
66
-517
-942
-1164
-1246
-1176
-926
-571
-244
37
401
783
1111
1412
1610
1855
2028
1983
1201
157
-803
-1491
-1985
-2248
-2353
-2340
-2133
-1800
-1447
-1062
-555
12
561
1089
1527
1938
2280
2323
1686
827
20
-551
-957
-1137
-1160
-1101
-886
-581
-292
-40
300
702
1080
1438
1692
1989
2218
2160
1354
263
-745
-1506
-2072
-2378
-2478
-2409
-2139
-1767
-1375
-981
-490
47
570
1058
1448
1846
2192
2298
1680
791
-15
-594
-978
-1171
-1208
-1145
-923
-627
-326
-33
353
785
1183
1558
1813
2053
2206
2107
1262
157
-851
-1570
-2077
-2301
-2362
-2294
-2061
-1725
-1381
-1038
-589
-53
471
969
1382
1833
2216
2269
1663
841
56
-525
-945
-1168
-1201
-1124
-893
-579
-288
-17
369
804
1194
1516
1729
1998
2161
2092
1238
154
-818
-1538
-2052
-2326
-2430
-2396
-2179
-1840
-1483
-1094
-574
3
552
1077
1519
1931
2247
2267
1651
835
51
-552
-985
-1175
-1170
-1073
-848
-533
-223
34
389
789
1154
1475
1729
2013
2200
2138
1314
189
-841
-1585
-2125
-2409
-2492
-2461
-2217
-1837
-1405
-995
-497
65
544
1018
1431
1804
2140
2271
1708
847
59
-507
-893
-1076
-1126
-1070
-860
-572
-276
-14
371
812
1196
1527
1755
2004
2158
2071
1207
83
-898
-1597
-2096
-2319
-2386
-2318
-2122
-1806
-1453
-1087
-610
-75
455
987
1454
1920
2292
2326
1747
951
139
-502
-950
-1149
-1168
-1088
-883
-580
-254
43
395
757
1093
1423
1657
1948
2130
2047
1227
139
-847
-1559
-2107
-2398
-2493
-2446
-2221
-1858
-1456
-1062
-521
72
621
1132
1541
1949
2289
2320
1675
798
-23
-585
-939
-1110
-1132
-1026
-791
-498
-232
8
349
735
1102
1429
1675
1961
2161
2097
1254
136
-869
-1599
-2112
-2361
-2422
-2354
-2109
-1755
-1375
-978
-497
24
533
1029
1449
1825
2166
2291
1717
862
55
-515
-905
-1096
-1155
-1129
-930
-636
-342
-80
309
752
1148
1509
1764
2027
2192
2091
1237
115
-855
-1556
-2056
-2312
-2348
-2313
-2088
-1732
-1389
-1060
-564
-4
493
1004
1472
1924
2281
2288
1712
896
97
-521
-986
-1218
-1289
-1234
-997
-635
-263
49
436
836
1181
1505
1707
1919
2075
2035
1253
149
-852
-1545
-2045
-2296
-2399
-2369
-2156
-1808
-1420
-1026
-509
72
613
1117
1520
1891
2205
2240
1617
754
-39
-607
-987
-1158
-1180
-1078
-846
-541
-256
-10
342
733
1101
1435
1721
2031
2220
2143
1296
205
-789
-1536
-2075
-2337
-2419
-2372
-2129
-1752
-1376
-1012
-521
15
508
981
1399
1821
2185
2296
1715
859
57
-525
-932
-1128
-1198
-1169
-983
-655
-330
-45
354
796
1211
1573
1813
2064
2212
2118
1300
190
-821
-1556
-2094
-2353
-2413
-2325
-2119
-1776
-1431
-1067
-589
-42
466
973
1423
1875
2241
2247
1649
850
58
-523
-956
-1172
-1229
-1134
-863
-525
-212
100
488
887
1223
1523
1726
1959
2132
2067
1247
142
-844
-1544
-2030
-2285
-2388
-2385
-2204
-1871
-1490
-1111
-631
-79
470
1007
1436
1827
2165
2205
1591
787
46
-489
-881
-1060
-1088
-1012
-773
-485
-228
-4
352
772
1140
1482
1724
2020
2232
2165
1338
229
-778
-1537
-2099
-2397
-2498
-2453
-2223
-1852
-1444
-1050
-551
0
509
1000
1427
1856
2216
2304
1712
895
117
-446
-893
-1128
-1174
-1134
-942
-613
-264
28
428
856
1237
1565
1774
2022
2173
2076
1204
66
-924
-1628
-2141
-2375
-2448
-2381
-2133
-1768
-1389
-1056
-599
-29
501
997
1420
1842
2223
2346
1770
883
46
-549
-947
-1125
-1151
-1080
-815
-493
-197
79
438
815
1118
1402
1619
1887
2092
2027
1224
158
-798
-1508
-2056
-2363
-2459
-2408
-2177
-1828
-1461
-1081
-540
38
569
1053
1470
1877
2243
2291
1675
842
49
-534
-916
-1092
-1138
-1077
-856
-566
-315
-66
305
716
1085
1440
1718
2026
2225
2136
1303
191
-812
-1586
-2173
-2470
-2551
-2438
-2148
-1758
-1339
-944
-440
102
594
1072
1488
1890
2237
2295
1682
839
47
-521
-926
-1131
-1203
-1164
-956
-648
-327
-26
362
775
1144
1485
1722
1977
2122
2026
1192
93
-896
-1598
-2085
-2304
-2335
-2254
-2042
-1718
-1365
-1015
-546
16
535
1039
1481
1925
2286
2400
1785
873
10
-583
-1009
-1210
-1255
-1159
-915
-591
-296
6
384
797
1120
1427
1649
1924
2121
2074
1287
240
-739
-1448
-1992
-2294
-2411
-2387
-2194
-1855
-1457
-1034
-503
60
598
1107
1521
1903
2192
2173
1559
752
-20
-601
-1015
-1194
-1203
-1129
-895
-569
-277
-8
368
784
1154
1498
1745
2031
2223
2153
1329
192
-824
-1556
-2080
-2356
-2438
-2363
-2082
-1720
-1354
-990
-528
-1
492
985
1384
1784
2144
2243
1662
833
54
-511
-923
-1131
-1187
-1123
-899
-608
-319
-48
352
803
1174
1522
1782
2040
2189
2095
1247
166
-807
-1526
-2030
-2282
-2357
-2276
-2058
-1774
-1464
-1124
-657
-128
411
971
1442
1893
2262
2352
1764
893
51
-583
-995
-1202
-1236
-1144
-890
-568
-263
28
405
820
1220
1563
1823
2066
2236
2167
1331
206
-817
-1569
-2090
-2366
-2446
-2409
-2166
-1799
-1432
-1076
-600
-67
470
985
1416
1858
2196
2211
1602
809
7
-589
-980
-1167
-1186
-1097
-853
-521
-221
54
413
818
1186
1526
1744
1983
2148
2097
1259
141
-844
-1554
-2077
-2338
-2407
-2350
-2134
-1801
-1431
-1069
-582
-44
479
983
1427
1855
2226
2297
1707
883
94
-467
-880
-1089
-1137
-1083
-867
-566
-290
-47
335
783
1162
1487
1714
1979
2164
2090
1261
167
-820
-1550
-2095
-2378
-2483
-2444
-2218
-1877
-1472
-1059
-551
16
555
1094
1507
1911
2266
2368
1793
922
84
-529
-950
-1172
-1230
-1133
-898
-542
-239
15
368
777
1162
1518
1738
1983
2138
2071
1230
103
-893
-1589
-2099
-2384
-2481
-2421
-2159
-1758
-1361
-991
-493
40
543
1005
1399
1834
2217
2258
1673
871
84
-516
-921
-1121
-1172
-1107
-892
-602
-303
-25
355
753
1119
1449
1692
1960
2122
2043
1230
156
-812
-1531
-2046
-2306
-2394
-2352
-2135
-1800
-1418
-1028
-532
8
551
1068
1480
1885
2256
2332
1733
923
88
-540
-965
-1173
-1205
-1129
-913
-619
-320
-37
322
742
1140
1494
1738
2004
2179
2117
1284
187
-806
-1536
-2086
-2360
-2436
-2356
-2114
-1786
-1413
-1017
-506
63
580
1083
1512
1929
2265
2309
1666
822
23
-584
-983
-1174
-1230
-1145
-907
-596
-285
-2
355
737
1113
1464
1705
1964
2141
2081
1270
168
-803
-1518
-2023
-2293
-2369
-2300
-2079
-1770
-1388
-1012
-512
16
544
1031
1433
1845
2180
2267
1665
803
22
-546
-952
-1158
-1214
-1148
-925
-624
-338
-71
315
739
1111
1452
1709
1996
2189
2141
1351
251
-757
-1492
-2031
-2308
-2410
-2363
-2148
-1807
-1436
-1057
-568
-20
498
1019
1437
1839
2193
2241
1654
858
76
-533
-975
-1182
-1228
-1157
-913
-578
-270
21
395
827
1213
1531
1760
2025
2196
2122
1287
170
-838
-1551
-2071
-2358
-2455
-2398
-2143
-1776
-1413
-1032
-542
-12
508
995
1407
1820
2172
2230
1639
810
40
-523
-939
-1137
-1153
-1062
-821
-521
-233
29
396
780
1133
1477
1710
1995
2202
2131
1315
219
-778
-1515
-2035
-2276
-2377
-2347
-2133
-1812
-1470
-1116
-652
-115
426
977
1412
1839
2206
2335
1762
888
32
-578
-981
-1155
-1169
-1096
-854
-541
-242
29
398
785
1135
1482
1722
2001
2181
2101
1313
234
-777
-1519
-2062
-2355
-2472
-2408
-2177
-1848
-1485
-1105
-589
-18
499
1007
1446
1856
2191
2236
1658
873
81
-510
-916
-1113
-1141
-1070
-841
-507
-202
55
402
805
1173
1501
1726
1981
2132
2077
1262
147
-854
-1574
-2076
-2332
-2428
-2368
-2149
-1813
-1464
-1105
-624
-69
491
1029
1450
1840
2193
2294
1711
889
114
-457
-873
-1080
-1141
-1082
-865
-575
-294
-9
361
788
1144
1486
1730
1980
2172
2067
1256
165
-826
-1565
-2112
-2398
-2472
-2425
-2199
-1860
-1438
-1031
-547
4
546
1069
1477
1875
2234
2350
1804
937
101
-495
-913
-1112
-1174
-1144
-946
-613
-281
-1
352
749
1118
1464
1689
1926
2115
2059
1226
118
-884
-1623
-2145
-2386
-2441
-2357
-2101
-1707
-1329
-984
-505
19
521
1023
1438
1853
2215
2290
1720
915
135
-432
-862
-1088
-1146
-1095
-910
-620
-325
-41
334
757
1139
1451
1662
1907
2084
2037
1243
168
-830
-1543
-2034
-2276
-2352
-2281
-2082
-1778
-1459
-1134
-654
-88
493
1059
1522
1955
2299
2363
1756
894
66
-563
-975
-1195
-1243
-1154
-915
-615
-320
-59
292
695
1063
1411
1674
1938
2164
2151
1349
254
-742
-1496
-2084
-2376
-2483
-2420
-2187
-1781
-1348
-941
-447
139
660
1150
1530
1899
2207
2239
1605
758
-24
-562
-914
-1083
-1132
-1094
-888
-593
-325
-82
284
737
1124
1484
1745
2005
2183
2129
1310
200
-817
-1550
-2060
-2319
-2387
-2323
-2082
-1728
-1352
-998
-541
-23
464
943
1353
1772
2154
2320
1773
914
111
-476
-904
-1156
-1239
-1191
-991
-676
-332
-24
360
795
1167
1523
1743
1997
2167
2128
1339
255
-743
-1472
-2008
-2282
-2379
-2353
-2176
-1864
-1506
-1139
-665
-114
442
997
1451
1890
2247
2301
1683
834
26
-582
-1005
-1191
-1220
-1134
-883
-545
-233
35
406
802
1143
1455
1677
1933
2149
2148
1354
258
-743
-1489
-2047
-2353
-2444
-2425
-2201
-1817
-1417
-1029
-515
25
543
1020
1432
1816
2162
2232
1635
821
69
-513
-891
-1050
-1055
-1006
-813
-531
-272
-12
352
758
1128
1493
1745
2015
2194
2130
1315
207
-816
-1577
-2148
-2421
-2373
-2113
-1815
-1487
-1188
-889
-504
54
699
1168
1171
1305
1645
1885
1440
673
-80
-639
-1006
-1176
-1202
-1120
-909
-616
-288
24
427
882
1256
1574
1796
2025
2172
2084
1268
195
-790
-1521
-2049
-2321
-2404
-2373
-2174
-1841
-1465
-1072
-589
-38
503
1054
1501
1911
2257
2312
1729
907
92
-528
-936
-1126
-1153
-1063
-836
-528
-226
14
349
727
1080
1410
1652
1920
2103
2073
1327
248
-747
-1476
-1703
-1666
-1839
-2140
-2379
-2210
-1832
-1124
-269
443
975
1348
1635
1933
2180
2243
1678
924
209
-389
-894
-1417
-1865
-1949
-1700
-1259
-814
-423
41
545
1021
1455
1765
2046
2226
2222
1462
370
-658
-1431
-1985
-2273
-2353
-2314
-2102
-1745
-1362
-993
-512
30
525
1027
1455
1884
2280
2416
1852
1009
175
-442
-895
-1170
-1251
-1210
-997
-650
-321
-33
349
776
1143
1468
1679
1911
2077
2049
1277
192
-793
-1502
-2001
-2270
-2352
-2305
-2087
-1760
-1399
-1036
-554
-3
523
1042
1491
1905
2255
2359
1780
887
37
-581
-998
-1199
-1216
-1133
-913
-618
-327
-70
273
685
1067
1414
1659
1929
2136
2150
1408
321
-677
-1399
-1952
-2292
-2436
-2406
-2197
-1810
-1399
-1005
-538
1
519
999
1433
1824
2174
2246
1688
889
116
-466
-860
-1083
-1170
-1151
-957
-680
-400
-124
245
694
1130
1515
1776
2055
2226
2186
1374
241
-791
-1518
-2053
-2336
-2409
-2337
-2101
-1751
-1372
-1020
-568
-66
416
903
1344
1785
2161
2304
1762
924
88
-543
-964
-1178
-1254
-1199
-951
-601
-281
-4
359
781
1171
1492
1718
1966
2129
2095
1341
268
-718
-1434
-1938
-2225
-2328
-2296
-2122
-1824
-1503
-1158
-676
-92
461
966
1399
1815
2192
2309
1735
876
63
-523
-953
-1156
-1161
-1081
-864
-562
-263
-13
316
716
1099
1449
1706
1978
2184
2197
1456
366
-666
-1439
-2021
-2366
-2485
-2454
-2253
-1898
-1474
-1091
-594
-24
496
1000
1418
1818
2145
2197
1658
883
97
-466
-879
-1083
-1138
-1067
-848
-548
-278
-21
349
787
1156
1513
1761
2038
2220
2177
1380
246
-791
-1564
-2123
-2415
-2488
-2396
-2127
-1762
-1392
-1072
-631
-107
402
881
1287
1717
2095
2238
1731
965
176
-431
-873
-1087
-1139
-1075
-857
-546
-243
27
370
783
1154
1490
1715
1965
2125
2100
1331
250
-743
-1479
-1994
-2277
-2396
-2354
-2180
-1882
-1557
-1222
-738
-155
441
1011
1479
1900
2259
2379
1815
959
125
-495
-914
-1130
-1164
-1075
-849
-563
-279
-19
323
713
1075
1423
1696
1967
2155
2133
1364
283
-737
-1511
-2103
-2429
-2530
-2476
-2247
-1876
-1449
-1050
-549
52
555
1062
1458
1835
2168
2316
1802
921
81
-509
-894
-1104
-1149
-1105
-886
-583
-295
-36
319
753
1117
1456
1696
1948
2114
2068
1285
192
-821
-1541
-2077
-2340
-2410
-2343
-2128
-1795
-1433
-1039
-560
-35
447
943
1373
1821
2206
2308
1755
971
175
-437
-883
-1124
-1200
-1156
-946
-623
-312
-33
342
763
1119
1439
1665
1922
2113
2079
1319
255
-725
-1477
-2019
-2284
-2379
-2366
-2176
-1840
-1473
-1105
-608
-26
535
1073
1519
1919
2263
2345
1759
916
98
-522
-949
-1170
-1205
-1132
-912
-587
-294
-45
303
694
1058
1390
1629
1919
2133
2123
1383
312
-710
-1492
-2051
-2342
-2418
-2358
-2120
-1766
-1368
-975
-486
44
531
997
1410
1795
2134
2258
1746
911
99
-500
-908
-1120
-1184
-1149
-976
-687
-411
-125
255
715
1117
1492
1747
2021
2188
2160
1375
258
-781
-1528
-2033
-2285
-2361
-2312
-2075
-1743
-1394
-1063
-632
-115
420
968
1416
1835
2209
2301
1738
925
98
-542
-1002
-1234
-1301
-1252
-1034
-700
-349
-26
372
805
1163
1496
1720
1961
2158
2145
1396
324
-667
-1395
-1950
-2243
-2337
-2307
-2138
-1843
-1487
-1111
-628
-51
506
1028
1432
1813
2157
2257
1700
849
29
-572
-963
-1134
-1163
-1099
-868
-564
-283
-28
320
711
1082
1430
1681
1952
2174
2184
1449
368
-658
-1428
-1992
-2313
-2419
-2378
-2161
-1808
-1450
-1077
-574
-17
476
944
1351
1773
2115
2253
1736
922
106
-474
-846
-1066
-1150
-1133
-959
-654
-369
-58
316
746
1154
1531
1801
2063
2262
2230
1415
285
-753
-1525
-2073
-2376
-2461
-2411
-2157
-1799
-1424
-1069
-630
-115
385
880
1308
1736
2143
2262
1749
975
179
-442
-908
-1171
-1258
-1204
-963
-607
-262
54
431
851
1206
1528
1735
1959
2149
2123
1369
289
-707
-1440
-1977
-2274
-2394
-2396
-2203
-1891
-1547
-1170
-682
-126
416
946
1410
1835
2188
2296
1723
890
72
-521
-902
-1096
-1128
-1037
-817
-520
-242
-10
315
703
1073
1417
1670
1956
2165
2173
1431
324
-719
-1470
-2048
-2385
-2503
-2469
-2239
-1863
-1476
-1101
-613
-44
478
979
1406
1822
2188
2313
1777
966
180
-424
-809
-1069
-1133
-1094
-913
-655
-383
-94
295
737
1132
1509
1732
1970
2147
2133
1364
247
-772
-1530
-2067
-2368
-2433
-2382
-2175
-1821
-1449
-1082
-604
-72
461
961
1408
1853
2254
2413
1872
995
153
-484
-919
-1152
-1228
-1201
-976
-629
-319
-48
311
737
1098
1417
1636
1868
2038
2032
1325
283
-700
-1435
-1975
-2272
-2357
-2343
-2151
-1840
-1476
-1095
-612
-44
495
1024
1480
1890
2230
2307
1754
946
141
-463
-883
-1077
-1126
-1084
-885
-603
-321
-61
268
656
1018
1368
1636
1906
2132
2154
1425
339
-681
-1466
-2055
-2360
-2469
-2406
-2176
-1814
-1412
-1014
-524
27
537
1036
1445
1844
2206
2316
1788
979
185
-428
-890
-1150
-1210
-1162
-973
-672
-390
-102
265
703
1097
1460
1705
1968
2148
2099
1327
232
-767
-1514
-2015
-2281
-2355
-2271
-2069
-1748
-1390
-1032
-607
-106
408
956
1411
1840
2223
2421
1899
1001
94
-590
-1035
-1248
-1268
-1190
-949
-612
-315
-45
296
675
1047
1382
1612
1861
2093
2126
1420
373
-606
-1342
-1874
-2187
-2323
-2313
-2145
-1859
-1530
-1153
-652
-79
467
988
1425
1840
2214
2364
1815
918
66
-562
-968
-1159
-1185
-1124
-920
-629
-318
-47
281
686
1067
1424
1705
1975
2176
2202
1486
396
-645
-1447
-2034
-2358
-2458
-2407
-2179
-1833
-1450
-1050
-561
-8
487
979
1376
1754
2097
2217
1680
890
117
-444
-838
-1068
-1158
-1127
-934
-629
-326
-58
316
750
1131
1499
1757
1999
2173
2136
1382
269
-748
-1498
-2025
-2304
-2363
-2301
-2110
-1794
-1442
-1108
-655
-123
370
869
1307
1726
2125
2330
1846
1011
180
-463
-913
-1152
-1232
-1188
-960
-598
-256
28
390
790
1153
1475
1691
1904
2089
2083
1368
316
-665
-1408
-1953
-2275
-2409
-2426
-2248
-1932
-1576
-1187
-664
-64
502
1014
1458
1862
2204
2353
1836
992
153
-469
-895
-1122
-1160
-1087
-868
-585
-318
-60
272
674
1039
1410
1684
1954
2156
2158
1419
319
-730
-1513
-2070
-2372
-2460
-2410
-2204
-1859
-1460
-1056
-574
-51
457
953
1372
1758
2131
2278
1791
1028
230
-371
-797
-1017
-1105
-1102
-936
-651
-342
-75
276
706
1073
1465
1720
1983
2167
2154
1394
259
-768
-1514
-2065
-2338
-2422
-2386
-2161
-1825
-1460
-1104
-656
-83
438
972
1423
1856
2245
2386
1866
1029
181
-469
-938
-1173
-1227
-1167
-945
-634
-341
-54
325
752
1121
1447
1675
1903
2069
2081
1385
298
-707
-1450
-2012
-2329
-2434
-2414
-2224
-1888
-1486
-1099
-607
-42
507
1043
1471
1840
2167
2301
1778
939
128
-472
-874
-1100
-1152
-1107
-912
-628
-369
-121
230
650
1023
1369
1642
1940
2174
2209
1503
430
-604
-1411
-2005
-2335
-2428
-2385
-2181
-1838
-1447
-1041
-578
-49
454
934
1347
1737
2114
2335
1884
1052
222
-406
-855
-1107
-1194
-1194
-1020
-725
-410
-125
226
679
1092
1462
1716
1981
2185
2170
1442
358
-671
-1440
-1975
-2287
-2376
-2369
-2149
-1795
-1466
-1121
-654
-94
433
956
1416
1840
2241
2349
1819
1027
215
-467
-972
-1230
-1266
-1199
-965
-631
-284
2
346
735
1064
1370
1601
1867
2100
2120
1433
362
-646
-1400
-1957
-2265
-2390
-2399
-2213
-1883
-1501
-1129
-655
-87
449
979
1416
1821
2169
2309
1800
968
137
-466
-872
-1083
-1151
-1098
-896
-617
-335
-89
229
646
1027
1378
1646
1963
2201
2228
1519
404
-653
-1441
-2015
-2340
-2449
-2408
-2203
-1854
-1473
-1084
-601
-62
457
955
1373
1771
2125
2296
1826
1042
238
-387
-844
-1119
-1200
-1172
-1011
-713
-382
-66
272
707
1124
1486
1721
1966
2144
2151
1457
359
-665
-1437
-1976
-2280
-2366
-2339
-2159
-1856
-1524
-1166
-706
-130
408
941
1397
1824
2217
2350
1836
1054
222
-437
-895
-1147
-1215
-1172
-957
-637
-295
6
348
729
1060
1381
1621
1850
2058
2095
1452
417
-601
-1363
-1946
-2281
-2392
-2406
-2253
-1933
-1559
-1155
-651
-72
470
995
1431
1816
2171
2308
1787
973
171
-430
-840
-1063
-1126
-1098
-914
-608
-325
-78
223
614
1000
1387
1668
1940
2168
2205
1533
444
-611
-1427
-2031
-2374
-2478
-2431
-2186
-1818
-1443
-1067
-607
-81
434
941
1371
1770
2144
2334
1848
1074
260
-390
-851
-1116
-1206
-1190
-1015
-712
-395
-95
273
704
1101
1446
1699
1937
2114
2120
1445
385
-639
-1426
-1981
-2273
-2345
-2320
-2145
-1817
-1452
-1133
-700
-152
389
892
1361
1796
2205
2418
1966
1081
194
-465
-889
-1158
-1230
-1194
-970
-646
-346
-79
256
678
1053
1383
1623
1872
2094
2143
1486
397
-639
-1401
-1934
-2257
-2380
-2365
-2188
-1898
-1537
-1172
-702
-129
418
945
1409
1800
2156
2346
1878
1020
178
-434
-853
-1080
-1147
-1112
-929
-655
-400
-141
205
632
1013
1388
1668
1939
2161
2190
1556
461
-599
-1401
-1996
-2340
-2461
-2434
-2214
-1855
-1448
-1068
-607
-62
439
937
1359
1742
2111
2293
1818
1050
269
-353
-812
-1086
-1193
-1187
-1024
-737
-413
-121
272
729
1093
1441
1694
1954
2140
2145
1471
411
-605
-1373
-1937
-2258
-2367
-2356
-2167
-1850
-1494
-1138
-695
-170
349
876
1346
1798
2177
2358
1896
1063
206
-469
-898
-1129
-1189
-1139
-946
-609
-308
-33
302
701
1050
1357
1599
1877
2097
2164
1527
477
-539
-1329
-1930
-2328
-2491
-2483
-2251
-1892
-1518
-1144
-648
-83
458
961
1380
1769
2118
2302
1861
1017
169
-470
-895
-1116
-1148
-1112
-944
-669
-382
-98
224
635
1019
1400
1703
1996
2193
2196
1543
482
-585
-1395
-1978
-2329
-2458
-2442
-2237
-1890
-1488
-1124
-665
-114
397
909
1332
1718
2115
2344
1918
1082
244
-398
-835
-1100
-1184
-1173
-987
-692
-395
-102
254
699
1096
1454
1709
1935
2125
2131
1479
420
-612
-1402
-1962
-2267
-2354
-2325
-2169
-1859
-1503
-1160
-717
-170
368
916
1368
1804
2187
2348
1902
1075
252
-449
-914
-1173
-1218
-1146
-943
-609
-284
-17
333
734
1067
1386
1619
1856
2065
2131
1532
481
-534
-1328
-1921
-2285
-2437
-2436
-2287
-1969
-1564
-1157
-660
-76
471
966
1381
1764
2115
2265
1775
980
180
-438
-867
-1088
-1125
-1091
-924
-626
-342
-106
204
617
996
1370
1685
1967
2174
2206
1566
488
-566
-1378
-1967
-2299
-2396
-2373
-2195
-1862
-1478
-1108
-664
-136
363
865
1305
1703
2102
2360
1975
1137
280
-381
-832
-1110
-1221
-1234
-1062
-735
-400
-126
220
672
1081
1433
1674
1892
2090
2110
1468
415
-588
-1350
-1915
-2236
-2349
-2333
-2147
-1841
-1505
-1157
-708
-170
364
898
1377
1831
2222
2362
1903
1116
278
-413
-879
-1137
-1230
-1183
-993
-656
-338
-67
255
651
990
1364
1622
1868
2082
2147
1552
490
-559
-1344
-1933
-2279
-2413
-2415
-2237
-1906
-1495
-1110
-655
-109
418
953
1406
1796
2132
2307
1834
1010
170
-471
-899
-1153
-1210
-1138
-932
-639
-366
-135
187
628
1015
1394
1693
1939
2169
2235
1580
485
-573
-1370
-1947
-2301
-2387
-2342
-2155
-1844
-1474
-1093
-647
-119
384
874
1312
1734
2110
2334
1914
1111
300
-356
-841
-1144
-1235
-1224
-1038
-717
-388
-75
263
683
1081
1444
1701
1911
2105
2152
1545
480
-561
-1327
-1864
-2195
-2344
-2390
-2245
-1936
-1572
-1221
-767
-195
356
892
1361
1761
2140
2394
2000
1152
262
-437
-907
-1164
-1221
-1162
-938
-655
-361
-66
262
647
980
1341
1622
1877
2137
2208
1616
538
-514
-1326
-1906
-2279
-2439
-2451
-2255
-1920
-1521
-1144
-686
-134
410
923
1336
1697
2066
2276
1833
1056
230
-416
-834
-1077
-1182
-1176
-1005
-692
-387
-125
208
641
1038
1428
1705
1973
2210
2269
1637
532
-553
-1380
-1963
-2300
-2403
-2392
-2232
-1917
-1535
-1125
-652
-134
359
815
1237
1663
2095
2345
1944
1156
325
-344
-810
-1114
-1216
-1214
-1034
-674
-331
-40
296
717
1092
1413
1656
1896
2101
2129
1513
437
-594
-1378
-1909
-2229
-2346
-2337
-2165
-1877
-1540
-1186
-777
-240
315
863
1345
1781
2188
2429
2007
1139
263
-432
-895
-1172
-1214
-1182
-965
-650
-327
-40
270
685
1020
1352
1589
1842
2090
2177
1613
565
-493
-1284
-1872
-2269
-2418
-2417
-2259
-1970
-1588
-1166
-670
-99
433
947
1378
1740
2091
2253
1799
1033
278
-326
-752
-1019
-1115
-1123
-968
-685
-418
-194
102
534
963
1356
1647
1921
2169
2227
1628
551
-517
-1339
-1952
-2321
-2439
-2408
-2195
-1851
-1477
-1154
-723
-176
340
822
1260
1698
2096
2328
1950
1197
386
-282
-771
-1085
-1201
-1196
-1054
-772
-443
-125
249
686
1069
1416
1663
1882
2089
2131
1542
501
-517
-1308
-1891
-2254
-2367
-2368
-2212
-1907
-1545
-1189
-739
-190
359
910
1394
1812
2195
2416
1979
1137
272
-423
-891
-1168
-1230
-1195
-996
-678
-402
-113
208
596
971
1325
1593
1832
2106
2218
1658
604
-439
-1251
-1858
-2251
-2385
-2398
-2240
-1926
-1544
-1132
-666
-123
381
893
1374
1778
2114
2328
1938
1115
275
-417
-896
-1158
-1224
-1182
-1017
-717
-420
-162
132
546
962
1378
1675
1911
2140
2205
1634
572
-505
-1334
-1926
-2287
-2406
-2380
-2194
-1865
-1465
-1103
-684
-168
346
878
1318
1702
2108
2331
1929
1171
352
-317
-785
-1104
-1230
-1228
-1063
-757
-412
-114
227
663
1057
1403
1649
1889
2102
2150
1593
542
-496
-1297
-1860
-2202
-2322
-2350
-2210
-1904
-1547
-1189
-751
-228
309
865
1354
1765
2138
2353
1949
1137
301
-398
-872
-1148
-1203
-1164
-1003
-695
-375
-101
219
613
974
1316
1588
1845
2102
2236
1701
661
-384
-1223
-1866
-2272
-2437
-2446
-2264
-1926
-1546
-1136
-674
-135
364
863
1295
1675
2039
2287
1905
1111
294
-355
-785
-1056
-1169
-1198
-1043
-711
-401
-133
193
625
1019
1386
1665
1888
2113
2188
1637
562
-528
-1342
-1934
-2308
-2420
-2403
-2202
-1851
-1479
-1124
-719
-205
301
819
1281
1685
2079
2348
2046
1229
325
-380
-835
-1124
-1221
-1205
-1023
-724
-413
-115
229
684
1069
1417
1664
1876
2090
2151
1612
562
-502
-1308
-1872
-2225
-2366
-2372
-2212
-1922
-1577
-1238
-789
-245
306
847
1338
1756
2153
2348
1963
1194
354
-348
-834
-1097
-1178
-1160
-970
-657
-361
-105
200
612
991
1359
1624
1874
2113
2228
1704
655
-413
-1288
-1921
-2309
-2453
-2504
-2340
-1983
-1573
-1175
-703
-124
409
916
1350
1753
2117
2313
1905
1116
315
-331
-772
-1050
-1146
-1130
-989
-712
-438
-180
150
612
1034
1406
1696
1930
2142
2194
1615
500
-582
-1408
-2002
-2350
-2457
-2425
-2239
-1892
-1490
-1133
-728
-212
296
800
1263
1677
2090
2380
2083
1277
411
-297
-784
-1080
-1177
-1179
-1032
-739
-426
-126
201
639
1031
1355
1603
1826
2055
2117
1594
555
-477
-1279
-1873
-2230
-2368
-2380
-2216
-1916
-1571
-1235
-794
-221
334
876
1363
1792
2194
2413
2057
1214
324
-399
-876
-1146
-1201
-1167
-993
-703
-416
-150
147
563
953
1319
1609
1865
2128
2229
1736
675
-398
-1236
-1873
-2272
-2434
-2468
-2302
-1959
-1555
-1146
-688
-104
436
942
1351
1724
2100
2320
1947
1188
379
-320
-785
-1085
-1179
-1157
-1010
-735
-441
-181
135
553
935
1292
1603
1874
2109
2206
1677
594
-482
-1326
-1931
-2300
-2410
-2396
-2208
-1876
-1501
-1143
-720
-203
306
805
1268
1678
2084
2374
2053
1280
411
-322
-813
-1127
-1251
-1270
-1101
-774
-435
-145
185
629
1036
1378
1636
1857
2078
2163
1671
648
-400
-1210
-1804
-2178
-2316
-2373
-2256
-1983
-1622
-1254
-817
-250
321
867
1341
1742
2141
2386
2008
1185
302
-396
-878
-1180
-1255
-1201
-1013
-699
-375
-122
161
578
956
1315
1602
1867
2133
2240
1760
716
-366
-1178
-1793
-2210
-2361
-2369
-2244
-1937
-1547
-1183
-756
-204
320
822
1261
1638
1998
2284
2037
1226
357
-325
-773
-1058
-1157
-1168
-1042
-757
-443
-176
128
566
971
1371
1670
1909
2135
2232
1729
674
-408
-1259
-1884
-2302
-2441
-2416
-2265
-1958
-1599
-1257
-822
-293
245
777
1249
1670
2075
2335
2018
1264
441
-275
-791
-1123
-1229
-1212
-1032
-731
-380
-57
269
682
1066
1385
1630
1854
2081
2185
1709
667
-387
-1232
-1840
-2197
-2343
-2386
-2271
-1978
-1625
-1260
-823
-258
295
816
1280
1673
2084
2345
2005
1201
337
-356
-807
-1087
-1169
-1137
-966
-655
-329
-62
200
584
925
1263
1559
1819
2094
2238
1782
736
-359
-1231
-1862
-2280
-2418
-2461
-2314
-1995
-1575
-1188
-748
-198
311
804
1267
1648
2003
2276
2055
1290
429
-262
-722
-1040
-1140
-1164
-1042
-759
-477
-217
99
571
998
1378
1682
1924
2169
2234
1741
649
-449
-1307
-1898
-2250
-2385
-2403
-2252
-1948
-1568
-1233
-844
-320
208
723
1207
1648
2077
2381
2128
1293
420
-307
-812
-1139
-1233
-1215
-1044
-740
-411
-95
236
669
1033
1364
1621
1838
2049
2146
1683
642
-420
-1248
-1834
-2205
-2354
-2372
-2239
-1955
-1608
-1257
-806
-238
336
888
1351
1729
2098
2332
1990
1204
349
-331
-789
-1074
-1156
-1129
-981
-690
-391
-147
130
542
909
1238
1545
1838
2120
2254
1792
773
-306
-1165
-1827
-2262
-2432
-2470
-2310
-1971
-1579
-1174
-742
-188
335
842
1294
1657
2010
2270
1971
1209
397
-275
-741
-1037
-1144
-1178
-1052
-764
-472
-179
149
581
949
1310
1609
1878
2162
2264
1757
670
-432
-1286
-1881
-2271
-2414
-2385
-2178
-1856
-1489
-1141
-765
-261
241
728
1190
1611
2038
2346
2077
1250
389
-329
-827
-1146
-1242
-1226
-1059
-761
-422
-94
235
632
987
1342
1619
1842
2090
2189
1717
705
-330
-1167
-1769
-2163
-2331
-2366
-2263
-1986
-1634
-1270
-838
-277
276
818
1289
1698
2094
2325
1977
1212
390
-318
-803
-1094
-1169
-1141
-1019
-738
-426
-156
137
561
953
1298
1602
1872
2138
2260
1813
774
-299
-1170
-1833
-2279
-2445
-2454
-2301
-1981
-1608
-1229
-773
-209
325
807
1250
1663
2056
2283
1975
1204
389
-300
-752
-1061
-1167
-1158
-1023
-750
-446
-120
219
651
1049
1404
1682
1885
2091
2171
1713
685
-395
-1263
-1867
-2255
-2379
-2373
-2235
-1954
-1589
-1218
-808
-288
212
726
1197
1611
2035
2300
2011
1227
406
-299
-795
-1115
-1223
-1196
-1046
-732
-387
-92
217
645
1012
1347
1607
1830
2074
2151
1715
726
-322
-1163
-1776
-2168
-2334
-2394
-2301
-2035
-1666
-1280
-847
-299
251
804
1291
1688
2080
2320
1993
1243
415
-287
-762
-1031
-1111
-1113
-995
-723
-408
-140
174
570
942
1302
1597
1843
2104
2234
1814
757
-353
-1231
-1850
-2280
-2458
-2473
-2301
-1965
-1574
-1193
-750
-209
303
782
1212
1628
2009
2283
1983
1256
456
-235
-695
-1014
-1150
-1148
-1033
-776
-479
-182
150
607
1002
1388
1677
1906
2127
2203
1744
686
-410
-1271
-1862
-2237
-2378
-2383
-2222
-1922
-1559
-1217
-849
-352
172
724
1243
1659
2087
2380
2104
1327
455
-296
-813
-1146
-1265
-1262
-1102
-786
-439
-133
202
647
1029
1360
1612
1826
2076
2188
1745
725
-325
-1149
-1751
-2188
-2372
-2425
-2313
-2015
-1638
-1265
-815
-235
340
867
1337
1733
2118
2356
2077
1255
359
-351
-836
-1127
-1194
-1165
-1017
-749
-442
-164
124
535
919
1288
1587
1843
2093
2209
1803
776
-308
-1175
-1797
-2223
-2402
-2407
-2231
-1919
-1560
-1206
-771
-233
279
759
1185
1567
1984
2259
1982
1257
464
-227
-675
-1001
-1142
-1173
-1050
-828
-544
-250
77
536
949
1341
1666
1917
2158
2232
1815
783
-290
-1170
-1817
-2230
-2387
-2413
-2252
-1941
-1575
-1242
-829
-304
221
737
1211
1622
2046
2373
2119
1335
458
-305
-838
-1182
-1319
-1343
-1185
-847
-483
-165
156
584
982
1336
1632
1852
2113
2220
1779
752
-305
-1139
-1734
-2149
-2327
-2377
-2248
-1964
-1606
-1255
-827
-273
262
799
1275
1676
2051
2298
2013
1246
407
-304
-777
-1083
-1147
-1085
-928
-668
-391
-129
144
532
908
1299
1615
1853
2126
2258
1864
834
-266
-1151
-1794
-2231
-2416
-2433
-2286
-1984
-1582
-1202
-809
-298
222
736
1197
1574
1975
2295
2115
1363
516
-194
-691
-1025
-1167
-1192
-1066
-803
-502
-223
94
542
958
1370
1653
1880
2139
2216
1782
758
-323
-1176
-1804
-2247
-2415
-2429
-2283
-2009
-1657
-1300
-867
-311
229
747
1229
1630
2057
2332
2042
1291
475
-252
-754
-1096
-1224
-1222
-1077
-758
-429
-135
157
559
947
1296
1569
1769
2008
2134
1742
731
-328
-1177
-1785
-2193
-2363
-2414
-2298
-2005
-1638
-1262
-832
-262
298
823
1299
1694
2078
2331
2062
1310
479
-225
-705
-1023
-1140
-1134
-1005
-728
-440
-161
120
515
870
1248
1593
1860
2149
2271
1864
843
-262
-1148
-1809
-2276
-2455
-2493
-2336
-2011
-1627
-1238
-795
-269
249
770
1223
1608
2026
2341
2168
1417
547
-196
-703
-1069
-1200
-1218
-1095
-852
-533
-217
133
572
963
1341
1635
1815
2072
2161
1737
700
-353
-1201
-1782
-2188
-2317
-2328
-2172
-1898
-1561
-1224
-825
-321
209
743
1230
1628
2038
2339
2163
1376
467
-325
-857
-1180
-1266
-1208
-1038
-765
-456
-155
152
538
880
1211
1497
1746
2025
2166
1806
817
-248
-1097
-1694
-2107
-2299
-2346
-2240
-1961
-1614
-1265
-842
-290
279
821
1303
1675
2041
2310
2067
1326
466
-258
-760
-1097
-1211
-1201
-1060
-780
-511
-255
32
458
862
1237
1590
1884
2169
2287
1912
915
-198
-1116
-1794
-2272
-2437
-2435
-2292
-1996
-1606
-1212
-780
-257
246
747
1210
1586
1971
2246
2032
1324
507
-207
-707
-1061
-1183
-1205
-1104
-824
-494
-187
122
567
984
1384
1690
1896
2114
2200
1788
770
-306
-1180
-1796
-2179
-2302
-2313
-2199
-1915
-1589
-1265
-892
-373
148
676
1165
1576
1994
2328
2159
1378
487
-250
-753
-1093
-1220
-1232
-1093
-768
-411
-106
201
589
941
1281
1552
1750
2006
2140
1805
850
-198
-1075
-1727
-2165
-2365
-2435
-2353
-2074
-1702
-1310
-870
-302
269
814
1289
1676
2063
2311
2029
1268
450
-262
-740
-1038
-1133
-1132
-1006
-728
-439
-178
120
526
920
1293
1598
1856
2144
2262
1885
840
-284
-1209
-1854
-2294
-2461
-2466
-2308
-1983
-1586
-1215
-801
-293
223
730
1189
1561
1966
2267
2068
1344
510
-204
-687
-1026
-1151
-1178
-1062
-805
-490
-170
151
577
974
1322
1617
1829
2065
2201
1831
808
-276
-1168
-1766
-2171
-2325
-2370
-2253
-1981
-1624
-1287
-902
-391
169
712
1203
1629
2070
2368
2136
1379
529
-191
-712
-1091
-1231
-1227
-1084
-788
-467
-185
122
555
932
1277
1561
1791
2061
2186
1821
819
-249
-1130
-1786
-2238
-2425
-2453
-2344
-2072
-1684
-1273
-819
-264
277
807
1282
1682
2053
2322
2151
1349
466
-261
-746
-1065
-1170
-1161
-1020
-748
-456
-201
85
499
896
1271
1583
1832
2106
2222
1872
850
-258
-1167
-1797
-2227
-2396
-2397
-2261
-1971
-1595
-1231
-807
-310
193
681
1146
1564
1989
2271
2056
1369
609
-86
-604
-989
-1136
-1174
-1092
-849
-551
-249
75
508
917
1271
1583
1818
2082
2202
1854
851
-211
-1091
-1737
-2184
-2356
-2400
-2327
-2025
-1665
-1302
-907
-379
182
745
1243
1694
2103
2404
2184
1439
570
-201
-757
-1150
-1277
-1249
-1096
-784
-442
-144
152
548
887
1204
1494
1732
2021
2182
1875
884
-206
-1088
-1742
-2216
-2442
-2491
-2358
-2042
-1630
-1237
-814
-263
280
786
1261
1646
2003
2267
2073
1346
502
-224
-697
-1007
-1109
-1113
-996
-755
-474
-207
55
457
842
1221
1553
1800
2089
2223
1906
917
-193
-1106
-1766
-2208
-2388
-2429
-2280
-1981
-1598
-1235
-836
-318
199
695
1167
1571
1977
2316
2231
1501
630
-135
-672
-1062
-1220
-1239
-1139
-887
-577
-255
74
523
942
1321
1653
1859
2090
2188
1851
870
-192
-1078
-1735
-2180
-2357
-2396
-2300
-2045
-1672
-1322
-915
-377
159
711
1246
1690
2094
2372
2166
1421
560
-212
-726
-1095
-1221
-1236
-1097
-785
-421
-114
163
550
923
1243
1525
1718
1969
2114
1850
934
-131
-1038
-1693
-2156
-2380
-2454
-2367
-2089
-1715
-1328
-885
-329
201
707
1193
1592
2003
2297
2105
1395
565
-156
-651
-980
-1088
-1106
-991
-751
-490
-236
16
420
818
1205
1553
1814
2090
2237
1954
983
-135
-1080
-1764
-2229
-2419
-2471
-2333
-2034
-1645
-1261
-859
-348
182
681
1151
1568
1997
2312
2164
