0
-25
-67
-123
-210
-288
-343
-347
-423
-461
-467
-458
-440
-419
-440
-434
-424
-395
-450
-482
-505
-525
-537
-547
-592
-580
-553
-499
-554
-567
-583
-596
-602
-619
-648
-654
-629
-602
-646
-668
-674
-692
-715
-758
-822
-845
-847
-859
-909
-916
-920
-908
-885
-889
-890
-857
-794
-802
-835
-848
-859
-864
-861
-879
-874
-848
-783
-812
-812
-795
-779
-758
-735
-746
-733
-714
-672
-709
-717
-717
-720
-719
-719
-754
-733
-697
-636
-667
-653
-636
-618
-597
-589
-594
-568
-523
-485
-517
-510
-513
-526
-540
-575
-608
-599
-548
-523
-530
-496
-468
-445
-426
-446
-451
-430
-369
-355
-353
-322
-289
-259
-236
-253
-256
-246
-187
-227
-223
-197
-170
-141
-118
-131
-126
-118
-89
-151
-188
-224
-268
-312
-360
-442
-467
-476
-468
-545
-588
-634
-681
-722
-770
-822
-836
-828
-829
-895
-915
-936
-961
-958
-994
-1046
-1052
-1010
-998
-1013
-984
-945
-925
-887
-875
-848
-811
-733
-705
-686
-657
-623
-594
-557
-566
-551
-525
-446
-476
-471
-454
-432
-410
-388
-388
-366
-340
-297
-355
-382
-403
-423
-434
-444
-478
-450
-395
-326
-332
-310
-293
-280
-270
-284
-320
-330
-323
-328
-395
-417
-442
-467
-482
-512
-532
-513
-453
-431
-435
-406
-385
-371
-360
-388
-410
-417
-397
-426
-471
-486
-496
-499
-500
-544
-559
-564
-521
-587
-615
-626
-632
-626
-610
-608
-568
-510
-421
-441
-425
-414
-409
-402
-402
-430
-411
-372
-325
-343
-331
-321
-314
-305
-317
-346
-341
-310
-289
-328
-321
-317
-313
-308
-332
-358
-353
-310
-301
-306
-283
-258
-229
-191
-193
-191
-164
-131
-148
-162
-150
-144
-126
-101
-114
-88
-65
-16
-72
-110
-145
-179
-209
-232
-275
-283
-269
-225
-294
-320
-345
-378
-404
-435
-480
-475
-443
-401
-411
-384
-356
-332
-309
-308
-323
-307
-271
-257
-302
-303
-301
-293
-284
-310
-343
-352
-330
-365
-421
-440
-452
-456
-453
-471
-474
-454
-404
-407
-424
-423
-424
-419
-412
-451
-447
-430
-369
-405
-406
-394
-380
-362
-350
-373
-363
-340
-275
-317
-299
-284
-279
-277
-284
-304
-278
-222
-160
-156
-123
-95
-72
-48
-46
-59
-35
19
56
39
60
76
87
98
78
62
77
133
128
97
85
58
19
-31
-96
-162
-208
-247
-312
-375
-411
-426
-445
-451
-505
-488
-458
-382
-397
-381
-351
-321
-299
-269
-270
-238
-193
-114
-157
-147
-145
-151
-157
-171
-204
-200
-172
-138
-157
-133
-103
-74
-51
-58
-87
-87
-62
-59
-101
-95
-88
-78
-62
-76
-84
-68
-15
-24
-46
-35
-18
6
39
56
80
121
191
192
193
209
217
216
204
142
119
108
128
60
12
-27
-64
-93
-121
-176
-170
-132
-40
-49
5
60
108
147
164
153
162
180
187
124
97
67
35
7
-39
-88
-93
-64
-57
-95
-90
-86
-84
-86
-128
-166
-183
-163
-204
-257
-278
-295
-305
-307
-323
-320
-289
-210
-197
-168
-97
-34
3
52
68
122
186
270
273
264
263
246
223
177
97
67
63
84
15
5
11
13
17
5
-22
-25
-13
-5
-54
-60
-62
-50
-25
-15
-9
36
113
162
163
205
246
287
324
313
300
298
322
276
206
157
101
44
-5
-63
-95
-101
-61
-107
-126
-123
-117
-109
-100
-125
-111
-76
-4
-2
21
44
58
70
72
27
33
57
119
90
113
139
161
180
181
163
172
202
232
204
230
263
305
357
388
411
460
530
554
525
520
494
453
402
309
223
154
114
12
-105
-189
-263
-320
-357
-404
-415
-393
-312
-321
-295
-250
-205
-158
-115
-111
-74
-18
42
22
29
46
54
60
66
13
4
29
79
29
35
54
82
118
134
129
160
205
239
213
236
270
312
358
385
398
433
485
491
446
435
421
412
413
372
335
308
307
247
167
112
58
9
-32
-94
-122
-124
-68
-110
-110
-87
-60
-32
-9
-22
-10
14
70
47
61
78
87
91
82
29
26
39
70
27
28
36
51
73
83
79
107
157
196
172
194
214
231
247
233
214
222
262
261
229
234
235
238
243
216
209
230
290
307
304
318
322
322
320
281
275
288
359
323
327
349
371
395
412
399
410
428
472
419
403
385
387
380
381
329
349
388
433
425
429
424
403
397
362
313
299
308
307
239
203
172
147
117
63
10
-1
34
28
-3
4
14
26
54
58
84
137
221
258
270
297
311
318
315
264
250
250
301
247
234
236
238
240
236
203
196
202
244
187
182
185
192
206
217
201
227
269
315
297
309
324
344
378
402
416
465
531
572
542
547
546
546
555
543
538
569
642
668
674
718
758
789
809
792
782
794
832
820
785
760
719
670
617
513
447
393
393
303
260
241
229
223
218
187
190
207
264
217
231
257
291
334
370
378
413
456
504
489
473
472
479
491
492
477
507
547
585
560
581
597
630
676
707
733
798
902
948
964
1007
1041
1072
1102
1104
1117
1156
1225
1244
1255
1279
1290
1293
1296
1256
1264
1281
1336
1290
1271
1259
1241
1217
1178
1099
1050
1011
1013
906
862
824
787
748
693
613
563
532
505
426
388
358
334
321
291
250
244
263
261
202
183
159
135
117
75
47
55
111
113
100
119
137
159
184
189
203
240
311
322
327
345
350
349
342
282
262
257
296
258
258
278
304
334
358
345
370
402
471
426
438
446
446
446
440
425
448
498
550
541
564
580
586
599
608
581
594
640
655
600
560
504
421
320
201
100
23
0
-69
-137
-157
-172
-184
-190
-223
-256
-272
-252
-292
-316
-318
-310
-298
-285
-315
-303
-283
-233
-266
-274
-265
-252
-231
-208
-217
-176
-121
-27
-45
-4
43
91
140
173
186
218
257
280
229
211
184
153
128
91
57
72
128
162
148
170
178
174
164
119
86
81
120
105
81
91
101
114
130
124
125
141
194
163
147
146
142
137
127
71
44
27
39
-22
-56
-76
-90
-91
-90
-125
-104
-70
-6
-52
-47
-40
-32
-17
-10
-7
31
92
145
127
143
152
154
157
139
119
141
202
231
241
262
282
277
288
267
257
290
354
356
341
368
377
382
393
383
396
425
488
461
460
457
445
426
401
334
295
270
282
228
207
202
196
194
186
140
160
200
263
226
235
249
268
294
306
304
333
386
438
430
474
522
574
632
669
705
780
892
971
1013
1095
1172
1250
1335
1390
1462
1559
1689
1763
1825
1920
2017
2116
2220
2299
2401
2525
2696
2762
2858
2969
3081
3196
3318
3417
3553
3710
3900
4013
4153
4294
4428
4561
4684
4758
4870
4973
5067
5042
5023
4966
4871
4744
4575
4372
4188
4009
3794
3474
3153
2789
2394
1982
1539
1096
700
355
-7
-384
-696
-982
-1239
-1472
-1715
-1921
-2074
-2195
-2329
-2447
-2522
-2572
-2607
-2623
-2671
-2669
-2651
-2571
-2592
-2557
-2489
-2400
-2306
-2193
-2094
-1975
-1855
-1719
-1683
-1619
-1555
-1495
-1424
-1348
-1301
-1199
-1077
-945
-897
-829
-769
-725
-685
-672
-679
-662
-629
-609
-659
-670
-690
-717
-745
-802
-860
-879
-851
-850
-860
-813
-754
-685
-610
-568
-516
-446
-352
-311
-294
-256
-217
-169
-116
-98
-46
21
134
131
160
196
229
265
299
304
329
356
403
344
320
295
268
251
233
187
192
219
257
231
247
270
298
336
361
374
423
496
560
566
621
680
747
825
881
933
1005
1091
1108
1081
1082
1083
1095
1125
1136
1161
1197
1240
1216
1149
1083
1010
898
772
613
495
397
356
222
131
52
-1
-33
-66
-113
-111
-87
-16
-52
-30
-3
17
33
36
4
12
38
68
44
52
58
62
70
52
16
18
48
70
36
52
72
98
132
138
142
169
223
218
187
194
206
224
251
252
266
305
375
400
408
437
464
498
538
537
581
640
746
751
787
831
872
910
938
933
957
991
1062
1022
1038
1057
1067
1071
1053
1000
970
951
927
837
773
703
627
554
466
370
319
302
276
206
192
188
192
202
184
170
185
240
243
232
257
282
309
340
347
359
386
436
431
415
414
409
405
404
361
359
402
459
428
412
422
440
459
490
486
510
556
666
659
713
782
851
928
981
1006
1057
1135
1204
1216
1263
1311
1356
1398
1410
1398
1405
1425
1412
1337
1295
1246
1190
1134
1045
958
899
883
808
721
668
622
587
568
541
529
544
592
580
568
570
564
556
549
501
505
528
593
581
596
621
644
671
696
690
733
793
898
890
939
984
1019
1047
1056
1046
1063
1102
1145
1136
1175
1225
1280
1339
1375
1394
1441
1512
1552
1537
1558
1573
1588
1606
1594
1589
1606
1657
1640
1609
1609
1614
1625
1644
1639
1640
1657
1704
1674
1653
1649
1645
1651
1668
1654
1686
1733
1809
1797
1791
1777
1753
1718
1672
1561
1507
1483
1501
1429
1427
1434
1438
1460
1462
1444
1443
1455
1462
1414
1406
1414
1450
1494
1518
1533
1580
1652
1688
1669
1689
1705
1722
1742
1739
1752
1793
1873
1895
1899
1927
1946
1964
1983
1982
1996
2031
2107
2097
2102
2116
2118
2109
2088
2018
1978
1954
1967
1915
1894
1888
1887
1899
1918
1908
1957
2017
2100
2074
2094
2112
2122
2128
2117
2090
2090
2110
2128
2083
2079
2065
2040
2007
1943
1866
1818
1797
1740
1638
1573
1503
1434
1370
1283
1221
1188
1189
1126
1042
985
928
875
827
760
722
716
765
725
717
726
732
738
739
705
703
719
770
751
765
784
792
790
770
700
680
671
694
648
638
627
644
664
667
652
658
677
671
609
589
558
520
491
439
388
367
390
380
334
326
320
322
336
318
316
341
404
408
398
412
417
416
417
387
382
393
457
422
420
422
408
378
332
243
175
121
105
21
-17
-39
-58
-72
-91
-150
-158
-152
-128
-184
-193
-189
-175
-152
-145
-155
-137
-104
-87
-139
-146
-153
-158
-158
-181
-209
-202
-159
-148
-170
-157
-154
-160
-168
-208
-224
-207
-147
-126
-119
-88
-62
-39
-16
-26
-5
33
117
80
66
53
27
-5
-47
-121
-170
-204
-198
-268
-283
-276
-259
-231
-205
-212
-167
-102
-22
-8
49
115
187
258
335
363
405
449
473
415
373
320
251
160
52
-39
-96
-120
-175
-258
-296
-343
-380
-413
-457
-486
-485
-451
-462
-493
-504
-520
-535
-559
-624
-649
-657
-610
-667
-683
-680
-671
-661
-652
-670
-662
-642
-588
-625
-605
-569
-523
-465
-410
-388
-325
-251
-175
-166
-128
-94
-64
-34
-22
-25
3
45
58
-2
-25
-55
-88
-117
-170
-220
-236
-215
-240
-288
-297
-307
-312
-308
-328
-326
-292
-223
-196
-186
-161
-146
-139
-140
-194
-216
-228
-193
-258
-283
-290
-289
-277
-263
-277
-265
-248
-200
-261
-265
-262
-258
-251
-251
-277
-264
-232
-196
-222
-215
-205
-192
-172
-167
-176
-151
-105
-86
-130
-146
-174
-220
-262
-316
-366
-372
-328
-343
-377
-359
-349
-345
-339
-362
-372
-355
-317
-327
-331
-317
-306
-293
-287
-334
-348
-360
-329
-399
-432
-446
-441
-419
-389
-384
-335
-273
-175
-200
-173
-146
-119
-87
-60
-53
-12
44
97
91
117
133
135
124
81
14
-21
-27
-44
-111
-134
-162
-195
-229
-294
-354
-384
-375
-419
-474
-490
-502
-507
-503
-513
-506
-469
-393
-368
-349
-315
-289
-265
-246
-281
-285
-291
-269
-342
-383
-401
-404
-389
-366
-368
-328
-280
-201
-244
-232
-216
-196
-169
-153
-154
-129
-88
-52
-81
-78
-82
-94
-109
-149
-201
-215
-197
-196
-244
-247
-252
-259
-267
-315
-350
-349
-313
-349
-370
-356
-336
-303
-279
-274
-277
-245
-183
-187
-190
-173
-160
-143
-137
-163
-148
-125
-74
-115
-141
-167
-203
-239
-276
-340
-356
-347
-294
-355
-362
-367
-375
-379
-396
-425
-420
-392
-363
-395
-390
-388
-391
-392
-414
-445
-438
-399
-382
-411
-395
-381
-369
-354
-371
-379
-360
-299
-296
-302
-276
-248
-221
-194
-194
-191
-178
-135
-176
-201
-202
-201
-194
-187
-222
-223
-214
-177
-219
-236
-238
-232
-213
-190
-202
-163
-116
-45
-95
-101
-110
-121
-132
-152
-180
-171
-133
-91
-111
-90
-74
-66
-62
-85
-119
-117
-78
-58
-70
-33
2
27
35
-10
-58
-93
-95
-159
-227
-259
-251
-247
-249
-270
-277
-267
-218
-251
-256
-266
-263
-248
-236
-275
-274
-268
-230
-282
-301
-320
-331
-346
-364
-421
-418
-400
-353
-408
-409
-411
-414
-412
-427
-456
-454
-429
-397
-419
-396
-374
-350
-320
-311
-307
-265
-185
-136
-128
-80
-32
16
62
59
52
51
75
35
-24
-58
-91
-117
-138
-181
-198
-194
-141
-189
-206
-208
-211
-214
-219
-258
-264
-255
-217
-253
-260
-259
-263
-264
-271
-317
-305
-278
-224
-257
-246
-235
-226
-214
-217
-229
-203
-150
-100
-116
-92
-81
-86
-105
-165
-243
-297
-318
-368
-445
-470
-480
-472
-447
-450
-436
-399
-330
-317
-325
-312
-307
-302
-296
-323
-331
-321
-267
-333
-364
-374
-372
-368
-360
-372
-373
-366
-311
-342
-347
-341
-333
-318
-303
-334
-315
-259
-183
-185
-146
-107
-72
-43
-45
-70
-77
-62
-54
-97
-92
-85
-82
-76
-94
-121
-126
-105
-129
-189
-208
-222
-230
-231
-263
-279
-272
-234
-249
-290
-311
-339
-366
-390
-446
-465
-466
-413
-466
-477
-472
-462
-440
-410
-393
-340
-269
-164
-153
-108
-69
-41
-23
-23
-66
-66
-52
-33
-88
-113
-135
-157
-173
-204
-248
-257
-240
-231
-278
-270
-256
-237
-216
-226
-248
-248
-217
-231
-271
-272
-273
-271
-264
-285
-291
-279
-244
-260
-299
-318
-338
-349
-350
-382
-368
-336
-253
-277
-263
-240
-230
-210
-201
-222
-237
-217
-163
-209
-193
-186
-176
-177
-171
-203
-189
-152
-95
-88
-45
-19
8
27
12
-25
-33
-21
-25
-88
-100
-106
-103
-103
-130
-164
-172
-148
-175
-224
-234
-239
-232
-213
-216
-207
-182
-137
-145
-175
-189
-208
-227
-245
-302
-310
-292
-216
-240
-233
-218
-207
-196
-187
-202
-177
-132
-48
-73
-46
-21
-2
13
11
-27
-40
-42
-45
-102
-119
-127
-128
-116
-116
-126
-106
-67
-55
-107
-118
-128
-132
-130
-156
-181
-179
-140
-157
-194
-201
-210
-217
-216
-233
-237
-215
-161
-158
-171
-172
-179
-185
-185
-227
-218
-190
-114
-131
-118
-94
-74
-54
-39
-57
-38
-5
62
31
46
36
34
33
15
-30
-51
-48
-67
-126
-140
-144
-149
-126
-110
-89
-41
45
101
101
123
131
130
125
87
53
54
104
97
73
85
93
98
101
80
64
68
94
60
21
-1
-29
-56
-81
-150
-171
-171
-123
-155
-159
-157
-162
-169
-182
-228
-225
-201
-130
-172
-154
-135
-119
-107
-114
-144
-150
-141
-137
-191
-202
-203
-197
-179
-178
-185
-158
-107
-90
-126
-121
-112
-97
-71
-67
-48
-3
74
76
49
41
20
-3
-24
-63
-90
-89
-47
-65
-72
-61
-55
-53
-56
-106
-114
-104
-54
-76
-68
-41
-6
36
73
66
100
137
200
143
139
134
128
120
106
84
70
75
81
40
48
66
102
131
136
151
201
265
299
283
302
316
324
328
311
298
302
342
313
269
249
220
192
157
98
52
36
61
8
-31
-53
-75
-98
-125
-191
-220
-237
-220
-273
-292
-291
-282
-267
-255
-283
-257
-216
-141
-170
-139
-98
-48
11
59
93
151
224
287
280
310
329
334
330
297
251
236
248
228
168
151
133
114
94
37
-10
-33
-16
-56
-107
-128
-151
-173
-193
-234
-254
-248
-192
-224
-225
-211
-203
-199
-200
-240
-250
-248
-215
-252
-255
-243
-225
-201
-184
-212
-192
-162
-105
-141
-124
-98
-63
-25
-2
2
28
67
96
51
66
66
83
90
109
129
182
277
314
304
318
345
361
375
348
335
348
395
375
349
352
338
318
287
228
192
173
204
136
102
81
62
43
23
-30
-52
-59
-37
-94
-116
-125
-126
-116
-106
-136
-117
-90
-49
-97
-107
-115
-122
-124
-139
-165
-159
-132
-112
-159
-161
-159
-151
-131
-129
-126
-86
-10
29
34
73
104
129
151
131
122
134
182
180
161
166
168
172
177
149
145
157
224
190
202
235
271
312
349
353
383
424
493
475
494
523
558
600
633
620
645
671
692
616
561
499
442
398
351
298
284
296
303
246
233
217
193
163
98
23
-10
-13
-86
-172
-207
-236
-252
-263
-297
-330
-314
-262
-246
-256
-232
-208
-178
-166
-182
-167
-136
-57
-86
-74
-41
-6
31
63
65
81
97
142
86
71
61
54
56
61
33
54
90
129
96
93
91
90
95
87
69
91
144
191
183
223
260
290
316
309
296
312
361
363
338
345
342
331
313
252
197
157
149
105
57
48
48
51
50
-3
-29
-49
-24
-109
-157
-189
-214
-228
-236
-265
-263
-254
-216
-283
-296
-301
-301
-291
-284
-299
-269
-219
-165
-176
-158
-142
-125
-103
-94
-92
-49
18
63
44
62
74
83
92
76
64
87
150
162
153
173
192
220
220
189
175
192
245
259
276
305
322
359
404
390
418
459
541
519
524
536
555
580
607
609
639
675
730
647
598
523
426
323
212
84
4
-50
-95
-188
-247
-304
-359
-408
-472
-543
-569
-558
-557
-604
-602
-597
-589
-577
-592
-601
-575
-507
-490
-485
-440
-392
-340
-287
-262
-232
-184
-108
-86
-74
-43
-15
14
45
29
52
81
145
109
95
91
93
105
120
106
130
164
231
173
168
163
161
166
168
157
186
245
315
332
386
438
484
526
538
527
547
588
598
537
503
458
405
353
271
198
156
158
105
43
21
5
-7
-23
-67
-108
-139
-115
-178
-228
-273
-290
-296
-305
-343
-351
-349
-312
-341
-357
-367
-372
-367
-353
-373
-351
-309
-220
-263
-252
-247
-248
-251
-267
-295
-289
-260
-231
-259
-247
-232
-217
-197
-193
-196
-160
-87
-31
-20
31
76
114
149
148
154
188
264
280
284
318
352
387
421
428
442
472
535
516
492
470
433
390
345
257
213
189
200
132
86
50
9
-35
-92
-195
-253
-296
-298
-405
-447
-479
-505
-521
-543
-568
-552
-503
-444
-442
-401
-367
-341
-315
-311
-311
-272
-196
-140
-122
-53
18
90
163
198
238
296
383
400
397
419
437
456
478
483
503
545
629
631
654
698
739
787
842
866
895
947
1037
1042
1071
1096
1115
1126
1148
1123
1154
1189
1257
1217
1221
1198
1161
1117
1052
969
918
893
876
804
782
764
743
721
669
609
583
590
569
518
516
527
541
557
537
528
540
589
582
566
580
599
623
650
657
680
718
795
771
771
779
781
775
764
718
707
714
756
724
718
709
689
665
630
554
534
534
566
511
503
492
474
453
413
358
334
335
335
275
264
257
254
255
232
201
198
223
211
162
156
157
166
180
159
150
159
197
177
138
124
110
99
92
63
66
97
187
174
193
222
246
269
286
266
268
277
302
243
228
187
135
98
58
-21
-45
-45
-27
-100
-116
-125
-149
-170
-206
-261
-283
-290
-301
-372
-394
-413
-423
-421
-436
-456
-445
-394
-382
-406
-388
-368
-346
-318
-326
-322
-294
-241
-249
-286
-307
-330
-346
-354
-387
-385
-361
-283
-307
-289
-257
-233
-216
-205
-224
-216
-192
-135
-165
-155
-146
-145
-148
-156
-202
-201
-186
-158
-201
-206
-211
-218
-226
-252
-296
-310
-300
-299
-354
-356
-350
-338
-318
-324
-332
-312
-260
-252
-274
-257
-240
-222
-201
-215
-224
-222
-199
-224
-265
-278
-291
-302
-309
-354
-365
-366
-319
-385
-416
-435
-455
-472
-491
-534
-545
-536
-488
-531
-524
-508
-493
-477
-480
-493
-494
-468
-443
-459
-432
-409
-377
-354
-365
-389
-361
-316
-290
-325
-319
-308
-307
-307
-330
-335
-316
-261
-257
-281
-269
-257
-239
-207
-199
-177
-135
-77
-82
-123
-159
-210
-271
-342
-457
-527
-573
-555
-627
-653
-657
-653
-639
-622
-626
-592
-541
-450
-461
-417
-371
-326
-280
-246
-241
-199
-139
-78
-75
-35
12
66
131
189
242
335
454
559
603
691
780
867
955
1011
1061
1133
1237
1282
1307
1367
1430
1502
1587
1656
1745
1864
2015
2123
2217
2328
2434
2538
2644
2711
2834
2983
3193
3317
3481
3660
3839
4022
4205
4361
4554
4759
4995
5106
5258
5394
5498
5569
5592
5552
5504
5431
5322
5123
4945
4748
4529
4252
3921
3545
3162
2782
2359
1870
1419
991
570
173
-232
-599
-902
-1132
-1407
-1670
-1866
-2045
-2203
-2336
-2470
-2569
-2621
-2619
-2648
-2666
-2652
-2638
-2611
-2580
-2590
-2553
-2490
-2378
-2343
-2279
-2203
-2132
-2063
-2008
-1994
-1946
-1892
-1800
-1824
-1781
-1729
-1672
-1607
-1549
-1510
-1443
-1361
-1283
-1270
-1226
-1185
-1143
-1099
-1076
-1069
-1028
-960
-915
-921
-884
-848
-808
-761
-737
-699
-628
-514
-464
-431
-372
-319
-271
-223
-196
-156
-93
4
35
63
98
114
117
106
36
-7
-46
-53
-137
-186
-215
-235
-246
-257
-301
-298
-282
-228
-287
-279
-259
-230
-193
-166
-156
-120
-70
-28
-52
-38
-28
-22
-13
-23
-43
-17
56
81
44
58
58
52
48
8
-16
-20
33
27
-4
-9
-14
-19
-18
-46
-56
-44
8
-14
-19
-4
11
27
38
10
23
45
108
104
132
175
219
264
302
291
324
367
443
407
420
427
427
427
411
379
374
386
391
327
303
277
253
238
210
182
195
239
250
209
203
190
174
160
115
89
93
141
129
101
97
88
79
71
43
37
61
137
134
159
204
246
289
328
323
343
370
422
397
396
405
416
432
442
407
425
455
512
467
468
468
468
475
473
463
489
539
585
559
571
578
585
599
593
583
609
666
685
656
657
637
631
592
511
438
404
416
369
325
308
272
245
232
186
155
152
199
164
157
175
193
228
250
239
256
283
333
304
305
321
335
356
377
359
392
437
502
478
499
516
532
550
556
549
573
618
659
638
665
693
723
758
772
784
835
921
972
980
1017
1036
1043
1041
997
966
956
982
958
917
903
892
887
887
856
850
859
918
873
867
883
901
922
943
941
973
1019
1092
1077
1089
1101
1107
1114
1112
1069
1077
1102
1142
1102
1099
1100
1106
1126
1143
1157
1208
1279
1333
1311
1324
1328
1327
1324
1295
1262
1266
1309
1320
1303
1326
1349
1368
1384
1359
1346
1354
1405
1410
1402
1406
1414
1436
1452
1436
1449
1464
1528
1502
1513
1538
1565
1598
1635
1650
1682
1723
1805
1784
1796
1810
1819
1832
1842
1818
1848
1892
1945
1919
1925
1925
1917
1903
1873
1829
1823
1843
1858
1814
1818
1820
1821
1824
1802
1779
1789
1836
1840
1816
1826
1835
1847
1862
1846
1837
1846
1882
1876
1854
1860
1868
1881
1898
1878
1896
1926
2003
1967
1961
1966
1971
1983
1994
1977
1984
2001
2050
1996
1988
1988
1993
2014
2045
2065
2143
2243
2343
2362
2384
2378
2344
2293
2211
2104
2024
1967
1901
1784
1718
1655
1594
1539
1456
1373
1317
1295
1222
1124
1060
993
923
849
743
648
575
535
458
374
321
275
236
214
162
141
115
154
83
43
22
-2
-10
-25
-41
-18
22
98
72
96
119
119
125
121
92
105
138
178
160
173
182
186
190
166
127
126
151
156
103
90
77
59
40
-9
-57
-74
-50
-77
-118
-116
-108
-93
-73
-76
-72
-48
4
11
12
38
64
91
115
92
107
129
185
138
111
85
47
5
-39
-107
-130
-128
-82
-153
-172
-198
-233
-274
-330
-412
-460
-485
-504
-573
-602
-625
-644
-656
-689
-738
-749
-727
-721
-763
-756
-743
-727
-704
-712
-716
-693
-633
-631
-644
-623
-603
-584
-568
-577
-582
-569
-529
-551
-581
-591
-597
-596
-592
-634
-632
-616
-560
-599
-590
-597
-624
-645
-661
-704
-703
-679
-606
-670
-660
-632
-601
-574
-546
-535
-482
-421
-349
-336
-271
-216
-169
-127
-115
-124
-110
-75
-61
-104
-106
-105
-108
-117
-165
-213
-236
-219
-274
-352
-406
-465
-520
-567
-630
-680
-706
-696
-752
-802
-832
-864
-887
-899
-941
-932
-906
-847
-873
-884
-893
-910
-928
-951
-1006
-1003
-978
-915
-971
-982
-999
-1018
-1032
-1052
-1075
-1060
-1015
-964
-969
-933
-904
-879
-855
-854
-862
-834
-774
-738
-747
-718
-697
-681
-665
-686
-698
-689
-646
-673
-720
-740
-760
-777
-790
-820
-836
-832
-787
-821
-838
-837
-834
-822
-806
-829
-817
-794
-743
-770
-778
-782
-793
-802
-815
-854
-832
-792
-713
-731
-678
-629
-589
-554
-563
-601
-599
-580
-571
-614
-605
-585
-559
-539
-551
-564
-553
-519
-513
-550
-542
-535
-526
-500
-502
-483
-444
-369
-366
-386
-393
-406
-421
-434
-473
-500
-510
-478
-539
-576
-595
-614
-629
-641
-682
-685
-672
-632
-668
-681
-691
-703
-710
-722
-776
-778
-768
-733
-796
-809
-820
-836
-856
-895
-946
-958
-936
-905
-926
-890
-849
-806
-763
-750
-751
-725
-679
-675
-714
-713
-708
-700
-686
-702
-699
-674
-614
-615
-637
-640
-648
-656
-658
-679
-669
-633
-544
-554
-533
-497
-468
-445
-434
-460
-462
-454
-416
-453
-455
-450
-454
-470
-512
-610
-662
-698
-704
-783
-806
-797
-779
-757
-775
-788
-775
-741
-698
-729
-708
-701
-671
-637
-618
-600
-542
-452
-407
-420
-393
-373
-365
-362
-403
-432
-438
-414
-448
-504
-535
-571
-598
-615
-655
-659
-638
-556
-576
-563
-543
-530
-520
-515
-541
-537
-517
-463
-491
-480
-463
-453
-447
-455
-505
-502
-478
-429
-442
-404
-351
-289
-219
-169
-136
-75
-2
46
12
4
-22
-58
-96
-159
-222
-249
-236
-260
-311
-323
-336
-349
-363
-416
-457
-475
-460
-491
-544
-575
-610
-645
-677
-738
-756
-745
-673
-699
-681
-650
-623
-600
-587
-606
-600
-580
-525
-560
-550
-534
-523
-515
-519
-563
-563
-543
-507
-530
-511
-487
-459
-429
-418
-427
-414
-364
-345
-417
-437
-452
-462
-460
-474
-469
-446
-364
-314
-280
-215
-136
-55
34
78
146
235
364
439
482
523
526
490
411
253
109
-38
-132
-310
-430
-519
-589
-642
-685
-744
-773
-787
-765
-845
-871
-884
-886
-875
-868
-888
-872
-842
-809
-837
-829
-816
-798
-771
-756
-750
-709
-647
-606
-629
-610
-590
-567
-538
-531
-520
-481
-409
-395
-408
-393
-384
-376
-363
-377
-379
-360
-312
-308
-318
-307
-299
-292
-286
-326
-321
-296
-217
-234
-215
-183
-150
-117
-91
-99
-76
-43
26
-15
-3
8
12
6
-24
-96
-153
-209
-274
-403
-499
-588
-661
-709
-756
-798
-790
-747
-722
-758
-755
-759
-754
-737
-761
-775
-756
-690
-684
-702
-682
-684
-698
-691
-706
-717
-696
-639
-629
-623
-604
-596
-580
-572
-621
-626
-616
-555
-578
-567
-531
-493
-450
-413
-408
-370
-325
-253
-303
-294
-284
-275
-261
-257
-273
-261
-234
-211
-249
-253
-257
-259
-251
-256
-267
-235
-172
-132
-150
-135
-129
-132
-137
-174
-200
-192
-135
-130
-134
-98
-56
-5
57
103
161
237
335
352
340
315
262
194
116
-15
-106
-188
-231
-352
-434
-493
-540
-575
-606
-665
-677
-680
-648
-740
-780
-821
-858
-885
-912
-943
-936
-903
-870
-897
-884
-869
-849
-819
-801
-785
-724
-628
-555
-537
-484
-442
-408
-378
-383
-379
-346
-273
-239
-227
-179
-160
-122
-86
-76
-46
-12
63
60
79
97
107
115
124
93
100
107
160
141
141
157
171
188
194
148
133
107
92
-62
-171
-278
-375
-450
-516
-577
-598
-594
-590
-648
-664
-678
-689
-692
-707
-720
-688
-619
-574
-578
-553
-542
-542
-550
-598
-636
-648
-618
-646
-683
-683
-675
-660
-638
-635
-616
-574
-486
-476
-442
-388
-333
-279
-231
-224
-185
-138
-63
-62
-35
2
39
80
111
92
113
138
186
121
99
68
30
-8
-57
-114
-130
-112
-87
-114
-91
-65
-40
-15
-15
-22
10
79
123
127
169
198
211
201
129
48
-23
-61
-159
-266
-335
-391
-432
-463
-495
-504
-518
-465
-490
-480
-445
-418
-386
-380
-400
-401
-390
-366
-416
-443
-456
-482
-491
-498
-536
-520
-488
-431
-468
-464
-463
-463
-451
-449
-457
-427
-376
-333
-359
-340
-326
-313
-300
-308
-318
-289
-220
-180
-178
-141
-114
-95
-79
-104
-116
-102
-44
-26
-10
41
93
144
186
186
192
196
232
150
93
45
-7
-61
-121
-217
-284
-334
-350
-435
-478
-505
-522
-528
-532
-572
-556
-524
-473
-509
-508
-508
-508
-505
-511
-525
-500
-451
-407
-427
-402
-379
-361
-344
-356
-370
-351
-296
-273
-278
-240
-199
-155
-114
-114
-108
-88
-43
-51
-76
-72
-63
-45
-21
-31
-18
-1
58
0
-20
-16
-37
-51
-56
-80
-75
-59
-1
-43
-57
-48
-37
-35
-32
-59
-32
17
81
80
133
192
249
304
330
329
347
371
375
296
246
184
123
63
-20
-98
-134
-120
-146
-198
-209
-217
-218
-212
-239
-257
-263
-249
-288
-350
-388
-422
-444
-456
-500
-504
-491
-426
-468
-468
-449
-422
-389
-358
-356
-327
-282
-204
-223
-199
-175
-159
-143
-134
-152
-120
-67
-6
-13
6
17
21
20
-4
-51
-65
-51
-44
-91
-88
-84
-82
-76
-96
-118
-110
-67
-70
-95
-80
-64
-44
-21
-28
-24
3
61
78
81
110
143
186
239
253
312
391
520
541
587
630
653
659
644
583
562
522
523
393
336
280
207
141
46
-76
-151
-177
-204
-285
-327
-369
-410
-456
-533
-619
-660
-678
-699
-763
-764
-751
-728
-695
-686
-676
-641
-567
-547
-547
-511
-477
-437
-394
-381
-362
-326
-266
-255
-256
-234
-212
-187
-159
-176
-153
-119
-46
-79
-90
-98
-115
-133
-151
-191
-185
-158
-83
-115
-87
-56
-26
4
24
17
38
71
96
53
31
-1
-39
-74
-123
-180
-197
-184
-179
-218
-202
-180
-154
-122
-122
-121
-98
-48
-67
-111
-123
-131
-136
-136
-159
-174
-173
-151
-187
-228
-248
-266
-274
-272
-309
-297
-270
-203
-233
-241
-246
-254
-261
-269
-305
-297
-271
-203
-249
-239
-229
-218
-199
-219
-243
-224
-185
-134
-141
-103
-73
-24
21
46
44
74
124
142
83
66
48
30
12
-35
-72
-77
-40
-68
-111
-122
-133
-142
-138
-147
-144
-114
-41
-27
-3
41
85
129
170
164
198
243
319
304
301
291
259
209
142
34
-24
-61
-50
-146
-177
-200
-220
-233
-253
-280
-269
-230
-188
-202
-172
-139
-106
-67
-52
-52
-25
20
28
-25
-46
-72
-100
-129
-191
-242
-261
-236
-270
-312
-318
-314
-299
-273
-265
-247
-208
-134
-139
-140
-130
-126
-118
-101
-119
-92
-45
39
50
85
127
165
204
235
222
257
302
383
357
387
419
450
481
493
487
501
541
600
578
603
649
706
773
816
851
906
972
1014
1007
1027
1052
1091
1141
1168
1207
1272
1372
1396
1390
1398
1393
1381
1363
1315
1279
1258
1272
1200
1153
1115
1073
1036
1000
933
902
891
920
886
888
902
909
908
891
824
806
802
836
778
778
782
786
789
772
738
730
742
750
697
690
685
682
689
681
670
695
750
774
759
783
803
824
850
846
857
893
963
964
939
928
908
882
857
810
782
776
821
772
751
741
726
710
698
659
655
666
707
672
666
665
661
656
638
571
554
548
566
495
471
451
429
407
366
305
268
249
225
140
109
83
53
58
16
-21
-38
-8
-13
-66
-66
-79
-104
-123
-158
-187
-195
-162
-186
-218
-232
-255
-276
-284
-327
-337
-326
-259
-294
-289
-269
-250
-239
-238
-269
-276
-270
-234
-282
-292
-296
-307
-320
-345
-413
-428
-425
-397
-438
-429
-411
-391
-369
-370
-395
-401
-396
-405
-479
-507
-531
-547
-546
-558
-565
-539
-480
-463
-479
-455
-430
-401
-368
-370
-360
-327
-263
-250
-265
-272
-297
-335
-382
-473
-537
-586
-579
-675
-730
-768
-805
-839
-873
-931
-954
-951
-901
-927
-902
-867
-832
-797
-776
-803
-793
-773
-744
-783
-783
-778
-773
-765
-776
-803
-799
-777
-772
-835
-856
-878
-892
-889
-896
-893
-850
-772
-735
-733
-695
-688
-674
-649
-664
-661
-639
-589
-588
-587
-569
-554
-547
-541
-580
-584
-590
-541
-583
-585
-571
-554
-537
-526
-550
-556
-550
-507
-559
-559
-544
-522
-490
-465
-467
-431
-383
-340
-367
-368
-372
-377
-377
-394
-431
-443
-440
-459
-546
-595
-648
-701
-749
-818
-879
-897
-867
-879
-913
-914
-922
-929
-932
-959
-969
-950
-895
-875
-863
-822
-779
-736
-696
-704
-676
-637
-541
-537
-481
-398
-300
-188
-72
16
130
251
400
434
516
595
669
740
801
834
905
996
1090
1123
1194
1271
1352
1445
1532
1618
1747
1905
2045
2123
2235
2336
2426
2510
2563
2625
2727
2880
2990
3091
3233
3372
3506
3636
3743
3873
3993
4117
4184
4203
4208
4175
4109
4007
3810
3643
3471
3324
3063
2811
2532
2214
1853
1467
1032
621
218
-140
-599
-980
-1332
-1657
-1940
-2195
-2439
-2614
-2739
-2844
-2991
-3091
-3181
-3258
-3322
-3393
-3460
-3474
-3449
-3431
-3453
-3418
-3374
-3324
-3269
-3241
-3200
-3124
-2999
-2926
-2868
-2777
-2686
-2592
-2498
-2432
-2362
-2275
-2162
-2108
-2057
-1986
-1918
-1847
-1774
-1748
-1680
-1601
-1487
-1465
-1420
-1367
-1313
-1255
-1199
-1176
-1112
-1041
-936
-952
-909
-863
-815
-760
-709
-669
-593
-493
-393
-354
-286
-233
-201
-181
-193
-224
-221
-188
-177
-218
-218
-221
-223
-223
-254
-279
-281
-248
-276
-317
-322
-323
-323
-326
-360
-392
-407
-389
-432
-466
-442
-435
-415
-397
-409
-376
-341
-264
-276
-279
-262
-228
-195
-174
-188
-163
-124
-62
-120
-129
-129
-144
-156
-181
-216
-218
-194
-166
-192
-178
-156
-120
-72
-39
-11
53
148
215
226
270
302
320
328
288
243
210
209
146
74
40
14
-7
-23
-60
-88
-94
-60
-103
-132
-142
-151
-155
-155
-193
-190
-170
-115
-131
-118
-93
-67
-37
-8
-13
36
98
187
156
163
153
128
95
50
-2
-16
2
32
10
40
76
110
145
152
144
167
218
239
214
227
237
244
245
203
168
150
164
113
48
15
-16
-39
-55
-90
-106
-97
-32
-49
-35
1
42
88
133
139
183
231
303
281
288
312
329
356
377
345
358
395
449
396
384
369
354
347
318
282
300
342
382
361
383
406
432
461
477
487
534
609
655
659
693
707
711
707
661
625
616
651
634
603
598
592
585
574
533
508
501
542
484
459
451
445
445
445
415
415
430
472
430
412
394
371
352
335
288
309
359
440
440
485
529
569
615
649
673
733
816
895
911
973
1032
1086
1138
1160
1167
1198
1251
1257
1221
1216
1204
1192
1182
1136
1103
1087
1100
1057
998
971
955
955
967
959
984
1031
1128
1117
1140
1174
1206
1239
1270
1274
1304
1344
1410
1386
1394
1403
1414
1433
1427
1374
1405
1461
1543
1560
1604
1647
1665
1691
1696
1680
1690
1723
1745
1706
1705
1715
1722
1722
1688
1645
1632
1654
1634
1585
1582
1587
1591
1603
1582
1573
1580
1619
1609
1587
1593
1606
1630
1666
1671
1711
1766
1865
1847
1856
1869
1874
1872
1860
1821
1814
1826
1880
1847
1861
1880
1898
1916
1922
1889
1900
1930
1974
1959
1984
2014
2044
2075
2088
2084
2114
2166
2204
2176
2189
2194
2191
2183
2140
2087
2055
2051
1997
1915
1868
1826
1794
1772
1721
1687
1676
1695
1670
1627
1606
1582
1563
1552
1509
1510
1527
1592
1549
1536
1530
1521
1515
1510
1483
1486
1500
1545
1482
1460
1429
1382
1324
1248
1142
1080
1038
1038
969
937
918
914
919
899
863
859
848
829
760
739
712
697
682
645
591
566
568
526
451
412
377
353
340
301
268
254
255
202
133
80
25
-23
-61
-128
-135
-121
-53
-85
-87
-81
-80
-79
-82
-114
-113
-103
-56
-121
-132
-141
-154
-165
-188
-237
-252
-250
-244
-291
-297
-295
-290
-282
-295
-327
-325
-296
-281
-317
-301
-279
-251
-218
-213
-204
-168
-95
-86
-106
-105
-114
-130
-152
-207
-262
-304
-322
-389
-460
-506
-548
-582
-610
-677
-694
-695
-653
-708
-742
-773
-808
-840
-873
-939
-966
-981
-951
-1027
-1037
-1038
-1035
-1029
-1035
-1061
-1056
-1030
-999
-1020
-997
-963
-926
-877
-850
-846
-817
-768
-735
-760
-737
-704
-676
-646
-629
-614
-586
-526
-537
-574
-591
-628
-670
-690
-727
-745
-730
-680
-690
-705
-711
-718
-730
-741
-799
-807
-796
-740
-769
-770
-763
-762
-768
-784
-839
-852
-854
-816
-891
-903
-908
-909
-904
-906
-921
-907
-872
-838
-865
-854
-840
-824
-800
-793
-794
-760
-697
-661
-678
-655
-633
-608
-578
-579
-573
-547
-492
-508
-544
-554
-567
-580
-591
-626
-655
-668
-651
-710
-765
-805
-849
-888
-921
-987
-1002
-993
-939
-955
-948
-931
-917
-902
-896
-932
-919
-895
-834
-880
-860
-824
-778
-727
-694
-685
-660
-625
-603
-649
-656
-660
-659
-649
-658
-677
-665
-630
-635
-682
-692
-708
-739
-738
-763
-768
-729
-656
-637
-646
-615
-592
-571
-557
-565
-559
-528
-465
-475
-476
-479
-500
-537
-589
-686
-751
-799
-808
-880
-920
-935
-939
-929
-918
-941
-909
-863
-787
-814
-785
-749
-709
-666
-639
-630
-601
-562
-536
-581
-586
-590
-590
-579
-586
-599
-580
-537
-535
-587
-614
-654
-703
-751
-831
-888
-910
-881
-901
-926
-919
-914
-914
-918
-949
-959
-944
-876
-896
-886
-860
-837
-820
-812
-852
-872
-888
-876
-931
-946
-942
-933
-917
-907
-942
-924
-893
-830
-854
-825
-786
-740
-689
-658
-647
-614
-568
-531
-563
-552
-540
-522
-492
-478
-465
-421
-357
-346
-394
-423
-467
-517
-563
-642
-674
-683
-664
-678
-687
-662
-638
-616
-591
-623
-624
-601
-526
-560
-551
-534
-519
-522
-521
-559
-561
-556
-515
-542
-522
-486
-452
-421
-404
-447
-454
-455
-442
-516
-547
-577
-607
-628
-664
-709
-719
-704
-692
-740
-740
-741
-740
-735
-750
-763
-738
-677
-652
-661
-631
-601
-570
-541
-552
-550
-521
-453
-427
-411
-367
-323
-277
-232
-226
-201
-168
-88
-120
-119
-107
-102
-102
-115
-167
-203
-236
-242
-334
-385
-427
-468
-505
-549
-626
-650
-658
-649
-708
-724
-736
-747
-753
-772
-799
-785
-741
-700
-717
-684
-647
-608
-567
-555
-553
-525
-470
-466
-504
-518
-544
-578
-613
-680
-728
-742
-711
-711
-719
-690
-654
-628
-597
-604
-568
-520
-416
-406
-373
-335
-287
-242
-221
-233
-225
-211
-165
-221
-233
-224
-213
-198
-189
-224
-226
-225
-226
-292
-331
-369
-407
-433
-471
-516
-521
-499
-491
-554
-581
-615
-648
-673
-715
-747
-734
-670
-643
-639
-607
-587
-578
-575
-608
-626
-618
-573
-564
-564
-537
-508
-480
-455
-479
-475
-469
-423
-491
-525
-543
-550
-544
-534
-551
-541
-521
-468
-523
-523
-512
-492
-460
-428
-419
-370
-302
-226
-206
-151
-98
-54
-17
-7
-20
-5
26
35
-19
-31
-44
-57
-69
-108
-138
-132
-88
-102
-144
-162
-192
-232
-276
-352
-418
-454
-451
-477
-500
-491
-476
-454
-435
-470
-481
-475
-440
-500
-545
-552
-555
-556
-546
-587
-596
-608
-567
-647
-665
-673
-669
-645
-619
-614
-549
-451
-356
-320
-257
-198
-147
-108
-103
-128
-134
-132
-156
-243
-291
-344
-395
-435
-493
-537
-545
-513
-534
-569
-568
-568
-565
-557
-574
-588
-587
-554
-571
-589
-585
-579
-568
-553
-583
-569
-544
-477
-505
-508
-503
-497
-487
-481
-509
-498
-477
-421
-485
-491
-497
-504
-506
-516
-539
-526
-489
-451
-471
-458
-452
-457
-469
-508
-562
-582
-572
-577
-626
-628
-623
-614
-601
-616
-623
-601
-534
-520
-510
-459
-404
-351
-306
-294
-286
-267
-224
-248
-272
-277
-280
-276
-270
-308
-306
-294
-250
-290
-302
-301
-299
-272
-251
-295
-282
-255
-198
-264
-286
-308
-352
-373
-393
-408
-387
-325
-258
-246
-218
-191
-174
-152
-155
-163
-126
-49
4
3
31
48
48
37
-13
-63
-96
-93
-150
-214
-233
-244
-243
-237
-253
-265
-264
-234
-283
-325
-349
-373
-393
-411
-468
-485
-490
-464
-517
-547
-568
-589
-603
-615
-656
-637
-595
-517
-553
-537
-520
-502
-482
-474
-478
-449
-396
-343
-350
-318
-290
-266
-242
-239
-247
-220
-163
-136
-156
-138
-125
-115
-107
-134
-152
-148
-107
-130
-169
-177
-183
-183
-180
-199
-207
-197
-149
-191
-216
-226
-242
-257
-272
-323
-336
-333
-302
-352
-383
-406
-424
-428
-426
-457
-426
-377
-286
-285
-261
-239
-220
-197
-190
-197
-163
-118
-86
-100
-72
-61
-53
-48
-73
-108
-117
-99
-101
-144
-147
-144
-136
-120
-140
-154
-146
-111
-140
-185
-201
-222
-239
-255
-293
-305
-300
-248
-290
-297
-284
-265
-238
-203
-194
-150
-89
1
14
50
86
115
144
165
146
182
232
303
274
273
254
216
163
81
-25
-105
-166
-227
-343
-400
-445
-478
-497
-533
-569
-566
-524
-508
-521
-489
-456
-419
-377
-372
-357
-324
-261
-256
-270
-262
-259
-255
-250
-274
-270
-243
-160
-180
-166
-145
-134
-125
-118
-138
-128
-101
-43
-63
-52
-38
-31
-26
-34
-91
-105
-108
-96
-161
-184
-206
-229
-255
-273
-325
-331
-334
-321
-364
-364
-346
-346
-348
-383
-405
-407
-376
-383
-420
-411
-403
-401
-381
-382
-375
-344
-288
-284
-302
-297
-293
-286
-275
-291
-263
-211
-104
-111
-91
-66
-56
-53
-55
-82
-81
-64
-13
-47
-36
-18
-1
19
31
5
25
57
97
62
53
35
7
-26
-82
-155
-193
-203
-217
-286
-296
-294
-281
-261
-264
-270
-249
-200
-202
-235
-230
-222
-209
-191
-204
-204
-182
-133
-132
-157
-163
-171
-172
-161
-178
-152
-112
-23
-45
-34
-19
-11
-9
-19
-65
-88
-95
-59
-112
-109
-102
-104
-116
-145
-212
-239
-246
-245
-303
-321
-330
-335
-336
-353
-384
-378
-346
-324
-361
-341
-312
-304
-272
-252
-236
-188
-118
-102
-133
-121
-126
-132
-148
-187
-210
-205
-191
-220
-268
-299
-335
-363
-379
-427
-424
-398
-312
-320
-291
-256
-224
-200
-190
-218
-216
-203
-147
-194
-177
-144
-105
-62
-34
-44
-33
-19
-13
-72
-99
-124
-147
-163
-193
-234
-233
-199
-174
-201
-180
-158
-135
-106
-103
-98
-67
-2
2
-20
-18
-27
-38
-45
-74
-88
-78
-39
-49
-70
-70
-73
-74
-78
-128
-134
-120
-51
-67
-46
-13
13
35
48
24
33
55
115
61
66
71
68
63
46
8
4
21
42
10
20
37
61
94
116
130
180
255
306
300
337
375
416
464
481
510
583
665
679
682
713
734
747
767
753
733
748
802
796
795
819
836
854
867
838
864
909
995
995
1020
1054
1083
1105
1117
1081
1073
1067
1098
1012
992
983
976
976
959
919
906
914
925
881
883
895
917
949
963
963
992
1038
1049
1001
991
973
956
946
912
893
904
956
946
921
929
938
951
964
953
949
957
992
951
904
865
816
763
706
606
556
532
560
518
506
505
501
498
486
434
424
422
454
376
365
366
374
387
389
377
393
425
451
413
416
421
430
448
450
444
471
522
537
492
475
446
410
375
310
261
245
279
263
240
240
262
251
249
207
195
211
262
249
239
234
219
215
191
118
86
69
100
53
29
22
30
36
40
4
19
43
96
39
40
44
53
76
92
94
116
144
157
93
58
13
-35
-77
-135
-192
-205
-182
-187
-237
-246
-259
-275
-290
-337
-366
-362
-313
-319
-342
-344
-357
-379
-406
-459
-497
-510
-471
-513
-520
-501
-475
-439
-400
-399
-369
-333
-276
-302
-305
-297
-285
-269
-264
-307
-305
-299
-269
-345
-379
-421
-472
-526
-597
-683
-742
-783
-827
-931
-983
-1027
-1059
-1075
-1098
-1114
-1083
-1007
-953
-934
-878
-833
-797
-771
-791
-803
-794
-749
-762
-788
-786
-783
-781
-782
-815
-834
-830
-773
-799
-810
-791
-764
-744
-723
-746
-745
-746
-704
-744
-746
-736
-713
-674
-634
-648
-609
-551
-478
-498
-478
-457
-433
-404
-392
-396
-374
-335
-310
-349
-347
-350
-355
-350
-366
-381
-365
-316
-309
-345
-353
-370
-396
-431
-509
-573
-609
-601
-630
-661
-652
-636
-613
-584
-589
-576
-557
-493
-538
-551
-553
-561
-573
-597
-660
-699
-725
-716
-781
-799
-798
-782
-743
-694
-672
-591
-493
-380
-344
-270
-195
-125
-60
-17
5
54
121
175
165
204
250
302
365
410
460
546
663
728
750
797
830
857
883
872
876
908
982
1027
1075
1167
1273
1391
1513
1594
1700
1813
1970
2012
2090
2186
2288
2410
2565
2680
2819
2989
3188
3293
3438
3584
3721
3839
3952
4018
4103
4181
4246
4213
4189
4131
4050
3949
3809
3636
3482
3323
3111
2789
2468
2118
1745
1353
926
495
91
-277
-683
-1104
-1462
-1792
-2087
-2345
-2601
-2810
-2965
-3064
-3182
-3292
-3354
-3397
-3419
-3426
-3466
-3461
-3434
-3346
-3352
-3308
-3239
-3160
-3072
-2984
-2923
-2833
-2733
-2598
-2567
-2489
-2409
-2331
-2246
-2164
-2104
-1996
-1871
-1744
-1684
-1597
-1513
-1432
-1349
-1283
-1232
-1148
-1044
-960
-943
-895
-865
-851
-847
-879
-916
-926
-895
-908
-934
-916
-889
-851
-804
-785
-756
-709
-634
-605
-587
-546
-506
-463
-418
-420
-384
-338
-248
-260
-239
-207
-179
-149
-125
-131
-107
-73
-11
-37
-38
-35
-42
-31
-25
-52
-34
-10
-6
-63
-79
-105
-134
-144
-167
-188
-179
-137
-105
-102
-52
5
62
118
136
144
169
226
219
193
204
213
221
224
191
160
143
145
93
30
-10
-48
-78
-102
-168
-186
-184
-133
-168
-168
-152
-130
-97
-63
-60
-21
26
104
53
45
25
-6
-43
-90
-152
-173
-164
-144
-171
-155
-136
-118
-100
-105
-124
-106
-58
-28
-50
-32
-20
-14
-9
-40
-69
-71
-30
-41
-57
-31
0
39
82
99
112
137
191
189
190
216
244
276
308
294
317
347
406
370
351
335
312
291
269
219
217
229
283
222
225
234
242
249
248
226
234
246
266
242
253
271
288
301
288
280
301
347
365
335
350
366
369
375
363
352
363
416
408
391
403
408
413
415
398
382
386
421
386
362
370
387
422
467
478
532
597
688
692
708
720
718
706
680
612
594
592
633
569
567
567
564
562
547
523
534
574
624
624
673
725
776
828
854
866
913
986
1030
1027
1064
1095
1116
1125
1081
1029
990
983
910
825
775
734
706
686
644
614
607
644
606
594
610
636
677
727
739
783
831
898
883
886
895
900
903
895
843
847
873
941
912
941
970
995
1013
1008
982
979
997
1016
973
988
1023
1049
1065
1077
1078
1114
1185
1220
1214
1234
1269
1308
1349
1353
1376
1419
1494
1490
1471
1473
1471
1470
1477
1470
1489
1531
1617
1609
1622
1642
1665
1692
1715
1698
1714
1745
1810
1797
1804
1813
1814
1812
1800
1745
1751
1782
1854
1842
1884
1929
1972
2009
2024
2021
2048
2101
2155
2149
2189
2227
2262
2293
2288
2262
2252
2258
2218
2131
2086
2051
2028
2021
1990
1980
1999
2057
2059
2043
2049
2052
2062
2081
2078
2098
2135
2216
2188
2184
2187
2176
2153
2111
2023
1958
1907
1893
1810
1771
1751
1739
1740
1746
1720
1753
1802
1870
1854
1874
1888
1895
1900
1883
1842
1823
1820
1813
1748
1740
1740
1747
1760
1747
1722
1748
1773
1739
1659
1617
1571
1519
1483
1423
1365
1347
1374
1342
1275
1235
1188
1158
1127
1079
1061
1083
1157
1128
1132
1135
1121
1092
1049
977
927
896
905
837
814
797
771
739
689
590
539
512
505
432
399
369
338
309
260
192
156
142
122
44
20
6
2
12
2
-11
3
42
29
-23
-43
-66
-86
-100
-143
-167
-163
-128
-142
-177
-191
-208
-227
-247
-305
-322
-317
-255
-296
-297
-283
-269
-256
-252
-277
-273
-251
-191
-222
-203
-172
-137
-95
-64
-75
-49
-12
33
14
25
30
23
7
-35
-103
-148
-183
-242
-368
-445
-509
-555
-582
-620
-647
-637
-589
-591
-624
-629
-634
-644
-659
-712
-754
-766
-757
-787
-825
-849
-875
-876
-871
-907
-893
-854
-753
-752
-725
-691
-646
-617
-607
-637
-649
-651
-618
-688
-697
-702
-703
-704
-710
-745
-743
-727
-702
-732
-722
-707
-691
-674
-677
-698
-685
-649
-630
-671
-666
-656
-642
-626
-637
-644
-617
-554
-549
-574
-574
-578
-579
-575
-600
-617
-617
-591
-613
-646
-663
-687
-713
-738
-808
-836
-845
-798
-837
-831
-804
-770
-728
-689
-685
-653
-611
-534
-573
-559
-542
-528
-515
-520
-554
-559
-544
-527
-567
-575
-584
-598
-611
-648
-697
-706
-685
-679
-725
-726
-726
-724
-717
-737
-752
-737
-687
-697
-728
-731
-738
-744
-743
-760
-762
-737
-662
-629
-609
-596
-571
-553
-539
-567
-569
-554
-511
-540
-537
-520
-505
-487
-478
-511
-529
-532
-502
-594
-624
-648
-667
-677
-694
-731
-742
-739
-747
-811
-830
-842
-850
-852
-876
-915
-924
-905
-905
-954
-956
-951
-938
-913
-912
-898
-852
-763
-735
-722
-682
-650
-627
-610
-620
-628
-618
-576
-593
-605
-599
-594
-588
-584
-627
-629
-614
-557
-576
-564
-538
-513
-490
-480
-522
-535
-548
-530
-626
-657
-677
-689
-693
-706
-733
-728
-701
-674
-704
-692
-676
-659
-640
-640
-644
-608
-542
-501
-511
-485
-466
-455
-447
-472
-488
-475
-423
-429
-444
-426
-404
-378
-348
-343
-336
-318
-268
-298
-321
-333
-355
-391
-411
-494
-554
-581
-552
-580
-568
-532
-483
-452
-417
-426
-400
-389
-349
-435
-464
-511
-550
-592
-633
-687
-705
-698
-687
-732
-726
-714
-688
-656
-641
-630
-585
-516
-484
-507
-496
-488
-484
-477
-500
-506
-479
-404
-386
-385
-366
-360
-364
-379
-428
-474
-504
-492
-558
-594
-601
-598
-586
-571
-596
-589
-571
-526
-556
-559
-548
-534
-514
-496
-516
-481
-433
-360
-394
-385
-381
-385
-387
-398
-416
-400
-362
-330
-365
-358
-354
-352
-350
-373
-401
-390
-343
-329
-361
-355
-354
-354
-351
-383
-400
-391
-345
-356
-379
-372
-363
-350
-335
-347
-344
-331
-281
-339
-377
-405
-437
-466
-490
-539
-550
-540
-496
-512
-488
-463
-435
-401
-362
-372
-331
-273
-220
-282
-294
-316
-356
-392
-439
-490
-502
-489
-475
-502
-484
-473
-465
-461
-481
-505
-493
-437
-414
-427
-403
-381
-366
-354
-383
-397
-387
-342
-349
-363
-341
-312
-275
-237
-228
-195
-150
-59
-79
-73
-61
-57
-55
-61
-102
-118
-131
-128
-218
-284
-347
-411
-463
-509
-584
-599
-591
-561
-611
-628
-647
-665
-672
-682
-693
-653
-577
-501
-489
-437
-396
-366
-348
-365
-392
-389
-351
-349
-380
-375
-377
-386
-401
-457
-504
-530
-523
-559
-603
-608
-601
-584
-562
-574
-558
-527
-445
-469
-455
-424
-390
-352
-317
-311
-282
-248
-190
-228
-230
-231
-236
-233
-238
-258
-234
-189
-158
-179
-170
-170
-161
-168
-191
-239
-233
-207
-188
-233
-228
-224
-223
-235
-261
-286
-286
-247
-249
-274
-256
-242
-229
-216
-240
-263
-270
-255
-288
-341
-364
-380
-385
-384
-421
-425
-421
-375
-440
-465
-473
-478
-477
-476
-499
-492
-468
-408
-447
-440
-433
-430
-423
-424
-454
-439
-403
-356
-369
-347
-323
-304
-284
-282
-292
-263
-208
-168
-192
-179
-175
-179
-188
-230
-276
-297
-284
-318
-368
-375
-374
-367
-355
-375
-386
-378
-343
-353
-378
-379
-379
-375
-368
-400
-388
-361
-289
-329
-341
-346
-352
-355
-358
-383
-372
-344
-273
-308
-286
-260
-235
-208
-188
-187
-141
-72
6
25
68
118
145
128
88
30
4
2
-20
-89
-126
-144
-159
-172
-231
-287
-317
-297
-332
-362
-345
-315
-291
-271
-284
-294
-291
-269
-300
-347
-384
-430
-467
-500
-574
-598
-605
-565
-621
-651
-667
-676
-674
-670
-689
-665
-624
-542
-573
-546
-518
-495
-472
-461
-475
-458
-422
-381
-393
-370
-348
-335
-330
-354
-398
-406
-385
-377
-412
-394
-369
-341
-309
-304
-295
-262
-195
-191
-204
-183
-159
-128
-90
-73
-49
-9
53
49
31
21
4
-11
-25
-83
-101
-111
-88
-163
-215
-256
-290
-315
-341
-394
-398
-381
-321
-375
-367
-356
-351
-350
-362
-390
-385
-352
-313
-331
-313
-295
-278
-261
-270
-304
-303
-269
-279
-332
-335
-330
-325
-320
-337
-363
-371
-319
-320
-344
-329
-310
-286
-253
-243
-229
-191
-130
-144
-157
-155
-155
-152
-150
-185
-181
-168
-127
-173
-206
-237
-279
-316
-349
-412
-421
-410
-356
-412
-409
-406
-409
-415
-436
-472
-474
-447
-409
-417
-375
-327
-279
-233
-218
-221
-200
-159
-151
-196
-202
-212
-220
-219
-244
-252
-229
-166
-168
-191
-191
-196
-200
-198
-212
-215
-203
-157
-194
-224
-249
-285
-325
-363
-434
-454
-446
-395
-410
-394
-364
-330
-291
-258
-268
-231
-184
-109
-147
-136
-127
-122
-119
-130
-156
-157
-142
-134
-191
-208
-226
-243
-254
-284
-319
-313
-274
-258
-280
-255
-232
-185
-151
-138
-135
-88
-5
3
-1
-5
-17
-37
-39
-80
-107
-112
-70
-112
-133
-152
-171
-185
-213
-277
-303
-302
-256
-272
-255
-228
-203
-183
-172
-209
-193
-163
-101
-132
-111
-87
-66
-48
-56
-90
-110
-119
-137
-217
-244
-266
-284
-296
-330
-367
-367
-335
-337
-381
-386
-389
-386
-371
-383
-371
-326
-240
-209
-196
-159
-125
-92
-59
-53
-25
24
125
126
153
190
223
257
289
285
310
350
420
411
426
443
454
460
451
392
381
384
416
369
378
403
443
497
542
572
627
694
744
722
743
767
795
830
843
847
873
918
910
853
830
806
787
776
740
730
753
818
847
865
878
906
946
985
998
1029
1080
1163
1154
1170
1199
1210
1221
1225
1198
1183
1190
1231
1193
1186
1179
1162
1140
1101
1012
971
948
949
879
860
848
837
825
797
752
745
758
768
718
721
730
743
762
757
746
761
802
796
750
732
705
674
643
583
549
553
601
609
601
614
619
624
628
598
605
632
709
672
665
659
640
610
570
496
444
399
381
271
211
170
140
122
101
44
31
33
43
-18
-45
-69
-86
-93
-110
-138
-129
-94
-69
-105
-95
-84
-69
-47
-47
-45
-7
66
89
77
92
91
77
54
-6
-52
-73
-57
-80
-115
-125
-138
-159
-180
-229
-266
-284
-231
-272
-264
-242
-213
-193
-195
-219
-222
-235
-218
-303
-339
-364
-390
-407
-419
-457
-453
-428
-399
-432
-431
-427
-413
-388
-374
-373
-337
-289
-271
-330
-361
-395
-432
-466
-521
-566
-574
-543
-562
-606
-616
-627
-640
-654
-700
-733
-741
-713
-726
-751
-753
-760
-768
-771
-817
-819
-805
-740
-772
-764
-743
-724
-711
-707
-734
-730
-714
-660
-714
-710
-698
-685
-667
-659
-679
-670
-649
-628
-665
-664
-656
-642
-620
-612
-620
-596
-548
-518
-541
-520
-500
-482
-466
-484
-501
-491
-446
-463
-507
-524
-547
-571
-595
-646
-687
-700
-673
-680
-681
-650
-616
-580
-549
-573
-566
-555
-507
-561
-556
-566
-564
-577
-577
-606
-609
-588
-541
-615
-628
-618
-617
-614
-612
-626
-595
-548
-508
-520
-488
-467
-446
-424
-422
-434
-412
-367
-346
-385
-391
-405
-427
-443
-483
-512
-503
-449
-452
-471
-458
-448
-440
-432
-447
-454
-436
-379
-364
-336
-275
-212
-144
-70
-35
43
133
262
307
386
482
582
691
801
875
990
1117
1283
1335
1451
1575
1707
1851
1992
2119
2276
2454
2634
2758
2920
3086
3259
3448
3629
3807
4029
4283
4515
4693
4906
5107
5294
5467
5590
5702
5816
5939
5964
5938
5908
5840
5737
5600
5407
5176
4917
4648
4270
3869
3467
3051
2631
2211
1748
1331
937
589
184
-169
-476
-750
-986
-1199
-1422
-1574
-1686
-1765
-1927
-2012
-2092
-2156
-2213
-2275
-2353
-2380
-2388
-2391
-2458
-2475
-2477
-2461
-2441
-2425
-2397
-2330
-2232
-2161
-2144
-2094
-2057
-2034
-2015
-2031
-2034
-2009
-1933
-1911
-1897
-1851
-1796
-1738
-1674
-1636
-1588
-1525
-1426
-1408
-1372
-1317
-1261
-1204
-1147
-1131
-1077
-1008
-905
-873
-810
-733
-656
-576
-506
-487
-428
-371
-296
-338
-337
-340
-350
-361
-383
-410
-400
-369
-348
-392
-391
-387
-381
-372
-380
-391
-364
-306
-285
-315
-311
-315
-320
-322
-355
-367
-347
-276
-251
-230
-174
-120
-68
-24
-18
-10
7
62
24
14
23
26
26
19
-28
-49
-59
-43
-105
-141
-169
-193
-204
-209
-244
-217
-169
-93
-114
-96
-76
-43
-35
-53
-74
-67
-39
-16
-59
-68
-98
-119
-135
-181
-229
-235
-208
-211
-258
-261
-260
-255
-249
-278
-293
-280
-227
-227
-235
-216
-203
-186
-167
-177
-167
-140
-68
-97
-98
-85
-69
-46
-18
-19
12
58
131
120
137
157
168
173
167
123
136
166
219
184
187
186
177
168
147
120
130
167
202
172
182
181
171
157
113
61
38
46
14
-52
-75
-90
-91
-78
-95
-96
-76
-26
-31
-59
-61
-61
-51
-33
-43
-23
10
90
61
66
85
106
131
161
171
215
277
371
379
425
475
518
558
585
567
592
625
663
622
608
586
555
524
479
426
409
453
465
419
406
404
403
396
374
342
326
348
346
306
300
302
304
320
296
288
304
366
373
362
373
386
407
437
434
466
501
574
529
512
498
480
467
464
446
463
498
568
542
561
582
599
617
627
606
636
692
762
767
798
817
817
802
755
684
645
635
626
573
584
610
645
685
696
704
739
804
815
799
824
854
890
933
949
977
1027
1106
1144
1169
1216
1260
1307
1354
1357
1392
1432
1510
1470
1453
1441
1418
1389
1356
1300
1280
1277
1314
1250
1242
1241
1241
1247
1250
1234
1265
1323
1393
1411
1468
1527
1580
1627
1649
1651
1686
1746
1788
1767
1785
1795
1807
1813
1796
1763
1770
1828
1832
1825
1856
1881
1904
1948
1959
1981
2023
2098
2130
2151
2179
2207
2249
2281
2257
2270
2292
2364
2334
2331
2341
2346
2357
2363
2348
2371
2408
2481
2442
2446
2439
2410
2371
2317
2242
2204
2193
2191
2140
2130
2126
2122
2115
2083
2032
2012
2013
1996
1928
1908
1891
1878
1871
1839
1812
1810
1841
1812
1766
1757
1752
1753
1761
1746
1738
1744
1767
1725
1667
1627
1584
1548
1522
1464
1467
1497
1577
1565
1578
1594
1605
1615
1612
1569
1559
1555
1586
1496
1464
1433
1396
1355
1295
1212
1163
1141
1125
1055
1025
998
977
963
928
878
858
857
827
738
692
647
606
572
510
455
425
425
367
310
273
230
212
196
157
128
114
136
88
60
51
33
14
6
-41
-37
-21
45
29
37
51
59
66
66
23
15
17
58
-20
-27
-22
-15
-8
-15
-42
-40
-21
-2
-40
-34
-27
-19
-9
-24
-61
-76
-73
-103
-188
-233
-282
-328
-363
-419
-452
-448
-400
-415
-451
-460
-468
-466
-449
-441
-413
-362
-273
-260
-242
-213
-194
-183
-184
-235
-250
-253
-220
-257
-265
-264
-268
-275
-293
-350
-358
-351
-304
-359
-349
-327
-299
-263
-239
-231
-206
-176
-161
-211
-217
-221
-227
-235
-275
-339
-386
-423
-501
-630
-712
-781
-830
-855
-892
-902
-877
-811
-808
-823
-814
-812
-811
-813
-805
-806
-793
-738
-757
-753
-745
-738
-738
-763
-819
-826
-818
-780
-802
-800
-782
-779
-768
-769
-801
-791
-768
-712
-754
-741
-718
-687
-643
-615
-601
-558
-502
-455
-475
-457
-441
-431
-425
-445
-476
-478
-457
-478
-549
-586
-624
-659
-684
-734
-758
-748
-690
-683
-690
-671
-654
-634
-611
-609
-587
-543
-455
-463
-445
-415
-393
-376
-365
-391
-383
-358
-303
-324
-322
-318
-322
-325
-333
-378
-367
-339
-289
-333
-333
-330
-328
-325
-341
-377
-391
-394
-411
-502
-552
-600
-641
-665
-700
-731
-720
-673
-662
-689
-677
-666
-654
-638
-656
-652
-619
-550
-536
-541
-526
-520
-519
-522
-558
-574
-577
-531
-594
-617
-628
-645
-676
-707
-755
-775
-768
-717
-750
-742
-701
-658
-613
-573
-572
-519
-449
-372
-383
-340
-303
-268
-228
-206
-197
-160
-109
-67
-97
-84
-80
-76
-70
-81
-94
-70
-19
-24
-87
-133
-196
-268
-338
-438
-512
-550
-543
-575
-621
-643
-668
-694
-724
-794
-838
-866
-835
-904
-929
-931
-926
-914
-901
-916
-908
-890
-844
-884
-879
-861
-838
-807
-780
-790
-756
-710
-655
-672
-652
-628
-601
-566
-541
-528
-479
-410
-354
-364
-334
-311
-292
-269
-267
-256
-204
-112
-64
-55
-25
-12
-11
-16
-60
-89
-89
-46
-32
-23
19
59
94
121
100
111
134
206
170
170
179
182
181
169
116
93
78
82
-36
-82
-119
-150
-160
-175
-207
-203
-165
-125
-153
-157
-157
-156
-147
-166
-187
-175
-148
-142
-205
-226
-249
-274
-297
-342
-378
-381
-336
-333
-352
-337
-326
-319
-313
-341
-360
-356
-320
-325
-342
-335
-329
-321
-312
-347
-340
-320
-248
-276
-265
-235
-203
-165
-131
-128
-100
-65
2
-39
-25
-1
30
73
110
118
160
214
269
264
291
321
350
386
403
401
425
465
481
431
418
396
371
348
299
258
248
275
246
189
155
109
54
0
-75
-128
-144
-115
-118
-122
-99
-79
-61
-50
-93
-99
-91
-36
-77
-84
-75
-58
-29
1
1
32
68
136
87
91
92
118
134
127
110
136
182
223
201
213
195
187
193
185
160
185
235
271
237
252
260
275
284
260
241
253
309
310
294
316
331
342
351
328
305
301
330
316
314
339
367
394
410
364
347
334
357
288
247
219
197
185
172
128
126
138
187
115
100
85
71
64
54
35
55
101
148
137
157
170
177
183
168
140
147
181
193
155
156
152
143
131
87
52
48
91
80
65
90
123
164
212
237
264
306
377
379
381
400
415
432
443
401
392
390
421
374
353
345
340
342
339
297
300
313
360
289
273
255
236
221
196
158
148
168
190
141
132
128
138
150
145
143
163
208
247
234
249
261
269
278
246
206
177
197
148
86
64
52
61
87
99
125
160
228
208
198
204
218
245
285
293
334
375
437
412
402
394
382
378
375
338
354
388
460
424
443
465
490
521
540
546
576
623
660
622
612
586
544
490
404
305
243
222
184
115
96
87
87
98
82
83
112
183
196
195
219
234
244
252
236
232
245
302
272
263
269
275
285
301
287
307
334
379
339
316
297
281
276
273
234
255
293
363
335
353
372
389
406
404
388
402
437
470
443
465
488
504
535
533
521
510
547
546
502
516
516
527
529
511
496
501
536
518
487
483
467
468
475
451
445
451
503
453
429
416
402
395
385
351
353
374
425
401
406
416
418
420
416
378
400
446
519
505
532
552
565
580
577
557
562
584
596
540
528
516
507
504
482
459
472
523
539
524
554
585
618
655
654
663
686
731
711
663
634
602
571
543
488
463
457
502
438
405
381
355
337
327
299
303
316
352
299
281
274
269
269
263
219
231
263
316
291
304
316
327
341
339
326
349
395
429
396
405
413
424
445
447
450
491
568
595
599
626
625
640
666
656
658
672
724
708
695
717
752
787
835
844
886
921
1008
968
947
908
848
780
709
615
553
513
521
449
430
434
449
482
521
538
611
709
821
864
937
1000
1048
1084
1090
1071
1078
1102
1110
1059
1062
1074
1092
1115
1116
1116
1144
1199
1204
1180
1193
1208
1228
1255
1255
1276
1322
1400
1434
1454
1500
1541
1578
1610
1596
1615
1644
1719
1679
1669
1663
1652
1637
1613
1555
1520
1493
1500
1410
1371
1339
1306
1278
1241
1173
1148
1144
1152
1103
