0
79
192
324
474
614
738
886
1044
1177
1236
1328
1404
1464
1515
1531
1543
1583
1658
1684
1680
1703
1716
1722
1722
1684
1654
1647
1677
1673
1661
1677
1694
1716
1737
1716
1731
1759
1836
1806
1811
1824
1829
1828
1817
1774
1765
1772
1818
1762
1762
1770
1781
1798
1804
1782
1800
1836
1874
1853
1864
1873
1881
1896
1900
1893
1925
1983
2028
2014
2010
2012
2021
2028
2016
2001
2019
2066
2081
2070
2098
2119
2145
2173
2174
2166
2185
2239
2251
2251
2277
2303
2337
2373
2359
2384
2421
2505
2488
2507
2534
2548
2550
2538
2481
2448
2412
2408
2293
2238
2191
2148
2120
2098
2068
2080
2110
2135
2097
2092
2088
2089
2105
2112
2114
2156
2227
2279
2272
2300
2319
2332
2345
2331
2326
2358
2435
2456
2457
2479
2484
2474
2454
2401
2353
2327
2336
2300
2266
2260
2259
2271
2291
2271
2296
2333
2414
2405
2424
2454
2481
2507
2523
2503
2522
2554
2627
2585
2603
2626
2653
2689
2724
2749
2805
2875
2938
2940
2980
3024
3069
3120
3157
3191
3267
3371
3443
3451
3484
3502
3507
3514
3504
3472
3461
3502
3487
3460
3464
3472
3475
3464
3437
3415
3401
3426
3398
3378
3381
3377
3378
3379
3332
3319
3312
3333
3263
3211
3167
3129
3097
3064
3002
2991
2991
3032
2965
2966
2982
3005
3037
3064
3080
3123
3178
3225
3207
3226
3244
3262
3280
3275
3263
3292
3358
3406
3411
3455
3485
3497
3495
3449
3404
3377
3381
3315
3230
3172
3115
3063
3019
2960
2915
2896
2916
2865
2830
2817
2808
2805
2805
2764
2762
2772
2811
2767
2742
2725
2707
2696
2684
2633
2630
2634
2669
2588
2561
2537
2518
2512
2507
2504
2543
2613
2685
2691
2735
2771
2798
2815
2796
2755
2739
2745
2714
2631
2580
2519
2446
2359
2222
2085
1967
1893
1760
1657
1571
1510
1454
1429
1393
1364
1366
1399
1335
1295
1294
1285
1276
1274
1235
1240
1248
1280
1236
1225
1212
1196
1181
1162
1104
1096
1094
1115
1022
975
930
890
859
822
777
771
796
825
797
818
840
863
889
895
895
929
995
1031
1023
1049
1062
1062
1054
1004
965
945
959
916
860
833
809
788
765
714
682
674
717
667
645
638
633
635
639
606
600
600
621
555
509
467
431
409
391
338
344
370
424
386
393
400
405
410
399
374
380
409
434
394
394
389
377
360
313
252
218
210
167
93
66
48
45
55
37
36
53
101
91
67
77
95
123
156
164
189
234
305
283
309
346
388
428
457
444
462
470
491
416
374
340
309
274
241
185
182
196
229
177
161
140
106
70
16
-47
-75
-66
-52
-95
-97
-102
-114
-125
-166
-212
-223
-194
-193
-213
-183
-146
-104
-62
-64
-59
-35
20
26
14
26
37
49
62
41
50
71
142
99
86
81
69
56
39
-2
-12
-5
38
-2
5
21
38
64
89
81
124
182
248
236
251
258
255
243
204
140
104
91
72
-2
-19
-27
-30
-30
-59
-93
-99
-77
-106
-169
-193
-213
-224
-227
-262
-285
-284
-249
-250
-260
-238
-212
-180
-151
-162
-139
-103
-17
-41
-34
-14
15
22
12
-4
10
44
117
89
108
113
123
132
123
76
75
91
120
83
90
100
108
110
81
23
-7
-14
-29
-92
-103
-117
-127
-135
-172
-208
-211
-181
-200
-245
-253
-259
-259
-254
-277
-286
-274
-233
-239
-264
-267
-272
-272
-269
-309
-306
-285
-216
-256
-268
-278
-297
-321
-351
-402
-409
-388
-318
-345
-312
-274
-241
-217
-213
-242
-233
-203
-165
-179
-152
-118
-79
-34
-11
-13
8
41
48
-4
-7
-3
8
28
23
20
44
106
113
103
133
171
219
273
301
334
377
433
421
379
342
289
229
165
51
-22
-76
-73
-151
-185
-201
-214
-221
-226
-255
-250
-206
-154
-219
-234
-236
-237
-244
-253
-288
-307
-297
-271
-305
-311
-307
-303
-282
-288
-305
-289
-238
-221
-261
-260
-257
-249
-227
-226
-217
-191
-138
-152
-189
-197
-207
-216
-216
-235
-242
-221
-161
-148
-132
-91
-51
-13
19
1
25
61
139
133
157
192
226
261
292
290
333
391
489
471
504
527
529
510
454
358
272
194
112
-19
-98
-156
-197
-219
-252
-295
-303
-281
-279
-327
-331
-332
-327
-318
-340
-356
-346
-299
-313
-342
-339
-335
-331
-330
-355
-374
-368
-320
-333
-334
-313
-293
-270
-248
-274
-258
-229
-163
-175
-155
-120
-85
-49
-22
-39
-18
11
73
20
29
46
79
115
136
124
136
168
185
144
144
133
115
115
85
35
17
28
13
-49
-83
-116
-127
-132
-166
-186
-181
-139
-167
-217
-239
-266
-289
-308
-337
-350
-337
-285
-304
-306
-290
-282
-277
-276
-317
-321
-310
-265
-291
-292
-281
-269
-253
-244
-275
-256
-222
-151
-184
-157
-122
-85
-45
-22
-18
6
43
71
34
39
42
41
44
25
-4
1
33
30
-23
-38
-53
-63
-63
-86
-86
-56
11
9
-20
-35
-66
-106
-150
-214
-257
-273
-237
-284
-303
-303
-305
-304
-298
-323
-312
-286
-230
-249
-244
-234
-224
-209
-201
-242
-243
-245
-226
-310
-343
-371
-397
-420
-455
-499
-512
-507
-497
-541
-549
-570
-562
-543
-534
-519
-480
-413
-403
-428
-422
-423
-421
-406
-418
-406
-372
-281
-242
-221
-178
-143
-110
-77
-75
-56
-19
66
44
49
61
64
57
44
-6
-27
-37
-20
-79
-102
-110
-112
-103
-95
-127
-105
-72
-21
-64
-70
-76
-82
-81
-91
-106
-84
-40
-7
-42
-33
-29
-28
-27
-53
-85
-80
-38
-29
-56
-44
-30
-7
24
22
36
70
135
142
124
120
105
85
62
3
-35
-60
-32
-105
-134
-142
-146
-150
-158
-201
-221
-229
-209
-270
-295
-310
-322
-323
-318
-339
-301
-246
-181
-207
-205
-208
-211
-207
-211
-224
-198
-148
-105
-122
-89
-56
-23
5
32
41
81
168
225
248
290
317
332
314
268
244
237
249
218
163
141
108
89
70
30
20
29
92
47
42
52
64
84
101
93
120
159
226
196
207
226
250
276
294
272
289
315
345
301
288
269
244
220
185
146
157
207
259
262
319
378
433
481
496
505
541
608
627
619
647
671
691
709
693
690
711
762
768
757
766
772
778
785
753
762
790
870
844
855
878
900
928
954
954
979
1016
1087
1057
1076
1101
1127
1158
1178
1166
1191
1227
1259
1223
1216
1206
1194
1183
1153
1110
1106
1129
1140
1093
1089
1085
1084
1085
1061
1042
1058
1114
1118
1111
1139
1153
1151
1134
1080
1014
963
947
876
794
761
736
716
702
642
621
610
630
539
494
456
421
400
386
356
367
393
466
427
444
459
477
497
506
483
498
534
569
537
531
516
492
462
405
329
286
274
252
181
161
148
141
145
130
125
158
237
271
295
358
417
467
507
509
505
505
514
457
378
312
242
174
108
-2
-69
-123
-130
-221
-271
-296
-310
-311
-306
-327
-310
-284
-226
-289
-299
-308
-314
-314
-325
-362
-373
-370
-367
-419
-431
-435
-433
-421
-425
-439
-416
-363
-328
-344
-318
-299
-287
-280
-306
-325
-315
-259
-261
-278
-263
-255
-254
-261
-311
-356
-391
-399
-479
-521
-531
-534
-520
-516
-548
-552
-536
-499
-561
-612
-655
-696
-729
-773
-829
-831
-820
-763
-817
-809
-797
-789
-780
-784
-801
-795
-766
-735
-759
-743
-725
-707
-687
-689
-702
-679
-622
-587
-599
-569
-543
-519
-497
-510
-516
-501
-449
-460
-482
-469
-450
-425
-399
-400
-397
-379
-330
-349
-363
-361
-362
-351
-329
-340
-305
-261
-193
-215
-227
-241
-267
-297
-338
-421
-456
-478
-464
-564
-602
-632
-658
-679
-704
-729
-713
-666
-615
-622
-587
-553
-523
-493
-490
-503
-484
-436
-417
-446
-438
-436
-438
-441
-480
-509
-516
-490
-524
-562
-560
-544
-511
-471
-456
-442
-422
-370
-402
-416
-409
-369
-319
-274
-244
-163
-68
50
74
110
117
131
151
167
126
144
168
227
166
174
191
227
264
288
302
354
436
522
550
631
713
796
890
965
1030
1129
1263
1376
1459
1588
1721
1856
1994
2092
2194
2313
2468
2560
2637
2750
2877
3024
3187
3335
3501
3680
3892
3995
4105
4206
4277
4319
4331
4273
4211
4122
4024
3813
3588
3330
3027
2687
2304
1853
1443
1044
677
227
-158
-521
-866
-1187
-1504
-1811
-2061
-2256
-2420
-2618
-2747
-2856
-2946
-3013
-3091
-3165
-3200
-3197
-3217
-3259
-3240
-3199
-3136
-3055
-2998
-2919
-2813
-2669
-2575
-2493
-2389
-2292
-2195
-2098
-2032
-1949
-1855
-1719
-1694
-1644
-1591
-1549
-1515
-1491
-1499
-1477
-1429
-1340
-1345
-1316
-1287
-1259
-1234
-1216
-1223
-1186
-1138
-1052
-1053
-1024
-989
-954
-920
-904
-911
-892
-834
-781
-789
-746
-706
-667
-630
-625
-620
-587
-524
-501
-508
-474
-435
-393
-346
-335
-320
-293
-242
-251
-285
-304
-326
-341
-350
-386
-390
-376
-310
-346
-341
-318
-296
-271
-250
-259
-241
-210
-151
-178
-167
-152
-143
-132
-131
-169
-159
-134
-90
-116
-101
-84
-71
-59
-66
-87
-78
-46
-22
-61
-50
-37
-21
1
-2
-11
4
46
41
1
-5
-18
-33
-48
-98
-135
-149
-131
-155
-191
-194
-192
-179
-158
-166
-131
-75
32
24
44
65
77
87
94
78
91
117
177
141
147
152
141
143
117
58
16
15
32
-7
14
24
35
36
35
6
13
47
73
44
60
69
94
129
133
138
169
230
234
198
190
180
172
165
135
122
139
191
209
220
258
293
329
364
353
380
419
506
482
487
496
497
498
499
481
503
542
616
582
596
611
624
634
626
582
572
576
579
514
472
423
371
325
264
195
171
186
203
176
206
246
290
334
348
359
395
461
466
434
422
400
380
367
336
326
349
410
432
441
470
492
514
535
508
522
545
608
563
543
529
514
503
487
437
419
416
460
398
399
412
432
457
468
450
461
485
505
485
504
498
512
543
558
560
586
639
655
634
655
679
697
731
738
757
793
876
899
903
932
960
990
1028
1040
1059
1101
1180
1206
1223
1261
1287
1301
1299
1240
1221
1220
1260
1208
1181
1159
1127
1091
1042
959
918
900
939
883
904
938
975
1016
1047
1055
1089
1134
1171
1145
1151
1158
1168
1189
1194
1187
1210
1252
1267
1225
1225
1224
1232
1256
1264
1291
1352
1456
1500
1529
1586
1636
1683
1729
1751
1780
1831
1918
1955
1999
2062
2116
2160
2190
2160
2157
2151
2163
2067
1974
1877
1773
1672
1574
1451
1388
1355
1379
1309
1321
1355
1406
1471
1528
1570
1638
1721
1796
1801
1833
1856
1871
1884
1880
1877
1885
1921
1937
1908
1917
1922
1942
1960
1944
1965
2024
2115
2147
2159
2183
2188
2170
2134
2076
2022
1988
2004
1959
1938
1943
1951
1974
2004
2002
2046
2107
2194
2196
2211
2229
2246
2259
2256
2206
2199
2198
2228
2144
2116
2094
2080
2076
2060
2030
2020
2017
2000
1914
1864
1811
1760
1717
1657
1594
1575
1592
1585
1533
1520
1504
1485
1470
1428
1406
1416
1472
1466
1445
1448
1445
1435
1417
1368
1326
1303
1327
1274
1250
1253
1261
1273
1284
1253
1255
1267
1303
1259
1234
1216
1195
1173
1135
1044
997
956
942
824
760
706
662
630
592
547
533
540
541
476
455
436
426
429
420
408
432
487
509
479
503
489
477
440
388
356
348
398
375
330
305
293
268
241
194
171
180
243
211
222
260
289
321
347
335
353
380
433
405
399
395
390
383
366
300
281
271
276
176
118
65
15
-26
-78
-139
-165
-164
-169
-247
-294
-351
-413
-470
-548
-629
-674
-685
-726
-797
-820
-838
-851
-858
-895
-909
-891
-826
-801
-780
-728
-679
-635
-602
-612
-611
-601
-544
-591
-603
-599
-594
-587
-582
-607
-603
-583
-532
-559
-548
-529
-510
-488
-472
-496
-471
-435
-387
-429
-436
-443
-446
-440
-440
-443
-398
-320
-247
-243
-207
-186
-181
-184
-223
-275
-303
-299
-332
-391
-402
-406
-403
-395
-426
-445
-441
-401
-436
-472
-471
-474
-469
-470
-507
-537
-545
-520
-609
-671
-710
-744
-770
-807
-857
-868
-859
-820
-866
-865
-846
-820
-785
-748
-744
-695
-638
-568
-574
-550
-533
-517
-497
-489
-495
-468
-419
-386
-424
-426
-434
-443
-448
-474
-494
-474
-412
-390
-396
-370
-353
-345
-344
-383
-412
-425
-412
-444
-491
-513
-539
-565
-591
-656
-686
-697
-652
-710
-719
-702
-669
-622
-568
-535
-474
-405
-316
-340
-333
-337
-354
-376
-412
-478
-499
-499
-487
-537
-550
-562
-571
-576
-595
-623
-612
-574
-549
-588
-584
-584
-589
-596
-630
-660
-648
-588
-565
-561
-517
-473
-428
-385
-380
-374
-357
-324
-351
-403
-438
-465
-465
-483
-544
-554
-557
-520
-597
-640
-675
-715
-730
-738
-778
-778
-752
-685
-725
-723
-721
-722
-723
-732
-756
-731
-680
-624
-633
-612
-601
-597
-583
-575
-571
-518
-429
-351
-325
-263
-217
-189
-182
-231
-299
-355
-387
-480
-592
-665
-730
-784
-829
-896
-949
-975
-964
-992
-1019
-1013
-997
-964
-925
-931
-901
-867
-797
-828
-829
-817
-799
-770
-737
-726
-674
-611
-513
-533
-502
-471
-446
-421
-411
-426
-407
-368
-329
-354
-357
-375
-409
-449
-512
-587
-623
-629
-653
-727
-751
-769
-777
-775
-797
-811
-793
-735
-732
-741
-709
-672
-630
-586
-573
-562
-538
-493
-510
-536
-541
-542
-531
-513
-542
-532
-524
-455
-508
-531
-560
-572
-573
-578
-592
-566
-532
-455
-479
-460
-451
-447
-449
-460
-498
-511
-499
-470
-506
-501
-493
-482
-465
-469
-486
-467
-422
-398
-419
-397
-378
-361
-346
-362
-378
-381
-352
-392
-450
-476
-496
-507
-508
-525
-531
-515
-469
-487
-496
-482
-467
-448
-429
-458
-456
-452
-420
-474
-505
-526
-544
-553
-560
-599
-584
-548
-465
-496
-474
-458
-449
-444
-456
-489
-497
-484
-467
-503
-494
-481
-465
-442
-436
-439
-404
-339
-295
-295
-254
-218
-193
-181
-217
-256
-281
-273
-331
-404
-446
-484
-520
-555
-612
-655
-670
-637
-672
-689
-686
-685
-679
-668
-695
-682
-658
-603
-626
-629
-626
-630
-631
-644
-693
-716
-716
-671
-738
-742
-750
-761
-774
-781
-800
-781
-736
-682
-683
-638
-606
-571
-518
-489
-472
-425
-356
-320
-329
-298
-266
-232
-196
-203
-199
-178
-131
-166
-228
-274
-323
-370
-408
-459
-488
-488
-432
-454
-447
-418
-387
-351
-316
-317
-281
-230
-155
-160
-146
-130
-121
-117
-127
-190
-205
-210
-188
-267
-299
-329
-361
-391
-439
-504
-540
-554
-567
-638
-654
-660
-659
-649
-660
-677
-660
-615
-606
-640
-633
-621
-599
-566
-558
-531
-479
-393
-368
-368
-351
-343
-334
-320
-324
-305
-271
-198
-235
-249
-252
-257
-257
-250
-261
-227
-172
-89
-91
-75
-65
-69
-81
-107
-181
-207
-220
-214
-288
-295
-316
-339
-336
-343
-356
-331
-279
-226
-247
-205
-157
-117
-74
-49
-38
-6
36
35
-19
-49
-96
-151
-207
-295
-362
-396
-383
-413
-463
-484
-504
-522
-539
-583
-598
-586
-520
-553
-549
-531
-515
-496
-478
-487
-465
-425
-351
-353
-314
-265
-217
-166
-124
-125
-79
-21
51
42
65
82
83
68
17
-60
-108
-127
-144
-214
-228
-231
-220
-197
-200
-215
-212
-192
-225
-297
-333
-366
-391
-404
-441
-451
-430
-375
-369
-385
-381
-380
-377
-375
-408
-405
-382
-301
-322
-301
-266
-236
-214
-204
-229
-227
-212
-163
-201
-190
-171
-154
-133
-124
-159
-156
-145
-133
-195
-227
-259
-288
-311
-348
-364
-366
-342
-336
-374
-358
-342
-306
-261
-248
-222
-146
-42
5
21
57
81
79
68
11
-24
-47
-36
-66
-106
-115
-121
-116
-100
-122
-105
-70
17
1
23
52
78
100
111
95
109
138
203
170
189
213
237
266
288
280
312
357
404
385
398
417
443
479
504
513
554
613
654
630
646
656
663
673
659
648
670
727
727
693
687
679
675
677
658
661
695
763
787
795
826
855
886
917
903
933
978
1072
1066
1094
1131
1162
1185
1194
1164
1158
1157
1193
1124
1114
1107
1094
1072
1027
947
900
869
844
767
738
724
724
737
735
719
736
777
797
757
767
775
784
779
755
751
774
842
856
838
844
857
860
857
821
794
792
819
780
723
693
643
582
512
390
315
257
246
147
80
38
8
-1
-7
-39
-38
-18
41
-17
-24
-34
-49
-62
-86
-129
-137
-120
-97
-126
-111
-90
-70
-47
-44
-54
-26
30
64
42
62
81
101
126
118
114
134
184
164
114
85
49
12
-24
-88
-150
-194
-206
-273
-336
-374
-409
-438
-464
-536
-563
-577
-551
-607
-632
-642
-645
-639
-633
-659
-642
-612
-538
-573
-539
-497
-455
-414
-391
-393
-376
-352
-337
-383
-393
-405
-419
-430
-464
-510
-523
-510
-527
-598
-624
-649
-669
-680
-719
-750
-746
-688
-702
-738
-718
-698
-673
-643
-650
-656
-668
-641
-696
-755
-796
-825
-841
-841
-881
-862
-828
-763
-785
-791
-793
-799
-806
-822
-874
-872
-862
-807
-858
-847
-832
-809
-781
-761
-758
-731
-688
-652
-682
-677
-680
-689
-699
-731
-766
-759
-719
-705
-737
-727
-715
-700
-676
-682
-678
-655
-601
-615
-642
-641
-642
-642
-640
-656
-660
-644
-589
-614
-618
-607
-605
-611
-627
-688
-712
-719
-688
-723
-726
-714
-700
-680
-663
-684
-651
-607
-533
-572
-564
-562
-568
-579
-611
-661
-683
-686
-690
-750
-759
-763
-761
-752
-762
-773
-745
-683
-650
-660
-623
-582
-536
-484
-463
-426
-366
-272
-240
-222
-173
-126
-49
11
39
82
149
262
279
328
398
443
500
563
590
640
714
816
857
919
1001
1079
1174
1261
1315
1432
1575
1752
1835
1967
2108
2246
2388
2523
2651
2817
3013
3208
3348
3542
3735
3929
4126
4296
4452
4631
4828
4975
5059
5151
5206
5225
5206
5113
4999
4876
4757
4548
4286
4013
3699
3348
2966
2534
2111
1704
1354
911
511
137
-221
-554
-861
-1167
-1410
-1605
-1744
-1939
-2083
-2205
-2312
-2397
-2472
-2573
-2607
-2616
-2594
-2649
-2657
-2654
-2645
-2629
-2627
-2639
-2620
-2577
-2536
-2552
-2518
-2481
-2443
-2401
-2379
-2358
-2302
-2209
-2148
-2119
-2052
-1992
-1934
-1873
-1842
-1790
-1712
-1598
-1532
-1487
-1420
-1360
-1304
-1251
-1236
-1200
-1156
-1058
-1071
-1053
-1025
-993
-950
-913
-899
-848
-793
-710
-693
-643
-597
-552
-505
-465
-466
-435
-401
-346
-381
-394
-415
-446
-472
-511
-561
-565
-543
-520
-560
-547
-539
-532
-524
-532
-531
-490
-413
-376
-370
-331
-296
-261
-223
-216
-192
-141
-57
-18
4
47
82
107
116
71
42
15
29
-69
-127
-168
-203
-231
-255
-296
-300
-284
-228
-261
-246
-224
-205
-183
-168
-187
-160
-116
-62
-74
-53
-30
-6
22
35
37
74
133
176
148
154
142
114
78
6
-69
-112
-113
-152
-211
-229
-243
-249
-251
-279
-288
-269
-217
-210
-221
-213
-208
-204
-202
-245
-249
-235
-166
-196
-190
-176
-168
-168
-164
-194
-203
-223
-181
-239
-236
-207
-185
-151
-136
-132
-92
-39
7
-11
-2
6
2
15
11
-9
12
57
87
60
75
88
97
104
66
24
4
16
-28
-89
-107
-112
-107
-94
-101
-93
-64
-9
-4
-14
-2
12
33
59
47
82
131
222
205
211
221
224
225
218
176
162
153
175
81
44
15
-7
-18
-28
-48
-22
33
96
105
144
180
210
238
241
227
248
297
331
311
335
355
370
383
366
352
365
414
404
379
394
417
451
495
520
553
606
682
694
686
685
674
662
650
596
595
617
687
672
692
728
766
802
826
813
837
872
941
883
896
891
859
838
812
771
765
781
807
756
761
770
775
765
738
695
693
706
715
682
717
762
823
900
956
1021
1110
1233
1292
1321
1372
1420
1463
1499
1502
1498
1500
1518
1454
1379
1316
1244
1172
1099
985
922
889
912
871
867
883
900
922
942
931
968
1021
1113
1087
1116
1145
1167
1180
1168
1132
1122
1132
1146
1106
1109
1113
1113
1116
1103
1089
1122
1193
1241
1240
1282
1323
1367
1417
1437
1465
1520
1619
1654
1669
1705
1728
1741
1746
1723
1707
1715
1764
1741
1726
1724
1716
1712
1712
1677
1694
1733
1810
1812
1835
1863
1884
1902
1908
1869
1877
1899
1961
1915
1930
1949
1967
1987
1989
1982
1997
2007
2010
1954
1949
1941
1934
1942
1916
1880
1902
1954
1960
1920
1922
1927
1941
1961
1950
1967
2002
2068
2068
2045
2044
2036
2022
2012
1974
1946
1937
1977
1932
1906
1889
1864
1839
1810
1744
1719
1710
1734
1687
1667
1657
1640
1617
1577
1490
1456
1440
1467
1401
1400
1409
1424
1444
1450
1442
1460
1495
1521
1479
1478
1473
1463
1451
1410
1358
1337
1342
1313
1241
1209
1179
1158
1149
1115
1102
1113
1159
1141
1107
1098
1084
1067
1050
1010
989
989
1031
968
917
868
805
739
674
583
537
515
527
464
429
405
384
371
357
303
310
341
405
383
413
447
479
510
522
516
536
574
597
543
514
490
448
410
321
250
216
216
196
122
88
42
20
1
-43
-67
-60
-13
-24
-72
-92
-115
-151
-187
-252
-286
-291
-239
-284
-294
-288
-290
-288
-289
-320
-325
-318
-279
-316
-318
-311
-305
-294
-288
-322
-311
-298
-282
-362
-407
-447
-479
-499
-528
-564
-563
-537
-516
-557
-554
-554
-552
-544
-551
-552
-514
-442
-410
-411
-372
-332
-291
-247
-242
-228
-199
-147
-153
-188
-210
-242
-279
-317
-389
-427
-444
-404
-465
-482
-480
-478
-475
-477
-510
-519
-520
-493
-553
-572
-583
-593
-598
-607
-658
-667
-663
-647
-701
-717
-723
-716
-693
-676
-668
-629
-576
-544
-582
-579
-577
-575
-571
-593
-622
-626
-585
-593
-659
-671
-672
-669
-654
-672
-665
-652
-587
-563
-550
-524
-495
-469
-443
-478
-478
-472
-413
-465
-476
-468
-457
-443
-434
-450
-434
-406
-340
-360
-326
-286
-249
-210
-188
-201
-182
-154
-126
-168
-178
-191
-209
-228
-267
-323
-341
-334
-339
-408
-440
-477
-518
-553
-608
-655
-663
-632
-646
-681
-676
-668
-657
-639
-647
-636
-596
-524
-495
-486
-461
-445
-432
-425
-465
-467
-454
-390
-433
-444
-443
-442
-442
-452
-495
-510
-515
-480
-545
-549
-541
-527
-505
-488
-498
-475
-442
-411
-444
-449
-456
-463
-466
-487
-521
-518
-489
-477
-527
-540
-560
-582
-599
-637
-663
-652
-599
-599
-625
-620
-623
-619
-603
-637
-653
-638
-583
-568
-560
-515
-484
-464
-431
-445
-432
-404
-328
-347
-330
-307
-288
-261
-242
-264
-259
-252
-211
-283
-294
-288
-276
-257
-242
-240
-204
-152
-113
-146
-156
-178
-204
-224
-255
-291
-285
-251
-234
-271
-268
-267
-269
-272
-309
-344
-353
-325
-359
-411
-432
-454
-473
-492
-533
-560
-559
-523
-536
-550
-544
-535
-519
-500
-531
-517
-491
-421
-438
-421
-389
-354
-316
-288
-302
-287
-269
-217
-290
-312
-335
-357
-371
-391
-423
-421
-398
-373
-406
-400
-394
-391
-386
-399
-420
-402
-353
-328
-359
-351
-349
-349
-349
-381
-408
-410
-375
-401
-440
-446
-452
-455
-453
-472
-480
-463
-410
-388
-376
-329
-303
-254
-210
-228
-203
-192
-161
-228
-257
-283
-292
-271
-230
-206
-136
-74
16
-20
-17
-21
-36
-55
-93
-150
-183
-199
-221
-313
-368
-424
-480
-529
-593
-654
-670
-648
-643
-678
-665
-646
-622
-595
-600
-593
-556
-476
-456
-449
-416
-392
-374
-360
-370
-371
-350
-287
-294
-282
-250
-219
-190
-167
-195
-195
-188
-149
-185
-196
-199
-203
-201
-202
-239
-225
-198
-140
-192
-191
-190
-194
-199
-216
-246
-250
-238
-233
-292
-311
-333
-358
-382
-429
-478
-481
-441
-417
-428
-393
-361
-331
-299
-301
-294
-267
-209
-221
-250
-249
-247
-240
-230
-245
-248
-234
-180
-215
-226
-217
-202
-179
-154
-153
-110
-87
-30
-47
-48
-41
-45
-46
-67
-112
-107
-84
-38
-82
-76
-70
-87
-102
-131
-171
-179
-161
-148
-199
-209
-223
-241
-256
-293
-333
-328
-285
-269
-292
-270
-253
-235
-221
-244
-256
-246
-201
-216
-247
-253
-261
-269
-276
-316
-344
-362
-336
-407
-441
-453
-457
-449
-433
-443
-420
-385
-326
-352
-354
-353
-359
-362
-373
-423
-420
-401
-354
-393
-386
-377
-369
-355
-352
-357
-322
-254
-186
-179
-122
-61
2
68
112
154
233
347
428
477
564
647
727
802
837
887
964
1083
1156
1222
1323
1431
1541
1645
1707
1781
1860
1976
1974
1999
2034
2072
2119
2177
2219
2302
2408
2547
2594
2672
2762
2816
2864
2914
2928
2996
3075
3174
3183
3215
3258
3296
3314
3305
3278
3281
3311
3333
3297
3315
3334
3343
3340
3290
3215
3155
3120
3043
2928
2841
2749
2659
2565
2435
2316
2209
2126
1982
1810
1663
1520
1383
1250
1081
941
810
728
535
378
236
99
-25
-139
-265
-352
-419
-452
-579
-672
-771
-883
-1004
-1149
-1343
-1502
-1650
-1785
-1979
-2128
-2266
-2396
-2509
-2621
-2732
-2794
-2823
-2854
-2942
-2978
-3009
-3035
-3054
-3100
-3153
-3185
-3194
-3258
-3354
-3415
-3478
-3537
-3589
-3673
-3749
-3811
-3850
-3937
-4040
-4115
-4183
-4239
-4286
-4365
-4400
-4414
-4373
-4436
-4457
-4458
-4457
-4451
-4443
-4453
-4425
-4377
-4293
-4312
-4289
-4265
-4243
-4217
-4194
-4205
-4142
-4086
-4013
-4017
-3970
-3919
-3883
-3838
-3831
-3856
-3857
-3827
-3830
-3898
-3913
-3919
-3903
-3877
-3871
-3851
-3783
-3681
-3619
-3572
-3477
-3369
-3250
-3120
-3010
-2884
-2730
-2544
-2407
-2291
-2162
-2042
-1919
-1795
-1716
-1594
-1458
-1273
-1192
-1083
-970
-866
-772
-690
-642
-569
-491
-382
-388
-344
-300
-260
-220
-191
-190
-151
-91
-22
-2
59
128
200
279
339
387
473
589
688
728
811
891
968
1043
1084
1121
1176
1259
1282
1283
1320
1357
1397
1441
1457
1478
1513
1570
1571
1551
1537
1505
1464
1418
1328
1289
1272
1307
1257
1245
1248
1248
1248
1242
1205
1212
1243
1324
1302
1344
1396
1449
1506
1548
1565
1609
1666
1714
1688
1677
1652
1609
1564
1464
1354
1286
1240
1183
1075
1017
961
936
920
883
850
852
899
891
854
851
854
853
848
816
790
787
812
775
733
707
678
649
631
574
572
596
675
675
706
740
768
795
811
788
803
825
884
827
830
834
831
822
790
730
692
667
644
566
536
517
509
515
507
486
495
526
531
487
490
497
514
541
543
552
582
644
637
607
601
588
572
559
529
516
531
589
585
592
621
652
686
719
710
743
793
873
864
865
863
848
823
777
680
621
568
558
451
423
419
432
461
488
505
549
610
664
654
685
720
761
811
842
863
912
989
1049
1028
1033
1045
1053
1066
1048
1042
1055
1089
1071
1037
1019
999
985
974
950
936
956
1019
1004
1005
1027
1054
1087
1121
1115
1152
1201
1276
1280
1316
1366
1416
1469
1508
1504
1547
1600
1687
1670
1710
1750
1785
1817
1830
1825
1842
1872
1892
1849
1854
1860
1871
1890
1893
1895
1938
2019
2074
2087
2139
2187
2236
2289
2311
2348
2412
2513
2549
2564
2597
2615
2623
2622
2594
2579
2585
2643
2622
2642
2690
2749
2818
2891
2931
3004
3087
3195
3220
3262
3303
3333
3357
3365
3321
3323
3333
3366
3301
3289
3287
3294
3311
3321
3327
3369
3439
3507
3512
3562
3615
3671
3736
3785
3831
3910
4015
4080
4099
4153
4201
4241
4311
4322
4358
4417
4530
4591
4625
4684
4723
4732
4739
4728
4728
4741
4814
4786
4799
4820
4838
4855
4883
4873
4905
4964
5067
5103
5177
5263
5349
5425
5476
5465
5479
5480
5481
5384
5332
5283
5230
5183
5130
5073
5051
5054
5052
4983
4953
4919
4885
4858
4811
4763
4751
4773
4757
4704
4685
4662
4638
4613
4553
4515
4508
4544
4534
4508
4505
4498
4490
4481
4438
4418
4411
4455
4393
4368
4357
4342
4324
4300
4241
4202
4166
4150
4043
3972
3910
3852
3804
3752
3664
3627
3606
3602
3523
3482
3443
3405
3374
3330
3272
3247
3242
3224
3136
3086
3032
2975
2919
2836
2753
2706
2698
2648
2564
2513
2454
2389
2319
2213
2129
2081
2076
2042
1987
1954
1897
1845
1803
1718
1673
1641
1649
1540
1486
1441
1395
1349
1298
1217
1162
1101
1069
957
887
823
764
712
660
583
554
549
553
494
466
443
424
412
380
334
319
328
324
258
231
195
150
100
17
-73
-133
-157
-227
-325
-389
-452
-511
-560
-628
-669
-671
-633
-631
-647
-646
-659
-687
-732
-832
-902
-961
-967
-1071
-1128
-1159
-1179
-1184
-1181
-1201
-1193
-1177
-1133
-1198
-1217
-1236
-1257
-1270
-1287
-1328
-1326
-1307
-1284
-1320
-1319
-1309
-1293
-1266
-1251
-1249
-1210
-1147
-1104
-1124
-1104
-1092
-1087
-1083
-1102
-1111
-1084
-1016
-1001
-1012
-993
-980
-970
-961
-982
-992
-977
-933
-935
-951
-948
-952
-961
-986
-1060
-1090
-1128
-1134
-1217
-1260
-1280
-1283
-1280
-1273
-1307
-1293
-1266
-1204
-1250
-1227
-1196
-1157
-1119
-1077
-1060
-1011
-948
-890
-898
-879
-865
-853
-832
-826
-839
-808
-742
-688
-682
-624
-562
-494
-424
-383
-337
-259
-138
-71
-20
69
163
264
371
453
544
658
800
889
965
1054
1126
1183
1217
1184
1175
1162
1175
1084
1016
956
895
834
762
654
579
509
471
313
211
108
3
-103
-222
-363
-471
-559
-645
-789
-897
-1009
-1128
-1251
-1398
-1558
-1679
-1771
-1881
-2044
-2162
-2278
-2394
-2513
-2670
-2827
-2966
-3071
-3237
-3417
-3564
-3708
-3846
-3978
-4130
-4271
-4394
-4488
-4643
-4799
-4937
-5074
-5207
-5341
-5529
-5685
-5843
-5978
-6209
-6429
-6617
-6827
-7032
-7232
-7447
-7605
-7749
-7843
-8047
-8208
-8350
-8478
-8607
-8756
-8913
-9046
-9151
-9267
-9433
-9560
-9667
-9775
-9869
-9969
-10063
-10107
-10108
-10122
-10178
-10200
-10229
-10254
-10276
-10322
-10351
-10350
-10298
-10294
-10296
-10257
-10209
-10153
-10092
-10052
-10004
-9936
-9828
-9783
-9716
-9617
-9509
-9384
-9247
-9141
-8990
-8823
-8622
-8500
-8358
-8209
-8061
-7905
-7746
-7617
-7435
-7236
-6999
-6875
-6698
-6522
-6348
-6169
-6001
-5845
-5662
-5460
-5263
-5125
-4938
-4741
-4537
-4323
-4131
-3952
-3746
-3518
-3320
-3168
-2974
-2782
-2596
-2415
-2273
-2129
-1971
-1783
-1662
-1558
-1430
-1310
-1194
-1083
-999
-910
-810
-675
-631
-577
-512
-453
-391
-329
-306
-251
-193
-118
-128
-121
-111
-107
-104
-110
-159
-146
-123
-76
-142
-148
-137
-127
-104
-82
-77
-39
43
122
131
186
240
294
348
361
354
386
436
446
410
412
415
416
413
376
347
346
381
366
343
356
369
392
423
437
473
531
635
639
664
700
730
761
791
787
815
852
911
892
901
920
939
963
984
964
996
1037
1094
1050
1047
1041
1032
1019
983
924
891
880
869
806
798
800
808
822
813
801
821
870
882
857
877
899
925
954
950
967
1013
1102
1141
1164
1209
1247
1281
1310
1302
1310
1334
1411
1386
1396
1419
1440
1459
1472
1447
1440
1438
1457
1385
1335
1283
1227
1178
1131
1055
1044
1063
1114
1091
1113
1134
1165
1199
1210
1188
1225
1289
1354
1373
1430
1486
1514
1543
1526
1490
1474
1491
1468
1414
1393
1393
1404
1421
1408
1411
1441
1506
1522
1521
1548
1576
1600
1630
1629
1656
1693
1780
1754
1757
1759
1752
1742
1730
1693
1689
1711
1777
1767
1801
1841
1875
1909
1932
1918
1956
2017
2102
2122
2183
2246
2306
2361
2390
2395
2425
2472
2504
2469
2480
2493
2509
2528
2519
2508
2530
2591
2612
2608
2646
2688
2734
2785
2803
2832
2880
2952
2973
2968
2981
2989
3000
3015
2995
3015
3057
3158
3155
3190
3236
3277
3316
3351
3358
3399
3464
3572
3584
3637
3684
3719
3749
3765
3743
3762
3796
3837
3811
3815
3818
3816
3817
3800
3766
3765
3784
3816
3779
3774
3779
3796
3824
3833
3850
3910
3983
4016
4023
4061
4086
4124
4164
4184
4204
4256
4327
4356
4355
4370
4375
4381
4387
4352
4362
4399
4489
4480
4518
4573
4628
4681
4723
4731
4768
4815
4900
4880
4909
4935
4951
4965
4965
4937
4948
4980
5019
4998
5008
5017
5022
5027
5007
4962
4944
4945
4928
4852
4824
4800
4781
4773
4743
4721
4730
4772
4751
4702
4684
4665
4652
4648
4625
4620
4642
4692
4692
4677
4679
4674
4667
4661
4612
4608
4619
4675
4630
4612
4597
4575
4551
4523
4468
4453
4459
4512
4459
4470
4488
4506
4515
4497
4435
4387
4335
4268
4138
4047
3963
3883
3810
3721
3623
3566
3541
3500
3408
3364
3324
3287
3261
3207
3141
3098
3084
3004
2887
2792
2700
2595
2493
2395
2318
2264
2256
2202
2145
2107
2056
1998
1950
1853
1801
1766
1773
1691
1634
1578
1522
1463
1398
1291
1224
1165
1147
1018
959
915
873
834
786
720
686
673
662
595
573
560
559
571
569
559
586
637
658
622
623
620
615
607
558
509
481
485
418
329
262
190
121
61
-13
-73
-104
-90
-131
-166
-187
-214
-243
-273
-350
-380
-390
-357
-397
-403
-393
-382
-371
-371
-416
-419
-411
-361
-418
-407
-388
-367
-349
-355
-391
-410
-417
-429
-501
-528
-546
-550
-535
-535
-546
-530
-495
-497
-558
-589
-631
-678
-725
-798
-846
-851
-803
-818
-837
-843
-856
-903
-932
-989
-1045
-1068
-1066
-1128
-1181
-1196
-1218
-1234
-1248
-1296
-1302
-1291
-1258
-1282
-1271
-1251
-1230
-1207
-1188
-1213
-1195
-1175
-1126
-1188
-1196
-1193
-1183
-1163
-1153
-1153
-1123
-1075
-1034
-1058
-1041
-1025
-1008
-983
-976
-975
-943
-885
-859
-879
-859
-840
-822
-798
-801
-783
-737
-653
-639
-660
-679
-723
-785
-861
-964
-1054
-1120
-1136
-1230
-1292
-1327
-1354
-1374
-1391
-1442
-1453
-1444
-1394
-1405
-1382
-1343
-1305
-1267
-1238
-1256
-1230
-1199
-1144
-1196
-1202
-1204
-1204
-1198
-1202
-1211
-1188
-1145
-1111
-1148
-1148
-1153
-1158
-1160
-1183
-1210
-1199
-1153
-1139
-1168
-1157
-1149
-1140
-1130
-1152
-1155
-1130
-1066
-1058
-1067
-1053
-1050
-1053
-1059
-1097
-1100
-1091
-1059
-1103
-1099
-1071
-1038
-1004
-963
-974
-935
-883
-802
-807
-769
-721
-668
-631
-596
-614
-583
-559
-523
-588
-612
-635
-658
-678
-707
-746
-753
-738
-745
-836
-897
-963
-1025
-1070
-1129
-1183
-1200
-1190
-1225
-1304
-1349
-1398
-1444
-1480
-1537
-1560
-1543
-1477
-1456
-1448
-1415
-1383
-1350
-1318
-1321
-1305
-1279
-1211
-1252
-1261
-1255
-1246
-1234
-1224
-1245
-1237
-1214
-1161
-1187
-1178
-1164
-1151
-1130
-1112
-1130
-1098
-1054
-998
-1026
-1018
-1009
-1000
-986
-985
-996
-972
-928
-894
-927
-921
-925
-937
-949
-983
-1016
-1011
-971
-971
-1002
-990
-975
-957
-940
-965
-985
-983
-947
-955
-979
-976
-973
-968
-964
-1001
-1016
-1026
-989
-1061
-1093
-1096
-1084
-1090
-1091
-1113
-1102
-1080
-1031
-1062
-1065
-1071
-1062
-1047
-1054
-1091
-1077
-1049
-1012
-1050
-1055
-1049
-1043
-1035
-1038
-1056
-1037
-993
-960
-979
-956
-935
-914
-885
-885
-886
-858
-794
-773
-786
-771
-768
-773
-779
-819
-842
-841
-807
-813
-826
-809
-786
-759
-738
-770
-783
-795
-765
-841
-876
-892
-908
-921
-934
-969
-970
-950
-887
-921
-906
-892
-881
-870
-872
-907
-902
-885
-865
-914
-932
-950
-968
-978
-998
-1020
-994
-933
-876
-870
-814
-763
-717
-679
-672
-663
-621
-542
-512
-506
-468
-441
-424
-416
-447
-473
-479
-455
-470
-493
-487
-483
-476
-464
-492
-475
-441
-357
-378
-363
-330
-290
-242
-196
-180
-143
-80
-3
-29
-28
-7
2
2
7
-25
-15
12
64
44
55
63
70
82
76
49
71
130
166
151
185
225
267
311
323
333
366
428
437
427
456
485
512
538
530
519
521
547
525
495
491
494
503
514
476
474
478
519
458
423
397
374
360
350
315
318
335
391
333
335
341
346
352
346
320
327
351
373
332
321
306
284
257
204
131
85
58
9
-90
-142
-192
-241
-290
-369
-438
-474
-462
-498
-540
-536
-519
-488
-450
-434
-415
-386
-339
-357
-382
-383
-381
-375
-373
-422
-433
-435
-401
-454
-480
-492
-495
-486
-475
-492
-462
-416
-325
-344
-301
-255
-212
-159
-121
-138
-126
-104
-103
-164
-205
-256
-339
-414
-522
-640
-731
-780
-842
-935
-989
-1023
-1045
-1056
-1099
-1134
-1143
-1109
-1137
-1179
-1184
-1179
-1163
-1140
-1130
-1113
-1076
-1006
-998
-981
-938
-895
-846
-797
-801
-779
-765
-737
-809
-874
-945
-1028
-1108
-1182
-1277
-1307
-1309
-1267
-1333
-1338
-1341
-1345
-1348
-1365
-1397
-1398
-1377
-1355
-1391
-1380
-1365
-1348
-1331
-1341
-1367
-1361
-1325
-1311
-1336
-1315
-1290
-1261
-1224
-1215
-1192
-1141
-1051
-1025
-1016
-982
-951
-921
-892
-888
-878
-860
-818
-870
-925
-978
-1043
-1108
-1171
-1274
-1337
-1381
-1385
-1455
-1492
-1511
-1522
-1519
-1509
-1526
-1481
-1416
-1316
-1326
-1290
-1258
-1231
-1206
-1199
-1208
-1194
-1166
-1137
-1157
-1166
-1185
-1208
-1233
-1283
-1341
-1350
-1332
-1343
-1370
-1339
-1311
-1271
-1223
-1212
-1191
-1160
-1098
-1098
-1119
-1120
-1120
-1116
-1105
-1115
-1114
-1093
-1033
-1071
-1086
-1084
-1085
-1083
-1082
-1122
-1129
-1126
-1091
-1125
-1131
-1126
-1121
-1113
-1112
-1153
-1136
-1099
-1032
-1060
-1038
-1014
-993
-975
-976
-993
-986
-967
-963
-1031
-1055
-1077
-1094
-1102
-1131
-1164
-1162
-1127
-1125
-1160
-1151
-1142
-1130
-1113
-1134
-1147
-1146
-1116
-1144
-1189
-1206
-1221
-1228
-1224
-1237
-1221
-1183
-1094
-1103
-1077
-1032
-984
-926
-865
-832
-766
-685
-578
-555
-507
-457
-418
-385
-360
-372
-319
-242
-135
-107
-30
51
130
208
266
306
370
452
526
538
602
674
752
831
912
962
1057
1164
1245
1285
1354
1445
1542
1659
1763
1922
2109
2338
2519
2679
2869
3052
3235
3424
3587
3759
3941
4168
4280
4416
4546
4646
4717
4753
4727
4697
4648
4600
4437
4280
4102
3882
3614
3285
2866
2454
2033
1624
1148
728
329
-53
-415
-774
-1124
-1412
-1643
-1845
-2076
-2231
-2360
-2463
-2541
-2631
-2718
-2774
-2802
-2878
-2987
-3051
-3101
-3130
-3140
-3169
-3173
-3142
-3066
-3026
-2999
-2950
-2908
-2869
-2833
-2838
-2812
-2773
-2681
-2696
-2675
-2644
-2612
-2574
-2534
-2513
-2456
-2374
-2249
-2208
-2118
-2020
-1922
-1822
-1736
-1691
-1600
-1489
-1366
-1310
-1220
-1128
-1041
-956
-897
-861
-798
-718
-658
-668
-642
-624
-610
-596
-610
-622
-599
-538
-524
-540
-528
-522
-541
-543
-559
-558
-521
-462
-455
-484
-485
-509
-541
-592
-685
-736
-766
-752
-831
-860
-873
-886
-889
-888
-903
-887
-860
-791
-816
-782
-745
-704
-663
-638
-653
-629
-591
-551
-579
-578
-577
-573
-560
-556
-563
-534
-483
-454
-495
-498
-502
-503
-494
-503
-502
-465
-385
-356
-351
-316
-288
-263
-239
-246
-249
-237
-202
-217
-251
-266
-287
-308
-330
-392
-407
-399
-337
-366
-357
-332
-309
-286
-270
-286
-267
-229
-145
-161
-116
-69
-28
9
31
25
52
94
129
97
91
83
74
73
54
20
19
40
36
-26
-47
-66
-83
-92
-126
-151
-143
-97
-114
-157
-175
-198
-223
-246
-297
-333
-325
-308
-346
-375
-384
-395
-405
-412
-467
-488
-479
-418
-450
-440
-404
-362
-312
-273
-262
-218
-166
-77
-101
-65
-26
10
37
49
37
47
73
94
50
43
47
62
95
110
109
139
187
204
157
145
129
113
96
44
-2
-17
18
5
-11
17
54
98
149
175
204
246
311
309
300
303
298
289
272
205
180
170
204
162
152
155
161
169
168
126
126
139
194
139
149
168
187
207
213
196
204
229
251
214
216
217
218
227
223
218
258
332
381
376
406
426
437
444
411
384
382
424
405
372
361
341
321
307
279
268
285
347
348
365
403
475
526
583
580
626
681
757
764
790
813
847
904
950
947
993
1040
1123
1073
1067
1052
1046
1033
1012
979
974
979
969
886
840
789
740
706
660
617
620
660
679
654
668
682
702
734
741
770
831
936
980
1012
1069
1117
1155
1187
1191
1206
1243
1325
1324
1340
1366
1383
1397
1406
1373
1370
1374
1401
1343
1300
1263
1227
1198
1169
1101
1087
1083
1108
1026
995
972
959
960
959
956
988
1043
1092
1073
1093
1110
1128
1152
1156
1154
1190
1256
1290
1274
1289
1295
1299
1306
1280
1271
1288
1345
1345
1331
1340
1345
1346
1346
1321
1314
1330
1394
1368
1370
1390
1411
1440
1475
1477
1509
1552
1608
1586
1567
1560
1565
1576
1596
1581
1617
1665
1753
1733
1741
1729
1702
1668
1613
1533
1488
1482
1473
1401
1374
1342
1304
1258
1180
1094
1036
1010
943
846
795
748
702
662
586
531
501
514
482
447
447
450
453
451
408
374
347
365
287
252
244
249
268
298
308
352
404
474
449
440
428
412
402
391
344
354
377
418
373
366
358
349
343
323
294
302
335
360
315
305
281
248
213
152
89
68
89
86
60
79
100
121
139
114
98
100
136
125
100
99
88
71
45
-24
-73
-115
-113
-229
-316
-395
-476
-549
-617
-706
-761
-797
-796
-876
-910
-931
-950
-951
-936
-967
-958
-909
-843
-847
-809
-772
-734
-712
-698
-705
-688
-649
-611
-635
-613
-602
-584
-572
-598
-632
-629
-577
-550
-543
-495
-443
-393
-354
-350
-336
-308
-260
-268
-304
-317
-340
-365
-388
-449
-478
-496
-463
-538
-573
-593
-608
-617
-621
-647
-648
-642
-617
-702
-751
-802
-857
-901
-942
-1007
-1019
-1005
-973
-997
-981
-957
-927
-889
-859
-836
-769
-670
-580
-552
-483
-424
-375
-337
-343
-368
-378
-362
-397
-458
-484
-509
-527
-539
-581
-616
-637
-637
-685
-750
-794
-838
-872
-898
-961
-980
-980
-927
-979
-994
-996
-995
-985
-969
-973
-939
-888
-800
-819
-790
-761
-734
-696
-658
-639
-572
-486
-407
-369
-331
-311
-308
-308
-344
-420
-464
-487
-545
-641
-668
-693
-721
-737
-785
-824
-843
-818
-845
-874
-869
-857
-839
-817
-825
-832
-825
-792
-813
-845
-845
-839
-819
-786
-790
-742
-677
-569
-566
-537
-502
-473
-446
-423
-429
-400
-358
-282
-325
-315
-308
-311
-322
-350
-403
-417
-406
-388
-426
-430
-434
-442
-450
-480
-524
-527
-496
-478
-508
-491
-474
-455
-432
-443
-457
-446
-398
-409
-439
-437
-435
-432
-425
-443
-454
-446
-410
-429
-458
-468
-476
-473
-464
-501
-497
-491
-457
-524
-570
-607
-641
-663
-682
-722
-712
-681
-607
-647
-626
-602
-582
-564
-559
-575
-561
-523
-479
-484
-446
-402
-359
-315
-286
-277
-240
-188
-155
-165
-141
-124
-115
-131
-197
-251
-291
-305
-384
-478
-533
-578
-622
-659
-694
-722
-725
-689
-710
-720
-704
-688
-665
-645
-668
-648
-605
-521
-515
-489
-454
-425
-399
-387
-417
-403
-374
-309
-363
-363
-362
-364
-364
-376
-402
-398
-372
-346
-380
-378
-377
-376
-371
-389
-421
-422
-398
-402
-456
-468
-475
-474
-466
-490
-501
-483
-424
-432
-457
-454
-448
-434
-416
-421
-418
-398
-344
-366
-380
-382
-394
-405
-412
-457
-457
-439
-386
-411
-415
-416
-426
-441
-471
-544
-566
-569
-525
-583
-577
-568
-562
-564
-586
-627
-641
-629
-613
-651
-638
-620
-597
-565
-551
-543
-496
-414
-357
-347
-284
-220
-167
-138
-129
-118
-86
-12
-15
-28
-26
-9
9
32
35
59
104
186
158
144
129
88
35
-24
-115
-164
-193
-189
-253
-288
-322
-357
-392
-433
-516
-543
-557
-538
-619
-644
-661
-673
-681
-700
-728
-729
-712
-699
-749
-751
-750
-746
-733
-736
-743
-715
-659
-638
-659
-637
-610
-579
-545
-546
-534
-507
-448
-452
-473
-463
-446
-419
-381
-362
-324
-275
-194
-233
-264
-299
-346
-394
-437
-506
-533
-534
-494
-513
-490
-449
-407
-365
-337
-361
-342
-321
-283
-340
-353
-366
-380
-390
-414
-448
-447
-420
-394
-433
-427
-424
-421
-413
-428
-450
-447
-423
-445
-509
-535
-559
-577
-584
-615
-626
-584
-522
-531
-552
-543
-535
-529
-520
-531
-535
-508
-427
-456
-471
-471
-480
-482
-499
-534
-540
-520
-479
-524
-542
-555
-569
-577
-589
-636
-636
-623
-586
-626
-621
-611
-604
-594
-598
-616
-600
-563
-539
-583
-586
-589
-587
-579
-594
-616
-609
-575
-585
-625
-620
-602
-569
-523
-503
-464
-401
-311
-277
-269
-245
-234
-231
-237
-288
-313
-321
-270
-313
-309
-286
-268
-259
-267
-319
-356
-384
-378
-455
-485
-507
-531
-551
-576
-632
-636
-619
-590
-630
-630
-621
-599
-560
-524
-494
-428
-349
-294
-319
-314
-321
-336
-355
-403
-454
-474
-459
-490
-552
-581
-615
-647
-673
-723
-749
-740
-689
-670
-661
-626
-589
-554
-535
-561
-556
-532
-460
-491
-473
-456
-444
-407
-372
-374
-343
-296
-206
-204
-152
-92
-14
61
119
139
195
265
338
341
382
422
465
515
557
583
638
702
736
694
680
652
618
584
524
465
437
444
401
334
305
277
252
233
189
160
156
186
178
159
166
176
192
213
198
228
278
382
387
425
470
508
546
574
568
587
610
662
602
598
600
604
619
630
616
636
666
692
657
658
671
694
727
743
746
784
845
886
866
885
898
