0
72
173
292
339
426
520
618
717
797
863
962
1081
1182
1210
1275
1332
1380
1429
1452
1476
1536
1634
1689
1708
1755
1792
1822
1852
1847
1855
1884
1941
1946
1924
1914
1889
1855
1812
1723
1662
1616
1625
1528
1473
1442
1425
1424
1427
1401
1397
1401
1434
1356
1341
1308
1257
1216
1183
1128
1120
1132
1151
1078
1049
1028
1013
1003
999
990
1031
1084
1131
1108
1139
1158
1176
1193
1183
1169
1180
1215
1194
1126
1077
1022
963
905
817
746
708
716
692
669
679
689
701
711
676
681
699
765
729
730
745
758
773
780
756
756
763
806
743
733
728
728
736
738
717
738
778
822
805
819
830
836
839
816
768
744
734
697
594
529
463
403
359
301
260
263
315
322
311
336
358
380
400
383
360
346
354
310
252
214
171
129
81
-13
-59
-79
-35
-74
-69
-42
-5
46
95
106
135
157
201
121
94
69
42
22
-5
-37
-29
-13
-2
-47
-42
-39
-36
-19
-32
-63
-40
5
15
-35
-51
-72
-94
-119
-176
-206
-201
-150
-145
-150
-114
-79
-47
-15
-23
-36
-45
-32
-75
-119
-139
-153
-155
-152
-195
-198
-187
-134
-175
-191
-198
-201
-195
-187
-208
-188
-157
-88
-134
-119
-103
-88
-67
-52
-50
-15
35
79
54
57
52
42
34
10
-22
-14
27
50
24
41
56
70
83
60
40
41
80
58
22
19
17
19
25
12
8
22
67
48
33
38
42
50
62
31
37
50
95
49
22
2
-18
-33
-44
-80
-54
-3
94
81
127
180
239
311
381
441
535
650
764
815
900
996
1082
1161
1182
1197
1227
1271
1290
1238
1229
1208
1210
1216
1197
1194
1229
1318
1355
1369
1425
1481
1530
1579
1603
1637
1693
1789
1813
1858
1934
2013
2106
2203
2260
2355
2467
2622
2713
2836
2978
3131
3296
3467
3607
3804
4009
4233
4328
4453
4550
4609
4635
4614
4545
4472
4389
4277
4078
3894
3675
3413
3109
2733
2308
1892
1494
1065
599
188
-211
-597
-961
-1332
-1651
-1898
-2055
-2224
-2366
-2447
-2503
-2540
-2565
-2608
-2635
-2643
-2605
-2648
-2662
-2651
-2630
-2590
-2535
-2503
-2427
-2332
-2207
-2160
-2093
-2026
-1966
-1905
-1843
-1818
-1738
-1644
-1521
-1501
-1439
-1385
-1336
-1284
-1242
-1206
-1136
-1045
-960
-948
-902
-867
-839
-815
-820
-838
-831
-774
-756
-799
-783
-755
-723
-686
-687
-665
-642
-565
-543
-529
-492
-437
-372
-292
-251
-190
-127
-23
-33
-21
4
29
59
88
85
118
157
215
192
192
192
187
184
176
134
144
172
228
197
212
227
244
270
286
294
337
405
471
471
513
548
573
594
587
572
584
624
626
593
602
612
622
629
593
569
567
601
585
553
546
536
534
540
520
520
528
576
511
475
446
410
374
341
282
254
242
259
193
160
130
94
60
17
-63
-84
-81
-48
-84
-74
-60
-48
-36
-44
-68
-59
-25
4
-24
0
28
59
93
99
96
123
182
199
180
196
208
232
270
256
259
286
351
364
358
390
413
441
499
530
580
644
748
731
736
738
724
718
699
647
623
611
631
557
520
496
470
450
425
374
380
414
469
467
513
564
617
672
708
731
788
870
940
944
989
1027
1062
1097
1101
1098
1117
1158
1134
1061
1010
949
887
829
740
668
622
613
571
525
517
521
536
557
542
568
611
705
689
707
732
751
768
778
759
770
803
879
859
887
914
929
936
924
876
868
878
893
843
823
804
789
785
770
746
759
794
813
774
785
803
832
871
888
908
956
1033
1052
1041
1059
1071
1082
1094
1076
1067
1076
1103
1101
1066
1061
1037
1046
1064
1045
1091
1138
1231
1210
1231
1240
1236
1223
1202
1154
1135
1112
1132
1048
1008
970
924
882
832
760
733
733
749
713
722
738
761
791
804
808
851
923
981
988
1045
1107
1176
1248
1292
1333
1392
1477
1494
1478
1482
1474
1466
1469
1457
1466
1506
1575
1592
1595
1613
1624
1636
1650
1627
1657
1712
1817
1832
1877
1926
1965
1991
1996
1957
1950
1956
2010
1963
1988
2028
2071
2118
2151
2159
2195
2249
2305
2303
2340
2379
2414
2441
2435
2400
2386
2382
2347
2254
2210
2176
2154
2148
2126
2118
2143
2209
2214
2199
2211
2217
2222
2232
2226
2235
2270
2333
2335
2327
2332
2330
2326
2316
2271
2271
2258
2302
2269
2261
2267
2262
2263
2240
2200
2198
2212
2256
2197
2203
2222
2231
2255
2271
2274
2298
2331
2354
2319
2324
2335
2350
2370
2359
2324
2315
2322
2291
2203
2160
2124
2107
2105
2086
2083
2109
2169
2155
2114
2094
2066
2033
1998
1943
1898
1871
1875
1810
1752
1713
1670
1627
1584
1497
1455
1432
1452
1400
1378
1370
1363
1356
1339
1280
1267
1269
1308
1234
1222
1218
1217
1219
1206
1172
1160
1159
1147
1069
1029
992
962
940
901
855
845
862
846
777
738
691
636
581
493
419
376
381
333
278
257
235
214
195
156
131
130
172
140
129
138
148
160
175
152
167
192
247
224
230
254
245
237
223
163
143
121
135
29
-32
-68
-88
-103
-119
-143
-143
-128
-127
-196
-220
-245
-272
-292
-331
-369
-364
-324
-312
-354
-370
-399
-434
-477
-553
-611
-634
-600
-616
-637
-623
-609
-594
-579
-593
-597
-586
-533
-573
-587
-582
-575
-561
-541
-551
-524
-483
-409
-407
-376
-334
-292
-248
-212
-222
-186
-145
-85
-129
-130
-131
-131
-125
-131
-150
-143
-118
-105
-161
-171
-174
-165
-145
-144
-150
-123
-68
-54
-90
-100
-123
-154
-189
-263
-325
-367
-377
-445
-531
-591
-648
-692
-723
-770
-794
-797
-750
-799
-810
-802
-791
-778
-766
-786
-775
-751
-700
-727
-721
-707
-694
-679
-674
-720
-695
-686
-647
-717
-726
-733
-747
-741
-760
-793
-788
-734
-690
-708
-680
-653
-619
-583
-572
-552
-484
-392
-338
-326
-281
-245
-216
-190
-208
-217
-212
-178
-204
-255
-287
-325
-367
-419
-515
-592
-660
-678
-798
-873
-922
-959
-980
-989
-1019
-1016
-995
-940
-964
-944
-916
-887
-855
-831
-848
-819
-784
-746
-796
-815
-838
-863
-884
-915
-950
-941
-900
-859
-876
-846
-815
-781
-738
-711
-679
-608
-504
-448
-434
-397
-376
-369
-370
-415
-453
-474
-467
-509
-569
-603
-631
-649
-653
-680
-663
-625
-533
-551
-535
-508
-482
-454
-432
-446
-445
-443
-419
-494
-526
-550
-569
-574
-576
-600
-573
-530
-488
-523
-531
-543
-551
-547
-581
-609
-586
-541
-507
-547
-547
-563
-563
-560
-574
-593
-572
-514
-502
-537
-540
-550
-571
-603
-673
-735
-770
-767
-791
-807
-777
-734
-685
-634
-635
-614
-599
-545
-614
-647
-669
-683
-687
-689
-716
-715
-703
-660
-721
-736
-750
-767
-776
-786
-815
-793
-745
-689
-697
-674
-654
-636
-620
-625
-645
-628
-584
-555
-584
-568
-554
-543
-538
-568
-598
-596
-553
-558
-585
-573
-555
-531
-503
-503
-493
-463
-403
-385
-376
-342
-308
-273
-238
-249
-218
-176
-91
-108
-94
-77
-73
-78
-94
-145
-175
-210
-227
-371
-462
-545
-614
-660
-694
-732
-719
-675
-622
-628
-612
-610
-624
-646
-695
-759
-791
-790
-788
-867
-902
-918
-928
-929
-955
-964
-942
-885
-862
-849
-808
-760
-699
-633
-595
-563
-518
-453
-449
-464
-461
-457
-442
-426
-462
-455
-439
-388
-433
-445
-446
-443
-434
-425
-440
-413
-370
-286
-315
-286
-259
-242
-231
-233
-252
-234
-196
-160
-186
-184
-194
-216
-247
-311
-399
-456
-481
-522
-611
-652
-690
-723
-749
-794
-819
-804
-738
-723
-717
-680
-652
-632
-621
-645
-670
-679
-660
-700
-731
-729
-713
-685
-652
-665
-639
-607
-545
-572
-576
-570
-562
-546
-527
-535
-491
-431
-333
-352
-318
-289
-264
-235
-214
-203
-160
-96
-35
-36
-2
24
39
48
30
-11
-31
-35
-74
-168
-220
-270
-320
-336
-410
-469
-515
-500
-531
-569
-552
-538
-533
-523
-521
-526
-520
-475
-505
-522
-535
-557
-574
-574
-617
-612
-592
-537
-562
-565
-560
-553
-549
-553
-594
-582
-557
-499
-564
-574
-584
-597
-605
-624
-649
-638
-596
-550
-563
-537
-516
-498
-479
-485
-502
-487
-439
-411
-421
-379
-334
-286
-239
-231
-218
-186
-120
-123
-148
-155
-173
-196
-226
-284
-333
-358
-335
-388
-417
-425
-432
-432
-431
-464
-455
-431
-380
-407
-420
-434
-455
-473
-494
-551
-549
-527
-467
-503
-483
-458
-432
-403
-390
-394
-373
-334
-297
-323
-307
-302
-314
-336
-396
-470
-509
-512
-539
-601
-617
-627
-633
-633
-663
-674
-658
-602
-601
-615
-594
-590
-572
-539
-539
-521
-495
-443
-508
-540
-566
-589
-607
-613
-640
-621
-595
-534
-540
-531
-531
-540
-550
-564
-618
-615
-588
-525
-541
-505
-456
-407
-357
-332
-320
-284
-226
-172
-174
-124
-73
-25
18
24
10
11
27
-3
-81
-122
-162
-195
-224
-285
-327
-339
-307
-325
-359
-364
-367
-364
-356
-378
-383
-379
-333
-398
-436
-459
-481
-496
-506
-543
-545
-528
-477
-501
-491
-475
-461
-446
-439
-475
-457
-421
-359
-375
-349
-323
-301
-282
-286
-312
-312
-291
-277
-327
-332
-340
-352
-362
-400
-447
-467
-456
-482
-533
-533
-524
-506
-477
-477
-459
-418
-347
-329
-331
-314
-304
-293
-285
-304
-274
-249
-182
-206
-201
-190
-188
-192
-200
-248
-256
-249
-213
-256
-242
-211
-171
-130
-84
-73
-10
65
149
156
194
225
242
252
233
184
162
157
135
46
6
-31
-59
-78
-113
-141
-138
-109
-131
-190
-217
-251
-288
-323
-392
-446
-476
-472
-510
-566
-599
-637
-669
-691
-736
-730
-697
-606
-622
-605
-583
-572
-563
-558
-575
-560
-525
-451
-471
-444
-418
-402
-387
-384
-413
-400
-374
-345
-384
-389
-388
-383
-374
-383
-408
-400
-370
-353
-395
-386
-370
-346
-316
-315
-318
-297
-248
-259
-303
-317
-332
-342
-341
-363
-365
-337
-275
-255
-254
-237
-230
-225
-219
-253
-243
-217
-142
-174
-180
-151
-152
-159
-183
-228
-239
-243
-200
-264
-293
-306
-305
-308
-331
-377
-384
-357
-329
-353
-346
-328
-321
-312
-320
-343
-330
-290
-262
-285
-264
-244
-219
-189
-184
-180
-156
-101
-106
-142
-149
-163
-180
-196
-236
-262
-260
-225
-231
-245
-234
-223
-210
-195
-225
-212
-185
-106
-116
-90
-51
-18
11
30
16
34
64
133
90
105
122
137
155
160
140
153
188
227
213
237
269
309
359
396
420
480
562
620
617
647
672
693
718
716
725
767
853
881
887
914
929
939
952
944
952
987
1058
1078
1094
1124
1141
1146
1135
1057
1009
969
979
912
884
874
867
859
842
782
761
736
740
616
568
554
552
568
581
566
575
614
643
606
601
594
587
585
546
487
473
474
446
371
343
325
315
317
304
308
355
446
483
500
542
565
579
583
559
540
546
590
579
575
588
596
601
604
559
553
561
607
571
563
566
564
560
547
491
477
471
499
411
382
359
339
325
306
278
282
305
323
278
270
260
247
235
200
149
126
129
103
27
-6
-40
-72
-95
-141
-167
-160
-108
-116
-135
-124
-119
-119
-123
-149
-163
-158
-116
-150
-170
-173
-180
-187
-193
-239
-247
-244
-213
-260
-282
-293
-302
-303
-307
-344
-330
-306
-251
-308
-306
-299
-281
-250
-248
-282
-276
-264
-263
-329
-369
-410
-472
-518
-584
-652
-675
-652
-651
-689
-693
-678
-656
-626
-625
-606
-559
-473
-454
-455
-433
-420
-423
-431
-470
-504
-523
-497
-554
-585
-597
-611
-624
-642
-702
-731
-751
-745
-816
-862
-897
-931
-957
-986
-1051
-1058
-1051
-1012
-1072
-1075
-1072
-1066
-1051
-1042
-1041
-1004
-943
-885
-893
-859
-827
-797
-769
-768
-779
-756
-703
-685
-713
-709
-715
-726
-736
-775
-791
-776
-713
-698
-689
-652
-617
-584
-553
-555
-543
-517
-443
-460
-438
-394
-351
-309
-273
-276
-252
-220
-166
-195
-196
-187
-178
-166
-165
-214
-216
-209
-181
-240
-251
-259
-271
-287
-327
-392
-433
-464
-477
-573
-631
-682
-716
-735
-775
-819
-827
-828
-850
-896
-901
-912
-909
-901
-914
-920
-888
-814
-773
-750
-694
-634
-572
-515
-502
-478
-444
-370
-401
-384
-342
-287
-216
-135
-74
20
124
258
310
398
491
582
676
762
806
898
996
1099
1110
1153
1197
1245
1302
1355
1411
1517
1659
1806
1899
2042
2187
2332
2480
2601
2717
2861
3034
3159
3248
3373
3496
3619
3745
3836
3937
4050
4185
4259
4296
4331
4334
4304
4235
4089
3933
3755
3599
3306
3020
2706
2347
1946
1505
1015
549
105
-291
-758
-1161
-1531
-1870
-2171
-2440
-2704
-2880
-3004
-3086
-3216
-3293
-3353
-3396
-3417
-3434
-3441
-3393
-3309
-3232
-3222
-3175
-3140
-3118
-3089
-3084
-3079
-3033
-2938
-2863
-2805
-2694
-2569
-2457
-2356
-2288
-2224
-2158
-2071
-2034
-2012
-1959
-1909
-1853
-1776
-1745
-1689
-1627
-1527
-1541
-1522
-1492
-1452
-1404
-1349
-1317
-1252
-1178
-1069
-1066
-1013
-955
-901
-848
-807
-798
-749
-687
-622
-626
-605
-590
-578
-563
-565
-579
-555
-505
-468
-494
-476
-459
-441
-422
-431
-437
-408
-340
-321
-327
-299
-277
-260
-246
-266
-281
-277
-244
-250
-266
-254
-240
-217
-185
-193
-158
-112
-19
-34
-17
6
25
43
56
42
64
105
186
156
171
182
186
188
180
144
143
155
161
99
65
28
-12
-47
-100
-165
-186
-170
-156
-187
-166
-144
-122
-99
-108
-118
-98
-38
-35
-42
-22
-8
-16
1
-16
-32
-22
-3
-32
-89
-110
-134
-145
-146
-177
-157
-121
-54
-70
-55
-35
-14
11
39
41
81
133
225
203
233
266
292
306
295
257
249
261
277
233
216
193
167
144
106
61
59
92
113
91
121
154
191
231
236
242
272
345
364
375
422
469
516
564
587
613
653
717
718
711
722
733
745
755
715
713
715
743
664
594
520
439
361
282
176
122
96
125
55
59
74
84
90
73
29
8
2
-4
-61
-73
-80
-82
-76
-85
-101
-77
-24
5
-15
12
42
74
106
107
116
150
222
228
219
241
263
289
319
326
359
400
451
449
463
498
530
560
598
567
590
630
709
697
718
747
779
799
825
811
856
904
981
935
936
925
904
881
850
802
782
792
808
771
780
788
790
791
762
718
703
714
696
631
608
588
572
563
526
505
516
573
573
566
593
625
662
703
726
762
819
915
934
970
1025
1082
1147
1214
1244
1313
1397
1513
1550
1604
1656
1694
1718
1719
1664
1648
1636
1651
1553
1506
1460
1412
1368
1316
1259
1235
1233
1230
1172
1171
1190
1225
1272
1301
1316
1361
1433
1474
1469
1502
1530
1558
1591
1592
1608
1646
1719
1726
1712
1724
1733
1742
1749
1736
1742
1773
1847
1832
1836
1859
1883
1888
1891
1859
1871
1896
1951
1942
1940
1933
1931
1919
1878
1795
1769
1765
1803
1749
1748
1767
1783
1798
1799
1787
1807
1850
1890
1876
1907
1941
1978
2022
2036
2038
2063
2111
2117
2074
2070
2073
2084
2106
2096
2100
2125
2185
2187
2175
2192
2215
2244
2272
2270
2286
2321
2404
2381
2383
2396
2403
2403
2393
2343
2321
2314
2340
2293
2279
2272
2262
2251
2227
2157
2137
2129
2142
2067
2037
2012
1987
1966
1926
1868
1830
1808
1776
1681
1633
1589
1558
1545
1516
1486
1485
1506
1481
1411
1373
1330
1287
1246
1170
1117
1092
1105
1068
1016
993
970
950
931
877
844
828
868
807
788
785
782
777
761
709
676
672
685
621
566
535
498
459
430
354
342
351
406
388
420
461
506
558
586
580
606
646
657
597
577
561
549
537
492
436
405
397
344
251
185
109
32
-37
-130
-202
-244
-248
-297
-365
-405
-441
-468
-486
-533
-540
-525
-456
-499
-508
-508
-510
-512
-517
-551
-558
-551
-508
-553
-551
-540
-529
-515
-509
-538
-522
-495
-461
-495
-494
-491
-489
-481
-491
-519
-515
-489
-472
-507
-488
-461
-423
-374
-344
-318
-275
-217
-225
-274
-297
-325
-354
-379
-426
-449
-442
-402
-401
-408
-386
-364
-343
-327
-358
-352
-330
-255
-284
-274
-250
-230
-214
-211
-248
-269
-289
-280
-373
-414
-448
-483
-496
-512
-581
-590
-568
-538
-563
-559
-547
-553
-538
-545
-566
-568
-543
-541
-600
-635
-662
-685
-693
-725
-751
-739
-685
-681
-703
-694
-689
-687
-684
-695
-682
-637
-559
-523
-505
-464
-435
-409
-387
-412
-395
-365
-292
-324
-332
-335
-343
-347
-353
-387
-387
-377
-330
-390
-393
-390
-383
-372
-373
-403
-407
-401
-400
-463
-495
-522
-543
-552
-570
-593
-576
-533
-513
-557
-567
-582
-599
-611
-649
-681
-681
-638
-646
-669
-653
-633
-607
-575
-565
-540
-490
-407
-371
-343
-304
-288
-292
-317
-401
-442
-465
-436
-492
-511
-512
-508
-498
-491
-515
-503
-478
-413
-463
-457
-453
-457
-473
-512
-576
-610
-633
-652
-719
-770
-813
-843
-853
-873
-900
-876
-834
-822
-842
-810
-784
-750
-711
-703
-688
-648
-569
-545
-550
-544
-550
-562
-574
-608
-638
-642
-613
-638
-655
-641
-629
-616
-607
-645
-633
-608
-539
-550
-534
-509
-485
-456
-435
-458
-446
-430
-383
-458
-479
-502
-529
-555
-591
-641
-657
-649
-640
-689
-702
-717
-733
-739
-756
-776
-752
-693
-653
-664
-640
-629
-631
-639
-682
-714
-717
-676
-692
-717
-706
-693
-676
-658
-664
-664
-643
-584
-588
-577
-544
-509
-472
-436
-449
-427
-397
-336
-356
-353
-343
-335
-325
-321
-359
-354
-341
-295
-365
-383
-403
-430
-457
-489
-526
-528
-508
-490
-534
-538
-547
-561
-581
-601
-650
-648
-630
-614
-638
-625
-598
-584
-572
-603
-606
-595
-540
-538
-544
-512
-489
-480
-473
-490
-517
-531
-511
-576
-621
-643
-660
-662
-656
-683
-668
-637
-571
-574
-546
-499
-450
-397
-351
-349
-300
-245
-166
-200
-188
-180
-174
-165
-166
-176
-155
-118
-91
-134
-139
-150
-168
-191
-244
-309
-336
-329
-349
-411
-433
-456
-477
-498
-559
-611
-638
-623
-661
-702
-702
-692
-674
-654
-657
-647
-617
-538
-549
-528
-490
-451
-411
-377
-383
-363
-337
-285
-312
-317
-321
-331
-342
-359
-418
-421
-407
-366
-420
-426
-427
-422
-408
-403
-404
-367
-306
-252
-265
-237
-212
-190
-171
-183
-201
-182
-123
-92
-91
-40
16
40
75
76
79
103
148
133
81
67
44
29
9
-31
-46
-45
-19
-100
-151
-188
-229
-263
-291
-340
-353
-351
-319
-366
-381
-387
-384
-370
-357
-384
-355
-318
-264
-303
-305
-309
-314
-316
-332
-361
-356
-330
-312
-358
-361
-367
-377
-389
-428
-475
-487
-463
-468
-498
-486
-475
-463
-451
-478
-496
-501
-477
-503
-543
-549
-547
-533
-509
-514
-488
-447
-360
-387
-383
-371
-363
-358
-364
-404
-420
-425
-402
-464
-483
-485
-476
-450
-420
-422
-372
-300
-213
-201
-158
-120
-91
-64
-59
-73
-56
-18
11
-26
-24
-29
-36
-40
-75
-121
-148
-150
-199
-282
-332
-389
-447
-500
-585
-641
-645
-631
-655
-674
-658
-632
-597
-551
-551
-535
-501
-424
-478
-502
-514
-527
-532
-539
-567
-561
-542
-496
-548
-558
-565
-573
-576
-579
-611
-597
-559
-504
-506
-471
-432
-394
-345
-312
-296
-243
-164
-90
-71
-4
59
112
155
160
155
167
200
174
116
91
60
24
-19
-106
-196
-272
-320
-405
-494
-550
-594
-623
-642
-696
-704
-693
-626
-661
-660
-649
-640
-627
-613
-621
-595
-552
-473
-504
-492
-483
-480
-476
-480
-510
-495
-462
-425
-451
-447
-446
-449
-452
-474
-507
-498
-457
-426
-451
-429
-402
-371
-332
-315
-291
-236
-144
-106
-92
-47
-4
41
83
89
95
113
145
119
74
41
37
15
8
-59
-69
-68
-34
-90
-128
-173
-222
-250
-287
-346
-353
-338
-273
-327
-334
-339
-336
-342
-360
-405
-416
-406
-386
-414
-392
-365
-339
-311
-308
-325
-308
-270
-245
-273
-253
-226
-193
-157
-157
-161
-146
-97
-109
-138
-131
-122
-105
-79
-71
-54
-17
50
66
81
119
155
190
222
203
221
248
309
269
244
215
165
101
21
-99
-182
-246
-257
-371
-414
-445
-470
-489
-514
-554
-557
-536
-509
-535
-519
-502
-491
-483
-503
-538
-541
-516
-511
-556
-556
-554
-547
-532
-546
-553
-536
-485
-498
-526
-519
-507
-486
-455
-439
-406
-344
-245
-210
-175
-124
-75
-25
23
24
63
118
202
208
209
227
252
275
303
291
314
329
387
317
304
288
273
260
234
177
151
156
159
106
99
101
112
133
134
128
162
231
276
283
339
396
452
510
528
551
586
649
639
606
592
570
548
529
492
467
465
505
475
460
464
468
477
493
475
507
563
660
686
735
786
825
857
878
856
882
924
1003
973
994
1009
1013
1009
987
946
929
930
932
876
868
858
848
841
811
774
776
814
826
800
818
834
843
846
809
781
779
818
798
767
766
763
760
761
745
746
771
837
812
797
789
768
739
702
624
583
560
572
514
483
463
435
410
395
315
282
283
319
262
264
272
277
269
257
227
215
220
224
162
147
130
125
129
111
79
77
99
86
28
11
2
2
9
-4
7
47
133
166
184
231
270
299
318
301
291
292
332
263
211
159
89
4
-93
-223
-315
-380
-401
-481
-513
-518
-513
-501
-498
-540
-529
-504
-457
-500
-495
-483
-466
-440
-427
-430
-410
-379
-362
-413
-415
-411
-401
-384
-392
-413
-409
-384
-405
-470
-495
-518
-533
-538
-573
-590
-581
-530
-530
-550
-550
-559
-571
-588
-636
-662
-673
-629
-684
-700
-702
-707
-713
-723
-763
-772
-760
-712
-740
-732
-714
-695
-669
-654
-686
-675
-656
-629
-649
-650
-643
-640
-622
-617
-636
-615
-580
-574
-622
-603
-584
-561
-516
-491
-459
-410
-343
-338
-378
-409
-454
-503
-545
-617
-668
-693
-681
-721
-779
-810
-844
-880
-917
-991
-1024
-1027
-965
-998
-985
-956
-927
-899
-877
-885
-869
-843
-788
-821
-810
-792
-772
-746
-728
-752
-734
-708
-680
-729
-745
-758
-763
-754
-751
-754
-717
-655
-606
-628
-616
-619
-633
-652
-701
-753
-779
-775
-822
-902
-946
-989
-1026
-1053
-1106
-1132
-1120
-1060
-1026
-992
-922
-844
-758
-670
-620
-541
-460
-341
-344
-316
-278
-243
-209
-185
-195
-184
-164
-107
-138
-102
-38
40
130
219
287
404
539
678
747
837
920
997
1077
1146
1192
1270
1351
1426
1460
1543
1645
1765
1893
2008
2156
2338
2558
2732
2893
3100
3314
3523
3742
3953
4175
4421
4699
4928
5135
5348
5533
5686
5792
5809
5812
5778
5742
5562
5378
5182
4959
4706
4403
4026
3634
3220
2822
2310
1860
1429
1014
621
240
-141
-458
-730
-975
-1253
-1472
-1666
-1836
-1979
-2118
-2246
-2314
-2338
-2368
-2450
-2485
-2514
-2533
-2536
-2554
-2563
-2547
-2506
-2524
-2563
-2566
-2569
-2565
-2552
-2562
-2560
-2533
-2475
-2460
-2449
-2408
-2361
-2307
-2252
-2242
-2186
-2113
-1990
-1959
-1891
-1805
-1716
-1620
-1528
-1473
-1394
-1320
-1223
-1253
-1239
-1230
-1226
-1218
-1215
-1227
-1199
-1146
-1096
-1106
-1078
-1047
-1015
-975
-949
-929
-864
-767
-688
-674
-620
-566
-534
-518
-514
-509
-475
-398
-388
-390
-376
-352
-334
-325
-348
-362
-358
-322
-348
-359
-343
-326
-305
-285
-315
-307
-294
-249
-299
-327
-353
-375
-389
-406
-457
-468
-467
-420
-485
-484
-474
-459
-437
-427
-434
-411
-367
-325
-351
-350
-355
-361
-358
-366
-380
-351
-284
-229
-215
-151
-88
-28
25
34
36
50
93
70
29
18
2
-16
-38
-85
-127
-147
-129
-169
-196
-200
-207
-215
-224
-277
-289
-291
-261
-312
-337
-348
-354
-346
-334
-353
-323
-282
-204
-240
-217
-192
-170
-148
-139
-143
-113
-56
-1
-13
5
13
15
21
8
-13
2
47
67
38
46
48
49
49
15
-16
7
56
44
32
70
118
163
209
229
229
255
326
312
302
317
327
348
354
321
315
324
343
270
207
146
85
33
-19
-99
-123
-125
-80
-136
-134
-126
-123
-117
-124
-149
-148
-125
-101
-135
-124
-115
-110
-105
-125
-151
-139
-93
-71
-89
-66
-44
-20
7
-1
-1
23
86
94
98
142
192
250
312
351
397
450
533
514
512
527
539
548
550
511
503
509
545
507
497
496
494
493
480
421
415
426
469
418
423
433
441
451
449
437
457
499
536
507
519
528
532
538
521
502
520
568
580
553
568
584
602
621
603
598
610
653
635
601
593
591
587
576
530
505
512
568
530
532
541
549
581
617
621
659
707
778
768
774
781
803
825
840
818
848
894
966
952
989
1024
1053
1076
1082
1072
1095
1138
1179
1162
1199
1238
1279
1318
1325
1318
1339
1392
1409
1393
1419
1451
1491
1537
1550
1582
1639
1735
1784
1818
1882
1947
2017
2086
2121
2173
2227
2317
2287
2280
2275
2260
2240
2210
2143
2098
2065
2063
1979
1928
1880
1825
1771
1712
1621
1588
1578
1589
1533
1522
1521
1526
1539
1539
1528
1556
1615
1674
1679
1736
1793
1842
1881
1881
1867
1877
1915
1907
1865
1861
1856
1854
1858
1833
1823
1839
1891
1899
1894
1917
1946
1984
2027
2032
2064
2101
2192
2166
2164
2146
2146
2146
2145
2132
2143
2179
2236
2210
2214
2211
2192
2173
2143
2072
2033
2024
2031
1970
1950
1935
1922
1912
1887
1848
1839
1854
1849
1786
1775
1772
1777
1787
1768
1741
1738
1763
1739
1690
1685
1686
1693
1707
1693
1694
1722
1782
1797
1792
1801
1798
1781
1748
1657
1583
1506
1465
1304
1174
1057
946
844
748
637
568
527
533
450
428
420
413
410
394
343
328
327
333
278
256
234
207
181
134
73
51
60
61
8
3
4
15
38
44
57
96
163
170
147
156
162
172
188
177
173
187
218
191
136
94
45
1
-35
-106
-127
-128
-75
-122
-137
-140
-143
-147
-135
-164
-172
-147
-66
-86
-50
-11
32
54
77
76
107
137
176
155
177
188
215
241
250
224
215
211
168
48
-40
-132
-215
-290
-387
-470
-525
-548
-628
-725
-783
-831
-871
-898
-941
-965
-960
-920
-923
-930
-911
-892
-871
-852
-881
-863
-829
-750
-765
-758
-747
-744
-741
-743
-777
-772
-754
-692
-739
-722
-697
-673
-650
-642
-651
-622
-568
-511
-512
-481
-455
-435
-415
-418
-437
-422
-381
-361
-391
-373
-348
-317
-283
-283
-283
-262
-210
-229
-276
-303
-341
-384
-427
-494
-550
-577
-565
-605
-643
-661
-680
-694
-708
-768
-784
-788
-753
-806
-833
-852
-871
-886
-905
-960
-965
-944
-875
-901
-854
-817
-787
-758
-739
-742
-721
-672
-645
-689
-676
-664
-660
-642
-634
-629
-582
-513
-481
-494
-476
-466
-451
-429
-433
-424
-390
-310
-301
-313
-306
-306
-314
-323
-359
-387
-388
-354
-392
-423
-437
-460
-485
-510
-577
-604
-614
-585
-628
-649
-663
-680
-694
-712
-764
-762
-740
-673
-713
-693
-671
-649
-625
-617
-626
-611
-576
-539
-558
-533
-500
-459
-407
-372
-347
-288
-201
-145
-140
-100
-68
-40
-14
-25
-26
-2
60
53
19
-7
-54
-112
-172
-249
-309
-341
-323
-376
-402
-408
-417
-427
-444
-507
-539
-559
-545
-600
-624
-635
-647
-657
-676
-743
-764
-781
-771
-867
-904
-929
-941
-938
-943
-936
-908
-853
-824
-833
-799
-771
-729
-703
-700
-719
-688
-635
-610
-628
-605
-585
-567
-562
-580
-578
-556
-495
-501
-528
-532
-545
-559
-572
-604
-620
-603
-530
-544
-534
-512
-491
-467
-447
-469
-467
-452
-403
-423
-409
-384
-360
-336
-325
-366
-364
-355
-325
-398
-429
-456
-479
-494
-515
-537
-522
-483
-453
-495
-501
-513
-529
-541
-576
-617
-627
-605
-616
-662
-665
-668
-667
-662
-686
-691
-669
-609
-603
-614
-600
-591
-584
-577
-596
-592
-568
-485
-491
-454
-397
-345
-298
-258
-253
-221
-177
-104
-108
-73
-30
4
27
28
-32
-57
-81
-93
-190
-246
-297
-346
-393
-457
-532
-569
-578
-589
-657
-677
-675
-667
-676
-687
-686
-649
-574
-547
-555
-553
-544
-539
-534
-580
-604
-604
-560
-571
-585
-576
-566
-563
-561
-593
-598
-588
-528
-576
-579
-567
-555
-535
-520
-535
-528
-512
-473
-516
-519
-509
-496
-479
-472
-506
-491
-464
-428
-469
-479
-489
-499
-501
-513
-537
-525
-491
-466
-507
-504
-501
-497
-487
-497
-501
-467
-394
-362
-362
-329
-303
-286
-277
-307
-321
-308
-257
-244
-240
-206
-173
-144
-127
-163
-177
-183
-142
-210
-238
-251
-262
-270
-283
-328
-352
-371
-359
-441
-472
-490
-497
-490
-480
-498
-464
-408
-341
-338
-306
-280
-260
-236
-226
-229
-198
-146
-113
-148
-146
-152
-161
-168
-203
-242
-246
-205
-236
-291
-308
-321
-331
-338
-363
-390
-407
-375
-380
-409
-405
-398
-387
-374
-410
-414
-398
-334
-378
-380
-370
-356
-334
-312
-311
-286
-252
-187
-224
-209
-189
-172
-152
-136
-150
-129
-94
-56
-83
-84
-89
-98
-103
-121
-145
-126
-75
-34
-48
-20
1
13
19
-11
-44
-50
-16
-28
-55
-43
-36
-38
-53
-111
-169
-214
-230
-285
-340
-360
-372
-377
-379
-428
-439
-443
-405
-467
-497
-513
-527
-538
-550
-585
-579
-556
-493
-544
-543
-543
-547
-548
-558
-594
-603
-603
-607
-670
-696
-716
-732
-740
-757
-774
-742
-676
-623
-624
-582
-542
-507
-480
-494
-515
-512
-472
-487
-515
-507
-510
-494
-501
-528
-577
-589
-571
-608
-627
-631
-627
-615
-577
-596
-579
-557
-503
-537
-546
-554
-549
-525
-506
-511
-473
-415
-312
-320
-266
-206
-145
-81
-21
20
85
151
192
160
146
114
70
25
-38
-112
-149
-157
-190
-274
-312
-343
-367
-382
-422
-447
-439
-389
-396
-411
-387
-356
-319
-279
-264
-246
-214
-156
-163
-172
-164
-161
-158
-159
-211
-224
-225
-190
-243
-277
-304
-330
-350
-371
-423
-426
-411
-355
-413
-413
-411
-405
-392
-382
-382
-350
-301
-260
-281
-264
-244
-224
-205
-210
-229
-214
-169
-144
-161
-131
-97
-63
-29
-32
-30
-9
47
38
17
32
51
74
96
92
89
99
135
96
65
14
-25
-45
-57
-96
-94
-73
-37
-67
-94
-123
-176
-226
-281
-368
-413
-432
-402
-474
-487
-490
-486
-472
-467
-473
-444
-390
-342
-363
-342
-324
-309
-297
-309
-336
-327
-285
-262
-271
-228
-178
-118
-52
-25
8
57
140
155
151
168
181
194
207
198
198
216
275
245
234
240
247
263
287
284
324
380
464
471
500
536
575
622
665
667
726
801
911
921
980
1035
1084
1126
1142
1131
1140
1163
1179
1128
1120
1109
1098
1085
1043
989
964
968
945
890
890
901
921
948
938
938
957
1006
994
969
973
973
973
971
938
914
901
928
857
819
804
795
789
792
780
778
792
847
821
813
797
776
750
710
653
668
698
767
754
788
823
847
867
871
856
868
906
943
921
941
949
947
933
882
821
790
788
752
681
651
630
615
608
574
561
576
631
636
627
649
675
707
746
761
796
837
905
841
786
726
656
585
517
426
371
336
332
249
200
156
110
65
15
-72
-103
-115
-105
-171
-193
-206
-212
-208
-215
-230
-205
-153
-101
-110
-72
-34
0
31
27
9
12
39
22
-28
-38
-45
-49
-51
-90
-121
-136
-125
-169
-238
-285
-330
-368
-399
-453
-467
-458
-401
-460
-493
-521
-554
-582
-608
-655
-663
-646
-588
-618
-576
-552
-518
-498
-472
-486
-465
-421
-384
-434
-452
-452
-462
-468
-482
-509
-495
-467
-456
-503
-490
-485
-474
-456
-463
-473
-460
-421
-432
-477
-489
-497
-499
-490
-507
-508
-482
-424
-416
-437
-453
-487
-528
-570
-651
-694
-720
-693
-771
-811
-836
-858
-870
-876
-901
-886
-845
-758
-760
-706
-647
-597
-557
-546
-588
-604
-613
-617
-682
-704
-716
-726
-728
-750
-792
-804
-797
-804
-867
-876
-875
-862
-837
-833
-828
-797
-733
-720
-732
-711
-694
-675
-654
-661
-654
-624
-566
-555
-563
-550
-537
-522
-508
-544
-545
-535
-478
-525
-541
-545
-548
-546
-545
-568
-556
-529
-462
-499
-483
-471
-473
-483
-517
-583
-619
-629
-656
-722
-732
-734
-717
-690
-679
-684
-630
-554
-490
-489
-439
-387
-336
-302
-296
-279
-235
-158
-133
-128
-89
-49
-3
60
111
185
286
428
528
616
723
830
937
1046
1101
1192
1291
1433
1478
1553
1638
1721
1806
1889
1946
2048
2172
2351
2433
2589
2761
2942
3132
3315
3477
3668
3871
4063
4188
4341
4484
4617
4742
4831
4879
4928
4961
4927
4796
4671
4515
4336
4143
3906
3651
3391
3126
2757
2332
1913
1482
1055
642
224
-165
-512
-805
-1127
-1423
-1667
-1882
-2066
-2222
-2398
-2500
-2563
-2562
-2637
-2680
-2719
-2771
-2832
-2904
-3009
-3066
-3100
-3084
-3166
-3165
-3137
-3085
-3009
-2927
-2854
-2745
-2617
-2492
-2434
-2355
-2281
-2193
-2125
-2084
-2039
-1962
-1861
-1786
-1764
-1705
-1663
-1607
-1543
-1516
-1479
-1409
-1302
-1261
-1250
-1215
-1191
-1174
-1164
-1180
-1186
-1161
-1088
-1065
-1025
-962
-909
-851
-786
-762
-692
-606
-487
-447
-383
-307
-231
-153
-85
-68
-21
19
78
3
-28
-68
-115
-163
-225
-300
-345
-367
-387
-464
-495
-523
-545
-556
-577
-597
-574
-515
-480
-492
-467
-444
-420
-390
-385
-358
-296
-191
-154
-141
-107
-84
-71
-66
-89
-109
-112
-78
-119
-140
-139
-139
-139
-145
-197
-215
-215
-171
-188
-172
-140
-110
-82
-67
-100
-91
-72
-18
-65
-51
-27
4
42
64
62
73
93
102
44
30
22
24
41
40
31
46
114
119
75
54
40
29
14
-19
-38
-42
7
20
17
34
55
67
79
41
-4
-45
-32
-110
-153
-172
-187
-196
-208
-260
-276
-279
-241
-263
-249
-221
-191
-160
-135
-150
-114
-62
25
20
68
121
174
225
252
253
268
288
291
221
188
149
110
78
28
-25
-37
-13
-14
-48
-40
-28
-9
17
7
11
34
92
95
85
102
119
136
150
138
147
177
256
238
249
273
294
319
343
334
354
383
437
415
425
447
472
510
549
549
597
650
715
684
694
702
711
725
726
706
706
716
709
631
594
555
516
484
432
379
361
380
368
326
326
327
340
354
336
314
321
374
371
358
369
370
367
378
347
333
328
375
322
318
328
346
389
432
449
497
560
655
667
718
790
869
958
1032
1059
1119
1177
1235
1210
1215
1217
1210
1206
1192
1171
1187
1222
1245
1200
1194
1182
1164
1144
1096
1049
1042
1075
1075
1046
1058
1072
1094
1127
1132
1156
1206
1294
1341
1374
1438
1503
1570
1626
1630
1649
1660
1702
1615
1553
1497
1444
1402
1370
1324
1310
1310
1342
1279
1258
1245
1235
1236
1242
1226
1270
1337
1417
1427
1468
1503
1526
1540
1530
1505
1516
1556
1593
1576
1610
1647
1686
1726
1736
1742
1777
1847
1874
1875
1917
1963
2013
2065
2077
2092
2119
2163
2165
2164
2174
2172
2189
2199
2159
2151
2141
2180
2099
2077
2080
2092
2119
2159
2177
2226
2276
2368
2352
2380
2411
2442
2477
2501
2484
2494
2505
2507
2425
2368
2313
2264
2228
2191
2150
2157
2191
2206
2156
2142
2119
2088
2050
1976
1896
1843
1830
1777
1713
1700
1700
1710
1724
1703
1685
1686
1718
1712
1702
1725
1753
1788
1824
1808
1823
1842
1901
1851
1828
1819
1815
1818
1820
1791
1791
1801
1846
1778
1766
1758
1752
1752
1748
1722
1734
1764
1790
1747
1720
1675
1611
1539
1444
1331
1253
1204
1144
1032
966
902
843
795
725
665
639
656
622
578
578
584
593
601
576
552
540
550
505
446
407
366
332
294
236
200
167
171
85
25
-30
-72
-96
-124
-151
-115
-61
22
-7
8
22
13
3
-28
-69
-86
-81
-69
-108
-105
-101
-100
-101
-137
-197
-222
-218
-231
-290
-301
-305
-303
-304
-341
-381
-400
-385
-431
-491
-514
-531
-538
-536
-550
-554
-538
-494
-509
-522
-511
-494
-473
-455
-483
-466
-435
-365
-381
-374
-359
-344
-328
-318
-346
-334
-312
-256
-323
-336
-349
-367
-386
-418
-466
-483
-481
-484
-547
-574
-604
-635
-661
-700
-740
-739
-707
-697
-733
-727
-723
-721
-720
-751
-773
-770
-731
-759
-798
-799
-790
-768
-732
-710
-678
-629
-550
-547
-542
-527
-522
-518
-515
-555
-555
-550
-520
-576
-604
-626
-653
-679
-705
-754
-754
-733
-663
-717
-717
-700
-691
-688
-699
-727
-726
-707
-704
-769
-778
-792
-811
-828
-868
-913
-915
-884
-869
-899
-878
-852
-812
-764
-748
-726
-679
-595
-577
-579
-555
-536
-518
-499
-500
-494
-474
-420
-451
-468
-472
-485
-506
-537
-610
-645
-662
-648
-710
-750
-779
-803
-816
-827
-873
-863
-838
-778
-822
-814
-803
-793
-780
-780
-791
-773
-733
-693
-717
-702
-689
-680
-670
-683
-702
-689
-646
-639
-685
-699
-719
-738
-751
-794
-820
-817
-770
-779
-802
-796
-790
-782
-773
-788
-789
-772
-711
-742
-745
-733
-723
-712
-702
-725
-715
-691
-642
-672
-682
-695
-719
-743
-772
-840
-831
-794
-728
-775
-750
-725
-702
-668
-662
-661
-645
-591
-541
-546
-502
-453
-409
-371
-385
-416
-436
-447
-506
-611
-673
-730
-779
-819
-887
-932
-956
-939
-973
-1015
-1026
-1031
-1026
-1011
-1016
-994
-949
-854
-864
-848
-829
-824
-828
-839
-883
-895
-887
-840
-861
-845
-819
-795
-766
-741
-752
-710
-656
-586
-603
-579
-554
-530
-510
-513
-538
-538
-526
-527
-591
-603
-608
-607
-596
-604
-615
-594
-541
-527
-545
-522
-499
-471
-440
-445
-442
-427
-387
-403
-442
-460
-483
-507
-535
-599
-638
-662
-633
-714
-760
-794
-824
-843
-851
-872
-851
-805
-717
-709
-661
-609
-565
-527
-506
-533
-519
-498
-467
-513
-519
-522
-495
-477
-499
-534
-537
-521
-519
-577
-575
-588
-581
-562
-564
-577
-547
-488
-468
-499
-484
-477
-457
-443
-466
-479
-476
-446
-468
-514
-537
-571
-607
-634
-688
-699
-684
-605
-622
-591
-545
-499
-454
-411
-399
-366
-325
-258
-293
-290
-289
-298
-321
-371
-470
-530
-567
-583
-650
-668
-670
-657
-629
-611
-603
-563
-504
-466
-495
-482
-470
-460
-450
-471
-497
-497
-464
-479
-518
-519
-522
-522
-513
-529
-524
-491
-426
-404
-399
-374
-351
-329
-312
-340
-330
-306
-234
-275
-290
-297
-303
-306
-317
-364
-388
-404
-386
-472
-503
-529
-555
-581
-623
-701
-743
-767
-780
-842
-857
-857
-849
-836
-844
-870
-864
-825
-794
-832
-823
-809
-777
-738
-720
-688
-643
-573
-544
-548
-538
-535
-534
-526
-539
-539
-510
-432
-400
-384
-346
-314
-286
-266
-305
-302
-294
-240
-292
-317
-342
-374
-407
-439
-492
-512
-521
-488
-560
-567
-563
-556
-544
-539
-558
-544
-516
-491
-530
-537
-538
-534
-520
-518
-524
-491
-429
-388
-404
-375
-340
-296
-241
-210
-175
-114
-19
12
15
37
42
32
15
-30
-67
-79
-54
-73
-94
-97
-106
-115
-123
-180
-203
-219
-197
-268
-314
-355
-403
-452
-508
-597
-648
-685
-681
-790
-830
-856
-872
-877
-885
-908
-901
-877
-850
-878
-869
-859
-851
-842
-852
-873
-857
-814
-796
-828
-818
-809
-804
-774
-774
-756
-732
-647
-624
-617
-568
-539
-511
-495
-489
-486
-461
-402
-393
-374
-334
-314
-290
-275
-327
-346
-362
-345
-410
-448
-468
-478
-473
-468
-493
-474
-445
-379
-425
-403
-372
-339
-301
-272
-254
-204
-137
-79
-93
-82
-83
-88
-86
-96
-108
-77
-16
16
-12
-13
-29
-60
-103
-191
-276
-334
-348
-417
-493
-535
-578
-619
-656
-706
-741
-746
-704
-725
-727
-704
-681
-657
-637
-666
-659
-644
-602
-642
-660
-667
-669
-659
-647
-668
-642
-611
-554
-616
-623
-627
-627
-619
-620
-632
-615
-578
-548
-586
-583
-579
-571
-558
-564
-575
-544
-476
-431
-431
-393
-364
-347
-339
-373
-399
-395
-346
-358
-364
-347
-359
-355
-341
-351
-343
-316
-230
-239
-205
-150
-92
-41
20
40
101
160
260
282
328
362
377
378
359
285
247
208
193
72
4
-49
-90
-113
-135
-156
-143
-108
-92
-156
-190
-237
-291
-346
-425
-510
-557
-567
-603
-682
-722
-762
-796
-818
-864
-883
-866
-802
-788
-782
-748
-716
-685
-657
-661
-656
-642
-585
-620
-620
-596
-568
-533
-498
-500
-471
-430
-362
-371
-352
-328
-303
-273
-248
-263
-223
-169
-93
-110
-82
-52
-19
20
48
65
112
181
244
239
268
283
288
293
276
256
276
338
374
380
424
463
493
519
506
507
533
599
616
620
652
686
724
763
778
826
870
971
975
1027
1099
1176
1270
1348
1382
1454
1530
1607
1588
1578
1547
1488
1406
1296
1152
1062
994
962
861
810
764
714
676
630
583
581
616
649
623
644
660
674
684
662
635
642
685
688
654
651
640
623
605
546
499
475
487
457
418
412
408
410
415
384
380
391
453
404
390
392
401
421
445
444
469
503
561
527
531
540
550
567
582
563
595
642
697
676
683
682
672
664
640
607
615
653
687
659
674
685
692
694
663
623
609
627
604
557
559
569
589
617
613
622
648
699
700
674
663
642
613
580
505
462
428
438
337
268
235
180
134
56
-33
-97
-150
-148
-255
-317
-381
-429
-481
-535
-614
-640
-635
-616
-662
-658
-641
-632
-625
-646
-687
-694
-677
-669
-716
-714
-712
-704
-694
-711
-734
-734
-702
-722
-766
-770
-770
-766
-757
-776
-781
-763
-717
-715
-731
-726
-723
-716
-709
-746
-741
-724
-658
-702
-715
-722
-737
-754
-774
-815
-816
-799
-739
-782
-772
-766
-767
-770
-780
-808
-788
-742
-687
-686
-647
-603
-562
-528
-527
-554
-556
-540
-540
-592
-595
-598
-600
-600
-630
-657
-657
-620
-640
-684
-696
-712
-727
-742
-786
-822
-838
-826
-859
-902
-920
-937
-949
-955
-1006
-1012
-999
-936
-970
-973
-968
-967
-966
-967
-996
-985
-942
-849
-892
-863
-823
-793
-758
-739
-735
-710
-649
-592
-590
-569
-548
-538
-529
-559
-597
-600
-574
-566
-608
-603
-593
-580
-563
-573
-577
-560
-515
-531
-567
-572
-577
-573
-558
-552
-531
-483
-407
-393
-395
-391
-401
-418
-438
-503
-522
-527
-492
-549
-583
-612
-641
-662
-682
-725
-716
-683
-603
-630
-593
-552
-511
-462
-416
-378
-306
-211
-113
-68
17
105
191
279
342
384
456
550
622
645
718
801
894
996
1074
1165
1281
1429
1506
1560
1639
1714
1790
1871
1937
2018
2129
2286
2395
2525
2688
2862
3050
3248
3406
3603
3802
4019
4135
4252
4345
4396
4406
4369
4255
4150
4025
3913
3662
3445
3205
2939
2651
2281
1853
1431
1015
595
125
-270
-647
-1013
-1342
-1669
-1999
-2270
-2485
-2697
-2921
-3073
-3190
-3265
-3311
-3372
-3404
-3402
-3352
-3361
-3379
-3352
-3315
-3267
-3204
-3153
-3091
-3008
-2886
-2840
-2777
-2699
-2623
-2540
-2451
-2397
-2299
-2185
-2042
-1979
-1896
-1807
-1726
-1650
-1585
-1561
-1479
-1376
-1234
-1203
-1123
-1049
-987
-932
-897
-878
-829
-756
-685
-680
-636
-597
-571
-551
-560
-581
-568
-527
-517
-551
-544
-534
-518
-497
-508
-506
-480
-418
-428
-464
-482
-508
-536
-562
-605
-629
-629
-583
-627
-651
-663
-677
-682
-678
-699
-679
-638
-563
-562
-542
-520
-509
-505
-513
-566
-562
-539
-478
-512
-492
-467
-440
-410
-395
-394
-366
-322
-252
-271
-234
-215
-177
-131
-114
-87
-41
18
26
-6
-22
-51
-75
-90
-120
-126
-98
-18
21
35
69
91
109
126
113
115
137
206
176
172
174
161
131
83
0
-50
-81
-72
-127
-149
-163
-183
-205
-242
-330
-368
-390
-381
-449
-459
-452
-437
-413
-403
-407
-383
-340
-304
-335
-322
-311
-300
-279
-276
-273
-234
-163
-131
-142
-120
-100
-77
-44
-43
-24
17
91
112
115
139
161
183
205
196
208
232
299
257
249
255
256
255
252
220
219
234
281
249
258
279
307
349
391
392
440
498
567
555
581
609
632
655
654
632
640
669
689
640
627
602
570
542
489
439
397
406
391
345
349
349
351
348
333
334
370
438
457
450
454
423
381
336
248
191
157
183
115
98
105
122
149
175
166
183
212
277
255
286
326
372
415
441
419
427
437
447
385
358
336
319
314
302
285
311
366
415
408
448
487
522
557
567
577
617
688
707
690
703
707
710
718
697
693
717
776
793
795
821
846
872
893
870
883
913
995
971
982
1005
1026
1044
1054
1033
1037
1050
1092
1032
1022
1021
1023
1032
1034
1006
1018
1047
1087
1072
1099
1135
1176
1225
1258
1278
1332
1408
1468
1467
1511
1553
1595
1636
1643
1638
1646
1671
1625
1549
1515
1451
1384
1339
1271
1226
1214
1242
1232
1202
1216
1237
1257
1282
1270
1300
1344
1431
1422
1450
1488
1517
1541
1550
1522
1520
1527
1577
1523
1528
1549
1583
1625
1657
1660
1691
1733
1766
1732
1727
1722
1720
1730
1732
1731
1775
1848
1903
1897
1928
1953
1975
2000
2000
2010
2054
2140
2172
2185
2230
2272
2317
2367
2394
2431
2491
2577
2607
2617
2639
2647
2639
2612
2520
2453
2385
2356
2235
2153
2102
2070
2058
2048
2006
1994
1989
2024
1953
1956
1975
2003
2036
2057
2051
2068
2093
2108
2056
2032
2001
1966
1934
1884
1824
1803
1812
1798
1726
1691
1653
1616
1584
1529
1485
1473
1501
1470
1423
1408
1393
1383
1377
1340
1337
1327
1358
1329
1319
1337
1348
1373
1386
1331
1316
1323
1353
1286
1248
1221
1205
1187
1164
1104
1094
1082
1110
1024
1005
995
992
997
996
974
976
991
991
919
878
832
793
762
715
663
656
682
687
642
635
627
620
618
587
568
579
630
610
563
532
487
437
388
321
264
227
224
152
88
46
8
-23
-48
-112
-136
-151
-135
-202
-244
-273
-298
-314
-328
-373
-368
-353
-304
-375
-390
-402
-408
-405
-404
-408
-379
-329
-284
-304
-288
-281
-283
-290
-322
-366
-377
-361
-377
-441
-464
-487
-512
-537
-591
-627
-628
-581
-591
-613
-607
-602
-592
-577
-587
-591
-581
-536
-570
-587
-579
-575
-568
-585
-638
-645
-643
-604
-639
-657
-669
-659
-644
-625
-642
-600
-538
-441
-468
-446
-415
-395
-380
-380
-392
-367
-317
-274
-297
-286
-278
-275
-262
-264
-263
-223
-148
-113
-133
-126
-130
-144
-163
-217
-257
-273
-249
-285
-330
-342
-351
-357
-365
-402
-434
-453
-433
-502
-536
-541
-534
-517
-496
-508
-489
-462
-413
-448
-466
-482
-505
-524
-548
-611
-618
-608
-570
-633
-657
-690
-733
-779
-833
-888
-898
-874
-848
-882
-868
-852
-837
-819
-824
-834
-807
-746
-717
-725
-691
-654
-617
-583
-592
-592
-574
-523
-525
-543
-536
-533
-532
-533
-565
-579
-578
-530
-578
-587
-578
-568
-551
-525
-519
-478
-411
-299
-287
-266
-231
-211
-194
-186
-225
-206
-179
-106
-110
-71
-28
21
68
90
78
102
146
183
158
178
193
193
171
90
-27
-136
-228
-353
-507
-616
-719
-806
-881
-976
-1048
-1090
-1087
-1122
-1164
-1170
-1168
-1155
-1134
-1142
-1123
-1090
-1008
-1031
-1014
-981
-948
-912
-877
-868
-831
-784
-709
-725
-708
-693
-686
-682
-689
-734
-726
-697
-648
-669
-652
-634
-622
-611
-617
-633
-611
-565
-528
-553
-532
-514
-503
-497
-526
-569
-592
-592
-637
-708
-731
-742
-737
-719
-727
-717
-688
-631
-620
-623
-594
-561
-519
-467
-444
-380
-296
-163
-143
-93
-39
3
35
58
53
74
102
156
108
97
80
37
2
-88
-236
-350
-444
-524
-666
-752
-825
-911
-972
-1020
-1070
-1077
-1037
-1001
-1011
-983
-951
-930
-899
-908
-919
-902
-856
-862
-897
-892
-880
-864
-842
-845
-834
-802
-743
-734
-741
-723
-707
-681
-646
-643
-597
-536
-426
-425
-390
-345
-306
-273
-249
-253
-231
-199
-134
-175
-171
-171
-181
-198
-230
-295
-316
-314
-297
-334
-334
-331
-332
-335
-362
-408
-419
-403
-393
-431
-413
-391
-371
-356
-376
-403
-410
-388
-420
-469
-476
-477
-468
-448
-448
-435
-408
-365
-380
-421
-447
-481
-519
-564
-657
-705
-730
-696
-753
-767
-760
-746
-725
-707
-717
-692
-654
-576
-609
-588
-569
-558
-551
-561
-599
-605
-594
-569
-598
-590
-588
-580
-553
-545
-545
-505
-457
-438
-461
-448
-440
-430
-417
-433
-441
-434
-397
-408
-449
-467
-490
-517
-538
-581
-614
-613
-580
-592
-612
-606
-601
-591
-585
-628
-632
-624
-574
-610
-613
-604
-597
-588
-583
-608
-588
-547
-462
-489
-453
-414
-378
-343
-326
-337
-320
-287
-256
-285
-282
-284
-294
-304
-335
-380
-391
-373
-375
-425
-424
-420
-413
-399
-414
-421
-400
-338
-333
-340
-315
-295
-277
-262
-277
-295
-305
-298
-364
-439
-497
-554
-602
-641
-716
-737
-736
-688
-718
-717
-703
-692
-685
-689
-734
-738
-728
-674
-726
-713
-692
-667
-638
-620
-617
-589
-547
-511
-536
-522
-508
-493
-478
-476
-483
-466
-446
-435
-481
-488
-488
-498
-495
-531
-533
-509
-449
-461
-483
-471
-452
-436
-396
-369
-331
-275
-190
-185
-175
-153
-138
-119
-91
-102
-58
7
111
138
183
223
243
239
203
104
40
-18
-37
-161
-225
-289
-359
-434
-528
-637
-715
-769
-818
-920
-966
-994
-1003
-993
-997
-1009
-985
-930
-903
-923
-902
-880
-858
-833
-842
-835
-800
-724
-711
-715
-691
-667
-640
-608
-593
-562
-507
-409
-397
-370
-332
-304
-282
-267
-296
-291
-270
-218
-237
-226
-201
-176
-151
-138
-173
-164
-151
-117
-190
-209
-223
-238
-253
-287
-338
-363
-368
-374
-433
-435
-424
-404
-378
-370
-365
-320
-242
-203
-226
-204
-212
-243
-265
-312
-342
-352
-325
-359
-436
-477
-515
-555
-606
-671
-716
-729
-703
-754
-773
-759
-751
-748
-753
-799
-815
-814
-775
-800
-794
-776
-753
-726
-709
-732
-701
-651
-569
-575
-522
-457
-384
-306
-244
-203
-145
-84
-47
-97
-118
-151
-184
-208
-252
-301
-317
-308
-340
-416
-454
-493
-527
-549
-594
-610
-588
-516
-486
-466
-418
-377
-341
-311
-317
-306
-283
-213
-244
-241
-224
-214
-206
-205
-241
-253
-253
-222
-264
-267
-258
-248
-238
-242
-295
-301
-296
-270
-323
-332
-333
-329
-320
-322
-336
-313
-268
-233
-269
-268
-275
-286
-295
-326
-358
-353
-312
-308
-339
-330
-320
-303
-279
-283
-254
-193
-109
-76
-66
-33
-20
-16
-16
-76
-120
-135
-97
-172
-198
-204
-206
-200
-202
-236
-226
-202
-145
-166
-142
-107
-68
-26
13
12
64
129
210
216
257
296
335
381
409
423
472
542
598
583
603
609
603
591
551
511
508
545
542
513
521
530
542
562
555
571
619
706
753
783
838
888
934
971
956
967
991
1068
1045
1074
1131
1198
1270
1337
1370
1422
1480
1563
1541
1558
1578
1588
1592
1573
1502
1451
1394
1330
1194
1091
991
899
825
751
678
649
647
631
550
509
461
411
368
305
250
232
256
235
188
174
158
143
134
97
72
72
106
105
95
105
128
142
152
93
95
109
171
142
138
158
169
198
211
194
201
222
282
237
230
238
249
257
258
232
246
275
299
256
241
226
202
186
157
123
127
160
182
146
149
143
130
116
75
37
34
75
69
51
76
111
159
217
255
307
383
483
530
562
610
646
668
664
584
515
430
362
177
17
-131
-270
-388
-485
-584
-625
-641
-616
-705
-737
-765
-794
-819
-852
-904
-919
-914
-910
-964
-981
-993
-1002
-1005
-1027
-1060
-1054
-1016
-993
-1021
-1004
-992
-986
-984
-1019
-1054
-1062
-1028
-1044
-1069
-1053
-1031
-1002
-966
-952
-932
-893
-823
-803
-786
-751
-722
-699
-681
-720
-723
-719
-651
-674
-688
-672
-644
-606
-567
-563
-513
-475
-386
-417
-394
-389
-383
-378
-377
-408
-401
-381
-360
-411
-435
-469
-512
-559
-630
-711
-744
-742
-756
-814
-829
-850
-878
-907
-968
-1018
-1041
-1022
-1063
-1117
-1142
-1170
-1198
-1222
-1264
-1295
-1303
-1275
-1307
-1327
-1320
-1304
-1276
-1242
-1249
-1216
-1173
-1096
-1102
-1086
-1062
-1038
-1006
-972
-969
-918
-856
-761
-787
-762
-739
-723
-709
-708
-721
-708
-677
-651
-690
-694
-703
-720
-744
-796
-866
-902
-907
-931
-994
-1008
-1012
-1004
-982
-984
-972
-933
-848
-815
-783
-709
-629
-543
-452
-381
-306
-218
-97
-55
-9
42
80
110
133
112
127
153
210
191
195
209
226
261
305
297
354
432
553
558
609
664
693
707
723
730
758
819
887
899
958
1017
1074
1153
1219
1287
1408
1567
1705
1804
1951
2113
2283
2462
2608
2769
2950
3167
3321
3460
3627
3783
3924
4043
4106
4146
4163
4173
4047
3904
3745
3557
3348
3108
2794
2475
2130
1779
1335
908
493
86
-305
-689
-1098
-1436
-1738
-1983
-2296
-2523
-2719
-2887
-3025
-3148
-3255
-3309
-3320
-3314
-3354
-3336
-3311
-3284
-3257
-3254
-3259
-3228
-3165
-3130
-3131
-3087
-3035
-2974
-2899
-2851
-2784
-2694
-2568
-2501
-2449
-2370
-2290
-2201
-2103
-2028
-1933
-1826
-1681
-1647
-1594
-1533
-1479
-1427
-1376
-1357
-1303
-1235
-1139
-1127
-1096
-1066
-1045
-1032
-1032
-1073
-1055
-1010
-939
-930
-893
-847
-831
-797
-788
-806
-780
-752
-733
-790
-783
-784
-776
-757
-753
-743
-698
-629
-587
-578
-543
-512
-486
-460
-472
-471
-448
-392
-393
-421
-425
-429
-427
-423
-445
-436
-408
-330
-358
-350
-330
-313
-292
-269
-269
-233
-179
-93
-96
-75
-63
-67
-74
-91
-145
-142
-117
-69
-96
-85
-79
-82
-91
-124
-174
-188
-171
-152
-184
-163
-135
-100
-61
-50
-51
-29
23
34
15
40
68
102
138
133
130
130
144
94
15
-45
-109
-172
-236
-337
-406
-456
-447
-535
-576
-596
-607
-606
-598
-607
-584
-546
-479
-509
-500
-488
-479
-467
-466
-505
-499
-474
-429
-439
-405
-365
-328
-292
-282
-285
-260
-246
-226
-253
-224
-178
-130
-66
-42
-3
62
161
199
206
238
260
261
271
252
251
265
306
299
272
267
256
248
242
193
174
171
213
142
104
80
57
43
24
-23
-43
-49
-19
-85
-98
-102
-102
-94
-86
-102
-68
-11
56
58
88
116
142
174
187
183
207
248
268
226
227
227
225
225
199
176
181
213
185
129
109
94
90
98
86
91
122
180
188
177
183
183
180
175
128
130
155
234
215
231
258
279
296
307
291
312
352
434
410
439
470
495
517
523
501
516
549
587
571
592
616
641
668
673
662
685
734
760
722
731
752
750
754
744
742
767
824
832
807
806
825
856
886
902
939
1004
1104
1151
1180
1224
1250
1263
1263
1204
1182
1167
1189
1118
1073
1034
991
952
909
841
817
814
863
804
806
814
821
828
820
787
785
799
814
772
770
776
789
813
825
830
873
941
985
975
1011
1054
1107
1173
1215
1264
1342
1455
1504
1528
1571
1602
1628
1654
1653
1654
1667
1703
1673
1632
1605
1576
1552
1533
1475
1473
1501
1584
1591
1632
1683
1728
1770
1803
1798
1837
1891
1987
1971
2016
2063
2105
2142
2157
2145
2152
2167
2175
2117
2092
2063
2032
2005
1957
1896
1867
1868
1849
1783
1763
1747
1740
1744
1726
1714
1755
1807
1805
1765
1769
1769
1760
1770
1750
1739
1752
1823
1814
1805
1813
1813
1816
1810
1750
1737
1749
1789
1761
1764
1784
1808
1840
1871
1867
1904
1939
2001
1943
1939
1937
1936
1940
1927
1890
1873
1869
1857
1779
1740
1705
1680
1667
1641
1609
1612
1643
1644
1593
1575
1550
1525
1509
1464
1432
1422
1449
1407
1345
1306
1263
1222
1186
1130
1086
1064
1087
1039
1015
1012
1008
1002
989
927
896
872
877
808
764
733
702
676
644
574
557
555
590
524
519
525
536
550
550
537
552
584
612
573
574
570
562
552
515
464
445
454
431
363
334
304
280
265
227
211
227
280
272
246
240
226
204
175
86
21
-14
-4
-71
-112
-132
-162
-171
-189
-243
-277
-297
-293
-362
-418
-452
-474
-490
-515
-585
-604
-607
-580
-649
-660
-659
-655
-645
-642
-649
-626
-587
-549
-579
-566
-558
-548
-533
-537
-545
-516
-457
-434
-452
-429
-404
-373
-332
-317
-281
-221
-125
-90
-78
-50
-35
-33
-40
-84
-115
-134
-110
-190
-238
-267
-289
-305
-320
-370
-399
-426
-433
-523
-583
-633
-680
-717
-754
-822
-824
-799
-740
-760
-735
-706
-675
-637
-614
-608
-576
-532
-505
-554
-570
-601
-647
-698
-772
-841
-862
-836
-838
-869
-859
-847
-830
-807
-815
-802
-759
-675
-636
-613
-568
-531
-501
-481
-503
-509
-513
-472
-528
-578
-618
-644
-666
-684
-724
-727
-719
-690
-732
-734
-737
-737
-726
-723
-757
-750
-725
-684
-719
-720
-717
-713
-703
-709
-731
-714
-672
-643
-679
-672
-670
-667
-656
-664
-663
-623
-544
-500
-482
-428
-382
-344
-315
-329
-335
-324
-283
-285
-303
-296
-291
-285
-280
-320
-336
-347
-311
-384
-418
-438
-463
-489
-515
-560
-575
-577
-546
-610
-630
-644
-658
-663
-667
-692
-659
-598
-516
-495
-442
-397
-366
-348
-362
-407
-430
-435
-450
-527
-563
-606
-649
-685
-744
-797
-814
-788
-799
-829
-815
-799
-781
-762
-775
-772
-742
-678
-652
-637
-594
-552
-509
-469
-479
-460
-434
-364
-406
-415
-415
-417
-422
-402
-441
-448
-457
-416
-478
-501
-507
-517
-525
-525
-528
-491
-436
-370
-371
-339
-325
-327
-338
-362
-413
-426
-414
-415
-476
-494
-514
-527
-534
-562
-581
-567
-515
-516
-550
-555
-573
-601
-632
-696
-749
-777
-766
-789
-814
-805
-789
-765
-735
-751
-726
-696
-628
-667
-677
-676
-672
-660
-643
-648
-614
-569
-492
-532
-523
-517
-515
-513
-521
-550
-536
-498
-457
-474
-464
-466
-482
-503
-546
-600
-612
-588
-572
-604
-591
-582
-576
-569
-589
-606
-594
-542
-539
-549
-523
-497
-472
-452
-468
-486
-490
-466
-491
-520
-525
-527
-520
-508
-541
-531
-506
-436
-459
-455
-439
-418
-388
-355
-350
-305
-253
-170
-202
-184
-164
-170
-171
-180
-217
-218
-202
-194
-255
-269
-294
-324
-359
-414
-478
-494
-485
-484
-514
-501
-491
-483
-478
-505
-528
-525
-478
-488
-505
-484
-453
-413
-362
-332
-290
-235
-161
-163
-172
-166
-162
-153
-144
-184
-188
-186
-152
-208
-243
-274
-311
-345
-384
-456
-479
-482
-438
-505
-511
-518
-528
-533
-547
-571
-561
-527
-493
-520
-510
-502
-495
-485
-497
-519
-506
-466
-451
-483
-468
-449
-422
-394
-406
-423
-421
-385
-415
-462
-480
-497
-509
-516
-545
-569
-577
-548
-586
-608
-607
-601
-586
-565
-583
-555
-509
-426
-423
-399
-369
-346
-324
-309
-333
-304
-261
-185
-226
-214
-202
-192
-181
-189
-209
-191
-177
-179
-231
-253
-286
-325
-367
-425
-500
-521
-506
-515
-563
-559
-552
-537
-518
-517
-503
-469
-407
-419
-455
-471
-495
-521
-542
-581
-611
-611
-561
-589
-595
-581
-566
-542
-516
-525
-495
-454
-387
-400
-397
-395
-406
-425
-462
-547
-576
-584
-546
-599
-594
-585
-578
-571
-574
-584
-559
-512
-468
-483
-450
-415
-383
-354
-357
-378
-372
-336
-332
-367
-358
-344
-327
-306
-323
-328
-313
-265
-281
-315
-328
-345
-356
-362
-390
-406
-409
-369
-424
-448
-452
-453
-452
-451
-480
-471
-441
-372
-372
-343
-308
-277
-247
-233
-270
-258
-230
-171
-197
-170
-141
-119
-103
-114
-149
-165
-169
-185
-264
-298
-295
-303
-300
-317
-328
-302
-254
-231
-251
-253
-250
-236
-228
-265
-285
-298
-280
-342
-426
-495
-550
-600
-624
-651
-635
-585
-475
-465
-419
-369
-326
-283
-247
-246
-219
-183
-120
-142
-142
-142
-149
-161
-185
-253
-271
-275
-257
-318
-332
-337
-337
-328
-334
-353
-340
-305
-280
-323
-323
-327
-332
-333
-357
-378
-359
-302
-281
-295
-271
-248
-226
-203
-216
-213
-190
-137
-137
-160
-161
-169
-180
-196
-251
-278
-287
-238
-293
-310
-314
-318
-317
-314
-339
-338
-326
-286
-335
-345
-353
-367
-379
-398
-452
-453
-431
-385
-398
-362
-315
-266
-216
-188
-177
-138
-81
-36
-58
-42
-33
-25
-11
-21
-37
-18
21
5
-67
-111
-157
-208
-247
-305
-347
-356
-304
-291
-296
-275
-256
-240
-230
-277
-295
-282
-223
-275
-285
-280
-270
-256
-244
-250
-224
-175
-88
-89
-41
15
66
119
156
148
172
208
251
229
237
243
246
253
244
222
235
273
303
279
309
349
407
482
540
601
689
805
863
883
925
953
971
981
953
930
925
945
917
869
839
801
754
697
598
550
532
578
535
538
555
568
578
580
551
554
573
632
592
609
637
672
717
755
765
810
863
909
890
899
906
907
904
875
824
800
797
776
698
665
632
599
573
525
488
490
538
540
524
541
550
569
598
592
577
603
652
654
652
665
681
686
701
660
656
668
743
730
761
802
863
932
995
1025
1085
1149
1244
1219
1239
1246
1232
1193
1130
1030
954
884
811
675
579
488
407
339
261
177
138
132
110
36
7
-19
-43
-59
-95
-117
-102
-47
-54
-83
-82
-84
-86
-85
-106
-116
-101
-53
-54
-61
-50
-43
-38
-38
-90
-102
-100
-57
-108
-137
-160
-187
-214
-250
-322
-354
-372
-343
-423
-434
-435
-428
-415
-413
-424
-398
-348
-297
-306
-284
-270
-259
-244
-247
-262
-246
-206
-195
-237
-232
-222
-206
-178
-172
-152
-104
-18
-1
-6
11
15
12
4
-33
-70
-96
-103
-158
-237
-319
-404
-483
-563
-698
-789
-862
-916
-1025
-1082
-1111
-1134
-1131
-1128
-1150
-1141
-1117
-1067
-1124
-1128
-1124
-1112
-1088
-1072
-1068
-1036
-982
-941
-971
-964
-960
-954
-938
-937
-939
-900
-838
-809
-836
-827
-824
-821
-816
-842
-853
-831
-759
-742
-737
-706
-682
-665
-655
-673
-686
-679
-634
-661
-671
-659
-645
-629
-613
-642
-639
-631
-595
-638
-654
-656
-650
-634
-619
-641
-611
-569
-491
-524
-505
-484
-467
-450
-449
-469
-465
-443
-426
-475
-487
-502
-513
-516
-537
-563
-552
-506
-490
-525
-529
-542
-562
-584
-644
-695
-721
-705
-747
-803
-830
-858
-885
-910
-961
-1000
-1016
-981
-1019
-1022
-1000
-976
-951
-913
-911
-886
-851
-785
-779
-748
-698
-629
-562
-497
-449
-347
-238
-91
-43
58
163
264
368
478
570
680
802
911
953
1034
1106
1179
1249
1299
1347
1442
1575
1681
1744
1850
1958
2067
2181
2271
2385
2535
2733
2890
3053
3266
3497
3740
3985
4195
4410
4628
4879
5022
5186
5354
5497
5606
5670
5663
5652
5620
5581
5433
5285
5122
4936
4728
4480
4151
3838
3511
3189
2765
2380
1996
1617
1258
906
568
290
57
-170
-457
-700
-945
-1185
-1415
-1657
-1886
-2060
-2179
-2310
-2456
-2543
-2617
-2677
-2725
-2800
-2852
-2870
-2847
-2869
-2899
-2891
-2873
-2846
-2813
-2813
-2795
-2769
-2694
-2721
-2702
-2655
-2590
-2509
-2421
-2358
-2266
-2162
-2032
-1993
-1911
-1829
-1755
-1701
-1630
-1601
-1522
-1417
-1310
-1283
-1237
-1180
-1137
-1092
-1065
-1041
-972
-874
-795
-772
-705
-649
-591
-527
-485
-447
-385
-296
-252
-238
-189
-135
-82
-26
-9
21
71
151
178
186
216
241
260
269
227
200
170
173
51
-47
-139
-233
-318
-394
-483
-534
-562
-549
-622
-650
-672
-695
-712
-734
-790
-793
-773
-735
-764
-756
-747
-737
-720
-711
-711
-671
-603
-543
-547
-510
-480
-456
-432
-437
-447
-427
-370
-355
-365
-334
-300
-259
-210
-193
-167
-125
-56
-33
-27
3
31
61
88
68
77
93
151
94
67
50
31
17
5
-30
-33
-22
23
-30
-29
-19
-6
13
28
14
72
149
219
244
309
368
416
449
455
412
409
421
407
304
241
169
103
29
-58
-142
-185
-193
-247
-320
-355
-391
-425
-454
-500
-530
-533
-496
-498
-509
-492
-471
-441
-402
-407
-370
-323
-232
-250
-239
-217
-193
-160
-122
-105
-52
11
103
79
100
115
118
117
103
64
64
85
114
86
92
97
101
108
98
74
85
122
144
111
126
138
145
147
117
88
94
145
150
143
176
218
272
336
379
437
521
633
689
723
763
785
797
799
743
714
684
690
596
531
475
419
372
329
266
250
257
311
259
266
274
274
269
248
204
195
213
243
224
238
255
271
264
236
197
207
248
273
260
281
299
336
376
375
382
416
485
490
468
467
474
479
485
472
464
476
517
495
476
474
474
485
512
504
552
616
721
741
784
836
888
941
986
993
1040
1096
1192
1173
1213
1259
1304
1344
1364
1361
1389
1442
1496
1491
1514
1526
1525
1517
1483
1434
1423
1438
1425
1357
1329
1304
1284
1267
1212
1161
1132
1138
1081
1011
979
955
942
940
924
923
945
1003
994
991
1008
1027
1053
1081
1067
1096
1143
1229
1237
1268
1302
1328
1352
1371
1353
1384
1432
1523
1502
1541
1585
1629
1672
1702
1718
1765
1837
1909
1922
1978
2036
2091
2140
2154
2145
2151
2189
2170
2104
2054
2032
2020
2014
1992
1961
1954
1975
1945
1882
1842
1803
1777
1770
1751
1736
1754
1818
1795
1789
1797
1805
1821
1840
1820
1840
1876
1939
1926
1928
1927
1912
1895
1877
1823
1827
1854
1922
1892
1920
1949
1973
1995
1999
1984
1988
2006
2016
1963
1957
1956
1954
1948
1909
1846
1806
1787
1738
1651
1615
1589
1573
1570
1542
1533
1546
1592
1573
1532
1512
1485
1463
1449
1415
1398
1398
1441
1396
1374
1368
1360
1357
1356
1324
1330
1359
1428
1432
1464
1500
1527
1546
1540
1474
1448
1431
1443
1360
1325
1290
1249
1203
1130
1033
953
884
807
664
566
474
389
311
212
109
44
15
-37
-117
-143
-158
-160
-137
-143
-163
-149
-98
-111
-142
-160
-179
-217
-237
-283
-300
-305
-248
-290
-293
-298
-296
-290
-282
-312
-317
-310
-271
-305
-306
-295
-277
-253
-237
-259
-234
-206
-165
-213
-222
-225
-228
-224
-232
-257
-258
-247
-248
-314
-334
-351
-365
-376
-411
-453
-465
-448
-471
-527
-542
-554
-559
-552
-571
-565
-534
-470
-459
-468
-450
-429
-401
-372
-375
-348
-298
-190
-187
-155
-124
-115
-121
-139
-189
-212
-219
-195
-254
-275
-288
-307
-326
-355
-426
-451
-467
-471
-549
-583
-603
-610
-598
-589
-584
-545
-489
-455
-496
-501
-511
-521
-525
-552
-580
-575
-534
-534
-564
-560
-562
-565
-561
-586
-592
-571
-519
-508
-504
-503
-504
-500
-498
-536
-541
-512
-431
-459
-426
-372
-331
-285
-241
-224
-174
-110
-12
2
59
115
166
210
233
193
163
120
56
-95
-220
-338
-450
-543
-637
-731
-773
-782
-795
-862
-879
-894
-901
-895
-902
-898
-858
-785
-760
-768
-749
-742
-742
-745
-783
-810
-815
-788
-802
-830
-834
-840
-843
-840
-871
-853
-813
-716
-723
-696
-660
-632
-611
-602
-626
-626
-618
-577
-637
-642
-637
-625
-606
-594
-614
-596
-563
-527
-555
-552
-547
-540
-524
-517
-518
-479
-419
-381
-411
-406
-409
-417
-420
-444
-458
-434
-369
-356
-369
-357
-358
-364
-372
-412
-440
-444
-413
-422
-439
-437
-444
-457
-483
-529
-555
-556
-530
-586
-604
-613
-602
-597
-596
-624
-599
-570
-504
-545
-530
-508
-495
-491
-496
-521
-526
-515
-508
-560
-577
-586
-582
-559
-543
-535
-485
-411
-362
-380
-367
-363
-366
-371
-407
-439
-439
-399
-418
-459
-472
-489
-506
-520
-553
-570
-555
-498
-478
-453
-402
-350
-295
-242
-243
-208
-168
-88
-103
-95
-84
-83
-85
-95
-136
-135
-120
-67
-133
-145
-156
-171
-185
-209
-254
-272
-276
-281
-343
-366
-384
-403
-422
-464
-519
-533
-511
-502
-543
-541
-541
-543
-542
-567
-575
-543
-458
-429
-416
-377
-346
-321
-304
-319
-335
-340
-319
-357
-392
-403
-414
-421
-428
-482
-498
-504
-472
-522
-540
-537
-522
-525
-516
-534
-515
-482
-423
-483
-496
-488
-485
-473
-472
-473
-439
-380
-335
-342
-305
-268
-237
-205
-195
-195
-165
-114
-91
-126
-129
-147
-166
-188
-246
-295
-309
-280
-306
-348
-362
-379
-398
-417
-460
-496
-510
-483
-517
-536
-531
-525
-514
-505
-540
-537
-523
-478
-511
-519
-514
-506
-492
-480
-507
-484
-447
-370
-400
-370
-337
-306
-276
-264
-269
-248
-212
-185
-225
-227
-233
-241
-244
-265
-294
-288
-253
-248
-294
-304
-320
-333
-340
-378
-400
-392
-340
-350
-375
-371
-368
-363
-354
-369
-377
-369
-327
-370
-390
-384
-373
-356
-336
-360
-351
-334
-291
-325
-333
-328
-318
-301
-286
-318
-296
-251
-209
-286
-303
-318
-330
-335
-339
-349
-330
-267
-199
-207
-173
-141
-122
-107
-129
-162
-164
-141
-155
-214
-232
-245
-255
-268
-321
-377
-421
-425
-475
-527
-535
-527
-506
-470
-458
-434
-396
-315
-326
-307
-270
-239
-211
-190
-210
-205
-189
-149
-188
-204
-215
-227
-235
-248
-300
-299
-285
-248
-310
-330
-347
-360
-366
-382
-407
-396
-354
-309
-326
-298
-273
-250
-228
-236
-254
-241
-195
-182
-205
-189
-178
-173
-173
-215
-247
-259
-236
-266
-303
-304
-297
-283
-270
-291
-297
-291
-237
-284
-296
-293
-289
-278
-265
-280
-268
-254
-224
-286
-325
-360
-394
-416
-430
-467
-439
-387
-312
-320
-294
-283
-253
-254
-264
-304
-295
-253
-214
-218
-182
-163
-151
-127
-147
-184
-190
-168
-176
-221
-223
-221
-202
-192
-218
-233
-229
-198
-221
-265
-284
-306
-324
-332
-370
-377
-368
-311
-357
-364
-351
-324
-280
-223
-182
-108
-21
89
101
137
164
177
181
167
109
94
94
109
57
46
43
42
46
33
4
5
27
35
-23
-40
-62
-87
-111
-162
-215
-235
-218
-241
-285
-284
-276
-261
-239
-247
-240
-214
-163
-165
-190
-193
-198
-198
-195
-233
-239
-232
-172
-216
-218
-209
-207
-211
-222
-263
-280
-284
-257
-332
-367
-400
-436
-468
-505
-569
-579
-562
-524
-539
-512
-478
-443
-404
-380
-367
-319
-243
-187
-198
-199
-204
-202
-203
-221
-239
-233
-201
-202
-232
-221
-207
-182
-143
-126
-108
-65
18
52
66
104
143
188
234
233
272
317
408
380
383
385
382
379
384
369
392
429
508
486
518
553
580
601
604
569
570
591
624
604
622
641
658
677
679
669
698
752
790
769
787
796
801
806
782
760
766
803
783
738
724
704
686
675
644
630
644
693
700
698
716
738
772
817
824
878
944
1052
1052
1075
1100
1118
1138
1152
1138
1164
1210
1297
1269
1295
1315
1322
1321
1301
1251
1228
1215
1197
1120
1078
1033
986
940
877
800
762
755
738
677
674
678
681
689
677
643
618
642
600
537
508
484
471
458
442
442
457
499
492
475
480
467
462
458
404
388
385
423
374
354
345
340
339
330
297
317
360
452
437
483
529
565
593
599
575
571
576
578
520
496
469
439
414
371
319
302
305
275
184
133
82
37
2
-55
-99
-115
-96
-144
-209
-239
-265
-283
-296
-329
-352
-355
-322
-346
-360
-347
-332
-313
-289
-304
-271
-220
-132
-129
-108
-82
-66
-53
-52
-94
-94
-85
-40
-116
-139
-165
-196
-234
-290
-368
-424
-463
-503
-599
-648
-687
-718
-740
-780
-828
-834
-809
-810
-862
-870
-874
-871
-861
-882
-893
-881
-835
-861
-875
-886
-901
-921
-928
-947
-954
-921
-845
-855
-841
-791
-750
-714
-673
-676
-629
-576
-487
-480
-441
-408
-384
-368
-365
-409
-413
-412
-375
-455
-480
-497
-515
-529
-555
-596
-613
-618
-639
-727
-771
-803
-819
-816
-826
-842
-828
-794
-800
-857
-870
-873
-861
-833
-830
-812
-771
-697
-691
-710
-711
-719
-727
-731
-756
-771
-770
-726
-765
-781
-784
-793
-806
-823
-880
-897
-891
-844
-865
-857
-842
-832
-824
-831
-886
-888
-869
-811
-843
-816
-782
-747
-710
-689
-683
-648
-589
-530
-534
-497
-465
-441
-422
-438
-472
-482
-470
-496
-568
-598
-625
-645
-652
-682
-688
-666
-601
-584
-574
-532
-483
-427
-365
-316
-254
-178
-72
-59
-4
57
119
181
220
212
243
283
352
354
398
462
537
608
676
719
810
908
1029
1061
1145
1238
1331
1433
1520
1600
1708
1844
1975
2044
2159
2284
2419
2573
2717
2869
3062
3288
3475
3618
3792
3953
4102
4243
4341
4451
4573
4708
4756
4747
4718
4644
4531
4383
4173
3960
3741
3547
3215
2880
2521
2131
1722
1300
849
436
49
-295
-702
-1055
-1380
-1681
-1951
-2195
-2448
-2622
-2757
-2850
-2996
-3076
-3126
-3149
-3144
-3139
-3140
-3107
-3051
-3005
-3023
-2998
-2972
-2939
-2892
-2860
-2827
-2757
-2652
-2588
-2561
-2501
-2446
-2394
-2341
-2318
-2275
-2201
-2088
-2017
-1962
-1885
-1817
-1755
-1702
-1691
-1653
-1602
-1500
-1504
-1475
-1425
-1368
-1322
-1295
-1276
-1234
-1176
-1080
-1079
-1026
-976
-909
-836
-772
-750
-680
-601
-518
-529
-500
-473
-450
-426
-424
-439
-418
-378
-360
-414
-431
-457
-475
-481
-503
-517
-488
-420
-389
-386
-349
-320
-295
-271
-277
-264
-226
-156
-134
-136
-122
-120
-128
-145
-209
-240
-255
-215
-281
-307
-315
-320
-320
-321
-346
-341
-322
-270
-320
-325
-329
-332
-324
-317
-340
-320
-285
-243
-263
-250
-237
-226
-212
-215
-232
-210
-160
-124
-154
-146
-145
-146
-143
-163
-176
-149
-78
-56
-60
-35
-18
-6
7
-12
-21
-5
46
55
45
48
37
10
-35
-138
-207
-265
-272
-376
-434
-467
-482
-476
-461
-467
-449
-401
-340
-399
-401
-389
-371
-352
-335
-341
-334
-300
-259
-283
-290
-292
-299
-294
-317
-339
-324
-269
-244
-284
-287
-293
-299
-297
-315
-314
-280
-200
-158
-124
-50
23
87
145
171
196
237
303
316
313
324
325
323
317
261
245
244
292
253
254
272
289
305
312
284
291
309
363
300
294
292
291
296
297
280
298
331
350
295
261
216
166
122
66
9
3
37
61
33
51
64
74
80
48
15
9
46
30
5
19
38
64
96
104
117
146
205
209
214
250
292
348
412
428
481
535
618
607
618
640
661
685
707
695
724
760
829
777
779
781
787
793
778
743
742
773
794
750
739
698
638
591
519
434
399
406
403
362
360
351
354
351
310
279
276
320
310
293
323
359
410
466
504
542
595
670
674
682
712
741
767
787
758
770
796
861
846
856
877
900
933
970
978
1034
1099
1201
1187
1228
1268
1305
1341
1361
1362
1385
1423
1455
1421
1422
1417
1407
1399
1372
1343
1362
1422
1470
1482
1543
1604
1661
1706
1703
1697
1710
1757
1742
1715
1718
1723
1733
1746
1732
1716
1709
1739
1694
1668
1666
1671
1683
1699
1674
1688
1718
1781
1769
1781
1804
1831
1870
1912
1921
1982
2049
2142
2119
2141
2157
2170
2185
2186
2174
2189
2220
2260
2235
2245
2225
2222
2219
2195
2178
2190
2247
2267
2260
2286
2308
2325
2347
2331
2324
2327
2383
2382
2363
2369
2370
2375
2384
2367
2354
2345
2365
2279
2217
2170
2122
2079
2042
1972
1939
1921
1936
1880
1849
1824
1799
1784
1768
1713
1715
1730
1775
1722
1719
1716
1712
1714
1707
1690
1699
1724
1742
1691
1679
1663
1644
1627
1587
1541
1527
1542
1521
1457
1429
1395
1362
1333
1273
1227
1206
1219
1173
1109
1072
1040
1015
995
951
925
909
929
841
777
726
675
628
586
521
497
496
534
503
508
523
534
548
560
535
569
615
674
633
620
592
547
494
423
342
291
260
222
119
62
8
-38
-74
-104
-145
-176
-169
-195
-255
-274
-295
-307
-335
-380
-408
-412
-394
-415
-448
-440
-440
-418
-389
-377
-344
-297
-203
-219
-209
-195
-189
-177
-167
-183
-161
-125
-61
-83
-74
-68
-70
-85
-113
-182
-200
-204
-189
-244
-252
-253
-252
-250
-265
-291
-280
-243
-207
-230
-200
-166
-127
-84
-68
-63
-37
13
13
-27
-37
-57
-86
-125
-212
-300
-379
-437
-544
-662
-749
-827
-889
-929
-986
-994
-976
-903
-939
-942
-936
-932
-923
-916
-937
-930
-911
-859
-899
-895
-884
-876
-867
-867
-901
-886
-848
-789
-787
-741
-689
-635
-576
-531
-499
-433
-346
-279
-280
-243
-212
-182
-151
-148
-151
-133
-94
-120
-179
-206
-257
-306
-351
-423
-488
-535
-541
-609
-704
-761
-820
-885
-936
-1015
-1043
-1044
-990
-1039
-1031
-1012
-996
-973
-948
-941
-894
-830
-720
-713
-651
-591
-538
-495
-472
-494
-489
-476
-465
-516
-533
-551
-571
-591
-633
-691
-708
-695
-691
-741
-736
-721
-699
-675
-684
-700
-695
-658
-677
-719
-722
-721
-711
-693
-700
-692
-661
-599
-584
-590
-581
-580
-581
-584
-631
-632
-614
-544
-575
-575
-572
-576
-581
-593
-636
-648
-644
-596
-652
-649
-639
-629
-616
-613
-629
-605
-559
-507
-512
-480
-445
-411
-376
-366
-375
-349
-294
-250
-254
-212
-172
-139
-110
-115
-121
-104
-57
-75
-120
-141
-176
-217
-258
-329
-372
-405
-398
-461
-508
-537
-574
-594
-630
-704
-736
-731
-688
-736
-757
-766
-775
-784
-814
-865
-869
-864
-813
-867
-846
-810
-770
-723
-683
-664
-618
-555
-494
-494
-462
-432
-403
-372
-364
-374
-354
-314
-301
-348
-358
-375
-394
-411
-458
-498
-511
-485
-522
-579
-605
-630
-652
-667
-699
-716
-705
-656
-662
-669
-662
-665
-674
-688
-749
-764
-759
-709
-735
-723
-692
-659
-627
-607
-628
-612
-586
-525
-577
-563
-539
-510
-475
-450
-443
-410
-365
-328
-357
-351
-347
-350
-357
-390
-438
-456
-446
-459
-521
-541
-559
-570
-566
-583
-583
-556
-494
-499
-523
-520
-517
-514
-511
-527
-531
-508
-441
-436
-414
-370
-312
-258
-236
-246
-213
-170
-93
-104
-89
-88
-79
-79
-91
-164
-191
-213
-194
-297
-321
-325
-305
-275
-252
-242
-209
-168
-146
-198
-215
-240
-273
-299
-344
-394
-403
-375
-370
-402
-391
-381
-374
-372
-409
-442
-456
-430
-463
-509
-526
-544
-563
-579
-614
-633
-626
-572
-591
-588
-566
-550
-541
-545
-596
-611
-609
-570
-598
-599
-586
-567
-538
-511
-527
-497
-463
-405
-459
-462
-462
-457
-443
-436
-439
-415
-373
-337
-368
-358
-352
-348
-344
-364
-392
-387
-354
-354
-401
-415
-435
-456
-475
-529
-564
-569
-534
-557
-595
-608
-621
-631
-640
-671
-686
-681
-625
-653
-643
-610
-573
-533
-496
-499
-478
-439
-357
-371
-352
-315
-274
-235
-213
-234
-222
-214
-169
-218
-236
-248
-257
-262
-279
-315
-325
-310
-306
-373
-393
-415
-430
-435
-456
-469
-443
-379
-344
-344
-309
-279
-261
-254
-293
-331
-350
-330
-357
-388
-385
-377
-365
-355
-377
-382
-374
-319
-367
-376
-363
-342
-315
-290
-299
-281
-249
-185
-199
-181
-158
-134
-103
-77
-96
-71
-50
-29
-109
-158
-213
-271
-324
-390
-465
-504
-517
-529
-599
-616
-630
-640
-643
-662
-673
-641
-574
-543
-548
-517
-489
-461
-431
-439
-436
-415
-362
-359
-374
-367
-370
-380
-398
-458
-492
-509
-471
-535
-558
-563
-563
-559
-557
-586
-592
-588
-551
-596
-598
-589
-586
-561
-573
-618
-636
-613
-565
-586
-547
-517
-485
-449
-403
-379
-318
-235
-173
-184
-176
-197
-230
-265
-345
-429
-482
-494
-538
-598
-607
-604
-588
-567
-577
-573
-546
-489
-477
-479
-462
-458
-461
-469
-521
-541
-545
-497
-552
-560
-544
-518
-484
-451
-448
-425
-397
-349
-409
-436
-465
-498
-525
-555
-611
-615
-600
-575
-612
-611
-606
-596
-580
-579
-587
-555
-496
-447
-461
-436
-420
-411
-404
-424
-444
-429
-375
-364
-377
-353
-332
-316
-304
-329
-346
-342
-309
-319
-343
-340
-330
-312
-291
-313
-292
-255
-168
-189
-180
-165
-159
-156
-160
-198
-207
-201
-157
-215
-219
-219
-221
-217
-216
-235
-210
-167
-120
-128
-98
-101
-98
-89
-104
-123
-107
-62
-51
-92
-106
-129
-170
-208
-268
-313
-330
-290
-288
-304
-288
-277
-270
-264
-290
-309
-303
-260
-255
-255
-219
-176
-124
-73
-67
-27
20
102
80
89
113
144
187
229
242
287
342
433
407
431
453
468
485
494
486
517
567
615
597
604
600
587
568
531
487
486
519
540
512
529
547
568
595
596
607
650
731
756
766
815
867
921
973
992
1008
1038
1094
1095
1088
1098
1104
1109
1109
1055
1038
1029
1061
1000
965
939
914
901
896
868
884
912
976
918
909
891
864
834
793
735
712
707
697
624
587
550
519
496
464
442
429
442
445
398
398
398
406
413
383
377
404
465
473
476
508
538
559
581
576
571
574
608
580
559
560
561
569
573
526
522
530
571
529
515
519
538
567
592
576
597
619
666
585
553
513
461
405
334
252
204
185
174
115
104
94
77
56
10
-51
-76
-72
-90
-149
-157
-159
-154
-140
-157
-161
-137
-72
-70
-85
-75
-67
-55
-40
-51
-61
-57
-19
-55
-76
-74
-73
-70
-65
-102
-99
-85
-44
-90
-122
-156
-198
-237
-280
-356
-371
-363
-309
-362
-359
-360
-372
-391
-434
-494
-522
-519
-507
-547
-541
-534
-528
-522
-541
-571
-567
-534
-526
-566
-536
-538
-533
-542
-568
-581
-580
-532
-559
-614
-641
-652
-669
-683
-714
-732
-728
-694
-755
-796
-809
-832
-849
-866
-916
-927
-920
-879
-906
-906
-894
-876
-848
-817
-817
-759
-681
-573
-575
-536
-510
-502
-511
-555
-630
-688
-729
-774
-876
-924
-961
-985
-994
-1018
-1041
-1019
-955
-916
-917
-879
-848
-823
-800
-816
-816
-790
-724
-714
-717
-693
-674
-654
-632
-632
-614
-579
-502
-522
-514
-490
-469
-445
-421
-433
-414
-385
-330
-358
-366
-376
-396
-420
-454
-529
-547
-546
-514
-568
-574
-575
-572
-566
-580
-615
-624
-609
-594
-641
-641
-643
-647
-651
-683
-726
-747
-744
-779
-847
-864
-865
-845
-804
-786
-745
-684
-588
-574
-574
-539
-511
-476
-443
-449
-445
-411
-334
-360
-353
-322
-280
-220
-162
-122
-42
47
162
198
272
359
446
530
606
636
712
792
894
917
984
1052
1122
1192
1247
1283
1353
1449
1543
1582
1681
1797
1929
2080
2220
2363
2537
2740
2902
3033
3201
3363
3521
3671
3774
3877
3983
4096
4131
4118
4101
4054
3980
3879
3721
3572
3417
3284
3001
2707
2376
1999
1590
1161
703
284
-106
-447
-857
-1206
-1530
-1830
-2098
-2340
-2582
-2743
-2857
-2931
-3046
-3098
-3126
-3138
-3138
-3149
-3176
-3170
-3144
-3127
-3167
-3151
-3122
-3077
-3015
-2969
-2921
-2844
-2738
-2680
-2653
-2587
-2516
-2434
-2343
-2281
-2208
-2115
-1997
-1936
-1903
-1859
-1819
-1765
-1735
-1755
-1719
-1665
-1553
-1547
-1505
-1457
-1429
-1390
-1354
-1350
-1312
-1252
-1157
-1155
-1110
-1048
-985
-919
-863
-837
-766
-672
-569
-525
-436
-341
-253
-169
-117
-102
-70
-32
-31
-105
-149
-200
-249
-289
-347
-394
-406
-382
-414
-479
-509
-538
-556
-558
-577
-574
-541
-478
-464
-473
-468
-474
-482
-492
-544
-551
-535
-458
-473
-441
-387
-330
-273
-223
-206
-164
-114
-27
-50
-20
8
27
37
25
-26
-47
-54
-61
-126
-155
-176
-189
-191
-206
-235
-228
-199
-189
-238
-238
-230
-210
-177
-169
-158
-121
-49
-32
-36
-8
21
53
88
97
111
141
191
189
171
167
154
136
114
41
6
-30
5
-85
-144
-198
-238
-270
-311
-371
-398
-429
-413
-490
-506
-512
-498
-475
-447
-448
-414
-366
-305
-312
-276
-233
-182
-122
-75
-42
23
99
140
119
133
149
171
201
207
221
257
324
321
284
263
227
186
142
69
0
-47
-59
-116
-166
-189
-211
-230
-248
-311
-322
-311
-249
-264
-238
-191
-139
-84
-35
-20
34
97
194
169
198
222
239
255
256
236
246
274
301
274
289
306
325
352
359
349
365
399
403
345
326
306
293
291
262
245
255
307
299
278
285
287
289
293
275
269
287
341
332
326
338
347
361
377
347
353
365
405
362
346
346
351
367
372
333
320
320
368
298
293
294
288
286
292
283
302
342
384
373
412
444
478
533
566
588
648
732
784
775
788
790
781
777
742
729
750
819
826
826
854
875
883
881
848
819
811
851
829
839
881
926
969
1001
983
998
1023
1078
1058
1062
1079
1099
1129
1155
1138
1164
1190
1235
1158
1124
1086
1050
1027
1005
983
998
1035
1071
1044
1063
1086
1112
1145
1158
1169
1219
1302
1356
1361
1401
1432
1457
1477
1456
1444
1457
1513
1514
1504
1521
1533
1539
1541
1519
1510
1518
1569
1537
1536
1565
1604
1655
1708
1723
1768
1820
1894
1889
1906
1931
1955
1984
2007
1985
2009
2032
2066
2001
1990
1964
1919
1894
1848
1786
1761
1758
1765
1701
1701
1703
1709
1722
1725
1727
1770
1837
1885
1893
1936
1971
1999
2020
1997
1983
1992
2044
2042
2019
2022
2026
2031
2032
2004
1993
2002
2059
2017
2006
2006
2000
1990
1969
1906
1863
1825
1810
1720
1669
1642
1629
1630
1626
1578
1581
1595
1628
1568
1545
1516
1483
1454
1412
1361
1349
1367
1387
1348
1354
1352
1341
1328
1291
1255
1254
1290
1292
1262
1273
1284
1297
1309
1282
1262
1261
1288
1258
1208
1183
1158
1136
1113
1056
1020
997
1027
955
926
917
916
922
925
889
870
855
859
765
692
614
536
471
416
338
322
325
343
276
243
211
181
158
120
99
95
106
108
53
42
23
8
-1
-61
-115
-124
-94
-103
-123
-100
-70
-56
-41
-76
-97
-115
-108
-153
-217
-254
-285
-306
-313
-354
-357
-336
-261
-292
-278
-245
-203
-147
-88
-53
4
61
135
102
96
84
62
40
6
-62
-81
-79
-60
-106
-118
-131
-149
-173
-221
-282
-306
-307
-322
-400
-432
-461
-485
-507
-559
-614
-637
-618
-638
-675
-669
-659
-647
-634
-657
-671
-670
-643
-661
-690
-690
-684
-667
-643
-656
-628
-586
-499
-526
-524
-518
-516
-512
-512
-542
-548
-548
-521
-604
-644
-682
-719
-749
-777
-819
-804
-760
-700
-697
-659
-620
-585
-548
-528
-520
-475
-404
-349
-360
-320
-286
-271
-274
-314
-352
-372
-357
-383
-440
-462
-463
-465
-472
-503
-522
-520
-487
-505
-534
-521
-513
-506
-493
-522
-504
-474
-403
-439
-454
-458
-469
-481
-508
-573
-613
-639
-625
-720
-757
-785
-807
-819
-836
-873
-869
-839
-800
-812
-785
-752
-715
-669
-639
-624
-575
-499
-441
-440
-397
-361
-335
-324
-360
-414
-461
-482
-564
-663
-720
-762
-783
-781
-788
-771
-716
-623
-577
-539
-476
-410
-335
-254
-227
-176
-141
-93
-161
-213
-258
-304
-351
-402
-483
-523
-548
-525
-608
-623
-628
-629
-628
-641
-682
-701
-711
-730
-810
-854
-893
-928
-956
-998
-1047
-1053
-1021
-998
-1016
-982
-944
-906
-867
-862
-862
-826
-750
-736
-755
-714
-675
-640
-598
-597
-588
-578
-525
-537
-555
-563
-568
-566
-558
-604
-589
-552
-479
-491
-482
-465
-451
-439
-435
-468
-456
-434
-365
-409
-398
-394
-393
-391
-397
-416
-405
-374
-345
-374
-359
-337
-311
-280
-275
-288
-272
-233
-223
-268
-276
-290
-308
-331
-393
-454
-495
-502
-576
-664
-718
-765
-799
-816
-839
-840
-811
-740
-736
-729
-708
-693
-675
-657
-679
-656
-613
-532
-532
-516
-500
-494
-489
-487
-517
-490
-442
-352
-374
-342
-316
-301
-291
-301
-330
-339
-335
-343
-421
-460
-497
-530
-549
-577
-605
-594
-547
-521
-532
-493
-449
-401
-349
-333
-311
-273
-207
-212
-235
-231
-231
-202
-179
-199
-204
-188
-137
-172
-195
-197
-229
-249
-270
-335
-382
-410
-407
-470
-522
-555
-593
-621
-662
-740
-758
-751
-702
-747
-731
-704
-685
-670
-668
-683
-672
-639
-609
-637
-614
-590
-562
-530
-522
-525
-497
-442
-423
-451
-438
-422
-400
-371
-373
-358
-318
-239
-221
-219
-190
-164
-137
-110
-110
-102
-86
-41
-100
-139
-166
-198
-226
-246
-291
-287
-256
-187
-186
-156
-120
-91
-70
-70
-128
-148
-164
-156
-241
-272
-294
-312
-324
-352
-393
-406
-402
-407
-479
-507
-536
-564
-581
-612
-644
-640
-608
-614
-661
-665
-662
-651
-630
-641
-634
-603
-538
-532
-545
-534
-523
-510
-499
-517
-515
-498
-426
-451
-460
-457
-457
-445
-434
-446
-409
-370
-307
-303
-270
-248
-231
-219
-220
-271
-284
-295
-272
-329
-335
-321
-293
-252
-226
-225
-198
-167
-155
-218
-236
-258
-275
-279
-291
-291
-247
-166
-120
-112
-76
-51
-33
-18
-45
-69
-83
-76
-131
-212
-274
-341
-406
-468
-556
-606
-629
-586
-634
-633
-610
-590
-573
-564
-588
-590
-584
-547
-591
-592
-582
-571
-555
-546
-572
-546
-503
-442
-449
-414
-371
-325
-274
-241
-227
-189
-136
-101
-134
-126
-120
-113
-95
-94
-96
-74
-27
-25
-52
-38
-25
-10
10
1
13
49
115
130
120
125
124
118
109
58
42
45
104
51
28
10
-15
-48
-69
-130
-163
-215
-214
-306
-348
-356
-368
-363
-370
-395
-392
-381
-374
-433
-457
-477
-503
-504
-508
-526
-508
-472
-450
-489
-481
-464
-435
-393
-377
-360
-317
-244
-232
-259
-259
-264
-269
-270
-296
-302
-280
-227
-218
-226
-210
-196
-182
-173
-213
-217
-207
-146
-188
-191
-182
-180
-182
-189
-224
-226
-211
-155
-197
-178
-145
-107
-65
-35
-38
-6
37
76
47
48
51
56
69
65
44
54
80
78
3
-39
-90
-141
-182
-240
-284
-290
-256
-273
-314
-321
-328
-331
-326
-341
-337
-304
-238
-219
-214
-188
-165
-140
-119
-147
-134
-107
-33
-55
-42
-15
14
50
85
91
129
172
242
186
193
193
159
137
112
62
46
38
33
-53
-88
-123
-151
-181
-214
-253
-242
-210
-179
-204
-181
-166
-150
-124
-116
-96
-46
42
74
80
111
139
163
184
180
186
212
272
276
270
277
272
257
230
144
93
50
49
-38
-87
-111
-123
-125
-129
-166
-162
-144
-85
-137
-121
-91
-52
-6
33
51
99
164
228
234
283
340
401
464
508
541
610
707
776
783
819
843
857
867
843
827
838
889
881
858
865
867
869
872
851
835
839
876
852
830
829
829
838
851
823
838
867
932
914
924
950
983
1024
1062
1062
1100
1144
1221
1177
1184
1188
1191
1200
1198
1187
1209
1219
1225
1177
1177
1178
1175
1189
1170
1131
1142
1177
1164
1096
1062
1018
971
920
831
761
716
710
650
588
569
557
552
559
546
542
559
618
602
598
611
623
646
669
644
656
683
746
732
743
765
785
808
821
789
799
816
861
788
767
745
719
693
652
597
570
563
553
481
452
425
400
380
340
292
281
302
296
246
237
222
203
183
131
92
77
102
68
24
13
6
3
1
-25
-41
-38
6
-36
-58
-61
-61
-54
-45
-76
-77
-67
-25
-58
-69
-73
-76
-75
-80
-129
-129
-122
-91
-168
-198
-226
-255
-278
-306
-336
-330
-300
-273
-310
-316
-306
-323
-326
-370
-393
-372
-314
-260
-253
-202
-159
-106
-75
-96
-117
-126
-99
-139
-207
-242
-269
-306
-343
-408
-455
-485
-470
-552
-607
-644
-678
-700
-719
-773
-796
-804
-774
-811
-812
-797
-778
-749
-722
-735
-689
-629
-547
-564
-545
-531
-524
-517
-524
-541
-521
-473
-425
-439
-409
-381
-359
-340
-350
-371
-362
-324
-324
-366
-378
-402
-432
-464
-536
-597
-633
-630
-673
-721
-733
-736
-732
-727
-751
-752
-736
-669
-704
-702
-683
-660
-627
-590
-582
-549
-510
-452
-483
-485
-479
-471
-451
-427
-433
-383
-324
-253
-271
-261
-266
-289
-324
-386
-464
-507
-521
-539
-623
-661
-696
-725
-743
-780
-819
-826
-792
-794
-857
-866
-860
-847
-822
-840
-843
-844
-800
-813
-835
-831
-808
-770
-719
-715
-676
-619
-510
-513
-477
-424
-365
-300
-231
-178
-88
15
136
159
208
252
286
323
351
345
384
437
504
502
535
570
610
662
703
735
804
903
1001
1047
1150
1269
1403
1551
1676
1798
1946
2122
2249
2344
2479
2618
2766
2926
3061
3210
3381
3581
3736
3872
4033
4191
4350
4507
4620
4757
4882
5026
5024
5020
4988
4920
4820
4688
4502
4317
4110
3896
3541
3191
2812
2409
1996
1574
1126
734
377
51
-314
-617
-892
-1144
-1366
-1581
-1789
-1946
-2064
-2179
-2337
-2436
-2529
-2618
-2703
-2812
-2917
-2984
-3008
-3067
-3134
-3145
-3139
-3107
-3040
-3014
-2966
-2876
-2746
-2652
-2568
-2449
-2341
-2249
-2147
-2085
-1992
-1878
-1709
-1651
-1570
-1496
-1438
-1386
-1348
-1343
-1305
-1255
-1169
-1190
-1162
-1125
-1090
-1056
-1029
-1025
-985
-932
-881
-896
-877
-865
-859
-850
-860
-884
-871
-827
-792
-804
-762
-712
-653
-586
-545
-502
-435
-337
-299
-283
-236
-194
-157
-128
-137
-153
-161
-152
-200
-264
-306
-345
-371
-385
-434
-429
-398
-306
-299
-256
-202
-155
-110
-72
-66
-21
39
139
125
162
187
193
181
145
79
39
15
-3
-71
-95
-114
-133
-149
-184
-234
-247
-233
-237
-293
-300
-301
-294
-279
-288
-290
-267
-211
-215
-238
-226
-215
-200
-178
-177
-171
-148
-108
-102
-131
-129
-143
-130
-106
-130
-92
-51
15
-19
-17
-24
-41
-52
-66
-105
-105
-95
-42
-96
-98
-92
-87
-82
-93
-123
-122
-97
-69
-96
-82
-69
-55
-35
-37
-48
-23
30
67
59
99
140
185
235
254
280
329
411
422
409
418
423
429
441
434
434
452
497
468
428
393
344
291
234
135
82
48
53
-17
-59
-89
-117
-139
-163
-220
-227
-216
-161
-211
-191
-161
-132
-108
-105
-123
-116
-90
-61
-82
-56
-25
9
46
62
66
106
177
219
214
246
275
303
327
312
305
323
380
374
356
367
374
380
389
378
376
394
448
423
408
400
382
359
336
274
267
260
306
293
304
332
353
372
373
348
369
409
485
467
512
559
585
611
629
623
637
666
688
651
661
679
707
743
764
772
815
876
888
836
815
785
755
727
670
635
634
678
664
639
642
646
657
683
696
728
781
876
879
897
922
936
946
953
923
929
955
1016
1005
1019
1040
1057
1073
1077
1036
1046
1071
1130
1091
1101
1109
1108
1102
1076
1036
1027
1043
1057
1009
1011
1022
1045
1083
1104
1120
1162
1226
1248
1227
1246
1266
1288
1315
1311
1325
1364
1440
1459
1461
1489
1513
1535
1552
1535
1532
1544
1603
1568
1569
1588
1603
1612
1608
1564
1547
1549
1590
1563
1575
1612
1623
1629
1643
1616
1642
1680
1736
1698
1686
1688
1693
1694
1680
1657
1663
1698
1726
1700
1721
1742
1761
1782
1777
1767
1789
1843
1867
1858
1881
1904
1930
1963
1965
1987
2032
2114
2137
2135
2152
2158
2158
2152
2111
2095
2096
2156
2120
2130
2158
2185
2212
2229
2208
2205
2206
2227
2156
2116
2081
2047
2022
1993
1921
1891
1868
1857
1770
1728
1694
1670
1659
1638
1608
1618
1659
1701
1689
1727
1766
1799
1829
1828
1821
1843
1891
1888
1840
1819
1787
1754
1727
1673
1640
1632
1654
1629
1586
1568
1546
1523
1500
1439
1405
1379
1397
1303
1247
1208
1169
1136
1099
1033
991
961
963
881
852
835
817
798
764
681
667
640
625
533
490
452
407
380
338
271
252
275
282
221
212
205
212
219
206
196
235
298
310
282
279
260
234
209
161
130
126
162
159
146
162
179
198
212
177
177
188
245
192
169
150
121
88
48
-18
-54
-71
-47
-121
-144
-160
-175
-183
-200
-251
-266
-271
-272
-337
-372
-407
-441
-462
-491
-528
-531
-512
-511
-571
-582
-585
-580
-565
-570
-566
-525
-448
-424
-431
-408
-394
-384
-375
-400
-415
-412
-379
-391
-414
-411
-404
-390
-373
-400
-391
-375
-317
-368
-385
-389
-388
-381
-373
-390
-378
-358
-306
-364
-364
-354
-340
-322
-314
-334
-319
-292
-269
-311
-328
-341
-356
-361
-397
-433
-412
-369
-340
-375
-386
-417
-440
-467
-521
-563
-559
-501
-488
-505
-492
-474
-467
-464
-484
-494
-478
-430
-433
-441
-431
-424
-421
-421
-472
-483
-487
-444
-493
-506
-507
-503
-493
-487
-516
-513
-503
-461
-537
-554
-569
-582
-590
-603
-629
-617
-581
-543
-563
-546
-523
-497
-465
-451
-449
-414
-359
-336
-375
-380
-390
-399
-400
-425
-436
-409
-332
-303
-278
-212
-142
-70
1
40
70
105
159
145
118
97
56
0
-74
-207
-309
-401
-452
-581
-671
-735
-786
-819
-843
-889
-881
-855
-791
-850
-857
-868
-883
-896
-918
-956
-962
-948
-934
-976
-978
-976
-969
-952
-947
-944
-899
-815
-738
-727
-691
-639
-595
-552
-542
-533
-498
-438
-424
-423
-395
-368
-331
-293
-280
-277
-255
-204
-225
-237
-228
-216
-194
-166
-182
-159
-132
-84
-116
-122
-114
-105
-89
-84
-125
-136
-150
-138
-247
-309
-376
-444
-505
-570
-639
-669
-671
-667
-714
-711
-700
-685
-661
-660
-674
-658
-617
-604
-635
-620
-604
-587
-575
-605
-631
-634
-596
-619
-652
-652
-649
-641
-629
-634
-626
-596
-525
-531
-518
-487
-461
-436
-417
-446
-446
-436
-397
-434
-451
-462
-474
-480
-490
-540
-537
-519
-463
-510
-508
-509
-510
-506
-510
-517
-480
-407
-325
-302
-235
-173
-120
-72
-53
-49
-19
33
46
9
7
-3
-18
-7
-53
-94
-110
-76
-93
-127
-128
-133
-167
-196
-241
-276
-303
-275
-338
-364
-381
-392
-402
-397
-436
-443
-439
-402
-438
-444
-438
-426
-411
-396
-410
-362
-296
-202
-209
-175
-147
-136
-134
-157
-201
-219
-217
-223
-294
-321
-349
-379
-408
-460
-516
-536
-519
-528
-566
-554
-532
-505
-474
-479
-471
-437
-361
-335
-322
-281
-239
-195
-149
-137
-111
-79
-12
-58
-81
-96
-112
-130
-150
-205
-234
-252
-244
-314
-351
-378
-402
-416
-426
-461
-426
-364
-275
-270
-228
-190
-160
-138
-148
-185
-200
-202
-215
-292
-320
-342
-357
-363
-392
-426
-428
-396
-398
-430
-422
-414
-402
-388
-415
-434
-440
-421
-447
-487
-496
-502
-490
-457
-454
-418
-365
-284
-324
-322
-319
-334
-351
-370
-410
-412
-403
-362
-384
-371
-359
-355
-363
-385
-448
-461
-449
-419
-453
-445
-428
-408
-378
-363
-354
-305
-231
-169
-173
-137
-110
-93
-84
-114
-159
-185
-183
-227
-302
-339
-372
-399
-417
-469
-507
-523
-503
-517
-537
-523
-501
-469
-430
-422
-376
-313
-197
-193
-156
-114
-87
-70
-66
-96
-101
-95
-60
-126
-150
-173
-202
-232
-272
-346
-373
-382
-376
-431
-446
-459
-474
-485
-511
-549
-546
-515
-492
-525
-509
-490
-466
-437
-435
-438
-416
-368
-377
-421
-433
-445
-449
-444
-461
-464
-448
-410
-424
-462
-476
-485
-480
-468
-477
-438
-388
-306
-308
-277
-237
-195
-169
-148
-172
-156
-132
-73
-121
-116
-110
-108
-116
-121
-149
-133
-92
-39
-37
3
45
85
127
147
136
153
183
188
127
110
94
81
70
35
7
12
53
35
-17
-48
-92
-146
-202
-285
-352
-395
-406
-457
-515
-543
-564
-571
-567
-600
-583
-548
-462
-474
-458
-432
-407
-376
-344
-340
-302
-256
-176
-211
-194
-178
-165
-149
-144
-162
-145
-110
-69
-78
-46
-8
34
80
108
116
150
195
209
153
131
101
66
28
-48
-129
-187
-208
-281
-361
-395
-414
-411
-388
-378
-352
-305
-235
-223
-223
-210
-211
-221
-237
-302
-326
-338
-307
-365
-397
-395
-409
-436
-454
-490
-476
-445
-369
-400
-389
-355
-311
-259
-227
-206
-158
-85
-29
-25
8
50
81
118
138
150
196
262
291
262
265
263
267
277
261
259
289
360
369
350
355
354
356
362
349
348
376
442
449
459
490
518
550
582
569
599
640
719
714
737
773
808
846
876
866
898
939
1015
969
979
993
1008
1028
1038
1035
1063
1111
1156
1137
1158
1184
1218
1262
1285
1290
1318
1362
1369
1316
1298
1276
1252
1232
1181
1140
1127
1155
1116
1060
1033
1006
982
964
934
920
936
997
992
998
1014
1016
1005
979
900
855
826
840
791
775
777
782
792
797
760
780
815
871
816
812
817
814
816
816
789
783
816
844
800
804
811
822
841
835
818
851
908
931
905
913
918
923
933
918
911
929
979
965
928
908
872
830
787
722
668
635
647
576
525
485
436
383
326
231
172
129
120
44
1
-25
-45
-60
-82
-145
-155
-151
-118
-192
-217
-244
-273
-299
-340
-397
-426
-432
-438
-500
-507
-504
-494
-475
-474
-474
-437
-371
-338
-348
-318
-291
-267
-244
-256
-253
-228
-170
-178
-213
-232
-264
-307
-356
-438
-508
-559
-557
-639
-683
-704
-721
-736
-754
-807
-831
-843
-825
-875
-885
-872
-853
-830
-815
-845
-823
-791
-742
-792
-800
-816
-817
-820
-828
-867
-846
-805
-775
-801
-800
-797
-803
-784
-791
-799
-775
-719
-700
-726
-738
-747
-758
-776
-829
-866
-875
-843
-859
-880
-864
-835
-801
-759
-748
-714
-666
-567
-571
-542
-503
-469
-441
-425
-452
-461
-463
-437
-492
-507
-508
-502
-488
-480
-517
-507
-485
-445
-487
-489
-489
-489
-489
-506
-537
-533
-508
-495
-552
-569
-592
-615
-633
-671
-705
-695
-644
-629
-651
-645
-654
-672
-697
-765
-819
-848
-836
-862
-897
-899
-894
-879
-860
-875
-864
-843
-776
-823
-837
-840
-847
-856
-872
-920
-946
-957
-928
-975
-966
-936
-895
-846
-802
-798
-746
-682
-608
-606
-570
-533
-498
-457
-428
-402
-329
-227
-111
-58
16
102
194
288
358
424
534
662
762
826
918
980
1039
1094
1117
1143
1212
1325
1414
1494
1612
1743
1891
2049
2173
2330
2503
2723
2837
3005
3200
3404
3616
3825
4003
4209
4416
4643
4760
4913
5062
5198
5323
5413
5437
5468
5471
5435
5289
5139
4958
4752
4528
4268
3968
3673
3370
3026
2603
2216
1824
1430
1040
633
242
-94
-368
-664
-960
-1196
-1411
-1606
-1783
-1974
-2141
-2270
-2348
-2448
-2545
-2601
-2643
-2666
-2670
-2706
-2698
-2674
-2595
-2605
-2560
-2484
-2396
-2299
-2206
-2147
-2070
-1998
-1908
-1935
-1916
-1898
-1884
-1865
-1853
-1865
-1835
-1790
-1745
-1764
-1754
-1747
-1745
-1740
-1750
-1768
-1745
-1693
-1657
-1681
-1662
-1648
-1641
-1628
-1637
-1663
-1649
-1582
-1550
-1527
-1460
-1373
-1291
-1215
-1153
-1089
-1024
-930
-882
-845
-784
-732
-688
-641
-652
-628
-587
-503
-517
-504
-486
-466
-444
-423
-431
-402
-368
-301
-358
-367
-376
-394
-410
-430
-460
-444
-401
-349
-355
-333
-318
-310
-300
-304
-311
-275
-206
-151
-148
-108
-80
-65
-58
-87
-112
-110
-70
-86
-116
-111
-103
-91
-78
-92
-103
-95
-57
-72
-92
-94
-100
-104
-110
-168
-190
-204
-181
-250
-290
-313
-327
-328
-322
-344
-321
-283
-210
-256
-247
-242
-245
-250
-268
-300
-294
-262
-232
-263
-262
-266
-276
-290
-329
-377
-383
-352
-338
-370
-354
-330
-297
-262
-263
-262
-236
-173
-176
-171
-153
-129
-132
-119
-132
-146
-124
-80
-97
-107
-71
-38
6
54
61
118
184
272
282
318
348
376
400
421
409
448
503
597
571
590
604
606
604
583
545
537
547
550
488
458
421
376
329
256
170
120
101
58
-32
-79
-123
-162
-196
-264
-323
-353
-334
-370
-415
-426
-429
-417
-389
-372
-338
-283
-193
-181
-162
-130
-103
-73
-35
-28
27
99
202
222
258
294
325
360
395
397
456
523
614
580
581
568
544
512
459
387
343
324
313
256
258
270
287
311
312
303
327
383
410
397
427
456
486
517
515
524
552
611
601
570
564
554
545
537
506
496
503
520
464
441
431
428
423
425
379
388
406
452
408
391
379
370
353
345
308
336
376
447
418
442
466
489
516
533
540
580
654
734
758
831
908
981
1050
1082
1096
1129
1178
1183
1145
1150
1156
1168
1190
1184
1195
1225
1282
1272
1239
1230
1220
1212
1209
1187
1191
1219
1294
1269
1271
1288
1301
1315
1325
1304
1319
1353
1418
1405
1417
1432
1441
1452
1458
1423
1442
1474
1528
1490
1493
1494
1490
1485
1464
1427
1422
1443
1465
1429
1444
1456
1464
1468
1444
1411
1409
1434
1419
1370
1368
1375
1391
1415
1411
1430
1478
1564
1594
1603
1638
1672
1711
1754
1770
1811
1862
1958
1943
1956
1981
2016
2022
2021
1996
2000
2014
2057
2029
2028
2023
2031
2046
2042
2005
2026
2063
2117
2085
2088
2090
2078
2053
2005
1939
1911
1913
1915
1870
1882
1902
1933
1973
1984
1988
2017
2072
2086
2058
2061
2063
2069
2078
2055
2044
2049
2073
2035
1966
1914
1858
1802
1745
1651
1586
1533
1525
1403
1315
1238
1165
1099
1040
969
942
945
994
963
979
1002
1021
1039
1043
1007
1015
1037
1064
1019
1004
988
967
943
892
822
784
772
754
682
664
652
644
640
612
581
581
612
592
541
521
496
471
446
385
333
304
307
269
221
200
183
174
175
148
173
223
327
317
332
349
357
364
368
343
343
384
436
395
378
372
352
313
266
165
91
32
3
-88
-130
-150
-155
-140
-146
-179
-178
-151
-157
-230
-267
-308
-344
-373
-422
-458
-456
-414
-418
-449
-452
-463
-478
-484
-512
-524
-507
-459
-455
-474
-477
-484
-481
-469
-488
-456
-405
-305
-311
-290
-265
-249
-241
-252
-306
-340
-363
-344
-423
-439
-446
-455
-465
-492
-551
-581
-599
-612
-677
-701
-716
-721
-712
-713
-722
-695
-643
-611
-641
-634
-631
-628
-619
-634
-645
-626
-573
-577
-599
-585
-569
-552
-533
-537
-530
-502
-440
-421
-412
-386
-364
-340
-316
-341
-324
-295
-222
-246
-249
-250
-263
-281
-306
-362
-382
-395
-374
-472
-515
-559
-599
-632
-667
-750
-790
-802
-819
-882
-907
-923
-941
-930
-939
-954
-936
-891
-871
-907
-913
-912
-894
-868
-864
-846
-797
-708
-682
-682
-656
-639
-621
-603
-600
-585
-546
-479
-466
-462
-445
-439
-434
-433
-478
-480
-471
-426
-469
-483
-482
-477
-467
-464
-504
-508
-505
-463
-531
-527
-510
-492
-472
-472
-499
-504
-494
-488
-542
-557
-572
-586
-596
-626
-669
-678
-659
-667
-727
-743
-755
-756
-745
-758
-760
-735
-673
-678
-705
-711
-725
-740
-754
-791
-814
-806
-750
-750
-735
-699
-668
-639
-614
-637
-620
-588
-517
-521
-501
-475
-453
-431
-421
-457
-452
-442
-402
-478
-496
-505
-507
-501
-505
-523
-514
-489
-464
-480
-478
-481
-471
-457
-460
-471
-443
-388
-377
-403
-389
-387
-387
-384
-417
-437
-437
-392
-407
-434
-431
-428
-427
-426
-449
-459
-437
-366
-372
-359
-328
-304
-287
-282
-330
-347
-362
-350
-410
-440
-459
-477
-495
-520
-589
-612
-628
-612
-698
-723
-732
-726
-703
-679
-655
-592
-507
-431
-427
-389
-356
-324
-287
-271
-265
-229
-168
-144
-173
-176
-192
-216
-244
-311
-364
-391
-374
-411
-457
-470
-482
-491
-499
-531
-546
-538
-477
-499
-489
-466
-451
-442
-445
-493
-517
-533
-520
-575
-591
-587
-573
-550
-531
-556
-534
-506
-459
-517
-531
-545
-552
-545
-537
-528
-478
-404
-337
-341
-304
-268
-233
-202
-167
-166
-127
-70
-38
-54
-53
-60
-88
-143
-235
-294
-331
-324
-353
-390
-384
-383
-381
-382
-398
-407
-400
-345
-383
-380
-355
-330
-303
-283
-299
-285
-262
-212
-242
-245
-237
-226
-212
-203
-234
-211
-178
-130
-171
-174
-178
-186
-193
-214
-244
-241
-217
-204
-258
-271
-289
-310
-328
-370
-411
-411
-370
-362
-386
-371
-359
-349
-343
-377
-398
-393
-349
-351
-368
-357
-346
-336
-331
-364
-375
-373
-316
-358
-356
-335
-306
-265
-217
-195
-149
-96
-17
-30
-14
3
15
25
25
-10
7
37
77
35
21
-1
-28
-57
-101
-155
-175
-176
-192
-275
-316
-358
-399
-430
-479
-519
-513
-460
-441
-442
-407
-374
-364
-351
-370
-390
-390
-361
-383
-422
-416
-412
-405
-402
-438
-441
-427
-369
-415
-403
-379
-356
-332
-317
-330
-320
-304
-255
-304
-309
-314
-314
-304
-298
-325
-299
-254
-199
-217
-213
-219
-236
-256
-297
-354
-372
-357
-346
-387
-382
-381
-383
-382
-408
-432
-422
-378
-384
-420
-424
-433
-444
-452
-490
-509
-499
-453
-446
-449
-420
-387
-350
-320
-347
-357
-368
-338
-419
-464
-494
-514
-519
-514
-527
-510
-482
-421
-463
-450
-428
-403
-369
-337
-327
-274
-201
-128
-125
-105
-98
-104
-118
-158
-220
-246
-245
-256
-323
-342
-358
-367
-368
-391
-412
-406
-366
-377
-403
-382
-350
-310
-265
-257
-238
-189
-134
-141
-147
-136
-130
-122
-120
-166
-189
-187
-142
-202
-230
-241
-258
-274
-302
-346
-355
-350
-307
-374
-386
-395
-408
-423
-445
-485
-493
-474
-444
-464
-447
-424
-401
-369
-357
-360
-328
-274
-240
-263
-241
-220
-200
-184
-206
-237
-249
-228
-261
-308
-315
-316
-316
-313
-336
-352
-351
-323
-349
-384
-397
-409
-417
-422
-470
-472
-457
-398
-426
-419
-396
-369
-336
-304
-299
-253
-200
-112
-139
-106
-74
-47
-23
-10
-15
12
60
107
96
117
127
126
119
85
34
24
52
72
53
84
114
137
152
129
105
102
133
98
47
30
17
6
-7
-51
-98
-128
-126
-175
-217
-240
-233
-238
-235
-265
-229
-167
-68
-42
11
51
98
157
202
198
245
300
397
361
384
402
431
454
468
468
503
562
625
635
697
761
823
884
909
908
928
964
970
926
918
906
895
885
839
799
783
808
775
735
732
733
740
755
755
767
798
866
861
866
890
913
939
967
952
971
998
1050
1016
995
974
945
912
865
772
726
697
712
622
597
580
570
567
555
528
531
557
585
557
574
594
616
641
641
628
645
687
699
667
683
705
732
755
733
708
693
702
635
544
475
405
338
282
218
180
175
223
196
195
217
245
284
327
331
367
422
502
496
494
496
500
495
484
436
429
432
482
422
404
380
346
306
246
153
79
45
12
-73
-99
-116
-126
-131
-162
-198
-204
-176
-182
-223
-223
-220
-210
-183
-180
-157
-110
-28
-8
-6
19
35
47
58
43
44
62
121
81
62
51
30
2
-34
-106
-148
-179
-181
-258
-305
-343
-380
-411
-445
-518
-532
-528
-491
-540
-538
-533
-531
-537
-572
-633
-670
-687
-708
-788
-814
-836
-854
-870
-911
-960
-976
-956
-962
-995
-974
-946
-913
-874
-866
-842
-795
-712
-683
-673
-645
-628
-617
-609
-632
-638
-630
-576
-629
-654
-672
-700
-733
-769
-835
-869
-883
-860
-908
-918
-921
-929
-919
-904
-933
-928
-884
-821
-834
-793
-755
-711
-678
-647
-635
-593
-534
-482
-499
-469
-447
-410
-374
-372
-381
-364
-319
-316
-356
-362
-369
-372
-377
-412
-431
-426
-392
-409
-447
-461
-480
-501
-528
-598
-648
-686
-677
-778
-844
-895
-946
-993
-1034
-1094
-1118
-1122
-1085
-1130
-1129
-1117
-1105
-1090
-1086
-1121
-1105
-1072
-1024
-1043
-1019
-991
-965
-940
-936
-949
-936
-908
-897
-956
-972
-986
-993
-987
-999
-1008
-980
-913
-886
-884
-845
-811
-778
-739
-727
-695
-642
-563
-537
-533
-506
-478
-445
-407
-402
-351
-272
-128
-82
13
132
258
392
525
631
763
906
1084
1171
1313
1466
1617
1765
1894
1976
2085
2189
2280
2320
2373
2410
2448
2490
2509
2510
2547
2613
2646
2646
2719
2814
2924
3063
3184
3317
3467
3657
3784
3884
3997
4086
4147
4176
4135
4066
3979
3894
3733
3535
3346
3134
2892
2611
2241
1869
1482
1129
674
263
-122
-492
-845
-1183
-1530
-1823
-2080
-2274
-2544
-2730
-2882
-3010
-3110
-3199
-3298
-3346
-3365
-3367
-3416
-3421
-3413
-3392
-3357
-3332
-3316
-3263
-3182
-3111
-3091
-3024
-2954
-2875
-2782
-2705
-2614
-2485
-2316
-2200
-2108
-1986
-1869
-1753
-1636
-1550
-1466
-1372
-1263
-1213
-1184
-1138
-1102
-1065
-1028
-1037
-1008
-975
-909
-954
-982
-1009
-1044
-1081
-1120
-1184
-1203
-1199
-1143
-1185
-1156
-1110
-1055
-993
-946
-931
-896
-853
-817
-842
-835
-826
-812
-790
-774
-764
-730
-675
-644
-662
-648
-634
-610
-595
-610
-597
-555
-483
-465
-464
-432
-405
-390
-381
-386
-390
-380
-337
-343
-348
-332
-325
-317
-315
-357
-353
-327
-258
-276
-269
-247
-220
-192
-176
-203
-198
-186
-137
-207
-215
-215
-207
-191
-180
-185
-160
-120
-92
-137
-160
-193
-230
-258
-292
-320
-299
-241
-200
-207
-172
-145
-125
-112
-131
-142
-120
-52
-41
-42
-18
-3
6
13
-6
-22
-22
8
-27
-60
-73
-92
-116
-150
-235
-280
-308
-293
-350
-369
-364
-350
-329
-312
-333
-309
-275
-203
-246
-230
-212
-198
-185
-188
-210
-209
-190
-175
-221
-226
-228
-225
-206
-196
-189
-142
-68
-22
-32
12
45
78
88
88
95
121
194
184
159
149
150
143
141
117
107
119
170
135
127
139
141
145
141
89
72
67
95
49
32
27
27
32
33
-7
5
30
88
30
27
27
27
27
12
-19
-21
1
26
-8
-2
6
21
49
67
86
145
238
301
313
357
390
417
439
420
408
418
464
447
415
414
418
426
436
418
406
411
458
423
416
433
455
480
503
485
497
518
563
526
510
501
498
508
515
482
500
527
579
524
512
495
474
459
436
409
421
459
497
473
494
516
537
560
559
550
580
648
691
694
731
759
781
801
782
771
802
865
848
831
846
856
868
875
862
844
858
925
903
904
930
957
998
1030
1049
1107
1189
1292
1313
1354
1392
1414
1427
1424
1380
1385
1398
1434
1374
1349
1321
1290
1263
1230
1187
1181
1200
1216
1172
1176
1179
1180
1183
1166
1151
1179
1249
1292
1301
1350
1396
1441
1485
1489
1501
1531
1595
1613
1624
1675
1735
1804
1871
1895
1928
1961
2034
1995
1989
2000
2011
2029
2048
2041
2056
2074
2108
2047
2013
1983
1953
1932
1909
1852
1851
1869
1904
1858
1849
1839
1826
1815
1789
1751
1750
1780
1807
1776
1796
1819
1841
1866
1865
1860
1888
1949
1970
1956
1974
1984
1986
1985
1943
1911
1899
1918
1892
1857
1854
1866
1894
1903
1878
1884
1909
1979
1935
1937
1938
1932
1947
1962
1936
1936
1944
1976
1912
1877
1834
1795
1753
1703
1624
1603
1606
1625
1573
1562
1545
1525
1506
1477
1435
1433
1457
1478
1444
1457
1466
1471
1472
1440
1405
1398
1424
1406
1361
1358
1354
1348
1332
1268
1204
1158
1140
1081
1013
979
956
950
956
932
950
983
1061
1017
994
966
926
882
832
749
686
625
593
460
378
303
230
167
108
32
14
26
53
25
32
42
52
65
58
32
39
67
82
37
33
23
6
-15
-69
-127
-155
-146
-186
-247
-266
-277
-275
-261
-271
-269
-249
-207
-216
-243
-248
-254
-254
-251
-293
-297
-300
-244
-319
-356
-410
-443
-467
-486
-501
-486
-446
-370
-383
-357
-333
-317
-300
-285
-291
-263
-206
-146
-169
-174
-196
-227
-259
-313
-380
-405
-393
-394
-443
-446
-446
-447
-447
-479
-516
-532
-515
-554
-611
-635
-655
-668
-676
-711
-739
-747
-724
-744
-768
-764
-755
-735
-704
-709
-663
-601
-494
-484
-451
-417
-396
-382
-379
-415
-423
-424
-390
-471
-495
-515
-536
-553
-574
-612
-610
-580
-536
-537
-497
-458
-424
-393
-392
-416
-418
-407
-427
-505
-540
-572
-598
-613
-652
-684
-688
-656
-686
-734
-751
-767
-777
-780
-799
-805
-787
-735
-739
-747
-740
-736
-727
-709
-727
-694
-648
-567
-580
-579
-582
-600
-624
-641
-686
-717
-719
-673
-742
-743
-750
-762
-796
-827
-872
-869
-839
-789
-782
-722
-668
-605
-545
-518
-524
-509
-477
-470
-515
-520
-526
-526
-516
-533
-532
-505
-447
-459
-482
-473
-460
-451
-441
-450
-448
-424
-369
-388
-409
-419
-439
-462
-489
-563
-595
-607
-576
-616
-628
-630
-631
-628
-627
-659
-640
-607
-539
-588
-585
-587
-599
-620
-664
-725
-758
-768
-772
-824
-817
-796
-768
-738
-738
-757
-750
-723
-728
-780
-789
-793
-785
-764
-768
-756
-716
-634
-615
-609
-576
-547
-522
-498
-500
-496
-476
-424
-460
-487
-503
-525
-551
-581
-649
-672
-672
-631
-658
-658
-649
-646
-641
-640
-677
-661
-632
-574
-617
-592
-590
-589
-576
-572
-578
-555
-499
-455
-486
-460
-433
-419
-401
-406
-422
-404
-360
-348
-374
-362
-356
-349
-339
-359
-368
-359
-313
-338
-387
-415
-443
-472
-492
-528
-540
-518
-447
-465
-458
-439
-428
-418
-409
-435
-425
-400
-346
-372
-378
-382
-394
-407
-432
-506
-538
-560
-551
-631
-653
-666
-676
-680
-699
-732
-738
-728
-724
-780
-781
-770
-745
-703
-675
-647
-581
-486
-431
-425
-390
-363
-338
-312
-323
-318
-289
-223
-217
-232
-228
-233
-238
-240
-264
-261
-231
-149
-167
-159
-143
-133
-128
-127
-161
-168
-162
-124
-162
-167
-162
-157
-150
-151
-199
-202
-194
-165
-224
-240
-257
-275
-289
-323
-345
-363
-352
-363
-414
-409
-400
-365
-332
-325
-323
-275
-216
-209
-250
-269
-296
-332
-371
-432
-460
-465
-423
-428
-445
-441
-447
-458
-470
-511
-520
-504
-430
-457
-448
-429
-409
-385
-364
-375
-362
-336
-278
-301
-287
-269
-255
-241
-239
-284
-284
-274
-251
-308
-330
-352
-373
-387
-411
-445
-446
-426
-421
-482
-494
-502
-507
-505
-522
-535
-508
-441
-412
-411
-373
-340
-314
-294
-311
-313
-289
-228
-210
-210
-188
-170
-154
-142
-169
-168
-157
-97
-148
-163
-171
-190
-220
-263
-338
-387
-419
-409
-479
-490
-481
-466
-444
-430
-453
-434
-402
-360
-379
-354
-317
-273
-224
-196
-190
-160
-123
-116
-189
-225
-267
-308
-371
-439
-486
-496
-457
-465
-497
-506
-498
-490
-471
-486
-481
-451
-390
-390
-404
-391
-382
-374
-368
-407
-406
-391
-323
-350
-336
-307
-286
-263
-250
-272
-274
-264
-225
-287
-300
-309
-318
-323
-335
-381
-392
-391
-384
-435
-448
-451
-447
-435
-436
-445
-415
-364
-334
-373
-374
-379
-383
-383
-405
-417
-391
-328
-322
-344
-338
-334
-330
-323
-340
-339
-306
-235
-202
-174
-120
-69
-19
28
24
54
85
152
109
95
93
94
102
103
64
44
22
28
-84
-143
-199
-250
-286
-319
-367
-376
-369
-366
-426
-454
-482
-510
-531
-565
-605
-603
-567
-540
-560
-528
-494
-458
-421
-416
-414
-380
-292
-287
-313
-301
-298
-300
-306
-340
-376
-401
-378
-396
-428
-435
-441
-447
-450
-504
-513
-510
-466
-515
-530
-527
-516
-494
-474
-484
-461
-434
-365
-405
-380
-346
-305
-259
-215
-190
-131
-53
22
30
62
83
92
93
70
33
37
73
91
52
42
16
-22
-64
-141
-210
-244
-232
-269
-313
-320
-328
-339
-353
-398
-445
-476
-472
-518
-552
-557
-558
-552
-542
-575
-559
-526
-448
-454
-435
-408
-385
-361
-346
-368
