0
-49
-97
-162
-200
-267
-356
-451
-550
-629
-704
-796
-882
-955
-984
-1033
-1081
-1117
-1149
-1157
-1180
-1228
-1291
-1333
-1349
-1384
-1411
-1439
-1461
-1456
-1469
-1485
-1508
-1507
-1484
-1467
-1437
-1406
-1365
-1292
-1245
-1184
-1141
-1044
-962
-916
-884
-883
-888
-891
-920
-941
-971
-936
-939
-949
-941
-961
-980
-980
-994
-982
-952
-856
-777
-718
-669
-629
-601
-590
-615
-632
-653
-635
-656
-681
-715
-756
-776
-804
-840
-876
-889
-860
-841
-813
-784
-752
-696
-662
-648
-658
-657
-655
-675
-695
-725
-743
-729
-746
-747
-766
-737
-727
-751
-780
-824
-858
-877
-921
-955
-1006
-1002
-1020
-1062
-1095
-1148
-1184
-1215
-1278
-1338
-1404
-1443
-1504
-1572
-1637
-1702
-1735
-1749
-1760
-1743
-1692
-1579
-1467
-1350
-1241
-1156
-1073
-1030
-1022
-1039
-1043
-1036
-1060
-1084
-1114
-1137
-1130
-1124
-1112
-1102
-1065
-1012
-977
-937
-908
-869
-808
-797
-790
-822
-826
-853
-914
-985
-1078
-1161
-1216
-1273
-1288
-1295
-1229
-1176
-1137
-1086
-1055
-1009
-973
-968
-953
-934
-900
-898
-912
-927
-961
-972
-978
-1022
-1052
-1051
-1015
-1005
-989
-971
-956
-916
-914
-924
-952
-966
-978
-1022
-1068
-1118
-1175
-1200
-1229
-1241
-1250
-1227
-1200
-1186
-1159
-1137
-1097
-1025
-981
-920
-881
-804
-747
-723
-716
-740
-771
-797
-858
-904
-968
-974
-1002
-1038
-1053
-1073
-1069
-1059
-1065
-1063
-1060
-1024
-1001
-980
-957
-945
-918
-899
-909
-927
-945
-936
-956
-976
-991
-1002
-983
-980
-985
-1002
-996
-983
-998
-1010
-1028
-1042
-1041
-1057
-1082
-1120
-1132
-1149
-1195
-1232
-1281
-1318
-1328
-1365
-1382
-1405
-1384
-1363
-1350
-1325
-1308
-1286
-1263
-1295
-1327
-1387
-1399
-1446
-1521
-1598
-1698
-1792
-1894
-2020
-2145
-2269
-2358
-2455
-2560
-2635
-2685
-2654
-2601
-2522
-2399
-2237
-2013
-1797
-1568
-1352
-1128
-875
-650
-441
-265
-80
110
259
401
540
678
830
967
1098
1223
1393
1564
1706
1860
1987
2120
2278
2403
2536
2648
2787
2903
2992
3067
3108
3131
3143
3089
3037
2970
2968
2956
2946
2964
2991
3044
3105
3150
3195
3235
3303
3347
3388
3442
3503
3605
3717
3817
3914
4016
4130
4199
4249
4279
4289
4297
4246
4147
3997
3844
3678
3470
3245
3008
2777
2573
2368
2174
1972
1815
1654
1469
1297
1107
926
767
588
431
281
185
97
10
-57
-137
-208
-268
-368
-449
-537
-564
-597
-629
-653
-690
-719
-752
-801
-839
-862
-833
-813
-788
-751
-713
-644
-577
-525
-497
-454
-375
-344
-334
-327
-313
-272
-254
-225
-224
-209
-205
-233
-301
-394
-497
-573
-674
-760
-857
-880
-899
-933
-954
-996
-1032
-1059
-1125
-1177
-1232
-1248
-1269
-1305
-1322
-1344
-1343
-1328
-1351
-1361
-1380
-1355
-1347
-1348
-1347
-1356
-1350
-1344
-1360
-1378
-1402
-1397
-1417
-1439
-1452
-1465
-1450
-1437
-1435
-1434
-1422
-1397
-1417
-1449
-1490
-1522
-1516
-1520
-1521
-1526
-1509
-1480
-1468
-1452
-1443
-1443
-1429
-1439
-1435
-1440
-1385
-1334
-1299
-1242
-1192
-1130
-1055
-1005
-944
-890
-789
-691
-602
-496
-410
-316
-222
-186
-159
-162
-149
-171
-213
-256
-302
-326
-344
-378
-409
-435
-427
-448
-480
-516
-559
-579
-603
-638
-673
-680
-656
-651
-641
-650
-669
-651
-654
-668
-692
-693
-684
-715
-756
-812
-894
-957
-1017
-1062
-1115
-1090
-1056
-1036
-995
-976
-943
-904
-904
-913
-941
-920
-907
-919
-907
-910
-891
-863
-878
-895
-928
-944
-996
-1065
-1138
-1214
-1269
-1330
-1416
-1499
-1579
-1620
-1678
-1729
-1768
-1800
-1797
-1792
-1782
-1752
-1667
-1532
-1406
-1274
-1154
-1039
-911
-809
-726
-664
-596
-527
-490
-463
-456
-453
-434
-459
-486
-543
-551
-571
-606
-626
-648
-655
-650
-677
-707
-765
-777
-809
-849
-859
-865
-836
-787
-769
-750
-738
-694
-671
-662
-660
-677
-686
-705
-747
-780
-798
-778
-783
-797
-816
-844
-851
-869
-894
-918
-912
-885
-880
-876
-888
-907
-907
-921
-933
-935
-920
-869
-840
-785
-763
-742
-702
-720
-723
-743
-706
-688
-663
-618
-585
-539
-482
-455
-407
-380
-299
-227
-167
-87
-16
84
198
287
370
433
511
551
560
552
524
513
501
473
445
426
431
392
330
257
178
125
68
18
-21
-13
30
66
119
167
210
258
278
278
265
274
296
304
325
335
345
369
336
297
224
183
131
75
52
52
95
177
240
313
349
418
432
401
366
315
289
276
245
218
185
173
132
79
36
3
12
44
80
140
227
352
447
528
592
633
681
705
718
727
772
838
876
910
926
933
944
931
906
875
881
903
909
929
940
965
998
985
1000
975
970
954
916
881
837
822
809
769
733
688
682
648
591
555
501
469
442
415
403
403
437
439
420
392
347
338
346
345
363
401
478
527
564
580
582
594
577
540
486
465
465
449
440
430
421
420
400
375
343
353
375
380
400
403
412
436
416
398
357
342
310
251
192
124
78
59
10
-16
-52
-23
-15
-25
-35
-60
-69
-76
-99
-114
-116
-76
-57
-56
-69
-105
-135
-176
-236
-287
-314
-305
-315
-320
-321
-320
-297
-301
-322
-360
-375
-379
-404
-425
-449
-472
-482
-509
-540
-579
-571
-560
-571
-566
-576
-577
-563
-590
-616
-666
-686
-723
-783
-803
-826
-834
-809
-800
-756
-718
-615
-531
-485
-456
-430
-410
-396
-395
-376
-347
-274
-228
-188
-156
-148
-143
-166
-222
-285
-339
-344
-349
-334
-306
-271
-214
-184
-173
-186
-179
-164
-173
-180
-199
-222
-233
-267
-307
-366
-384
-415
-477
-532
-609
-680
-738
-822
-895
-974
-1010
-1048
-1099
-1141
-1194
-1223
-1228
-1267
-1284
-1307
-1278
-1271
-1279
-1288
-1305
-1304
-1297
-1301
-1295
-1276
-1213
-1176
-1159
-1161
-1189
-1210
-1248
-1305
-1356
-1375
-1347
-1322
-1278
-1224
-1159
-1059
-970
-876
-781
-656
-513
-394
-283
-191
-117
-46
-11
14
13
56
82
67
45
-7
-54
-85
-135
-173
-216
-223
-249
-296
-333
-378
-395
-375
-407
-398
-406
-357
-351
-357
-358
-371
-358
-337
-339
-366
-388
-381
-419
-467
-513
-569
-603
-658
-746
-835
-908
-956
-1024
-1080
-1132
-1168
-1159
-1144
-1107
-1054
-963
-850
-760
-676
-604
-526
-427
-347
-251
-174
-49
55
119
174
194
208
225
209
192
157
159
138
91
48
-15
-62
-95
-164
-210
-247
-231
-221
-216
-209
-212
-201
-193
-207
-217
-221
-187
-182
-191
-210
-243
-261
-298
-360
-433
-486
-512
-553
-577
-593
-596
-567
-552
-536
-526
-498
-466
-468
-485
-526
-579
-624
-712
-791
-885
-920
-961
-1019
-1062
-1107
-1125
-1108
-1093
-1052
-1006
-900
-808
-741
-678
-654
-632
-616
-646
-673
-703
-701
-718
-745
-770
-803
-785
-780
-801
-806
-786
-716
-662
-598
-555
-513
-468
-434
-435
-440
-424
-369
-340
-309
-274
-217
-127
-49
15
48
71
66
7
-68
-155
-238
-278
-331
-343
-359
-313
-285
-287
-295
-327
-355
-369
-401
-418
-444
-413
-397
-399
-387
-394
-384
-371
-395
-418
-445
-440
-450
-467
-476
-482
-462
-437
-429
-416
-393
-337
-309
-291
-272
-249
-197
-159
-140
-140
-130
-118
-150
-195
-259
-325
-368
-423
-483
-553
-609
-664
-746
-828
-918
-992
-1029
-1095
-1139
-1195
-1194
-1191
-1187
-1155
-1112
-1044
-949
-863
-743
-617
-418
-242
-100
27
105
168
204
187
148
92
65
32
8
0
-1
30
68
91
111
122
183
214
216
211
201
209
194
162
119
85
50
-4
-78
-172
-264
-323
-381
-431
-474
-473
-451
-448
-441
-449
-440
-390
-377
-348
-334
-285
-256
-257
-272
-312
-357
-406
-501
-590
-701
-747
-816
-888
-932
-973
-984
-984
-1001
-1010
-1012
-974
-942
-897
-825
-728
-580
-414
-267
-134
-18
102
171
213
231
230
237
214
174
123
104
106
93
93
95
110
152
191
228
252
294
323
306
276
213
152
116
53
17
-21
-11
-7
-22
-38
-75
-114
-149
-229
-302
-398
-437
-498
-573
-640
-722
-792
-862
-948
-1029
-1105
-1142
-1193
-1242
-1281
-1319
-1323
-1310
-1291
-1245
-1166
-1042
-932
-818
-698
-608
-469
-349
-222
-134
-35
59
101
133
158
179
200
227
261
266
302
338
353
376
369
351
351
309
274
226
221
211
186
161
130
110
107
61
25
-29
-18
-29
-49
-61
-82
-83
-93
-131
-176
-226
-240
-267
-292
-302
-309
-289
-275
-286
-311
-340
-362
-426
-498
-569
-635
-672
-720
-765
-809
-809
-780
-759
-729
-701
-666
-612
-574
-543
-534
-489
-456
-456
-453
-471
-476
-456
-456
-432
-406
-331
-250
-175
-86
-13
66
150
175
196
183
207
198
165
129
81
47
14
-32
-73
-113
-120
-146
-168
-174
-174
-142
-108
-90
-79
-63
-31
-34
-40
-50
-58
-43
-51
-65
-91
-97
-93
-122
-132
-160
-188
-189
-198
-195
-189
-109
-52
-10
33
52
55
62
21
-16
-69
-90
-102
-107
-93
-91
-77
-56
-84
-118
-179
-212
-269
-351
-434
-525
-588
-643
-701
-745
-783
-784
-814
-855
-887
-911
-890
-856
-822
-775
-701
-598
-519
-447
-388
-335
-265
-225
-198
-189
-162
-124
-104
-84
-73
-66
-46
-49
-48
-65
-25
6
6
12
0
0
14
1
-11
-43
-40
-54
-85
-102
-134
-146
-139
-172
-192
-219
-204
-206
-217
-226
-238
-228
-213
-216
-218
-219
-187
-182
-184
-182
-179
-146
-110
-78
-44
7
73
102
121
124
121
135
121
99
66
50
44
19
-6
-41
-73
-92
-156
-196
-247
-264
-287
-322
-341
-360
-357
-330
-331
-330
-333
-310
-317
-355
-381
-421
-451
-471
-530
-578
-630
-640
-658
-669
-658
-646
-608
-558
-536
-512
-479
-411
-371
-346
-338
-354
-364
-405
-463
-530
-567
-573
-590
-584
-560
-516
-435
-361
-277
-187
-67
73
201
330
439
528
605
613
603
553
545
524
484
454
410
369
331
259
187
99
60
5
-63
-109
-168
-208
-230
-268
-280
-278
-230
-197
-179
-169
-171
-155
-135
-134
-130
-122
-83
-79
-92
-117
-148
-151
-155
-160
-159
-122
-61
-26
5
13
3
-5
-45
-102
-175
-229
-265
-314
-352
-393
-424
-430
-468
-484
-508
-471
-430
-429
-389
-349
-288
-230
-204
-176
-177
-121
-63
-22
22
60
132
197
228
249
251
261
240
190
147
96
66
34
-17
-65
-106
-126
-171
-230
-298
-377
-436
-497
-546
-582
-572
-525
-493
-439
-385
-325
-247
-192
-153
-131
-94
-52
-38
-24
-27
-27
-4
-15
-11
-29
-10
-7
-26
-37
-48
-41
-15
-13
1
-5
41
58
54
57
44
53
73
74
81
87
125
144
149
146
123
110
88
41
-8
-52
-63
-92
-118
-140
-161
-163
-188
-236
-304
-351
-382
-429
-465
-508
-552
-582
-627
-676
-727
-740
-732
-730
-701
-667
-600
-488
-408
-324
-274
-198
-144
-116
-85
-59
-11
69
121
200
262
388
462
491
512
508
511
520
518
499
487
508
501
469
437
395
388
393
376
375
394
439
453
460
461
456
457
436
390
328
284
259
217
196
181
177
186
172
146
99
69
39
-9
-34
-61
-64
-34
-40
-35
-49
-26
-9
-5
12
26
61
124
155
200
222
296
338
355
369
360
355
342
308
279
257
280
295
313
338
354
388
419
430
442
466
517
534
544
547
540
549
530
498
450
423
400
348
302
260
229
218
195
169
132
131
129
108
107
98
102
124
107
97
71
78
71
36
-6
-71
-132
-178
-260
-316
-376
-372
-389
-415
-441
-476
-468
-425
-400
-359
-301
-207
-131
-67
-1
34
72
92
71
43
27
39
20
-26
-98
-183
-255
-349
-438
-520
-553
-558
-579
-589
-581
-563
-522
-489
-453
-431
-362
-293
-248
-181
-126
-45
63
149
247
331
447
547
618
677
705
735
772
758
753
729
751
745
718
684
628
576
518
437
357
283
252
206
160
124
88
82
74
50
19
-4
-4
-28
-44
-56
-58
-30
-21
-16
-26
-19
-8
-23
-40
-62
-80
-78
-99
-124
-175
-188
-223
-293
-357
-436
-501
-549
-620
-682
-749
-773
-806
-861
-914
-978
-1012
-1003
-1013
-994
-976
-912
-867
-831
-785
-731
-639
-526
-418
-295
-192
-43
82
187
264
319
382
421
437
459
479
499
483
470
430
383
359
320
267
204
151
121
66
11
-44
-79
-76
-80
-78
-79
-22
21
35
48
45
54
76
75
90
94
149
191
219
261
288
331
388
408
447
488
578
656
730
811
897
1006
1111
1185
1253
1319
1420
1501
1583
1675
1770
1899
2031
2161
2296
2455
2629
2764
2887
2988
3072
3162
3219
3263
3296
3350
3419
3473
3532
3590
3661
3765
3847
3943
4022
4159
4293
4420
4577
4740
4926
5116
5258
5377
5452
5544
5596
5604
5593
5529
5441
5325
5137
4927
4687
4466
4219
3962
3708
3452
3216
2978
2711
2442
2187
1998
1829
1705
1627
1566
1544
1520
1475
1393
1301
1205
1063
909
760
635
531
429
355
285
239
217
177
135
79
10
-26
-81
-112
-145
-107
-68
-37
-10
2
11
31
22
23
15
67
96
99
104
74
53
33
-32
-94
-158
-188
-225
-257
-277
-304
-313
-321
-351
-383
-416
-416
-443
-468
-484
-496
-483
-487
-509
-544
-560
-562
-589
-609
-631
-645
-631
-620
-603
-587
-549
-500
-474
-453
-459
-475
-480
-530
-571
-632
-644
-666
-703
-727
-754
-769
-772
-809
-843
-897
-891
-899
-921
-924
-940
-935
-916
-910
-879
-831
-736
-647
-562
-474
-396
-307
-231
-190
-165
-152
-126
-142
-168
-193
-215
-205
-200
-202
-215
-202
-190
-212
-235
-250
-282
-287
-286
-287
-278
-241
-185
-164
-141
-144
-162
-171
-230
-277
-330
-346
-370
-403
-435
-484
-527
-560
-626
-684
-765
-788
-820
-865
-886
-898
-873
-829
-805
-782
-768
-716
-676
-634
-589
-550
-492
-441
-419
-407
-405
-394
-427
-477
-536
-602
-645
-706
-776
-855
-907
-948
-1015
-1072
-1126
-1163
-1169
-1171
-1167
-1171
-1151
-1131
-1138
-1140
-1155
-1152
-1116
-1104
-1060
-1009
-894
-768
-644
-510
-388
-262
-137
-75
-37
-52
-36
-67
-123
-162
-196
-188
-153
-117
-64
-8
73
121
149
167
171
193
213
215
220
238
286
302
306
302
295
313
316
312
298
308
320
291
241
164
77
5
-99
-193
-276
-339
-417
-517
-602
-701
-787
-828
-909
-970
-1037
-1039
-1045
-1049
-1032
-1001
-960
-903
-895
-862
-834
-728
-628
-527
-411
-309
-206
-101
-17
52
102
163
191
202
212
212
236
257
266
269
276
305
303
298
290
284
308
318
327
322
338
355
339
312
269
221
182
122
60
-11
-38
-64
-114
-155
-220
-276
-310
-369
-408
-450
-450
-456
-475
-480
-486
-462
-402
-370
-316
-273
-176
-106
-57
-13
15
56
99
138
195
263
365
430
469
493
497
516
530
527
524
533
569
581
594
605
614
647
658
663
658
680
712
716
713
695
673
656
608
549
468
429
389
325
281
252
256
294
318
363
406
483
569
657
750
839
966
1094
1158
1220
1253
1315
1347
1344
1343
1334
1339
1341
1317
1284
1246
1225
1178
1119
1066
1011
990
976
964
962
986
1038
1055
1056
1036
995
972
931
893
853
847
858
849
832
799
761
736
688
647
600
622
651
661
680
680
692
718
712
703
669
656
620
557
500
432
391
381
340
318
288
300
288
260
230
193
180
183
184
202
230
298
344
379
396
385
378
353
314
284
288
325
339
351
355
362
394
396
381
350
337
335
315
296
274
252
247
213
178
113
98
72
26
-2
-37
-49
-40
-45
-58
-72
-43
-2
6
23
19
12
13
-37
-90
-190
-262
-365
-489
-610
-734
-829
-899
-977
-1036
-1058
-1025
-1009
-1002
-1000
-1008
-990
-978
-980
-977
-949
-890
-838
-764
-680
-595
-491
-416
-347
-286
-202
-107
-40
12
44
63
88
64
34
-26
-35
-54
-92
-115
-145
-159
-156
-176
-195
-233
-226
-238
-267
-281
-305
-305
-290
-307
-314
-329
-313
-318
-335
-354
-383
-395
-405
-429
-447
-465
-458
-487
-532
-590
-671
-740
-820
-898
-953
-952
-907
-875
-832
-796
-764
-720
-708
-712
-731
-734
-725
-734
-736
-737
-720
-673
-666
-664
-701
-701
-719
-762
-801
-855
-898
-922
-957
-965
-970
-908
-857
-824
-779
-776
-762
-718
-717
-720
-721
-687
-669
-661
-641
-647
-626
-604
-578
-555
-518
-449
-394
-359
-330
-314
-272
-249
-245
-262
-268
-262
-291
-328
-369
-406
-438
-496
-571
-657
-726
-785
-868
-934
-995
-1030
-1029
-1058
-1066
-1086
-1050
-1020
-1007
-990
-989
-988
-978
-990
-979
-971
-900
-848
-818
-786
-779
-758
-729
-717
-693
-668
-614
-583
-571
-572
-593
-608
-635
-686
-730
-759
-745
-745
-739
-724
-705
-658
-620
-590
-566
-521
-471
-463
-473
-507
-551
-586
-641
-704
-777
-828
-867
-914
-923
-908
-850
-746
-681
-617
-592
-545
-525
-538
-557
-594
-622
-633
-675
-706
-757
-749
-761
-783
-779
-765
-713
-649
-603
-550
-499
-424
-345
-279
-234
-218
-198
-192
-220
-242
-242
-220
-226
-214
-218
-237
-234
-244
-269
-304
-318
-308
-310
-301
-297
-296
-286
-292
-321
-368
-400
-442
-521
-597
-685
-741
-754
-798
-824
-869
-876
-887
-917
-940
-972
-988
-980
-1001
-1000
-1008
-945
-896
-850
-780
-711
-621
-533
-472
-422
-381
-314
-272
-240
-218
-222
-226
-252
-310
-376
-431
-454
-494
-525
-545
-554
-530
-519
-513
-513
-484
-443
-432
-427
-429
-424
-391
-360
-331
-321
-285
-261
-279
-299
-346
-383
-397
-442
-475
-520
-525
-534
-559
-578
-610
-630
-631
-666
-679
-703
-665
-644
-633
-612
-600
-582
-576
-596
-617
-633
-609
-600
-590
-569
-545
-520
-485
-490
-486
-492
-468
-465
-468
-466
-460
-425
-428
-421
-424
-412
-388
-391
-401
-415
-431
-434
-433
-429
-431
-382
-331
-309
-283
-286
-284
-264
-280
-295
-332
-347
-382
-450
-517
-605
-677
-723
-806
-865
-923
-911
-905
-903
-896
-901
-892
-886
-902
-913
-914
-868
-835
-801
-758
-718
-656
-600
-564
-534
-493
-423
-376
-330
-290
-250
-179
-126
-76
-36
28
94
121
130
120
101
91
56
18
-39
-51
-71
-119
-156
-205
-232
-233
-251
-255
-269
-246
-230
-225
-208
-207
-192
-164
-183
-195
-226
-216
-234
-271
-309
-356
-390
-425
-485
-543
-601
-623
-667
-715
-755
-797
-815
-845
-899
-964
-1017
-1047
-1103
-1152
-1160
-1162
-1134
-1113
-1080
-1044
-977
-879
-817
-751
-712
-681
-662
-672
-677
-674
-611
-558
-534
-498
-484
-460
-428
-427
-421
-431
-406
-393
-396
-403
-432
-452
-455
-496
-514
-537
-512
-500
-495
-485
-480
-456
-429
-420
-402
-375
-304
-251
-197
-135
-72
16
93
151
192
232
268
255
230
192
152
139
116
100
85
98
123
121
109
79
45
24
-32
-86
-158
-171
-191
-233
-261
-289
-288
-256
-237
-209
-193
-135
-99
-94
-94
-130
-166
-206
-301
-401
-516
-593
-680
-765
-837
-906
-943
-963
-991
-1011
-1025
-1000
-991
-975
-948
-918
-858
-794
-731
-661
-569
-453
-360
-256
-152
-45
85
178
232
278
327
352
338
310
259
201
172
123
85
30
61
82
83
90
85
86
97
78
69
47
78
95
97
116
117
123
132
104
73
26
5
-41
-97
-155
-231
-294
-354
-434
-503
-572
-612
-684
-761
-829
-887
-911
-937
-967
-994
-994
-972
-971
-956
-934
-887
-787
-673
-545
-425
-303
-193
-127
-77
-48
-17
40
61
95
109
172
224
253
281
286
291
300
273
243
188
184
164
131
117
95
97
108
87
67
38
35
9
-24
-51
-78
-81
-80
-100
-121
-138
-122
-131
-143
-158
-178
-178
-195
-229
-277
-304
-315
-355
-400
-461
-518
-548
-578
-595
-605
-584
-547
-525
-530
-529
-531
-490
-496
-476
-458
-392
-325
-261
-192
-159
-111
-56
-63
-77
-118
-102
-104
-123
-136
-151
-142
-118
-115
-105
-100
-74
-84
-105
-125
-146
-143
-134
-141
-144
-150
-134
-159
-203
-254
-314
-347
-380
-405
-427
-418
-397
-412
-435
-476
-527
-571
-633
-707
-792
-855
-912
-992
-1063
-1145
-1212
-1249
-1313
-1346
-1367
-1308
-1221
-1118
-977
-822
-644
-450
-295
-141
-25
130
240
318
396
455
526
591
620
632
622
619
579
520
462
393
346
298
235
178
134
125
92
56
17
-24
-40
-65
-81
-85
-42
23
65
103
123
129
131
105
59
-6
-48
-91
-159
-213
-269
-305
-315
-363
-405
-461
-482
-479
-496
-506
-520
-519
-504
-518
-492
-485
-396
-333
-284
-242
-202
-141
-62
-5
42
85
156
189
199
198
178
179
171
144
114
103
107
78
45
23
8
33
48
70
95
153
221
264
304
328
340
353
338
310
264
256
251
223
208
172
139
116
44
-31
-127
-187
-245
-306
-343
-375
-380
-357
-374
-378
-405
-381
-382
-393
-391
-387
-354
-312
-285
-255
-228
-177
-160
-162
-168
-187
-185
-191
-220
-258
-290
-305
-353
-399
-438
-460
-441
-433
-430
-435
-409
-369
-350
-326
-301
-269
-222
-198
-180
-180
-135
-85
-50
11
63
131
218
267
314
340
396
440
468
507
525
542
594
608
610
587
609
599
575
563
559
574
594
616
631
644
687
708
719
715
692
683
661
618
575
549
548
517
470
406
342
290
208
112
-5
-100
-186
-296
-402
-497
-576
-613
-655
-678
-701
-659
-602
-545
-448
-342
-211
-62
48
144
204
274
306
294
276
238
219
219
178
153
117
128
116
83
42
-13
-48
-73
-101
-108
-102
-59
-50
-67
-104
-165
-215
-273
-337
-392
-413
-397
-395
-391
-396
-402
-380
-374
-375
-389
-382
-357
-337
-302
-260
-207
-134
-90
-48
-36
15
44
38
39
22
16
27
16
11
-9
10
11
-15
-39
-84
-104
-93
-109
-103
-98
-85
-79
-96
-116
-166
-199
-229
-285
-335
-365
-364
-412
-462
-511
-591
-660
-743
-833
-910
-931
-900
-849
-772
-691
-609
-506
-429
-364
-322
-260
-187
-126
-56
17
100
207
269
313
308
328
322
279
240
186
146
124
84
55
14
21
13
-14
-29
-63
-76
-71
-96
-102
-107
-72
-54
-51
-60
-90
-113
-146
-207
-270
-326
-333
-342
-331
-293
-240
-153
-75
-12
43
118
208
264
312
341
358
378
357
306
223
139
53
-62
-180
-305
-424
-512
-619
-691
-748
-720
-677
-638
-573
-504
-408
-287
-179
-57
54
213
335
413
488
538
601
665
688
713
733
793
853
922
1001
1074
1155
1239
1305
1397
1488
1608
1698
1773
1832
1884
1961
2002
2043
2088
2157
2223
2256
2281
2295
2293
2274
2218
2136
2025
1922
1832
1729
1652
1584
1554
1569
1576
1610
1643
1738
1833
1904
1981
2054
2156
2294
2417
2547
2653
2800
2903
2960
3006
3016
3026
3022
2969
2901
2807
2722
2602
2462
2314
2154
2013
1870
1698
1528
1374
1270
1156
1046
940
827
729
620
518
433
396
387
361
347
330
317
324
321
322
322
349
381
383
382
365
355
371
348
340
313
324
311
261
204
130
66
22
-37
-68
-99
-49
4
62
143
208
287
363
406
442
470
517
526
504
461
387
311
213
79
-60
-188
-265
-353
-433
-482
-502
-504
-510
-513
-527
-514
-493
-494
-498
-503
-491
-468
-459
-462
-481
-481
-504
-565
-616
-678
-720
-718
-733
-716
-699
-634
-576
-529
-486
-463
-432
-393
-392
-382
-401
-374
-381
-424
-469
-540
-594
-640
-698
-742
-767
-728
-676
-610
-532
-464
-382
-311
-268
-233
-203
-164
-171
-199
-244
-295
-316
-341
-359
-371
-344
-302
-289
-277
-272
-267
-244
-234
-228
-237
-221
-214
-241
-264
-304
-328
-324
-351
-358
-372
-339
-312
-306
-308
-338
-368
-383
-429
-445
-464
-414
-385
-374
-358
-353
-333
-314
-314
-309
-297
-242
-203
-172
-148
-143
-125
-119
-141
-175
-211
-228
-273
-315
-356
-394
-398
-411
-453
-494
-513
-539
-618
-701
-784
-861
-912
-953
-997
-1052
-1046
-1014
-1011
-994
-989
-958
-904
-865
-812
-742
-611
-468
-335
-201
-94
13
114
163
211
224
276
289
274
253
214
189
170
135
112
93
116
132
156
195
231
284
321
329
327
332
360
363
364
359
352
366
353
332
298
287
279
229
157
61
-45
-136
-236
-324
-415
-450
-487
-549
-597
-651
-681
-681
-702
-709
-722
-690
-659
-638
-603
-574
-517
-432
-385
-327
-291
-214
-164
-129
-86
-49
0
41
56
67
81
135
171
204
242
268
306
325
315
294
280
282
248
206
159
118
110
92
83
78
108
158
191
218
242
276
338
365
386
388
445
490
517
562
569
586
621
624
627
629
673
708
726
732
717
710
707
653
602
530
496
432
371
322
289
282
283
268
263
263
299
308
305
309
316
353
394
429
464
513
574
593
600
588
569
568
537
497
438
392
348
273
185
81
-25
-109
-210
-285
-352
-342
-324
-313
-275
-238
-174
-87
-19
58
132
261
387
508
656
795
948
1104
1211
1319
1404
1513
1592
1651
1705
1744
1793
1838
1857
1870
1874
1897
1871
1817
1753
1681
1633
1576
1507
1443
1406
1400
1377
1366
1352
1336
1337
1312
1279
1230
1194
1166
1116
1064
1008
966
958
927
910
865
877
885
891
883
856
841
822
776
728
673
660
647
629
627
617
630
660
663
659
641
659
655
635
612
584
575
567
533
501
482
492
463
415
353
283
239
195
143
97
73
67
16
-50
-140
-239
-321
-425
-537
-656
-755
-832
-907
-949
-962
-928
-830
-731
-593
-459
-261
-74
80
218
322
413
490
516
526
505
526
521
491
474
444
438
446
429
423
413
434
437
434
434
426
437
442
419
387
348
329
274
201
119
25
-50
-132
-209
-271
-289
-280
-298
-322
-367
-420
-460
-517
-576
-631
-648
-635
-625
-599
-581
-559
-520
-530
-536
-569
-556
-548
-557
-567
-596
-642
-672
-719
-774
-864
-892
-936
-997
-1049
-1103
-1154
-1207
-1288
-1346
-1414
-1441
-1481
-1518
-1568
-1624
-1658
-1663
-1663
-1630
-1561
-1434
-1314
-1188
-1067
-942
-792
-661
-538
-424
-276
-107
32
161
273
371
471
530
562
567
580
583
551
514
460
415
394
328
269
193
168
146
113
89
54
25
8
-45
-89
-154
-163
-196
-244
-276
-315
-332
-347
-388
-433
-485
-513
-569
-632
-685
-735
-757
-774
-805
-832
-849
-841
-869
-912
-961
-1007
-1013
-1017
-1011
-999
-949
-877
-819
-744
-664
-574
-466
-379
-315
-278
-228
-185
-172
-157
-162
-158
-127
-130
-115
-107
-51
4
47
94
123
156
199
194
187
151
153
116
67
27
-35
-81
-123
-178
-231
-269
-258
-282
-311
-320
-351
-374
-398
-437
-468
-474
-456
-456
-463
-483
-517
-531
-563
-600
-655
-670
-666
-678
-687
-701
-712
-700
-700
-702
-710
-681
-646
-634
-616
-611
-593
-554
-550
-539
-549
-531
-522
-530
-535
-553
-560
-551
-583
-603
-645
-633
-644
-668
-684
-709
-705
-685
-672
-653
-636
-593
-587
-607
-644
-702
-748
-809
-898
-995
-1082
-1142
-1220
-1290
-1355
-1411
-1436
-1478
-1525
-1578
-1591
-1566
-1528
-1453
-1357
-1251
-1137
-1054
-998
-978
-937
-910
-910
-893
-882
-841
-764
-708
-640
-587
-506
-440
-398
-352
-319
-263
-179
-128
-54
12
134
228
290
328
329
329
298
252
205
182
177
152
129
102
77
74
66
19
-21
-50
-63
-96
-125
-154
-175
-185
-228
-275
-338
-369
-374
-386
-381
-366
-342
-304
-288
-290
-330
-333
-349
-387
-417
-468
-508
-514
-532
-534
-551
-534
-525
-537
-543
-565
-562
-527
-517
-480
-444
-354
-285
-239
-201
-181
-156
-143
-160
-179
-190
-152
-123
-92
-54
-26
22
61
81
95
122
167
178
183
177
170
184
167
130
67
17
-22
-76
-120
-156
-181
-183
-208
-233
-289
-314
-367
-455
-529
-613
-679
-726
-797
-860
-934
-971
-1028
-1102
-1150
-1187
-1168
-1093
-1030
-938
-852
-726
-622
-532
-440
-353
-245
-138
-57
17
83
170
221
240
250
267
278
256
206
139
82
44
-3
-65
-131
-200
-219
-256
-279
-300
-278
-245
-221
-199
-173
-149
-108
-99
-82
-78
-21
13
16
22
0
-7
4
4
18
19
56
74
65
63
36
24
25
-11
-32
-56
-41
-44
-62
-84
-120
-144
-170
-216
-256
-284
-265
-259
-247
-225
-203
-163
-148
-162
-193
-210
-205
-221
-225
-225
-212
-176
-165
-164
-179
-188
-197
-234
-273
-312
-333
-309
-303
-282
-284
-240
-217
-221
-221
-240
-249
-243
-253
-250
-262
-224
-203
-202
-190
-203
-203
-199
-232
-262
-301
-308
-330
-357
-384
-428
-465
-511
-579
-638
-680
-677
-687
-688
-677
-661
-620
-586
-572
-571
-525
-457
-424
-385
-349
-310
-261
-226
-192
-187
-177
-145
-155
-179
-215
-239
-232
-257
-279
-317
-303
-305
-333
-360
-401
-427
-441
-466
-473
-484
-440
-421
-427
-415
-421
-417
-410
-439
-463
-486
-479
-485
-494
-500
-516
-522
-542
-596
-661
-731
-770
-828
-881
-922
-951
-941
-930
-924
-926
-913
-900
-922
-938
-942
-910
-821
-718
-600
-481
-347
-226
-157
-105
-76
-46
7
22
57
79
150
211
249
292
324
363
402
401
397
365
382
377
358
357
345
355
375
381
400
425
482
518
540
555
551
550
532
476
407
339
301
246
199
164
141
156
166
168
162
178
198
186
181
154
153
165
188
188
181
199
200
167
127
66
-6
-27
-68
-82
-92
-53
-22
-6
-1
-27
-48
-69
-138
-209
-306
-352
-424
-523
-617
-729
-829
-932
-1044
-1133
-1191
-1192
-1177
-1138
-1063
-975
-858
-740
-636
-527
-402
-245
-119
-6
91
171
260
312
337
340
363
386
373
352
321
292
277
247
210
162
142
123
78
39
-18
-62
-75
-115
-132
-156
-135
-118
-116
-115
-132
-143
-138
-173
-198
-242
-224
-224
-238
-243
-262
-272
-287
-324
-355
-376
-356
-354
-362
-371
-386
-379
-374
-390
-414
-439
-446
-488
-537
-584
-623
-627
-639
-649
-664
-652
-636
-660
-696
-743
-781
-794
-811
-819
-824
-781
-726
-654
-579
-530
-468
-384
-337
-286
-235
-157
-56
45
184
305
436
566
649
719
747
811
837
828
811
774
747
722
670
613
558
541
492
435
377
316
278
235
167
97
33
-10
-88
-169
-251
-323
-352
-380
-393
-401
-368
-311
-268
-225
-192
-165
-128
-108
-92
-88
-35
18
49
91
107
123
143
120
96
57
52
34
-8
-50
-116
-176
-228
-334
-437
-564
-643
-742
-853
-956
-1055
-1113
-1137
-1147
-1124
-1074
-975
-891
-812
-729
-650
-543
-436
-344
-255
-160
-58
-7
19
25
27
54
59
60
54
71
95
89
73
42
13
7
-8
-12
-26
14
47
47
47
21
-6
-38
-76
-107
-159
-159
-143
-121
-75
-35
27
87
80
88
57
56
34
9
-7
-22
-16
1
0
-4
-17
-4
-14
-23
-31
-34
-7
13
16
12
18
43
35
19
-10
-42
-54
-85
-127
-182
-213
-230
-267
-309
-365
-430
-484
-562
-616
-653
-588
-491
-390
-269
-165
-60
49
121
192
250
350
440
513
591
646
711
789
830
883
920
984
1017
1029
1030
1009
987
942
853
747
630
543
434
321
217
120
62
15
-33
-78
-104
-116
-161
-207
-254
-292
-294
-299
-284
-257
-189
-96
-22
46
99
145
197
202
200
168
185
191
173
163
136
116
104
64
25
-32
-37
-80
-114
-141
-170
-198
-212
-257
-300
-341
-332
-334
-361
-367
-371
-373
-375
-395
-407
-410
-381
-385
-387
-394
-415
-421
-437
-463
-484
-476
-433
-407
-375
-363
-369
-372
-404
-450
-499
-518
-506
-486
-446
-396
-325
-220
-151
-79
-35
63
151
214
274
304
324
339
317
291
237
221
173
96
30
-43
-72
-61
-59
-42
-35
-8
-10
-29
-52
-83
-91
-87
-90
-80
-61
-17
-11
-22
-43
-75
-84
-98
-113
-124
-104
-65
-55
-45
-47
-50
-41
-55
-81
-121
-147
-167
-208
-247
-296
-330
-331
-370
-402
-461
-474
-495
-534
-566
-604
-621
-618
-637
-646
-676
-656
-655
-657
-615
-550
-425
-266
-119
22
170
308
392
443
474
472
473
464
398
338
281
266
215
166
116
82
73
43
11
-15
-3
38
64
97
128
152
192
216
242
252
287
333
368
412
450
501
588
652
742
823
960
1095
1218
1350
1474
1609
1750
1848
1939
1990
2076
2116
2120
2127
2118
2133
2159
2167
2179
2191
2230
2246
2249
2245
2224
2214
2204
2187
2196
2244
2351
2453
2564
2678
2785
2909
3014
3114
3217
3368
3553
3723
3895
4047
4179
4297
4372
4413
4420
4425
4408
4338
4241
4096
3933
3770
3544
3308
3041
2810
2583
2366
2190
2039
1932
1867
1787
1733
1665
1654
1609
1535
1454
1343
1237
1129
999
873
754
681
609
539
461
398
364
313
253
215
200
223
225
228
213
179
175
136
80
9
-24
-30
-53
-59
-52
-30
16
55
80
76
82
61
-1
-53
-130
-201
-252
-341
-414
-494
-534
-584
-649
-711
-775
-822
-836
-862
-845
-812
-685
-551
-419
-277
-151
-17
103
189
260
313
382
412
422
424
405
388
349
276
192
115
68
3
-58
-120
-184
-229
-298
-374
-454
-496
-514
-551
-580
-604
-613
-597
-590
-589
-605
-588
-579
-598
-604
-617
-604
-554
-525
-488
-474
-443
-436
-453
-460
-468
-446
-390
-362
-317
-302
-256
-256
-290
-337
-401
-445
-478
-516
-540
-552
-518
-508
-516
-541
-590
-627
-666
-709
-768
-773
-737
-703
-670
-622
-561
-480
-423
-367
-338
-320
-296
-297
-313
-327
-319
-268
-215
-152
-121
-44
17
44
78
92
117
159
161
166
137
126
94
37
-14
-73
-117
-139
-198
-241
-294
-305
-344
-399
-453
-510
-541
-555
-565
-550
-513
-427
-355
-290
-234
-200
-159
-134
-139
-158
-174
-174
-205
-239
-276
-302
-287
-272
-244
-215
-160
-100
-72
-53
-44
-37
-21
-35
-54
-97
-93
-96
-123
-139
-174
-199
-211
-250
-280
-320
-323
-339
-377
-414
-486
-557
-619
-717
-789
-856
-866
-886
-914
-945
-991
-1026
-1051
-1068
-1048
-992
-868
-748
-628
-505
-392
-265
-155
-69
-1
64
131
153
166
157
147
160
174
174
159
165
187
189
200
219
226
270
295
326
311
331
314
260
202
108
25
-44
-138
-220
-304
-334
-368
-435
-498
-588
-650
-693
-757
-789
-806
-774
-750
-729
-699
-665
-614
-571
-551
-524
-486
-407
-353
-307
-262
-222
-158
-106
-74
-51
-12
50
86
123
143
147
158
132
85
17
-42
-95
-172
-252
-334
-397
-415
-436
-419
-392
-284
-166
-57
69
178
289
401
482
566
632
743
831
889
944
959
966
957
889
819
740
693
636
582
552
543
573
613
634
657
682
740
773
802
829
847
884
911
922
921
932
948
922
882
823
762
728
688
655
632
633
642
653
685
701
733
803
837
889
923
1010
1064
1076
1090
1068
1041
1012
955
912
849
840
815
766
725
665
630
623
610
620
646
730
810
888
963
1012
1063
1097
1094
1080
1074
1102
1113
1124
1147
1177
1240
1293
1330
1345
1361
1368
1320
1250
1155
1058
994
934
885
839
817
803
768
738
696
663
660
626
611
581
607
622
605
576
521
468
427
362
306
238
230
199
144
95
24
-35
-91
-171
-242
-303
-316
-324
-318
-289
-254
-188
-111
-50
10
68
151
204
248
289
320
366
384
379
355
348
348
312
274
230
192
177
155
137
120
132
154
145
130
89
57
25
-20
-37
-58
-36
-10
5
10
-15
-43
-91
-201
-299
-397
-436
-476
-507
-496
-492
-461
-435
-421
-410
-410
-394
-408
-431
-442
-451
-410
-357
-323
-293
-263
-211
-194
-196
-209
-226
-215
-205
-197
-192
-156
-112
-105
-109
-134
-169
-193
-231
-269
-307
-310
-306
-327
-343
-375
-393
-386
-424
-458
-512
-526
-545
-577
-603
-634
-643
-628
-641
-635
-637
-573
-534
-516
-495
-492
-476
-467
-491
-523
-553
-543
-541
-532
-510
-492
-453
-426
-431
-449
-467
-464
-490
-513
-523
-521
-487
-473
-468
-471
-443
-403
-391
-387
-405
-435
-457
-493
-528
-567
-562
-545
-545
-534
-540
-539
-522
-542
-551
-572
-552
-544
-545
-535
-526
-516
-492
-507
-506
-525
-474
-432
-418
-385
-354
-311
-279
-263
-248
-227
-167
-146
-130
-109
-96
-61
-32
-31
-38
-51
-40
-68
-100
-149
-205
-236
-279
-332
-397
-433
-459
-506
-551
-608
-667
-712
-769
-826
-890
-903
-910
-932
-925
-910
-857
-766
-697
-619
-554
-450
-353
-276
-204
-159
-114
-63
-60
-45
-51
-12
-6
-23
-45
-81
-101
-117
-142
-160
-176
-158
-167
-185
-200
-221
-221
-229
-256
-285
-294
-263
-246
-224
-213
-216
-203
-212
-222
-240
-230
-211
-219
-229
-242
-245
-224
-216
-210
-226
-204
-198
-222
-234
-260
-274
-274
-307
-334
-371
-363
-353
-342
-310
-286
-244
-186
-193
-200
-223
-185
-193
-215
-227
-248
-244
-243
-259
-291
-331
-345
-402
-467
-535
-608
-641
-669
-682
-651
-566
-433
-319
-208
-109
-17
86
153
218
263
320
382
412
433
434
423
407
357
295
207
166
123
67
39
8
-1
11
-1
-10
-39
-40
-62
-107
-144
-201
-242
-269
-334
-377
-417
-403
-395
-386
-368
-351
-311
-268
-245
-218
-191
-133
-108
-96
-91
-101
-98
-113
-155
-213
-262
-298
-369
-447
-536
-625
-684
-750
-799
-836
-834
-806
-789
-769
-752
-725
-665
-618
-550
-489
-361
-233
-127
-16
70
150
219
238
234
192
180
151
103
72
29
9
8
-27
-46
-64
-42
-39
-48
-91
-135
-141
-141
-159
-158
-139
-86
-69
-56
-73
-117
-151
-185
-247
-308
-341
-336
-366
-392
-433
-460
-460
-466
-461
-445
-392
-315
-257
-185
-115
-49
28
52
69
47
57
32
-31
-103
-193
-282
-360
-458
-542
-628
-642
-653
-668
-651
-623
-540
-417
-313
-201
-104
14
96
145
168
161
154
140
107
83
71
99
101
93
77
46
28
-11
-67
-133
-181
-215
-280
-342
-411
-476
-519
-577
-635
-694
-723
-726
-734
-723
-705
-669
-601
-574
-545
-544
-490
-441
-408
-366
-334
-282
-204
-144
-75
-23
78
148
187
226
239
267
306
317
330
332
355
352
330
306
282
294
321
335
344
349
387
388
361
318
260
216
148
77
15
-28
-38
-41
-32
-33
-30
-17
-35
-70
-137
-184
-219
-276
-325
-370
-387
-353
-351
-321
-307
-239
-179
-136
-84
-39
13
72
96
118
117
167
180
163
147
110
91
79
47
27
13
38
50
53
48
21
-1
-38
-106
-176
-235
-256
-296
-338
-392
-466
-534
-633
-752
-887
-996
-1082
-1174
-1237
-1279
-1296
-1280
-1267
-1254
-1248
-1216
-1169
-1125
-1050
-972
-876
-744
-639
-514
-404
-251
-109
14
138
241
342
443
496
547
570
645
685
691
690
657
631
605
562
530
502
509
502
495
496
489
498
496
471
445
428
436
415
393
376
338
318
269
228
157
115
95
46
15
-10
-12
0
18
30
16
22
18
-18
-39
-81
-102
-75
-74
-57
-52
-10
18
19
8
-31
-62
-82
-139
-176
-233
-231
-260
-308
-357
-416
-460
-504
-573
-634
-683
-679
-668
-640
-605
-592
-580
-595
-649
-709
-754
-758
-767
-756
-721
-661
-548
-436
-323
-223
-102
23
125
228
325
417
511
576
614
617
636
637
599
563
512
483
491
480
490
492
531
558
558
553
525
502
492
442
409
364
381
380
366
358
335
319
295
250
209
170
168
142
105
67
22
-3
-36
-95
-161
-219
-247
-292
-327
-354
-367
-343
-331
-327
-339
-323
-309
-309
-277
-260
-253
-228
-222
-229
-271
-271
-305
-372
-441
-517
-598
-660
-756
-831
-929
-988
-1051
-1104
-1129
-1144
-1124
-1060
-1005
-903
-802
-641
-511
-423
-363
-352
-354
-376
-420
-459
-475
-434
-390
-333
-253
-164
-44
75
174
264
360
477
565
645
709
756
812
828
824
796
784
777
744
708
667
631
618
592
572
539
555
557
527
502
455
420
402
360
329
290
293
290
270
255
217
189
176
121
83
40
51
49
41
35
21
24
26
10
-1
-9
20
32
48
71
86
113
122
101
60
17
-18
-86
-155
-225
-287
-316
-357
-397
-444
-466
-475
-502
-529
-559
-584
-599
-654
-698
-776
-824
-896
-1003
-1109
-1242
-1353
-1430
-1535
-1620
-1675
-1666
-1634
-1570
-1441
-1287
-1083
-857
-666
-473
-304
-113
48
196
344
462
574
656
689
701
700
722
713
690
659
620
607
588
555
507
476
470
443
424
406
399
429
450
477
501
547
600
624
636
631
618
618
585
559
513
524
526
500
473
418
362
309
228
156
77
55
30
-2
-14
-41
-50
-42
-66
-74
-81
-43
-11
25
68
102
142
170
158
128
86
72
37
6
-13
-24
-4
9
1
-24
-43
-61
-128
-215
-329
-451
-551
-660
-749
-819
-844
-834
-821
-787
-749
-701
-632
-596
-543
-504
-416
-346
-324
-275
-234
-144
-42
44
137
196
305
395
468
531
584
645
690
689
680
653
650
613
558
515
475
465
468
460
455
452
470
455
436
418
399
412
420
425
426
450
483
484
482
466
445
444
428
415
404
417
443
445
442
419
395
391
345
309
253
247
229
186
146
90
40
2
-61
-114
-181
-188
-212
-249
-270
-301
-308
-305
-333
-359
-393
-401
-433
-476
-507
-526
-502
-457
-419
-375
-329
-262
-234
-220
-216
-223
-210
-211
-223
-240
-230
-201
-194
-179
-167
-150
-108
-74
-41
-16
30
80
105
133
142
149
175
155
141
104
116
127
130
146
158
181
214
212
199
156
194
194
171
168
153
154
154
137
94
51
29
1
-47
-87
-132
-140
-151
-180
-212
-237
-243
-282
-327
-370
-406
-411
-425
-434
-441
-427
-401
-414
-433
-471
-511
-542
-587
-638
-691
-704
-692
-684
-658
-641
-613
-557
-537
-501
-477
-405
-333
-271
-201
-147
-89
-29
-19
-7
-21
14
21
18
33
41
65
86
87
91
97
142
174
206
243
274
334
408
478
563
670
817
937
1043
1129
1200
1287
1354
1415
1474
1577
1712
1835
1967
2092
2217
2355
2480
2600
2705
2831
2946
3020
3080
3096
3098
3103
3059
3019
2963
2950
2946
2955
3003
3073
3185
3337
3465
3605
3720
3883
4014
4128
4243
4341
4493
4660
4799
4932
5049
5165
5212
5219
5210
5165
5125
5097
5032
4947
4851
4758
4606
4425
4213
3988
3775
3539
3298
3055
2857
2687
2490
2298
2106
1915
1740
1558
1378
1200
1074
957
823
704
566
441
329
184
54
-78
-157
-231
-310
-372
-435
-480
-510
-593
-677
-786
-842
-914
-983
-1025
-1056
-1055
-1047
-1056
-1064
-1067
-1028
-1002
-970
-918
-856
-761
-666
-589
-517
-438
-340
-278
-226
-186
-148
-85
-45
-16
-3
33
80
101
122
136
148
170
171
166
141
158
169
157
157
135
115
105
61
23
-26
-34
-43
-58
-54
-53
-29
14
9
10
-16
-7
-34
-80
-127
-185
-225
-261
-309
-343
-398
-393
-420
-437
-468
-507
-526
-566
-617
-651
-650
-627
-605
-582
-587
-610
-621
-664
-716
-785
-836
-858
-887
-900
-904
-898
-871
-860
-852
-859
-810
-754
-707
-627
-536
-407
-256
-134
-25
51
144
201
218
230
218
222
249
239
240
221
233
213
176
140
101
81
66
37
20
13
47
57
55
45
16
-4
-42
-99
-156
-189
-192
-215
-237
-268
-305
-320
-355
-389
-430
-451
-464
-501
-547
-607
-667
-705
-763
-806
-860
-856
-857
-871
-859
-846
-811
-760
-738
-719
-721
-690
-682
-705
-727
-777
-813
-829
-881
-918
-962
-970
-1000
-1041
-1080
-1119
-1128
-1121
-1122
-1108
-1077
-995
-922
-846
-769
-713
-649
-608
-563
-543
-516
-471
-457
-446
-447
-443
-447
-466
-500
-529
-533
-493
-446
-359
-260
-148
-9
94
181
219
279
298
272
235
180
137
125
91
66
19
16
-15
-73
-130
-201
-236
-236
-243
-212
-162
-70
2
54
91
104
121
130
114
99
86
106
101
94
90
79
86
78
54
22
12
21
3
-12
-38
-68
-82
-120
-169
-235
-286
-323
-376
-418
-452
-461
-433
-436
-432
-454
-429
-417
-428
-433
-446
-442
-422
-424
-410
-402
-335
-281
-240
-184
-144
-89
-30
-6
23
44
85
95
84
64
30
9
-18
-66
-106
-133
-125
-149
-190
-243
-304
-334
-356
-359
-334
-252
-135
-41
95
241
376
526
654
759
840
930
1023
1077
1115
1143
1147
1153
1102
1056
987
960
922
875
850
835
851
897
930
983
1013
1097
1154
1171
1180
1160
1150
1146
1116
1087
1055
1059
1045
1030
1013
989
985
977
945
914
894
912
911
911
913
906
909
881
828
755
703
665
606
559
510
465
436
395
351
301
283
285
274
280
289
334
438
535
660
766
903
1010
1068
1097
1087
1075
1085
1084
1110
1118
1170
1176
1143
1108
1053
1019
993
953
928
911
930
934
933
933
924
938
955
956
958
971
1019
1043
1064
1076
1076
1088
1075
1048
1009
999
1003
982
963
939
920
926
898
890
862
857
825
758
690
593
512
476
411
351
297
298
280
244
215
183
169
183
163
177
179
236
256
244
220
169
117
67
-4
-69
-125
-137
-161
-187
-219
-263
-293
-336
-402
-480
-555
-605
-678
-747
-812
-877
-923
-992
-1070
-1150
-1180
-1169
-1149
-1097
-1031
-952
-852
-767
-689
-626
-535
-450
-401
-355
-337
-317
-280
-282
-272
-272
-230
-194
-176
-158
-162
-160
-148
-172
-178
-198
-158
-140
-135
-128
-137
-136
-142
-170
-197
-223
-216
-229
-241
-240
-240
-216
-201
-212
-233
-245
-230
-239
-248
-252
-249
-220
-217
-232
-268
-282
-285
-312
-339
-373
-408
-427
-458
-485
-523
-520
-520
-553
-574
-614
-613
-591
-595
-580
-573
-532
-499
-485
-497
-522
-542
-546
-605
-642
-696
-688
-702
-736
-752
-764
-755
-748
-768
-803
-842
-856
-890
-937
-978
-1035
-1072
-1113
-1160
-1200
-1212
-1183
-1171
-1149
-1120
-1090
-1036
-1004
-977
-961
-921
-874
-857
-843
-826
-791
-719
-646
-561
-490
-384
-308
-286
-279
-312
-346
-366
-408
-431
-454
-432
-412
-409
-398
-405
-400
-379
-399
-403
-416
-375
-342
-308
-265
-227
-182
-153
-161
-180
-206
-201
-224
-258
-288
-319
-320
-322
-341
-365
-378
-372
-395
-418
-442
-459
-442
-438
-433
-438
-421
-393
-387
-384
-388
-391
-376
-385
-390
-416
-398
-393
-414
-421
-441
-449
-444
-464
-490
-549
-559
-571
-619
-658
-717
-774
-826
-931
-1026
-1148
-1236
-1335
-1454
-1573
-1693
-1771
-1817
-1872
-1913
-1942
-1935
-1956
-1982
-1991
-1969
-1870
-1726
-1552
-1346
-1122
-885
-689
-512
-356
-212
-56
71
192
288
391
478
522
544
546
543
555
540
534
512
544
561
548
538
505
476
454
405
361
302
286
257
211
178
132
111
109
71
41
0
-8
-31
-57
-72
-89
-87
-89
-119
-154
-194
-210
-260
-320
-376
-432
-458
-484
-512
-532
-520
-480
-465
-451
-451
-452
-431
-429
-425
-422
-398
-366
-369
-391
-440
-506
-572
-693
-822
-980
-1086
-1202
-1333
-1447
-1562
-1660
-1744
-1849
-1940
-2028
-2042
-2045
-2030
-1950
-1857
-1668
-1416
-1165
-907
-655
-381
-150
55
258
427
577
708
803
860
894
937
938
913
883
835
817
782
730
670
632
608
547
470
386
300
239
168
99
31
-8
-31
-71
-108
-159
-201
-225
-290
-347
-427
-451
-476
-509
-523
-531
-515
-481
-470
-457
-469
-438
-436
-457
-467
-491
-491
-479
-502
-532
-580
-607
-654
-704
-743
-774
-769
-748
-740
-733
-732
-711
-725
-742
-750
-749
-709
-658
-598
-530
-439
-348
-309
-289
-297
-321
-340
-374
-400
-412
-374
-297
-220
-125
-34
71
199
278
350
377
431
460
458
449
422
400
384
331
277
200
177
135
81
48
6
-12
-24
-61
-96
-141
-153
-184
-214
-254
-305
-332
-348
-379
-389
-371
-332
-305
-271
-244
-241
-219
-221
-234
-254
-263
-250
-259
-264
-277
-284
-273
-271
-282
-296
-283
-251
-241
-227
-231
-220
-176
-154
-108
-78
-1
65
103
137
151
164
176
139
99
31
14
-35
-105
-167
-242
-294
-336
-394
-448
-502
-522
-561
-607
-642
-675
-675
-660
-645
-614
-565
-487
-443
-410
-384
-369
-338
-331
-340
-368
-376
-378
-407
-430
-454
-467
-451
-432
-395
-340
-229
-95
19
132
212
280
349
359
360
327
319
293
245
202
156
134
141
118
108
73
90
76
41
12
-31
-58
-83
-118
-137
-147
-122
-117
-121
-121
-122
-106
-92
-85
-59
-38
14
41
49
45
21
14
-27
-72
-118
-135
-136
-168
-206
-252
-319
-385
-465
-546
-625
-648
-658
-685
-696
-731
-771
-801
-889
-985
-1099
-1181
-1265
-1350
-1403
-1437
-1409
-1323
-1240
-1123
-1007
-830
-674
-527
-368
-213
-42
123
261
386
497
628
719
781
820
824
830
821
786
746
716
715
691
671
649
622
612
577
537
492
482
489
476
464
444
422
410
373
325
255
228
200
151
117
67
32
16
-34
-84
-156
-199
-252
-319
-374
-437
-480
-499
-554
-588
-629
-617
-631
-657
-668
-670
-636
-582
-532
-477
-426
-353
-320
-310
-311
-327
-331
-348
-389
-437
-469
-459
-482
-474
-443
-405
-346
-296
-242
-200
-132
-34
30
84
126
178
227
245
250
235
250
256
224
216
206
228
282
318
362
387
430
460
464
460
434
415
413
368
330
269
248
191
114
23
-82
-169
-246
-327
-385
-414
-380
-346
-307
-270
-255
-237
-240
-266
-292
-296
-270
-261
-241
-217
-188
-135
-111
-101
-113
-109
-100
-120
-149
-188
-227
-246
-283
-309
-352
-344
-346
-369
-373
-377
-351
-288
-232
-165
-120
-55
-24
-28
-29
-41
-27
13
19
41
54
105
130
135
127
98
71
33
-32
-92
-141
-138
-143
-138
-123
-111
-77
-55
-49
-49
-29
16
37
58
67
70
93
74
36
-14
-47
-77
-121
-153
-177
-188
-154
-129
-112
-112
-44
-1
1
9
2
9
38
35
46
44
81
91
72
53
10
-29
-43
-86
-101
-118
-94
-88
-91
-101
-124
-132
-148
-187
-219
-247
-231
-233
-231
-222
-213
-181
-162
-169
-195
-212
-214
-241
-261
-282
-299
-292
-308
-335
-375
-398
-408
-431
-444
-449
-432
-376
-347
-311
-304
-258
-248
-289
-347
-436
-525
-608
-719
-824
-944
-1017
-1115
-1239
-1345
-1450
-1510
-1519
-1511
-1446
-1348
-1192
-1035
-873
-712
-574
-447
-349
-287
-228
-159
-43
63
180
304
423
557
667
751
810
875
947
983
1016
1035
1050
1080
1089
1085
1066
1058
1053
1028
989
947
913
927
884
854
810
806
791
745
701
630
583
558
511
485
450
479
501
496
502
497
506
517
499
489
483
511
517
508
503
486
484
481
456
434
419
441
442
451
461
461
470
452
404
324
242
146
-5
-181
-387
-600
-796
-1005
-1218
-1435
-1621
-1777
-1934
-2056
-2148
-2175
-2108
-2012
-1844
-1646
-1368
-1082
-810
-541
-305
-95
80
183
267
320
426
506
567
638
689
748
796
807
808
798
813
802
774
741
695
670
646
605
569
541
542
517
494
479
472
494
502
493
465
455
449
410
367
314
266
238
202
162
108
71
36
-23
-70
-124
-154
-148
-175
-184
-231
-236
-230
-258
-299
-355
-406
-449
-530
-579
-652
-652
-669
-677
-683
-704
-714
-706
-723
-725
-720
-657
-599
-535
-454
-370
-260
-159
-99
-50
1
70
118
165
216
259
316
342
353
345
362
391
400
422
446
477
526
562
587
593
616
626
597
563
505
456
433
378
340
293
288
279
257
238
205
176
155
90
37
-30
-28
-38
-54
-52
-54
-40
-29
-39
-51
-67
-54
-65
-83
-94
-103
-81
-55
-42
-29
-9
31
39
38
24
2
3
-12
-33
-69
-90
-118
-194
-290
-406
-526
-629
-739
-845
-955
-1017
-1063
-1114
-1130
-1135
-1103
-1028
-971
-892
-818
-703
-590
-491
-390
-319
-255
-167
-131
-92
-62
45
157
276
430
601
782
962
1144
1317
1481
1678
1855
2025
2205
2368
2554
2725
2865
2993
3126
3275
3385
3462
3517
3549
3591
3598
3589
3556
3539
3516
3455
3388
3312
3245
3211
3178
3167
3168
3239
3323
3391
3480
3560
3665
3808
3945
4111
4280
4483
4664
4802
4916
4982
5034
5073
5040
4993
4902
4835
4721
4575
4413
4230
4052
3864
3645
3412
3168
2951
2709
2464
2231
2005
1818
1642
1465
1303
1172
1084
980
883
787
695
634
561
492
422
384
360
313
260
193
121
61
-26
-115
-216
-253
-284
-331
-356
-389
-400
-390
-398
-391
-390
-343
-299
-268
-222
-183
-122
-46
-22
-2
-4
4
-3
-32
-36
-62
-64
-53
-68
-75
-79
-45
-57
-66
-78
-108
-112
-117
-134
-142
-139
-124
-134
-153
-185
-217
-220
-239
-257
-279
-272
-240
-227
-219
-219
-221
-209
-237
-266
-321
-320
-329
-366
-400
-455
-504
-549
-628
-708
-800
-842
-881
-915
-916
-917
-891
-849
-851
-850
-861
-837
-831
-827
-807
-776
-715
-645
-599
-569
-571
-573
-627
-707
-794
-884
-940
-990
-1036
-1070
-1080
-1071
-1097
-1131
-1177
-1218
-1223
-1226
-1205
-1162
-1074
-956
-848
-733
-620
-500
-357
-246
-132
-52
67
162
221
278
314
351
388
387
379
349
364
361
338
327
300
297
313
295
280
246
230
187
133
85
40
25
7
-29
-36
-61
-73
-124
-197
-286
-395
-479
-590
-696
-795
-839
-859
-885
-895
-888
-883
-858
-853
-845
-846
-825
-793
-781
-764
-755
-743
-696
-670
-632
-602
-512
-429
-374
-322
-300
-280
-249
-241
-227
-231
-186
-165
-168
-171
-205
-231
-252
-306
-354
-404
-418
-438
-458
-471
-490
-484
-466
-454
-428
-391
-322
-280
-243
-205
-173
-121
-81
-49
-17
42
115
151
178
185
181
182
151
105
54
31
28
12
5
-4
-4
21
2
-13
-55
-48
-46
-55
-47
-42
-20
17
26
43
43
100
132
137
142
123
113
101
56
9
-43
-73
-130
-202
-280
-364
-422
-473
-536
-584
-606
-578
-571
-578
-565
-559
-550
-560
-578
-600
-596
-561
-538
-521
-519
-501
-489
-517
-567
-632
-675
-700
-737
-745
-743
-709
-624
-561
-480
-415
-318
-231
-158
-75
6
101
203
266
327
358
445
512
568
643
702
780
861
917
969
1011
1074
1113
1140
1164
1174
1191
1194
1167
1138
1116
1120
1089
1044
985
912
853
774
682
584
521
485
438
405
372
347
345
339
338
342
391
461
518
587
643
711
800
839
868
856
864
852
822
801
777
768
775
738
703
639
628
590
536
498
459
453
466
477
507
550
632
694
748
805
855
927
1000
1055
1100
1144
1207
1237
1256
1263
1255
1263
1257
1230
1229
1258
1324
1353
1387
1415
1428
1452
1460
1456
1416
1428
1449
1438
1446
1447
1468
1521
1533
1540
1526
1525
1492
1421
1343
1247
1158
1085
983
907
820
785
723
644
569
483
425
383
345
339
353
415
461
496
524
535
557
567
554
541
541
572
583
593
595
583
580
543
493
431
404
399
382
377
378
388
417
430
430
401
395
372
313
263
197
150
129
83
51
9
7
-1
-19
-28
-51
-63
-62
-107
-144
-199
-204
-237
-287
-330
-376
-403
-431
-481
-531
-582
-602
-650
-708
-765
-824
-851
-875
-906
-930
-929
-894
-874
-845
-818
-796
-764
-771
-798
-840
-850
-839
-837
-820
-791
-747
-644
-565
-495
-447
-364
-297
-264
-219
-221
-203
-170
-150
-132
-119
-75
-36
-31
-37
-65
-72
-63
-98
-122
-158
-135
-137
-156
-180
-211
-234
-250
-281
-298
-309
-278
-271
-272
-270
-281
-276
-283
-313
-349
-377
-391
-441
-497
-564
-637
-694
-781
-882
-998
-1092
-1171
-1262
-1338
-1396
-1427
-1417
-1409
-1385
-1370
-1299
-1235
-1200
-1159
-1135
-1095
-1028
-965
-874
-778
-633
-497
-388
-289
-234
-189
-150
-171
-190
-227
-228
-251
-287
-319
-354
-369
-375
-393
-402
-402
-361
-342
-322
-291
-257
-201
-161
-152
-160
-156
-124
-113
-99
-94
-93
-75
-88
-120
-178
-230
-277
-346
-412
-473
-515
-516
-528
-520
-531
-499
-453
-427
-413
-421
-422
-421
-450
-473
-506
-510
-541
-577
-616
-673
-704
-704
-734
-750
-771
-749
-745
-752
-765
-786
-785
-777
-791
-798
-785
-725
-682
-641
-605
-581
-545
-531
-543
-566
-583
-582
-617
-650
-685
-713
-710
-719
-727
-747
-756
-762
-799
-845
-905
-962
-990
-1037
-1058
-1086
-1047
-1004
-967
-903
-842
-773
-703
-666
-623
-593
-513
-449
-408
-357
-333
-306
-287
-329
-394
-493
-567
-647
-714
-757
-785
-777
-751
-730
-697
-655
-573
-506
-434
-360
-302
-236
-197
-187
-203
-215
-223
-267
-309
-353
-388
-392
-405
-417
-435
-438
-435
-459
-485
-522
-551
-551
-578
-589
-616
-591
-580
-598
-618
-649
-691
-690
-714
-711
-731
-684
-649
-642
-629
-642
-657
-695
-760
-820
-899
-942
-989
-1021
-1027
-1016
-979
-920
-878
-832
-782
-701
-646
-598
-562
-539
-507
-500
-512
-531
-511
-448
-391
-308
-214
-110
22
127
210
268
324
364
358
330
271
210
176
108
57
-7
-15
-23
-42
-54
-81
-104
-123
-179
-227
-289
-286
-298
-322
-330
-352
-357
-363
-407
-458
-516
-541
-570
-585
-573
-550
-496
-439
-408
-388
-372
-331
-318
-307
-296
-290
-266
-260
-268
-294
-307
-320
-369
-420
-477
-523
-537
-549
-557
-568
-552
-526
-518
-501
-498
-481
-434
-418
-390
-384
-340
-309
-304
-309
-337
-363
-378
-428
-464
-514
-508
-521
-559
-568
-604
-624
-634
-662
-687
-707
-683
-690
-684
-665
-634
-580
-511
-466
-419
-374
-318
-288
-254
-220
-185
-124
-78
-37
-21
13
42
38
9
-52
-136
-216
-315
-407
-495
-536
-555
-589
-617
-668
-712
-732
-786
-818
-851
-829
-803
-785
-755
-727
-683
-623
-605
-577
-568
-499
-452
-416
-369
-333
-288
-254
-253
-262
-276
-256
-248
-240
-223
-210
-175
-142
-126
-106
-72
-13
7
10
-1
-16
2
13
22
18
42
77
81
78
61
40
28
-1
-39
-94
-115
-134
-176
-207
-252
-283
-294
-347
-404
-487
-537
-593
-666
-727
-791
-828
-838
-878
-893
-916
-877
-855
-844
-821
-802
-757
-714
-701
-673
-639
-594
-565
-525
-471
-411
-330
-255
-216
-193
-161
-125
-128
-144
-167
-191
-194
-208
-207
-198
-145
-65
4
87
176
262
358
436
494
516
561
582
557
524
456
385
327
227
139
38
-18
-68
-115
-133
-141
-115
-61
-53
-44
-71
-66
-94
-134
-160
-183
-186
-189
-213
-238
-269
-275
-313
-362
-407
-451
-455
-442
-429
-409
-374
-320
-301
-293
-299
-309
-292
-292
-292
-299
-280
-251
-240
-230
-231
-236
-229
-239
-241
-257
-221
-191
-189
-177
-183
-178
-158
-171
-184
-216
-213
-216
-230
-229
-238
-228
-199
-218
-234
-280
-298
-349
-411
-466
-515
-527
-514
-502
-476
-444
-379
-344
-359
-370
-398
-408
-441
-492
-546
-593
-613
-640
-666
-706
-729
-701
-684
-640
-571
-445
-297
-164
-49
59
146
228
263
287
279
317
330
316
301
257
219
193
143
100
41
21
-10
-63
-100
-153
-186
-203
-263
-314
-381
-413
-466
-527
-582
-635
-660
-672
-692
-698
-693
-643
-611
-582
-549
-518
-459
-411
-386
-373
-345
-293
-266
-241
-228
-222
-200
-207
-225
-255
-267
-268
-290
-312
-334
-346
-328
-335
-332
-351
-319
-296
-293
-282
-291
-289
-269
-261
-238
-218
-149
-91
-49
9
53
114
181
200
214
202
207
180
134
85
33
3
-22
-62
-96
-126
-125
-152
-187
-226
-279
-316
-361
-421
-470
-481
-438
-414
-375
-338
-303
-262
-249
-245
-277
-284
-270
-272
-274
-270
-258
-210
-188
-165
-153
-83
-35
-22
-11
-18
-14
-12
-36
-65
-113
-124
-158
-213
-253
-312
-343
-351
-385
-404
-429
-421
-423
-426
-426
-432
-416
-395
-396
-399
-401
-374
-384
-416
-471
-554
-630
-720
-817
-908
-959
-967
-981
-974
-956
-920
-850
-791
-734
-683
-612
-529
-465
-395
-324
-239
-136
-95
-78
-116
-129
-168
-227
-269
-307
-312
-283
-261
-216
-181
-91
-28
5
38
42
61
90
96
117
143
204
247
274
292
292
308
326
328
339
355
401
416
417
408
386
382
362
326
279
254
244
211
191
163
138
146
157
143
122
125
129
114
98
76
61
84
77
62
9
-20
-81
-182
-312
-472
-620
-752
-903
-1027
-1152
-1195
-1233
-1258
-1237
-1181
-1068
-916
-761
-587
-404
-192
-10
143
282
390
501
589
640
678
711
764
783
793
800
801
818
810
782
739
721
719
694
676
652
628
623
608
593
574
581
592
580
577
559
551
564
531
499
440
415
373
305
236
158
102
77
35
24
8
54
76
71
64
38
34
35
16
-2
-22
-11
-23
-43
-64
-100
-124
-158
-215
-272
-318
-337
-394
-470
-566
-692
-820
-976
-1137
-1293
-1393
-1451
-1506
-1535
-1553
-1559
-1542
-1531
-1514
-1484
-1425
-1324
-1215
-1086
-970
-822
-628
-458
-270
-83
115
269
371
457
491
519
556
564
584
597
662
704
712
711
680
657
631
584
534
499
507
497
486
471
443
427
394
332
272
230
231
214
203
196
192
213
208
176
110
55
5
-66
-124
-170
-195
-189
-187
-182
-185
-151
-125
-134
-140
-169
-188
-182
-203
-213
-236
-227
-235
-275
-330
-417
-501
-565
-664
-743
-826
-836
-850
-860
-849
-838
-806
-771
-755
-738
-722
-668
-630
-590
-545
-510
-460
-422
-414
-417
-410
-375
-362
-342
-318
-289
-229
-184
-145
-119
-69
-13
15
39
61
86
129
155
175
171
200
214
197
193
173
154
153
132
125
95
96
89
64
34
-12
-46
-85
-156
-184
-216
-192
-173
-158
-136
-116
-89
-46
-6
51
115
221
307
394
475
559
663
760
828
887
959
1063
1143
1226
1308
1387
1493
1577
1650
1710
1786
1859
1893
1908
1904
1893
1900
1892
1892
1873
1896
1900
1874
1865
1857
1885
1946
1990
2043
2084
2159
2211
2228
2237
2217
2216
2238
2231
2249
2261
2319
2356
2380
2400
2396
2386
2349
2272
2185
2098
2054
1999
1950
1915
1885
1887
1882
1854
1812
1772
1740
1672
1599
1517
1434
1377
1301
1226
1153
1114
1091
1040
981
914
854
823
778
751
708
713
694
631
563
470
390
332
262
212
160
164
148
119
103
89
69
64
26
-5
-30
-8
11
15
31
38
49
49
12
-35
-77
-98
-151
-205
-265
-337
-389
-452
-532
-614
-678
-726
-801
-885
-981
-1068
-1124
-1191
-1259
-1329
-1379
-1403
-1437
-1459
-1478
-1471
-1414
-1359
-1269
-1175
-1005
-834
-682
-525
-395
-279
-179
-123
-74
-43
34
95
133
180
202
232
263
247
234
211
219
211
194
177
152
140
122
76
26
-22
-33
-63
-89
-106
-119
-103
-93
-103
-130
-147
-154
-196
-240
-297
-354
-383
-422
-456
-492
-512
-526
-571
-624
-686
-739
-756
-793
-801
-813
-759
-707
-665
-607
-560
-506
-449
-427
-402
-393
-334
-302
-298
-288
-298
-293
-284
-338
-395
-451
-496
-574
-652
-718
-777
-806
-805
-826
-827
-803
-702
-617
-521
-422
-313
-192
-83
2
84
178
282
349
412
461
500
540
558
565
551
549
547
522
496
455
413
399
346
313
264
272
277
266
261
236
210
183
118
59
-13
-20
-41
-77
-97
-135
-156
-169
-205
-235
-261
-249
-247
-245
-237
-232
-205
-178
-173
-170
-171
-153
-174
-206
-236
-263
-260
-263
-275
-298
-310
-327
-393
-476
-579
-681
-757
-841
-925
-1008
-1053
-1066
-1072
-1046
-1014
-960
-865
-787
-679
-584
-446
-327
-233
-144
-76
-13
45
53
51
14
28
20
-2
-5
-12
13
49
66
82
94
139
176
208
244
291
358
407
421
425
426
441
427
407
360
306
295
260
210
155
136
138
124
109
94
82
82
66
48
29
48
68
74
86
81
80
103
88
97
95
134
166
176
193
205
231
278
285
292
268
288
271
222
172
98
27
-57
-170
-284
-388
-435
-468
-469
-432
-378
-288
-193
-113
-24
83
225
342
447
540
629
749
860
972
1086
1239
1401
1518
1606
1659
1687
1707
1696
1673
1639
1644
1661
1659
1664
1643
1622
1616
1568
1527
1466
1439
1403
1355
1318
1278
1255
1251
1206
1171
1118
1124
1106
1072
1045
1009
987
962
910
851
788
758
706
644
589
536
520
516
514
515
561
642
722
770
793
796
800
789
772
754
762
824
896
981
1067
1155
1255
1343
1410
1442
1508
1558
1567
1572
1546
1524
1521
1485
1456
1418
1416
1408
1387
1371
1343
1321
1312
1251
1198
1120
1084
1018
942
879
820
787
763
725
691
657
653
616
563
512
461
449
452
452
465
494
546
560
560
543
516
507
480
456
432
442
469
473
473
458
434
417
375
330
269
261
256
232
219
181
146
116
40
-52
-185
-308
-459
-632
-787
-928
-1006
-1017
-1034
-1014
-996
-924
-866
-809
-737
-657
-541
-404
-274
-138
-10
137
237
311
370
412
474
531
571
604
644
695
705
697
669
614
570
526
461
381
335
309
267
225
192
142
113
48
-6
-96
-134
-181
-233
-275
-326
-362
-366
-384
-384
-394
-365
-348
-357
-371
-407
-422
-426
-463
-480
-494
-458
-434
-423
-414
-419
-410
-400
-404
-402
-403
-375
-376
-387
-394
-404
-389
-378
-378
-375
-353
-310
-301
-299
-314
-342
-357
-404
-456
-515
-547
-560
-591
-624
-666
-706
-732
-794
-861
-955
-992
-1023
-1051
-1036
-1013
-965
-903
-870
-843
-842
-805
-788
-794
-790
-802
-787
-747
-731
-695
-664
-600
-562
-545
-542
-563
-580
-602
-639
-660
-659
-604
-562
-518
-468
-421
-352
-297
-266
-249
-223
-189
-191
-198
-219
-245
-250
-278
-308
-336
-344
-345
-344
-342
-359
-374
-370
-413
-472
-566
-615
-698
-816
-905
-1016
-1119
-1209
-1324
-1445
-1587
-1692
-1808
-1932
-2020
-2093
-2099
-2028
-1918
-1742
-1518
-1226
-942
-679
-444
-250
-67
89
195
280
351
442
500
531
542
525
507
458
386
306
251
219
164
114
59
9
-16
-50
-77
-99
-90
-59
-42
-20
-7
5
30
3
-29
-94
-114
-147
-201
-245
-293
-320
-327
-349
-353
-368
-330
-318
-335
-349
-389
-415
-432
-472
-503
-537
-539
-557
-582
-604
-635
-649
-665
-699
-723
-730
-692
-673
-653
-629
-609
-573
-561
-571
-594
-594
-573
-564
-532
-488
-426
-337
-268
-214
-180
-137
-93
-76
-58
-54
-42
-35
-56
-84
-118
-130
-159
-211
-271
-334
-379
-402
-464
-491
-526
-511
-516
-534
-533
-538
-530
-523
-531
-533
-534
-499
-475
-455
-431
-422
-397
-380
-394
-417
-436
-425
-432
-441
-445
-458
-449
-456
-478
-512
-514
-490
-480
-454
-425
-392
-346
-322
-318
-340
-357
-378
-426
-466
-519
-561
-573
-617
-645
-689
-686
-686
-695
-691
-691
-675
-647
-656
-659
-683
-648
-633
-629
-612
-609
-594
-578
-581
-575
-570
-538
-531
-539
-547
-557
-537
-513
-506
-498
-477
-419
-383
-348
-314
-280
-224
-198
-201
-231
-240
-237
-258
-269
-277
-272
-243
-220
-201
-197
-176
-170
-199
-221
-253
-264
-244
-255
-253
-270
-254
-254
-283
-319
-340
-360
-363
-388
-385
-387
-324
-273
-260
-231
-229
-211
-216
-245
-284
-318
-332
-377
-427
-466
-515
-545
-582
-637
-683
-714
-708
-714
-704
-694
-672
-618
-579
-556
-545
-510
-459
-426
-388
-355
-319
-263
-221
-189
-177
-141
-116
-125
-127
-142
-139
-106
-100
-76
-61
-8
34
45
40
2
-40
-76
-157
-221
-297
-309
-338
-375
-396
-420
-418
-410
-420
-421
-409
-350
-307
-270
-234
-217
-194
-198
-237
-288
-324
-319
-320
-305
-283
-258
-207
-182
-175
-189
-183
-167
-176
-184
-196
-205
-194
-194
-190
-194
-153
-121
-125
-128
-155
-174
-176
-211
-238
-277
-284
-302
-341
-378
-430
-465
-470
-511
-537
-538
-461
-409
-365
-314
-279
-244
-224
-237
-277
-336
-342
-378
-418
-443
-455
-431
-406
-398
-389
-368
-326
-315
-307
-298
-275
-219
-168
-113
-77
-26
20
23
9
-26
-75
-115
-176
-237
-305
-327
-348
-384
-396
-413
-407
-374
-361
-333
-311
-245
-185
-143
-96
-72
-40
3
4
21
26
81
120
143
156
146
138
117
61
-9
-91
-143
-219
-299
-370
-437
-473
-508
-553
-600
-627
-626
-641
-640
-629
-603
-541
-492
-446
-410
-356
-297
-271
-261
-265
-267
-244
-237
-222
-229
-188
-156
-148
-131
-135
-136
-126
-139
-133
-126
-68
-18
9
35
28
21
19
-29
-65
-108
-103
-105
-99
-112
-107
-99
-87
-124
-173
-237
-285
-355
-410
-443
-477
-449
-398
-365
-333
-288
-231
-215
-212
-230
-238
-218
-214
-211
-215
-201
-182
-192
-200
-211
-214
-192
-191
-178
-179
-134
-107
-123
-152
-212
-284
-364
-476
-577
-678
-713
-739
-762
-755
-749
-709
-642
-603
-549
-505
-435
-395
-375
-365
-367
-354
-340
-343
-339
-329
-283
-260
-239
-211
-184
-130
-87
-64
-57
-44
-31
-69
-123
-191
-257
-292
-334
-359
-366
-328
-258
-197
-133
-81
-32
33
54
72
61
99
124
130
151
163
190
236
263
296
309
369
408
421
439
427
423
418
372
326
270
244
200
145
88
27
-8
-35
-74
-112
-139
-129
-109
-100
-95
-99
-86
-94
-118
-141
-161
-149
-166
-178
-218
-260
-290
-328
-374
-437
-477
-501
-546
-589
-638
-674
-673
-706
-715
-737
-690
-650
-619
-577
-545
-511
-468
-451
-425
-416
-362
-343
-354
-353
-363
-347
-315
-309
-304
-310
-290
-289
-295
-297
-304
-291
-283
-295
-300
-295
-253
-236
-221
-205
-192
-150
-113
-83
-56
-2
72
119
171
212
247
292
310
315
305
307
312
289
259
200
136
86
-7
-84
-171
-197
-218
-244
-254
-266
-263
-245
-262
-280
-328
-322
-342
-381
-408
-453
-481
-499
-531
-548
-556
-525
-501
-473
-430
-384
-314
-244
-198
-155
-112
-46
-18
-3
5
3
13
33
57
60
101
171
216
261
293
328
367
386
413
427
473
529
571
630
673
725
799
823
838
812
802
766
710
654
587
538
491
400
313
201
149
75
-12
-83
-151
-190
-209
-237
-249
-253
-215
-186
-153
-113
-84
-42
-11
-7
0
30
102
151
188
206
204
213
202
184
165
187
229
246
261
263
262
274
270
261
240
244
245
214
185
134
84
47
-34
-109
-201
-251
-304
-371
-428
-486
-518
-518
-541
-541
-552
-496
-456
-423
-376
-333
-260
-171
-87
7
102
223
309
365
403
416
437
445
425
401
385
394
369
330
278
217
178
122
69
14
1
-18
-27
-21
-3
11
41
51
38
0
5
-2
-54
-93
-146
-208
-256
-342
-413
-496
-529
-573
-613
-634
-653
-644
-599
-579
-531
-494
-389
-305
-238
-169
-116
-47
24
68
109
146
206
235
233
210
163
134
106
77
71
99
165
200
214
197
154
113
40
-42
-125
-162
-165
-173
-171
-175
-182
-175
-177
-172
-178
-143
-118
-118
-103
-98
-70
-18
-1
15
6
22
24
9
4
-11
-3
31
24
32
22
57
64
52
37
4
-23
-63
-132
-204
-272
-300
-345
-391
-424
-453
-441
-417
-396
-367
-317
-234
-174
-112
-57
-10
47
67
66
38
12
-21
-88
-165
-252
-338
-412
-495
-562
-616
-609
-591
-570
-514
-461
-373
-243
-143
-15
108
264
384
475
559
627
711
795
840
904
958
1058
1141
1217
1307
1391
1504
1615
1715
1812
1909
2039
2146
2235
2316
2377
2444
2495
2522
2540
2576
2642
2687
2741
2796
2852
2921
2950
2964
2969
3005
3065
3116
3178
3245
3324
3426
3500
3572
3620
3723
3827
3916
4020
4110
4208
4307
4361
4397
4397
4417
4404
4351
4287
4192
4103
4023
3900
3789
3665
3572
3449
3298
3124
2922
2727
2540
2348
2174
2016
1901
1767
1627
1484
1335
1212
1082
939
797
686
610
518
439
363
296
258
204
150
94
66
60
41
30
20
18
43
41
48
34
71
99
98
100
104
136
158
149
147
122
141
137
114
89
42
14
-14
-81
-137
-190
-199
-237
-294
-355
-428
-482
-532
-599
-650
-671
-633
-598
-548
-499
-467
-426
-418
-447
-502
-548
-580
-631
-672
-708
-740
-745
-766
-788
-816
-820
-806
-804
-784
-754
-703
-618
-567
-512
-487
-416
-365
-347
-333
-336
-330
-312
-316
-311
-322
-279
-256
-254
-246
-263
-266
-259
-280
-290
-301
-274
-256
-239
-212
-188
-152
-129
-144
-167
-186
-167
-171
-179
-191
-214
-222
-249
-296
-360
-402
-424
-465
-496
-532
-563
-568
-585
-610
-649
-670
-675
-686
-675
-650
-588
-478
-392
-287
-197
-58
61
148
226
279
329
380
401
399
389
435
445
409
379
327
286
253
217
184
146
146
146
127
107
74
66
47
11
-25
-30
16
54
95
139
175
218
220
200
155
111
63
-29
-115
-194
-256
-290
-325
-364
-407
-428
-441
-474
-501
-537
-557
-541
-555
-555
-578
-568
-578
-612
-636
-661
-666
-650
-662
-660
-674
-632
-613
-610
-597
-602
-594
-586
-602
-610
-602
-538
-468
-384
-287
-191
-75
26
85
122
150
198
210
214
214
215
244
261
262
240
228
214
161
101
34
-27
-64
-111
-163
-225
-255
-277
-323
-365
-427
-482
-509
-566
-599
-634
-618
-602
-598
-586
-580
-562
-529
-533
-526
-536
-483
-454
-444
-434
-437
-413
-378
-371
-362
-343
-273
-205
-108
27
154
311
468
578
650
708
772
797
818
819
821
848
851
841
818
818
829
796
758
697
633
579
522
474
437
444
456
440
429
408
402
418
401
395
375
392
402
390
372
332
300
285
238
216
188
223
236
236
247
253
281
315
335
358
383
443
487
527
571
603
649
680
683
677
672
688
676
668
666
673
714
744
768
778
808
843
838
814
767
715
686
661
654
655
711
776
817
862
884
915
964
975
988
981
1008
1028
1029
1030
1010
995
992
946
917
877
894
893
883
885
882
900
919
915
904
863
845
805
785
755
718
704
675
632
583
553
539
511
491
467
456
487
516
558
577
611
651
654
644
614
572
540
496
465
441
495
562
614
688
747
819
906
961
1011
1041
1094
1130
1140
1147
1123
1103
1097
1044
1000
934
907
856
797
749
697
664
632
585
543
504
506
490
471
456
430
419
394
349
306
288
309
323
360
407
458
526
561
575
564
565
566
533
486
428
376
351
317
301
284
329
372
389
412
410
406
401
361
317
251
219
173
111
61
-9
-68
-117
-212
-288
-360
-369
-377
-372
-346
-315
-265
-214
-177
-133
-86
-7
36
58
65
57
42
23
13
-5
-14
5
2
3
0
14
42
51
58
76
106
146
157
167
146
113
82
25
-33
-110
-131
-155
-200
-238
-307
-366
-417
-503
-584
-679
-719
-757
-794
-802
-803
-773
-718
-700
-674
-661
-617
-602
-606
-620
-650
-671
-695
-743
-793
-847
-877
-940
-1014
-1092
-1177
-1235
-1294
-1356
-1410
-1432
-1421
-1426
-1416
-1390
-1332
-1220
-1099
-959
-806
-627
-435
-269
-116
6
97
176
196
205
186
218
240
241
249
236
226
226
200
178
141
153
152
137
136
114
107
109
72
38
-9
-31
-77
-134
-192
-262
-320
-383
-472
-562
-651
-709
-794
-884
-977
-1076
-1148
-1217
-1277
-1313
-1296
-1243
-1204
-1137
-1070
-1002
-902
-808
-711
-626
-510
-365
-249
-131
-12
86
179
214
238
216
229
202
150
99
27
-47
-121
-223
-311
-416
-452
-497
-550
-586
-636
-664
-672
-699
-709
-713
-682
-663
-643
-618
-590
-532
-467
-424
-382
-341
-284
-273
-285
-304
-323
-311
-301
-292
-281
-241
-186
-165
-147
-143
-143
-129
-134
-147
-172
-179
-175
-192
-207
-235
-258
-261
-308
-351
-418
-435
-454
-477
-479
-479
-457
-413
-390
-355
-343
-283
-257
-261
-257
-270
-266
-263
-291
-319
-354
-369
-413
-475
-539
-607
-651
-694
-761
-838
-920
-978
-1062
-1141
-1206
-1254
-1258
-1257
-1250
-1235
-1175
-1085
-1005
-910
-816
-723
-616
-549
-489
-454
-384
-332
-305
-267
-255
-229
-181
-172
-169
-169
-117
-76
-45
-9
17
64
115
128
156
155
193
183
133
72
-19
-107
-197
-303
-402
-497
-548
-604
-651
-684
-715
-723
-722
-729
-722
-693
-620
-562
-503
-448
-404
-343
-302
-272
-250
-196
-122
-72
-25
6
29
61
73
77
68
85
106
106
116
113
120
152
139
126
85
72
38
-23
-79
-134
-163
-164
-194
-212
-249
-230
-242
-284
-326
-387
-430
-466
-512
-542
-555
-516
-482
-442
-384
-316
-214
-109
-26
46
116
207
264
306
327
321
315
275
222
159
125
103
56
10
-42
-90
-122
-167
-218
-287
-323
-356
-406
-449
-499
-501
-485
-507
-513
-533
-519
-514
-512
-520
-527
-515
-459
-443
-403
-381
-297
-259
-257
-276
-321
-372
-435
-516
-585
-629
-618
-614
-600
-575
-567
-539
-520
-518
-514
-490
-437
-398
-352
-297
-238
-152
-85
-23
24
96
178
232
278
308
327
347
337
310
254
232
205
157
128
89
73
82
56
30
-14
-25
-43
-82
-122
-187
-241
-271
-330
-350
-359
-294
-243
-209
-182
-181
-182
-198
-238
-276
-311
-307
-319
-331
-338
-352
-344
-342
-355
-365
-353
-305
-273
-232
-190
-148
-82
-42
-11
6
47
99
124
143
150
153
168
163
153
117
119
106
61
27
-24
-59
-72
-111
-153
-227
-247
-283
-353
-418
-491
-539
-561
-598
-594
-601
-558
-509
-476
-442
-409
-352
-291
-244
-201
-153
-69
-14
27
61
76
103
102
79
43
15
5
-30
-58
-76
-79
-51
-37
-27
-29
-10
7
-3
-14
-27
-37
-31
-50
-63
-91
-63
-43
-53
-61
-93
-119
-133
-175
-215
-275
-306
-359
-442
-527
-639
-740
-817
-912
-958
-970
-903
-824
-731
-622
-515
-395
-283
-202
-133
-72
13
64
100
133
155
190
205
193
168
159
174
168
170
169
173
202
207
200
177
167
166
145
132
124
130
163
171
175
146
162
164
146
141
119
102
95
67
48
14
22
10
-22
-29
-60
-33
14
53
82
93
127
118
91
56
7
-52
-101
-177
-268
-353
-391
-434
-452
-453
-443
-380
-307
-237
-169
-87
1
44
70
73
66
75
53
20
-23
-40
-39
-41
-23
11
66
151
200
252
274
332
356
333
298
243
202
179
145
127
109
155
194
221
263
286
321
356
347
336
316
325
314
293
271
237
218
193
143
95
56
55
37
22
14
6
22
27
13
-14
-23
-19
-43
-61
-79
-87
-68
-64
-69
-88
-93
-96
-133
-178
-242
-303
-338
-406
-460
-529
-539
-556
-590
-606
-620
-607
-567
-545
-517
-509
-450
-415
-401
-378
-378
-363
-347
-365
-375
-378
-344
-322
-273
-233
-205
-159
-123
-123
-131
-121
-92
-74
-62
-31
-13
26
39
36
4
-18
-28
-59
-84
-109
-119
-95
-71
-49
-34
3
52
61
65
46
34
43
18
8
-13
18
35
20
-5
-54
-102
-142
-211
-269
-340
-347
-368
-401
-420
-454
-475
-497
-546
-590
-628
-618
-607
-583
-538
-481
-387
-288
-213
-148
-89
-12
28
55
69
65
73
57
24
-22
-49
-72
-135
-206
-292
-374
-432
-490
-544
-601
-630
-648
-679
-697
-721
-725
-690
-677
-636
-602
-514
-425
-350
-279
-232
-188
-140
-132
-115
-120
-65
-29
-5
34
63
112
167
205
251
300
387
456
512
556
582
612
617
621
626
623
647
640
617
580
538
526
491
445
413
398
390
348
307
253
195
151
112
86
61
75
102
111
131
124
126
151
131
122
103
123
132
106
58
-17
-81
-120
-179
-210
-236
-179
-123
-62
26
116
230
340
421
488
537
599
624
635
651
664
700
734
745
749
757
783
771
747
712
669
645
598
543
479
447
427
379
323
253
179
120
53
-14
-88
-118
-141
-181
-207
-250
-284
-298
-343
-374
-414
-406
-392
-379
-351
-338
-318
-291
-317
-338
-384
-379
-396
-418
-418
-408
-363
-305
-268
-252
-267
-274
-315
-363
-399
-428
-421
-410
-414
-418
-411
-371
-380
-360
-348
-324
-294
-283
-270
-269
-226
-155
-105
-82
-59
-41
-32
-44
-51
-58
-6
51
74
116
138
166
204
209
217
207
227
240
231
221
188
158
137
74
22
-45
-60
-88
-108
-109
-96
-41
34
96
153
197
256
270
255
220
160
110
46
-44
-143
-229
-281
-341
-377
-394
-389
-343
-317
-300
-298
-280
-255
-252
-245
-236
-223
-196
-197
-198
-213
-174
-140
-131
-115
-127
-137
-138
-171
-201
-251
-269
-297
-338
-359
-384
-380
-349
-351
-333
-326
-272
-234
-203
-173
-153
-114
-74
-56
-42
-34
2
6
2
5
9
43
76
104
140
199
277
312
326
312
282
268
221
164
89
62
37
-16
-68
-119
-163
-176
-195
-225
-255
-225
-190
-187
-169
-172
-151
-115
-105
-74
-42
36
105
163
243
335
467
638
780
947
1092
1268
1415
1550
1678
1801
1937
2072
2187
2296
2399
2532
2631
2713
2782
2831
2887
2924
2942
2952
2975
3013
3018
3021
3019
3022
3056
3080
3115
3158
3238
3340
3425
3510
3589
3668
3762
3812
3856
3872
3944
4013
4071
4155
4235
4328
4422
4471
4500
4494
4514
4499
4446
4385
4290
4195
4093
3937
3772
3582
3411
3206
2983
2760
2542
2362
2208
2061
1943
1850
1803
1731
1648
1554
1447
1362
1276
1192
1116
1064
1025
950
864
761
654
575
486
400
313
253
214
168
128
68
37
38
-14
-53
-100
-88
-82
-91
-81
-85
-78
-43
-46
-52
-83
-69
-83
-133
-178
-240
-285
-322
-395
-467
-544
-589
-662
-745
-813
-880
-911
-920
-927
-902
-841
-725
-624
-528
-448
-385
-323
-291
-284
-283
-253
-199
-172
-150
-147
-156
-155
-180
-215
-258
-275
-267
-265
-246
-230
-203
-151
-140
-127
-151
-144
-162
-211
-263
-329
-380
-408
-453
-483
-529
-522
-539
-571
-583
-605
-595
-565
-549
-520
-489
-424
-378
-348
-326
-317
-293
-272
-272
-268
-253
-206
-191
-198
-225
-268
-294
-336
-388
-444
-465
-458
-469
-475
-492
-516
-531
-568
-615
-673
-711
-740
-782
-805
-821
-817
-778
-767
-724
-718
-637
-562
-500
-457
-432
-397
-349
-319
-254
-204
-109
-35
18
52
60
82
113
120
134
132
161
155
125
75
-1
-73
-150
-248
-322
-370
-376
-406
-449
-501
-558
-597
-648
-699
-744
-732
-682
-635
-570
-507
-440
-351
-272
-202
-153
-95
-50
-40
-29
-30
-16
31
40
57
55
91
113
107
92
54
20
-2
-63
-117
-195
-220
-274
-347
-409
-477
-516
-538
-568
-585
-595
-575
-577
-588
-597
-615
-610
-599
-593
-575
-535
-457
-401
-347
-301
-263
-205
-168
-141
-128
-94
-51
-33
-11
6
25
56
62
50
19
16
14
-11
-26
-64
-98
-109
-147
-158
-165
-125
-91
-78
-65
-72
-58
-20
6
41
58
135
191
227
271
304
325
352
363
375
372
395
378
343
296
211
142
66
-29
-117
-176
-182
-181
-165
-137
-118
-74
-66
-75
-102
-99
-87
-92
-78
-51
-2
71
131
182
208
255
280
259
235
187
149
134
90
61
23
23
16
-12
-41
-84
-109
-107
-133
-119
-87
34
161
289
420
531
638
725
777
821
856
918
948
964
976
969
971
947
885
806
737
695
635
583
539
509
518
518
518
510
527
555
565
587
622
678
763
840
919
980
1077
1152
1180
1202
1190
1175
1165
1117
1074
1017
991
948
880
817
740
681
646
583
553
531
568
587
620
685
739
822
920
993
1061
1117
1206
1257
1294
1330
1338
1355
1353
1330
1304
1273
1258
1220
1186
1153
1128
1133
1121
1107
1078
1070
1083
1072
1052
1023
989
974
937
900
842
842
834
814
815
817
848
906
949
1009
1066
1162
1234
1264
1272
1239
1207
1191
1140
1117
1104
1154
1206
1260
1318
1364
1415
1452
1451
1434
1403
1392
1345
1288
1233
1173
1134
1082
1010
929
863
820
751
680
605
533
490
429
363
285
226
180
116
53
-13
-70
-99
-145
-176
-223
-218
-225
-262
-293
-341
-376
-390
-422
-442
-463
-418
-357
-292
-212
-162
-115
-72
-80
-82
-92
-56
-32
-17
-2
-1
16
8
-1
6
22
63
83
102
114
117
156
174
160
132
118
99
44
-11
-63
-113
-123
-156
-183
-223
-245
-260
-302
-356
-426
-502
-544
-614
-678
-759
-788
-824
-875
-915
-975
-1026
-1067
-1114
-1138
-1154
-1099
-1043
-991
-919
-863
-786
-697
-650
-612
-601
-573
-571
-581
-587
-589
-569
-555
-572
-589
-601
-574
-569
-572
-575
-578
-550
-527
-515
-513
-497
-474
-487
-500
-515
-518
-487
-462
-433
-410
-369
-325
-315
-320
-350
-387
-410
-478
-536
-605
-605
-602
-608
-606
-622
-630
-620
-621
-596
-570
-479
-398
-334
-263
-223
-184
-158
-181
-214
-263
-289
-337
-396
-456
-524
-573
-622
-690
-754
-805
-813
-847
-873
-875
-855
-811
-771
-734
-701
-654
-586
-542
-521
-510
-488
-454
-446
-438
-438
-419
-402
-439
-484
-546
-609
-650
-727
-783
-841
-843
-841
-857
-857
-858
-830
-772
-723
-654
-595
-475
-383
-312
-236
-191
-139
-90
-77
-71
-83
-76
-98
-134
-172
-221
-254
-293
-361
-438
-517
-567
-645
-723
-793
-848
-853
-839
-805
-759
-681
-590
-536
-495
-474
-463
-448
-465
-506
-567
-609
-644
-709
-780
-874
-956
-996
-1045
-1044
-1025
-933
-837
-763
-692
-640
-585
-520
-487
-444
-427
-364
-340
-347
-352
-372
-364
-333
-299
-244
-173
-63
27
100
160
202
257
305
324
331
327
329
284
226
164
102
72
43
6
-41
-60
-60
-121
-192
-269
-348
-392
-436
-466
-509
-515
-509
-528
-537
-565
-581
-561
-589
-611
-644
-638
-637
-651
-656
-665
-657
-635
-657
-668
-711
-700
-700
-702
-678
-657
-611
-564
-533
-508
-493
-465
-473
-503
-541
-594
-626
-659
-709
-757
-790
-791
-810
-818
-810
-782
-706
-628
-542
-458
-344
-222
-132
-58
-8
27
61
71
66
42
48
57
45
42
21
13
27
5
-10
-43
-41
-46
-67
-82
-112
-133
-144
-203
-258
-340
-370
-421
-476
-511
-547
-554
-547
-546
-532
-502
-422
-348
-270
-188
-122
-54
-12
-4
-10
-19
-19
-65
-131
-216
-310
-382
-467
-540
-594
-594
-561
-537
-500
-494
-488
-459
-459
-477
-507
-493
-485
-504
-492
-500
-488
-440
-390
-330
-278
-187
-90
-18
64
126
208
299
333
358
340
351
320
258
210
167
143
126
89
56
21
11
-31
-81
-130
-176
-190
-197
-210
-217
-201
-155
-140
-138
-162
-207
-243
-306
-375
-453
-502
-536
-587
-637
-690
-741
-771
-809
-829
-849
-806
-756
-718
-659
-612
-555
-486
-456
-433
-436
-415
-413
-435
-446
-461
-443
-385
-347
-286
-241
-161
-120
-110
-115
-140
-156
-178
-222
-265
-304
-301
-314
-325
-328
-336
-323
-312
-305
-283
-232
-147
-90
-47
-27
-25
-13
-32
-56
-85
-84
-64
-62
-57
-59
-66
-63
-92
-117
-164
-158
-137
-127
-102
-90
-68
-41
-62
-83
-123
-152
-198
-239
-269
-313
-327
-311
-329
-325
-347
-331
-341
-371
-408
-451
-473
-483
-513
-519
-508
-445
-397
-347
-294
-253
-208
-190
-204
-245
-284
-312
-377
-437
-494
-537
-538
-534
-511
-471
-387
-270
-164
-58
37
120
199
220
219
174
163
125
61
19
-20
-32
-18
-16
0
6
55
88
102
127
133
155
188
177
169
142
138
104
48
-16
-94
-155
-211
-282
-346
-405
-430
-481
-536
-592
-657
-698
-743
-790
-830
-848
-845
-867
-879
-888
-886
-855
-844
-835
-825
-784
-718
-664
-611
-567
-522
-459
-437
-422
-441
-414
-398
-400
-388
-373
-353
-307
-287
-239
-226
-170
-138
-150
-157
-192
-210
-228
-259
-272
-285
-254
-229
-208
-181
-178
-170
-157
-165
-167
-161
-119
-106
-111
-136
-180
-196
-210
-220
-212
-157
-61
15
88
131
161
189
176
132
61
-2
-58
-135
-206
-277
-331
-353
-407
-445
-501
-506
-526
-560
-573
-576
-549
-500
-474
-444
-439
-392
-378
-397
-413
-451
-474
-490
-537
-575
-607
-593
-583
-570
-554
-551
-530
-506
-496
-474
-434
-348
-273
-195
-125
-79
-32
-15
-21
-34
-14
34
60
84
89
78
64
19
-44
-116
-160
-184
-219
-241
-266
-274
-247
-253
-246
-256
-221
-197
-192
-186
-197
-205
-208
-245
-277
-329
-319
-346
-388
-391
-424
-452
-472
-510
-530
-538
-488
-466
-445
-432
-417
-401
-388
-400
-401
-410
-393
-411
-424
-437
-454
-455
-476
-508
-549
-569
-563
-572
-577
-585
-593
-583
-584
-585
-595
-578
-557
-554
-539
-525
-485
-402
-346
-273
-219
-127
-56
-21
-1
-3
8
45
62
102
128
207
247
250
244
210
187
166
129
97
61
49
7
-55
-117
-184
-227
-268
-325
-375
-408
-403
-415
-419
-417
-413
-387
-380
-384
-402
-401
-397
-424
-445
-465
-471
-451
-437
-425
-425
-397
-368
-368
-367
-393
-417
-418
-452
-469
-497
-481
-473
-488
-509
-553
-589
-604
-646
-664
-686
-633
-593
-563
-530
-519
-494
-472
-469
-436
-397
-338
-306
-285
-266
-272
-259
-251
-284
-317
-305
-258
-224
-177
-119
-59
34
106
180
247
340
439
502
554
589
606
638
650
651
629
632
622
581
540
462
385
322
225
137
28
-43
-118
-203
-273
-342
-386
-400
-444
-464
-482
-426
-378
-333
-275
-222
-149
-75
-17
45
110
211
289
353
414
459
518
561
574
574
575
591
572
545
508
460
429
369
301
226
182
152
97
41
-21
-76
-108
-148
-183
-229
-229
-227
-244
-245
-264
-271
-257
-265
-259
-262
-224
-190
-174
-159
-167
-163
-137
-149
-143
-150
-102
-73
-59
-51
-66
-83
-116
-176
-231
-280
-287
-305
-345
-364
-403
-412
-459
-540
-635
-736
-809
-902
-983
-1069
-1114
-1098
-1082
-1044
-998
-913
-797
-706
-624
-542
-463
-375
-308
-236
-180
-75
18
76
133
156
179
219
232
252
251
277
275
240
202
130
58
-7
-119
-208
-294
-317
-344
-367
-377
-388
-377
-368
-382
-400
-421
-411
-431
-461
-489
-524
-535
-551
-580
-611
-619
-593
-575
-537
-491
-438
-358
-302
-257
-231
-189
-143
-131
-136
-156
-174
-170
-192
-214
-256
-245
-243
-268
-284
-316
-338
-340
-359
-363
-368
-316
-265
-232
-195
-189
-184
-187
-240
-271
-296
-270
-254
-237
-210
-183
-140
-102
-92
-85
-78
-32
-7
14
32
41
70
88
87
70
63
105
103
90
71
56
71
73
94
96
135
171
182
161
123
74
56
5
-37
-94
-85
-89
-120
-151
-206
-254
-305
-393
-474
-551
-568
-570
-570
-539
-514
-454
-370
-303
-214
-122
8
127
244
364
472
597
726
838
955
1077
1237
1368
1481
1582
1668
1777
1881
1974
2068
2187
2325
2432
2534
2616
2687
2770
2826
2867
2885
2907
2921
2896
2854
2787
2712
2652
2559
2488
2417
2419
2434
2450
2494
2542
2617
2714
2792
2877
2948
3077
3198
3310
3438
3543
3655
3760
3812
3843
3841
3845
3806
3731
3628
3489
3345
3187
3006
2830
2661
2527
2376
2234
2112
2005
1939
1876
1816
1761
1735
1722
1671
1608
1517
1404
1327
1232
1112
981
869
762
629
512
410
319
255
177
99
-3
-49
-83
-118
-130
-146
-143
-130
-151
-178
-240
-264
-313
-384
-421
-449
-440
-412
-399
-375
-343
-277
-232
-193
-148
-113
-56
-4
28
60
87
127
119
87
38
-23
-65
-117
-175
-236
-267
-280
-317
-347
-377
-392
-375
-360
-340
-313
-252
-178
-128
-80
-59
-47
-27
-68
-119
-210
-270
-341
-425
-487
-544
-579
-596
-645
-689
-760
-781
-824
-872
-888
-896
-865
-815
-780
-740
-699
-627
-574
-527
-472
-422
-352
-285
-247
-218
-196
-160
-170
-202
-253
-318
-365
-422
-474
-518
-520
-498
-495
-484
-477
-472
-457
-461
-470
-477
-475
-439
-435
-413
-430
-441
-421
-438
-427
-408
-330
-265
-188
-98
-39
20
82
95
108
85
99
85
40
-2
-56
-86
-114
-161
-212
-263
-282
-319
-362
-408
-466
-496
-527
-570
-610
-643
-648
-686
-729
-774
-819
-835
-862
-890
-918
-904
-864
-840
-809
-786
-768
-741
-732
-730
-736
-697
-635
-574
-492
-420
-339
-244
-198
-148
-112
-34
43
110
185
249
319
398
426
454
447
480
472
440
416
390
389
395
386
378
361
364
328
266
190
97
24
-50
-136
-212
-264
-280
-317
-353
-387
-417
-417
-437
-469
-517
-541
-556
-590
-613
-629
-631
-606
-584
-554
-529
-458
-379
-315
-226
-143
-46
66
121
188
206
239
254
239
218
184
176
171
140
115
70
46
-10
-83
-133
-189
-228
-250
-272
-290
-311
-305
-333
-375
-429
-494
-542
-580
-629
-654
-636
-556
-478
-380
-277
-175
-58
21
78
118
184
260
307
339
341
314
278
211
138
51
19
-3
-36
-45
-64
-70
-58
-81
-103
-145
-151
-161
-178
-175
-172
-142
-84
-60
-19
4
74
126
175
243
319
425
538
633
724
808
919
992
1036
1061
1066
1087
1101
1101
1104
1124
1163
1161
1139
1093
1032
986
915
839
750
683
627
551
482
418
366
343
309
292
274
320
368
402
461
524
618
741
841
941
1010
1097
1152
1168
1215
1255
1292
1341
1350
1366
1366
1403
1417
1404
1383
1368
1361
1355
1325
1300
1274
1276
1251
1223
1197
1165
1157
1140
1113
1091
1075
1077
1058
1034
1000
963
947
910
871
830
823
843
852
876
901
934
988
1009
1027
1013
1038
1042
1011
984
935
897
881
853
846
835
873
896
897
901
881
877
891
873
873
870
907
925
931
929
913
909
903
870
829
776
741
668
580
488
389
313
233
146
75
45
57
61
79
93
100
116
98
66
24
5
5
-12
-24
-39
-46
-27
-27
-1
23
113
196
253
313
349
389
433
444
452
430
431
385
299
222
142
103
106
70
84
101
163
195
225
261
278
301
319
297
246
199
187
128
55
-28
-126
-217
-324
-456
-576
-661
-701
-740
-746
-740
-721
-686
-670
-666
-676
-676
-677
-706
-734
-770
-794
-788
-815
-818
-839
-801
-766
-740
-695
-652
-592
-517
-469
-421
-396
-326
-284
-266
-238
-231
-206
-169
-155
-135
-124
-94
-91
-102
-118
-145
-153
-155
-173
-183
-183
-145
-134
-131
-132
-140
-130
-144
-186
-248
-294
-321
-368
-404
-440
-467
-470
-490
-518
-553
-570
-583
-630
-685
-758
-822
-848
-893
-908
-930
-897
-877
-881
-885
-898
-894
-869
-863
-838
-820
-740
-685
-656
-621
-608
-580
-543
-530
-509
-488
-433
-391
-363
-333
-321
-283
-267
-288
-315
-338
-336
-350
-351
-367
-377
-368
-378
-420
-470
-502
-515
-556
-603
-645
-670
-669
-675
-682
-699
-687
-672
-671
-666
-660
-642
-588
-562
-513
-486
-425
-388
-383
-385
-417
-455
-486
-550
-600
-659
-651
-659
-681
-691
-715
-723
-729
-761
-795
-831
-834
-857
-895
-932
-975
-994
-1008
-1036
-1052
-1046
-997
-961
-921
-887
-867
-836
-832
-848
-888
-922
-967
-1063
-1170
-1287
-1395
-1466
-1520
-1549
-1560
-1516
-1441
-1368
-1264
-1152
-1004
-811
-645
-468
-321
-154
-16
86
175
236
290
341
340
342
325
370
393
398
406
391
381
362
317
270
220
204
170
135
110
76
58
27
-32
-106
-190
-238
-304
-393
-484
-564
-614
-667
-720
-773
-801
-812
-832
-849
-866
-877
-864
-851
-842
-835
-786
-741
-729
-719
-741
-763
-764
-805
-830
-857
-857
-879
-927
-971
-1016
-1030
-1006
-1004
-971
-951
-862
-788
-709
-614
-529
-436
-354
-307
-272
-253
-214
-208
-216
-224
-235
-216
-190
-171
-146
-109
-56
-44
-46
-55
-59
-26
-4
15
21
51
86
91
90
78
61
54
27
-5
-52
-58
-68
-103
-128
-170
-195
-196
-227
-249
-283
-277
-275
-285
-288
-307
-316
-312
-355
-383
-422
-400
-385
-371
-352
-349
-345
-358
-409
-475
-554
-602
-671
-740
-795
-848
-874
-900
-938
-969
-980
-959
-963
-967
-968
-988
-956
-935
-918
-926
-905
-868
-857
-845
-820
-797
-769
-756
-731
-734
-693
-662
-657
-655
-671
-684
-658
-645
-609
-575
-497
-429
-386
-352
-335
-314
-294
-337
-380
-441
-449
-473
-499
-508
-517
-493
-465
-454
-438
-415
-349
-303
-259
-210
-168
-106
-56
-30
-17
3
35
24
-1
-41
-82
-95
-128
-168
-224
-263
-292
-343
-395
-445
-483
-488
-503
-501
-504
-447
-398
-379
-358
-361
-353
-330
-329
-321
-324
-284
-253
-241
-226
-242
-262
-284
-359
-423
-496
-522
-555
-582
-593
-599
-576
-543
-518
-479
-430
-344
-285
-239
-201
-182
-149
-125
-113
-107
-91
-66
-78
-99
-129
-154
-143
-136
-112
-79
-28
26
44
49
20
-22
-50
-108
-160
-214
-197
-203
-219
-208
-211
-217
-211
-239
-268
-312
-330
-354
-384
-386
-381
-328
-239
-178
-122
-83
-29
0
6
2
-22
-41
-84
-168
-260
-352
-403
-474
-544
-597
-636
-630
-612
-591
-565
-510
-433
-385
-344
-319
-297
-245
-207
-170
-144
-108
-72
-69
-78
-103
-132
-150
-212
-273
-355
-383
-422
-478
-512
-548
-561
-552
-562
-565
-580
-543
-520
-511
-482
-466
-423
-362
-331
-293
-269
-223
-200
-183
-158
-130
-76
-20
10
38
63
112
123
113
87
45
26
6
-15
-26
-5
42
69
101
122
134
154
146
130
111
118
141
142
132
90
34
-22
-120
-198
-272
-310
-352
-402
-444
-482
-503
-496
-513
-509
-512
-470
-449
-451
-437
-428
-407
-382
-387
-401
-436
-457
-511
-580
-650
-726
-777
-805
-839
-858
-857
-820
-812
-819
-838
-875
-893
-935
-986
-1037
-1041
-1000
-956
-881
-787
-667
-514
-373
-246
-141
-30
76
148
207
231
243
263
230
197
136
117
90
48
15
-31
-72
-105
-171
-228
-302
-319
-359
-418
-466
-531
-574
-608
-660
-705
-758
-791
-855
-934
-1011
-1089
-1134
-1158
-1173
-1156
-1104
-998
-899
-787
-663
-529
-356
-183
-13
141
301
446
533
588
603
592
574
524
455
374
316
265
200
157
118
101
123
119
139
148
206
266
292
339
389
433
464
445
424
370
364
346
298
256
199
175
144
97
55
25
19
-1
-34
-56
-91
-109
-131
-165
-183
-180
-153
-148
-153
-177
-214
-241
-287
-339
-394
-412
-397
-391
-368
-350
-331
-297
-275
-260
-263
-243
-231
-253
-270
-304
-323
-310
-327
-328
-342
-316
-298
-300
-295
-303
-301
-285
-309
-323
-363
-352
-376
-426
-475
-541
-592
-639
-698
-741
-768
-746
-736
-732
-732
-746
-738
-725
-721
-707
-676
-611
-568
-528
-496
-471
-429
-412
-409
-415
-387
-337
-307
-277
-259
-248
-229
-231
-244
-276
-277
-281
-306
-306
-298
-252
-163
-102
-37
1
55
83
81
77
58
54
71
38
17
-13
16
15
-4
-16
-42
-62
-73
-90
-116
-131
-89
-80
-94
-112
-143
-156
-170
-213
-247
-260
-248
-267
-295
-337
-386
-427
-481
-534
-575
-573
-541
-516
-471
-426
-381
-325
-294
-267
-251
-190
-120
-60
30
114
212
326
405
485
539
610
652
657
652
626
608
599
535
480
410
393
359
324
304
286
297
319
332
347
358
392
387
360
323
270
232
183
113
39
-18
-50
-112
-180
-254
-326
-366
-412
-443
-468
-453
-414
-382
-337
-282
-213
-114
-25
65
130
226
292
309
317
294
277
272
236
205
161
148
111
47
-12
-80
-118
-123
-159
-170
-185
-148
-124
-94
-73
-55
-35
-6
-24
-38
-35
3
29
50
78
82
111
126
110
90
89
119
140
152
147
141
149
121
81
24
-14
-40
-93
-159
-231
-305
-356
-423
-479
-548
-563
-581
-622
-642
-675
-691
-684
-688
-671
-655
-588
-533
-501
-466
-454
-428
-380
-365
-333
-313
-258
-228
-212
-201
-199
-183
-165
-161
-148
-124
-58
-14
25
64
92
130
138
104
48
0
-28
-75
-101
-103
-69
20
109
200
278
362
440
476
494
493
492
511
499
497
475
503
512
488
464
417
375
343
288
238
166
128
62
-32
-113
-202
-260
-286
-327
-337
-336
-288
-251
-224
-202
-196
-187
-189
-224
-261
-308
-307
-295
-287
-274
-245
-176
-108
-54
11
85
195
295
443
598
774
980
1173
1329
1446
1539
1618
1641
1639
1614
1594
1613
1617
1644
1671
1761
1823
1844
1851
1833
1816
1805
1762
1728
1678
1682
1666
1625
1592
1540
1521
1529
1527
1560
1623
1750
1889
2039
2203
2364
2539
2699
2821
2932
3039
3168
3255
3326
3388
3435
3486
3502
3478
3418
3356
3294
3191
3079
2950
2814
2695
2561
2428
2289
2166
2051
1911
1767
1602
1433
1284
1100
932
744
596
422
215
11
-196
-376
-522
-669
-770
-848
-839
-828
-815
-774
-733
-655
-553
-468
-371
-269
-130
-4
116
233
329
425
497
531
556
588
657
705
757
820
880
953
1023
1067
1078
1089
1094
1049
979
896
822
751
663
588
487
391
300
190
96
12
-52
-64
-102
-123
-164
-158
-160
-171
-183
-202
-218
-224
-267
-298
-343
-319
-313
-328
-331
-351
-354
-353
-384
-411
-436
-422
-416
-406
-379
-352
-305
-267
-265
-284
-318
-338
-387
-430
-464
-493
-496
-518
-551
-594
-610
-611
-632
-642
-647
-640
-607
-583
-566
-559
-528
-492
-477
-453
-444
-423
-371
-349
-308
-275
-198
-131
-93
-68
-70
-74
-69
-104
-131
-176
-165
-182
-218
-246
-290
-320
-355
-417
-475
-519
-512
-503
-478
-424
-353
-242
-131
-52
5
46
92
91
69
31
-12
-28
-61
-103
-156
-172
-188
-204
-215
-197
-183
-144
-109
-85
-66
-14
35
27
21
-26
-95
-156
-267
-377
-496
-579
-671
-766
-851
-945
-1028
-1094
-1198
-1282
-1377
-1397
-1416
-1430
-1420
-1402
-1348
-1275
-1218
-1155
-1094
-986
-885
-782
-673
-573
-454
-343
-256
-172
-76
49
147
240
332
423
534
613
664
680
702
720
701
669
618
559
508
442
377
305
276
257
221
199
162
137
128
82
48
9
15
18
6
-4
-37
-70
-104
-191
-265
-348
-355
-354
-337
-288
-229
-142
-50
17
71
99
132
114
71
19
-43
-77
-106
-144
-176
-192
-183
-203
-232
-269
-307
-318
-347
-374
-400
-388
-354
-331
-296
-256
-210
-149
-116
-85
-41
31
84
111
147
163
184
227
217
227
226
286
331
365
400
422
439
463
440
442
433
475
491
490
489
474
471
472
458
424
374
341
279
205
139
67
27
-10
-45
-64
-55
-14
1
18
30
36
62
62
64
69
117
194
260
326
384
433
485
501
505
484
515
546
560
595
622
666
724
747
763
756
782
794
788
792
778
781
807
798
811
821
881
928
971
1018
1054
1103
1152
1178
1202
1218
1256
1255
1238
1222
1201
1205
1207
1203
1210
1247
1312
1346
1373
1381
1378
1388
1365
1329
1284
1270
1281
1276
1271
1260
1252
1261
1241
1227
1193
1208
1212
1186
1155
1132
1121
1108
1072
1045
1006
1007
1006
1000
996
968
975
980
936
901
862
864
852
835
839
858
912
971
1002
1019
1019
1020
972
897
799
682
589
499
413
339
293
284
257
236
213
188
191
177
164
154
179
231
272
315
348
383
439
462
496
520
612
702
772
846
899
950
992
986
961
899
866
801
709
629
537
472
427
353
293
233
211
175
135
103
78
89
113
122
131
138
168
162
143
118
80
57
18
-38
-99
-135
-147
-176
-194
-216
-232
-224
-234
-254
-290
-316
-333
-373
-420
-485
-560
-625
-736
-836
-944
-976
-990
-1004
-1001
-1012
-1018
-1017
-1039
-1085
-1125
-1116
-1096
-1092
-1047
-991
-901
-779
-673
-565
-498
-408
-359
-359
-378
-412
-422
-414
-415
-409
-379
-313
-275
-247
-222
-203
-157
-126
-104
-88
-45
13
44
74
90
90
94
64
13
-48
-94
-128
-177
-229
-305
-392
-470
-595
-710
-836
-897
-948
-995
-1014
-1019
-992
-938
-904
-862
-849
-794
-772
-777
-766
-756
-706
-628
-557
-468
-379
-267
-187
-136
-108
-115
-124
-150
-205
-265
-321
-343
-389
-436
-485
-538
-567
-606
-652
-697
-706
-695
-708
-721
-746
-771
-781
-809
-845
-893
-922
-943
-981
-1007
-1041
-1065
-1061
-1092
-1107
-1133
-1103
-1064
-1023
-960
-897
-825
-742
-695
-638
-600
-504
-432
-380
-323
-285
-235
-153
-104
-59
-19
45
79
96
113
93
102
105
100
85
86
115
128
127
107
73
56
13
-38
-91
-115
-122
-166
-217
-285
-351
-416
-497
-590
-687
-751
-797
-857
-902
-953
-983
-976
-992
-984
-984
-939
-901
-882
-863
-859
-840
-797
-780
-743
-729
-673
-665
-696
-729
-774
-787
-776
-766
-743
-712
-643
-590
-542
-490
-442
-369
-298
-247
-200
-145
-63
-13
21
30
11
-7
-58
-127
-205
-243
-257
-282
-300
-321
-336
-329
-330
-340
-365
-354
-335
-333
-312
-304
-284
-236
-219
-190
-180
-139
-111
-100
-83
-77
-58
-21
-26
-22
-39
0
8
-9
-31
-75
-111
-154
-219
-282
-351
-406
-464
-519
-586
-657
-701
-748
-811
-862
-885
-879
-897
-893
-896
-897
-868
-851
-833
-822
-781
-721
-682
-638
-597
-560
-514
-492
-498
-533
-532
-544
-592
-633
-689
-722
-720
-736
-727
-717
-670
-631
-616
-594
-582
-546
-481
-444
-378
-326
-228
-166
-133
-114
-123
-133
-161
-221
-286
-349
-370
-407
-445
-476
-505
-502
-490
-484
-470
-438
-377
-337
-298
-271
-255
-223
-220
-230
-255
-256
-242
-247
-249
-253
-255
-241
-250
-269
-319
-338
-371
-424
-451
-478
-474
-432
-401
-352
-312
-242
-194
-176
-162
-169
-162
-136
-147
-138
-136
-81
-45
-26
-18
-37
-60
-103
-181
-264
-343
-376
-427
-481
-529
-575
-623
-647
-686
-708
-717
-678
-636
-576
-500
-402
-284
-215
-151
-97
-40
23
59
93
123
156
194
215
230
215
233
224
171
122
52
6
-16
-54
-78
-110
-99
-93
-112
-122
-148
-154
-135
-158
-170
-193
-178
-185
-198
-205
-216
-214
-217
-247
-279
-307
-296
-305
-321
-334
-353
-350
-352
-367
-382
-373
-340
-337
-337
-344
-351
-334
-339
-351
-374
-377
-370
-387
-407
-435
-453
-442
-445
-431
-439
-399
-377
-385
-393
-424
-453
-477
-529
-574
-631
-642
-659
-686
-691
-705
-698
-684
-717
-738
-755
-723
-696
-665
-624
-582
-520
-459
-418
-370
-313
-220
-156
-103
-54
-18
31
53
39
1
-31
-60
-117
-175
-215
-253
-256
-258
-246
-238
-206
-161
-164
-161
-162
-151
-126
-124
-112
-115
-72
-65
-86
-99
-130
-152
-163
-196
-213
-254
-248
-266
-299
-330
-380
-412
-422
-467
-498
-530
-516
-494
-457
-406
-355
-283
-213
-170
-134
-105
-53
-33
-18
-8
-11
0
-5
-24
-45
-41
-16
-18
-17
-26
-38
-34
-55
-84
-119
-130
-126
-142
-158
-182
-189
-152
-132
-83
-45
51
133
182
220
227
228
231
206
190
160
182
181
152
127
75
32
-10
-88
-164
-239
-271
-300
-317
-318
-315
-285
-253
-248
-242
-228
-176
-150
-133
-119
-112
-85
-76
-86
-111
-126
-143
-204
-273
-350
-416
-445
-480
-525
-555
-544
-536
-541
-528
-523
-500
-445
-415
-375
-351
-263
-193
-140
-83
-35
21
72
90
119
131
202
247
263
280
274
273
267
237
198
144
110
53
-10
-67
-130
-175
-217
-280
-333
-375
-379
-402
-426
-445
-456
-428
-399
-372
-352
-310
-262
-251
-242
-239
-229
-190
-158
-128
-105
-57
-2
25
47
45
46
69
48
36
6
17
15
-8
-32
-72
-106
-129
-185
-229
-294
-306
-347
-405
-449
-500
-530
-558
-610
-666
-726
-751
-780
-793
-780
-756
-697
-636
-606
-597
-605
-605
-645
-689
-724
-743
-719
-693
-660
-628
-566
-496
-459
-420
-385
-336
-255
-173
-89
-14
84
176
243
285
321
357
402
377
349
299
277
245
211
175
113
73
71
28
1
-44
-28
-45
-81
-127
-184
-230
-277
-347
-413
-481
-522
-602
-689
-775
-864
-911
-934
-950
-942
-910
-842
-789
-731
-660
-584
-476
-379
-287
-212
-119
-26
30
75
101
115
132
129
119
94
96
79
21
-38
-120
-198
-255
-340
-403
-465
-476
-480
-489
-482
-471
-430
-351
-297
-216
-142
-9
97
176
243
284
333
377
396
406
399
407
375
320
260
190
147
107
57
15
-7
0
-29
-75
-130
-179
-186
-188
-170
-139
-62
40
130
225
315
399
486
542
580
586
618
630
603
573
511
452
410
341
278
217
206
211
198
194
184
194
215
197
195
150
162
164
164
174
199
252
321
377
416
450
509
528
528
522
504
511
504
485
460
453
460
434
399
358
304
265
191
101
0
-79
-151
-242
-324
-397
-453
-481
-517
-546
-590
-587
-598
-637
-661
-688
-687
-655
-639
-605
-573
-497
-424
-363
-294
-248
-195
-133
-121
-104
-112
-85
-89
-111
-128
-136
-104
-47
6
70
135
226
277
308
332
345
382
410
418
415
418
431
400
355
294
227
179
106
31
-50
-101
-134
-180
-219
-257
-284
-284
-299
-302
-318
-270
-221
-186
-132
-89
-35
28
57
82
83
113
119
102
95
58
34
37
19
-9
-57
-71
-118
-175
-231
-286
-332
-371
-425
-484
-536
-553
-597
-645
-704
-760
-770
-770
-774
-773
-747
-688
-650
-622
-611
-597
-570
-574
-587
-611
-608
-586
-579
-573
-562
-534
-458
-394
-307
-228
-90
38
141
250
335
416
493
532
563
567
604
616
601
592
565
560
570
542
524
500
512
505
491
478
461
461
460
438
422
417
452
460
458
449
423
412
384
339
288
257
246
210
179
141
96
58
-10
-86
-164
-212
-236
-269
-287
-300
-298
-267
-272
-270
-293
-267
-255
-266
-265
-271
-260
-231
-223
-209
-217
-185
-180
-198
-201
-210
-180
-116
-53
52
189
360
548
758
979
1196
1448
1711
1956
2209
2477
2746
2951
3116
3255
3342
3421
3462
3477
3457
3451
3448
3428
3414
3404
3408
3447
3482
3524
3559
3632
3727
3809
3907
4010
4143
4325
4484
4656
4801
4974
5114
5197
5253
5275
5284
5280
5222
5141
5014
4910
4757
4560
4356
4119
3892
3672
3431
3206
2990
2811
2618
2420
2224
2024
1852
1691
1525
1378
1250
1165
1063
961
856
739
633
506
364
217
97
-7
-141
-277
-425
-571
-686
-792
-876
-937
-951
-939
-934
-910
-893
-868
-818
-801
-759
-716
-603
-477
-348
-198
-49
114
281
400
506
562
643
671
657
639
600
583
578
556
543
530
546
540
518
486
437
389
330
260
199
143
119
70
13
-58
-129
-171
-246
-324
-384
-411
-417
-430
-426
-418
-396
-365
-335
-307
-295
-269
-243
-242
-228
-237
-227
-194
-200
-202
-230
-226
-235
-272
-313
-368
-412
-427
-465
-487
-525
-501
-504
-525
-541
-573
-588
-598
-628
-649
-658
-621
-589
-557
-521
-500
-473
-466
-491
-523
-548
-546
-573
-602
-629
-651
-643
-648
-663
-695
-704
-705
-729
-744
-755
-756
-734
-717
-701
-694
-655
-611
-585
-539
-491
-412
-295
-211
-121
-59
22
71
81
76
44
11
-10
-64
-98
-144
-128
-135
-155
-166
-185
-178
-157
-144
-122
-91
-19
37
83
116
119
120
100
47
-16
-72
-104
-179
-253
-329
-387
-446
-528
-607
-691
-722
-720
-717
-707
-677
-635
-580
-535
-493
-470
-405
-360
-347
-317
-300
-262
-189
-139
-77
-28
48
100
126
140
126
120
127
94
75
46
77
94
96
100
88
91
90
67
39
5
2
-20
-46
-68
-102
-123
-158
-215
-273
-314
-321
-346
-360
-366
-362
-326
-310
-303
-311
-295
-271
-273
-273
-270
-252
-207
-172
-142
-136
-99
-80
-102
-128
-185
-238
-278
-349
-406
-462
-467
-468
-485
-502
-539
-561
-558
-586
-584
-579
-510
-448
-382
-302
-228
-143
-67
-19
26
73
154
208
252
295
327
377
412
414
397
379
374
339
303
264
228
221
199
155
105
100
90
44
-4
-58
-111
-142
-165
-182
-201
-167
-120
-110
-89
-96
-93
-100
-148
-207
-271
-293
-311
-331
-320
-301
-250
-179
-135
-61
11
140
252
358
461
551
635
700
725
743
755
800
821
841
869
896
946
983
996
994
998
1016
999
975
938
903
901
894
899
903
925
944
923
882
819
759
730
693
679
666
720
766
782
800
793
785
781
751
731
715
759
805
842
892
922
955
991
980
977
972
1011
1041
1069
1104
1134
1180
1219
1223
1212
1187
1185
1153
1117
1090
1066
1072
1073
1055
1029
1022
1046
1060
1091
1127
1173
1249
1309
1364
1402
1446
1483
1480
1450
1390
1343
1311
1233
1156
1061
1031
994
955
943
906
879
889
873
864
853
901
941
976
1018
1051
1098
1147
1143
1134
1106
1104
1063
1012
959
899
850
795
715
642
570
533
475
417
369
328
313
288
248
200
166
141
81
18
-48
-100
-114
-134
-151
-168
-157
-128
-121
-124
-150
-184
-200
-251
-288
-341
-330
-318
-317
-307
-311
-309
-295
-297
-279
-263
-184
-116
-62
6
50
99
136
119
89
44
28
-3
-42
-80
-127
-155
-180
-219
-246
-253
-209
-177
-140
-100
-62
0
51
86
110
150
195
195
176
129
66
15
-52
-120
-189
-235
-269
-322
-375
-439
-495
-523
-581
-609
-657
-624
-597
-558
-524
-504
-484
-481
-518
-560
-623
-645
-664
-685
-689
-698
-687
-677
-696
-725
-761
-748
-734
-707
-661
-609
-529
-451
-411
-397
-402
-402
-448
-504
-558
-603
-606
-593
-570
-530
-450
-353
-293
-241
-205
-172
-122
-88
-60
-43
-9
26
31
29
-1
-39
-69
-146
-211
-286
-305
-323
-347
-358
-377
-388
-389
-422
-445
-488
-474
-483
-511
-529
-566
-594
-619
-665
-709
-763
-799
-864
-935
-990
-1038
-1051
-1048
-1044
-1016
-961
-864
-788
-712
-637
-570
-488
-425
-370
-320
-233
-126
-42
37
96
139
180
186
171
131
109
87
44
8
-45
-96
-131
-211
-277
-351
-366
-367
-363
-335
-308
-279
-237
-204
-172
-169
-111
-86
-83
-72
-62
-57
-57
-104
-153
-227
-273
-346
-414
-485
-555
-591
-607
-633
-654
-668
-662
-684
-713
-752
-794
-809
-848
-885
-921
-917
-904
-922
-945
-969
-983
-974
-972
-965
-950
-885
-804
-737
-653
-583
-500
-396
-336
-283
-262
-217
-185
-174
-163
-168
-164
-152
-186
-209
-246
-221
-211
-207
-183
-159
-110
-61
-33
-10
4
35
22
-15
-53
-91
-89
-68
-49
-19
28
100
141
167
174
163
162
130
79
8
-38
-70
-122
-171
-226
-278
-311
-354
-398
-451
-458
-460
-479
-475
-476
-457
-417
-416
-416
-438
-432
-437
-457
-466
-485
-495
-495
-536
-555
-579
-548
-548
-537
-520
-521
-505
-485
-482
-485
-485
-445
-447
-468
-468
-485
-482
-479
-483
-484
-466
-428
-421
-426
-450
-488
-507
-541
-563
-589
-568
-519
-485
-448
-418
-393
-356
-347
-350
-374
-355
-339
-338
-325
-330
-331
-325
-357
-393
-452
-479
-512
-554
-573
-589
-570
-510
-473
-411
-366
-287
-249
-237
-231
-231
-207
-174
-149
-115
-81
-19
2
-4
-33
-87
-127
-175
-236
-290
-319
-314
-325
-331
-339
-347
-330
-337
-347
-365
-355
-324
-301
-266
-232
-203
-171
-184
-216
-286
-319
-368
-443
-503
-572
-621
-645
-691
-728
-779
-794
-823
-872
-914
-972
-1004
-1002
-1019
-1008
-996
-932
-879
-830
-776
-726
-652
-596
-527
-456
-366
-266
-202
-153
-126
-114
-87
-80
-114
-129
-110
-66
-36
6
37
60
85
68
44
-1
-31
-51
-81
-101
-117
-132
-131
-165
-200
-264
-276
-292
-316
-320
-326
-311
-270
-238
-200
-181
-125
-91
-78
-58
-59
-43
-13
-22
-22
-31
-8
-9
-29
-61
-116
-168
-226
-303
-371
-425
-435
-466
-496
-515
-531
-521
-519
-530
-547
-543
-516
-513
-506
-504
-498
-473
-478
-496
-532
-556
-566
-591
-607
-617
-614
-584
-586
-579
-592
-555
-527
-515
-483
-452
-402
-335
-291
-244
-220
-157
-124
-127
-131
-160
-165
-147
-148
-132
-121
-83
-74
-89
-120
-172
-214
-255
-305
-331
-326
-260
-201
-138
-74
11
94
147
180
202
240
290
316
316
310
289
287
244
192
121
72
26
-49
-119
-187
-240
-259
-307
-340
-389
-401
-434
-489
-526
-570
-589
-583
-583
-566
-558
-498
-458
-434
-397
-382
-350
-300
-264
-214
-167
-91
-40
-8
10
7
8
-7
-52
-93
-118
-98
-97
-98
-102
-113
-111
-132
-175
-225
-244
-234
-238
-229
-221
-209
-183
-187
-210
-250
-280
-308
-360
-402
-448
-482
-489
-527
-543
-569
-537
-507
-494
-475
-470
-449
-403
-375
-330
-301
-218
-161
-127
-93
-89
-80
-69
-80
-82
-75
-25
16
56
98
128
164
185
170
146
124
129
106
78
50
23
21
12
-10
-60
-66
-57
-95
-130
-165
-197
-207
-217
-220
-236
-236
-211
-215
-212
-220
-211
-169
-161
-136
-120
-59
-10
14
28
15
3
-10
-58
-89
-146
-159
-210
-293
-368
-456
-529
-603
-701
-797
-881
-919
-953
-970
-961
-943
-895
-848
-829
-821
-808
-758
-714
-650
-573
-488
-374
-278
-197
-134
-54
30
84
139
184
228
288
337
381
407
449
481
478
479
464
463
490
478
474
450
467
477
469
460
437
422
420
