0
21
58
119
211
295
376
432
516
574
588
594
573
560
572
562
571
583
641
694
723
753
758
767
781
741
707
657
668
673
674
681
677
688
701
706
711
712
751
779
779
782
789
818
853
872
893
914
965
998
1025
1042
1050
1080
1098
1105
1114
1167
1241
1293
1339
1373
1405
1453
1475
1486
1477
1499
1494
1449
1401
1328
1263
1216
1144
1089
1026
1008
980
939
912
875
856
854
815
795
771
799
811
809
804
786
780
774
752
737
730
766
783
799
823
843
879
894
875
838
807
797
759
722
679
634
609
554
488
409
352
306
236
163
92
41
29
9
3
-24
-11
-23
-70
-107
-152
-173
-165
-164
-141
-116
-35
47
121
218
308
421
548
631
724
809
938
1051
1152
1247
1324
1402
1460
1482
1501
1522
1577
1604
1620
1639
1628
1649
1670
1659
1621
1595
1583
1534
1479
1431
1373
1333
1279
1243
1193
1164
1146
1120
1083
1046
1005
996
957
929
879
883
878
848
818
779
750
727
680
638
586
589
584
564
561
531
509
477
387
299
208
167
130
107
105
122
185
272
357
451
546
664
743
803
849
870
890
881
845
796
765
756
729
714
702
703
738
765
797
827
877
932
955
964
952
937
942
911
891
851
865
868
848
834
803
776
751
690
632
564
564
566
566
590
600
630
669
674
683
682
710
720
721
717
698
692
688
666
651
641
661
651
637
625
609
613
596
552
490
432
380
302
226
139
66
37
16
2
6
40
59
50
48
22
-9
-9
-33
-26
-12
61
146
219
296
352
403
448
456
455
442
489
531
559
602
623
658
687
676
656
614
591
545
487
439
397
390
393
387
401
435
508
550
576
586
585
612
640
673
708
772
849
889
920
931
935
948
935
910
873
857
851
821
792
748
711
700
652
619
576
584
590
581
576
557
554
574
570
580
570
611
627
628
644
642
650
648
607
558
507
497
486
484
493
496
516
527
506
473
435
418
368
306
234
158
113
60
-2
-76
-121
-133
-141
-111
-60
18
114
213
309
412
513
608
674
726
758
787
835
819
816
793
805
812
798
783
758
725
698
639
588
519
522
515
505
517
516
526
541
528
505
471
458
424
383
350
315
318
329
328
326
329
354
348
338
324
304
307
296
285
273
294
327
328
321
296
261
234
190
141
85
64
50
22
21
23
48
101
117
144
162
227
293
343
390
410
427
446
407
359
269
220
145
61
-2
-62
-88
-95
-108
-109
-96
-35
17
67
119
159
213
256
268
270
277
306
303
294
283
279
311
339
375
410
479
559
608
650
681
708
740
743
726
678
652
615
523
444
370
296
232
143
75
9
-7
6
10
40
64
129
206
245
292
323
386
414
405
395
368
359
354
344
350
364
408
436
454
454
431
407
366
291
204
120
63
-24
-108
-192
-263
-286
-307
-312
-307
-254
-167
-82
15
112
202
290
342
385
411
482
545
577
614
627
644
665
642
612
557
531
496
450
415
366
333
324
274
231
163
136
87
30
-18
-66
-87
-93
-105
-108
-110
-82
-88
-112
-144
-195
-234
-281
-336
-377
-387
-355
-327
-273
-205
-126
-18
70
154
230
334
451
536
602
641
658
674
651
617
552
529
492
431
388
337
303
291
248
205
168
171
160
134
123
100
93
120
121
126
123
185
209
199
176
141
119
106
67
34
-6
-25
-89
-180
-286
-402
-504
-596
-680
-737
-751
-719
-702
-679
-663
-642
-581
-521
-442
-354
-239
-107
5
116
219
315
415
470
514
523
573
601
592
581
551
535
538
520
510
484
498
494
471
463
441
443
462
442
432
411
427
424
408
391
365
354
339
301
269
245
257
241
217
197
175
180
179
167
151
152
171
162
152
133
113
112
88
51
-9
-60
-100
-152
-194
-240
-283
-307
-364
-411
-476
-479
-484
-507
-520
-551
-574
-589
-624
-644
-661
-613
-567
-523
-481
-448
-413
-353
-350
-341
-333
-296
-255
-206
-143
-100
-26
49
95
143
191
267
315
338
344
347
368
374
361
339
340
367
372
381
383
374
368
330
276
217
178
159
127
113
104
112
151
156
165
139
148
129
83
47
11
-3
7
0
4
-14
14
15
-12
-32
-76
-104
-119
-161
-194
-231
-235
-257
-294
-342
-406
-456
-503
-560
-593
-596
-543
-499
-456
-417
-391
-359
-357
-381
-424
-453
-470
-512
-542
-565
-572
-549
-539
-532
-524
-482
-409
-328
-214
-94
41
209
343
483
585
711
804
859
904
927
951
982
982
989
975
1009
1010
974
928
846
768
693
601
531
462
436
435
428
425
424
445
464
456
462
455
487
478
467
428
373
333
289
227
157
120
116
89
68
38
11
4
-24
-70
-124
-147
-161
-183
-189
-193
-188
-164
-186
-191
-204
-160
-117
-84
-35
17
95
195
266
347
399
495
552
579
609
618
645
677
688
699
704
733
733
714
685
642
623
613
599
605
637
715
779
843
900
945
1003
1029
1024
992
975
967
930
896
852
807
774
724
661
582
528
479
410
359
306
277
280
250
230
188
175
144
85
27
-41
-93
-119
-169
-196
-240
-233
-258
-306
-348
-410
-465
-527
-611
-691
-766
-799
-839
-872
-885
-903
-911
-905
-927
-968
-987
-942
-883
-792
-671
-531
-377
-254
-128
-32
73
168
222
261
291
317
370
418
466
496
546
582
583
573
542
521
524
496
485
464
486
500
486
465
420
378
349
270
198
102
57
-16
-109
-198
-295
-373
-444
-526
-597
-656
-671
-694
-709
-709
-710
-687
-672
-684
-704
-717
-699
-692
-663
-615
-551
-457
-386
-329
-296
-251
-210
-204
-204
-216
-233
-243
-273
-309
-358
-359
-358
-380
-390
-420
-435
-422
-428
-413
-403
-349
-297
-264
-232
-226
-217
-196
-221
-230
-255
-226
-217
-218
-209
-207
-192
-187
-213
-243
-274
-265
-276
-289
-294
-300
-282
-270
-282
-307
-323
-349
-386
-435
-475
-538
-581
-645
-723
-803
-844
-860
-904
-925
-942
-971
-985
-1017
-1052
-1095
-1089
-1088
-1086
-1054
-1020
-956
-855
-769
-672
-600
-503
-426
-371
-310
-262
-200
-124
-107
-83
-81
-36
-10
-2
-1
-13
-12
-15
-41
-66
-89
-73
-81
-93
-97
-98
-70
-44
-31
-14
25
90
131
176
216
257
326
380
436
490
567
648
696
738
782
838
922
995
1085
1177
1344
1525
1696
1887
2064
2243
2419
2549
2658
2725
2807
2859
2878
2890
2865
2842
2826
2771
2736
2703
2725
2745
2776
2833
2904
3006
3110
3189
3262
3335
3453
3562
3684
3823
3963
4118
4246
4330
4379
4413
4436
4397
4325
4222
4103
3992
3845
3675
3509
3341
3168
2968
2760
2539
2317
2129
1901
1701
1475
1306
1107
879
652
424
210
26
-149
-275
-379
-406
-421
-437
-432
-459
-488
-521
-598
-675
-753
-778
-786
-775
-735
-688
-615
-530
-460
-384
-305
-192
-106
-21
72
167
283
379
438
464
476
474
416
338
240
140
73
2
-53
-94
-100
-83
-78
-71
-76
-84
-80
-120
-156
-214
-215
-221
-246
-264
-301
-338
-372
-437
-492
-556
-558
-562
-569
-558
-569
-569
-565
-603
-639
-685
-702
-740
-788
-836
-891
-927
-964
-1023
-1081
-1139
-1168
-1227
-1300
-1389
-1500
-1602
-1715
-1819
-1888
-1888
-1831
-1781
-1729
-1702
-1700
-1701
-1724
-1736
-1725
-1658
-1541
-1416
-1284
-1128
-958
-779
-639
-491
-375
-224
-96
0
76
114
164
201
193
182
154
179
179
155
147
122
116
117
84
51
12
-7
-41
-73
-96
-115
-103
-87
-95
-105
-121
-116
-147
-197
-254
-327
-373
-424
-477
-527
-544
-540
-560
-581
-617
-655
-677
-714
-752
-791
-800
-787
-790
-789
-806
-823
-820
-865
-908
-980
-1010
-1053
-1119
-1185
-1270
-1345
-1404
-1489
-1556
-1633
-1648
-1678
-1719
-1734
-1746
-1721
-1670
-1624
-1559
-1487
-1372
-1254
-1121
-966
-810
-640
-484
-367
-266
-174
-71
-17
12
25
26
47
56
59
58
81
112
106
90
56
13
-17
-57
-94
-128
-126
-106
-101
-89
-95
-99
-92
-133
-201
-265
-289
-300
-334
-353
-378
-401
-408
-445
-481
-564
-581
-620
-695
-761
-842
-900
-947
-1008
-1075
-1137
-1174
-1233
-1302
-1362
-1416
-1427
-1418
-1393
-1336
-1240
-1091
-950
-802
-648
-498
-326
-179
-54
58
185
312
402
481
534
564
589
588
580
564
578
599
601
617
621
632
658
640
634
615
642
665
675
692
693
698
708
663
614
531
496
434
362
310
260
240
230
207
187
162
158
119
61
-5
-83
-140
-191
-248
-295
-321
-310
-317
-319
-321
-323
-298
-284
-265
-247
-198
-141
-113
-93
-86
-79
-53
-38
-23
-15
37
94
130
176
195
205
217
181
152
112
124
153
195
260
330
420
552
629
708
758
849
895
916
946
945
973
1002
1021
1037
1059
1108
1135
1140
1120
1082
1063
1036
991
950
926
936
910
877
829
776
730
658
575
487
427
389
332
283
239
203
184
144
100
42
36
39
30
44
51
79
133
160
196
211
247
265
259
252
217
177
138
47
-32
-124
-162
-219
-289
-354
-425
-478
-528
-591
-650
-706
-726
-763
-793
-798
-789
-741
-687
-640
-587
-514
-408
-318
-222
-130
-49
41
98
148
196
283
388
471
548
613
669
730
750
748
710
706
685
633
589
529
483
453
391
326
239
182
117
43
-5
-51
-65
-51
-73
-76
-97
-95
-106
-129
-180
-240
-272
-299
-335
-360
-372
-354
-366
-376
-403
-448
-481
-520
-566
-614
-641
-636
-653
-670
-697
-732
-748
-787
-840
-909
-951
-985
-1038
-1083
-1132
-1176
-1202
-1256
-1306
-1370
-1376
-1375
-1379
-1343
-1290
-1196
-1064
-937
-798
-678
-534
-424
-353
-290
-259
-219
-174
-176
-164
-154
-102
-74
-69
-82
-117
-146
-180
-238
-291
-336
-342
-376
-419
-462
-513
-541
-574
-613
-648
-656
-628
-607
-560
-496
-419
-323
-266
-239
-248
-265
-292
-355
-423
-496
-563
-608
-685
-752
-829
-831
-821
-813
-771
-723
-645
-542
-462
-385
-341
-278
-265
-303
-353
-433
-503
-563
-663
-761
-878
-974
-1100
-1243
-1387
-1526
-1656
-1733
-1793
-1805
-1785
-1686
-1568
-1432
-1278
-1110
-931
-787
-662
-542
-427
-303
-213
-125
-62
-9
37
57
58
46
50
71
74
80
74
86
123
122
121
86
94
85
43
-1
-60
-111
-138
-184
-217
-260
-254
-273
-320
-367
-446
-514
-572
-653
-713
-764
-775
-795
-819
-842
-869
-876
-878
-892
-888
-860
-785
-731
-683
-637
-598
-537
-484
-442
-405
-350
-281
-243
-205
-181
-166
-144
-153
-184
-240
-287
-330
-394
-451
-511
-548
-538
-545
-530
-535
-497
-481
-494
-513
-553
-589
-610
-643
-649
-653
-591
-548
-526
-490
-473
-442
-409
-408
-404
-405
-375
-365
-373
-392
-432
-458
-486
-532
-567
-581
-554
-535
-512
-473
-450
-420
-416
-434
-470
-477
-460
-486
-493
-494
-493
-490
-503
-530
-564
-579
-601
-640
-668
-704
-717
-687
-675
-626
-586
-490
-409
-351
-315
-313
-322
-331
-382
-420
-469
-451
-449
-471
-498
-556
-609
-669
-756
-839
-923
-971
-1027
-1070
-1079
-1062
-992
-902
-822
-740
-660
-559
-494
-441
-392
-348
-279
-224
-175
-130
-58
18
51
69
65
52
41
2
-59
-144
-211
-271
-345
-402
-458
-486
-471
-474
-446
-418
-345
-287
-267
-269
-300
-336
-366
-431
-477
-525
-497
-480
-483
-484
-508
-521
-536
-572
-607
-640
-633
-633
-626
-602
-575
-518
-461
-427
-403
-382
-341
-334
-333
-331
-320
-269
-230
-199
-168
-101
-51
-40
-29
-31
-18
15
38
36
15
19
7
-36
-73
-127
-162
-180
-229
-253
-281
-264
-241
-224
-196
-182
-168
-147
-155
-149
-157
-97
-54
-24
10
24
45
63
49
33
9
19
6
-16
-31
-47
-32
-15
-19
-30
-41
-37
-72
-113
-157
-197
-212
-246
-289
-344
-376
-400
-452
-501
-549
-587
-601
-619
-629
-638
-603
-571
-572
-564
-569
-558
-518
-497
-452
-411
-333
-269
-236
-215
-226
-241
-248
-297
-320
-343
-291
-243
-196
-138
-93
-45
-14
-26
-65
-124
-162
-232
-311
-380
-444
-471
-491
-520
-552
-585
-613
-682
-749
-797
-811
-761
-702
-628
-548
-437
-328
-266
-262
-274
-285
-286
-313
-331
-357
-334
-312
-291
-267
-269
-254
-205
-193
-167
-147
-82
-36
-3
27
53
96
158
172
201
215
278
307
325
342
347
367
379
367
348
312
300
267
228
199
158
136
107
60
8
-37
-63
-122
-184
-248
-303
-313
-317
-299
-274
-215
-140
-92
-54
-29
-3
39
57
68
53
80
93
76
66
40
29
40
31
29
15
37
46
36
35
19
23
43
14
-11
-57
-65
-94
-131
-165
-205
-231
-265
-331
-407
-490
-541
-611
-668
-699
-707
-662
-598
-529
-455
-366
-262
-199
-154
-138
-143
-137
-156
-178
-207
-210
-196
-191
-176
-154
-122
-65
-27
10
30
106
170
190
205
193
179
161
120
85
16
-7
-26
-68
-106
-157
-184
-194
-246
-309
-384
-423
-479
-539
-583
-610
-586
-539
-483
-415
-340
-244
-185
-140
-96
-65
-19
13
28
42
74
112
107
83
37
-10
-28
-59
-84
-104
-81
-24
29
90
147
202
268
292
317
318
369
403
406
406
378
345
310
234
150
42
-18
-82
-145
-172
-196
-183
-148
-144
-127
-111
-56
-17
6
17
5
0
-15
-58
-104
-152
-169
-219
-280
-337
-383
-384
-370
-347
-313
-246
-154
-93
-36
3
36
81
100
113
123
156
205
235
263
276
286
309
287
272
237
253
256
235
223
183
152
131
102
56
-9
-21
-64
-118
-156
-201
-238
-258
-313
-379
-459
-520
-597
-659
-712
-753
-748
-730
-722
-703
-675
-613
-581
-563
-552
-535
-484
-434
-383
-333
-254
-161
-102
-57
-30
-16
8
8
6
5
27
62
81
110
131
156
197
179
151
86
66
44
10
-10
-36
-50
-55
-94
-130
-186
-181
-188
-203
-197
-201
-178
-134
-94
-32
38
142
220
274
309
314
322
320
301
295
306
352
368
368
350
309
281
240
192
142
123
126
111
106
100
99
116
121
121
114
130
156
164
179
178
179
200
175
157
112
103
77
26
-23
-78
-111
-117
-148
-170
-214
-226
-257
-281
-298
-330
-325
-297
-275
-239
-181
-103
-47
-12
22
9
-5
-44
-103
-179
-247
-289
-339
-379
-407
-428
-413
-403
-403
-425
-418
-399
-410
-413
-418
-411
-377
-346
-318
-289
-231
-164
-127
-89
-67
-35
23
39
61
54
78
91
87
91
85
92
112
91
75
31
41
27
-2
-19
-40
-30
-5
12
40
75
143
184
207
220
216
225
226
207
190
184
204
189
160
114
52
0
-77
-158
-233
-258
-249
-248
-232
-215
-190
-147
-120
-104
-108
-89
-74
-82
-74
-75
-53
-3
9
23
11
26
28
5
-23
-72
-110
-131
-186
-218
-252
-214
-188
-172
-153
-152
-146
-150
-159
-168
-189
-186
-210
-249
-298
-350
-373
-415
-470
-488
-485
-452
-442
-436
-441
-451
-451
-461
-466
-470
-438
-382
-339
-281
-229
-161
-74
-7
46
78
147
221
276
348
406
470
552
600
646
668
712
731
717
695
653
622
607
551
514
461
454
409
330
231
107
-9
-128
-261
-385
-497
-562
-635
-694
-719
-717
-670
-617
-576
-534
-476
-396
-347
-300
-257
-210
-130
-61
14
88
184
282
347
402
442
473
511
517
512
483
495
499
479
479
471
483
517
525
543
549
586
601
583
563
524
506
516
496
498
490
525
528
506
471
416
370
321
254
194
142
136
90
47
-8
-58
-112
-177
-252
-330
-376
-388
-415
-453
-479
-498
-496
-510
-522
-537
-514
-482
-469
-441
-411
-374
-317
-285
-245
-220
-146
-89
-63
-31
-21
2
37
47
62
65
105
134
141
147
126
116
120
88
79
74
122
159
185
207
219
246
273
280
289
298
339
349
343
329
297
272
225
153
75
14
-20
-73
-111
-144
-165
-153
-159
-169
-189
-191
-178
-180
-178
-181
-184
-166
-175
-179
-212
-204
-224
-285
-349
-434
-503
-550
-611
-659
-714
-724
-750
-801
-848
-920
-972
-997
-1036
-1036
-1006
-901
-782
-656
-534
-439
-353
-288
-256
-227
-195
-129
-89
-54
-14
30
106
179
227
274
369
472
533
591
634
668
714
740
733
713
698
707
682
663
637
628
631
596
565
515
510
486
427
368
297
237
188
130
95
52
72
83
83
94
83
80
87
63
54
50
89
119
140
157
158
167
166
128
81
26
-6
-70
-140
-201
-256
-274
-288
-301
-305
-276
-225
-202
-171
-138
-90
-11
50
98
123
150
172
158
133
94
68
79
68
79
76
132
180
208
239
252
274
310
324
350
364
430
467
472
477
453
437
420
367
317
268
262
252
244
239
222
212
191
142
95
58
50
16
-25
-65
-108
-129
-166
-218
-278
-315
-334
-375
-413
-463
-479
-467
-478
-500
-536
-567
-607
-671
-725
-802
-870
-878
-919
-933
-948
-901
-864
-847
-840
-856
-874
-883
-912
-910
-891
-765
-623
-460
-260
-73
120
294
415
523
612
712
783
838
890
934
988
1033
1047
1053
1058
1083
1071
1048
1019
987
982
963
930
883
850
822
761
703
640
585
557
521
480
426
388
352
288
226
145
75
37
-26
-60
-96
-73
-47
-33
-16
-15
-8
12
-2
-9
-40
-15
-18
-48
-77
-127
-162
-194
-253
-321
-400
-451
-517
-579
-630
-677
-689
-691
-710
-725
-723
-676
-638
-587
-528
-467
-378
-299
-221
-149
-50
59
135
203
262
326
406
468
524
541
600
637
647
627
577
536
516
475
462
448
468
510
541
558
551
546
546
505
466
397
399
382
350
330
305
300
296
265
231
195
190
158
117
77
32
4
-25
-75
-122
-159
-175
-221
-263
-300
-331
-330
-347
-373
-418
-444
-466
-516
-571
-635
-695
-730
-772
-814
-862
-854
-814
-764
-676
-590
-490
-380
-324
-278
-260
-208
-162
-134
-94
-54
21
143
246
372
482
641
762
850
927
980
1038
1085
1099
1099
1083
1087
1060
1024
993
955
937
906
849
785
727
690
625
560
490
420
378
323
274
225
212
214
197
181
159
136
123
89
48
-11
-30
-49
-92
-124
-181
-237
-280
-324
-368
-425
-433
-436
-447
-449
-459
-485
-493
-560
-602
-666
-659
-655
-620
-549
-463
-346
-219
-119
-30
42
132
190
231
275
319
398
473
538
601
674
753
785
794
790
792
828
847
864
869
893
920
913
894
860
825
804
766
736
697
713
723
705
690
650
613
580
508
434
344
290
234
173
137
99
91
110
91
92
84
123
144
161
188
212
254
296
314
334
353
407
432
444
451
448
469
487
497
510
538
583
589
580
548
505
479
431
385
342
335
347
342
334
319
300
289
243
195
128
121
111
77
50
3
-34
-51
-82
-96
-109
-71
-45
0
73
120
185
266
297
329
348
409
436
442
469
484
518
557
585
616
645
699
721
722
707
673
657
635
604
561
536
539
510
475
424
362
319
253
184
120
98
106
115
126
126
118
121
81
38
-31
-52
-86
-135
-159
-181
-181
-164
-169
-169
-183
-152
-135
-135
-118
-122
-114
-98
-119
-130
-152
-140
-147
-163
-176
-191
-187
-181
-196
-205
-210
-181
-185
-206
-235
-273
-283
-296
-315
-330
-318
-290
-294
-303
-324
-346
-347
-362
-369
-372
-349
-313
-296
-275
-258
-236
-193
-180
-148
-125
-42
35
91
153
203
266
342
389
431
439
476
478
447
423
378
361
333
301
268
236
209
156
93
26
-35
-58
-75
-131
-167
-188
-185
-207
-234
-257
-284
-298
-343
-395
-449
-474
-476
-503
-528
-564
-609
-633
-670
-695
-704
-666
-589
-499
-384
-254
-104
70
197
308
369
453
504
518
523
502
479
457
396
334
248
214
155
75
13
-57
-96
-117
-156
-185
-215
-213
-231
-258
-281
-309
-317
-320
-335
-334
-318
-265
-241
-229
-217
-199
-140
-70
8
90
206
342
449
551
635
711
800
870
932
988
1070
1171
1261
1367
1471
1587
1725
1814
1900
1951
2034
2099
2141
2187
2217
2249
2281
2267
2248
2197
2196
2166
2112
2075
2029
2014
2021
2029
2068
2127
2228
2307
2384
2468
2586
2730
2878
3013
3153
3292
3449
3566
3636
3693
3717
3737
3692
3608
3486
3379
3269
3110
2953
2795
2641
2505
2351
2181
1996
1821
1650
1458
1291
1118
970
854
707
571
418
306
194
89
17
-37
-49
-19
-4
32
47
112
138
133
127
96
73
48
4
-36
-69
-62
-70
-85
-99
-119
-113
-100
-97
-86
-63
-10
15
33
42
39
48
33
4
-37
-51
-52
-77
-97
-122
-148
-166
-209
-265
-333
-369
-396
-433
-437
-432
-397
-321
-269
-196
-140
-56
4
32
53
55
67
97
89
95
80
117
119
91
60
16
-6
-19
-42
-56
-65
-44
-53
-82
-116
-163
-191
-218
-268
-331
-360
-344
-361
-368
-362
-356
-328
-332
-354
-406
-439
-442
-469
-487
-503
-509
-493
-493
-494
-499
-464
-429
-420
-405
-406
-393
-366
-380
-384
-416
-425
-451
-501
-544
-595
-626
-635
-676
-699
-730
-709
-711
-725
-736
-760
-768
-771
-781
-773
-745
-667
-602
-543
-488
-451
-407
-380
-378
-381
-367
-319
-290
-254
-219
-184
-131
-108
-97
-96
-65
-15
15
47
74
101
140
150
143
103
94
71
17
-24
-82
-124
-140
-177
-199
-228
-219
-220
-242
-260
-298
-325
-339
-398
-445
-505
-512
-531
-552
-566
-593
-615
-645
-700
-755
-804
-804
-809
-807
-795
-790
-766
-753
-762
-773
-766
-726
-697
-646
-610
-540
-442
-360
-305
-268
-217
-171
-150
-113
-77
-46
14
63
95
102
154
197
204
220
202
200
209
190
179
165
198
228
237
263
269
286
315
297
290
275
301
306
295
274
239
201
149
69
-9
-83
-121
-182
-251
-318
-386
-432
-492
-572
-652
-704
-716
-729
-714
-680
-627
-539
-469
-403
-347
-272
-186
-118
-47
18
87
177
241
307
345
425
482
499
513
501
487
470
418
372
322
326
330
328
342
338
352
381
371
373
373
418
449
467
476
462
450
430
391
370
372
434
495
565
642
711
793
848
863
849
831
821
776
731
689
661
674
678
685
677
687
701
702
686
655
630
633
608
601
580
589
591
571
555
509
472
445
407
388
358
397
438
473
529
572
632
701
722
753
774
839
883
920
957
991
1033
1070
1074
1068
1061
1086
1082
1074
1073
1071
1094
1103
1090
1064
1049
1048
1015
981
938
898
885
863
845
824
819
817
783
741
685
627
590
519
466
407
416
426
417
413
388
370
362
330
302
255
259
243
201
155
63
-46
-186
-388
-604
-821
-977
-1097
-1170
-1192
-1178
-1104
-994
-874
-734
-585
-413
-278
-156
-41
63
186
297
394
482
586
696
766
826
874
925
995
1044
1082
1108
1154
1212
1241
1257
1247
1217
1191
1137
1115
1062
1065
1068
1045
1027
986
952
916
853
808
740
733
703
658
630
571
521
476
400
325
246
200
146
98
59
16
6
-4
-40
-77
-110
-108
-128
-150
-171
-183
-167
-159
-166
-182
-176
-164
-189
-222
-267
-312
-340
-381
-425
-478
-516
-553
-620
-683
-751
-796
-803
-836
-846
-866
-836
-805
-776
-723
-665
-590
-504
-459
-421
-416
-359
-322
-297
-258
-229
-178
-118
-81
-42
-8
48
74
80
79
64
76
96
102
109
119
152
152
138
117
89
87
72
49
16
7
9
-18
-49
-87
-119
-127
-140
-152
-167
-149
-124
-127
-130
-155
-177
-179
-224
-258
-303
-293
-303
-303
-280
-266
-256
-227
-232
-230
-248
-192
-171
-186
-199
-220
-243
-269
-322
-378
-461
-524
-630
-731
-815
-886
-919
-937
-959
-975
-992
-979
-1006
-1050
-1094
-1130
-1121
-1107
-1085
-1059
-978
-857
-731
-594
-466
-349
-235
-153
-89
-47
23
95
146
210
252
293
338
331
328
315
347
379
400
430
448
471
493
450
398
315
293
260
221
194
161
145
131
97
62
27
31
26
28
48
72
124
165
174
164
150
153
127
104
86
75
91
88
79
63
89
143
179
214
238
254
274
271
261
237
252
262
243
224
180
143
131
97
84
72
108
146
173
208
225
244
260
218
186
134
117
69
7
-40
-87
-87
-64
-74
-82
-86
-73
-103
-141
-176
-208
-201
-202
-200
-186
-158
-111
-100
-102
-117
-158
-183
-241
-298
-359
-378
-370
-363
-344
-324
-303
-271
-252
-228
-220
-163
-111
-89
-57
-42
-12
39
63
94
112
164
204
222
243
243
250
271
244
231
202
217
211
195
188
179
188
195
175
148
113
103
57
-4
-64
-125
-154
-178
-206
-223
-217
-188
-192
-203
-219
-233
-216
-211
-201
-193
-157
-107
-73
-41
-21
-10
2
-31
-82
-165
-208
-265
-352
-426
-504
-553
-570
-600
-616
-642
-630
-631
-639
-611
-566
-468
-322
-201
-63
58
211
331
407
462
496
554
584
583
579
553
557
526
487
426
356
304
235
159
94
67
89
88
94
107
124
166
183
190
188
212
251
268
285
283
270
270
235
202
145
140
128
110
115
116
132
161
162
158
127
128
105
60
39
15
21
44
23
-2
-56
-94
-168
-264
-366
-479
-575
-672
-784
-879
-948
-957
-967
-958
-927
-886
-808
-729
-658
-589
-505
-406
-339
-271
-209
-141
-45
33
106
170
256
356
436
514
579
641
710
724
723
681
675
647
591
542
485
449
435
404
384
350
366
367
350
348
331
335
354
338
326
302
306
286
251
209
154
112
71
23
-29
-51
-7
6
-1
-9
-33
-52
-101
-158
-242
-315
-381
-465
-566
-683
-804
-904
-1042
-1193
-1366
-1506
-1610
-1681
-1681
-1611
-1454
-1205
-952
-657
-384
-91
153
334
485
595
689
775
828
881
920
1007
1069
1097
1114
1095
1087
1086
1060
1042
1024
1041
1039
1021
995
951
914
864
788
713
646
610
548
480
410
332
271
194
108
26
-20
-35
-63
-82
-110
-142
-156
-184
-209
-230
-220
-188
-169
-141
-120
-89
-35
-29
-23
-51
-45
-61
-108
-156
-218
-268
-301
-365
-425
-512
-551
-615
-692
-741
-785
-781
-733
-669
-561
-424
-233
-45
133
292
409
511
578
594
593
590
618
620
621
610
587
599
597
582
563
578
616
630
664
704
723
750
771
763
722
693
663
605
560
493
449
439
394
359
305
290
266
210
163
107
74
65
36
31
21
72
96
102
111
104
112
116
98
85
76
105
120
131
145
146
157
154
122
80
41
29
-4
-34
-61
-92
-110
-163
-249
-363
-465
-564
-697
-840
-999
-1162
-1308
-1457
-1590
-1695
-1720
-1681
-1604
-1465
-1303
-1111
-883
-688
-481
-297
-90
85
218
332
414
488
563
596
644
680
783
869
939
1009
1049
1086
1105
1090
1067
1039
1038
1011
970
924
865
821
765
681
596
528
496
446
401
361
326
319
293
258
212
172
152
102
79
33
-9
-31
-81
-136
-213
-255
-307
-355
-374
-407
-424
-421
-457
-483
-544
-585
-641
-728
-812
-894
-935
-919
-894
-799
-668
-429
-188
37
249
412
555
662
730
782
835
922
982
1018
1036
1026
1013
974
903
822
752
713
660
618
586
567
583
585
582
565
568
570
537
492
433
371
322
256
190
112
80
44
-19
-69
-130
-164
-164
-182
-185
-202
-189
-194
-222
-246
-283
-294
-272
-277
-259
-253
-192
-146
-111
-75
-56
-31
-23
-55
-109
-184
-239
-327
-423
-510
-595
-650
-708
-785
-872
-955
-1015
-1092
-1142
-1150
-1094
-945
-764
-553
-335
-92
146
331
475
571
635
674
674
685
652
645
629
587
557
512
503
512
513
521
532
570
602
612
638
631
631
632
590
556
508
505
483
455
425
373
336
306
258
224
197
215
206
183
148
98
58
5
-72
-152
-211
-233
-265
-281
-289
-288
-254
-237
-228
-237
-236
-235
-266
-310
-364
-411
-427
-450
-447
-441
-363
-283
-222
-147
-84
-1
103
180
258
316
405
469
503
538
550
576
617
615
618
604
627
629
619
605
583
571
554
507
459
412
400
362
321
290
263
266
260
238
206
180
165
112
55
-9
-63
-83
-111
-131
-152
-148
-131
-132
-130
-134
-133
-111
-118
-118
-141
-113
-107
-140
-142
-161
-186
-202
-237
-265
-314
-310
-310
-342
-368
-388
-402
-411
-457
-489
-536
-554
-609
-674
-735
-795
-822
-828
-827
-784
-715
-579
-448
-315
-186
-73
49
147
210
245
287
338
354
368
358
340
342
331
330
339
379
437
475
511
535
558
596
590
583
548
558
550
511
472
416
373
348
301
259
201
198
186
163
155
125
108
95
41
-8
-60
-74
-96
-114
-121
-128
-114
-97
-103
-111
-121
-102
-114
-133
-151
-170
-165
-167
-178
-189
-173
-136
-128
-117
-116
-115
-94
-91
-98
-122
-137
-151
-201
-272
-379
-502
-620
-793
-962
-1151
-1282
-1407
-1527
-1607
-1658
-1658
-1605
-1568
-1475
-1391
-1224
-1096
-982
-836
-698
-522
-333
-183
-62
63
217
341
461
593
728
890
1039
1145
1243
1325
1414
1446
1447
1426
1386
1354
1303
1239
1165
1110
1067
991
916
824
734
661
580
500
415
351
299
231
173
107
51
23
-36
-71
-112
-93
-70
-57
-32
-18
2
26
10
-6
-49
-40
-59
-101
-132
-182
-214
-239
-281
-309
-320
-275
-225
-165
-96
-36
34
89
113
131
143
171
163
146
126
105
109
106
107
116
165
233
271
305
326
343
372
386
398
412
460
517
546
574
571
560
557
501
449
382
366
354
334
322
301
288
286
245
210
152
149
122
79
46
-2
-3
-17
-64
-114
-174
-215
-284
-356
-446
-528
-584
-613
-647
-647
-616
-527
-465
-415
-370
-327
-266
-223
-189
-165
-108
-45
-14
11
26
23
26
5
-24
-77
-105
-141
-200
-245
-301
-342
-355
-399
-426
-461
-445
-421
-393
-336
-269
-178
-68
-4
63
97
177
227
254
283
296
317
321
289
245
191
164
110
46
-12
-73
-102
-120
-143
-145
-111
-26
49
128
205
281
382
460
524
572
645
723
763
782
767
731
695
633
563
487
462
453
433
434
421
419
435
416
406
380
387
384
365
351
324
311
316
277
248
196
191
155
103
55
2
-26
-42
-64
-83
-120
-104
-116
-161
-210
-266
-298
-329
-363
-381
-389
-378
-380
-406
-457
-528
-584
-674
-777
-890
-954
-979
-999
-992
-963
-906
-810
-722
-617
-511
-364
-228
-123
-14
68
147
224
257
282
276
294
289
268
265
260
278
321
323
336
324
349
345
328
317
303
307
312
297
282
267
288
283
268
250
217
201
177
136
98
75
75
48
22
-9
-44
-63
-111
-166
-227
-247
-236
-228
-205
-175
-138
-80
-43
-10
-5
41
79
98
133
152
175
204
199
199
191
228
261
276
299
305
328
371
369
371
349
365
362
350
346
343
371
416
452
495
537
607
638
653
670
650
668
663
652
619
607
628
614
604
594
583
577
568
562
534
532
546
545
548
544
529
538
515
491
441
444
434
401
377
346
331
331
305
281
238
233
203
151
108
57
42
51
27
17
-4
5
-15
-50
-85
-124
-135
-131
-132
-114
-84
-11
40
85
125
147
179
196
197
193
207
238
236
226
196
157
133
80
15
-66
-131
-177
-226
-254
-268
-259
-211
-185
-147
-131
-66
-16
15
59
89
126
166
171
164
124
117
88
43
16
-21
-28
-5
1
30
59
122
163
187
205
209
223
231
218
212
218
264
282
288
284
258
236
192
127
58
11
-7
-45
-47
-60
-73
-56
-52
-52
-58
-40
-32
-31
-28
-22
-18
19
18
37
30
60
73
61
46
14
-6
-10
-28
-42
-71
-55
-58
-97
-133
-196
-243
-286
-355
-408
-448
-436
-426
-416
-403
-400
-384
-370
-371
-357
-322
-235
-158
-75
13
93
186
254
292
309
339
385
408
439
460
479
515
529
530
513
501
484
435
386
331
288
274
222
179
109
78
29
-41
-99
-158
-193
-197
-211
-197
-182
-94
-14
57
149
231
335
445
529
620
715
844
958
1063
1169
1262
1362
1449
1507
1563
1627
1732
1826
1934
2062
2200
2365
2512
2636
2737
2842
2940
2989
3027
3051
3078
3111
3106
3110
3115
3127
3157
3181
3219
3257
3323
3438
3517
3609
3694
3809
3909
3992
4094
4198
4312
4440
4538
4642
4713
4823
4882
4893
4885
4821
4743
4649
4503
4340
4166
4015
3845
3666
3487
3299
3136
2964
2772
2582
2411
2279
2130
1986
1855
1732
1638
1534
1422
1303
1214
1145
1054
969
876
786
717
639
560
478
427
386
324
272
207
152
124
64
26
-16
-8
-3
-10
-10
-19
-15
7
-8
-13
-40
-18
-29
-68
-110
-179
-244
-317
-414
-508
-594
-635
-677
-702
-696
-674
-615
-547
-492
-437
-375
-291
-241
-202
-177
-164
-133
-122
-114
-112
-87
-57
-56
-51
-46
-29
17
60
99
122
164
197
163
150
110
81
55
-5
-47
-106
-123
-136
-175
-230
-284
-306
-309
-337
-339
-347
-292
-256
-245
-222
-218
-209
-212
-243
-285
-334
-360
-403
-458
-519
-595
-656
-722
-801
-878
-939
-967
-1017
-1048
-1068
-1073
-1026
-965
-879
-782
-652
-516
-420
-343
-285
-232
-167
-122
-95
-97
-72
-55
-70
-81
-117
-147
-158
-201
-233
-274
-277
-288
-315
-334
-364
-380
-380
-416
-425
-432
-363
-297
-225
-139
-62
23
93
124
130
105
85
20
-60
-136
-215
-264
-310
-365
-414
-445
-452
-489
-531
-579
-623
-633
-647
-649
-642
-594
-524
-470
-412
-358
-302
-231
-185
-151
-146
-105
-77
-85
-97
-140
-180
-204
-261
-299
-341
-323
-319
-334
-340
-364
-378
-369
-392
-415
-435
-395
-369
-361
-346
-348
-342
-357
-425
-498
-571
-604
-653
-695
-725
-749
-759
-773
-810
-843
-866
-857
-858
-826
-776
-707
-602
-516
-438
-383
-320
-258
-227
-201
-179
-144
-83
-41
3
26
96
153
174
192
183
185
203
197
196
185
219
253
284
334
374
429
493
501
508
492
506
493
463
429
380
340
293
220
145
65
16
-59
-135
-202
-268
-307
-348
-393
-424
-418
-372
-343
-309
-280
-250
-195
-160
-123
-87
-21
64
126
174
202
219
242
224
202
158
172
182
176
185
180
184
200
196
207
214
271
317
345
376
378
409
463
451
442
424
436
439
433
435
421
418
422
400
388
387
430
453
462
475
498
552
603
643
681
742
822
861
884
897
898
917
919
917
908
913
923
903
882
843
797
759
687
631
568
579
598
614
655
697
757
829
873
914
929
983
1015
1020
1029
1011
1006
1008
968
930
877
844
784
707
633
555
500
445
367
289
217
187
144
116
111
127
193
277
373
478
610
762
888
1008
1104
1182
1265
1318
1359
1385
1416
1444
1437
1418
1371
1309
1253
1152
1058
948
898
847
785
735
672
613
552
452
352
234
177
117
64
52
50
87
142
169
200
191
209
197
158
101
45
21
2
-31
-37
-36
-8
-2
9
7
3
27
53
69
91
130
192
215
226
211
189
183
164
140
124
134
160
179
207
229
260
304
295
290
259
280
286
269
254
225
200
185
141
103
47
46
22
-18
-44
-84
-101
-103
-125
-143
-170
-177
-210
-257
-301
-345
-360
-370
-403
-442
-485
-512
-579
-656
-740
-830
-897
-977
-1063
-1147
-1190
-1198
-1216
-1216
-1212
-1194
-1144
-1087
-1012
-930
-818
-702
-617
-542
-501
-472
-440
-461
-479
-516
-503
-484
-464
-423
-383
-323
-242
-191
-131
-99
-21
20
35
55
59
83
112
120
128
128
148
132
90
39
-30
-77
-117
-164
-213
-253
-263
-304
-360
-415
-466
-506
-545
-567
-586
-568
-504
-437
-348
-263
-206
-150
-127
-131
-159
-163
-165
-185
-203
-229
-248
-237
-272
-300
-346
-343
-340
-339
-314
-281
-216
-128
-83
-31
-3
75
117
126
128
105
88
63
15
-32
-82
-101
-145
-204
-265
-339
-390
-442
-510
-575
-622
-629
-650
-668
-683
-698
-684
-677
-661
-635
-567
-483
-426
-374
-335
-303
-263
-239
-222
-214
-164
-105
-62
-4
37
79
129
123
107
60
41
17
-20
-45
-77
-91
-85
-115
-129
-160
-139
-152
-195
-248
-320
-373
-414
-456
-482
-494
-457
-434
-419
-407
-409
-396
-392
-404
-410
-388
-339
-313
-286
-251
-249
-235
-245
-281
-329
-353
-357
-394
-425
-460
-498
-518
-558
-610
-673
-700
-712
-714
-674
-622
-535
-417
-325
-224
-146
-48
34
78
108
110
114
129
92
61
0
-19
-78
-165
-265
-378
-470
-548
-626
-681
-716
-706
-719
-747
-783
-833
-861
-887
-914
-925
-900
-827
-757
-671
-577
-478
-353
-252
-166
-104
-30
44
93
145
198
256
324
354
359
320
310
281
220
169
104
60
48
27
35
40
78
93
72
46
-2
-34
-45
-95
-128
-175
-178
-205
-248
-295
-346
-369
-377
-387
-381
-368
-321
-308
-309
-319
-347
-367
-399
-440
-461
-439
-365
-296
-219
-154
-101
-35
-29
-35
-50
-68
-101
-159
-214
-270
-318
-321
-352
-377
-418
-386
-367
-360
-330
-299
-262
-206
-184
-154
-151
-125
-131
-164
-184
-214
-221
-186
-168
-126
-88
-16
31
56
68
55
51
38
5
-29
-61
-53
-66
-85
-100
-121
-124
-142
-181
-229
-260
-262
-285
-302
-323
-342
-338
-365
-405
-458
-489
-506
-540
-570
-604
-631
-636
-668
-692
-742
-745
-769
-821
-865
-915
-938
-925
-910
-866
-822
-729
-647
-582
-505
-445
-367
-274
-213
-134
-56
55
139
202
256
296
348
393
407
413
411
434
425
401
372
334
316
288
243
194
172
182
179
190
202
220
260
272
262
221
177
129
47
-35
-108
-170
-215
-295
-363
-451
-493
-536
-589
-643
-697
-704
-691
-694
-674
-660
-594
-543
-528
-504
-505
-488
-449
-420
-366
-304
-218
-147
-95
-49
-28
-2
10
-4
-17
-22
18
47
88
140
181
236
261
248
207
177
167
146
151
169
202
264
307
336
338
343
345
317
288
252
226
231
203
193
172
210
239
238
226
186
152
133
97
75
40
59
51
12
-29
-100
-164
-229
-322
-409
-502
-566
-645
-721
-784
-842
-877
-908
-955
-982
-984
-938
-907
-882
-863
-850
-819
-808
-816
-829
-807
-756
-715
-651
-577
-486
-365
-258
-165
-96
-32
15
18
9
-20
-39
-20
-19
-9
-5
39
86
90
95
94
99
131
139
164
158
221
260
268
280
262
243
216
135
35
-67
-140
-227
-314
-385
-441
-450
-432
-413
-374
-326
-250
-201
-165
-134
-117
-82
-72
-70
-82
-72
-52
-54
-45
-37
-23
13
42
69
84
116
144
141
134
103
77
75
33
3
-43
-42
-43
-56
-62
-73
-66
-38
-43
-35
-46
1
25
30
45
46
63
77
62
41
13
16
5
-4
2
15
60
107
137
164
195
244
256
254
244
230
238
230
213
183
174
162
108
46
-21
-80
-115
-158
-202
-249
-257
-257
-278
-291
-319
-336
-328
-351
-352
-359
-325
-303
-300
-296
-325
-340
-309
-322
-322
-322
-245
-180
-127
-61
-46
-40
-71
-137
-243
-365
-454
-529
-591
-621
-646
-641
-649
-692
-751
-805
-817
-834
-836
-814
-769
-689
-613
-542
-479
-398
-318
-290
-278
-285
-290
-279
-276
-263
-246
-179
-108
-65
-15
18
64
132
170
225
276
374
472
554
639
702
763
821
815
802
755
753
721
668
617
557
516
474
410
340
266
231
183
136
98
58
45
28
-11
-55
-85
-86
-113
-145
-185
-231
-254
-291
-319
-344
-327
-286
-261
-230
-202
-171
-124
-93
-62
-46
10
55
64
72
53
39
42
18
4
-15
14
42
56
73
68
69
76
29
-13
-85
-118
-147
-178
-204
-231
-236
-241
-269
-285
-290
-271
-276
-260
-244
-233
-191
-147
-124
-108
-99
-76
-96
-138
-202
-275
-318
-370
-424
-470
-477
-458
-450
-430
-406
-365
-305
-267
-227
-203
-130
-70
-54
-47
-74
-103
-127
-184
-240
-312
-347
-389
-439
-473
-518
-548
-561
-619
-665
-722
-725
-731
-727
-702
-664
-591
-500
-409
-300
-184
-36
75
161
227
267
318
353
364
364
370
387
363
329
281
229
206
172
143
115
118
139
145
156
165
177
201
187
161
102
87
58
7
-25
-67
-96
-112
-156
-203
-270
-303
-348
-405
-442
-482
-486
-449
-428
-379
-330
-239
-165
-102
-40
19
77
155
200
260
295
356
386
397
416
437
489
518
547
566
579
595
564
518
461
387
321
243
164
83
31
6
-26
-47
-68
-83
-83
-126
-178
-257
-278
-295
-319
-314
-315
-296
-263
-260
-265
-299
-300
-324
-368
-396
-435
-449
-443
-467
-476
-486
-458
-440
-422
-394
-361
-302
-238
-200
-168
-145
-103
-105
-127
-156
-187
-185
-183
-185
-186
-159
-110
-89
-72
-71
-74
-57
-55
-57
-68
-61
-45
-54
-70
-104
-142
-165
-223
-264
-315
-305
-296
-300
-293
-294
-276
-237
-219
-199
-206
-175
-169
-182
-167
-152
-103
-31
16
72
124
206
265
312
357
391
438
477
484
481
471
482
443
379
332
257
195
129
60
-4
-31
-18
-43
-47
-63
-65
-63
-77
-97
-102
-79
-36
-7
28
41
51
82
78
93
84
116
139
156
184
215
261
323
348
367
345
360
337
278
217
133
79
56
39
56
91
165
222
265
297
307
322
328
303
272
238
225
174
109
37
-40
-91
-144
-195
-243
-253
-236
-234
-219
-207
-190
-154
-133
-121
-121
-103
-78
-77
-71
-76
-67
-29
-33
-36
-74
-85
-120
-178
-229
-280
-312
-324
-361
-385
-422
-396
-391
-402
-392
-387
-355
-311
-282
-246
-208
-136
-82
-37
10
46
99
141
158
172
193
240
253
251
232
196
176
131
59
4
-14
-23
-50
-63
-78
-94
-90
-90
-106
-142
-139
-144
-176
-198
-231
-262
-283
-363
-441
-537
-590
-643
-700
-731
-743
-724
-660
-607
-531
-475
-369
-304
-267
-228
-208
-164
-106
-63
-21
3
44
46
17
-29
-91
-124
-143
-160
-157
-127
-59
-14
26
55
68
95
102
96
77
85
104
96
80
43
-4
-42
-94
-145
-194
-193
-168
-146
-96
-50
19
118
180
238
263
312
348
369
399
423
467
535
566
612
635
696
707
678
637
577
532
489
435
392
358
362
343
316
292
259
252
249
242
248
277
342
388
436
482
526
592
630
650
644
651
659
646
608
592
571
580
546
495
420
367
316
250
204
133
100
105
74
59
34
51
64
53
35
14
5
10
-28
-47
-78
-52
-54
-71
-91
-129
-161
-188
-216
-217
-201
-128
-65
-1
67
113
164
194
192
178
169
181
163
143
119
93
89
56
7
-63
-109
-136
-167
-177
-173
-154
-110
-82
-58
-58
-27
-23
-69
-126
-216
-298
-359
-439
-498
-555
-563
-572
-599
-620
-651
-654
-622
-612
-569
-529
-437
-364
-301
-230
-162
-71
21
97
184
279
410
512
595
661
695
723
717
667
587
497
417
311
216
140
99
116
136
165
192
245
304
335
356
366
375
402
408
410
384
388
393
347
295
226
174
145
100
76
24
30
27
13
-11
-61
-107
-125
-181
-219
-253
-231
-229
-238
-247
-262
-255
-252
-272
-292
-304
-284
-280
-277
-267
-270
-256
-263
-292
-320
-329
-315
-326
-331
-333
-319
-268
-234
-208
-201
-190
-186
-214
-245
-278
-300
-289
-290
-273
-268
-208
-156
-127
-87
-63
-23
40
94
166
229
332
414
459
489
473
449
419
335
254
161
104
25
-66
-156
-247
-316
-378
-452
-516
-568
-577
-605
-632
-648
-659
-637
-612
-587
-542
-446
-298
-147
29
210
395
602
784
951
1088
1218
1330
1399
1448
1479
1516
1586
1643
1727
1809
1960
2105
2222
2335
2409
2457
2532
2596
2656
2713
2828
2925
2997
3075
3132
3191
3248
3281
3310
3332
3383
3421
3456
3492
3527
3590
3651
3689
3734
3791
3894
3985
4068
4150
4235
4335
4418
4486
4546
4627
4721
4771
4797
4788
4744
4694
4592
4458
4288
4113
3930
3708
3477
3230
2990
2782
2548
2334
2105
1929
1742
1539
1351
1164
1006
883
761
671
587
569
537
485
444
381
329
276
189
114
49
32
12
-11
-37
-80
-113
-153
-213
-260
-286
-265
-253
-228
-186
-137
-62
-4
31
44
63
85
70
49
13
-22
-32
-52
-75
-104
-116
-118
-144
-169
-212
-253
-267
-316
-346
-394
-395
-410
-447
-482
-530
-570
-596
-651
-696
-753
-781
-811
-864
-898
-962
-999
-1014
-1046
-1055
-1037
-973
-926
-864
-791
-744
-682
-628
-601
-590
-594
-602
-648
-707
-763
-811
-820
-824
-817
-805
-749
-678
-640
-608
-591
-567
-515
-469
-422
-376
-303
-212
-152
-97
-70
-52
-20
-33
-38
-68
-64
-78
-116
-158
-222
-283
-331
-407
-461
-513
-477
-436
-389
-312
-241
-154
-75
-31
-4
6
33
31
16
2
-18
-12
-6
-25
-52
-80
-85
-119
-153
-182
-207
-199
-196
-195
-202
-189
-177
-211
-259
-326
-390
-427
-458
-475
-489
-470
-451
-466
-489
-542
-590
-610
-659
-688
-724
-707
-687
-677
-660
-657
-647
-622
-633
-629
-644
-596
-572
-562
-540
-523
-490
-450
-432
-399
-385
-354
-353
-362
-373
-385
-365
-368
-385
-406
-419
-413
-423
-430
-427
-424
-410
-409
-411
-426
-418
-400
-408
-405
-411
-409
-396
-390
-393
-399
-364
-323
-319
-320
-360
-411
-451
-532
-600
-668
-680
-682
-678
-649
-614
-553
-469
-429
-391
-390
-354
-353
-369
-374
-385
-381
-373
-383
-396
-417
-411
-428
-450
-460
-467
-442
-416
-410
-414
-421
-418
-453
-497
-541
-570
-552
-531
-496
-454
-369
-261
-176
-98
-31
38
132
217
302
368
458
519
524
510
455
399
363
309
284
265
296
330
354
391
421
475
551
580
610
605
632
624
605
597
597
630
676
709
740
759
806
814
793
784
781
781
770
742
701
670
656
614
557
490
433
392
331
268
213
209
230
247
280
314
349
392
403
408
398
436
472
490
512
511
520
542
537
540
529
551
567
561
571
567
582
614
600
589
554
558
541
516
497
475
473
474
456
436
416
432
426
420
427
445
508
586
668
766
889
1034
1138
1218
1264
1282
1298
1272
1229
1170
1131
1102
1053
1002
939
874
823
748
680
600
582
565
533
529
534
582
673
757
850
922
1020
1085
1109
1124
1104
1083
1062
989
919
836
793
734
669
613
563
543
540
530
528
526
549
535
504
463
410
381
356
300
277
295
349
370
401
426
436
459
467
457
422
416
433
410
374
316
257
204
122
30
-72
-111
-144
-184
-193
-199
-182
-159
-159
-166
-201
-202
-229
-275
-296
-316
-294
-239
-221
-193
-185
-147
-128
-115
-100
-93
-66
-34
-20
-2
15
61
72
69
57
30
20
-1
-31
-56
-49
-14
-7
-4
-21
-53
-75
-124
-184
-252
-298
-325
-366
-399
-427
-440
-430
-461
-493
-555
-571
-599
-644
-672
-704
-718
-711
-725
-733
-759
-743
-752
-789
-816
-854
-862
-846
-856
-862
-885
-887
-911
-938
-952
-959
-935
-898
-868
-819
-752
-642
-564
-512
-488
-497
-508
-550
-612
-676
-704
-698
-700
-686
-660
-619
-541
-483
-425
-371
-301
-238
-205
-178
-192
-201
-183
-211
-255
-331
-367
-414
-475
-531
-569
-568
-533
-512
-478
-465
-404
-380
-374
-364
-367
-357
-336
-342
-334
-332
-306
-308
-330
-352
-384
-401
-419
-453
-478
-485
-452
-446
-454
-473
-501
-506
-526
-555
-586
-585
-557
-547
-536
-546
-571
-587
-620
-654
-685
-689
-678
-683
-675
-671
-656
-605
-578
-530
-496
-419
-358
-322
-286
-270
-250
-223
-231
-237
-264
-234
-229
-246
-249
-264
-253
-228
-219
-206
-201
-172
-165
-169
-175
-195
-204
-226
-278
-335
-387
-410
-458
-509
-562
-618
-648
-688
-725
-751
-733
-686
-656
-616
-586
-562
-532
-530
-543
-587
-617
-634
-648
-666
-691
-695
-675
-685
-684
-699
-693
-706
-744
-782
-817
-821
-785
-751
-698
-656
-552
-487
-458
-434
-437
-422
-393
-372
-338
-288
-210
-169
-154
-154
-170
-169
-171
-194
-206
-206
-173
-168
-168
-177
-199
-204
-233
-276
-334
-368
-393
-442
-480
-515
-535
-529
-528
-527
-539
-527
-521
-547
-573
-619
-652
-656
-693
-719
-764
-778
-805
-850
-884
-916
-914
-868
-828
-751
-682
-559
-474
-424
-383
-362
-327
-292
-279
-267
-257
-221
-213
-220
-230
-250
-252
-264
-303
-345
-381
-392
-427
-456
-479
-497
-486
-491
-502
-522
-516
-507
-528
-555
-595
-637
-657
-680
-699
-722
-697
-663
-640
-593
-546
-500
-415
-350
-291
-273
-233
-217
-236
-261
-287
-312
-321
-364
-374
-409
-381
-367
-343
-309
-271
-222
-170
-145
-124
-112
-80
-84
-107
-145
-191
-216
-252
-302
-352
-379
-368
-378
-389
-399
-413
-403
-419
-443
-478
-485
-469
-456
-423
-381
-326
-248
-186
-127
-93
-32
5
-2
-11
-48
-79
-99
-154
-202
-262
-286
-323
-382
-434
-495
-534
-546
-589
-600
-609
-549
-496
-444
-381
-325
-260
-210
-195
-192
-195
-163
-154
-153
-151
-161
-156
-164
-194
-229
-251
-248
-273
-301
-339
-384
-409
-458
-514
-582
-622
-648
-696
-743
-790
-828
-839
-861
-867
-869
-801
-724
-665
-593
-542
-488
-428
-404
-385
-393
-384
-400
-430
-448
-486
-503
-497
-529
-548
-554
-486
-441
-394
-321
-260
-197
-140
-112
-94
-85
-70
-84
-105
-121
-138
-127
-126
-144
-183
-206
-211
-237
-259
-278
-291
-270
-267
-267
-273
-258
-233
-236
-256
-287
-321
-343
-401
-459
-534
-550
-569
-608
-638
-685
-721
-739
-771
-773
-754
-655
-537
-416
-279
-167
-48
76
153
231
285
370
427
460
472
451
423
371
279
179
74
2
-93
-178
-233
-265
-251
-226
-207
-196
-178
-152
-167
-185
-205
-213
-188
-172
-149
-125
-78
-21
9
30
37
42
67
62
62
39
67
82
68
61
39
27
24
-6
-32
-73
-67
-72
-90
-92
-113
-114
-123
-172
-221
-259
-282
-321
-357
-393
-418
-418
-407
-430
-441
-450
-432
-436
-442
-444
-439
-418
-405
-391
-381
-355
-321
-326
-336
-358
-385
-394
-412
-429
-445
-431
-402
-393
-391
-400
-407
-380
-377
-351
-339
-274
-228
-218
-213
-234
-253
-265
-304
-336
-382
-373
-377
-391
-384
-389
-374
-353
-368
-383
-413
-418
-443
-476
-502
-527
-523
-510
-517
-518
-508
-463
-440
-421
-398
-367
-300
-235
-177
-130
-70
-6
16
25
16
4
14
14
15
12
29
53
49
45
28
13
16
-27
-65
-127
-135
-145
-167
-179
-201
-213
-217
-254
-286
-339
-336
-351
-383
-400
-432
-451
-471
-527
-589
-664
-713
-772
-841
-876
-854
-793
-723
-666
-608
-554
-487
-448
-444
-440
-440
-387
-346
-310
-295
-263
-244
-265
-299
-338
-375
-390
-414
-432
-438
-405
-348
-285
-197
-122
-38
65
128
204
261
361
455
522
584
614
628
629
574
511
416
370
298
209
134
45
-25
-86
-167
-242
-311
-341
-380
-414
-421
-402
-330
-234
-144
-46
55
169
237
282
311
325
352
359
355
343
350
358
318
258
168
62
-43
-167
-294
-418
-498
-551
-603
-630
-657
-662
-629
-626
-604
-594
-533
-471
-420
-365
-324
-274
-217
-208
-198
-215
-173
-156
-154
-139
-132
-106
-81
-83
-93
-113
-108
-123
-141
-153
-167
-148
-117
-103
-95
-63
-14
-12
-19
-22
-20
6
26
48
42
54
94
90
73
42
6
-30
-83
-153
-224
-254
-273
-311
-336
-371
-383
-376
-396
-396
-399
-357
-315
-280
-224
-177
-124
-60
-48
-34
-49
-24
-31
-56
-70
-85
-75
-55
-53
-60
-85
-94
-136
-191
-245
-305
-332
-347
-365
-370
-354
-302
-268
-233
-203
-180
-142
-136
-145
-161
-136
-83
-44
-2
30
55
83
87
85
65
79
95
100
131
157
196
248
252
248
214
205
179
130
81
17
-29
-52
-111
-151
-201
-197
-218
-254
-282
-314
-324
-322
-325
-315
-290
-217
-154
-92
-27
30
102
160
188
199
206
218
185
138
54
-29
-104
-186
-288
-388
-439
-462
-477
-471
-456
-450
-407
-377
-354
-343
-280
-217
-170
-116
-83
-26
49
91
133
147
179
190
181
185
186
213
262
271
285
273
287
261
203
143
81
46
25
-3
-20
-35
-19
-34
-60
-81
-102
-98
-100
-116
-126
-111
-62
-32
-3
15
26
57
60
54
36
42
61
62
64
56
44
40
2
-42
-110
-126
-144
-181
-202
-239
-261
-260
-281
-301
-339
-340
-345
-358
-347
-335
-285
-201
-145
-68
-9
75
114
114
89
39
-6
-52
-112
-159
-194
-189
-215
-258
-306
-363
-396
-434
-477
-501
-480
-421
-387
-358
-337
-318
-278
-265
-261
-271
-271
-258
-233
-217
-218
-218
-203
-219
-237
-273
-284
-301
-354
-379
-420
-430
-415
-402
-390
-395
-362
-334
-321
-286
-257
-195
-99
-38
26
71
136
151
135
105
73
62
61
47
47
54
94
104
104
100
80
75
59
29
-2
-6
23
37
61
80
99
134
132
104
50
10
-9
-31
-35
-32
-13
35
54
80
79
131
174
197
233
261
306
367
409
460
503
590
647
659
660
626
608
608
584
579
576
613
637
650
654
636
622
597
546
497
454
444
406
358
303
234
184
121
43
-41
-102
-141
-199
-241
-274
-290
-274
-274
-281
-298
-296
-283
-288
-287
-282
-271
-246
-234
-216
-244
-237
-254
-302
-349
-400
-426
-438
-464
-443
-427
-343
-263
-197
-128
-91
-56
-19
-18
-14
-13
19
34
32
3
-49
-94
-146
-217
-272
-299
-265
-236
-205
-170
-142
-98
-75
-82
-106
-111
-99
-111
-116
-121
-111
-70
-37
-9
11
50
96
119
145
160
177
214
210
216
199
223
232
219
214
202
203
216
199
187
150
158
130
70
16
-57
-107
-141
-187
-213
-233
-220
-229
-249
-266
-286
-280
-269
-276
-284
-288
-261
-263
-269
-273
-270
-234
-204
-177
-152
-95
-20
23
60
86
120
177
217
242
246
257
261
230
197
146
105
95
51
22
-22
-18
-49
-71
-91
-97
-102
-85
-92
-93
-103
-47
-13
-21
-6
-6
-4
1
-15
-28
-40
-28
-48
-71
-97
-139
-171
-212
-279
-343
-395
-400
-412
-406
-388
-368
-330
-313
-313
-320
-299
-259
-237
-210
-185
-147
-86
-30
26
76
153
232
283
343
392
454
537
583
647
703
802
889
950
1008
1049
1096
1158
1185
1225
1247
1326
1379
1412
1453
1478
1518
1558
1580
1600
1612
1652
1670
1683
1701
1710
1732
1737
1710
1662
1602
1554
1467
1375
1286
1204
1156
1097
1038
982
972
991
1001
1029
1066
1124
1219
1329
1463
1602
1785
1970
2118
2259
2362
2463
2581
2658
2739
2796
2873
2917
2908
2869
2785
2690
2593
2443
2287
2123
1993
1835
1672
1523
1368
1242
1139
1010
909
818
787
731
671
605
534
471
386
276
171
80
30
-32
-81
-110
-128
-111
-110
-108
-129
-125
-115
-119
-119
-116
-112
-92
-85
-77
-82
-46
-19
-24
-22
-36
-33
-11
-27
-42
-82
-101
-144
-213
-280
-359
-415
-439
-486
-496
-503
-450
-417
-396
-368
-348
-317
-296
-305
-313
-314
-271
-248
-231
-210
-195
-161
-140
-145
-156
-149
-106
-80
-43
-4
38
98
127
136
119
107
84
21
-54
-139
-219
-272
-333
-383
-442
-452
-470
-513
-538
-568
-572
-542
-529
-501
-476
-406
-340
-290
-239
-224
-219
-223
-288
-345
-410
-419
-435
-455
-476
-465
-413
-366
-332
-291
-251
-170
-98
-14
76
156
266
340
371
373
374
385
356
318
272
228
212
174
128
68
26
-21
-94
-159
-226
-283
-309
-347
-367
-389
-347
-303
-275
-237
-221
-211
-200
-225
-252
-300
-311
-335
-376
-398
-425
-423
-398
-417
-428
-452
-434
-432
-431
-418
-406
-377
-356
-367
-388
-413
-403
-409
-409
-395
-372
-316
-263
-224
-190
-137
-67
-37
-26
-40
-66
-68
-83
-87
-83
-47
6
35
57
66
70
88
72
61
28
46
46
13
-23
-85
-149
-215
-316
-413
-521
-582
-646
-715
-752
-790
-793
-771
-774
-753
-730
-661
-598
-529
-447
-369
-278
-197
-144
-127
-93
-36
3
26
58
93
145
193
239
282
327
400
442
457
452
442
452
436
409
358
332
317
283
247
199
150
123
68
46
26
76
128
166
218
257
293
327
323
318
299
324
324
299
282
241
212
189
129
73
13
-3
-17
-12
26
86
187
300
389
463
512
566
571
552
522
488
483
474
464
461
489
535
543
536
507
473
459
430
399
362
340
325
285
248
205
174
181
164
171
168
227
285
330
390
442
502
571
615
668
704
791
852
892
947
985
1033
1075
1074
1064
1035
1024
988
941
904
873
876
886
876
869
868
898
901
900
893
886
902
930
937
932
944
959
928
890
842
770
726
661
585
481
401
335
265
210
142
106
117
100
107
105
161
223
264
309
329
353
373
360
355
341
389
433
482
570
669
795
918
1008
1090
1154
1225
1255
1263
1269
1268
1288
1307
1306
1307
1315
1349
1352
1351
1344
1326
1322
1298
1266
1234
1231
1236
1199
1150
1080
1000
932
853
776
707
679
673
654
649
630
610
596
518
434
317
240
161
73
-3
-84
-147
-185
-253
-309
-386
-401
-428
-454
-450
-440
-391
-326
-281
-240
-205
-145
-110
-89
-75
-78
-69
-65
-78
-82
-67
-11
23
52
75
93
130
150
164
180
222
263
285
305
283
248
224
177
123
60
34
6
-42
-65
-111
-149
-171
-233
-282
-355
-385
-413
-453
-481
-510
-516
-485
-471
-441
-434
-370
-352
-370
-385
-413
-417
-411
-422
-430
-435
-414
-419
-441
-462
-494
-502
-506
-520
-526
-518
-482
-471
-462
-460
-470
-467
-493
-529
-570
-573
-547
-536
-522
-524
-541
-560
-606
-661
-726
-744
-746
-753
-732
-708
-654
-570
-519
-459
-418
-349
-295
-264
-234
-223
-210
-194
-236
-281
-365
-414
-509
-634
-760
-896
-1011
-1113
-1212
-1282
-1330
-1328
-1338
-1343
-1320
-1272
-1167
-1036
-893
-726
-534
-319
-150
-13
83
144
201
219
222
210
224
249
247
242
226
208
174
139
103
48
16
-18
-70
-103
-142
-145
-132
-161
-174
-189
-182
-180
-185
-163
-151
-111
-62
-47
-24
-24
16
22
-2
-43
-117
-178
-239
-312
-366
-409
-411
-430
-453
-467
-475
-454
-422
-400
-372
-324
-249
-203
-165
-139
-124
-94
-94
-108
-140
-152
-153
-175
-201
-239
-283
-315
-372
-430
-502
-524
-551
-602
-634
-667
-675
-659
-676
-701
-749
-755
-755
-752
-727
-712
-680
-637
-645
-648
-672
-659
-671
-694
-713
-733
-722
-693
-662
-608
-531
-401
-284
-173
-69
8
85
133
147
146
149
164
142
109
59
-1
-43
-111
-179
-248
-283
-293
-312
-318
-320
-313
-284
-277
-263
-270
-225
-201
-200
-181
-160
-131
-92
-79
-69
-90
-81
-98
-172
-241
-321
-385
-441
-527
-594
-657
-671
-718
-769
-811
-852
-869
-878
-904
-921
-941
-919
-925
-929
-941
-966
-976
-991
-1015
-1022
-981
-885
-777
-639
-489
-331
-155
-20
86
157
225
285
308
317
311
313
351
374
413
430
495
543
561
582
582
588
608
605
610
603
639
652
633
612
561
518
482
410
351
291
268
227
173
112
37
-24
-82
-152
-210
-254
-254
-270
-280
-283
-293
-289
-313
-367
-434
-484
-506
-539
-548
-550
-537
-495
-471
-457
-463
-467
-471
-501
-527
-549
-552
-519
-515
-497
-496
-439
-389
-354
-300
-248
-177
-87
-33
19
63
174
239
270
303
298
306
317
303
287
269
291
296
293
287
270
276
275
256
258
272
321
340
347
350
347
358
344
317
276
255
260
244
241
241
252
287
313
329
332
339
346
325
303
268
241
241
208
189
151
164
169
151
136
107
87
85
67
72
72
132
170
177
181
150
127
106
56
12
-32
-40
-57
-81
-109
-150
-172
-188
-214
-230
-229
-186
-155
-114
-61
-5
74
135
181
218
280
361
419
489
560
632
711
758
778
769
767
765
738
714
679
658
671
652
649
627
647
653
635
614
574
538
511
455
417
370
393
405
406
394
378
394
409
386
369
357
379
384
399
407
398
400
400
355
310
281
305
306
317
322
334
370
396
416
431
478
543
570
600
615
623
648
654
650
626
606
566
485
400
314
264
273
273
304
329
400
465
510
550
569
593
630
632
650
652
716
756
775
799
800
806
803
777
753
729
739
730
712
699
682
689
695
680
667
664
695
705
724
749
777
830
858
866
850
845
837
792
741
677
613
569
521
476
426
411
404
380
370
345
340
370
375
397
403
440
464
466
472
467
473
499
489
498
492
543
569
578
594
599
624
655
671
675
669
699
706
694
678
653
649
632
604
585
560
571
581
591
593
603
652
695
747
782
853
928
962
971
945
895
850
781
724
666
669
684
681
684
660
632
617
577
562
553
594
632
659
695
713
734
760
733
709
661
659
631
585
537
471
417
359
282
208
145
137
134
157
217
296
411
526
624
712
797
891
938
962
964
952
954
929
893
844
820
807
772
743
715
696
696
683
670
640
656
667
651
647
623
605
602
571
558
544
579
615
636
660
657
657
665
622
591
545
549
534
508
487
461
457
456
439
425
409
426
418
406
407
396
420
443
470
472
481
510
495
481
461
448
454
459
469
463
478
500
496
496
477
455
461
448
441
420
450
473
470
473
449
437
431
389
351
298
287
271
248
240
228
238
264
242
229
198
205
191
172
161
146
150
156
143
133
124
150
149
140
130
114
121
121
106
88
86
102
83
59
31
9
19
19
32
57
124
213
279
335
374
404
442
445
451
442
491
529
538
548
531
514
503
465
443
425
468
507
528
559
570
595
628
614
602
572
574
550
508
459
397
347
293
215
141
78
60
28
-4
-34
-69
-81
-102
-137
-174
-185
-188
-208
-200
-206
-210
-173
-136
-92
-50
26
92
121
122
112
83
75
39
31
2
49
111
194
311
429
559
696
804
906
966
1057
1110
1116
1117
1078
1050
1027
964
907
845
816
776
730
695
669
679
707
730
769
820
898
935
950
954
947
956
949
926
896
882
878
835
786
725
662
618
551
474
382
303
231
137
56
-16
-65
-74
-109
-120
-140
-94
-46
-10
36
71
118
182
228
285
325
409
468
504
549
570
603
639
638
635
623
636
