0
-48
-128
-224
-334
-429
-514
-604
-675
-727
-734
-762
-794
-827
-866
-885
-916
-963
-1021
-1063
-1090
-1139
-1167
-1180
-1168
-1116
-1070
-1030
-1010
-981
-946
-931
-918
-917
-914
-890
-902
-902
-919
-881
-846
-824
-786
-753
-707
-650
-626
-603
-606
-565
-554
-570
-582
-619
-643
-663
-718
-771
-828
-856
-901
-948
-988
-1033
-1056
-1075
-1111
-1136
-1143
-1106
-1052
-1003
-955
-907
-840
-795
-776
-772
-781
-774
-810
-841
-895
-939
-961
-979
-1003
-1040
-1065
-1088
-1148
-1211
-1288
-1352
-1380
-1446
-1502
-1577
-1600
-1637
-1681
-1702
-1705
-1677
-1612
-1554
-1461
-1370
-1215
-1086
-983
-879
-812
-750
-702
-685
-660
-624
-551
-495
-449
-408
-392
-372
-365
-384
-408
-425
-410
-414
-414
-411
-411
-392
-397
-426
-476
-510
-531
-568
-580
-572
-541
-481
-424
-369
-321
-251
-179
-136
-93
-75
-61
-31
-48
-61
-95
-86
-81
-88
-83
-80
-56
-9
9
41
53
123
166
184
202
196
196
191
166
152
145
176
188
187
179
149
119
67
-22
-118
-199
-235
-276
-300
-308
-309
-291
-260
-230
-225
-197
-156
-148
-146
-149
-143
-134
-153
-167
-209
-229
-244
-266
-260
-251
-215
-133
-73
12
94
226
362
484
594
676
757
838
871
908
912
955
951
908
861
799
746
692
613
538
466
429
377
325
289
260
266
279
280
283
296
336
351
373
407
452
535
608
677
732
811
895
947
989
1014
1029
1052
1052
1036
995
983
961
903
848
773
712
677
614
565
508
492
473
438
405
353
312
289
231
195
150
169
169
156
142
103
56
-20
-144
-289
-443
-559
-691
-821
-935
-1035
-1091
-1132
-1170
-1184
-1162
-1096
-1041
-971
-884
-774
-614
-455
-296
-156
-1
116
211
272
315
318
320
300
273
245
283
325
324
342
340
327
322
280
240
180
147
85
9
-68
-166
-254
-322
-425
-498
-577
-588
-613
-643
-671
-710
-734
-756
-803
-852
-908
-935
-982
-1036
-1085
-1131
-1148
-1169
-1205
-1242
-1265
-1262
-1281
-1283
-1265
-1232
-1168
-1126
-1090
-1065
-1018
-967
-946
-937
-942
-948
-939
-954
-976
-1024
-1026
-1028
-1046
-1048
-1069
-1076
-1055
-1041
-1002
-955
-852
-748
-664
-584
-539
-492
-437
-434
-428
-445
-424
-429
-447
-471
-511
-547
-598
-688
-791
-900
-968
-1049
-1120
-1172
-1209
-1204
-1188
-1170
-1137
-1078
-993
-937
-890
-860
-838
-796
-780
-775
-785
-781
-775
-801
-832
-868
-892
-892
-906
-919
-937
-922
-932
-974
-1008
-1057
-1079
-1061
-1063
-1020
-971
-868
-795
-747
-706
-690
-679
-679
-729
-769
-816
-816
-823
-823
-798
-766
-703
-635
-581
-541
-513
-464
-440
-429
-416
-412
-387
-369
-369
-382
-387
-378
-402
-433
-474
-507
-501
-499
-491
-484
-455
-420
-418
-435
-477
-531
-573
-648
-710
-785
-798
-814
-846
-860
-881
-887
-880
-896
-904
-924
-893
-872
-862
-836
-833
-825
-818
-856
-888
-921
-915
-920
-924
-911
-882
-818
-742
-690
-650
-627
-592
-598
-614
-629
-644
-632
-627
-635
-644
-629
-595
-591
-590
-602
-616
-604
-604
-599
-592
-563
-524
-511
-510
-531
-559
-573
-629
-677
-745
-754
-763
-789
-815
-829
-821
-818
-844
-863
-904
-892
-894
-901
-896
-912
-898
-879
-892
-904
-927
-929
-961
-1004
-1034
-1052
-1027
-974
-926
-873
-825
-767
-751
-733
-715
-699
-656
-627
-611
-598
-561
-511
-492
-477
-465
-454
-419
-395
-374
-361
-331
-290
-266
-234
-213
-189
-147
-152
-155
-181
-151
-127
-116
-91
-69
-31
13
14
5
-37
-37
-70
-127
-169
-219
-236
-236
-260
-282
-312
-317
-342
-375
-413
-465
-496
-518
-550
-565
-567
-538
-543
-561
-592
-640
-674
-727
-797
-875
-927
-964
-1035
-1110
-1201
-1293
-1364
-1439
-1505
-1558
-1556
-1511
-1456
-1367
-1268
-1145
-985
-862
-736
-649
-540
-460
-412
-367
-338
-297
-241
-210
-196
-179
-111
-71
-70
-54
-47
-28
-5
-1
-15
-65
-93
-141
-216
-290
-369
-414
-446
-474
-491
-475
-422
-399
-388
-391
-413
-425
-464
-501
-538
-537
-516
-520
-517
-509
-494
-461
-445
-449
-469
-476
-485
-520
-549
-594
-633
-654
-723
-787
-874
-922
-975
-1036
-1085
-1143
-1201
-1258
-1362
-1462
-1583
-1640
-1704
-1751
-1739
-1683
-1558
-1391
-1221
-1040
-867
-679
-535
-427
-339
-274
-194
-116
-57
-3
51
124
158
172
168
149
146
122
85
36
14
6
-26
-53
-81
-97
-89
-90
-97
-116
-97
-72
-68
-55
-57
-44
-6
-8
-6
-26
-22
-43
-93
-143
-207
-255
-281
-341
-383
-440
-438
-462
-506
-561
-632
-690
-729
-784
-823
-847
-825
-826
-828
-820
-838
-819
-789
-769
-755
-716
-640
-576
-509
-462
-419
-352
-308
-270
-236
-171
-91
-46
-1
27
54
76
68
45
6
0
-6
-34
-48
-67
-66
-42
-47
-43
-51
-25
-11
-17
-22
-43
-49
-34
-60
-71
-105
-98
-131
-197
-272
-363
-437
-503
-575
-633
-679
-683
-706
-733
-756
-790
-809
-840
-888
-928
-931
-882
-837
-784
-734
-697
-655
-655
-674
-706
-701
-663
-623
-560
-483
-399
-304
-239
-192
-176
-130
-97
-91
-71
-67
-53
-23
-21
-9
-7
29
54
57
59
32
11
10
-20
-21
-27
18
39
45
51
46
55
63
55
58
57
82
89
98
76
28
-12
-74
-145
-212
-249
-260
-283
-288
-304
-323
-325
-353
-387
-446
-480
-492
-517
-533
-544
-550
-536
-545
-562
-602
-581
-565
-568
-552
-547
-522
-475
-451
-420
-395
-339
-305
-311
-325
-371
-408
-426
-481
-514
-555
-548
-553
-560
-561
-566
-551
-532
-530
-516
-493
-432
-398
-377
-365
-370
-362
-373
-415
-474
-523
-551
-599
-640
-687
-732
-753
-793
-836
-883
-899
-887
-879
-857
-831
-797
-738
-699
-651
-623
-552
-508
-501
-492
-495
-479
-435
-402
-354
-315
-235
-172
-133
-91
-80
-69
-61
-103
-137
-170
-148
-129
-111
-93
-85
-64
-50
-64
-84
-105
-100
-131
-177
-227
-283
-342
-397
-467
-552
-635
-690
-756
-805
-841
-843
-823
-825
-814
-776
-708
-606
-514
-418
-347
-279
-213
-185
-165
-172
-129
-95
-82
-62
-71
-67
-54
-68
-72
-92
-66
-61
-88
-113
-158
-188
-197
-234
-252
-261
-220
-179
-129
-69
-16
44
87
89
73
44
34
-13
-66
-110
-144
-141
-136
-139
-149
-144
-127
-142
-155
-172
-181
-160
-148
-136
-134
-120
-105
-122
-147
-185
-217
-223
-260
-282
-317
-294
-280
-287
-289
-305
-309
-299
-314
-321
-343
-313
-304
-321
-333
-369
-389
-398
-433
-458
-481
-469
-469
-471
-464
-458
-431
-402
-395
-388
-381
-347
-347
-361
-386
-424
-447
-492
-558
-635
-687
-731
-796
-832
-838
-809
-717
-604
-476
-356
-207
-45
62
157
232
289
350
374
413
439
516
560
578
587
566
538
516
462
426
371
385
376
348
319
268
236
222
181
141
96
77
46
14
-12
-32
-19
3
7
11
20
56
63
63
64
64
86
91
76
39
9
-27
-102
-178
-255
-318
-349
-374
-379
-362
-296
-204
-125
-35
48
141
257
329
406
451
519
553
542
514
455
387
322
219
125
12
-36
-98
-165
-206
-241
-233
-197
-163
-115
-59
31
100
155
200
221
245
250
218
169
119
98
62
40
34
38
67
70
47
-2
-34
-58
-111
-163
-225
-284
-315
-359
-398
-435
-416
-408
-420
-411
-418
-402
-360
-347
-326
-298
-210
-129
-66
-9
27
76
119
110
111
84
106
98
67
41
0
-29
-60
-101
-142
-187
-195
-222
-252
-275
-301
-309
-312
-337
-367
-400
-408
-440
-467
-487
-499
-479
-470
-464
-463
-435
-403
-408
-420
-443
-461
-457
-455
-450
-456
-430
-409
-415
-417
-450
-489
-520
-597
-667
-745
-771
-784
-790
-768
-740
-685
-603
-556
-494
-447
-340
-260
-202
-147
-112
-73
-51
-66
-97
-144
-166
-215
-270
-320
-372
-399
-425
-467
-509
-535
-530
-544
-554
-564
-570
-549
-542
-533
-528
-501
-477
-493
-524
-571
-617
-636
-647
-636
-619
-549
-477
-431
-407
-413
-412
-423
-495
-563
-636
-657
-665
-649
-622
-598
-549
-446
-373
-260
-140
67
253
431
604
772
948
1110
1229
1326
1402
1497
1548
1596
1654
1702
1775
1844
1902
1964
2038
2130
2190
2241
2295
2355
2456
2557
2671
2791
2950
3125
3267
3381
3452
3484
3498
3470
3435
3385
3387
3387
3368
3370
3365
3381
3428
3461
3515
3566
3661
3753
3834
3932
4025
4142
4280
4370
4463
4528
4621
4669
4681
4674
4644
4619
4586
4520
4434
4320
4212
4056
3874
3683
3478
3295
3106
2903
2700
2515
2350
2151
1946
1738
1537
1370
1196
1034
878
754
647
523
400
274
153
53
-67
-184
-320
-395
-461
-529
-558
-578
-565
-528
-512
-495
-491
-429
-380
-357
-327
-319
-304
-292
-314
-310
-322
-279
-231
-203
-183
-165
-118
-63
-19
11
36
83
90
80
67
46
51
33
-3
-54
-95
-128
-198
-272
-347
-416
-448
-477
-489
-488
-444
-375
-313
-248
-198
-159
-114
-107
-98
-111
-71
-43
-40
-32
-46
-59
-68
-108
-149
-210
-231
-267
-323
-368
-435
-486
-520
-584
-634
-692
-719
-765
-814
-855
-894
-911
-921
-942
-952
-952
-914
-903
-900
-900
-909
-902
-903
-914
-923
-908
-867
-846
-816
-786
-744
-671
-609
-545
-486
-411
-337
-302
-288
-303
-332
-355
-426
-497
-589
-616
-638
-664
-666
-672
-668
-657
-675
-692
-729
-715
-712
-716
-688
-684
-645
-597
-558
-530
-510
-459
-442
-432
-428
-433
-436
-418
-412
-406
-391
-340
-319
-304
-314
-349
-364
-399
-451
-506
-529
-518
-522
-517
-516
-507
-482
-483
-495
-524
-538
-548
-579
-612
-652
-688
-704
-765
-820
-899
-921
-941
-964
-963
-965
-958
-951
-983
-1015
-1067
-1064
-1080
-1111
-1122
-1131
-1099
-1036
-981
-910
-833
-715
-607
-500
-392
-296
-191
-95
-36
2
17
41
21
-18
-65
-118
-146
-181
-219
-256
-257
-228
-213
-183
-153
-119
-72
-55
-60
-86
-100
-111
-144
-173
-219
-262
-284
-346
-394
-451
-444
-434
-434
-425
-422
-401
-356
-333
-304
-303
-253
-235
-242
-239
-249
-235
-208
-196
-171
-139
-92
-71
-40
-33
-55
-62
-69
-91
-109
-106
-91
-97
-119
-135
-178
-207
-261
-318
-388
-420
-430
-454
-478
-517
-561
-591
-635
-692
-769
-811
-826
-853
-852
-844
-795
-702
-639
-569
-515
-415
-313
-215
-94
34
183
347
466
575
637
728
767
769
768
748
742
739
713
689
661
661
639
608
575
530
509
497
480
478
492
543
578
617
652
672
693
676
633
568
523
485
420
359
294
234
191
136
74
0
-48
-93
-156
-199
-242
-254
-224
-217
-184
-145
-35
99
237
389
536
690
853
970
1096
1197
1343
1446
1509
1557
1578
1607
1635
1642
1647
1648
1678
1683
1673
1657
1634
1628
1610
1594
1576
1554
1558
1538
1515
1475
1428
1403
1335
1243
1157
1092
1046
999
981
979
1000
1040
1079
1113
1125
1157
1175
1158
1148
1106
1074
1060
1009
969
921
917
919
907
894
866
850
855
825
811
790
835
860
866
864
840
829
819
796
781
771
801
814
823
835
836
853
861
847
827
813
822
801
781
760
734
728
692
643
577
538
508
452
393
331
278
252
226
210
188
218
246
243
241
213
192
185
145
110
63
52
31
-10
-44
-88
-107
-94
-108
-93
-82
-17
21
35
39
24
20
14
-10
-28
-42
-17
-15
-22
-33
-59
-69
-92
-137
-191
-235
-246
-290
-296
-303
-285
-262
-270
-289
-333
-343
-333
-338
-357
-359
-357
-364
-410
-479
-591
-666
-767
-904
-1017
-1138
-1235
-1301
-1378
-1432
-1478
-1473
-1461
-1452
-1424
-1405
-1364
-1298
-1261
-1201
-1138
-1020
-916
-822
-736
-673
-612
-570
-568
-578
-586
-544
-509
-469
-423
-381
-318
-259
-212
-163
-93
-4
48
89
111
125
153
148
127
84
54
28
-25
-79
-134
-176
-188
-218
-239
-276
-258
-248
-260
-263
-282
-292
-290
-317
-341
-380
-379
-392
-425
-449
-491
-519
-533
-585
-620
-657
-649
-658
-683
-719
-775
-827
-891
-985
-1081
-1173
-1219
-1273
-1310
-1320
-1309
-1251
-1177
-1098
-1015
-918
-812
-750
-701
-668
-633
-568
-521
-487
-475
-422
-379
-374
-373
-387
-403
-398
-398
-393
-379
-307
-234
-206
-176
-173
-154
-133
-150
-170
-204
-200
-215
-254
-285
-335
-380
-418
-487
-529
-572
-565
-566
-564
-560
-562
-552
-545
-564
-586
-607
-585
-579
-572
-565
-568
-560
-573
-613
-670
-713
-740
-795
-842
-882
-902
-882
-864
-835
-802
-747
-683
-641
-600
-567
-535
-484
-472
-456
-470
-443
-441
-478
-525
-595
-660
-718
-799
-866
-930
-921
-907
-890
-841
-796
-726
-648
-609
-573
-552
-511
-499
-504
-516
-537
-538
-535
-551
-558
-557
-517
-498
-477
-447
-412
-349
-303
-286
-298
-312
-331
-393
-464
-547
-620
-657
-686
-695
-682
-623
-540
-473
-416
-399
-363
-309
-313
-305
-307
-248
-196
-163
-128
-129
-139
-124
-154
-186
-235
-218
-214
-225
-224
-232
-222
-211
-243
-287
-343
-366
-409
-450
-488
-550
-614
-696
-814
-938
-1057
-1138
-1226
-1284
-1305
-1280
-1193
-1080
-945
-796
-613
-416
-255
-108
11
114
217
290
338
360
385
401
380
344
278
214
178
116
79
38
53
62
49
32
-6
-50
-96
-182
-259
-345
-362
-393
-439
-474
-529
-569
-607
-671
-729
-780
-784
-782
-760
-716
-669
-598
-529
-483
-438
-388
-313
-270
-236
-211
-193
-156
-139
-137
-151
-145
-135
-162
-193
-234
-273
-292
-315
-332
-345
-320
-286
-280
-282
-316
-349
-357
-398
-411
-453
-414
-376
-335
-306
-294
-280
-277
-324
-366
-435
-461
-486
-504
-507
-505
-469
-416
-373
-332
-309
-256
-232
-226
-230
-249
-253
-261
-292
-319
-337
-329
-352
-380
-413
-443
-447
-455
-458
-460
-422
-376
-362
-357
-369
-393
-411
-448
-490
-538
-552
-565
-602
-624
-653
-664
-638
-633
-604
-581
-514
-455
-413
-368
-343
-313
-277
-292
-304
-343
-326
-328
-338
-333
-337
-323
-308
-315
-325
-347
-348
-383
-437
-498
-573
-628
-684
-751
-817
-878
-917
-980
-1033
-1063
-1063
-1009
-955
-893
-833
-733
-610
-504
-394
-280
-155
-11
116
225
299
389
457
482
503
495
486
483
431
373
291
239
182
113
60
-1
-37
-54
-75
-85
-110
-73
-51
-36
-6
27
58
100
113
118
89
79
28
-27
-83
-154
-197
-234
-283
-327
-355
-361
-393
-439
-499
-565
-593
-636
-668
-691
-659
-599
-545
-490
-445
-407
-369
-369
-386
-430
-436
-453
-501
-540
-596
-637
-654
-693
-715
-738
-716
-696
-686
-663
-649
-614
-556
-536
-502
-480
-403
-337
-275
-206
-142
-57
36
108
175
230
304
334
335
317
275
245
210
163
121
102
109
86
49
-5
-71
-120
-196
-279
-369
-426
-458
-493
-517
-540
-563
-575
-609
-635
-661
-619
-573
-544
-505
-492
-485
-489
-548
-618
-707
-756
-807
-863
-890
-915
-906
-867
-859
-831
-809
-747
-722
-693
-659
-655
-637
-610
-599
-584
-569
-516
-503
-509
-499
-508
-502
-504
-506
-496
-464
-403
-360
-312
-268
-226
-168
-134
-105
-89
-46
23
64
92
103
106
121
100
73
20
25
24
10
6
-15
-30
-41
-84
-126
-186
-209
-251
-314
-364
-434
-491
-537
-622
-691
-763
-792
-831
-862
-867
-844
-771
-680
-607
-543
-494
-427
-399
-386
-383
-389
-364
-330
-290
-235
-152
-48
17
66
86
87
96
70
28
-24
-50
-52
-63
-66
-67
-58
-24
-30
-40
-89
-100
-134
-195
-242
-286
-299
-283
-283
-277
-288
-259
-258
-285
-301
-335
-346
-333
-343
-329
-305
-237
-180
-131
-87
-65
-40
-59
-83
-105
-112
-99
-110
-130
-170
-233
-282
-361
-476
-579
-633
-659
-686
-680
-647
-592
-496
-420
-337
-267
-187
-105
-48
5
40
57
90
79
74
41
51
41
16
6
-2
12
36
36
32
2
20
15
-9
-18
-40
-40
-26
-36
-32
-25
18
42
45
28
-18
-61
-109
-175
-230
-268
-262
-270
-274
-272
-272
-249
-242
-252
-270
-259
-223
-210
-195
-188
-182
-164
-170
-191
-226
-250
-268
-307
-338
-377
-408
-415
-467
-514
-584
-605
-630
-665
-677
-680
-649
-584
-531
-462
-409
-308
-239
-197
-146
-107
-47
16
44
66
78
105
91
43
-29
-122
-201
-275
-357
-419
-453
-437
-450
-472
-506
-539
-569
-623
-689
-762
-806
-813
-816
-808
-774
-715
-622
-549
-474
-406
-302
-183
-92
18
127
247
387
475
557
608
684
741
761
777
763
754
761
746
741
720
758
770
766
771
754
749
746
717
686
648
634
591
536
483
426
389
348
281
210
140
92
6
-93
-199
-312
-398
-495
-591
-685
-736
-758
-791
-807
-817
-810
-772
-731
-684
-640
-565
-487
-433
-374
-330
-273
-190
-143
-82
-35
53
125
171
205
212
214
222
184
151
86
62
-10
-114
-211
-311
-373
-410
-443
-454
-457
-427
-418
-421
-422
-428
-408
-386
-378
-365
-334
-271
-237
-212
-195
-186
-156
-145
-158
-198
-204
-192
-227
-261
-297
-332
-332
-322
-282
-235
-129
2
98
191
244
284
326
304
277
234
231
221
196
172
134
108
92
27
-22
-101
-134
-192
-268
-342
-426
-486
-533
-573
-593
-590
-544
-510
-475
-427
-378
-311
-259
-238
-226
-208
-170
-165
-170
-185
-205
-201
-216
-233
-255
-246
-226
-232
-241
-269
-312
-358
-429
-504
-583
-607
-620
-637
-614
-582
-515
-410
-326
-232
-161
-70
-5
26
48
41
31
24
-34
-81
-141
-145
-163
-187
-194
-196
-167
-129
-106
-81
-63
-22
-15
-24
-38
-63
-68
-81
-113
-148
-169
-166
-195
-227
-262
-297
-310
-347
-392
-448
-476
-488
-517
-530
-558
-549
-502
-461
-419
-371
-260
-153
-67
54
158
268
401
522
636
736
869
996
1095
1208
1299
1415
1542
1616
1688
1731
1810
1865
1902
1956
2013
2089
2169
2228
2291
2354
2443
2494
2530
2552
2555
2561
2552
2520
2477
2444
2436
2413
2407
2415
2440
2502
2554
2610
2666
2760
2880
2989
3103
3214
3327
3453
3546
3625
3668
3745
3797
3810
3820
3789
3740
3675
3554
3420
3265
3149
3020
2874
2734
2571
2416
2271
2083
1911
1733
1604
1464
1322
1190
1061
957
858
743
636
537
483
411
338
274
210
167
113
42
-29
-77
-94
-125
-144
-161
-176
-171
-194
-233
-289
-329
-354
-388
-407
-416
-411
-376
-360
-326
-313
-246
-194
-168
-146
-144
-131
-110
-127
-137
-158
-156
-168
-194
-222
-290
-338
-364
-409
-424
-448
-416
-384
-349
-307
-276
-231
-183
-166
-140
-119
-63
-44
-39
-39
-44
-35
-43
-69
-106
-127
-131
-170
-209
-254
-300
-327
-380
-445
-524
-590
-647
-721
-789
-848
-881
-869
-871
-849
-836
-764
-705
-673
-639
-619
-587
-545
-531
-517
-527
-496
-488
-497
-493
-509
-507
-490
-500
-499
-507
-488
-494
-514
-537
-565
-576
-589
-626
-662
-691
-679
-680
-664
-625
-570
-481
-404
-349
-317
-283
-244
-242
-240
-247
-245
-219
-211
-211
-218
-202
-170
-154
-133
-121
-104
-64
-65
-63
-92
-82
-89
-113
-124
-135
-139
-127
-134
-116
-144
-136
-164
-233
-289
-367
-421
-474
-544
-592
-634
-626
-618
-604
-571
-550
-509
-466
-452
-442
-426
-377
-350
-326
-304
-286
-229
-181
-141
-99
-33
45
79
98
87
73
67
42
9
-31
-52
-73
-129
-191
-271
-347
-400
-492
-567
-651
-674
-694
-722
-729
-727
-694
-630
-578
-501
-429
-292
-181
-104
-32
7
48
78
71
56
29
27
4
-28
-55
-82
-82
-80
-99
-123
-146
-145
-173
-206
-239
-275
-287
-312
-345
-380
-384
-375
-401
-439
-496
-561
-615
-684
-755
-822
-843
-831
-819
-784
-748
-695
-619
-594
-573
-582
-556
-544
-552
-556
-567
-559
-531
-535
-522
-524
-455
-418
-377
-299
-243
-190
-142
-128
-123
-131
-98
-101
-112
-110
-82
-34
18
50
89
113
143
107
47
-41
-148
-241
-351
-464
-580
-667
-721
-787
-842
-885
-904
-873
-820
-744
-651
-496
-318
-152
24
184
353
539
669
781
843
915
958
968
972
954
936
923
870
831
778
791
787
773
783
804
868
949
1014
1072
1112
1163
1176
1173
1172
1166
1183
1194
1179
1158
1143
1147
1112
1061
1002
937
895
832
756
664
603
563
512
481
464
469
504
532
556
565
613
667
708
766
802
837
879
873
865
834
834
829
817
824
828
855
904
910
922
906
934
931
909
891
868
869
867
851
860
877
921
942
961
983
986
1009
1025
1000
977
999
1053
1080
1110
1131
1137
1155
1129
1099
1064
1057
1064
1051
1041
1032
1021
1036
1035
1038
1027
1067
1113
1146
1195
1228
1267
1309
1307
1304
1276
1275
1255
1205
1152
1080
1024
987
907
839
749
703
627
536
450
359
294
239
179
131
94
95
70
37
7
-28
-37
-46
-65
-76
-64
-21
-3
9
7
-6
-5
-34
-74
-127
-154
-169
-206
-244
-287
-331
-364
-426
-494
-575
-591
-590
-587
-549
-509
-451
-385
-363
-351
-360
-331
-307
-300
-285
-289
-279
-253
-278
-301
-354
-380
-442
-522
-600
-679
-733
-778
-830
-868
-888
-854
-824
-807
-775
-752
-684
-648
-637
-632
-622
-580
-564
-547
-557
-562
-549
-566
-584
-610
-607
-571
-551
-525
-490
-454
-407
-396
-394
-420
-402
-403
-435
-446
-469
-481
-477
-497
-505
-531
-524
-544
-586
-619
-672
-716
-744
-800
-823
-825
-755
-685
-619
-556
-507
-450
-402
-385
-375
-370
-332
-314
-300
-284
-282
-269
-279
-313
-357
-382
-383
-411
-438
-474
-510
-525
-566
-618
-672
-691
-682
-676
-658
-637
-609
-564
-561
-564
-601
-595
-606
-642
-663
-693
-706
-703
-722
-726
-733
-684
-644
-621
-590
-585
-569
-537
-529
-500
-471
-405
-357
-321
-293
-281
-264
-255
-270
-276
-268
-214
-185
-167
-162
-182
-197
-232
-278
-341
-376
-363
-393
-436
-483
-524
-539
-573
-595
-639
-655
-662
-671
-685
-698
-699
-658
-654
-634
-638
-585
-555
-560
-569
-597
-616
-628
-674
-708
-755
-761
-789
-844
-884
-940
-969
-982
-1015
-1034
-1048
-1031
-1034
-1044
-1049
-1055
-1036
-1005
-987
-961
-921
-837
-767
-693
-618
-552
-472
-417
-389
-376
-349
-314
-316
-326
-352
-381
-391
-420
-457
-500
-516
-509
-507
-494
-488
-474
-434
-429
-412
-414
-366
-331
-323
-313
-315
-304
-276
-268
-248
-245
-197
-184
-205
-224
-262
-280
-285
-314
-339
-370
-378
-411
-453
-490
-526
-533
-530
-537
-530
-503
-432
-380
-330
-283
-244
-191
-165
-164
-181
-177
-159
-174
-188
-222
-268
-277
-312
-371
-447
-502
-548
-621
-679
-733
-781
-794
-813
-823
-857
-846
-843
-862
-872
-900
-902
-873
-856
-819
-795
-714
-662
-645
-620
-616
-603
-600
-629
-660
-681
-662
-659
-663
-670
-692
-697
-712
-750
-787
-819
-822
-851
-880
-902
-919
-902
-887
-864
-831
-755
-655
-582
-512
-457
-408
-350
-316
-295
-288
-258
-230
-234
-241
-271
-299
-299
-333
-350
-378
-362
-358
-376
-398
-434
-455
-448
-461
-448
-442
-366
-308
-273
-242
-238
-231
-235
-268
-305
-347
-354
-374
-392
-399
-410
-401
-395
-409
-413
-395
-336
-299
-267
-243
-231
-206
-208
-226
-259
-271
-274
-304
-330
-357
-379
-387
-415
-460
-526
-595
-646
-727
-771
-845
-895
-898
-927
-918
-900
-825
-768
-718
-680
-696
-726
-759
-836
-877
-910
-866
-825
-798
-763
-736
-691
-642
-609
-573
-529
-435
-350
-270
-186
-118
-37
24
56
70
86
123
124
112
101
98
129
145
152
139
144
150
129
110
89
72
71
55
35
-2
-3
-11
-50
-81
-125
-147
-138
-154
-156
-172
-152
-142
-152
-165
-208
-258
-306
-401
-482
-578
-617
-673
-731
-761
-780
-766
-734
-707
-668
-621
-539
-482
-433
-380
-330
-256
-194
-165
-158
-162
-159
-192
-230
-272
-312
-324
-352
-381
-411
-410
-397
-409
-421
-438
-451
-446
-458
-469
-492
-471
-461
-486
-511
-563
-610
-652
-725
-750
-785
-776
-760
-755
-738
-730
-689
-648
-641
-625
-607
-548
-500
-456
-384
-318
-241
-181
-154
-147
-150
-128
-138
-156
-171
-193
-190
-188
-213
-246
-277
-289
-332
-364
-390
-402
-377
-363
-347
-338
-300
-249
-220
-190
-163
-132
-78
-37
16
61
155
233
268
296
289
278
271
232
200
159
160
155
135
129
107
100
109
76
56
26
42
44
43
52
59
83
102
88
59
15
-4
-56
-122
-185
-253
-300
-359
-439
-525
-597
-653
-741
-827
-912
-982
-1011
-1052
-1098
-1162
-1215
-1269
-1357
-1449
-1536
-1602
-1618
-1628
-1597
-1548
-1414
-1263
-1122
-970
-847
-730
-619
-551
-491
-449
-365
-299
-270
-214
-180
-152
-115
-114
-95
-77
-8
60
120
193
298
427
561
674
784
878
987
1043
1083
1124
1172
1259
1356
1450
1549
1657
1783
1883
1986
2083
2184
2311
2420
2529
2634
2770
2927
3057
3179
3281
3385
3516
3626
3756
3876
4057
4232
4383
4534
4658
4775
4883
4945
4990
5006
5064
5109
5144
5199
5242
5311
5403
5469
5550
5626
5734
5821
5896
5965
6015
6074
6125
6148
6170
6195
6252
6277
6282
6274
6249
6237
6214
6182
6154
6156
6179
6172
6165
6144
6124
6133
6139
6159
6192
6260
6349
6421
6497
6562
6629
6717
6762
6810
6832
6903
6952
6966
6977
6969
6961
6952
6900
6837
6741
6685
6598
6483
6377
6253
6149
6062
5925
5824
5718
5664
5583
5504
5441
5382
5369
5387
5406
5428
5487
5594
5659
5708
5743
5758
5781
5772
5726
5667
5613
5558
5462
5365
5260
5162
5084
4994
4898
4791
4698
4614
4512
4416
4300
4184
4083
3938
3807
3648
3534
3412
3275
3146
3011
2888
2777
2638
2509
2365
2278
2167
2034
1910
1766
1636
1511
1359
1210
1057
931
786
639
501
366
262
164
45
-74
-187
-264
-360
-456
-549
-643
-710
-784
-860
-933
-979
-1013
-1076
-1140
-1217
-1301
-1375
-1461
-1541
-1618
-1657
-1667
-1670
-1640
-1607
-1557
-1484
-1459
-1431
-1431
-1400
-1392
-1416
-1440
-1478
-1505
-1515
-1556
-1588
-1641
-1639
-1665
-1715
-1757
-1815
-1853
-1883
-1932
-1976
-2016
-2014
-2015
-2010
-1994
-1983
-1914
-1851
-1808
-1761
-1712
-1645
-1620
-1606
-1630
-1655
-1663
-1683
-1726
-1781
-1818
-1837
-1891
-1957
-2025
-2077
-2105
-2133
-2156
-2174
-2143
-2100
-2074
-2038
-2010
-1986
-1947
-1964
-1983
-2037
-2062
-2106
-2168
-2225
-2292
-2340
-2364
-2414
-2442
-2485
-2469
-2478
-2499
-2501
-2502
-2475
-2436
-2407
-2372
-2340
-2283
-2256
-2249
-2249
-2263
-2256
-2242
-2235
-2216
-2181
-2119
-2090
-2076
-2078
-2094
-2091
-2108
-2135
-2171
-2175
-2163
-2174
-2180
-2186
-2183
-2163
-2165
-2188
-2237
-2262
-2296
-2364
-2433
-2530
-2623
-2699
-2818
-2932
-3054
-3120
-3164
-3197
-3196
-3176
-3107
-2981
-2859
-2699
-2552
-2365
-2230
-2139
-2068
-2032
-2001
-1990
-2013
-2048
-2096
-2122
-2179
-2252
-2331
-2423
-2494
-2566
-2646
-2720
-2783
-2778
-2776
-2781
-2780
-2773
-2743
-2732
-2723
-2715
-2683
-2642
-2608
-2587
-2578
-2571
-2552
-2555
-2571
-2605
-2596
-2588
-2607
-2618
-2651
-2677
-2685
-2737
-2782
-2833
-2859
-2906
-2982
-3060
-3148
-3211
-3246
-3315
-3355
-3405
-3390
-3397
-3411
-3416
-3426
-3416
-3398
-3389
-3368
-3341
-3277
-3239
-3214
-3200
-3207
-3208
-3231
-3290
-3363
-3430
-3470
-3532
-3588
-3645
-3703
-3742
-3805
-3874
-3947
-3985
-3997
-4012
-4003
-3976
-3931
-3859
-3802
-3752
-3735
-3695
-3688
-3735
-3795
-3891
-3988
-4073
-4189
-4299
-4418
-4491
-4559
-4624
-4658
-4684
-4667
-4606
-4570
-4508
-4453
-4351
-4279
-4231
-4192
-4168
-4135
-4111
-4117
-4131
-4155
-4156
-4194
-4249
-4307
-4374
-4420
-4471
-4534
-4588
-4614
-4608
-4624
-4639
-4662
-4724
-4752
-4819
-4896
-5006
-5089
-5143
-5206
-5246
-5257
-5250
-5229
-5214
-5185
-5190
-5144
-5112
-5110
-5103
-5112
-5120
-5108
-5132
-5166
-5238
-5297
-5387
-5504
-5613
-5708
-5749
-5726
-5693
-5597
-5474
-5286
-5120
-4967
-4814
-4677
-4535
-4417
-4337
-4271
-4214
-4125
-4061
-4002
-3944
-3901
-3847
-3810
-3796
-3793
-3777
-3741
-3731
-3720
-3714
-3705
-3671
-3657
-3648
-3649
-3622
-3576
-3542
-3504
-3471
-3437
-3382
-3355
-3323
-3316
-3256
-3205
-3175
-3128
-3089
-3032
-2955
-2893
-2814
-2742
-2628
-2535
-2471
-2403
-2359
-2301
-2232
-2203
-2164
-2135
-2069
-2020
-1982
-1949
-1928
-1892
-1858
-1845
-1827
-1803
-1745
-1717
-1701
-1689
-1681
-1644
-1613
-1596
-1581
-1542
-1473
-1424
-1365
-1306
-1238
-1147
-1087
-1052
-1046
-1045
-1034
-1037
-1011
-997
-981
-939
-931
-918
-920
-863
-840
-830
-807
-789
-761
-699
-648
-570
-498
-386
-288
-213
-139
-97
-48
-1
4
-1
-18
-17
-32
-66
-101
-146
-166
-183
-208
-219
-216
-160
-113
-59
5
70
158
228
273
300
339
391
416
440
451
451
454
420
364
293
245
218
184
171
171
199
271
319
386
432
521
582
602
609
585
558
541
507
498
491
549
594
618
647
645
653
662
641
630
618
638
637
622
598
555
521
478
408
341
289
279
257
247
253
263
297
316
323
320
336
363
357
353
344
341
359
360
351
333
333
344
335
331
322
338
392
412
473
532
611
662
679
683
672
669
687
673
669
654
679
667
621
579
517
461
410
340
276
217
200
177
161
156
144
159
194
211
227
244
284
290
283
268
243
245
228
196
144
116
109
81
61
35
13
13
2
-11
-28
-16
11
25
62
106
180
296
387
502
608
755
885
984
1078
1158
1251
1357
1431
1526
1614
1769
1898
2004
2118
2214
2324
2428
2505
2577
2643
2739
2821
2907
3010
3120
3261
3406
3537
3677
3837
4036
4216
4394
4573
4753
4963
5160
5356
5549
5769
5993
6178
6358
6524
6690
6873
7047
7221
7384
7566
7738
7873
8004
8107
8213
8339
8426
8524
8606
8728
8849
8927
9021
9096
9171
9236
9255
9283
9283
9341
9387
9409
9430
9451
9507
9560
9605
9666
9739
9842
9930
9999
10075
10128
10178
10199
10179
10142
10106
10093
10078
10078
10081
10084
10102
10093
10069
10020
9981
9938
9852
9763
9663
9565
9488
9402
9318
9223
9161
9091
8980
8862
8705
8540
8378
8170
7967
7754
7589
7433
7283
7160
7038
6933
6845
6715
6599
6469
6401
6318
6222
6127
6014
5913
5810
5686
5562
5432
5324
5176
5005
4826
4634
4465
4301
4127
3955
3793
3654
3482
3303
3122
2947
2805
2652
2501
2343
2210
2086
1937
1788
1636
1492
1371
1244
1126
1004
933
860
759
666
550
442
355
243
155
71
35
-2
-53
-97
-153
-192
-206
-265
-297
-327
-288
-278
-289
-302
-333
-370
-416
-490
-593
-693
-744
-817
-902
-973
-1043
-1075
-1097
-1141
-1173
-1181
-1156
-1148
-1136
-1127
-1110
-1077
-1061
-1056
-1057
-1041
-1025
-1048
-1078
-1125
-1184
-1239
-1328
-1422
-1534
-1596
-1653
-1725
-1771
-1820
-1846
-1852
-1883
-1905
-1934
-1925
-1927
-1948
-1962
-1994
-2008
-1996
-2010
-1993
-1975
-1902
-1844
-1791
-1727
-1657
-1556
-1443
-1350
-1266
-1202
-1133
-1119
-1134
-1162
-1202
-1226
-1265
-1324
-1389
-1444
-1484
-1564
-1654
-1751
-1845
-1908
-1986
-2064
-2145
-2197
-2230
-2276
-2318
-2355
-2379
-2369
-2375
-2375
-2398
-2368
-2345
-2346
-2337
-2343
-2331
-2294
-2266
-2219
-2174
-2077
-1983
-1905
-1821
-1763
-1698
-1632
-1625
-1630
-1667
-1678
-1711
-1745
-1774
-1799
-1789
-1756
-1765
-1786
-1821
-1849
-1910
-1967
-1988
-1991
-1934
-1860
-1796
-1732
-1655
-1562
-1499
-1464
-1456
-1455
-1440
-1451
-1466
-1492
-1501
-1504
-1538
-1581
-1622
-1667
-1697
-1755
-1803
-1860
-1849
-1833
-1831
-1802
-1784
-1749
-1706
-1694
-1689
-1712
-1703
-1716
-1747
-1761
-1790
-1799
-1797
-1840
-1887
-1957
-2005
-2080
-2168
-2251
-2329
-2373
-2397
-2425
-2437
-2433
-2386
-2365
-2355
-2349
-2349
-2327
-2316
-2325
-2347
-2357
-2356
-2394
-2440
-2504
-2571
-2617
-2680
-2738
-2790
-2806
-2790
-2778
-2754
-2734
-2712
-2674
-2684
-2701
-2753
-2761
-2781
-2815
-2827
-2843
-2839
-2821
-2832
-2853
-2908
-2924
-2963
-3018
-3058
-3109
-3128
-3121
-3131
-3121
-3109
-3063
-3032
-3006
-2977
-2959
-2928
-2901
-2900
-2897
-2919
-2903
-2906
-2928
-2968
-3015
-3042
-3086
-3147
-3192
-3218
-3223
-3252
-3261
-3289
-3311
-3312
-3318
-3333
-3340
-3321
-3267
-3222
-3164
-3116
-3062
-2989
-2970
-2966
-2995
-2989
-3013
-3067
-3126
-3196
-3252
-3295
-3367
-3428
-3506
-3521
-3552
-3588
-3595
-3604
-3585
-3552
-3544
-3533
-3528
-3492
-3471
-3452
-3424
-3397
-3339
-3272
-3222
-3171
-3119
-3041
-2996
-2961
-2932
-2915
-2885
-2874
-2873
-2869
-2828
-2763
-2725
-2689
-2673
-2669
-2660
-2675
-2701
-2728
-2722
-2698
-2687
-2665
-2652
-2634
-2596
-2602
-2600
-2619
-2593
-2571
-2560
-2535
-2514
-2481
-2434
-2422
-2413
-2437
-2419
-2441
-2497
-2549
-2607
-2624
-2607
-2575
-2503
-2407
-2266
-2142
-2028
-1922
-1837
-1747
-1676
-1640
-1610
-1575
-1511
-1476
-1448
-1419
-1397
-1348
-1300
-1253
-1204
-1105
-967
-845
-731
-631
-544
-481
-452
-427
-426
-407
-371
-347
-314
-291
-274
-232
-233
-232
-254
-234
-219
-209
-197
-186
-163
-117
-109
-95
-107
-63
-55
-75
-87
-111
-109
-96
-108
-123
-141
-130
-139
-157
-175
-203
-212
-224
-256
-289
-314
-312
-340
-375
-415
-456
-465
-481
-494
-503
-465
-394
-330
-251
-176
-107
-33
14
39
38
57
80
83
101
105
120
156
147
135
95
81
47
-14
-75
-144
-192
-215
-270
-305
-355
-349
-372
-416
-450
-483
-480
-452
-426
-391
-360
-307
-294
-313
-359
-439
-510
-578
-645
-685
-686
-629
-570
-487
-387
-278
-151
-67
-21
-9
28
65
93
132
203
268
351
423
476
514
583
649
669
704
716
726
753
742
733
709
695
654
599
552
492
450
435
392
379
356
385
385
353
307
246
201
166
119
85
56
73
72
63
54
37
40
37
16
-1
-2
27
30
31
22
0
-15
-68
-138
-220
-268
-281
-279
-241
-180
-105
-11
63
126
163
230
279
291
309
314
338
387
409
435
440
468
475
457
446
429
436
473
479
510
531
606
656
679
686
664
638
595
522
448
377
347
300
249
197
136
95
51
-5
-58
-89
-90
-111
-125
-137
-142
-120
-121
-131
-155
-154
-138
-134
-117
-89
-50
17
52
93
136
205
242
242
244
218
186
170
101
36
-51
-89
-162
-262
-360
-460
-546
-597
-673
-700
-716
-669
-635
-613
-588
-572
-544
-509
-488
-459
-403
-288
-170
-46
82
192
318
429
524
615
723
850
944
1029
1101
1163
1228
1242
1222
1174
1138
1111
1063
1014
956
898
860
801
752
689
682
668
631
604
561
532
523
499
490
474
503
519
515
518
496
485
489
452
429
396
401
388
365
341
305
280
247
186
126
67
43
-1
-42
-73
-103
-108
-126
-166
-212
-235
-234
-259
-280
-303
-310
-273
-239
-203
-178
-139
-91
-61
-28
1
37
96
126
168
187
249
289
290
290
302
328
357
365
386
401
459
507
538
558
545
565
581
550
530
508
518
514
492
476
457
458
461
442
424
405
404
379
352
330
301
294
276
247
205
173
154
103
57
12
-28
-41
-68
-92
-116
-120
-124
-165
-224
-300
-360
-364
-366
-323
-281
-176
-79
-9
61
110
162
214
230
234
202
206
188
156
144
124
135
164
168
187
213
282
341
398
456
500
549
575
555
515
461
422
345
260
181
106
58
-6
-87
-173
-225
-247
-279
-285
-276
-245
-177
-114
-49
14
96
184
243
298
338
377
435
451
475
475
520
546
541
530
502
483
478
453
420
389
408
432
428
453
476
510
551
556
560
538
566
582
580
578
564
562
554
506
444
388
350
270
176
78
-20
-83
-145
-204
-255
-273
-274
-301
-324
-344
-347
-306
-259
-197
-133
-53
19
51
69
62
54
64
33
14
-20
-9
-12
-42
-70
-108
-133
-141
-175
-189
-217
-183
-169
-170
-155
-149
-124
-99
-102
-106
-111
-79
-55
-23
27
85
178
285
386
496
611
747
847
938
1025
1109
1211
1289
1347
1378
1412
1432
1395
1326
1223
1109
1012
915
839
784
777
785
768
752
718
694
695
659
636
598
604
604
583
559
512
459
405
297
184
38
-52
-157
-264
-344
-435
-507
-548
-611
-655
-668
-624
-577
-509
-393
-271
-94
81
243
373
490
605
677
710
714
696
695
668
637
605
612
642
644
634
607
577
545
495
431
359
317
276
198
126
36
-38
-79
-135
-152
-153
-88
-5
90
210
322
428
518
533
532
494
502
483
452
435
414
414
413
386
349
302
282
235
178
131
90
84
84
72
61
60
84
81
73
58
34
24
-13
-61
-114
-130
-125
-142
-164
-199
-241
-270
-306
-329
-346
-305
-247
-198
-126
-63
22
137
224
314
379
467
536
579
622
646
669
689
647
606
540
530
507
481
465
438
417
389
340
295
249
232
229
239
253
268
304
322
302
272
250
229
166
116
49
-20
-59
-102
-136
-169
-175
-160
-162
-162
-167
-169
-144
-122
-96
-71
15
102
162
234
284
348
430
476
518
530
564
583
572
556
512
475
448
369
296
198
142
63
-24
-100
-169
-202
-212
-215
-192
-152
-68
-14
19
41
50
80
105
113
118
142
189
206
218
221
221
246
255
263
264
287
319
324
321
305
283
268
226
186
130
125
109
64
26
-32
-80
-111
-163
-204
-249
-244
-240
-240
-210
-178
-117
-39
-11
19
30
81
113
140
179
224
299
384
456
534
609
710
774
820
861
902
945
1011
1064
1153
1273
1441
1595
1735
1856
1963
2073
2126
2185
2240
2310
2395
2464
2530
2585
2629
2678
2705
2729
2720
2754
2777
2777
2795
2799
2820
2859
2876
2894
2892
2930
2960
2976
3024
3077
3178
3324
3446
3578
3690
3815
3895
3937
3952
3934
3907
3855
3753
3623
3464
3315
3128
2929
2726
2520
2343
2175
2020
1892
1815
1779
1726
1672
1606
1534
1482
1406
1321
1221
1135
1064
983
915
852
805
787
740
707
655
659
654
629
610
577
556
546
511
475
415
394
351
283
228
159
120
99
47
4
-42
-51
-78
-113
-147
-182
-195
-203
-233
-262
-285
-276
-298
-331
-369
-419
-452
-503
-575
-658
-720
-756
-801
-830
-829
-839
-840
-863
-889
-914
-901
-842
-799
-713
-615
-481
-326
-204
-80
23
163
276
361
450
507
549
574
551
526
467
447
393
320
245
149
73
19
-56
-114
-165
-173
-190
-215
-243
-284
-314
-350
-409
-457
-481
-450
-425
-393
-360
-335
-296
-278
-281
-299
-298
-278
-286
-290
-302
-310
-297
-292
-281
-268
-228
-178
-146
-110
-88
-65
-31
-56
-90
-163
-199
-249
-312
-358
-406
-437
-454
-504
-551
-623
-639
-677
-729
-764
-806
-821
-822
-842
-851
-853
-812
-780
-752
-723
-702
-658
-608
-570
-523
-464
-373
-314
-268
-235
-219
-195
-198
-224
-262
-267
-240
-222
-188
-150
-104
-32
20
44
79
146
205
244
292
321
352
402
410
417
395
424
421
387
345
292
251
223
162
119
61
60
26
-29
-71
-115
-139
-155
-185
-216
-250
-257
-292
-345
-405
-480
-530
-567
-613
-638
-642
-599
-566
-526
-481
-427
-336
-251
-175
-119
-53
5
13
1
-41
-96
-139
-187
-222
-245
-221
-180
-151
-99
-51
17
112
167
225
252
300
323
316
304
278
268
279
257
245
211
227
207
163
119
60
20
-11
-55
-94
-131
-133
-145
-149
-135
-119
-80
-49
-50
-61
-64
-33
-18
4
32
61
119
158
181
174
175
181
171
178
193
219
264
292
306
298
323
344
338
308
278
255
269
240
232
217
230
230
212
185
117
70
51
-16
-58
-107
-83
-67
-49
-25
2
43
85
112
155
215
328
430
537
641
724
811
877
910
933
954
998
1010
1017
1020
1010
1013
986
943
878
832
795
736
690
657
644
657
655
646
615
619
615
584
564
528
505
506
490
500
515
581
655
723
800
860
931
1016
1059
1118
1164
1264
1342
1395
1432
1442
1453
1453
1428
1408
1393
1419
1423
1420
1414
1392
1382
1354
1296
1227
1168
1141
1101
1079
1067
1065
1096
1109
1118
1117
1137
1165
1168
1172
1174
1182
1206
1207
1200
1162
1160
1138
1082
1027
941
854
775
676
592
514
481
463
418
379
322
280
254
194
161
105
126
152
197
255
327
420
519
586
631
669
736
768
785
799
807
851
892
929
965
1027
1097
1124
1132
1127
1114
1125
1113
1096
1072
1065
1053
1007
953
897
852
839
812
792
751
753
732
673
615
533
454
388
300
228
159
143
126
101
90
61
43
34
-23
-72
-128
-137
-158
-182
-197
-215
-214
-213
-239
-267
-293
-280
-280
-273
-255
-237
-199
-179
-192
-229
-271
-310
-386
-464
-545
-615
-646
-683
-708
-726
-715
-687
-671
-648
-622
-585
-525
-496
-465
-451
-375
-297
-229
-142
-60
38
153
245
337
403
494
550
568
583
558
522
503
453
391
322
299
260
223
194
166
146
122
85
42
0
-9
-43
-85
-140
-202
-233
-274
-340
-429
-516
-591
-696
-804
-912
-993
-1041
-1097
-1140
-1170
-1160
-1125
-1104
-1079
-1051
-1019
-960
-936
-899
-877
-797
-727
-680
-631
-600
-565
-519
-487
-432
-371
-245
-129
-35
60
115
165
208
204
197
176
179
159
121
76
14
-37
-93
-180
-273
-361
-415
-491
-565
-624
-665
-653
-619
-571
-512
-423
-321
-255
-200
-167
-145
-106
-79
-45
-11
47
113
155
191
211
233
274
269
263
227
234
223
187
149
88
24
-36
-125
-206
-299
-332
-378
-438
-485
-558
-622
-687
-784
-871
-944
-993
-1019
-1027
-1009
-992
-928
-837
-758
-670
-560
-427
-339
-257
-172
-109
-27
40
92
119
160
184
166
128
70
13
-11
-29
-33
-39
-7
38
51
50
14
-29
-55
-132
-202
-290
-327
-358
-398
-421
-444
-453
-452
-486
-510
-549
-522
-511
-511
-490
-475
-438
-400
-396
-400
-413
-398
-401
-410
-415
-418
-388
-354
-340
-331
-324
-297
-305
-325
-353
-387
-392
-402
-418
-441
-440
-427
-444
-462
-491
-517
-523
-533
-540
-545
-514
-471
-448
-423
-423
-425
-406
-421
-411
-398
-321
-242
-185
-133
-100
-60
-15
-19
-30
-78
-79
-106
-148
-175
-213
-233
-250
-286
-320
-358
-370
-405
-453
-499
-552
-590
-625
-674
-709
-741
-744
-765
-772
-768
-734
-644
-571
-484
-389
-261
-131
-31
55
124
186
240
277
302
305
328
345
328
317
272
234
207
142
82
12
-12
-31
-59
-73
-92
-97
-78
-96
-109
-145
-124
-126
-145
-154
-174
-182
-194
-228
-265
-307
-318
-349
-382
-406
-433
-427
-412
-406
-393
-368
-319
-302
-293
-292
-295
-274
-271
-276
-291
-276
-249
-248
-251
-262
-273
-270
-281
-290
-303
-268
-222
-187
-133
-93
-49
4
8
6
-23
-24
-37
-63
-75
-92
-89
-70
-99
-123
-174
-172
-189
-212
-215
-211
-175
-128
-96
-65
-36
21
47
55
53
30
17
-10
-64
-127
-182
-209
-276
-356
-439
-508
-568
-640
-706
-776
-795
-786
-780
-778
-780
-789
-813
-877
-960
-1062
-1101
-1129
-1145
-1102
-1042
-952
-842
-772
-703
-655
-579
-516
-454
-376
-303
-211
-104
-41
34
90
185
249
284
311
316
329
335
318
302
285
299
279
245
208
159
125
82
30
-13
-32
-25
-49
-84
-134
-187
-213
-250
-279
-304
-297
-275
-278
-290
-317
-350
-369
-404
-425
-444
-388
-316
-254
-178
-123
-68
-16
-14
-30
-85
-123
-191
-286
-367
-452
-499
-507
-533
-519
-496
-417
-354
-296
-230
-170
-93
-20
26
61
80
112
101
72
38
-6
-28
-52
-74
-74
-36
37
88
134
164
179
199
184
125
56
16
-22
-92
-152
-203
-246
-270
-305
-340
-389
-369
-325
-299
-249
-207
-142
-73
-23
28
83
184
276
342
407
442
486
531
537
549
538
551
530
495
459
411
372
339
294
267
250
271
272
265
256
236
231
213
176
132
101
84
29
-39
-125
-220
-298
-400
-505
-612
-687
-734
-784
-809
-814
-793
-736
-702
-659
-646
-592
-562
-558
-537
-516
-465
-384
-316
-244
-194
-105
-36
14
79
126
187
252
273
295
303
334
333
304
255
183
114
36
-66
-160
-237
-264
-304
-338
-361
-378
-367
-357
-351
-338
-293
-218
-161
-98
-38
22
94
133
154
154
164
176
166
146
118
106
122
98
82
40
43
19
-25
-54
-110
-144
-143
-171
-203
-251
-255
-298
-384
-495
-625
-723
-792
-870
-921
-959
-945
-950
-951
-957
-975
-988
-1002
-1029
-1027
-994
-901
-812
-725
-636
-555
-461
-380
-313
-252
-166
-59
26
119
205
289
387
459
512
539
565
585
568
540
493
451
435
379
330
256
227
185
123
68
1
-48
-73
-111
-127
-149
-108
-88
-93
-92
-117
-127
-128
-150
-162
-170
-146
-141
-155
-181
-223
-247
-267
-306
-344
-374
-370
-389
-411
