0
3
8
3
-2
-8
-33
-86
-94
-114
-122
-137
-135
-143
-133
-129
-148
-187
-190
-208
-214
-221
-212
-209
-176
-147
-138
-141
-96
-88
-74
-68
-61
-58
-45
-47
-81
-113
-112
-121
-117
-106
-93
-80
-53
-51
-70
-80
-79
-105
-127
-155
-184
-208
-222
-259
-328
-369
-407
-443
-474
-501
-533
-562
-586
-622
-678
-671
-666
-640
-609
-560
-521
-466
-411
-380
-364
-314
-282
-244
-218
-185
-169
-134
-116
-132
-167
-162
-185
-197
-206
-204
-202
-186
-184
-210
-235
-235
-255
-264
-273
-276
-275
-256
-247
-261
-256
-242
-241
-237
-221
-200
-161
-108
-71
-60
-24
11
42
76
110
134
160
180
176
147
177
190
218
235
261
268
283
289
268
225
215
179
149
102
61
-1
-44
-101
-186
-280
-335
-409
-470
-524
-567
-605
-620
-638
-675
-706
-705
-721
-726
-729
-728
-720
-695
-683
-690
-678
-651
-630
-611
-579
-553
-519
-482
-475
-491
-479
-469
-459
-446
-426
-411
-383
-351
-342
-364
-334
-332
-319
-312
-298
-295
-278
-263
-255
-258
-213
-193
-165
-152
-122
-101
-44
9
36
53
97
110
116
107
83
40
-4
-70
-161
-239
-280
-325
-347
-355
-348
-328
-288
-263
-267
-253
-237
-238
-245
-252
-271
-286
-301
-340
-402
-437
-462
-484
-497
-495
-491
-462
-425
-406
-414
-365
-340
-307
-282
-252
-233
-201
-170
-159
-168
-136
-141
-140
-157
-163
-182
-184
-200
-241
-283
-289
-310
-322
-327
-320
-308
-282
-274
-299
-320
-313
-322
-325
-330
-330
-321
-288
-258
-247
-203
-150
-98
-47
14
53
89
115
110
82
75
79
88
94
112
128
150
156
134
75
63
19
-17
-60
-88
-119
-125
-130
-149
-187
-173
-196
-207
-225
-229
-241
-232
-233
-250
-254
-223
-207
-178
-153
-133
-123
-106
-112
-155
-196
-215
-248
-267
-275
-274
-266
-253
-269
-320
-344
-361
-380
-398
-405
-414
-412
-401
-402
-421
-411
-396
-376
-356
-326
-307
-267
-231
-223
-248
-227
-237
-244
-255
-257
-266
-263
-268
-297
-347
-342
-369
-378
-391
-383
-376
-347
-324
-323
-328
-317
-335
-358
-388
-413
-436
-435
-441
-465
-469
-441
-419
-379
-326
-268
-209
-147
-106
-92
-46
-5
12
9
-3
-29
-58
-86
-131
-189
-218
-242
-264
-292
-296
-312
-297
-291
-312
-361
-355
-377
-394
-411
-410
-412
-391
-371
-372
-392
-360
-372
-374
-388
-390
-395
-385
-382
-392
-396
-365
-357
-344
-337
-320
-309
-283
-274
-287
-283
-256
-245
-232
-219
-207
-189
-164
-164
-202
-213
-224
-238
-251
-253
-257
-252
-239
-237
-258
-246
-240
-235
-248
-255
-274
-268
-265
-281
-319
-316
-331
-339
-344
-329
-312
-268
-229
-210
-205
-140
-113
-80
-60
-37
-28
-11
-9
-32
-57
-62
-94
-123
-152
-172
-190
-191
-205
-243
-263
-259
-264
-261
-253
-246
-234
-221
-235
-286
-307
-327
-348
-366
-378
-395
-403
-400
-406
-430
-410
-396
-372
-352
-315
-291
-246
-217
-220
-246
-243
-257
-270
-293
-306
-334
-340
-358
-407
-465
-461
-479
-475
-465
-437
-408
-368
-345
-354
-365
-350
-363
-369
-372
-365
-345
-303
-270
-258
-223
-169
-127
-90
-54
-27
-2
21
18
-22
-39
-67
-112
-161
-207
-253
-285
-307
-342
-404
-424
-461
-488
-521
-532
-546
-531
-512
-507
-516
-484
-467
-440
-418
-380
-351
-300
-261
-248
-247
-199
-181
-157
-140
-121
-109
-94
-99
-133
-166
-170
-192
-203
-211
-210
-199
-170
-159
-181
-190
-185
-201
-222
-243
-265
-274
-272
-281
-313
-312
-309
-307
-298
-279
-260
-229
-198
-188
-210
-182
-179
-170
-180
-184
-202
-201
-203
-222
-250
-239
-238
-230
-228
-211
-208
-180
-169
-194
-235
-241
-264
-267
-265
-259
-248
-224
-210
-217
-207
-158
-115
-56
10
80
155
233
282
285
290
300
292
279
267
243
218
190
134
45
-14
-68
-127
-184
-237
-291
-327
-352
-391
-454
-459
-485
-495
-510
-507
-512
-502
-497
-513
-547
-540
-554
-552
-557
-544
-540
-510
-491
-497
-510
-486
-484
-478
-474
-470
-467
-445
-433
-448
-458
-442
-443
-434
-426
-415
-402
-377
-369
-390
-387
-372
-367
-359
-343
-329
-304
-275
-262
-267
-238
-200
-166
-133
-93
-52
6
65
95
86
122
121
121
112
119
126
155
182
186
162
171
144
122
83
60
28
23
5
-40
-90
-116
-158
-199
-238
-273
-311
-337
-368
-425
-472
-482
-495
-490
-475
-452
-423
-381
-363
-381
-382
-384
-401
-424
-442
-463
-463
-452
-451
-474
-469
-459
-448
-442
-433
-431
-411
-394
-394
-412
-358
-319
-270
-232
-195
-176
-153
-142
-154
-184
-160
-162
-146
-140
-118
-110
-87
-79
-96
-112
-95
-91
-72
-47
-17
8
43
55
27
-6
-23
-64
-100
-132
-158
-171
-162
-162
-186
-178
-162
-160
-168
-174
-188
-194
-198
-221
-273
-309
-355
-419
-501
-581
-672
-744
-819
-911
-1019
-1059
-1112
-1148
-1180
-1195
-1211
-1206
-1203
-1221
-1258
-1239
-1247
-1230
-1213
-1168
-1121
-1049
-991
-961
-940
-899
-885
-879
-887
-901
-928
-937
-963
-1013
-1049
-1058
-1074
-1080
-1074
-1067
-1056
-1036
-1037
-1069
-1076
-1085
-1099
-1110
-1110
-1111
-1105
-1090
-1082
-1096
-1090
-1087
-1088
-1093
-1090
-1098
-1081
-1067
-1079
-1121
-1120
-1145
-1166
-1198
-1229
-1270
-1293
-1318
-1361
-1418
-1410
-1426
-1417
-1410
-1383
-1356
-1308
-1269
-1249
-1226
-1174
-1135
-1083
-1028
-968
-916
-861
-836
-858
-884
-900
-940
-977
-1008
-1034
-1049
-1046
-1050
-1075
-1062
-1042
-1027
-1014
-995
-980
-956
-924
-904
-901
-864
-825
-778
-738
-688
-654
-601
-552
-528
-526
-476
-443
-402
-367
-325
-294
-250
-219
-218
-238
-195
-177
-132
-85
-18
47
128
191
222
246
288
304
318
323
324
320
335
338
325
322
325
298
255
210
167
127
102
51
-22
-57
-83
-113
-133
-144
-157
-168
-174
-197
-237
-239
-242
-233
-225
-201
-191
-161
-144
-154
-185
-178
-187
-188
-186
-169
-157
-126
-95
-87
-91
-35
-9
32
68
111
152
207
255
285
321
387
430
474
509
539
558
584
588
561
549
553
533
505
468
421
378
344
296
224
194
174
154
137
128
121
127
146
156
142
165
170
184
191
219
240
281
313
316
295
307
295
289
279
283
283
307
322
308
278
303
297
298
287
273
252
246
232
199
172
176
163
161
155
149
140
140
123
79
61
70
82
108
151
202
266
343
391
410
453
489
512
529
547
570
600
624
636
620
646
649
654
636
623
585
550
503
431
345
299
241
189
132
84
28
-4
-45
-111
-179
-190
-229
-255
-278
-297
-313
-311
-317
-348
-381
-391
-429
-466
-516
-571
-636
-697
-783
-910
-1025
-1130
-1249
-1367
-1481
-1603
-1722
-1845
-1995
-2177
-2326
-2467
-2608
-2748
-2891
-3052
-3216
-3394
-3610
-3876
-4112
-4393
-4679
-4985
-5282
-5587
-5866
-6135
-6404
-6665
-6862
-7057
-7219
-7365
-7474
-7572
-7630
-7685
-7750
-7807
-7799
-7794
-7762
-7716
-7654
-7579
-7474
-7362
-7250
-7104
-6899
-6685
-6443
-6187
-5916
-5631
-5321
-5014
-4725
-4403
-4055
-3710
-3360
-3005
-2659
-2309
-1960
-1639
-1355
-1054
-762
-484
-223
38
282
524
756
946
1099
1296
1468
1635
1779
1919
2024
2114
2170
2178
2145
2135
2082
2029
1959
1908
1855
1833
1802
1751
1691
1662
1596
1521
1433
1343
1253
1174
1086
977
880
819
747
687
625
564
510
478
443
395
388
405
422
444
477
503
531
549
532
476
437
397
348
295
245
194
166
146
111
51
51
26
13
-3
-3
1
33
75
108
129
196
229
267
288
321
343
390
427
440
451
495
519
545
564
580
590
611
617
599
589
608
608
618
636
666
709
767
797
778
760
728
676
622
583
553
545
546
526
475
438
395
343
290
253
215
201
185
139
67
52
15
-3
-29
-39
-63
-61
-64
-86
-139
-140
-172
-185
-209
-209
-215
-192
-173
-171
-165
-122
-94
-65
-41
-22
-7
23
39
31
36
77
104
144
186
234
282
335
366
365
388
412
422
425
434
437
448
460
448
406
379
348
313
276
253
225
220
219
204
173
203
217
245
280
335
391
466
536
579
594
656
677
705
713
725
719
722
704
656
605
575
517
447
361
272
183
116
44
-47
-118
-154
-198
-227
-245
-256
-259
-253
-269
-320
-344
-361
-376
-382
-371
-356
-329
-297
-283
-296
-289
-289
-290
-294
-282
-274
-237
-193
-167
-160
-106
-80
-59
-60
-57
-70
-62
-54
-69
-101
-81
-101
-100
-105
-105
-103
-83
-74
-86
-93
-69
-56
-34
-18
-4
-3
2
-27
-100
-180
-251
-346
-440
-535
-625
-704
-759
-822
-913
-962
-999
-1035
-1066
-1083
-1094
-1093
-1083
-1093
-1130
-1138
-1154
-1165
-1183
-1187
-1199
-1185
-1178
-1200
-1253
-1270
-1311
-1347
-1386
-1412
-1438
-1436
-1428
-1433
-1446
-1394
-1373
-1337
-1312
-1283
-1265
-1238
-1227
-1241
-1256
-1241
-1242
-1234
-1225
-1209
-1193
-1166
-1161
-1192
-1213
-1217
-1239
-1259
-1279
-1301
-1320
-1335
-1374
-1445
-1477
-1503
-1528
-1549
-1563
-1582
-1596
-1605
-1628
-1675
-1690
-1719
-1745
-1781
-1801
-1825
-1821
-1816
-1834
-1872
-1873
-1901
-1934
-1981
-2023
-2073
-2101
-2132
-2193
-2268
-2291
-2340
-2372
-2408
-2431
-2460
-2469
-2485
-2510
-2535
-2533
-2548
-2558
-2568
-2571
-2572
-2556
-2554
-2582
-2592
-2582
-2575
-2559
-2529
-2499
-2453
-2397
-2360
-2357
-2325
-2296
-2273
-2248
-2227
-2215
-2198
-2175
-2166
-2186
-2169
-2176
-2178
-2189
-2182
-2182
-2160
-2141
-2144
-2164
-2141
-2131
-2114
-2101
-2074
-2050
-1999
-1956
-1938
-1932
-1871
-1839
-1793
-1745
-1687
-1631
-1563
-1508
-1479
-1449
-1392
-1358
-1320
-1295
-1275
-1261
-1238
-1236
-1264
-1276
-1274
-1291
-1309
-1321
-1328
-1320
-1303
-1308
-1348
-1361
-1375
-1393
-1409
-1418
-1426
-1421
-1406
-1404
-1422
-1386
-1367
-1335
-1310
-1269
-1237
-1186
-1135
-1099
-1074
-1009
-967
-919
-885
-840
-807
-750
-704
-686
-680
-626
-592
-545
-496
-440
-395
-338
-292
-272
-241
-186
-146
-97
-28
49
134
220
281
299
325
353
364
373
382
388
406
433
447
441
468
504
537
574
622
668
728
793
842
852
907
922
940
934
928
897
869
825
753
661
610
546
502
460
441
418
426
426
396
349
336
299
272
250
243
244
269
292
297
311
359
393
438
486
539
597
667
713
719
733
745
731
701
662
613
575
551
522
483
488
515
550
592
638
674
720
762
776
752
771
756
740
705
669
613
568
523
469
411
415
417
452
491
554
611
693
767
820
878
980
1070
1167
1258
1342
1408
1470
1495
1469
1428
1385
1305
1216
1120
1033
947
880
797
685
609
553
487
434
397
368
357
359
352
328
333
343
353
366
392
411
446
481
498
496
555
590
638
682
740
789
841
884
902
893
926
924
934
931
946
953
981
991
968
934
927
900
883
869
860
849
851
835
789
749
737
710
698
692
690
690
696
680
631
609
596
576
552
538
523
522
529
525
508
524
552
584
619
664
693
728
747
735
696
717
719
735
748
774
796
831
856
848
809
815
783
765
735
719
698
700
694
666
639
641
630
632
641
661
683
719
737
722
712
722
711
707
705
714
727
764
779
763
777
788
792
786
781
775
795
821
835
837
869
902
935
961
991
1008
1033
1043
1013
949
928
884
843
804
782
760
762
761
733
679
680
644
632
624
641
660
704
743
764
788
837
864
889
895
888
864
843
802
733
678
653
621
605
601
602
610
625
616
571
551
535
523
518
527
534
550
575
590
589
619
646
674
690
708
703
709
704
670
611
602
580
575
579
597
614
654
689
698
680
708
694
695
691
703
712
739
760
762
766
792
792
789
775
759
737
724
695
641
608
603
587
577
569
554
539
524
484
409
371
338
309
276
246
211
178
165
142
110
121
147
185
222
271
312
369
413
423
410
441
450
463
474
497
518
558
577
556
503
495
449
415
378
357
342
344
344
324
313
330
335
352
371
389
399
417
418
396
398
430
457
493
532
566
605
654
683
681
713
746
772
792
811
818
827
837
827
788
785
772
767
750
742
718
709
685
629
550
513
466
437
413
407
403
426
440
421
377
380
343
308
265
235
210
210
215
217
235
294
344
407
468
528
579
632
658
650
661
699
729
757
779
780
772
759
716
636
585
542
511
498
505
517
539
573
583
560
573
557
550
524
512
488
478
466
434
377
364
338
325
306
296
272
268
251
204
143
135
108
93
78
71
67
85
95
88
92
126
134
148
151
160
171
194
197
168
162
178
188
201
216
226
238
249
234
187
170
157
146
144
148
147
150
154
141
107
130
138
160
175
205
221
247
261
252
225
235
228
235
235
248
247
268
282
275
264
301
316
338
360
386
414
458
498
520
553
620
666
714
751
779
796
813
802
753
719
698
665
636
619
606
609
620
611
576
570
566
551
530
503
463
428
394
341
261
243
202
186
161
163
163
189
226
250
262
315
338
374
408
445
462
509
547
560
567
615
639
668
684
689
672
656
610
529
447
394
328
273
223
180
148
138
122
80
67
82
100
133
181
224
271
315
331
311
305
290
261
231
206
181
177
179
161
114
123
106
103
98
109
114
133
155
165
164
207
219
233
223
219
196
194
180
140
97
90
71
68
79
108
149
214
274
313
362
439
494
553
604
640
661
678
662
602
551
500
437
378
330
282
248
224
187
130
100
77
54
34
22
4
6
9
-12
-61
-53
-67
-64
-56
-27
4
56
112
149
173
243
280
337
374
428
465
521
564
593
615
667
696
727
747
761
763
773
764
724
690
683
656
637
619
597
573
557
516
444
397
359
316
283
257
232
218
216
199
162
153
151
148
140
139
129
144
166
173
157
195
204
217
222
231
231
245
254
241
209
226
204
192
166
155
135
129
104
48
-16
-58
-114
-155
-183
-194
-197
-179
-177
-205
-223
-216
-220
-209
-186
-149
-99
-35
6
12
43
72
88
97
105
100
96
91
66
17
-3
-18
-26
-33
-26
-24
-2
16
10
-18
12
28
59
91
128
150
177
191
182
161
204
220
253
273
305
318
334
333
294
255
236
194
163
134
124
123
140
152
142
153
195
222
253
280
303
323
343
340
308
306
307
304
296
296
284
271
257
227
174
154
130
120
113
123
122
139
147
130
92
102
95
97
97
109
114
137
151
138
107
132
122
126
122
125
115
115
99
58
15
-1
-33
-54
-73
-84
-91
-81
-83
-109
-115
-92
-76
-48
-11
31
84
146
186
188
213
232
240
243
247
240
232
227
205
161
154
140
133
115
109
87
85
79
53
14
21
12
9
3
11
14
43
67
64
37
59
39
30
20
27
36
63
86
91
107
144
159
180
194
216
234
261
265
219
181
164
135
115
112
117
134
156
156
120
115
103
79
50
26
-7
-34
-55
-91
-146
-160
-193
-224
-271
-303
-338
-350
-365
-391
-427
-415
-413
-399
-386
-360
-342
-302
-275
-283
-310
-281
-273
-241
-199
-141
-79
1
71
118
163
232
275
315
336
340
330
327
307
260
231
219
197
178
163
146
134
121
76
-6
-58
-102
-144
-176
-196
-212
-214
-207
-217
-253
-243
-256
-261
-280
-287
-308
-311
-319
-347
-393
-400
-415
-412
-410
-394
-391
-369
-362
-388
-429
-418
-429
-424
-414
-388
-356
-303
-254
-228
-200
-145
-113
-71
-34
5
37
75
91
68
70
85
91
95
98
98
117
140
136
103
100
96
83
72
67
65
74
84
70
19
19
1
0
-8
3
3
22
33
24
-4
10
-2
-4
-14
-8
-14
7
16
-8
-49
-53
-83
-104
-121
-132
-144
-144
-155
-188
-213
-203
-205
-196
-185
-166
-138
-89
-53
-47
-23
9
22
30
36
32
37
49
42
11
10
13
7
1
-2
-6
5
20
13
-19
10
22
54
84
131
165
210
243
250
235
262
266
284
293
318
333
366
376
345
291
260
195
130
66
17
-18
-26
-38
-75
-106
-109
-130
-141
-152
-162
-169
-164
-177
-222
-246
-264
-295
-328
-360
-389
-406
-407
-421
-460
-467
-471
-476
-485
-491
-498
-486
-467
-467
-494
-458
-443
-413
-386
-347
-313
-262
-214
-189
-185
-145
-137
-123
-126
-115
-116
-96
-92
-121
-158
-166
-197
-219
-237
-246
-250
-233
-220
-227
-221
-182
-160
-128
-98
-71
-47
-22
-27
-74
-106
-134
-166
-196
-219
-248
-266
-270
-275
-289
-267
-237
-208
-177
-136
-103
-55
-13
0
-19
12
12
16
9
7
-10
-21
-41
-81
-138
-142
-171
-175
-184
-173
-168
-137
-116
-119
-125
-108
-117
-126
-138
-142
-141
-121
-113
-132
-138
-109
-90
-58
-23
14
55
107
140
141
168
199
222
243
266
283
302
327
332
315
331
353
386
421
458
480
500
510
481
412
384
341
309
282
271
261
267
265
228
154
112
21
-66
-167
-248
-328
-372
-409
-461
-501
-506
-515
-510
-505
-498
-488
-462
-451
-471
-480
-461
-456
-442
-427
-414
-399
-378
-377
-403
-392
-373
-360
-352
-341
-339
-334
-325
-328
-346
-325
-294
-254
-213
-155
-110
-51
-6
3
-23
-7
-17
-28
-47
-62
-86
-95
-109
-141
-183
-155
-152
-123
-97
-56
-27
13
40
47
57
91
104
117
124
133
137
155
159
138
132
151
151
150
146
140
135
130
95
20
-27
-77
-133
-189
-238
-290
-329
-353
-381
-424
-421
-410
-377
-340
-285
-236
-178
-129
-118
-140
-130
-153
-173
-182
-178
-183
-160
-137
-137
-154
-111
-102
-74
-53
-25
-6
24
46
45
48
75
89
109
126
146
164
190
198
168
146
148
142
141
142
142
148
165
165
141
160
187
212
241
278
310
343
376
390
377
388
370
339
283
234
172
142
121
92
54
63
57
59
56
57
37
18
-26
-108
-213
-261
-336
-387
-432
-463
-493
-509
-533
-577
-615
-617
-629
-625
-621
-611
-599
-571
-559
-577
-581
-571
-582
-596
-607
-617
-618
-610
-623
-665
-670
-671
-673
-673
-665
-658
-643
-621
-612
-627
-602
-597
-588
-589
-572
-565
-540
-521
-526
-557
-553
-580
-595
-617
-622
-624
-597
-568
-568
-580
-554
-570
-590
-630
-678
-736
-784
-836
-902
-957
-974
-1008
-1028
-1047
-1063
-1084
-1092
-1125
-1188
-1234
-1257
-1283
-1299
-1306
-1323
-1338
-1348
-1378
-1435
-1455
-1468
-1481
-1484
-1480
-1477
-1468
-1458
-1470
-1513
-1508
-1520
-1512
-1500
-1455
-1406
-1326
-1241
-1172
-1119
-1031
-964
-890
-828
-762
-715
-652
-610
-607
-629
-610
-622
-627
-636
-639
-644
-632
-629
-654
-678
-676
-696
-706
-716
-721
-724
-716
-729
-772
-792
-791
-794
-786
-763
-733
-685
-624
-584
-574
-541
-509
-484
-456
-423
-390
-343
-294
-271
-288
-264
-269
-262
-258
-232
-213
-178
-152
-148
-164
-147
-161
-170
-196
-211
-239
-246
-257
-292
-333
-323
-336
-333
-337
-329
-326
-309
-312
-336
-352
-333
-332
-312
-286
-254
-222
-180
-160
-167
-155
-134
-124
-110
-83
-50
-1
60
99
110
140
169
181
194
210
226
257
295
314
305
351
367
385
387
393
384
388
387
364
323
324
300
291
276
283
284
315
335
331
324
355
367
386
404
426
447
484
510
508
510
536
540
553
570
587
603
624
622
584
565
557
545
537
540
542
558
582
589
570
573
579
577
571
565
552
553
552
520
451
433
386
349
306
273
228
194
157
106
49
55
46
60
70
99
120
160
193
199
206
247
271
309
341
377
409
448
472
463
457
487
504
521
544
575
614
669
706
710
736
767
786
803
823
839
858
873
856
807
773
733
678
609
536
454
392
331
263
182
169
142
133
124
131
138
165
192
204
199
244
259
290
307
330
333
347
344
313
281
277
256
238
210
175
128
83
7
-109
-226
-320
-429
-528
-627
-733
-849
-972
-1124
-1312
-1477
-1641
-1811
-1981
-2140
-2304
-2464
-2626
-2808
-3017
-3207
-3402
-3605
-3816
-4024
-4246
-4450
-4660
-4895
-5154
-5360
-5588
-5807
-6031
-6243
-6456
-6642
-6820
-7005
-7190
-7299
-7420
-7503
-7570
-7596
-7604
-7573
-7533
-7500
-7450
-7354
-7256
-7137
-7004
-6846
-6660
-6435
-6190
-5952
-5671
-5342
-5012
-4658
-4299
-3929
-3546
-3137
-2752
-2400
-2019
-1645
-1290
-951
-632
-341
-66
194
422
613
825
1023
1209
1369
1522
1646
1777
1889
1965
2005
2082
2126
2152
2147
2126
2075
2022
1951
1850
1734
1684
1607
1552
1495
1456
1418
1403
1381
1339
1297
1282
1251
1231
1210
1194
1174
1163
1128
1058
999
961
908
860
818
778
747
726
683
608
568
531
490
450
418
387
368
362
345
307
304
295
290
271
259
230
222
212
180
132
135
129
136
142
159
166
190
203
190
160
189
186
199
205
215
211
214
200
162
126
124
115
128
150
182
212
252
270
253
251
266
265
267
264
261
272
300
328
329
372
410
449
477
505
517
535
552
547
506
499
473
453
425
412
386
386
384
362
326
334
327
329
322
322
310
325
329
305
257
270
257
263
273
298
322
358
373
354
324
311
273
241
212
193
179
181
167
128
104
99
77
56
38
20
13
17
4
-42
-60
-80
-104
-126
-142
-159
-169
-173
-189
-225
-212
-215
-208
-211
-199
-200
-182
-169
-180
-208
-195
-198
-190
-187
-168
-153
-107
-66
-50
-46
7
27
50
68
93
120
165
200
209
217
248
246
241
226
211
196
195
178
133
106
93
60
26
-8
-42
-65
-78
-104
-156
-166
-171
-179
-183
-195
-214
-231
-249
-278
-333
-348
-383
-407
-440
-455
-473
-468
-463
-477
-510
-511
-538
-560
-596
-621
-658
-666
-679
-716
-764
-766
-790
-795
-789
-771
-738
-679
-625
-593
-560
-504
-472
-434
-400
-370
-341
-297
-271
-282
-283
-283
-309
-346
-388
-441
-485
-523
-578
-658
-705
-747
-796
-850
-906
-968
-1022
-1074
-1144
-1237
-1269
-1319
-1350
-1383
-1393
-1403
-1387
-1371
-1377
-1405
-1400
-1423
-1440
-1465
-1474
-1491
-1481
-1482
-1512
-1554
-1560
-1587
-1604
-1616
-1618
-1618
-1607
-1614
-1657
-1707
-1742
-1811
-1881
-1952
-2016
-2066
-2088
-2106
-2136
-2131
-2106
-2087
-2068
-2048
-2040
-2032
-2027
-2047
-2095
-2114
-2124
-2133
-2128
-2122
-2115
-2103
-2092
-2100
-2142
-2123
-2134
-2134
-2142
-2124
-2119
-2102
-2090
-2109
-2156
-2169
-2219
-2263
-2325
-2381
-2448
-2493
-2543
-2618
-2692
-2731
-2782
-2819
-2851
-2871
-2886
-2880
-2879
-2894
-2904
-2886
-2887
-2882
-2882
-2884
-2886
-2873
-2872
-2894
-2885
-2861
-2840
-2817
-2787
-2764
-2736
-2707
-2698
-2715
-2705
-2682
-2654
-2621
-2579
-2540
-2483
-2429
-2407
-2424
-2395
-2397
-2391
-2389
-2375
-2364
-2336
-2308
-2295
-2294
-2241
-2214
-2169
-2125
-2053
-1974
-1855
-1730
-1616
-1503
-1370
-1277
-1203
-1154
-1125
-1123
-1133
-1179
-1268
-1354
-1413
-1483
-1542
-1596
-1641
-1678
-1699
-1734
-1791
-1812
-1815
-1810
-1794
-1762
-1731
-1688
-1636
-1596
-1579
-1546
-1519
-1496
-1470
-1424
-1377
-1305
-1236
-1195
-1189
-1129
-1101
-1066
-1032
-990
-949
-903
-869
-867
-879
-847
-843
-820
-790
-735
-677
-600
-531
-484
-439
-369
-322
-278
-237
-193
-155
-102
-62
-47
-18
34
68
104
142
171
203
240
260
249
266
289
308
328
354
375
404
438
456
455
485
522
563
600
643
666
699
720
711
679
700
699
700
688
674
645
628
607
569
519
532
514
514
508
517
520
539
547
530
511
520
519
531
548
571
590
616
620
591
575
585
581
586
595
605
621
646
653
632
644
661
673
686
709
726
745
763
761
735
737
740
749
754
774
787
827
866
880
865
889
886
889
889
895
898
911
914
888
834
843
814
803
789
786
786
804
810
809
824
880
924
974
1014
1045
1067
1095
1102
1080
1079
1106
1129
1165
1206
1246
1280
1309
1306
1260
1231
1186
1113
1034
961
893
845
816
783
736
728
711
696
669
655
630
630
630
607
561
554
530
515
498
494
488
515
548
569
582
655
693
744
786
831
864
902
922
913
900
904
880
853
815
773
728
702
672
629
613
624
625
629
633
629
633
647
645
613
610
598
576
555
543
533
536
550
551
527
543
548
567
582
616
638
676
701
694
658
654
628
608
587
582
578
605
626
621
595
631
627
641
648
658
667
680
685
672
664
690
707
722
726
734
736
746
730
679
643
632
613
607
614
630
659
700
720
709
727
743
745
742
739
733
742
751
738
699
703
689
686
673
674
657
648
627
584
527
512
488
481
474
484
491
527
557
562
558
607
628
656
679
708
737
779
809
811
811
837
843
858
870
884
896
917
917
885
873
882
885
891
901
902
904
900
868
804
774
750
723
703
694
688
700
725
741
736
788
823
873
914
965
998
1037
1063
1064
1046
1065
1062
1060
1032
1000
941
893
824
725
612
542
450
372
307
259
227
218
213
191
179
212
226
259
291
325
356
402
415
383
357
340
304
268
238
209
200
204
197
171
177
193
207
228
260
296
342
389
409
395
429
438
445
437
433
420
422
422
408
385
413
423
447
454
466
461
480
491
484
481
524
552
588
621
659
702
762
811
831
852
897
916
936
945
946
937
928
891
818
766
727
680
634
594
548
511
479
428
352
299
251
200
155
119
83
67
62
44
4
27
27
42
53
78
93
119
136
131
104
120
107
109
102
114
119
150
173
174
172
201
213
234
258
293
333
390
432
438
444
474
481
500
515
532
559
597
624
618
634
659
670
685
714
740
791
856
914
956
1020
1080
1110
1108
1075
1000
913
808
666
493
386
270
187
116
68
26
9
-7
-39
-94
-97
-130
-144
-161
-157
-163
-149
-148
-171
-198
-198
-216
-223
-226
-220
-206
-170
-140
-130
-105
-46
-1
52
105
161
224
300
356
377
418
456
478
496
522
547
581
615
623
597
583
560
528
489
457
415
395
377
340
283
286
278
286
297
321
341
377
414
438
453
531
581
646
692
742
770
797
792
744
677
620
535
452
373
311
263
245
227
190
172
184
181
184
189
192
200
211
200
145
116
87
44
3
-31
-65
-84
-98
-115
-134
-115
-89
-47
-4
51
96
162
221
255
258
305
326
354
370
387
387
392
383
342
276
271
232
210
184
170
149
154
152
131
111
114
99
88
74
65
59
73
76
57
60
94
117
147
183
225
286
371
453
516
617
723
825
928
1039
1141
1241
1332
1387
1391
1396
1365
1307
1216
1117
997
893
784
654
509
419
324
248
180
133
90
76
59
15
-49
-56
-98
-124
-153
-164
-172
-158
-148
-157
-161
-133
-119
-94
-69
-41
-17
22
42
27
20
31
25
24
27
29
38
57
59
31
36
45
49
56
67
76
93
116
142
148
198
234
267
279
306
315
343
372
390
396
454
506
574
639
700
730
756
741
668
549
461
326
208
94
8
-65
-108
-149
-200
-250
-274
-311
-325
-325
-306
-273
-217
-174
-162
-136
-94
-69
-43
-16
5
30
58
66
45
64
91
118
151
191
230
275
322
348
340
367
373
386
387
399
391
391
376
337
284
276
258
252
242
239
220
216
198
154
97
97
71
62
59
73
93
136
179
210
255
333
393
459
518
575
629
691
736
754
794
851
887
911
910
868
797
704
571
400
264
142
34
-45
-92
-117
-119
-103
-97
-114
-82
-77
-72
-75
-69
-76
-75
-88
-119
-169
-170
-189
-199
-211
-207
-209
-179
-157
-157
-165
-122
-100
-66
-27
23
70
121
153
150
147
168
170
190
221
267
321
388
438
450
468
484
474
455
435
407
385
367
331
268
236
205
174
155
149
147
158
173
165
124
132
115
110
97
98
86
91
94
80
49
59
50
53
45
47
31
35
24
-11
-49
-41
-49
-46
-42
-32
-25
-5
4
-8
-16
5
7
16
22
26
30
47
50
27
32
57
76
99
125
146
173
203
211
195
205
219
221
215
203
180
170
165
147
109
137
148
174
193
222
246
281
307
314
300
333
343
363
375
391
401
436
455
439
421
442
446
454
462
469
475
487
471
410
341
288
212
146
82
33
-3
-19
-43
-89
-105
-102
-107
-113
-105
-96
-74
-49
-49
-78
-85
-90
-97
-106
-115
-133
-132
-126
-135
-165
-134
-124
-101
-85
-57
-39
-9
16
21
7
35
29
33
29
45
53
85
105
99
87
105
104
106
106
110
117
143
161
153
153
181
189
204
218
232
248
272
276
245
233
222
200
175
157
135
124
120
103
71
72
84
107
145
208
279
380
491
579
635
741
815
887
938
978
988
992
970
915
828
790
720
663
594
528
453
393
327
242
153
89
18
-50
-132
-213
-293
-351
-412
-490
-553
-580
-616
-637
-648
-651
-640
-611
-595
-609
-589
-560
-532
-505
-464
-426
-374
-317
-277
-252
-197
-140
-87
-41
11
52
111
162
180
165
194
198
208
214
229
238
261
277
268
237
259
246
249
243
251
251
268
275
254
223
207
162
119
73
36
4
-3
-16
-50
-67
-54
-56
-53
-50
-47
-38
-20
-27
-70
-82
-90
-102
-114
-118
-125
-124
-117
-127
-162
-177
-196
-212
-230
-229
-232
-205
-175
-165
-179
-149
-143
-132
-125
-110
-99
-69
-43
-38
-50
-1
20
59
89
128
161
212
253
277
301
363
407
460
512
557
596
631
637
589
538
504
454
413
378
342
318
301
260
188
149
119
92
71
61
55
60
77
78
60
79
95
116
125
145
153
180
198
188
154
160
145
132
112
98
77
78
72
43
-2
12
-10
-18
-33
-39
-45
-30
-16
-18
-15
19
35
58
76
93
101
116
109
64
23
-9
-61
-110
-153
-194
-224
-242
-278
-340
-368
-393
-418
-430
-422
-404
-368
-320
-285
-282
-253
-246
-241
-253
-258
-282
-291
-312
-360
-430
-460
-504
-536
-569
-588
-612
-609
-607
-624
-652
-618
-608
-581
-556
-524
-498
-465
-446
-454
-465
-446
-447
-438
-435
-437
-442
-442
-461
-509
-545
-554
-578
-585
-583
-573
-555
-516
-490
-489
-461
-439
-437
-448
-471
-515
-566
-621
-704
-821
-893
-974
-1033
-1090
-1123
-1154
-1151
-1139
-1141
-1152
-1125
-1111
-1096
-1093
-1083
-1083
-1059
-1047
-1063
-1093
-1071
-1079
-1081
-1088
-1092
-1096
-1083
-1074
-1085
-1091
-1070
-1067
-1054
-1037
-1013
-988
-950
-929
-937
-929
-902
-885
-865
-840
-816
-777
-725
-690
-686
-655
-630
-619
-616
-617
-629
-641
-655
-688
-746
-752
-781
-802
-835
-851
-875
-877
-881
-903
-946
-957
-990
-1011
-1035
-1038
-1044
-1018
-996
-988
-978
-915
-879
-837
-800
-764
-739
-711
-699
-712
-720
-696
-688
-669
-652
-634
-607
-567
-540
-542
-532
-509
-506
-495
-474
-458
-433
-410
-410
-427
-414
-406
-399
-385
-364
-344
-310
-273
-255
-265
-224
-208
-182
-163
-129
-100
-54
-7
25
44
107
156
220
278
345
385
441
476
475
460
481
480
483
484
486
483
491
483
448
415
408
377
351
323
301
283
278
259
214
196
195
189
190
207
230
272
328
373
401
462
529
588
642
693
727
764
792
793
757
776
766
760
739
729
715
721
730
726
709
738
740
749
743
747
738
748
740
699
649
634
603
583
569
567
573
600
616
606
600
621
628
644
661
681
707
743
759
742
746
753
746
733
725
706
698
685
659
613
593
584
567
553
543
539
548
560
555
520
541
537
544
549
570
583
614
640
647
631
664
663
681
687
710
722
758
782
777
766
773
756
743
730
723
722
745
758
744
732
738
717
694
668
645
630
632
622
583
573
569
554
537
527
513
505
499
476
433
420
417
415
411
413
405
417
432
425
390
409
395
376
332
278
196
113
14
-115
-275
-391
-545
-688
-845
-990
-1145
-1280
-1427
-1601
-1780
-1936
-2114
-2291
-2474
-2657
-2843
-3015
-3203
-3419
-3628
-3815
-4026
-4241
-4465
-4694
-4919
-5134
-5367
-5626
-5847
-6050
-6245
-6423
-6583
-6740
-6881
-7004
-7126
-7252
-7329
-7375
-7400
-7401
-7371
-7332
-7247
-7157
-7076
-7013
-6867
-6715
-6520
-6306
-6052
-5783
-5480
-5172
-4877
-4596
-4252
-3936
-3599
-3270
-2926
-2595
-2257
-1937
-1648
-1366
-1064
-791
-516
-254
4
247
495
709
882
1044
1206
1329
1434
1521
1594
1661
1725
1758
1749
1760
1765
1756
1740
1728
1713
1705
1700
1680
1639
1625
1607
1591
1569
1559
1540
1541
1535
1499
1432
1410
1367
1329
1285
1247
1197
1163
1125
1068
1001
1004
981
981
981
999
1016
1050
1070
1061
1042
1038
1005
968
919
866
807
759
690
591
508
457
400
359
333
318
319
335
335
306
317
335
348
355
360
356
354
353
338
305
314
322
337
346
368
380
417
441
443
420
440
448
460
470
480
468
473
465
417
353
348
313
298
286
294
311
353
392
416
447
511
551
598
637
680
721
773
800
794
799
824
836
840
844
839
829
808
748
643
565
488
414
351
300
250
209
181
149
107
117
122
141
158
196
226
277
320
337
329
356
363
375
377
387
386
402
399
357
284
253
187
131
73
30
-10
-30
-50
-79
-90
-56
-30
6
38
72
105
148
171
158
160
184
200
225
262
301
351
401
423
408
417
420
409
392
374
348
326
310
280
225
213
182
165
144
148
146
166
179
165
129
124
103
81
56
38
14
20
12
-18
-68
-69
-95
-99
-108
-104
-83
-32
21
58
98
164
202
234
254
264
275
296
302
276
267
269
247
211
166
106
49
0
-71
-165
-218
-257
-294
-325
-353
-392
-426
-460
-512
-592
-620
-666
-693
-718
-719
-730
-724
-722
-737
-766
-755
-765
-768
-784
-793
-816
-816
-829
-868
-915
-912
-927
-925
-918
-903
-887
-858
-841
-849
-851
-824
-821
-815
-817
-818
-818
-802
-804
-844
-873
-898
-935
-970
-996
-1022
-1034
-1037
-1056
-1098
-1114
-1128
-1150
-1167
-1178
-1190
-1187
-1176
-1183
-1221
-1210
-1231
-1249
-1283
-1306
-1341
-1363
-1395
-1455
-1538
-1585
-1654
-1708
-1766
-1805
-1849
-1868
-1903
-1964
-2043
-2084
-2141
-2187
-2213
-2227
-2230
-2214
-2197
-2211
-2220
-2211
-2220
-2223
-2227
-2233
-2236
-2228
-2239
-2285
-2314
-2336
-2363
-2385
-2400
-2413
-2414
-2412
-2426
-2465
-2474
-2476
-2477
-2485
-2486
-2493
-2476
-2459
-2471
-2521
-2524
-2561
-2596
-2646
-2686
-2733
-2761
-2789
-2832
-2886
-2892
-2920
-2927
-2933
-2914
-2896
-2846
-2801
-2776
-2756
-2698
-2655
-2605
-2560
-2518
-2481
-2433
-2397
-2386
-2368
-2329
-2318
-2313
-2324
-2350
-2391
-2437
-2513
-2624
-2709
-2783
-2863
-2939
-2997
-3044
-3065
-3070
-3084
-3111
-3100
-3067
-3021
-2961
-2880
-2793
-2683
-2574
-2492
-2445
-2352
-2292
-2231
-2182
-2126
-2077
-2006
-1928
-1861
-1809
-1708
-1644
-1578
-1535
-1488
-1460
-1416
-1386
-1377
-1365
-1310
-1257
-1188
-1113
-1045
-981
-906
-847
-808
-768
-706
-671
-639
-608
-577
-555
-522
-511
-534
-535
-530
-525
-512
-488
-469
-441
-409
-390
-394
-369
-343
-323
-309
-295
-295
-277
-263
-272
-304
-286
-281
-258
-230
-184
-139
-73
-10
35
63
145
193
254
301
359
400
451
484
493
505
547
573
602
624
641
650
673
685
678
691
740
778
825
875
929
991
1065
1120
1140
1184
1226
1256
1281
1310
1331
1353
1368
1352
1303
1273
1241
1214
1190
1189
1192
1228
1265
1280
1268
1300
1303
1300
1280
1253
1209
1175
1132
1068
989
972
927
902
871
855
834
831
822
794
772
784
789
812
842
879
917
971
1007
1024
1046
1095
1124
1155
1189
1213
1237
1259
1248
1200
1183
1145
1082
1014
955
902
865
844
817
781
781
789
807
826
861
891
942
990
1016
1016
1053
1064
1072
1062
1050
1017
999
982
944
889
895
872
871
873
890
907
942
968
972
976
1010
1028
1058
1089
1122
1151
1190
1210
1201
1203
1218
1213
1206
1196
1183
1174
1168
1135
1064
1024
989
956
932
922
916
924
943
951
936
953
954
955
940
938
924
935
948
945
927
951
956
963
962
966
962
980
989
970
932
952
942
948
957
981
1007
1045
1070
1070
1069
1088
1082
1081
1076
1078
1082
1104
1109
1085
1073
1074
1059
1047
1042
1035
1042
1053
1042
1010
1007
1012
1009
1010
1016
1032
1052
1080
1093
1089
1122
1133
1136
1116
1104
1071
1055
1032
987
926
908
875
856
840
838
832
850
863
855
845
895
927
978
1036
1101
1158
1219
1259
1263
1261
1284
1290
1309
1333
1361
1386
1416
1418
1380
1350
1329
1288
1246
1207
1165
1130
1098
1046
970
931
896
856
814
775
733
706
695
682
656
686
703
733
754
790
815
853
877
869
835
836
821
823
827
848
862
902
930
931
917
948
953
966
977
989
994
1004
995
955
918
917
903
902
903
909
920
942
940
897
863
833
788
749
726
710
713
730
734
721
742
775
797
820
846
862
892
918
916
879
880
853
830
789
766
734
724
714
688
656
668
665
674
671
679
677
691
685
647
597
596
577
577
589
615
644
692
724
731
738
765
767
774
779
786
797
823
834
820
827
843
840
835
834
834
853
889
914
910
927
939
939
934
930
919
923
933
926
895
929
947
983
1013
1056
1082
1110
1119
1096
1048
1036
994
962
918
889
849
830
793
723
639
591
530
487
454
431
410
404
388
349
320
322
306
299
293
293
299
323
337
325
336
356
364
368
378
384
400
426
440
441
479
529
577
622
668
700
755
803
828
819
859
877
900
913
931
925
931
934
906
851
846
811
790
758
745
719
713
686
628
565
540
504
485
473
472
480
508
523
511
505
524
521
511
491
473
460
466
467
444
448
455
446
423
398
364
337
315
280
234
222
221
222
223
231
231
250
272
274
247
273
275
290
306
335
356
388
411
410
391
425
433
462
486
527
564
624
674
699
723
773
803
833
858
886
916
964
998
996
990
996
977
962
952
948
950
965
962
926
914
900
872
835
797
748
702
660
605
534
499
480
473
473
487
492
515
531
520
485
503
502
505
501
500
481
485
480
460
418
427
399
392
369
358
346
364
377
377
383
420
445
475
497
516
523
534
526
490
470
486
492
514
541
570
599
637
649
632
646
663
664
654
641
616
592
572
538
484
462
445
436
431
445
450
477
502
503
480
505
509
517
518
521
511
515
512
489
450
473
463
471
470
478
478
494
502
492
486
506
507
511
509
506
497
499
484
440
407
399
381
370
363
357
357
365
354
312
303
301
301
307
320
332
358
395
423
430
468
497
530
551
582
600
637
664
660
628
639
632
632
627
630
625
637
635
605
545
530
483
447
421
423
433
475
517
559
611
685
730
764
776
779
777
795
802
787
789
805
796
785
765
736
710
688
652
590
568
555
548
548
555
553
558
565
549
499
478
444
419
389
371
338
322
298
245
165
119
51
-10
-72
-117
-162
-175
-185
-208
-234
-192
-172
-133
-97
-54
-20
25
61
76
93
133
144
157
165
174
179
198
205
187
186
206
214
233
263
303
357
414
443
432
444
448
438
419
398
370
348
329
292
231
220
200
203
210
243
269
314
348
355
338
354
351
355
350
353
346
363
374
362
338
366
368
375
380
384
384
397
393
369
346
347
330
310
293
284
274
272
264
235
234
258
285
327
384
439
501
563
604
609
636
654
652
643
625
590
557
523
469
387
351
295
265
240
242
241
262
281
284
274
306
320
344
358
385
401
441
469
471
462
498
507
523
537
551
559
571
557
504
445
408
349
303
264
238
219
215
197
151
126
120
110
109
118
127
144
162
156
120
111
103
89
75
63
47
48
60
62
42
81
101
136
161
199
225
265
301
323
333
386
418
459
486
519
528
544
533
483
418
390
337
294
255
222
183
161
126
73
29
18
-8
-30
-44
-58
-72
-76
-103
-153
-161
-143
-126
-94
-46
2
60
123
163
180
220
256
276
287
298
299
315
331
333
309
343
345
353
346
353
346
350
355
353
343
386
405
435
449
469
470
488
488
459
422
421
405
395
386
377
364
367
359
331
317
342
353
374
393
406
413
424
413
372
355
348
331
314
307
299
300
304
287
250
244
252
266
287
317
340
375
401
395
350
354
327
308
285
277
264
265
265
248
216
236
229
235
226
227
212
214
201
160
114
99
65
35
3
-24
-47
-50
-59
-86
-96
-71
-53
-21
14
50
87
130
142
126
129
138
141
140
155
166
197
229
243
233
241
249
256
264
287
301
328
339
307
240
225
182
137
83
32
-20
-52
-78
-112
-149
-120
-119
-99
-84
-51
-33
-8
-10
-50
-98
-121
-157
-180
-194
-192
-178
-143
-118
-117
-104
-59
-22
28
85
142
197
253
280
270
281
290
289
285
285
275
267
258
233
191
179
170
164
157
158
148
155
160
144
108
132
142
166
188
217
237
273
303
307
287
318
312
321
318
322
310
308
286
237
181
144
82
21
-47
-117
-191
-247
-315
-405
-478
-521
-573
-611
-635
-649
-649
-635
-638
-666
-665
-660
-665
-675
-674
-677
-668
-647
-645
-661
-657
-648
-637
-630
-612
-591
-539
-482
-448
-435
-382
-354
-331
-330
-342
-376
-407
-455
-529
-620
-645
-695
-728
-763
-786
-817
-837
-868
-917
-951
-947
-947
-926
-898
-863
-838
-814
-819
-864
-900
-916
-947
-968
-977
-980
-975
-963
-972
-1008
-1010
-1010
-1015
-1014
-996
-969
-927
-877
-841
-832
-798
-782
-769
-772
-768
-781
-781
-791
-823
-871
-872
-890
-902
-920
-931
-955
-960
-973
-1007
-1054
-1030
-1024
-991
-956
-907
-865
-814
-781
-776
-774
-748
-741
-729
-723
-718
-721
-721
-749
-813
-862
-887
-918
-937
-946
-952
-949
-932
-930
-950
-932
-908
-885
-860
-824
-792
-750
-699
-659
-631
-564
-503
-435
-380
-310
-260
-200
-146
-124
-140
-120
-119
-110
-108
-100
-102
-75
-54
-60
-80
-45
-37
-15
6
33
62
100
120
106
89
91
73
62
48
47
56
81
92
78
85
112
127
146
172
198
234
280
310
316
356
394
418
434
448
453
464
477
472
442
464
480
522
569
640
701
778
845
883
896
941
963
988
1000
1016
1011
1017
998
938
857
827
774
736
701
672
639
620
591
536
479
446
394
354
323
308
310
341
370
386
433
506
569
629
679
703
713
710
674
604
564
529
493
464
447
432
432
438
427
390
406
407
429
449
494
521
569
611
632
641
674
679
682
684
699
707
743
764
750
718
723
708
704
695
689
676
681
683
668
657
676
669
668
661
654
652
669
675
649
644
658
670
686
708
723
745
771
779
763
782
810
832
851
864
863
863
856
826
764
755
722
701
674
668
657
660
648
604
531
493
428
378
327
299
267
269
265
240
212
227
224
234
247
268
289
324
345
340
336
355
345
328
295
248
187
119
15
-139
-292
-453
-642
-843
-1044
-1248
-1438
-1619
-1814
-2024
-2197
-2357
-2519
-2677
-2831
-2994
-3152
-3323
-3529
-3776
-3978
-4212
-4435
-4659
-4865
-5075
-5272
-5480
-5714
-5970
-6190
-6428
-6641
-6849
-7016
-7178
-7290
-7397
-7492
-7567
-7574
-7577
-7543
-7489
-7415
-7331
-7215
-7097
-6982
-6829
-6614
-6390
-6130
-5850
-5553
-5238
-4904
-4582
-4289
-3979
-3666
-3371
-3080
-2786
-2493
-2193
-1886
-1596
-1325
-1028
-726
-431
-144
139
403
668
915
1121
1280
1479
1638
1787
1908
2016
2093
2159
2192
2178
2122
2099
2041
1998
1943
1903
1853
1826
1785
1716
1635
1575
1492
1418
1352
1305
1268
1255
1233
1182
1132
1105
1058
1018
979
944
919
916
909
883
893
911
921
925
931
924
916
906
876
824
796
768
738
707
689
667
666
660
628
570
568
550
546
546
560
574
608
643
662
667
733
778
844
902
973
1022
1081
1112
1112
1104
1109
1088
1060
1021
986
946
910
868
808
768
762
744
731
713
690
663
642
594
510
447
391
333
286
257
229
212
203
182
145
137
126
123
125
149
174
228
278
299
293
338
363
393
419
452
479
519
547
542
503
502
450
402
336
280
221
183
143
90
46
35
12
4
-1
2
7
29
41
34
48
93
127
168
209
248
287
329
344
321
328
339
351
369
395
412
425
434
415
363
333
297
271
250
257
257
278
292
281
248
261
255
258
263
283
298
329
349
342
314
339
323
317
299
287
268
261
246
211
185
185
177
172
167
165
155
162
151
118
103
117
99
79
59
37
22
20
-1
-49
-59
-66
-76
-86
-87
-90
-82
-67
-61
-81
-72
-78
-78
-84
-68
-51
-11
25
36
19
33
22
7
-20
-44
-83
-104
-131
-175
-224
-205
-211
-203
-203
-195
-192
-179
-184
-214
-245
-252
-284
-314
-353
-395
-442
-477
-525
-589
-621
-617
-613
-594
-568
-542
-512
-477
-469
-502
-513
-534
-568
-606
-646
-697
-750
-808
-889
-995
-1051
-1104
-1130
-1147
-1136
-1135
-1116
-1111
-1138
-1190
-1210
-1250
-1287
-1330
-1365
-1412
-1436
-1467
-1521
-1579
-1572
-1587
-1591
-1601
-1611
-1631
-1643
-1666
-1709
-1742
-1742
-1762
-1775
-1792
-1807
-1822
-1816
-1828
-1865
-1874
-1862
-1846
-1831
-1810
-1799
-1768
-1735
-1721
-1744
-1739
-1744
-1763
-1793
-1825
-1864
-1896
-1921
-1961
-2031
-2054
-2095
-2126
-2164
-2182
-2207
-2206
-2213
-2243
-2294
-2302
-2326
-2331
-2345
-2343
-2351
-2334
-2332
-2360
-2405
-2406
-2439
-2467
-2499
-2522
-2541
-2545
-2558
-2594
-2628
-2638
-2671
-2700
-2737
-2779
-2830
-2874
-2938
-3032
-3104
-3152
-3202
-3235
-3249
-3251
-3227
-3185
-3155
-3148
-3109
-3063
-3021
-2976
-2928
-2889
-2844
-2800
-2781
-2796
-2763
-2756
-2741
-2740
-2735
-2752
-2765
-2791
-2839
-2900
-2915
-2938
-2936
-2931
-2903
-2876
-2816
-2762
-2727
-2697
-2623
-2570
-2508
-2448
-2394
-2351
-2303
-2273
-2270
-2264
-2228
-2213
-2190
-2167
-2139
-2109
-2070
-2054
-2068
-2063
-2049
-2039
-2033
-2013
-1993
-1960
-1912
-1883
-1874
-1831
-1776
-1705
-1614
-1517
-1418
-1307
-1197
-1118
-1080
-1003
-966
-923
-894
-854
-827
-776
-726
-688
-666
-601
-556
-499
-459
-414
-393
-355
-330
-336
-344
-313
-305
-290
-275
-253
-230
-191
-165
-164
-154
-114
-94
-69
-45
-21
7
46
67
56
65
84
97
115
150
193
253
321
372
399
452
508
557
600
641
670
713
758
782
779
834
862
892
906
926
936
956
967
955
924
941
934
943
937
936
915
912
898
868
847
869
884
907
929
952
971
1002
1017
1002
993
1007
1005
1015
1035
1069
1117
1184
1235
1251
1282
1308
1314
1304
1289
1261
1236
1219
1173
1110
1071
1047
1041
1041
1058
1066
1087
1105
1113
1091
1128
1150
1178
1189
1197
1185
1179
1167
1133
1085
1092
1074
1072
1062
1065
1060
1075
1078
1055
1029
1033
1026
1035
1042
1057
1078
1116
1138
1126
1115
1123
1111
1110
1114
1125
1143
1169
1173
1142
1135
1133
1124
1118
1129
1149
1189
1239
1271
1276
1299
1321
1340
1355
1376
1384
1403
1404
1365
1285
1247
1181
1119
1050
993
937
907
885
850
801
812
793
794
784
787
780
790
785
757
735
745
745
758
776
809
854
924
985
1020
1067
1136
1184
1235
1286
1335
1385
1438
1459
1434
1424
1408
1379
1345
1320
1294
1281
1279
1268
1236
1234
1231
1233
1228
1236
1228
1238
1251
1236
1209
1233
1245
1267
1293
1310
1306
1304
1289
1239
1168
1155
1119
1114
1107
1118
1119
1125
1112
1073
1028
1012
988
981
988
1004
1026
1066
1098
1091
1092
1110
1108
1105
1104
1104
1110
1128
1128
1099
1107
1121
1130
1138
1149
1152
1156
1163
1152
1121
1125
1130
1149
1168
1205
1231
1276
1312
1319
1304
1333
1345
1361
1368
1375
1363
1358
1331
1268
1183
1158
1107
1080
1054
1042
1025
1023
1010
975
944
942
925
920
915
917
920
937
938
913
906
924
928
935
943
949
959
976
971
935
935
939
940
945
960
972
988
1006
1008
983
990
981
972
949
939
916
916
913
884
838
828
803
788
765
761
752
770
788
787
781
837
851
871
874
875
865
863
853
820
795
803
799
806
817
829
840
865
871
853
850
865
867
872
880
889
905
929
927
890
881
865
834
797
760
722
695
680
653
609
616
615
630
637
662
678
722
769
798
810
861
897
940
973
1008
1023
1049
1051
1009
939
909
844
787
726
672
620
591
564
527
503
513
505
507
510
525
550
592
616
608
620
650
670
697
733
773
826
887
931
947
993
1038
1073
1106
1135
1154
1173
1189
1179
1130
1117
1077
1045
1006
984
955
946
936
912
879
890
887
896
891
898
881
887
880
842
795
788
754
727
691
662
642
634
614
579
553
562
556
563
570
581
590
613
620
604
605
625
629
631
639
643
654
669
662
626
620
610
593
583
579
573
585
608
619
600
632
642
666
687
729
766
821
866
877
852
842
788
731
658
599
530
484
426
347
269
242
209
202
215
249
294
361
417
443
472
531
571
610
631
638
633
627
596
537
509
506
508
521
544
564
594
625
630
603
598
593
577
559
545
529
526
525
504
453
456
433
418
394
379
354
346
342
327
302
323
321
329
324
331
326
345
360
356
355
394
421
454
480
514
541
583
605
598
596
633
643
655
666
683
699
719
713
670
652
647
636
633
641
653
682
718
736
730
743
757
763
769
775
773
776
771
737
674
671
649
647
648
669
691
731
767
781
773
809
813
827
822
826
818
832
836
819
803
823
827
836
841
844
834
828
801
742
687
660
620
592
569
543
514
492
454
393
366
353
339
329
333
336
347
360
353
322
316
318
323
327
340
348
377
406
418
408
456
478
505
523
548
563
593
619
624
607
640
635
643
636
644
645
666
679
674
674
707
725
746
755
753
732
721
691
635
603
604
603
615
626
638
643
656
649
614
616
624
626
628
639
654
679
711
723
704
700
687
659
614
575
522
493
454
386
290
248
187
138
89
61
45
66
99
123
138
215
259
319
369
433
489
561
621
656
681
720
733
743
736
711
663
612
532
416
311
236
155
91
41
1
-26
-36
-61
-111
-120
-113
-95
-60
-3
61
144
239
319
375
452
515
571
608
646
660
682
695
682
650
665
659
654
639
630
614
618
621
602
565
585
565
557
539
532
517
518
511
484
459
465
453
445
431
418
400
395
373
324
296
298
297
299
298
293
290
301
294
254
251
242
239
244
258
269
299
342
377
389
433
463
497
516
543
546
566
574
553
507
503
487
477
457
443
420
419
416
394
358
394
404
434
457
487
506
530
537
524
517
540
542
551
559
571
580
595
588
546
516
502
468
437
408
378
361
359
342
293
270
241
204
170
146
123
115
120
116
95
123
141
165
174
191
191
211
226
222
202
224
230
245
256
276
283
311
328
316
286
316
322
345
366
393
412
435
440
415
384
370
327
286
242
201
162
144
116
70
53
68
80
109
150
200
264
343
397
412
452
476
489
489
487
477
467
456
431
373
346
300
270
233
215
187
180
168
131
78
69
48
38
18
4
-27
-33
-53
-93
-140
-121
-117
-84
-48
-6
31
83
124
145
173
231
268
310
345
376
403
440
455
433
422
419
398
376
360
340
326
316
282
219
186
156
120
85
58
36
31
37
27
-10
-1
-16
-21
-37
-39
-53
-53
-59
-81
-113
-102
-110
-112
-130
-145
-181
-201
-240
-314
-399
-430
-472
-491
-500
-499
-496
-478
-471
-491
-506
-491
-490
-476
-462
-447
-434
-407
-399
-428
-448
-457
-473
-483
-487
-499
-504
-506
-530
-583
-608
-632
-665
-701
-732
-764
-786
-794
-820
-861
-837
-832
-806
-791
-761
-756
-748
-749
-774
-818
-820
-848
-862
-888
-903
-934
-947
-971
-1018
-1066
-1063
-1058
-1029
-985
-937
-893
-841
-812
-820
-829
-814
-821
-824
-828
-823
-811
-781
-765
-776
-767
-752
-752
-753
-745
-739
-720
-689
-670
-670
-643
-620
-613
-617
-626
-649
-667
-691
-740
-813
-823
-853
-864
-874
-867
-865
-846
-830
-832
-853
-829
-824
-796
-768
-719
-682
-630
-598
-601
-614
-597
-600
-597
-589
-569
-541
-493
-454
-442
-423
-376
-347
-307
-263
-213
-157
-91
-46
-30
13
69
116
161
212
253
299
347
374
376
397
417
430
440
454
461
483
505
501
474
504
511
534
550
581
607
641
670
661
628
628
585
545
503
484
464
466
464
438
411
413
400
401
417
446
478
530
565
571
579
603
602
602
602
604
611
631
643
633
656
687
708
725
745
751
758
761
743
699
675
656
638
621
616
605
615
622
604
558
566
550
541
526
523
517
529
540
533
512
554
573
617
654
705
743
794
828
831
829
853
862
875
880
880
869
869
858
822
800
802
787
778
768
755
740
730
695
626
586
555
528
513
507
493
483
480
463
428
418
409
405
400
412
418
450
485
503
499
550
577
611
632
653
659
675
688
670
637
657
639
639
626
623
622
632
618
585
558
559
547
549
555
576
607
660
707
727
759
804
823
831
834
830
832
843
833
785
767
744
706
667
632
583
534
482
405
294
200
91
-23
-148
-266
-403
-521
-645
-799
-983
-1128
-1293
-1448
-1604
-1751
-1905
-2038
-2178
-2342
-2527
-2656
-2823
-2978
-3149
-3317
-3497
-3665
-3843
-4042
-4235
-4400
-4583
-4763
-4957
-5157
-5362
-5549
-5744
-5953
-6127
-6258
-6386
-6496
-6596
-6689
-6766
-6819
-6874
-6941
-6955
-6947
-6925
-6883
-6815
-6734
-6633
-6510
-6383
-6253
-6057
-5841
-5588
-5313
-4998
-4681
-4338
-4001
-3691
-3403
-3078
-2773
-2460
-2150
-1832
-1525
-1206
-903
-635
-390
-94
154
402
622
840
1035
1223
1386
1501
1600
1705
1781
1846
1899
1951
1997
2054
2093
2097
2112
2139
2144
2148
2147
2139
2132
2127
2095
2035
2007
1980
1938
1884
1825
1760
1706
1657
1594
1507
1462
1407
1366
1317
1280
1228
1195
1160
1109
1048
1035
1012
1001
984
976
955
950
928
871
792
770
726
699
670
654
640
642
637
614
594
598
577
562
544
527
512
513
502
467
451
450
432
409
384
352
329
317
288
234
220
217
219
232
256
282
317
357
377
369
404
418
441
451
473
475
488
492
472
432
427
402
387
371
378
391
444
496
520
525
570
581
593
590
580
552
528
489
417
350
305
235
169
89
13
-64
-104
-143
-186
-196
-172
-151
-122
-90
-58
-17
34
67
77
123
184
245
307
368
417
466
506
511
474
473
441
409
364
331
298
290
285
266
237
254
255
267
270
282
274
282
276
244
204
210
195
187
176
167
155
161
163
150
146
171
175
186
192
194
193
204
199
168
158
165
166
177
200
218
240
257
241
185
149
118
84
52
25
-9
-29
-44
-77
-136
-135
-150
-145
-138
-107
-77
-24
30
65
81
135
158
183
183
187
172
177
164
120
68
50
9
-29
-71
-110
-150
-172
-205
-263
-308
-320
-349
-374
-411
-445
-484
-509
-549
-625
-679
-722
-769
-795
-800
-813
-805
-785
-776
-787
-767
-738
-711
-682
-648
-620
-582
-549
-553
-595
-592
-617
-633
-659
-678
-704
-716
-727
-754
-805
-806
-827
-828
-833
-815
-803
-767
-745
-754
-773
-771
-798
-829
-875
-926
-986
-1031
-1083
-1146
-1185
-1182
-1192
-1192
-1190
-1187
-1183
-1172
-1187
-1238
-1269
-1291
-1317
-1335
-1339
-1347
-1348
-1348
-1370
-1417
-1439
-1455
-1470
-1486
-1498
-1524
-1543
-1572
-1628
-1713
-1741
-1790
-1830
-1872
-1899
-1927
-1941
-1963
-2011
-2078
-2094
-2140
-2170
-2216
-2249
-2290
-2304
-2325
-2362
-2394
-2393
-2406
-2414
-2426
-2441
-2465
-2480
-2510
-2567
-2614
-2631
-2660
-2677
-2690
-2699
-2707
-2710
-2733
-2793
-2815
-2828
-2832
-2822
-2798
-2771
-2736
-2691
-2653
-2619
-2567
-2515
-2467
-2432
-2400
-2387
-2366
-2356
-2378
-2442
-2462
-2516
-2561
-2609
-2638
-2668
-2674
-2684
-2719
-2782
-2795
-2848
-2895
-2961
-3027
-3105
-3157
-3215
-3290
-3355
-3378
-3401
-3406
-3408
-3399
-3386
-3353
-3330
-3331
-3320
-3284
-3267
-3247
-3226
-3202
-3166
-3116
-3083
-3082
-3051
-3010
-2966
-2912
-2843
-2771
-2687
-2599
-2527
-2479
-2407
-2341
-2281
-2232
-2174
-2127
-2053
-1977
-1922
-1884
-1794
-1727
-1655
-1589
-1518
-1454
-1373
-1296
-1238
-1193
-1091
-1034
-979
-950
-922
-913
-898
-896
-917
-936
-926
-930
-923
-913
-892
-863
-813
-775
-767
-748
-712
-697
-680
-661
-644
-620
-585
-571
-589
-576
-564
-552
-533
-496
-450
-392
-319
-256
-218
-148
-96
-42
-4
58
103
170
227
261
268
317
341
370
394
422
433
451
450
423
380
398
393
409
421
445
459
483
494
484
470
487
484
496
506
524
542
579
602
601
618
661
691
726
766
809
859
916
947
940
960
971
972
970
974
980
996
1020
1029
1011
1021
1010
993
957
925
875
844
809
752
677
645
599
565
536
531
532
572
620
656
690
792
874
972
1065
1162
1247
1335
1403
1439
1465
1509
1522
1528
1508
1467
1402
1336
1243
1116
1008
927
847
788
750
722
711
711
692
645
634
628
624
628
643
659
682
712
726
717
758
778
810
825
852
870
903
931
930
902
913
907
895
873
854
821
810
794
758
712
725
716
729
750
791
832
887
924
926
926
948
947
952
950
946
937
926
895
837
799
784
765
756
759
763
779
801
804
779
788
800
809
824
850
877
916
957
979
970
1006
1020
1046
1058
1077
1075
1085
1094
1093
1084
1110
1104
1094
1069
1053
1026
1024
1016
989
960
987
997
1016
1031
1046
1050
1056
1038
985
926
886
820
759
697
646
607
592
570
528
517
532
545
569
609
655
715
778
813
810
827
840
840
835
831
822
823
827
812
770
786
783
793
793
803
807
819
830
818
794
823
837
877
908
949
978
1038
1075
1074
1061
1087
1090
1102
1106
1105
1095
1090
1074
1034
1007
1010
999
995
999
1015
1035
1062
1062
1019
985
954
895
823
749
666
594
538
476
403
374
365
367
388
423
452
484
504
490
439
438
408
385
351
331
302
288
273
242
194
191
167
164
159
178
195
242
284
303
314
362
393
433
477
527
573
628
658
654
649
665
654
643
628
615
607
617
615
585
581
588
584
574
567
555
551
550
531
491
478
471
459
444
431
409
400
388
350
281
265
220
181
129
83
29
-4
-31
-65
-109
-100
-118
-111
-115
-102
-96
-80
-73
-100
-128
-128
-135
-140
-140
-139
-134
-117
-116
-148
-171
-159
-158
-142
-119
-90
-51
4
41
45
69
91
101
101
101
90
89
86
69
32
31
40
52
64
86
99
126
145
136
94
100
77
58
33
19
-1
-6
-20
-62
-129
-147
-197
-226
-256
-263
-270
-251
-235
-237
-240
-220
-222
-220
-216
-204
-195
-174
-169
-193
-209
-203
-223
-246
-277
-314
-349
-374
-415
-486
-523
-551
-580
-607
-625
-644
-650
-643
-646
-665
-657
-650
-643
-637
-616
-604
-571
-545
-548
-581
-561
-561
-554
-553
-545
-542
-519
-497
-497
-522
-498
-515
-520
-536
-537
-546
-543
-545
-573
-599
-596
-609
-603
-599
-591
-582
-553
-530
-532
-536
-523
-538
-555
-575
-595
-608
-615
-647
-720
-770
-821
-872
-919
-946
-966
-970
-956
-951
-959
-929
-889
-837
-784
-728
-696
-661
-646
-665
-713
-716
-740
-757
-774
-779
-789
-779
-777
-802
-849
-836
-856
-855
-860
-851
-844
-820
-812
-833
-858
-858
-871
-871
-869
-863
-860
-842
-839
-866
-880
-876
-891
-908
-925
-942
-949
-940
-942
-964
-945
-917
-891
-867
-839
-818
-794
-770
-764
-782
-768
-764
-760
-768
-763
-773
-765
-766
-790
-831
-825
-831
-828
-832
-829
-833
-818
-811
-831
-870
-848
-856
-844
-838
-824
-822
-813
-816
-838
-853
-833
-832
-816
-812
-800
-793
-774
-769
-798
-813
-815
-842
-865
-878
-898
-916
-919
-941
-996
-1016
-1028
-1037
-1031
-1010
-983
-946
-899
-874
-881
-862
-865
-868
-885
-888
-902
-897
-902
-931
-988
-1008
-1040
-1063
-1090
-1107
-1128
-1119
-1109
-1121
-1144
-1107
-1098
-1073
-1049
-1013
-976
-923
-875
-846
-819
-772
-758
-755
-773
-797
-826
-841
-876
-940
-987
-1009
-1035
-1047
-1046
-1042
-1024
-996
-987
-1007
-994
-979
-969
-957
-942
-934
-923
-910
-915
-948
-939
-946
-942
-947
-935
-936
-919
-908
-920
-949
-940
-949
-947
-949
-935
-927
-890
-862
-863
-883
-854
-855
-845
-840
-830
-825
-810
-809
-834
-856
-851
-870
-886
-909
-934
-962
-977
-997
-1039
-1050
-1037
-1036
-1023
-1012
-1001
-987
-974
-985
-1012
-1006
-994
-984
-966
-945
-929
-908
-887
-884
-913
-892
-889
-871
-859
-828
-806
-768
-730
-715
-717
-686
-680
-671
-670
-664
-674
-666
-670
-705
-749
-743
-756
-757
-757
-754
-753
-736
-725
-733
-732
-699
-683
-659
-639
-619
-603
-579
-578
-610
-625
-628
-639
-648
-655
-669
-678
-688
-723
-793
-838
-877
-914
-934
-940
-940
-922
-898
-896
-931
-916
-922
-907
-893
-860
-837
-800
-770
-765
-788
-781
-806
-823
-852
-865
-886
-877
-875
-895
-919
-895
-882
-850
-810
-757
-701
-630
-571
-538
-504
-448
-421
-393
-371
-353
-341
-322
-327
-367
-383
-387
-397
-408
-422
-449
-482
-525
-590
-688
-753
-810
-864
-902
-928
-946
-947
-951
-976
-1031
-1034
-1072
-1112
-1167
-1215
-1271
-1312
-1356
-1416
-1484
-1501
-1535
-1544
-1559
-1552
-1562
-1556
-1566
-1608
-1658
-1675
-1708
-1728
-1744
-1758
-1777
-1788
-1820
-1885
-1945
-1972
-2012
-2038
-2058
-2072
-2079
-2069
-2071
-2093
-2081
-2051
-2019
-1983
-1941
-1905
-1863
-1818
-1788
-1776
-1734
-1684
-1639
-1601
-1568
-1553
-1530
-1516
-1533
-1588
-1592
-1628
-1655
-1687
-1704
-1723
-1725
-1732
-1759
-1801
-1791
-1808
-1809
-1819
-1810
-1806
-1776
-1751
-1748
-1746
-1716
