0
-33
-65
-102
-141
-187
-225
-283
-371
-453
-507
-573
-619
-650
-663
-663
-647
-643
-662
-646
-615
-590
-573
-564
-574
-584
-595
-623
-669
-688
-707
-733
-760
-778
-799
-800
-801
-829
-889
-899
-941
-980
-1028
-1064
-1104
-1123
-1143
-1179
-1227
-1216
-1230
-1225
-1226
-1207
-1190
-1146
-1109
-1089
-1068
-1017
-980
-938
-902
-869
-846
-816
-808
-838
-872
-892
-941
-989
-1044
-1098
-1153
-1184
-1222
-1273
-1281
-1280
-1274
-1267
-1242
-1230
-1212
-1190
-1187
-1207
-1195
-1175
-1142
-1107
-1065
-1037
-995
-954
-934
-942
-902
-884
-866
-860
-859
-874
-883
-908
-964
-1051
-1090
-1163
-1218
-1277
-1314
-1350
-1364
-1389
-1440
-1497
-1528
-1576
-1617
-1657
-1688
-1715
-1726
-1751
-1802
-1840
-1853
-1881
-1904
-1925
-1942
-1950
-1943
-1949
-1977
-1967
-1947
-1933
-1927
-1925
-1935
-1942
-1948
-1975
-2029
-2061
-2096
-2131
-2170
-2196
-2229
-2236
-2241
-2264
-2308
-2307
-2330
-2353
-2384
-2414
-2456
-2485
-2525
-2591
-2678
-2709
-2773
-2816
-2863
-2894
-2930
-2950
-2981
-3036
-3092
-3124
-3175
-3216
-3253
-3272
-3279
-3258
-3244
-3250
-3240
-3211
-3202
-3194
-3191
-3197
-3205
-3205
-3225
-3272
-3286
-3301
-3313
-3324
-3325
-3319
-3301
-3260
-3232
-3213
-3164
-3127
-3106
-3106
-3114
-3150
-3182
-3228
-3305
-3408
-3470
-3555
-3634
-3707
-3761
-3812
-3834
-3858
-3900
-3949
-3930
-3930
-3907
-3887
-3861
-3838
-3804
-3771
-3753
-3730
-3677
-3644
-3612
-3593
-3582
-3582
-3580
-3607
-3671
-3728
-3767
-3820
-3866
-3904
-3941
-3971
-3992
-4029
-4084
-4093
-4089
-4082
-4067
-4040
-4014
-3981
-3941
-3910
-3897
-3840
-3790
-3727
-3669
-3599
-3545
-3475
-3416
-3382
-3367
-3311
-3268
-3216
-3165
-3100
-3044
-2966
-2900
-2862
-2846
-2777
-2743
-2698
-2659
-2608
-2552
-2469
-2380
-2303
-2219
-2110
-2022
-1930
-1846
-1766
-1695
-1617
-1568
-1563
-1559
-1545
-1553
-1564
-1580
-1604
-1627
-1647
-1686
-1749
-1767
-1777
-1781
-1776
-1758
-1731
-1692
-1639
-1611
-1612
-1584
-1586
-1584
-1593
-1585
-1572
-1532
-1499
-1472
-1450
-1378
-1312
-1228
-1142
-1035
-933
-812
-706
-634
-580
-479
-408
-334
-265
-195
-131
-60
-2
28
62
124
158
200
234
263
283
313
323
300
293
303
298
288
270
243
225
217
193
147
136
132
129
136
154
175
209
249
273
272
319
339
360
365
382
385
397
391
354
289
256
204
166
128
111
90
95
92
67
35
57
59
73
93
128
175
249
327
397
475
577
650
720
776
823
859
897
909
881
863
852
825
799
777
751
734
728
714
685
700
727
751
773
786
784
780
771
740
685
690
670
670
655
657
642
629
605
545
467
431
392
372
356
372
391
446
498
525
542
598
625
652
666
676
674
676
657
613
578
578
561
559
561
570
588
616
627
608
610
618
609
598
592
578
568
555
516
448
407
378
359
361
387
424
485
549
588
593
650
681
722
752
791
819
860
894
903
887
904
885
867
831
809
782
787
787
763
732
737
726
720
706
685
654
636
613
579
568
598
613
629
640
648
659
683
691
675
687
713
732
751
776
796
823
850
849
814
793
771
744
725
723
730
764
804
823
811
848
855
863
859
866
864
874
880
859
820
827
801
795
771
769
757
779
787
779
770
807
831
864
887
907
914
924
912
873
847
860
861
865
865
863
863
876
868
829
813
810
798
788
774
754
736
716
675
614
582
557
528
495
467
435
427
426
407
362
373
362
363
360
365
362
375
387
381
360
394
399
424
439
467
484
515
531
523
515
533
528
525
519
521
524
543
547
525
514
532
535
546
562
587
625
681
724
742
787
835
876
915
961
1000
1044
1089
1113
1111
1122
1120
1103
1069
1030
972
928
880
811
724
696
654
625
597
577
545
520
486
428
359
355
328
325
306
302
286
291
300
298
315
371
419
485
551
607
655
703
716
685
655
648
628
622
624
633
653
691
711
703
723
747
765
776
780
767
752
742
721
676
664
650
635
616
613
610
638
672
691
691
737
758
779
790
812
839
899
963
1010
1040
1123
1163
1198
1193
1167
1108
1048
973
880
796
747
688
643
600
560
513
476
422
341
277
244
204
178
165
162
173
199
213
201
226
254
275
292
312
326
345
368
376
358
364
354
345
328
324
306
311
313
296
264
283
293
314
334
363
382
420
451
454
435
471
470
480
485
502
522
557
585
580
575
586
581
591
600
621
638
665
674
662
652
653
638
622
603
581
564
553
523
459
431
408
389
373
366
354
355
366
364
337
347
337
332
321
317
298
299
295
267
220
214
196
191
186
196
200
227
245
236
215
256
277
324
378
443
507
581
638
665
687
729
745
765
782
804
832
879
910
904
896
887
844
793
743
696
669
663
647
611
608
600
580
554
525
493
471
461
441
402
414
411
416
407
410
398
399
390
353
295
275
242
223
205
210
215
248
272
266
246
277
283
300
316
341
366
402
424
419
415
440
447
466
488
524
564
618
657
663
695
734
753
760
773
774
785
796
790
750
738
721
694
667
637
603
579
562
537
488
485
462
451
432
435
426
433
433
417
380
389
384
404
427
469
504
560
597
601
593
631
642
656
662
664
656
650
622
562
503
474
429
402
386
387
404
445
480
496
536
590
626
654
677
692
716
743
753
737
747
755
753
747
743
734
736
737
714
661
664
650
652
648
656
650
650
637
598
539
522
484
460
430
418
402
414
417
394
361
362
339
322
305
289
270
265
251
216
192
201
196
207
223
249
281
327
355
354
380
412
437
459
482
504
532
561
559
514
481
438
373
315
268
225
204
191
166
117
123
97
76
47
36
14
8
-8
-48
-102
-106
-129
-131
-138
-128
-125
-102
-90
-104
-129
-131
-160
-190
-224
-249
-268
-266
-271
-296
-308
-290
-288
-283
-283
-287
-296
-303
-331
-385
-409
-419
-434
-450
-460
-477
-491
-510
-554
-618
-649
-663
-666
-656
-632
-614
-581
-556
-564
-609
-605
-627
-639
-655
-661
-677
-679
-683
-705
-746
-740
-761
-763
-772
-762
-760
-737
-725
-736
-745
-723
-718
-710
-707
-706
-709
-700
-709
-745
-769
-761
-763
-749
-727
-694
-650
-588
-540
-519
-472
-421
-384
-359
-348
-358
-391
-434
-505
-603
-674
-746
-813
-875
-921
-957
-951
-948
-971
-1014
-998
-996
-976
-952
-913
-875
-828
-792
-790
-816
-800
-817
-814
-813
-790
-776
-746
-727
-728
-722
-674
-637
-591
-540
-488
-440
-381
-337
-324
-303
-262
-241
-220
-207
-204
-204
-198
-210
-248
-247
-232
-217
-198
-171
-149
-122
-96
-95
-127
-141
-160
-181
-208
-230
-265
-277
-287
-314
-355
-334
-319
-283
-238
-175
-108
-16
76
150
211
328
405
485
537
575
580
581
560
507
448
410
350
298
250
216
193
199
206
198
209
241
248
246
235
219
212
225
233
224
257
297
335
382
445
515
602
696
777
828
897
938
967
969
968
953
948
943
908
843
818
785
761
741
731
719
724
725
705
667
690
683
696
708
736
766
812
846
859
875
910
925
941
952
963
978
1001
1008
988
992
1018
1025
1032
1033
1026
1022
1021
1000
947
929
918
906
897
891
879
870
861
832
783
772
758
758
756
775
789
829
870
896
906
957
984
1007
1015
1022
1012
1018
1011
976
921
919
881
858
833
821
810
815
814
798
792
819
829
846
859
876
891
922
938
924
922
938
937
939
946
953
969
991
991
964
976
998
1020
1043
1068
1084
1098
1105
1083
1024
993
941
894
834
792
746
727
715
683
634
625
590
559
509
456
384
312
214
71
-115
-266
-463
-660
-869
-1074
-1273
-1446
-1613
-1788
-1944
-2061
-2187
-2311
-2445
-2580
-2721
-2849
-3002
-3194
-3378
-3551
-3740
-3924
-4114
-4315
-4517
-4724
-4963
-5242
-5499
-5758
-6020
-6268
-6492
-6693
-6860
-7003
-7150
-7315
-7422
-7533
-7615
-7687
-7723
-7748
-7734
-7701
-7662
-7611
-7490
-7354
-7172
-6963
-6713
-6444
-6128
-5807
-5501
-5200
-4844
-4509
-4160
-3811
-3461
-3123
-2785
-2472
-2193
-1917
-1612
-1327
-1035
-753
-479
-215
51
293
498
708
921
1107
1276
1426
1551
1665
1762
1820
1832
1860
1883
1899
1919
1942
1959
1984
2014
2029
2020
2061
2070
2078
2060
2041
2000
1970
1932
1868
1778
1726
1654
1609
1559
1535
1511
1515
1510
1466
1399
1365
1294
1236
1185
1134
1073
1024
959
868
784
740
684
647
614
591
574
580
577
559
573
608
640
672
704
725
745
759
745
694
661
629
588
549
518
492
487
489
472
424
427
400
380
355
349
345
366
390
401
402
447
469
506
536
586
629
695
743
761
770
816
842
870
894
918
939
970
982
960
938
942
924
913
902
895
896
913
914
886
882
884
873
859
845
819
795
769
717
637
582
540
504
483
480
484
511
543
555
536
568
568
570
559
554
542
547
554
547
526
552
547
551
539
539
532
549
558
535
503
494
458
438
423
426
427
434
417
372
324
297
253
223
203
197
204
230
248
240
258
283
295
304
313
315
324
343
345
327
330
336
335
339
350
357
388
426
445
439
485
500
511
506
503
490
493
497
483
453
476
471
479
471
466
437
414
368
292
212
161
98
44
-7
-49
-87
-104
-130
-174
-197
-186
-189
-184
-176
-164
-148
-126
-126
-160
-169
-174
-186
-203
-222
-255
-280
-296
-323
-365
-378
-381
-378
-372
-348
-323
-270
-217
-186
-185
-138
-120
-99
-85
-68
-66
-54
-53
-74
-115
-101
-119
-125
-149
-166
-195
-208
-235
-289
-347
-380
-426
-457
-483
-498
-511
-511
-519
-557
-579
-574
-589
-591
-591
-580
-555
-516
-491
-500
-486
-475
-475
-473
-459
-447
-425
-397
-378
-376
-359
-360
-370
-397
-421
-469
-507
-555
-628
-727
-780
-860
-940
-1034
-1130
-1234
-1317
-1398
-1490
-1592
-1625
-1684
-1718
-1753
-1771
-1793
-1796
-1803
-1821
-1829
-1802
-1787
-1762
-1740
-1717
-1703
-1684
-1692
-1733
-1763
-1774
-1808
-1848
-1891
-1934
-1964
-1974
-1991
-2029
-2028
-2018
-2010
-1999
-1982
-1969
-1950
-1926
-1917
-1933
-1925
-1928
-1932
-1946
-1952
-1973
-1977
-1983
-2012
-2064
-2077
-2115
-2153
-2197
-2237
-2287
-2319
-2367
-2451
-2567
-2636
-2742
-2832
-2925
-3004
-3084
-3150
-3222
-3307
-3381
-3418
-3457
-3473
-3479
-3475
-3473
-3461
-3462
-3489
-3493
-3477
-3477
-3468
-3456
-3435
-3401
-3359
-3330
-3337
-3305
-3271
-3244
-3227
-3202
-3181
-3156
-3133
-3126
-3146
-3124
-3112
-3092
-3080
-3054
-3045
-3021
-3009
-3025
-3061
-3057
-3074
-3082
-3089
-3077
-3064
-3025
-2995
-2988
-3005
-2974
-2980
-2972
-2964
-2945
-2925
-2891
-2865
-2852
-2828
-2774
-2739
-2696
-2657
-2612
-2567
-2509
-2471
-2463
-2437
-2387
-2348
-2304
-2257
-2211
-2156
-2092
-2047
-2031
-1981
-1925
-1869
-1804
-1728
-1655
-1581
-1512
-1473
-1476
-1454
-1461
-1462
-1471
-1460
-1453
-1420
-1386
-1368
-1362
-1312
-1272
-1219
-1169
-1108
-1055
-980
-921
-897
-895
-842
-816
-774
-731
-681
-633
-576
-532
-514
-494
-448
-422
-391
-364
-337
-312
-275
-251
-251
-228
-189
-169
-151
-134
-118
-92
-57
-34
-44
-15
15
40
67
91
113
163
230
288
333
439
527
624
706
794
865
941
1000
1026
1020
1042
1037
1033
1010
999
976
978
963
917
853
839
798
763
731
714
710
734
760
773
789
827
839
857
872
886
899
918
914
872
840
819
786
760
747
736
742
759
760
736
739
743
743
746
755
763
785
813
823
802
830
831
839
837
848
853
877
899
904
893
919
924
940
947
970
986
1027
1056
1059
1052
1088
1107
1141
1182
1232
1285
1351
1399
1416
1432
1472
1486
1498
1497
1486
1462
1436
1380
1290
1222
1173
1121
1077
1041
999
968
944
911
864
851
850
849
858
871
893
928
961
966
929
945
934
944
946
966
980
1006
1028
1034
1024
1059
1067
1081
1080
1091
1094
1125
1141
1124
1096
1095
1073
1055
1038
1024
1010
1014
1011
991
984
1008
1010
1019
1027
1040
1061
1098
1120
1116
1137
1170
1196
1223
1252
1267
1280
1286
1264
1211
1182
1160
1135
1114
1104
1095
1109
1125
1121
1093
1125
1137
1160
1180
1207
1225
1254
1278
1280
1259
1278
1260
1247
1217
1197
1162
1150
1131
1095
1061
1069
1069
1085
1106
1131
1150
1175
1177
1146
1117
1113
1087
1064
1035
1002
971
950
918
868
858
871
889
915
953
985
1017
1041
1034
990
960
931
902
873
858
843
853
869
868
836
858
851
856
865
884
903
929
960
966
949
970
963
970
966
972
965
975
978
966
961
989
1008
1035
1066
1112
1166
1243
1308
1344
1386
1443
1470
1484
1480
1453
1417
1375
1301
1188
1101
1020
937
859
797
743
709
693
672
641
644
654
668
684
712
731
767
792
788
750
758
743
737
728
731
735
766
798
810
798
837
840
860
876
913
951
1013
1066
1094
1115
1153
1161
1163
1159
1158
1152
1161
1152
1113
1084
1079
1056
1035
1012
985
964
954
929
878
864
857
848
838
833
826
830
841
833
801
794
786
787
793
819
837
878
913
921
897
914
902
891
876
867
858
869
889
897
887
936
941
949
946
945
918
902
870
815
764
746
717
705
700
704
714
743
759
745
743
759
763
774
791
807
828
852
856
828
828
837
848
861
882
906
939
981
1006
1008
1040
1061
1083
1090
1100
1091
1095
1087
1053
997
985
957
935
910
895
875
880
883
862
822
839
823
820
809
809
809
826
839
834
835
868
889
924
961
1006
1049
1099
1125
1118
1129
1162
1179
1192
1196
1183
1166
1154
1121
1059
1025
984
930
868
801
724
648
575
493
396
350
307
285
267
273
272
299
334
361
381
445
493
546
590
637
672
723
754
751
720
740
715
703
682
663
641
623
597
557
543
567
586
623
658
691
720
753
767
753
754
774
780
796
822
849
878
909
910
876
866
854
833
812
800
785
787
805
811
792
816
822
840
849
873
884
909
919
899
857
851
828
813
792
783
769
782
785
762
723
728
696
664
625
587
545
511
468
407
358
345
322
319
327
352
386
432
458
450
459
483
499
524
559
594
639
691
727
735
772
807
831
850
869
881
901
920
914
870
868
836
812
779
766
752
767
791
804
808
856
889
931
960
992
1006
1037
1050
1032
999
1009
990
980
969
963
953
941
909
846
783
757
709
674
631
604
580
578
554
506
479
473
462
460
469
480
504
531
529
491
469
442
412
394
392
398
420
449
460
442
469
466
463
454
459
461
488
515
525
518
551
561
582
592
616
635
686
728
741
741
778
791
802
801
788
761
741
710
659
623
622
605
593
578
561
540
524
484
412
366
339
315
305
316
332
364
404
427
426
446
463
467
465
460
442
435
431
411
370
394
400
419
429
445
443
447
444
421
384
393
384
395
399
419
427
457
471
455
429
432
416
406
399
405
423
460
488
487
488
511
501
500
498
508
537
582
611
602
600
602
586
549
513
467
425
385
328
251
207
173
134
98
71
50
51
58
40
-4
12
7
8
-4
-16
-43
-56
-76
-109
-156
-153
-180
-195
-226
-248
-285
-305
-340
-400
-464
-496
-539
-565
-574
-563
-540
-494
-459
-452
-442
-411
-403
-393
-387
-382
-377
-360
-360
-390
-392
-387
-390
-396
-399
-410
-414
-418
-441
-484
-496
-500
-506
-517
-523
-537
-528
-517
-525
-557
-536
-541
-545
-562
-579
-612
-639
-675
-733
-809
-828
-872
-892
-916
-919
-923
-897
-869
-855
-838
-789
-747
-689
-625
-553
-482
-404
-354
-347
-348
-337
-349
-349
-335
-307
-261
-209
-169
-166
-134
-104
-101
-115
-142
-186
-230
-263
-322
-403
-454
-503
-552
-601
-639
-681
-694
-702
-725
-766
-746
-741
-725
-720
-707
-703
-690
-691
-719
-771
-765
-783
-783
-784
-762
-741
-699
-665
-651
-634
-587
-553
-509
-467
-421
-374
-310
-257
-228
-179
-98
-20
69
163
257
355
457
534
574
642
708
762
805
842
860
874
883
869
825
807
781
758
728
708
674
661
644
600
531
506
466
440
420
418
421
451
483
497
497
565
609
675
733
791
829
863
872
851
829
834
823
824
826
830
831
844
839
806
785
789
779
779
784
790
803
832
848
840
870
905
930
954
975
989
1004
1006
983
913
864
793
737
671
632
589
582
580
568
540
560
570
591
615
655
691
753
811
845
865
945
989
1048
1097
1151
1191
1236
1250
1230
1195
1183
1150
1125
1093
1063
1036
1028
1009
967
944
946
938
938
943
943
947
957
949
912
911
909
903
903
918
946
996
1059
1107
1120
1159
1169
1169
1141
1114
1064
1022
966
887
794
748
698
669
648
650
658
700
739
753
750
800
817
842
855
865
864
868
858
824
796
801
789
786
784
786
786
798
791
754
736
737
727
717
708
694
691
699
694
666
674
681
675
656
620
565
503
432
332
180
59
-92
-245
-411
-574
-752
-918
-1097
-1296
-1510
-1697
-1898
-2094
-2299
-2500
-2715
-2908
-3110
-3333
-3559
-3726
-3915
-4094
-4284
-4479
-4684
-4884
-5100
-5348
-5595
-5811
-6042
-6257
-6459
-6646
-6811
-6947
-7085
-7233
-7342
-7415
-7483
-7535
-7565
-7575
-7550
-7496
-7438
-7387
-7284
-7156
-7005
-6819
-6594
-6338
-6045
-5726
-5410
-5111
-4751
-4407
-4049
-3699
-3332
-2972
-2592
-2219
-1878
-1573
-1247
-959
-675
-412
-147
99
360
598
791
957
1150
1303
1445
1567
1677
1773
1874
1959
2010
2051
2104
2123
2140
2146
2150
2153
2169
2169
2135
2113
2094
2055
2013
1976
1936
1907
1890
1862
1819
1809
1804
1789
1764
1733
1691
1655
1615
1548
1446
1398
1333
1281
1228
1180
1126
1084
1042
989
916
887
837
805
778
787
785
802
807
780
743
742
720
705
694
690
688
694
686
646
610
600
578
574
575
581
587
601
593
559
546
549
549
553
561
566
582
603
610
597
616
641
663
686
712
727
753
778
779
748
773
772
783
788
800
799
806
806
785
750
764
751
750
737
740
732
740
729
687
642
636
619
613
607
601
592
596
587
555
532
538
524
512
493
467
443
435
419
386
389
410
428
443
460
466
475
484
472
435
419
406
388
369
358
343
349
356
341
300
319
317
324
323
329
324
335
344
339
318
361
378
411
440
478
512
558
585
580
577
588
574
555
531
503
472
456
430
382
344
330
296
266
242
222
207
205
186
133
110
91
70
51
50
44
49
57
52
28
35
59
95
137
192
237
299
355
381
374
416
433
455
464
466
446
430
399
339
252
216
150
109
66
45
19
13
-2
-39
-74
-80
-98
-106
-114
-120
-131
-128
-137
-172
-193
-184
-189
-184
-174
-159
-135
-100
-83
-98
-84
-65
-50
-31
-2
26
62
105
132
131
148
153
150
133
116
82
65
46
7
-52
-61
-93
-122
-158
-187
-222
-241
-268
-321
-396
-414
-472
-517
-572
-615
-650
-664
-678
-702
-724
-708
-709
-706
-712
-726
-742
-745
-768
-813
-838
-827
-818
-795
-760
-724
-681
-632
-604
-609
-580
-556
-544
-541
-546
-570
-611
-669
-756
-876
-976
-1086
-1197
-1307
-1398
-1497
-1570
-1637
-1712
-1793
-1818
-1852
-1870
-1884
-1881
-1875
-1845
-1823
-1831
-1866
-1850
-1874
-1888
-1919
-1954
-2010
-2058
-2116
-2189
-2247
-2261
-2282
-2287
-2289
-2290
-2297
-2296
-2317
-2367
-2401
-2405
-2411
-2401
-2385
-2369
-2345
-2308
-2285
-2289
-2259
-2231
-2213
-2202
-2195
-2203
-2213
-2224
-2254
-2311
-2335
-2373
-2411
-2461
-2493
-2528
-2535
-2545
-2577
-2624
-2627
-2647
-2665
-2695
-2720
-2755
-2769
-2787
-2826
-2875
-2862
-2878
-2879
-2884
-2884
-2889
-2881
-2882
-2900
-2919
-2905
-2919
-2927
-2938
-2945
-2937
-2912
-2904
-2928
-2950
-2959
-2982
-3012
-3043
-3065
-3069
-3057
-3062
-3092
-3086
-3072
-3060
-3045
-3028
-3011
-2992
-2970
-2970
-3004
-3006
-3032
-3052
-3082
-3093
-3106
-3083
-3056
-3044
-3038
-2987
-2943
-2878
-2803
-2702
-2600
-2470
-2350
-2260
-2191
-2075
-1994
-1909
-1836
-1765
-1707
-1647
-1607
-1599
-1594
-1559
-1540
-1510
-1477
-1438
-1396
-1342
-1307
-1307
-1294
-1269
-1257
-1240
-1217
-1194
-1159
-1113
-1078
-1064
-1011
-953
-897
-836
-766
-696
-614
-524
-450
-406
-325
-274
-227
-205
-182
-179
-160
-143
-140
-150
-124
-119
-108
-107
-95
-95
-70
-55
-64
-76
-30
2
48
94
143
185
237
270
272
271
293
294
304
318
336
361
401
429
429
444
482
506
539
576
604
638
681
693
671
676
685
679
671
664
657
668
683
678
645
665
670
691
701
721
733
760
785
788
778
812
837
877
909
956
998
1065
1114
1128
1117
1131
1107
1082
1051
1022
993
980
960
923
894
894
872
854
835
822
814
823
817
786
775
775
761
747
739
730
739
767
789
793
821
850
869
886
905
920
949
987
1011
1010
1068
1098
1134
1154
1181
1197
1227
1253
1257
1236
1246
1222
1208
1187
1185
1177
1194
1195
1161
1116
1104
1072
1044
1010
976
943
929
908
863
825
813
782
764
758
774
812
874
925
946
988
1040
1082
1125
1168
1194
1225
1251
1258
1235
1224
1215
1195
1177
1160
1132
1124
1118
1089
1032
1029
1009
1005
1003
1017
1028
1058
1089
1097
1081
1110
1108
1126
1133
1155
1165
1194
1212
1206
1195
1221
1236
1259
1282
1306
1325
1348
1346
1309
1271
1253
1210
1170
1131
1095
1068
1056
1033
986
970
967
963
964
977
988
1007
1026
1025
996
987
972
948
921
905
887
890
890
863
804
802
783
777
770
776
778
795
805
791
755
773
763
776
779
793
792
805
808
797
793
831
865
910
951
988
1013
1041
1043
1006
967
946
907
879
855
834
821
823
813
779
778
788
799
818
849
878
922
971
1014
1033
1071
1106
1132
1157
1190
1203
1229
1235
1217
1176
1185
1167
1164
1158
1160
1146
1142
1122
1080
1017
1010
970
948
910
887
858
851
843
820
799
812
816
837
868
907
939
987
1017
1018
1032
1071
1095
1124
1148
1169
1191
1211
1198
1139
1098
1053
1002
956
923
895
880
876
857
816
802
791
790
790
805
815
845
865
854
810
808
784
766
749
743
731
734
727
691
631
624
586
573
563
574
587
625
659
675
694
738
757
773
782
793
802
823
822
783
745
720
678
646
623
611
618
646
664
660
694
732
764
791
816
832
854
886
910
920
965
1003
1035
1053
1077
1083
1105
1109
1091
1045
1039
1014
993
969
967
961
974
986
968
915
909
868
846
827
821
813
821
818
796
771
764
729
702
669
644
621
616
596
556
531
527
512
504
492
468
443
422
381
316
294
285
278
276
284
291
307
328
332
310
322
320
329
332
348
349
368
384
378
353
366
365
374
386
423
468
548
624
674
706
792
843
895
925
945
944
940
914
861
809
786
750
726
701
680
659
652
634
595
584
600
607
620
639
653
672
695
696
667
674
686
690
692
694
689
690
697
686
649
657
653
666
674
703
725
768
801
806
788
800
791
784
776
774
759
767
759
723
662
650
598
549
495
445
398
377
357
331
319
345
362
391
421
455
485
520
537
523
536
568
587
599
605
601
599
595
568
513
490
471
449
430
414
393
383
376
345
279
260
221
202
182
183
179
196
210
205
185
204
207
220
225
244
254
290
314
309
287
306
294
285
267
248
223
211
193
159
140
158
161
172
180
189
200
224
231
207
202
213
214
218
222
215
207
195
160
101
76
61
42
21
-5
-48
-97
-164
-276
-442
-574
-750
-925
-1111
-1279
-1450
-1597
-1743
-1904
-2078
-2204
-2343
-2457
-2562
-2641
-2718
-2768
-2838
-2939
-3058
-3141
-3247
-3358
-3476
-3607
-3735
-3851
-3974
-4121
-4244
-4322
-4402
-4464
-4516
-4560
-4597
-4616
-4648
-4707
-4733
-4737
-4744
-4748
-4746
-4747
-4736
-4718
-4714
-4732
-4721
-4702
-4684
-4664
-4631
-4605
-4571
-4546
-4552
-4597
-4593
-4619
-4634
-4655
-4662
-4671
-4659
-4638
-4620
-4605
-4537
-4488
-4423
-4364
-4281
-4201
-4094
-3995
-3921
-3856
-3762
-3693
-3622
-3554
-3486
-3426
-3361
-3317
-3307
-3297
-3266
-3253
-3227
-3194
-3151
-3096
-3022
-2962
-2930
-2872
-2805
-2743
-2677
-2604
-2537
-2467
-2402
-2366
-2364
-2347
-2336
-2336
-2344
-2352
-2372
-2378
-2386
-2418
-2478
-2482
-2507
-2516
-2524
-2518
-2515
-2492
-2465
-2447
-2434
-2357
-2293
-2202
-2118
-2022
-1941
-1846
-1773
-1730
-1699
-1643
-1612
-1585
-1561
-1549
-1545
-1540
-1560
-1614
-1673
-1714
-1767
-1811
-1862
-1904
-1932
-1943
-1965
-2007
-2013
-2002
-2000
-2008
-2020
-2049
-2078
-2112
-2166
-2243
-2285
-2316
-2341
-2364
-2370
-2378
-2356
-2333
-2338
-2366
-2335
-2324
-2302
-2278
-2239
-2200
-2139
-2075
-2027
-1994
-1904
-1839
-1751
-1669
-1567
-1467
-1345
-1232
-1144
-1059
-951
-867
-785
-716
-656
-610
-555
-518
-510
-492
-451
-433
-415
-397
-376
-349
-312
-293
-305
-284
-257
-234
-213
-182
-148
-97
-37
2
15
49
74
87
87
93
89
106
122
115
86
110
122
150
184
231
273
329
370
379
356
382
369
369
358
359
352
360
359
338
322
336
336
346
362
385
407
445
462
455
456
493
523
564
614
657
706
763
811
827
880
943
1010
1081
1160
1227
1293
1355
1387
1385
1396
1399
1401
1395
1397
1391
1407
1423
1416
1388
1409
1418
1443
1467
1503
1531
1573
1604
1605
1583
1619
1620
1633
1633
1640
1642
1660
1669
1659
1652
1675
1683
1699
1713
1728
1735
1749
1740
1697
1665
1652
1627
1610
1601
1593
1593
1603
1602
1576
1587
1603
1618
1633
1650
1654
1656
1665
1664
1646
1666
1684
1714
1744
1799
1851
1931
2012
2073
2112
2186
2231
2268
2286
2297
2280
2260
2207
2110
1984
1915
1820
1746
1674
1620
1573
1553
1539
1519
1516
1552
1576
1611
1642
1674
1701
1739
1756
1738
1726
1726
1704
1683
1662
1631
1610
1599
1573
1530
1519
1517
1509
1519
1536
1554
1575
1608
1622
1609
1630
1636
1645
1641
1649
1647
1664
1679
1672
1643
1656
1658
1673
1688
1711
1721
1746
1759
1735
1688
1681
1642
1612
1579
1557
1536
1529
1510
1468
1430
1421
1390
1371
1357
1357
1364
1395
1418
1415
1430
1458
1466
1471
1473
1472
1479
1495
1488
1448
1437
1421
1391
1351
1307
1253
1204
1158
1099
1024
1007
986
992
1001
1038
1073
1130
1185
1223
1245
1303
1337
1369
1378
1383
1359
1342
1302
1226
1132
1089
1021
968
913
863
811
775
730
668
618
610
594
595
595
596
594
600
586
537
502
481
446
417
405
401
422
458
482
484
509
533
541
544
547
533
524
509
467
398
381
334
310
284
274
253
248
237
210
177
195
207
234
253
269
255
240
190
92
-34
-126
-239
-341
-439
-527
-612
-669
-722
-785
-832
-845
-873
-891
-909
-919
-922
-908
-907
-932
-934
-919
-915
-909
-897
-888
-871
-854
-864
-908
-932
-958
-995
-1030
-1058
-1085
-1096
-1103
-1126
-1175
-1169
-1190
-1205
-1231
-1247
-1275
-1288
-1307
-1345
-1396
-1398
-1416
-1415
-1423
-1418
-1423
-1404
-1397
-1417
-1445
-1436
-1447
-1450
-1450
-1445
-1441
-1422
-1415
-1433
-1442
-1416
-1399
-1364
-1321
-1274
-1228
-1176
-1146
-1150
-1136
-1118
-1113
-1110
-1100
-1093
-1075
-1048
-1031
-1028
-991
-945
-906
-871
-832
-805
-761
-724
-706
-712
-663
-633
-602
-582
-555
-535
-520
-519
-539
-581
-584
-614
-626
-641
-631
-629
-596
-571
-559
-543
-483
-437
-378
-321
-263
-210
-147
-107
-104
-104
-95
-117
-136
-156
-172
-178
-160
-146
-148
-116
-69
-27
14
64
115
182
259
321
354
402
445
478
505
532
546
573
593
582
540
553
546
554
565
591
614
650
674
667
629
636
610
603
594
608
617
648
667
660
650
668
668
677
687
705
728
772
805
811
822
853
857
856
845
831
815
804
768
701
668
650
635
625
622
616
618
625
618
592
592
597
603
609
628
637
657
666
644
591
595
588
591
591
600
596
612
613
590
543
565
555
569
572
597
612
646
667
668
668
694
697
699
691
682
661
638
590
509
437
392
329
274
222
178
137
110
65
-1
-38
-80
-139
-211
-285
-370
-452
-532
-634
-761
-864
-968
-1073
-1186
-1289
-1400
-1485
-1571
-1674
-1795
-1854
-1918
-1959
-1994
-2014
-2037
-2035
-2035
-2060
-2110
-2107
-2133
-2136
-2143
-2132
-2120
-2081
-2046
-2028
-2005
-1955
-1925
-1897
-1878
-1863
-1855
-1839
-1847
-1894
-1942
-1978
-2039
-2101
-2164
-2225
-2279
-2320
-2379
-2469
-2525
-2572
-2615
-2654
-2686
-2723
-2758
-2793
-2847
-2917
-2946
-2963
-2959
-2952
-2922
-2891
-2828
-2756
-2692
-2636
-2522
-2419
-2303
-2183
-2048
-1918
-1763
-1620
-1499
-1403
-1254
-1137
-1016
-908
-799
-707
-604
-519
-477
-438
-379
-345
-312
-285
-250
-206
-138
-80
-47
-1
63
96
122
142
157
183
221
242
240
276
323
372
417
465
506
548
591
612
604
626
633
649
662
697
726
783
841
877
888
930
941
937
907
868
809
763
704
614
502
440
341
256
173
105
35
-19
-79
-156
-221
-248
-284
-304
-324
-339
-357
-365
-390
-439
-469
-476
-493
-500
-501
-504
-501
-490
-497
-528
-518
-500
-483
-460
-429
-404
-374
-344
-335
-357
-338
-328
-299
-272
-224
-183
-123
-68
-37
-26
23
58
106
153
215
269
342
399
418
412
447
454
462
472
488
508
553
591
613
634
674
688
713
724
733
743
764
766
738
727
728
710
688
671
653
653
664
660
627
629
640
655
679
710
746
794
854
897
911
973
1011
1050
1068
1089
1086
1095
1096
1079
1047
1053
1042
1040
1030
1032
1020
1023
1000
939
859
826
768
717
661
602
536
482
423
351
301
300
297
316
341
374
413
469
514
535
583
651
715
784
857
921
985
1043
1071
1059
1067
1070
1066
1062
1058
1046
1037
1028
999
938
927
890
865
833
819
795
785
769
729
671
652
617
601
582
583
576
596
610
605
599
641
657
673
674
665
642
627
593
544
506
506
499
490
472
436
386
339
283
196
137
93
49
13
-5
-19
-16
-3
-10
-40
-38
-25
-8
15
41
63
100
136
151
123
139
120
114
90
76
48
37
21
-13
-62
-67
-95
-109
-134
-143
-161
-151
-147
-162
-176
-148
-133
-107
-82
-56
-39
-17
-17
-49
-81
-91
-120
-140
-158
-173
-183
-178
-187
-221
-228
-220
-218
-210
-191
-173
-145
-114
-107
-132
-142
-160
-193
-234
-273
-319
-345
-364
-397
-451
-444
-463
-477
-505
-527
-562
-583
-608
-645
-691
-680
-688
-672
-660
-633
-623
-603
-607
-648
-697
-714
-748
-775
-801
-820
-834
-827
-829
-851
-862
-843
-837
-823
-803
-789
-775
-753
-759
-793
-806
-815
-830
-852
-868
-891
-913
-929
-967
-1032
-1079
-1129
-1185
-1242
-1289
-1341
-1370
-1389
-1419
-1469
-1456
-1461
-1452
-1440
-1417
-1398
-1360
-1324
-1311
-1322
-1293
-1299
-1298
-1319
-1336
-1369
-1387
-1420
-1476
-1533
-1558
-1599
-1636
-1675
-1711
-1750
-1772
-1802
-1849
-1878
-1872
-1879
-1879
-1877
-1874
-1862
-1838
-1836
-1871
-1881
-1888
-1902
-1913
-1912
-1910
-1896
-1877
-1877
-1904
-1916
-1934
-1955
-1981
-1997
-2019
-2017
-2015
-2036
-2079
-2067
-2074
-2072
-2075
-2070
-2074
-2062
-2055
-2065
-2087
-2045
-2026
-1982
-1941
-1886
-1844
-1795
-1774
-1792
-1820
-1831
-1866
-1898
-1927
-1942
-1947
-1925
-1911
-1921
-1921
-1899
-1895
-1889
-1886
-1887
-1886
-1872
-1879
-1916
-1937
-1959
-1985
-2006
-1997
-1978
-1939
-1884
-1849
-1835
-1792
-1763
-1740
-1716
-1673
-1636
-1578
-1520
-1484
-1468
-1407
-1366
-1323
-1283
-1240
-1203
-1149
-1097
-1059
-1036
-958
-915
-858
-811
-753
-713
-663
-620
-594
-565
-508
-473
-439
-414
-391
-374
-345
-331
-341
-329
-287
-252
-208
-157
-104
-44
23
65
69
94
107
104
90
77
59
50
54
51
30
44
50
61
67
88
102
142
183
207
218
277
322
379
434
498
553
627
691
724
730
785
802
830
846
863
866
874
866
837
816
832
843
875
920
982
1048
1122
1167
1168
1165
1164
1131
1086
1029
963
906
870
829
768
749
734
717
696
677
648
629
620
598
565
564
558
558
549
554
559
580
595
590
578
612
636
663
682
710
724
755
771
754
720
746
747
772
804
843
877
914
934
926
920
935
929
932
935
938
939
953
952
921
905
905
887
872
865
863
878
909
925
915
940
963
968
961
950
937
935
940
932
902
922
931
951
960
979
977
987
987
963
921
919
903
897
883
876
851
843
820
766
694
675
632
610
601
612
634
679
718
738
764
819
855
899
945
998
1051
1113
1149
1150
1162
1187
1195
1200
1204
1203
1207
1217
1209
1177
1179
1180
1172
1160
1146
1120
1098
1074
1030
960
938
901
875
840
832
821
846
872
880
879
916
944
987
1023
1078
1120
1181
1219
1214
1188
1201
1187
1186
1185
1189
1194
1203
1196
1161
1122
1109
1065
1019
965
913
857
811
742
649
583
539
494
458
431
401
386
387
379
349
349
353
351
351
358
366
390
417
426
409
448
464
491
509
543
568
607
635
636
614
629
624
636
641
664
676
710
731
726
714
746
757
772
785
802
819
851
875
875
882
920
939
964
987
1010
1031
1067
1089
1085
1101
1126
1138
1147
1157
1154
1154
1153
1131
1087
1074
1068
1054
1037
1020
997
990
987
965
918
932
925
926
909
895
860
840
807
748
666
621
558
515
468
450
423
433
440
424
404
429
440
459
475
494
507
535
548
538
539
577
595
617
633
646
664
692
701
683
695
727
760
798
840
877
918
956
966
943
939
943
954
978
1016
1044
1072
1079
1044
968
938
877
826
777
747
716
708
704
691
673
715
732
762
775
795
796
810
807
775
732
711
668
624
577
535
497
482
466
434
420
442
454
477
502
531
565
615
650
653
673
689
684
666
644
611
580
550
499
423
365
310
257
208
171
130
109
83
31
-49
-71
-112
-141
-174
-199
-234
-254
-275
-316
-373
-378
-415
-443
-488
-521
-569
-586
-607
-642
-676
-685
-710
-714
-715
-708
-692
-649
-615
-603
-573
-511
-457
-394
-330
-269
-214
-157
-127
-137
-127
-116
-120
-128
-139
-166
-203
-244
-314
-409
-471
-518
-549
-574
-578
-582
-556
-524
-509
-514
-462
-421
-364
-309
-253
-214
-168
-135
-134
-159
-134
-148
-152
-172
-183
-204
-204
-210
-233
-254
-249
-267
-289
-323
-359
-404
-442
-500
-585
-653
-689
-736
-776
-811
-841
-860
-864
-881
-918
-910
-883
-844
-788
-712
-634
-551
-473
-428
-422
-401
-389
-376
-369
-347
-331
-290
-249
-230
-232
-189
-165
-136
-109
-69
-26
49
131
204
265
380
448
515
558
601
640
701
756
780
793
811
805
787
753
704
633
573
498
414
354
330
309
308
325
354
398
460
500
500
521
534
537
543
554
562
584
617
645
648
681
707
741
770
811
837
880
913
915
887
893
874
849
809
777
744
748
762
766
762
820
846
882
904
929
947
981
1010
1026
1050
1106
1142
1182
1211
1234
1249
1274
1281
1256
1243
1245
1229
1213
1200
1189
1192
1208
1205
1170
1161
1149
1132
1123
1128
1140
1163
1188
1191
1164
1172
1167
1169
1159
1158
1135
1119
1093
1046
983
965
934
911
880
857
828
830
832
815
787
813
806
804
797
803
819
858
894
910
926
960
969
975
978
982
989
1021
1043
1047
1074
1114
1140
1155
1178
1195
1220
1240
1241
1212
1219
1227
1234
1239
1246
1242
1236
1223
1185
1110
1071
1011
958
896
853
795
760
725
683
638
639
624
628
635
663
692
750
800
825
843
914
957
1006
1048
1087
1109
1125
1113
1064
1014
995
966
956
955
962
970
990
993
968
960
964
956
951
952
950
958
974
972
947
955
967
977
990
1005
1013
1028
1041
1027
978
977
951
935
910
898
874
862
841
797
735
708
659
616
557
502
430
378
314
224
123
61
-31
-122
-224
-335
-457
-572
-702
-858
-1006
-1122
-1255
-1380
-1511
-1643
-1782
-1915
-2080
-2294
-2512
-2738
-2978
-3224
-3458
-3694
-3919
-4140
-4392
-4680
-4932
-5175
-5429
-5671
-5898
-6118
-6317
-6500
-6691
-6892
-7024
-7167
-7284
-7389
-7454
-7502
-7508
-7491
-7457
-7406
-7284
-7162
-7007
-6844
-6640
-6425
-6165
-5890
-5618
-5335
-5001
-4675
-4332
-3977
-3608
-3232
-2837
-2452
-2093
-1732
-1351
-1005
-670
-356
-61
218
488
715
888
1059
1221
1356
1476
1587
1681
1775
1864
1925
1955
2003
2045
2073
2092
2106
2107
2116
2122
2100
2042
2037
2004
1983
1955
1937
1907
1887
1859
1810
1743
1725
1683
1660
1627
1607
1575
1565
1543
1492
1432
1402
1353
1311
1269
1230
1190
1167
1137
1084
1043
1038
1024
1027
1037
1058
1089
1135
1166
1171
1203
1239
1260
1270
1279
1284
1298
1318
1310
1280
1266
1245
1215
1166
1114
1047
1001
947
869
767
722
652
592
527
482
444
437
444
440
425
462
470
494
512
549
581
631
662
662
653
671
670
679
691
709
729
769
800
802
806
826
818
807
793
778
769
772
759
718
707
701
690
680
678
670
667
665
640
584
550
520
488
454
433
409
416
433
438
426
473
496
519
530
546
557
588
620
636
632
676
684
707
720
746
761
790
805
795
783
793
784
779
770
760
740
725
687
614
550
512
459
416
383
358
348
357
356
329
332
332
317
293
270
240
215
197
166
119
98
78
61
38
35
28
50
81
82
60
78
85
95
104
114
119
137
152
137
97
114
99
101
91
92
88
100
103
93
92
130
161
201
240
278
313
351
372
355
351
365
356
345
330
308
283
260
213
137
98
69
44
29
33
44
64
84
75
27
-2
-42
-87
-147
-201
-268
-313
-359
-424
-500
-521
-546
-553
-554
-542
-534
-504
-479
-476
-490
-442
-423
-385
-348
-297
-248
-186
-137
-110
-82
-32
-12
0
-8
-29
-62
-87
-128
-195
-246
-280
-334
-387
-437
-486
-523
-549
-582
-630
-624
-607
-595
-589
-589
-604
-622
-637
-664
-713
-729
-758
-780
-809
-819
-839
-838
-842
-877
-928
-939
-957
-956
-957
-944
-942
-922
-905
-916
-958
-940
-960
-975
-1005
-1031
-1064
-1085
-1119
-1178
-1238
-1277
-1340
-1400
-1459
-1508
-1548
-1568
-1599
-1654
-1687
-1697
-1713
-1723
-1736
-1747
-1748
-1741
-1750
-1783
-1776
-1766
-1761
-1762
-1768
-1788
-1809
-1827
-1861
-1918
-1929
-1948
-1950
-1954
-1939
-1931
-1905
-1890
-1909
-1952
-1962
-1993
-2024
-2063
-2092
-2130
-2143
-2166
-2214
-2278
-2288
-2326
-2348
-2364
-2369
-2372
-2363
-2367
-2399
-2432
-2438
-2465
-2481
-2497
-2505
-2505
-2482
-2468
-2474
-2458
-2423
-2407
-2400
-2400
-2412
-2422
-2430
-2459
-2516
-2537
-2548
-2557
-2560
-2558
-2559
-2550
-2536
-2534
-2552
-2515
-2487
-2442
-2401
-2339
-2281
-2203
-2134
-2094
-2077
-2026
-1996
-1953
-1928
-1892
-1881
-1852
-1839
-1864
-1906
-1915
-1956
-1993
-2026
-2064
-2101
-2114
-2129
-2159
-2177
-2159
-2151
-2122
-2082
-2032
-1984
-1927
-1896
-1898
-1888
-1858
-1832
-1795
-1749
-1702
-1647
-1589
-1555
-1558
-1533
-1500
-1469
-1433
-1393
-1359
-1314
-1262
-1222
-1205
-1131
-1075
-1007
-950
-881
-825
-760
-706
-676
-665
-612
-575
-526
-488
-438
-399
-333
-277
-244
-222
-163
-133
-101
-78
-58
-44
-22
-13
-28
-38
-18
-20
-14
-11
-5
8
43
70
80
121
183
239
296
358
413
475
534
563
554
563
568
564
560
561
559
576
605
622
615
660
674
689
684
676
645
617
575
514
441
421
390
385
379
396
407
448
479
483
478
498
493
488
476
480
485
517
538
547
556
596
617
657
705
766
834
920
995
1042
1111
1187
1250
1311
1372
1416
1459
1499
1508
1485
1474
1466
1450
1437
1423
1404
1395
1391
1364
1303
1292
1253
1224
1189
1168
1140
1125
1099
1045
967
933
875
841
810
808
807
837
859
857
850
873
877
888
900
917
930
953
961
942
929
942
938
941
943
938
927
915
875
801
751
715
683
663
660
663
682
705
707
687
692
703
716
731
751
759
782
804
805
783
820
835
862
887
925
959
1009
1050
1066
1059
1099
1106
1129
1142
1172
1196
1240
1271
1276
1274
1292
1288
1285
1275
1269
1252
1249
1226
1174
1132
1106
1056
1008
958
918
888
864
833
780
765
766
773
792
824
849
870
882
866
826
801
775
750
734
740
742
766
791
794
774
810
815
826
828
832
829
845
860
854
828
855
845
848
838
843
840
859
872
867
863
883
886
896
902
905
898
899
879
831
798
792
776
771
775
781
794
815
819
794
805
824
842
863
892
917
946
973
977
950
944
935
926
912
913
909
928
941
925
877
867
834
811
791
777
753
745
735
713
683
719
723
738
742
759
772
803
822
817
810
826
823
827
830
841
852
879
894
880
883
899
900
895
886
873
853
838
796
720
674
642
600
562
540
516
499
490
467
426
422
411
408
399
414
426
469
507
516
494
506
491
476
455
442
430
437
438
421
392
428
433
455
472
500
528
575
615
636
662
718
755
796
828
855
872
893
889
853
830
831
821
813
804
789
781
780
755
700
681
669
656
643
633
620
616
621
609
568
559
531
505
470
451
425
428
435
431
418
456
483
520
551
590
623
681
733
760
765
816
822
827
816
803
778
760
730
675
617
585
536
501
472
456
451
468
475
458
459
482
493
517
557
607
668
740
785
791
822
833
832
819
808
798
821
861
899
917
983
1019
1047
1038
1025
987
961
931
884
824
806
772
740
694
654
603
580
547
490
421
413
379
367
359
368
379
406
428
429
436
473
495
527
559
593
627
672
694
677
672
683
682
687
704
721
745
770
770
737
734
733
727
723
724
721
722
721
694
634
618
579
554
526
520
511
529
553
572
586
645
689
742
781
822
841
871
875
837
774
750
697
650
595
543
489
449
402
341
299
307
316
346
380
420
461
509
531
510
496
488
464
441
428
419
428
452
467
471
517
574
633
682
726
758
790
827
833
799
806
775
748
706
665
618
585
543
474
382
330
260
211
165
142
114
120
117
95
73
101
118
145
174
212
252
301
328
314
303
320
318
322
325
332
349
385
412
422
462
520
571
624
680
732
795
863
909
930
975
1018
1047
1062
1066
1053
1046
1036
1001
934
922
885
856
814
781
736
704
671
624
564
550
508
478
434
405
368
359
341
303
267
277
281
304
333
369
405
456
495
511
536
589
624
665
702
737
772
812
823
793
777
763
735
705
678
646
626
614
586
537
511
492
471
456
452
447
459
479
472
441
467
471
496
509
525
521
518
512
493
448
447
437
462
494
549
591
640
664
647
614
600
566
530
495
465
437
426
397
331
264
212
136
76
21
-27
-62
-86
-126
-194
-236
-276
-332
-396
-457
-523
-577
-622
-671
-728
-747
-749
-740
-722
-692
-673
-641
-617
-618
-649
-626
-623
-607
-591
-562
-541
-511
-493
-500
-529
-509
-524
-520
-523
-511
-510
-493
-490
-506
-521
-507
-512
-508
-503
-491
-482
-462
-460
-481
-491
-474
-473
-464
