0
-24
-77
-132
-142
-161
-168
-172
-172
-175
-168
-177
-212
-242
-243
-261
-271
-285
-302
-316
-315
-325
-358
-366
-365
-372
-376
-373
-375
-370
-362
-371
-401
-406
-407
-414
-421
-419
-421
-409
-400
-419
-477
-483
-516
-537
-559
-564
-568
-545
-516
-502
-507
-465
-448
-404
-359
-295
-238
-178
-150
-166
-208
-223
-265
-296
-322
-345
-363
-360
-372
-405
-430
-426
-438
-435
-423
-406
-383
-350
-333
-341
-317
-287
-267
-249
-226
-207
-179
-146
-124
-121
-97
-72
-57
-41
-15
1
31
53
46
8
24
23
39
61
96
125
170
214
240
245
300
323
362
389
427
453
498
532
545
562
613
656
711
769
830
888
952
991
988
978
974
933
889
846
813
795
799
794
764
766
772
774
775
783
783
790
801
796
770
767
761
753
743
746
744
767
792
798
781
820
841
875
911
958
998
1050
1087
1091
1065
1091
1078
1077
1065
1065
1056
1062
1057
1032
1007
1021
1016
1027
1037
1050
1068
1098
1109
1085
1062
1063
1056
1049
1040
1039
1046
1064
1063
1035
1041
1056
1067
1080
1104
1135
1177
1229
1262
1269
1302
1329
1347
1343
1332
1295
1272
1234
1163
1072
1034
990
968
958
968
983
1022
1053
1058
1042
1084
1088
1100
1092
1085
1061
1045
1014
961
916
906
884
873
865
867
873
895
905
892
897
926
938
952
963
968
979
1001
1008
988
1005
1026
1042
1053
1064
1066
1072
1084
1087
1072
1094
1117
1150
1175
1209
1229
1266
1293
1293
1271
1294
1300
1308
1305
1305
1298
1315
1327
1313
1282
1315
1322
1350
1375
1409
1438
1483
1519
1531
1541
1577
1588
1592
1578
1543
1485
1411
1295
1120
933
754
542
331
109
-123
-358
-579
-821
-1084
-1300
-1500
-1698
-1889
-2070
-2250
-2418
-2582
-2765
-2980
-3170
-3384
-3600
-3834
-4055
-4288
-4506
-4728
-4979
-5251
-5486
-5731
-5969
-6203
-6415
-6615
-6773
-6920
-7077
-7237
-7333
-7449
-7537
-7615
-7666
-7698
-7688
-7658
-7617
-7542
-7407
-7264
-7083
-6872
-6626
-6349
-6034
-5716
-5413
-5085
-4733
-4391
-4043
-3688
-3336
-2974
-2605
-2261
-1956
-1634
-1327
-1038
-756
-481
-223
26
262
467
635
839
1018
1196
1351
1505
1633
1763
1868
1932
1958
2007
2027
2045
2051
2066
2073
2103
2118
2100
2059
2061
2028
2000
1972
1954
1938
1934
1914
1861
1801
1762
1699
1642
1582
1523
1463
1418
1362
1282
1224
1191
1147
1112
1074
1025
984
944
890
809
768
746
732
740
762
779
807
840
857
844
872
874
879
873
883
889
921
956
972
974
1019
1047
1091
1122
1156
1173
1210
1232
1224
1195
1208
1192
1182
1168
1153
1131
1116
1086
1032
986
974
945
926
905
889
873
866
844
795
774
776
780
797
825
848
876
905
909
884
886
894
895
895
897
898
913
930
927
892
908
899
897
880
868
840
823
797
745
670
627
556
490
412
352
293
272
251
214
178
195
203
227
255
288
318
360
387
386
386
410
411
420
430
445
465
497
511
492
488
488
471
452
440
424
422
422
410
368
354
349
345
360
385
405
432
439
416
359
348
305
278
247
231
213
224
247
267
277
332
357
397
416
443
454
483
497
485
469
493
503
525
548
572
592
632
660
661
668
702
712
719
718
710
698
688
653
576
511
444
366
292
232
176
137
112
79
32
13
-2
-24
-46
-60
-77
-74
-70
-81
-117
-92
-91
-82
-86
-85
-94
-87
-79
-89
-115
-90
-95
-88
-101
-108
-131
-135
-147
-178
-206
-197
-197
-184
-165
-138
-106
-55
-18
-11
-4
22
23
23
19
12
4
3
-21
-75
-104
-125
-153
-176
-181
-183
-172
-156
-161
-193
-212
-234
-266
-302
-336
-378
-399
-427
-469
-539
-550
-583
-611
-644
-657
-673
-673
-673
-690
-730
-722
-750
-769
-802
-831
-883
-928
-994
-1082
-1167
-1216
-1271
-1303
-1325
-1332
-1340
-1337
-1356
-1403
-1445
-1459
-1479
-1480
-1476
-1470
-1459
-1442
-1448
-1492
-1514
-1538
-1574
-1614
-1650
-1691
-1723
-1747
-1781
-1832
-1853
-1873
-1895
-1923
-1941
-1964
-1962
-1960
-1977
-2012
-1988
-1984
-1982
-2002
-2033
-2086
-2134
-2194
-2278
-2372
-2397
-2439
-2449
-2458
-2454
-2460
-2451
-2454
-2478
-2497
-2479
-2471
-2453
-2441
-2431
-2431
-2426
-2445
-2500
-2551
-2582
-2633
-2679
-2721
-2757
-2782
-2797
-2835
-2908
-2958
-3008
-3058
-3098
-3120
-3139
-3146
-3145
-3158
-3194
-3206
-3224
-3240
-3264
-3276
-3296
-3289
-3281
-3288
-3309
-3274
-3250
-3220
-3179
-3134
-3093
-3036
-2990
-2963
-2957
-2886
-2852
-2809
-2778
-2744
-2723
-2697
-2691
-2709
-2732
-2729
-2737
-2731
-2720
-2698
-2682
-2660
-2655
-2685
-2698
-2692
-2703
-2708
-2712
-2715
-2710
-2693
-2681
-2686
-2650
-2606
-2566
-2525
-2477
-2427
-2367
-2296
-2238
-2205
-2145
-2105
-2067
-2042
-2001
-1967
-1905
-1844
-1806
-1788
-1725
-1674
-1612
-1551
-1482
-1423
-1351
-1295
-1275
-1282
-1242
-1242
-1230
-1221
-1198
-1175
-1134
-1096
-1076
-1057
-1014
-987
-944
-893
-826
-749
-654
-577
-536
-487
-423
-371
-316
-259
-205
-141
-65
-4
26
84
136
176
213
250
286
328
373
399
391
411
407
405
389
387
373
383
395
398
396
442
477
516
549
584
610
647
663
643
593
597
576
566
557
546
542
552
549
515
484
479
456
440
434
446
480
540
590
613
653
699
719
731
738
743
762
789
799
777
785
790
785
777
782
792
818
857
887
895
955
1000
1059
1108
1173
1225
1293
1352
1383
1390
1424
1431
1442
1443
1452
1446
1462
1466
1443
1406
1422
1417
1427
1437
1448
1454
1464
1459
1427
1393
1384
1354
1336
1325
1329
1345
1384
1410
1403
1404
1410
1392
1368
1344
1313
1287
1262
1212
1130
1076
1025
971
923
883
847
831
828
813
773
784
775
784
796
834
867
913
946
951
936
959
969
992
1005
1025
1028
1046
1046
1023
990
1010
1014
1031
1051
1065
1079
1099
1106
1089
1077
1099
1118
1147
1167
1193
1221
1259
1281
1278
1296
1329
1349
1364
1380
1383
1383
1368
1316
1218
1144
1072
1005
952
916
885
880
877
851
795
796
773
765
757
768
775
799
822
829
818
847
855
878
895
927
949
997
1032
1039
1031
1057
1058
1066
1075
1089
1101
1120
1118
1081
1039
1019
981
959
945
936
931
940
937
913
918
938
950
962
979
991
1013
1041
1050
1036
1052
1081
1113
1157
1211
1262
1329
1392
1425
1419
1462
1478
1501
1510
1520
1510
1504
1484
1440
1370
1341
1285
1247
1210
1198
1186
1205
1218
1212
1211
1252
1287
1333
1374
1406
1425
1449
1446
1403
1344
1308
1245
1189
1135
1080
1037
1010
979
916
878
850
817
791
775
748
729
715
690
659
667
698
735
777
826
868
919
961
966
936
965
974
1001
1024
1059
1087
1124
1151
1150
1127
1150
1143
1151
1149
1157
1150
1161
1158
1130
1099
1100
1088
1085
1080
1074
1064
1064
1046
995
950
930
894
868
844
822
804
800
781
739
734
748
765
790
825
857
893
932
953
955
984
1021
1061
1101
1148
1181
1223
1255
1256
1228
1245
1231
1215
1186
1156
1111
1077
1030
955
857
812
738
686
636
611
589
595
602
597
598
628
639
654
666
678
683
697
692
656
629
634
625
628
635
639
653
675
685
674
690
720
743
779
823
862
897
937
954
945
952
956
958
954
953
932
920
900
854
786
777
754
749
753
774
800
853
910
946
962
1027
1056
1093
1113
1135
1143
1159
1157
1129
1097
1090
1063
1036
996
942
870
805
729
636
575
558
543
551
576
611
655
707
732
715
714
698
664
623
587
545
509
477
431
369
349
334
334
336
360
381
426
462
469
449
475
486
508
532
569
606
668
723
755
770
845
887
945
997
1057
1109
1169
1210
1221
1227
1253
1257
1266
1274
1285
1291
1302
1286
1230
1177
1136
1070
999
927
853
791
736
664
570
515
474
430
399
386
371
363
355
327
288
290
277
277
276
297
310
345
373
375
354
370
369
372
375
387
397
427
451
452
441
490
509
539
566
601
628
673
711
726
743
784
800
816
822
823
820
834
837
820
825
859
882
905
924
937
956
981
983
949
938
919
891
865
847
830
824
826
815
779
786
783
796
806
832
846
870
874
840
776
742
688
639
583
539
490
471
450
411
366
379
366
368
372
383
394
419
432
419
408
425
421
423
426
437
453
484
499
487
496
528
550
574
598
618
646
679
692
679
700
727
749
770
793
800
811
809
787
730
716
689
669
642
632
625
634
643
640
619
631
619
609
590
585
573
595
612
613
606
652
673
709
747
795
841
894
927
926
923
939
933
935
932
924
907
897
869
812
772
749
713
679
651
623
608
603
580
530
511
496
470
442
416
390
380
379
365
328
347
350
371
386
414
428
454
475
479
468
500
513
539
555
583
600
639
665
657
629
635
615
602
588
580
571
577
573
547
526
536
527
529
530
530
528
532
515
468
440
423
393
366
347
325
316
316
302
271
274
288
302
322
351
378
418
455
470
455
496
515
537
552
574
576
594
600
588
552
569
558
563
548
546
529
537
533
507
475
480
461
442
416
395
378
379
379
362
353
374
374
386
404
438
481
546
599
633
689
749
790
813
822
809
792
768
711
615
532
447
354
265
192
130
104
97
81
47
79
90
115
140
181
220
279
337
374
387
443
466
502
524
562
589
631
647
624
585
570
537
514
496
489
483
491
486
458
440
451
446
452
462
472
482
496
486
442
419
404
383
367
366
372
398
435
459
464
492
521
547
572
603
623
658
682
669
614
606
571
539
501
469
432
421
408
387
348
361
337
314
275
245
203
189
171
128
101
119
135
168
204
244
281
332
367
370
378
415
434
467
504
548
597
650
672
650
642
631
607
567
532
491
458
433
399
347
324
304
286
268
264
255
266
268
239
179
169
138
114
87
64
31
13
-14
-66
-136
-145
-183
-200
-224
-232
-249
-251
-266
-308
-353
-374
-415
-449
-481
-504
-522
-520
-528
-557
-568
-551
-549
-546
-545
-547
-545
-529
-526
-545
-529
-508
-491
-473
-444
-417
-383
-349
-338
-361
-370
-395
-429
-475
-515
-568
-601
-630
-671
-727
-730
-751
-764
-781
-794
-818
-832
-858
-907
-969
-969
-994
-1009
-1027
-1041
-1060
-1058
-1069
-1095
-1117
-1105
-1100
-1066
-1033
-992
-951
-900
-871
-872
-863
-832
-818
-804
-792
-785
-770
-751
-747
-772
-762
-751
-747
-748
-745
-743
-727
-694
-673
-671
-632
-600
-569
-554
-536
-541
-529
-524
-541
-577
-569
-581
-592
-609
-622
-644
-652
-667
-704
-753
-734
-744
-734
-724
-696
-666
-620
-585
-574
-565
-539
-543
-548
-557
-561
-560
-539
-530
-546
-547
-526
-515
-495
-470
-445
-412
-370
-348
-355
-323
-281
-241
-201
-159
-124
-87
-48
-26
-29
8
32
59
69
88
92
119
146
156
152
194
224
271
322
389
453
537
603
633
637
688
700
718
721
723
710
698
665
610
549
520
483
460
457
470
500
551
598
606
624
655
680
716
770
829
902
979
1022
1018
1032
1037
1033
1028
1018
1006
1000
997
977
925
911
869
834
779
736
673
626
569
493
405
363
312
280
258
260
262
293
317
318
306
346
358
382
411
451
493
547
588
602
614
648
655
663
665
667
668
682
680
656
658
686
705
727
752
766
780
791
776
727
710
694
676
664
656
647
649
660
660
638
669
681
707
725
761
789
837
882
909
920
970
1002
1048
1090
1142
1175
1215
1228
1204
1160
1158
1127
1102
1071
1037
989
944
880
789
702
650
584
529
486
448
424
425
414
387
384
404
419
437
469
501
534
573
590
575
584
589
587
582
576
557
543
527
495
426
405
351
301
238
176
91
14
-75
-190
-325
-430
-558
-677
-809
-929
-1059
-1161
-1275
-1416
-1564
-1669
-1797
-1921
-2057
-2207
-2376
-2543
-2730
-2946
-3163
-3361
-3588
-3816
-4053
-4296
-4544
-4788
-5058
-5361
-5639
-5894
-6147
-6385
-6601
-6803
-6977
-7127
-7279
-7441
-7564
-7667
-7753
-7813
-7839
-7841
-7799
-7726
-7647
-7573
-7422
-7275
-7095
-6902
-6672
-6426
-6136
-5824
-5509
-5197
-4833
-4492
-4138
-3795
-3436
-3084
-2706
-2343
-2008
-1682
-1326
-995
-668
-359
-69
197
457
692
893
1087
1280
1414
1514
1578
1617
1638
1657
1655
1638
1649
1679
1701
1718
1741
1752
1774
1796
1790
1759
1754
1742
1718
1701
1693
1681
1684
1683
1654
1592
1576
1527
1479
1424
1378
1329
1293
1252
1190
1104
1061
989
937
885
867
847
859
872
866
860
885
891
895
892
891
887
895
888
858
841
858
857
858
852
842
837
847
842
813
816
830
838
845
860
870
886
900
890
851
828
803
772
744
731
720
734
750
744
711
733
734
742
740
741
732
740
744
727
688
701
684
685
677
683
680
693
686
644
591
561
513
473
434
403
380
381
376
349
336
355
363
379
393
401
407
416
400
351
332
322
315
314
324
325
332
333
308
265
242
230
218
208
213
225
262
299
311
299
338
356
378
401
438
469
515
558
579
585
644
660
683
689
696
687
685
669
631
597
583
550
518
486
455
420
397
360
298
258
253
242
245
256
273
303
354
392
399
435
472
501
522
542
547
546
539
513
471
467
471
482
487
501
498
508
502
456
376
335
272
211
145
88
25
-9
-33
-61
-92
-53
-40
-10
8
27
29
34
16
-32
-81
-101
-132
-145
-152
-152
-153
-145
-158
-202
-237
-253
-285
-309
-328
-346
-359
-367
-396
-453
-471
-477
-474
-452
-409
-361
-305
-245
-202
-180
-124
-70
-13
33
95
139
207
262
281
270
285
273
253
209
164
106
70
28
-44
-140
-191
-283
-366
-454
-526
-593
-646
-707
-784
-850
-877
-917
-942
-961
-969
-974
-961
-964
-990
-991
-965
-951
-935
-919
-911
-903
-897
-918
-970
-984
-990
-995
-992
-978
-961
-934
-898
-880
-893
-874
-873
-868
-875
-868
-875
-868
-877
-923
-1000
-1042
-1096
-1139
-1182
-1211
-1248
-1265
-1294
-1349
-1418
-1428
-1460
-1471
-1475
-1463
-1455
-1443
-1456
-1508
-1569
-1606
-1663
-1712
-1760
-1801
-1837
-1854
-1884
-1940
-1978
-1998
-2033
-2066
-2098
-2135
-2165
-2191
-2236
-2307
-2341
-2367
-2392
-2407
-2410
-2407
-2388
-2359
-2342
-2348
-2304
-2278
-2245
-2232
-2212
-2222
-2228
-2263
-2331
-2424
-2486
-2563
-2636
-2717
-2783
-2858
-2891
-2917
-2964
-3023
-3021
-3042
-3050
-3059
-3060
-3064
-3052
-3049
-3063
-3070
-3042
-3034
-3020
-3015
-3015
-3021
-3022
-3047
-3104
-3143
-3162
-3182
-3191
-3185
-3167
-3133
-3093
-3074
-3087
-3075
-3064
-3062
-3057
-3040
-3019
-2981
-2940
-2926
-2954
-2949
-2978
-3000
-3026
-3030
-3036
-3019
-2999
-2991
-2991
-2942
-2901
-2841
-2784
-2714
-2658
-2586
-2531
-2505
-2491
-2429
-2387
-2333
-2275
-2212
-2155
-2091
-2047
-2033
-2019
-1982
-1970
-1951
-1928
-1895
-1851
-1790
-1745
-1734
-1710
-1678
-1655
-1628
-1593
-1564
-1528
-1484
-1454
-1445
-1404
-1360
-1325
-1291
-1256
-1221
-1166
-1103
-1054
-1030
-953
-906
-854
-818
-773
-739
-689
-643
-618
-609
-565
-544
-513
-485
-436
-394
-314
-250
-204
-159
-71
-3
76
146
211
269
336
379
386
388
406
400
401
405
420
443
488
521
530
559
600
620
630
633
626
624
631
613
564
535
513
489
474
470
467
486
512
520
503
545
565
592
606
626
635
656
675
679
669
704
711
731
736
751
752
772
783
773
764
792
807
832
858
889
920
964
990
987
989
1018
1027
1042
1060
1085
1118
1165
1192
1180
1178
1175
1156
1133
1119
1104
1102
1109
1104
1082
1085
1086
1077
1063
1050
1025
1017
1013
999
970
1008
1025
1051
1076
1120
1163
1226
1283
1311
1304
1332
1317
1311
1295
1296
1290
1305
1304
1276
1240
1223
1195
1169
1150
1138
1122
1121
1098
1052
1018
1013
999
998
999
999
997
1008
1000
970
978
999
1024
1059
1100
1134
1176
1217
1243
1244
1270
1302
1336
1364
1391
1396
1412
1416
1388
1329
1321
1295
1284
1273
1278
1284
1311
1329
1313
1265
1262
1221
1196
1165
1155
1142
1150
1149
1125
1105
1118
1123
1141
1163
1194
1225
1273
1304
1301
1303
1328
1332
1335
1330
1316
1299
1286
1249
1176
1133
1102
1076
1064
1073
1086
1113
1146
1163
1157
1175
1192
1204
1200
1194
1164
1147
1126
1088
1036
1048
1050
1066
1084
1113
1134
1171
1200
1205
1190
1231
1234
1249
1245
1242
1224
1218
1201
1165
1129
1116
1085
1059
1042
1036
1036
1058
1063
1045
1035
1035
1012
978
952
935
927
927
915
875
870
869
868
868
880
893
920
958
992
1012
1068
1126
1189
1251
1322
1365
1411
1437
1432
1401
1412
1401
1399
1391
1388
1378
1389
1396
1378
1339
1352
1326
1307
1269
1231
1184
1152
1115
1065
1023
1013
990
981
980
995
1020
1068
1104
1111
1125
1154
1166
1182
1196
1205
1215
1228
1216
1167
1146
1122
1096
1072
1055
1030
1003
973
927
862
836
809
800
794
812
822
857
888
899
890
921
932
951
965
989
1006
1044
1071
1068
1041
1067
1057
1060
1057
1064
1070
1093
1108
1102
1095
1110
1102
1099
1091
1087
1084
1102
1108
1091
1088
1096
1086
1070
1063
1053
1056
1070
1058
1011
1002
986
960
947
951
958
974
996
1000
976
985
971
963
944
941
924
924
916
894
860
874
879
898
917
955
984
1033
1072
1083
1069
1099
1090
1088
1083
1086
1086
1097
1098
1077
1055
1056
1031
1008
983
965
953
957
942
897
868
851
816
783
755
725
707
697
667
606
575
547
518
499
493
494
513
543
558
544
574
583
601
606
623
624
637
641
624
589
595
586
585
577
584
583
609
626
618
603
641
658
689
716
743
765
796
814
807
807
839
854
875
893
918
949
999
1037
1048
1074
1107
1118
1116
1104
1077
1053
1032
979
902
852
808
762
720
698
688
709
735
739
710
728
725
738
742
761
765
781
791
780
756
776
776
784
786
800
806
834
846
826
795
808
798
795
790
785
777
779
764
720
675
652
602
556
506
456
411
383
341
277
245
242
244
259
287
315
353
393
411
400
410
421
425
432
444
451
473
501
512
495
535
552
583
604
630
638
651
653
634
599
608
595
597
591
603
611
655
699
727
753
814
854
897
934
969
994
1021
1025
999
978
984
967
952
928
902
877
862
829
767
730
706
672
634
599
554
519
490
449
395
376
374
375
378
393
403
428
455
452
420
434
427
426
420
418
412
420
424
407
377
395
388
394
387
394
399
430
454
460
463
499
522
551
583
620
660
711
743
735
733
752
754
763
772
779
788
809
817
801
816
842
857
865
872
862
844
816
762
690
655
638
633
633
641
637
644
641
606
535
515
471
438
408
395
380
381
382
369
343
375
378
398
401
413
408
419
418
398
383
406
421
448
473
500
521
552
562
542
529
540
529
519
506
491
478
476
459
419
412
413
411
417
437
456
483
510
513
493
499
509
520
528
547
554
577
589
562
506
490
456
431
405
395
380
380
390
386
360
399
408
433
445
469
480
505
516
498
478
483
474
471
467
463
460
469
462
427
410
422
428
444
461
485
516
552
560
531
532
537
543
553
574
596
630
674
708
726
772
814
855
891
938
974
1031
1077
1084
1044
1026
964
891
800
709
612
538
466
377
274
235
169
125
74
36
-7
-31
-55
-87
-102
-74
-50
-10
37
97
162
244
308
339
377
431
463
497
528
554
583
615
613
564
533
495
445
394
351
313
292
284
266
231
234
240
255
257
261
247
254
260
247
216
230
225
224
210
202
176
176
172
136
79
68
26
1
-19
-37
-65
-79
-103
-149
-190
-204
-228
-239
-250
-253
-258
-250
-264
-311
-355
-376
-414
-451
-495
-550
-603
-651
-715
-811
-863
-902
-932
-949
-948
-936
-904
-855
-815
-798
-748
-714
-677
-652
-613
-584
-531
-482
-456
-453
-416
-407
-399
-406
-413
-438
-449
-471
-522
-589
-597
-630
-646
-664
-675
-693
-701
-715
-748
-776
-770
-774
-757
-733
-698
-660
-607
-569
-557
-527
-475
-437
-397
-361
-337
-315
-293
-294
-329
-337
-350
-372
-399
-429
-469
-506
-539
-589
-661
-687
-727
-758
-801
-826
-860
-869
-876
-899
-936
-931
-942
-947
-954
-946
-944
-914
-894
-896
-907
-872
-864
-849
-843
-832
-837
-830
-842
-864
-883
-866
-873
-867
-858
-838
-809
-753
-704
-680
-636
-574
-523
-462
-395
-335
-268
-195
-139
-107
-45
21
81
145
208
263
312
359
375
355
376
368
359
330
309
273
256
240
213
179
194
201
226
247
281
306
354
391
398
390
425
434
454
475
499
517
537
536
504
473
470
455
459
476
513
566
638
695
723
765
814
842
866
891
909
931
951
951
925
927
930
918
899
875
843
821
804
771
712
711
692
691
687
701
707
726
735
718
681
681
663
664
664
679
681
702
708
686
659
673
674
693
720
760
799
858
904
928
960
1016
1052
1089
1119
1157
1201
1251
1290
1296
1308
1310
1282
1242
1201
1153
1112
1078
1030
968
940
921
888
851
815
772
742
719
684
634
656
657
678
697
730
755
792
821
829
816
842
839
845
836
839
828
840
839
812
781
787
778
780
788
804
820
853
876
877
886
918
920
916
898
871
840
822
792
742
722
719
715
718
731
748
784
835
876
898
947
995
1034
1067
1099
1119
1147
1164
1142
1069
1031
950
863
754
644
519
405
287
146
-19
-140
-289
-420
-562
-688
-826
-943
-1069
-1215
-1362
-1479
-1620
-1764
-1916
-2067
-2217
-2351
-2499
-2680
-2856
-3019
-3204
-3395
-3587
-3781
-3984
-4186
-4420
-4695
-4946
-5178
-5421
-5662
-5884
-6097
-6283
-6441
-6595
-6750
-6865
-6968
-7065
-7159
-7231
-7295
-7315
-7314
-7305
-7296
-7205
-7115
-6991
-6848
-6675
-6483
-6255
-5999
-5731
-5456
-5109
-4780
-4425
-4075
-3708
-3352
-2980
-2621
-2288
-1954
-1593
-1252
-913
-586
-271
22
310
568
782
986
1195
1366
1526
1671
1806
1938
2070
2167
2216
2274
2320
2345
2353
2354
2339
2325
2306
2258
2178
2115
2049
1985
1918
1863
1801
1761
1716
1643
1544
1501
1448
1417
1393
1382
1367
1370
1366
1340
1292
1290
1240
1191
1123
1064
996
945
883
802
730
695
659
649
656
684
727
794
852
879
912
960
975
984
983
971
953
939
896
824
793
770
755
737
728
714
723
739
752
749
792
844
908
960
1020
1060
1104
1126
1109
1057
1050
1024
1005
984
971
951
955
953
929
886
909
898
912
923
955
981
1017
1036
1022
993
969
908
842
767
695
625
574
510
419
349
312
275
260
265
285
317
360
382
367
378
388
394
403
420
434
454
478
482
460
468
470
482
493
521
534
564
586
580
549
555
543
541
544
565
583
620
643
628
580
580
543
524
504
495
484
485
471
425
371
340
292
261
239
231
225
237
238
219
224
257
279
303
327
346
366
392
394
370
387
412
442
469
502
531
563
608
633
627
648
641
640
631
624
607
605
592
549
478
436
369
310
246
197
145
125
98
46
-20
-27
-56
-64
-64
-50
-37
-14
-2
-23
-48
-57
-102
-150
-208
-259
-299
-314
-334
-374
-392
-391
-402
-407
-407
-406
-388
-354
-334
-341
-318
-295
-272
-236
-187
-137
-81
-26
4
3
46
69
100
116
141
146
164
172
152
110
100
65
33
-8
-40
-86
-110
-145
-206
-274
-286
-326
-354
-387
-415
-445
-457
-476
-514
-553
-568
-610
-648
-688
-720
-746
-752
-767
-805
-816
-803
-797
-786
-771
-761
-749
-737
-751
-798
-818
-839
-867
-892
-912
-932
-943
-938
-956
-1003
-1010
-1045
-1067
-1106
-1130
-1171
-1198
-1228
-1270
-1336
-1364
-1401
-1424
-1452
-1461
-1473
-1454
-1437
-1442
-1451
-1413
-1399
-1384
-1376
-1377
-1388
-1390
-1407
-1454
-1501
-1526
-1575
-1613
-1658
-1703
-1742
-1771
-1820
-1900
-1956
-1990
-2025
-2052
-2068
-2085
-2087
-2079
-2087
-2117
-2114
-2102
-2089
-2067
-2036
-2004
-1961
-1920
-1910
-1944
-1936
-1960
-1979
-2016
-2046
-2089
-2118
-2149
-2199
-2274
-2319
-2393
-2461
-2548
-2625
-2709
-2763
-2825
-2908
-2992
-3030
-3085
-3131
-3178
-3220
-3262
-3291
-3334
-3405
-3470
-3501
-3537
-3547
-3542
-3520
-3484
-3426
-3382
-3369
-3338
-3304
-3289
-3284
-3276
-3271
-3252
-3222
-3205
-3206
-3176
-3137
-3103
-3071
-3044
-3034
-3019
-3007
-3015
-3050
-3023
-3018
-2995
-2977
-2942
-2919
-2883
-2844
-2832
-2833
-2799
-2794
-2780
-2768
-2749
-2743
-2714
-2691
-2691
-2694
-2664
-2653
-2629
-2603
-2574
-2548
-2505
-2468
-2451
-2427
-2372
-2328
-2272
-2207
-2139
-2066
-1984
-1917
-1883
-1822
-1754
-1685
-1608
-1513
-1418
-1312
-1203
-1114
-1050
-966
-883
-821
-780
-757
-767
-783
-819
-891
-997
-1047
-1117
-1165
-1204
-1215
-1217
-1189
-1150
-1121
-1105
-1041
-1010
-966
-935
-892
-861
-807
-765
-747
-733
-689
-662
-629
-595
-556
-514
-455
-408
-385
-349
-281
-225
-161
-97
-35
24
82
108
92
92
95
95
103
130
161
209
267
313
338
386
434
474
506
542
569
614
658
679
673
719
738
761
783
823
864
925
982
1010
1015
1057
1055
1067
1064
1081
1093
1131
1165
1176
1189
1223
1227
1241
1256
1278
1300
1330
1340
1316
1298
1300
1281
1262
1240
1210
1176
1148
1101
1029
980
927
861
793
732
669
616
582
543
492
473
464
462
461
473
477
502
525
524
496
512
504
506
509
526
547
592
639
667
677
744
775
816
845
884
918
967
1006
1022
1042
1095
1140
1196
1243
1285
1317
1357
1373
1355
1345
1358
1355
1357
1358
1350
1336
1318
1267
1181
1129
1083
1034
982
932
874
827
793
758
713
711
717
737
758
797
828
879
921
932
911
927
917
907
892
886
877
889
897
878
836
848
824
820
810
824
829
852
864
848
838
853
849
851
846
852
863
880
874
843
825
831
829
842
866
899
938
984
1008
1004
1030
1056
1076
1098
1129
1155
1183
1210
1210
1178
1178
1162
1152
1140
1143
1133
1142
1147
1128
1092
1102
1100
1111
1124
1149
1170
1212
1243
1245
1227
1264
1266
1279
1288
1304
1307
1313
1301
1260
1220
1208
1186
1182
1184
1194
1207
1241
1268
1273
1297
1342
1369
1394
1416
1432
1452
1479
1487
1465
1473
1471
1450
1416
1374
1327
1293
1275
1257
1231
1254
1267
1288
1296
1311
1302
1304
1293
1257
1201
1183
1148
1121
1089
1063
1024
1001
965
898
812
774
705
656
618
602
596
609
617
601
588
597
585
577
562
562
564
595
617
611
622
661
680
698
719
743
780
829
863
871
914
950
969
978
977
964
955
949
928
888
898
894
901
902
920
933
954
963
945
910
908
885
871
855
854
844
853
847
807
749
739
709
698
691
693
695
710
715
699
683
687
664
642
618
598
580
577
561
519
497
491
477
470
472
470
478
498
512
515
559
610
651
687
719
739
763
787
790
766
801
820
853
878
918
946
990
1030
1050
1052
1092
1113
1143
1156
1166
1144
1126
1085
1014
937
907
857
818
776
738
696
667
628
567
517
504
477
461
447
442
444
467
479
470
497
539
578
624
677
733
789
842
856
824
807
781
743
708
677
651
645
644
621
565
563
542
536
528
541
543
557
559
538
503
515
504
504
492
500
501
528
543
529
507
524
527
545
568
596
624
666
695
696
697
718
709
696
673
646
622
617
603
569
561
563
553
538
527
511
509
515
504
472
468
472
475
480
488
488
496
499
478
432
450
447
456
460
479
495
528
557
568
564
606
615
631
628
636
631
649
654
636
615
629
628
638
655
684
722
778
822
835
848
884
892
898
894
882
869
869
852
803
779
759
734
701
667
628
596
581
558
516
507
500
503
518
544
556
588
619
629
609
645
656
681
703
731
743
765
773
752
705
704
675
663
637
624
602
608
613
597
578
592
592
599
605
617
632
668
695
702
724
772
798
828
855
877
898
923
926
899
906
926
944
961
976
968
947
911
847
752
680
620
575
539
517
489
484
477
443
377
362
322
291
252
219
182
166
150
120
81
106
104
118
120
132
132
150
158
144
130
143
141
149
159
181
209
254
287
298
322
366
384
395
397
392
391
399
390
351
344
344
341
340
343
343
350
369
373
355
369
383
416
450
499
534
576
602
599
561
560
545
544
543
553
563
597
637
657
659
718
741
782
817
865
903
959
1001
1017
1024
1047
1036
1017
975
921
857
803
728
621
525
450
362
284
215
157
117
100
78
35
32
35
36
36
38
34
38
53
59
48
71
93
124
151
196
231
284
326
333
311
332
339
356
373
405
432
479
516
529
520
566
574
594
603
620
632
659
676
671
662
675
666
664
660
662
663
679
679
656
651
671
676
684
687
684
680
681
661
611
598
596
599
610
629
643
658
677
677
647
646
626
610
580
557
514
477
437
373
293
253
186
121
40
-27
-100
-142
-178
-230
-290
-284
-301
-294
-286
-269
-254
-230
-215
-220
-221
-192
-172
-141
-106
-66
-21
43
97
123
161
215
250
283
309
322
329
332
305
239
198
154
104
57
20
-12
-32
-45
-73
-130
-149
-188
-223
-270
-303
-346
-365
-387
-426
-479
-489
-509
-515
-521
-512
-505
-466
-427
-407
-398
-335
-299
-248
-195
-139
-95
-58
-53
-94
-151
-192
-259
-318
-378
-433
-488
-529
-586
-670
-733
-772
-815
-848
-871
-898
-916
-925
-950
-1000
-1014
-1025
-1035
-1033
-1018
-1002
-978
-954
-952
-978
-960
-964
-957
-953
-925
-901
-854
-809
-785
-778
-741
-737
-728
-738
-736
-742
-729
-721
-745
-768
-743
-744
-746
-747
-748
-757
-760
-775
-815
-846
-847
-869
-882
-886
-883
-875
-849
-837
-846
-828
-794
-766
-736
-698
-663
-618
-572
-541
-535
-501
-466
-439
-410
-373
-334
-279
-222
-193
-211
-198
-228
-259
-302
-327
-360
-374
-391
-428
-484
-507
-554
-591
-633
-654
-680
-684
-707
-762
-823
-834
-859
-869
-875
-867
-846
-792
-731
-679
-614
-518
-444
-364
-288
-215
-145
-69
-14
14
69
143
210
274
337
387
439
483
491
458
439
417
391
367
349
328
324
324
309
272
302
317
351
381
425
461
509
548
563
555
586
584
593
587
597
604
637
669
676
688
739
770
807
833
853
878
914
925
914
910
928
920
916
909
908
914
934
940
914
910
904
882
851
835
827
843
874
892
883
895
906
906
903
901
879
862
844
807
743
733
693
663
632
620
611
624
632
617
582
595
583
595
602
624
630
649
652
631
615
641
655
677
702
730
756
792
808
794
788
814
827
848
868
887
906
930
928
887
866
851
829
809
797
783
781
787
779
756
765
784
802
819
841
850
876
903
914
905
956
984
1020
1049
1079
1093
1112
1120
1106
1075
1098
1091
1091
1061
1019
941
861
762
643
535
474
409
368
327
307
297
311
322
300
287
292
281
265
249
235
222
218
191
124
73
15
-60
-141
-222
-312
-402
-497
-617
-761
-884
-1006
-1133
-1267
-1396
-1538
-1662
-1799
-1971
-2179
-2347
-2546
-2745
-2953
-3159
-3376
-3577
-3781
-4003
-4242
-4422
-4631
-4822
-5026
-5223
-5438
-5643
-5859
-6090
-6310
-6488
-6669
-6825
-6963
-7071
-7154
-7193
-7222
-7258
-7265
-7232
-7198
-7140
-7061
-6960
-6831
-6667
-6492
-6316
-6085
-5834
-5576
-5310
-5032
-4749
-4449
-4138
-3838
-3558
-3250
-2947
-2644
-2343
-2026
-1720
-1393
-1076
-787
-529
-231
35
287
515
728
911
1087
1230
1328
1389
1494
1551
1610
1652
1700
1737
1783
1815
1822
1824
1844
1841
1837
1826
1817
1803
1801
1776
1702
1631
1574
1499
1442
1387
1345
1312
1303
1281
1238
1224
1217
1203
1186
1165
1138
1113
1089
1047
988
970
961
971
981
1010
1027
1063
1090
1082
1047
1049
1035
1023
1003
982
954
940
908
839
735
670
556
452
346
259
180
129
84
33
1
13
20
45
75
117
167
240
304
343
397
469
519
567
611
650
692
733
743
713
710
704
695
688
683
672
663
660
647
616
628
632
643
644
656
650
656
652
623
576
574
563
562
554
549
527
518
493
441
380
389
381
395
412
437
457
486
506
502
495
507
499
502
510
529
552
588
606
587
579
582
565
545
510
467
424
393
350
283
262
255
251
261
276
270
270
275
263
226
234
221
215
196
189
172
177
183
173
154
175
183
199
207
224
231
257
270
252
210
220
206
204
203
210
215
231
232
202
170
162
132
116
109
117
136
174
200
203
227
267
294
318
335
335
324
301
241
146
78
17
-42
-90
-127
-159
-172
-174
-190
-230
-218
-225
-219
-220
-204
-197
-168
-140
-129
-134
-99
-84
-58
-36
6
44
112
166
188
191
230
238
253
269
294
322
358
368
331
274
222
133
46
-43
-126
-202
-260
-327
-412
-462
-481
-499
-507
-504
-503
-491
-477
-479
-513
-513
-519
-532
-544
-560
-580
-596
-610
-639
-674
-647
-629
-588
-553
-505
-469
-419
-377
-360
-373
-358
-376
-383
-401
-400
-412
-396
-392
-417
-457
-462
-489
-510
-530
-557
-591
-611
-643
-703
-762
-792
-839
-870
-896
-914
-930
-934
-957
-1013
-1052
-1086
-1134
-1186
-1229
-1267
-1284
-1282
-1287
-1307
-1296
-1277
-1264
-1251
-1237
-1231
-1220
-1218
-1249
-1320
-1343
-1399
-1454
-1527
-1593
-1671
-1734
-1798
-1878
-1972
-2016
-2078
-2118
-2157
-2169
-2178
-2150
-2126
-2123
-2123
-2090
-2077
-2062
-2061
-2073
-2101
-2123
-2165
-2237
-2307
-2355
-2429
-2500
-2570
-2630
-2678
-2709
-2752
-2818
-2850
-2862
-2870
-2869
-2852
-2834
-2804
-2770
-2755
-2768
-2764
-2765
-2781
-2807
-2837
-2877
-2906
-2932
-2976
-3052
-3063
-3100
-3122
-3154
-3166
-3187
-3184
-3184
-3199
-3236
-3220
-3231
-3218
-3214
-3193
-3184
-3161
-3156
-3175
-3197
-3193
-3208
-3222
-3237
-3240
-3242
-3224
-3216
-3226
-3226
-3195
-3185
-3169
-3157
-3150
-3141
-3119
-3109
-3119
-3092
-3047
-2998
-2940
-2869
-2800
-2727
-2662
-2626
-2622
-2602
-2586
-2579
-2579
-2574
-2576
-2553
-2528
-2524
-2544
-2508
-2488
-2448
-2401
-2334
-2269
-2186
-2108
-2051
-2018
-1935
-1885
-1819
-1762
-1691
-1630
-1554
-1492
-1459
-1434
-1389
-1365
-1339
-1317
-1293
-1277
-1252
-1246
-1264
-1269
-1245
-1234
-1214
-1194
-1174
-1144
-1094
-1054
-1037
-987
-932
-886
-844
-799
-760
-714
-662
-628
-618
-585
-549
-503
-451
-381
-317
-236
-163
-123
-117
-62
-39
-8
20
62
112
183
253
297
312
381
409
431
436
450
459
483
497
491
490
523
545
573
592
608
609
619
611
577
557
560
548
545
547
553
568
585
582
549
547
551
556
568
593
619
655
695
718
717
741
758
778
790
815
829
867
904
923
922
966
989
1017
1037
1057
1059
1072
1071
1037
976
969
931
914
898
899
901
926
955
973
995
1040
1059
1075
1084
1092
1095
1112
1122
1115
1131
1174
1203
1232
1250
1255
1261
1276
1275
1245
1247
1247
1237
1223
1215
1205
1200
1197
1176
1129
1112
1082
1060
1035
1031
1021
1038
1055
1056
1044
1079
1100
1126
1145
1167
1187
1219
1241
1226
1184
1195
1161
1138
1103
1076
1049
1049
1036
1003
979
984
970
964
958
956
955
964
958
926
918
930
931
933
938
943
957
978
985
967
988
1019
1046
1077
1120
1164
1215
1270
1309
1321
1367
1392
1418
1423
1428
1403
1382
1345
1281
1199
1155
1094
1045
994
961
927
922
909
869
816
823
809
817
830
853
874
901
910
887
864
872
866
872
879
891
905
934
949
937
941
958
956
955
964
980
1012
1047
1054
1024
1022
1025
1025
1028
1030
1022
1013
1002
975
926
931
924
932
930
942
943
965
986
990
979
1005
1008
1015
1012
1017
1009
1026
1030
1007
970
986
973
975
967
958
948
947
945
921
907
921
928
938
954
982
1022
1073
1097
1071
1039
1005
950
893
842
790
758
741
706
650
635
624
615
609
612
618
647
682
706
703
756
784
819
840
869
881
906
921
911
882
893
887
897
901
919
927
958
976
961
929
931
900
868
832
800
771
761
748
721
705
723
722
727
731
740
754
787
814
824
861
914
961
1010
1064
1112
1166
1218
1238
1220
1221
1217
1205
1196
1193
1185
1183
1171
1125
1037
993
918
854
783
728
670
635
610
582
550
565
559
564
558
567
568
596
614
604
584
598
590
591
594
608
624
647
657
630
602
600
577
576
587
614
655
709
751
764
789
826
854
884
916
941
973
1001
1000
959
931
900
864
823
784
737
707
685
643
576
573
556
563
580
615
653
711
770
809
823
871
879
893
888
886
859
842
805
740
668
629
576
540
515
505
503
517
516
486
462
464
446
438
438
450
480
533
577
597
648
708
763
818
877
926
979
1028
1052
1046
1055
1058
1046
1020
989
944
914
887
844
781
778
754
736
707
684
648
620
586
533
461
443
399
379
358
361
366
396
417
418
419
449
460
476
488
496
490
490
471
426
394
400
397
416
435
462
495
540
573
572
593
612
609
601
602
594
594
610
615
601
613
629
643
655
667
659
658
648
604
531
510
471
449
427
413
392
387
385
374
345
372
371
390
405
436
456
493
515
512
504
520
515
514
514
524
541
581
611
615
627
659
665
668
673
688
721
781
836
875
951
1034
1106
1165
1218
1255
1288
1315
1318
1293
1284
1264
1227
1166
1102
1018
948
869
764
633
553
457
373
294
236
187
170
161
141
108
135
129
143
155
186
216
262
295
300
300
320
317
317
311
312
319
346
362
353
359
392
411
432
452
469
495
531
553
542
562
576
573
572
562
542
516
487
440
386
363
338
326
319
330
331
350
365
363
340
364
375
398
425
465
498
551
597
615
615
668
685
710
734
763
784
816
839
836
828
837
813
783
750
728
720
741
756
747
752
775
778
775
764
740
711
679
621
532
480
430
374
316
266
216
179
157
132
95
105
113
135
153
184
195
217
220
192
144
139
124
123
121
131
132
156
173
169
152
193
200
217
225
242
263
303
336
348
363
410
442
482
519
558
596
645
677
679
693
720
727
732
738
739
743
751
737
692
680
666
642
615
588
563
544
528
507
463
474
475
490
504
533
558
604
643
664
666
707
728
749
762
778
778
789
772
709
622
583
520
485
466
479
504
547
578
583
583
606
596
583
555
519
475
438
382
299
236
196
146
104
74
49
41
45
34
0
-1
2
2
8
19
26
42
62
66
41
58
52
57
52
62
63
82
96
88
61
68
56
55
50
63
71
103
122
111
82
92
69
49
24
-1
-33
-54
-88
-148
-207
-236
-282
-318
-352
-377
-392
-386
-389
-414
-410
-382
-360
-330
-290
-253
-209
-167
-150
-167
-158
-151
-153
-158
-163
-174
-173
-164
-163
-184
-140
-120
-86
-58
-20
11
53
83
89
63
71
46
10
-63
-135
-232
-314
-414
-539
-672
-759
-866
-962
-1055
-1129
-1189
-1218
-1243
-1285
-1313
-1306
-1317
-1309
-1293
-1268
-1237
-1197
-1178
-1180
-1161
-1130
-1109
-1088
-1063
-1046
-1024
-1003
-1009
-1048
-1064
-1076
-1090
-1094
-1084
-1066
-1026
-979
-952
-956
-907
-885
-852
-825
-783
-745
-688
-632
-593
-575
-524
-509
-495
-501
-501
-518
-519
-539
-589
-648
-675
-723
-765
-804
-833
-852
-845
-839
-843
-829
-780
-751
-721
-698
-678
-656
-617
-584
-568
-517
-446
-375
-295
-199
-105
-2
94
152
163
181
187
175
152
132
107
103
102
75
21
30
26
38
44
52
44
38
23
-9
-62
-56
-76
-75
-84
-76
-76
-36
-3
4
16
66
98
135
166
195
220
250
259
238
225
244
247
256
257
257
255
265
256
220
214
225
230
234
250
267
294
322
324
298
292
291
292
300
324
347
393
439
460
451
500
531
577
629
697
759
831
888
916
915
958
964
988
1004
1032
1045
1067
1072
1052
1030
1038
1032
1033
1027
1016
995
982
952
897
857
849
830
826
830
843
865
898
912
895
906
922
926
924
925
918
915
911
889
845
827
812
799
783
782
777
799
822
821
795
816
809
802
786
775
756
754
749
722
676
686
661
650
628
613
598
600
597
581
569
591
598
625
653
687
720
765
792
791
802
843
870
900
924
938
948
963
953
914
915
927
946
973
1011
1040
1070
1099
1108
1091
1095
1091
1085
1073
1077
1071
1083
1083
1052
993
978
939
904
861
825
784
765
743
696
627
618
572
533
474
417
346
286
213
113
9
-80
-198
-317
-439
-557
-679
-794
-934
-1112
-1289
-1458
-1651
-1838
-2017
-2192
-2358
-2516
-2694
-2903
-3085
-3275
-3480
-3690
-3892
-4100
-4305
-4512
-4743
-5003
-5237
-5480
-5713
-5942
-6142
-6336
-6494
-6643
-6798
-6955
-7055
-7167
-7269
-7368
-7450
-7528
-7571
-7597
-7619
-7628
-7547
-7470
-7351
-7208
-7027
-6817
-6564
-6287
-6009
-5710
-5358
-5010
-4638
-4260
-3881
-3508
-3142
-2797
-2488
-2170
-1841
-1527
-1218
-919
-638
-355
-76
170
370
582
774
946
1100
1241
1366
1483
1597
1684
1730
1798
1840
1883
1914
1956
1980
2026
2062
2070
2051
2062
2050
2040
2021
2012
1997
2008
2018
2007
1985
2020
2023
2029
2019
2004
1978
1958
1924
1863
1800
1758
1688
1617
1537
1452
1363
1284
1190
1072
977
909
833
766
706
642
586
540
480
403
373
360
353
356
368
380
400
423
428
408
436
452
479
496
527
547
584
613
616
594
608
601
599
589
587
575
587
590
567
533
558
563
583
600
625
646
676
690
674
652
659
642
632
617
602
597
604
603
575
563
570
566
573
606
648
696
752
784
781
801
819
822
821
816
801
792
784
758
699
681
628
578
507
441
354
280
200
113
20
-27
-71
-81
-81
-53
-25
31
76
95
104
160
191
224
248
267
281
307
318
300
279
282
268
267
273
289
312
353
375
365
369
384
386
386
391
392
400
410
396
355
346
348
353
369
399
430
471
510
525
510
547
555
564
553
545
519
507
494
468
432
442
436
448
452
470
472
496
505
488
466
486
488
498
507
515
515
518
498
442
377
330
257
193
138
101
82
86
80
51
41
47
36
34
42
54
86
118
130
106
103
83
44
-2
-51
-109
-155
-198
-249
-313
-308
-313
-299
-288
-267
-262
-253
-250
-269
-302
-292
-306
-304
-306
-291
-292
-279
-286
-331
-391
-419
-459
-481
-491
-486
-477
-452
-444
-465
-483
-477
-495
-510
-527
-539
-546
-542
-554
-592
-603
-602
-605
-604
-595
-587
-568
-545
-537
-549
-534
-514
-503
-500
-504
-526
-538
-551
-586
-645
-642
-659
-661
-665
-659
-659
-642
-630
-640
-675
-667
-697
-724
-772
-811
-862
-887
-921
-979
-1041
-1074
-1118
-1152
-1185
-1214
-1241
-1250
-1273
-1326
-1375
-1399
-1434
-1450
-1452
-1442
-1427
-1407
-1415
-1466
-1500
-1535
-1588
-1650
-1715
-1790
-1856
-1920
-1993
-2083
-2142
-2186
-2234
-2276
-2308
-2323
-2307
-2278
-2272
-2288
-2256
-2254
-2255
-2274
-2299
-2344
-2382
-2434
-2515
-2617
-2669
-2749
-2805
-2863
-2898
-2929
-2934
-2937
-2950
-2947
-2909
-2881
-2848
-2813
-2782
-2761
-2732
-2723
-2746
-2762
-2755
-2768
-2778
-2789
-2798
-2794
-2773
-2764
-2779
-2766
-2750
-2748
-2757
-2770
-2792
-2809
-2824
-2858
-2914
-2943
-2972
-2999
-3024
-3035
-3061
-3078
-3108
-3164
-3236
-3244
-3258
-3251
-3234
-3194
-3155
-3105
-3075
-3077
-3103
-3071
-3067
-3041
-3025
-2999
-2982
-2950
-2931
-2937
-2943
-2921
-2913
-2895
-2875
-2849
-2828
-2802
-2797
-2822
-2835
-2821
-2820
-2810
-2790
-2759
-2715
-2655
-2610
-2592
-2540
-2485
-2435
-2386
-2337
-2295
-2248
-2202
-2171
-2161
-2116
-2066
-2011
-1949
-1875
-1808
-1720
-1646
-1601
-1587
-1532
-1489
-1440
-1410
-1374
-1352
-1320
-1303
-1316
-1355
-1334
-1341
-1321
-1295
-1248
-1191
-1112
-1035
-976
-908
-812
-733
-647
-562
-475
-385
-279
-197
-138
-63
36
117
193
261
323
393
472
529
548
588
613
613
595
569
529
491
456
410
349
331
312
308
306
326
338
375
410
424
418
452
466
484
498
521
535
569
588
575
543
568
560
560
552
550
541
544
536
508
484
491
485
487
487
494
504
534
559
568
600
654
692
729
763
790
821
859
880
873
901
929
952
975
999
1019
1048
1081
1096
1086
1114
1126
1147
1159
1186
1197
1222
1227
1205
1153
1143
1125
1118
1117
1124
1124
1145
1161
1138
1097
1118
1114
1122
1123
1124
1121
1132
1135
1126
1129
1172
1200
1244
1287
1335
1377
1419
1427
1391
1364
1352
1329
1305
1284
1265
1257
1256
1237
1190
1177
1169
1159
1149
1134
1103
1066
1024
960
870
836
799
787
779
801
820
859
887
888
868
884
886
901
914
942
960
1002
1027
1019
992
1011
1000
997
995
1001
1008
1033
1050
1045
1044
1072
1081
1099
1114
1127
1133
1145
1137
1100
1084
1086
1074
1060
1047
1030
1021
1018
995
948
934
925
914
908
912
917
936
960
965
945
975
981
994
992
995
977
966
944
902
848
844
833
842
859
899
945
1034
1119
1186
1235
1328
1389
1469
1542
1619
1680
1743
1779
1783
1780
1803
1808
1822
1833
1835
1818
1792
1726
1612
1512
1427
1338
1261
1190
1118
1054
996
913
810
740
691
650
623
604
582
574
567
536
472
460
423
399
374
369
361
374
387
386
373
407
423
458
489
536
569
622
657
662
660
694
704
715
722
729
734
752
758
744
744
781
805
842
882
926
976
1040
1087
1102
1132
1160
1166
1163
1158
1142
1131
1122
1092
1037
1006
980
959
952
963
981
1027
1086
1133
1158
1244
1308
1383
1451
1529
1600
1684
1763
1820
1849
1907
1917
1917
1877
1819
1720
1617
1483
1324
1157
1032
895
772
664
566
474
403
324
235
172
144
118
113
120
134
155
193
220
222
254
300
343
392
447
497
548
596
623
624
647
673
694
715
744
756
785
813
820
802
837
840
843
831
819
792
775
753
716
670
686
683
705
724
761
789
835
871
889
910
963
998
1034
1063
1086
1097
1113
1109
1078
1062
1075
1069
1063
1053
1041
1025
1009
963
882
831
799
777
768
777
790
816
845
850
823
804
768
716
653
596
530
488
449
394
325
319
296
284
271
271
270
291
316
327
325
379
400
435
460
497
528
583
632
662
688
737
767
802
842
874
899
921
918
884
851
837
797
754
715
695
683
687
685
660
671
691
709
730
761
782
808
835
842
820
821
811
799
785
785
777
783
773
729
657
624
568
528
493
475
462
477
496
495
476
517
525
551
569
601
627
669
700
710
723
763
791
833
873
912
940
971
969
924
884
863
827
800
778
763
760
773
772
748
761
778
788
794
801
798
795
789
756
686
632
564
498
431
390
352
349
353
344
325
359
382
415
448
489
517
559
590
595
579
620
626
645
655
674
689
716
727
710
688
691
675
666
652
640
621
613
589
539
504
496
473
461
471
488
526
565
583
565
590
609
625
641
668
693
730
771
794
787
806
807
813
811
830
845
889
938
972
986
1045
1088
1137
1173
1214
1225
1239
1222
1162
1065
1011
917
832
740
659
580
521
460
387
324
294
248
213
182
168
166
187
198
182
184
205
206
203
201
201
216
241
243
210
206
200
188
176
169
159
158
166
162
139
159
165
182
193
226
253
302
351
383
405
467
510
551
578
612
637
686
727
742
741
797
824
858
878
891
887
882
856
805
761
748
720
703
689
684
686
704
707
683
681
700
706
711
712
699
688
668
624
553
515
490
463
444
438
432
444
468
474
461
495
507
525
525
532
516
508
488
443
382
364
329
309
290
292
294
321
336
325
303
330
335
347
364
390
414
449
470
464
455
468
454
445
439
448
474
526
569
587
625
676
708
728
741
737
731
725
695
636
602
573
544
529
529
536
558
580
580
549
569
565
571
563
560
534
508
467
403
331
312
290
290
286
294
289
307
312
288
251
254
238
233
235
251
276
323
359
368
375
402
399
395
385
377
371
377
365
323
301
289
262
236
217
196
185
182
168
141
149
174
191
214
237
249
274
292
286
243
244
220
215
200
192
178
174
159
118
57
39
4
-12
-28
-22
-17
5
4
-37
-93
-112
-151
-179
-201
-218
-233
-226
-235
-271
-300
-303
-324
-336
-344
-347
-347
-333
-331
-349
-339
-317
-307
-305
-303
-314
-320
-325
-349
-397
-420
-440
-467
-498
-532
-577
-608
-637
-685
-758
-769
-796
-801
-799
-774
-744
-688
-626
-578
-541
-448
-374
-277
-191
-100
-34
32
61
38
-9
-43
-109
-181
-258
-327
-382
-408
-439
-491
-537
-563
-618
-674
-735
-797
-855
-897
-951
-1023
-1058
-1075
-1092
-1105
-1109
-1115
-1110
-1098
-1101
-1124
-1124
-1121
-1117
-1114
-1099
-1088
-1053
-1025
-1019
-1044
-1017
-1002
-978
-945
-900
-863
-815
-768
-755
-772
-745
-750
-744
-751
-744
-745
-721
-710
-723
-737
-719
-709
-684
-657
-627
-599
-566
-549
-567
-578
-571
-580
-590
-592
-584
-557
-507
-460
-426
-342
-231
-107
32
190
346
505
663
804
924
1065
1194
1306
1396
1472
1508
1526
1504
1427
1302
1213
1091
972
845
731
622
547
487
420
343
326
276
241
196
165
134
131
128
115
111
141
161
192
227
268
308
360
389
385
388
414
423
437
450
461
480
515
540
542
579
619
653
683
715
735
756
778
783
769
786
804
824
840
864
872
898
920
918
889
909
910
915
922
934
941
976
1004
1013
996
1028
1024
1029
1033
1054
1067
1097
1112
1100
1079
1073
1045
1020
987
953
917
899
874
823
787
774
740
713
688
672
673
693
701
687
706
727
738
740
741
731
722
715
697
665
675
686
712
734
767
786
822
848
847
821
835
830
830
824
825
818
833
844
831
798
818
799
787
764
748
730
729
724
704
694
719
735
765
796
833
868
917
945
943
952
980
990
1000
1009
1010
1012
1015
996
945
929
921
919
931
957
980
1008
1039
1051
1036
1051
1048
1043
1018
990
933
879
807
703
575
483
371
264
154
56
-44
-115
-198
-307
-449
-554
-712
-880
-1061
-1246
-1443
-1634
-1850
-2090
-2329
-2546
-2792
-3029
-3277
-3528
-3788
-4036
-4303
-4596
-4871
-5122
-5381
-5619
-5842
-6049
-6233
-6395
-6561
-6739
-6868
-6976
-7075
-7157
-7216
-7261
-7286
-7289
-7291
-7300
-7244
-7184
-7094
-6998
-6871
-6741
-6577
-6401
-6230
-6057
-5825
-5589
-5323
-5040
-4725
-4402
-4040
-3677
-3333
-3002
-2625
-2286
-1944
-1612
-1287
-982
-680
-399
-147
103
373
610
844
1065
1277
1474
1668
1826
1934
2037
2133
2195
2242
2275
2289
2297
2296
2265
2198
2157
2115
2067
2024
1986
1945
1914
1893
1861
1807
1802
1775
1757
1728
1710
1677
1654
1619
1556
1474
1431
1374
1332
1284
1250
1206
1189
1162
1110
1051
1042
1017
1002
990
978
963
959
936
899
865
868
853
841
825
816
796
775
731
658
604
572
543
530
539
552
577
607
617
601
614
633
645
664
683
701
731
768
784
774
811
819
839
856
886
906
941
971
979
968
991
987
987
968
954
924
915
896
855
807
801
779
768
755
741
723
718
703
677
680
737
793
866
939
1010
1073
1138
1172
1164
1167
1177
1176
1175
1178
1171
1166
1155
1115
1040
982
923
856
789
724
655
602
553
485
395
367
319
287
251
228
196
185
178
165
146
176
185
210
223
249
258
286
300
290
277
298
300
306
306
303
295
301
297
276
268
293
303
319
350
388
441
510
548
549
558
575
574
569
571
566
572
582
573
546
547
555
562
567
578
580
591
588
556
484
463
414
376
337
320
305
309
306
283
242
249
227
222
214
231
241
274
291
281
266
281
277
277
273
270
262
261
237
182
138
123
91
64
37
13
-7
-20
-53
-117
-149
-168
-189
-209
-220
-233
-232
-219
-217
-237
-236
-234
-237
-243
-241
-246
-233
-223
-237
-278
-266
-283
-297
-320
-336
-359
-370
-389
-434
-503
-521
-569
-590
-608
-597
-582
-538
-498
-478
-457
-407
-370
-323
-273
-222
-176
-123
-95
-108
-126
-131
-162
-192
-218
-243
-255
-255
-274
-318
-336
-350
-374
-409
-438
-480
-499
-499
-502
-526
-516
-508
-501
-507
-508
-532
-548
-578
-636
-717
-738
-776
-808
-848
-892
-946
-984
-1029
-1093
-1181
-1216
-1293
-1364
-1455
-1529
-1606
-1663
-1723
-1795
-1856
-1882
-1922
-1956
-1994
-2027
-2054
-2057
-2069
-2103
-2119
-2106
-2105
-2096
-2084
-2071
-2048
-2013
-1994
-2006
-1990
-1976
-1972
-1971
-1967
-1970
-1972
-1971
-1989
-2034
-2058
-2092
-2126
-2169
-2204
-2255
-2287
-2324
-2380
-2450
-2463
-2488
-2505
-2525
-2537
-2556
-2554
-2553
-2567
-2597
-2568
-2574
-2567
-2572
-2572
-2585
-2590
-2613
-2664
-2720
-2749
-2791
-2821
-2851
-2878
-2907
-2922
-2950
-2998
-3024
-3022
-3031
-3033
-3030
-3024
-3010
-2990
-3000
-3048
-3072
-3095
-3126
-3158
-3177
-3199
-3204
-3200
-3210
-3242
-3245
-3259
-3258
-3268
-3275
-3292
-3287
-3288
-3308
-3336
-3307
-3276
-3224
-3170
-3103
-3044
-2965
-2897
-2852
-2825
-2727
-2659
-2575
-2496
-2411
-2339
-2258
-2202
-2191
-2193
-2175
-2183
-2184
-2187
-2185
-2182
-2161
-2152
-2171
-2173
-2155
-2149
-2136
-2116
-2090
-2044
-1977
-1920
-1887
-1820
-1754
-1700
-1654
-1614
-1588
-1562
-1530
-1508
-1501
-1446
-1396
-1332
-1274
-1199
-1134
-1049
-968
-909
-870
-797
-745
-695
-656
-607
-564
-496
-435
-399
-381
-313
-278
-237
-207
-177
-152
-112
-78
-61
-38
20
67
131
196
265
331
407
459
475
500
534
544
547
546
540
548
571
584
572
592
607
611
608
601
586
572
558
522
464
446
419
406
390
401
400
422
436
439
422
448
463
492
519
560
590
648
699
723
729
771
780
795
811
831
848
871
880
858
834
836
820
817
811
812
818
839
846
830
840
875
905
938
975
1006
1046
1095
1130
1145
1198
1258
1312
1363
1410
1440
1464
1479
1467
1423
1427
1410
1403
1386
1381
1362
1352
1326
1272
1194
1151
1086
1038
997
989
989
1026
1054
1052
1033
1054
1050
1053
1049
1040
1022
1012
987
939
900
897
882
882
886
896
907
932
941
923
922
925
908
888
875
860
860
871
872
858
883
919
954
992
1032
1061
1089
1111
1109
1078
1099
1098
1107
1113
1135
1145
1174
1197
1202
1197
1233
1257
1288
1319
1357
1379
1408
1426
1414
1392
1405
1402
1411
1423
1439
1452
1473
1479
1454
1422
1409
1368
1335
1306
1280
1258
1249
1226
1173
1146
1127
1105
1087
1078
1069
1070
1074
1059
1025
1022
1033
1050
1078
1120
1163
1222
1278
1306
1296
1330
1324
1312
1281
1256
1224
1213
1205
1180
1136
1136
1108
1096
1073
1067
1053
1067
1082
1090
1106
1157
1179
1192
1193
1190
1182
1185
1170
1124
1081
1059
1013
969
926
894
879
890
895
886
914
959
998
1035
1075
1105
1136
1161
1158
1126
1117
1111
1104
1097
1098
1094
1107
1117
1101
1056
1067
1059
1068
1080
1105
1117
1143
1160
1153
1120
1123
1099
1088
1075
1088
1096
1132
1157
1161
1176
1224
1243
1268
1284
1293
1290
1294
1276
1231
1195
1187
1164
1148
1138
1132
1137
1156
1160
1129
1112
1082
1026
955
882
799
720
657
589
508
461
433
419
419
443
466
509
547
564
558
605
624
645
658
677
690
722
752
764
759
808
821
850
867
897
920
964
1001
1021
1042
1087
1107
1124
1126
1121
1104
1095
1069
1015
973
954
916
885
857
834
820
822
811
778
783
801
821
846
879
907
941
977
995
990
1008
1021
1028
1023
1022
1004
999
981
936
868
852
820
802
787
785
776
782
782
759
718
735
721
728
733
759
776
814
833
834
839
869
886
901
909
913
915
913
888
838
799
782
748
715
683
655
633
621
588
535
521
516
506
509
532
567
616
671
704
712
747
766
784
796
825
848
895
940
959
947
973
976
984
987
994
991
1007
1017
1000
958
966
937
921
896
879
859
860
859
844
831
842
827
811
785
760
732
714
677
609
551
515
471
439
414
392
379
377
361
322
324
335
346
365
394
425
467
524
574
604
668
715
762
793
830
847
880
912
929
934
985
1021
1068
1108
1151
1176
1211
1222
1194
1140
1140
1106
1080
1045
1012
973
946
912
865
832
835
825
815
797
777
751
749
728
687
662
672
669
677
684
690
693
693
659
589
549
507
455
397
336
273
219
172
118
49
35
24
38
59
105
152
221
293
341
374
443
488
530
554
577
583
608
623
616
599
642
660
688
704
719
724
738
738
719
709
733
741
760
777
796
809
821
806
755
721
705
680
661
651
642
642
647
632
591
587
591
592
595
603
611
628
648
648
619
633
623
620
605
606
597
605
608
590
554
552
527
509
480
464
445
458
470
465
457
508
536
575
612
648
672
697
702
681
664
678
676
687
704
727
750
791
812
812
832
866
890
908
929
938
941
940
904
813
745
679
614
554
497
437
387
341
274
179
140
90
60
40
49
57
87
116
126
124
167
198
248
290
349
399
478
548
593
633
715
773
829
876
913
938
964
967
937
906
899
870
848
826
802
775
757
724
664
627
599
559
522
496
474
471
481
479
457
468
489
508
532
558
578
606
630
626
586
599
583
576
561
562
552
552
541
504
446
426
382
352
313
288
254
248
238
211
186
202
201
207
212
219
223
238
239
213
195
210
215
234
258
290
329
382
416
418
439
463
478
481
493
495
513
544
552
537
539
538
527
521
513
501
511
518
493
431
422
391
379
362
357
342
343
338
313
267
270
246
234
212
205
187
192
190
162
133
139
125
117
110
106
99
102
95
66
45
51
42
45
55
75
104
145
164
147
146
141
116
82
46
-2
-47
-89
-148
-226
-277
-321
-363
-403
-434
-469
-480
-478
-481
-493
-439
-404
-363
-334
-305
-299
-297
-319
-380
-472
-518
-595
-653
-717
-762
-816
-852
-901
-973
-1043
-1084
-1135
-1168
-1187
-1185
-1173
-1140
-1121
-1129
-1127
-1097
-1081
-1051
-1011
-965
-915
-859
-826
-828
-805
-779
-762
-749
-739
-741
-740
-734
-743
-767
-770
-771
-765
-765
-746
-745
-728
-717
-717
-740
-700
-673
-618
-552
-466
-385
-289
-202
-147
-123
-59
-46
-31
-40
-59
-110
-162
-239
-341
-446
-519
-599
-654
-704
-735
-759
-755
-757
-780
-783
-756
-740
-720
-701
-685
-668
-642
-634
-653
-636
-614
-600
-590
-574
-562
-546
-531
-540
-577
-587
-597
-598
-602
-588
-575
-532
-482
-444
-420
-335
-256
-156
-49
65
166
272
354
390
386
424
419
427
429
442
443
450
439
400
360
350
329
324
323
332
348
387
419
429
458
515
565
630
712
814
940
1082
1203
1282
1373
1445
1493
1527
1557
1578
1606
1639
1653
1636
1635
1615
1590
1547
1509
1440
1377
1294
1173
1034
937
833
752
681
637
599
577
553
504
435
424
383
368
357
365
372
398
415
415
415
443
451
466
481
501
522
564
594
597
615
644
654
663
668
666
667
679
684
672
703
740
772
798
819
826
831
835
817
771
760
742
738
731
745
752
781
806
815
811
853
887
938
996
1075
1151
1244
1319
1360
1368
1414
1408
1396
1366
1333
1295
1274
1247
1200
1158
1145
1110
1076
1034
995
959
943
919
873
849
850
841
837
837
836
842
854
847
811
811
817
822
831
842
846
856
872
869
838
846
834
826
803
793
770
764
755
723
682
671
643
614
573
550
519
510
478
398
285
215
98
-19
-139
-260
-394
-525
-672
-848
-1020
-1167
-1333
-1491
-1647
-1802
-1958
-2106
-2272
-2469
-2651
-2822
-3012
-3206
-3400
-3597
-3793
-3992
-4215
-4472
-4703
-4935
-5177
-5418
-5652
-5880
-6090
-6291
-6501
-6726
-6886
-7049
-7186
-7317
-7415
-7506
-7560
-7594
-7618
-7625
-7558
-7470
-7332
-7163
-6946
-6706
-6410
-6100
-5800
-5500
-5141
-4799
-4442
-4085
-3723
-3358
-2980
-2618
-2291
-1968
-1626
-1315
-1010
-720
-447
-193
54
268
439
620
805
965
1114
1256
1384
1511
1631
1716
1754
1804
1844
1873
1900
1925
1939
1958
1972
1962
1920
1934
1928
1938
1940
1951
1945
1943
1925
1879
1809
1776
1720
1679
1632
1604
1565
1553
1524
1460
1388
1347
1288
1233
1176
1126
1087
1059
1024
966
922
910
885
873
863
859
857
872
878
863
876
904
925
955
997
1030
1073
1116
1140
1138
1169
1194
1208
1215
1224
1217
1210
1190
1137
1045
1002
932
875
812
768
727
714
706
680
633
622
584
561
530
517
502
519
530
514
492
505
500
503
506
511
513
531
539
524
517
539
539
542
543
541
538
546
543
520
530
553
568
582
600
609
621
633
621
583
574
576
584
600
624
641
671
692
677
624
624
594
566
524
491
450
430
414
383
334
334
308
301
287
287
276
288
291
279
270
294
309
329
347
372
392
430
449
432
415
410
379
348
307
265
225
195
148
73
32
1
-30
-55
-66
-73
-61
-45
-43
-61
-53
-37
-26
-19
-6
-3
17
33
17
-27
-18
-37
-51
-73
-84
-99
-92
-83
-90
-112
-82
-82
-61
-43
-2
35
90
131
143
145
165
162
160
152
143
129
129
113
73
51
63
66
81
98
116
136
161
159
125
125
144
174
213
261
299
335
364
369
346
342
330
305
266
231
184
154
114
43
-52
-90
-141
-175
-208
-228
-250
-248
-243
-253
-277
-247
-254
-250
-257
-256
-270
-273
-290
-334
-384
-416
-471
-523
-576
-616
-651
-656
-674
-712
-730
-723
-721
-710
-691
-669
-648
-614
-593
-603
-587
-565
-552
-546
-540
-539
-532
-516
-518
-548
-553
-561
-571
-589
-599
-628
-643
-676
-747
-847
-902
-970
-1025
-1085
-1142
-1204
-1250
-1296
-1353
-1418
-1415
-1435
-1431
-1426
-1393
-1344
-1261
-1179
-1123
-1079
-1031
-1028
-1045
-1087
-1139
-1200
-1252
-1326
-1434
-1532
-1608
-1698
-1778
-1851
-1920
-1983
-2040
-2119
-2235
-2325
-2412
-2492
-2552
-2586
-2607
-2608
-2593
-2590
-2612
-2608
-2623
-2640
-2667
-2675
-2687
-2672
-2660
-2671
-2703
-2691
-2692
-2683
-2678
-2666
-2665
-2645
-2632
-2646
-2682
-2664
-2682
-2687
-2698
-2699
-2702
-2687
-2675
-2682
-2685
-2664
-2663
-2656
-2653
-2648
-2646
-2633
-2639
-2679
-2709
-2726
-2759
-2788
-2802
-2802
-2787
-2748
-2726
-2730
-2710
-2710
-2743
-2789
-2849
-2928
-3008
-3081
-3165
-3262
-3305
-3349
-3366
-3379
-3370
-3368
-3346
-3330
-3338
-3364
-3351
-3345
-3325
-3295
-3251
-3210
-3148
-3090
-3063
-3053
-2986
-2948
-2900
-2861
-2823
-2795
-2755
-2722
-2705
-2680
-2623
-2579
-2524
-2469
-2412
-2360
-2299
-2259
-2252
-2233
-2198
-2177
-2152
-2121
-2091
-2057
-2021
-2011
-2035
-2028
-2015
-1999
-1973
-1935
-1896
-1845
-1784
-1737
-1717
-1660
-1630
-1596
-1573
-1529
-1490
-1426
-1355
-1290
-1225
-1104
-984
-848
-721
-600
-517
-442
-403
-409
-443
-435
-462
-487
-522
-558
-604
-644
-695
-760
-808
-809
-809
-787
-756
-716
-674
-623
-592
-592
-575
-544
-524
-500
-468
-436
-387
-325
-277
-252
-198
-146
-93
-38
26
89
159
235
287
316
391
438
493
531
578
607
643
670
669
645
657
647
652
656
675
681
713
731
725
702
716
701
692
684
681
674
682
680
660
653
683
696
715
730
744
759
785
794
773
774
789
796
811
837
865
906
954
984
986
1015
1043
1062
1079
1096
1110
1139
1173
1187
1169
1198
1192
1182
1150
1125
1088
1068
1052
1026
997
1016
1019
1038
1054
1087
1106
1141
1156
1141
1121
1142
1145
1154
1164
1179
1190
1210
1210
1176
1140
1126
1087
1050
1006
959
912
881
840
778
748
741
737
745
767
789
819
853
863
840
839
838
836
837
854
870
907
956
988
1003
1082
1133
1197
1245
1310
1368
1438
1500
1554
1594
1680
1735
1799
1831
1854
1833
1799
1716
1582
1420
1281
1124
983
864
769
688
634
578
511
462
446
415
406
408
423
450
497
529
532
558
590
619
653
697
739
790
840
861
846
841
830
811
791
778
762
770
784
781
756
792
807
837
864
901
930
971
1002
1007
988
1015
1012
1025
1027
1045
1056
1087
1103
1093
1083
1104
1110
1121
1128
1134
1135
1145
1137
1097
1064
1054
1031
1016
1002
990
984
991
984
950
944
943
929
905
874
826
782
745
698
635
600
573
551
537
542
551
586
628
650
654
716
758
815
859
914
954
1001
1035
1032
999
1024
1014
1011
998
1002
1002
1025
1043
1039
1038
1060
1058
1051
1028
999
961
938
902
851
820
825
818
820
823
838
862
896
915
905
922
937
937
925
911
889
875
866
845
809
805
802
799
788
788
779
793
805
794
759
774
767
767
762
764
759
772
781
768
740
771
767
775
774
786
797
827
849
848
850
881
897
923
950
978
1000
1030
1036
1004
974
957
919
885
853
820
791
775
748
695
677
665
648
629
613
592
578
571
555
527
542
566
602
630
663
676
704
725
724
704
734
748
772
790
813
824
846
855
822
769
771
738
724
699
692
682
697
701
689
686
715
729
748
761
780
803
841
864
856
860
882
884
884
882
873
866
866
847
798
780
764
740
714
697
679
666
661
646
611
615
615
627
631
643
640
651
651
621
568
555
527
515
515
540
571
633
688
713
708
745
738
734
718
703
680
668
648
604
556
528
480
443
410
392
390
422
457
476
513
561
581
592
594
588
588
597
593
566
579
596
607
617
626
627
630
634
617
572
566
544
533
512
510
498
512
527
526
514
546
566
595
619
653
673
712
734
722
688
697
673
655
628
610
592
594
601
590
591
613
623
636
646
645
642
647
637
598
583
590
586
579
568
544
529
522
501
458
450
449
449
453
465
478
508
548
575
568
607
615
623
611
608
588
583
571
534
477
456
418
391
360
347
330
341
338
306
262
265
242
231
225
234
250
288
324
344
373
433
475
523
566
608
649
701
734
736
753
778
782
777
768
749
737
729
705
656
640
628
612
602
598
593
594
595
575
527
530
505
488
459
445
423
418
409
380
334
330
312
315
318
345
363
403
424
411
383
391
373
363
353
357
367
404
440
455
487
545
584
624
647
658
650
635
603
545
502
483
462
447
438
427
424
427
412
378
382
402
428
456
484
496
512
520
501
449
455
440
449
458
481
503
549
594
616
613
641
635
634
616
609
583
575
550
496
434
414
381
362
348
342
337
347
343
313
290
297
287
284
278
271
267
275
271
246
256
289
327
375
431
477
523
560
561
519
486
442
387
330
279
228
201
187
163
114
122
100
85
63
55
39
34
22
-7
-48
-34
-39
-21
-4
37
77
143
197
225
241
281
297
318
339
361
374
389
382
346
319
321
305
301
296
302
308
335
353
345
366
385
392
392
406
410
423
444
447
428
434
443
449
452
454
444
442
434
394
324
302
258
223
183
152
114
86
47
-15
-101
-130
-178
-199
-224
-232
-247
-242
-246
-270
-295
-294
-313
-327
-342
-356
-371
-373
-391
-442
-488
-510
-547
-574
-596
-617
-637
-653
-689
-755
-789
-816
-848
-879
-899
-922
-932
-934
-950
-987
-995
-995
-990
-981
-957
-940
-900
-864
-857
-882
-862
-869
-873
-888
-900
-923
-931
-944
-974
-1014
-991
-995
-973
-949
-896
-842
-767
-703
-664
-629
-574
-545
-520
-507
-500
-501
-489
-494
-528
-554
-562
-590
-614
-631
-645
-652
-645
-654
-691
-700
-717
-743
-773
-801
-831
-861
-884
-930
-988
-1026
-1065
-1107
-1148
-1179
-1218
-1229
-1226
-1228
-1230
-1160
-1095
-1021
-951
-878
-815
-731
-658
-615
-597
-533
-509
-475
-447
-415
-391
-359
-336
-340
-349
-337
-351
-364
-380
-389
-392
-372
-359
-368
-364
-340
-331
-311
-275
-230
-174
-111
-70
-62
-29
-1
18
33
52
67
89
115
125
110
125
133
147
155
182
202
248
291
311
310
355
383
421
459
504
534
576
600
591
560
583
568
565
554
553
542
538
516
468
421
404
375
365
364
379
402
444
471
470
485
524
551
586
626
667
715
769
799
794
822
844
854
855
850
840
827
824
808
774
787
789
804
813
843
878
943
996
1026
1031
1068
1080
1093
1095
1100
1087
1084
1063
1007
926
891
822
761
698
647
593
554
516
471
449
472
483
515
553
597
639
688
708
687
672
670
656
654
666
690
735
797
843
857
892
918
928
935
946
955
970
984
972
929
928
913
910
899
901
887
888
883
858
818
820
808
805
799
806
804
826
835
810
763
762
729
708
691
688
697
733
768
784
797
831
843
860
873
886
893
906
898
860
839
830
802
769
735
697
671
658
636
599
606
626
647
672
698
715
734
748
731
671
643
563
474
351
231
100
-23
-155
-320
-510
-664
-821
-968
-1117
-1246
-1387
-1503
-1628
-1779
-1944
-2067
-2227
-2389
-2568
-2753
-2952
-3146
-3359
-3598
-3835
-4046
-4279
-4506
-4736
-4964
-5188
-5404
-5636
-5891
-6123
-6340
-6565
-6784
-6991
-7187
-7353
-7488
-7617
-7749
-7824
-7864
-7875
-7850
-7790
-7708
-7587
-7435
-7278
-7122
-6886
-6648
-6376
-6089
-5771
-5451
-5105
-4754
-4412
-4080
-3705
-3352
-2987
-2634
-2281
-1959
-1635
-1346
-1104
-890
-652
-447
-241
-36
171
373
576
749
884
1013
1162
1287
1416
1539
1652
1752
1855
1932
1969
2014
2059
2083
2097
2108
2106
2104
2097
2058
1981
1918
1851
1776
1704
1640
1578
1536
1496
1437
1350
1323
1273
1234
1187
1150
1107
1083
1066
1028
975
969
936
923
893
876
848
858
856
832
799
811
811
830
855
890
927
976
1007
1001
989
991
961
924
886
854
830
835
838
828
849
887
912
935
960
981
1006
1028
1025
995
989
987
979
964
947
915
894
873
830
761
750
719
702
684
679
665
662
652
619
568
566
540
535
523
527
520
532
533
509
481
479
453
429
398
369
345
348
350
331
322
340
343
356
374
399
429
470
490
481
497
519
529
538
555
565
580
598
599
580
585
593
594
590
587
568
561
544
499
419
390
336
290
236
188
132
97
69
32
-10
12
11
40
57
90
115
152
178
172
162
179
176
188
205
223
243
275
286
260
233
221
183
145
106
70
47
48
39
12
21
45
71
95
119
132
148
165
169
150
162
178
199
223
259
280
314
337
330
298
318
319
327
327
330
324
332
333
313
273
295
284
288
281
286
285
299
303
286
264
261
230
196
151
101
42
-3
-56
-130
-185
-209
-242
-264
-279
-291
-293
-282
-283
-304
-282
-247
-211
-175
-136
-109
-80
-45
-21
-15
16
37
54
61
74
73
92
103
87
44
43
17
-7
-41
-74
-118
-144
-174
-224
-291
-298
-337
-356
-377
-384
-397
-400
-407
-446
-484
-507
-559
-610
-680
-753
-832
-896
-964
-1036
-1086
-1103
-1120
-1128
-1129
-1126
-1111
-1084
-1072
-1097
-1093
-1094
-1099
-1106
-1105
-1106
-1099
-1089
-1102
-1146
-1162
-1186
-1201
-1218
-1221
-1231
-1213
-1201
-1214
-1250
-1245
-1257
-1257
-1255
-1243
-1243
-1232
-1239
-1283
-1357
-1380
-1438
-1483
-1536
-1582
-1635
-1676
-1724
-1791
-1852
-1883
-1931
-1970
-2007
-2034
-2053
-2056
-2077
-2130
-2170
-2194
-2240
-2287
-2336
-2382
-2413
-2429
-2459
-2509
-2519
-2520
-2515
-2493
-2454
-2415
-2372
-2333
-2323
-2358
-2375
-2420
-2466
-2523
-2566
-2620
-2653
-2687
-2738
-2801
-2823
-2860
-2888
-2919
-2939
-2968
-2973
-2984
-3020
-3068
-3057
-3071
-3071
-3078
-3083
-3093
-3092
-3096
-3108
-3101
-3052
-3016
-2972
-2937
-2895
-2857
-2812
-2783
-2795
-2790
-2776
-2780
-2788
-2789
-2808
-2830
-2859
-2910
-2991
-3029
-3053
-3064
-3055
-3030
-2995
-2942
-2880
-2835
-2825
-2787
-2784
-2782
-2801
-2810
-2837
-2847
-2864
-2891
-2931
-2924
-2928
-2911
-2894
-2855
-2821
-2764
-2718
-2696
-2681
-2611
-2566
-2514
-2472
-2433
-2403
-2363
-2334
-2325
-2310
-2266
-2242
-2209
-2174
-2129
-2074
-1997
-1931
-1894
-1846
-1792
-1767
-1760
-1764
-1777
-1776
-1758
-1744
-1741
-1692
-1627
-1557
-1478
-1397
-1328
-1263
-1209
-1183
-1192
-1155
-1141
-1115
-1095
-1053
-1012
-950
-890
-850
-825
-764
-725
-679
-639
-582
-532
-455
-390
-356
-339
-285
-259
-230
-207
-180
-153
-118
-99
-107
-111
-82
-63
-27
13
60
106
164
204
212
244
280
296
309
316
321
330
338
327
282
265
250
226
211
208
210
229
254
267
254
296
317
355
394
459
516
591
663
717
756
826
862
898
914
935
937
952
954
931
902
912
902
903
913
936
966
1011
1042
1047
1059
1103
1129
1162
1194
1228
1264
1312
1344
1344
1363
1390
1406
1416
1420
1406
1386
1360
1306
1221
1159
1097
1029
966
918
879
867
865
846
800
809
792
785
771
771
767
778
785
774
745
757
736
724
701
698
692
712
723
711
693
710
710
718
727
744
768
811
847
865
903
979
1043
1118
1198
1279
1362
1447
1499
1504
1518
1527
1515
1497
1473
1442
1405
1364
1301
1208
1144
1078
1004
930
863
803
778
761
732
694
726
745
779
817
871
929
1004
1071
1107
1115
1156
1154
1159
1154
1172
1187
1224
1252
1254
1247
1268
1264
1258
1248
1232
1207
1190
1153
1087
1030
1009
982
968
955
940
930
930
912
864
843
832
818
804
798
790
792
800
794
768
771
784
803
827
863
895
950
1001
1028
1024
1070
1085
1100
1099
1096
1077
1066
1045
996
926
911
872
857
835
829
816
826
828
810
796
818
836
868
905
947
989
1050
1100
1131
1177
1248
1296
1343
1380
1404
1417
1424
1402
1340
1298
1251
1191
1127
1071
1016
976
949
917
872
861
853
850
846
850
856
878
897
884
837
829
804
780
749
731
713
712
704
672
623
642
634
654
678
727
780
855
920
959
998
1051
1077
1096
1102
1102
1102
1110
1097
1048
1005
978
928
883
846
818
803
801
781
733
715
696
671
648
638
629
629
632
617
576
565
550
543
536
549
556
586
615
625
616
656
680
710
734
759
767
789
804
796
772
804
803
820
834
860
879
909
923
909
887
878
839
797
743
683
615
558
494
412
355
327
290
267
257
260
284
324
349
349
387
431
473
514
560
602
646
691
716
715
743
751
755
739
734
713
708
696
661
605
602
584
583
584
592
595
612
625
607
568
587
572
573
571
585
612
663
710
737
758
797
810
820
828
847
865
897
906
876
850
831
786
732
673
616
571
540
495
424
388
352
316
289
276
272
284
311
328
326
365
384
406
416
441
457
495
532
552
555
592
609
634
656
692
720
769
801
791
745
738
696
666
639
628
627
650
668
667
669
697
700
706
708
715
726
749
754
727
710
706
683
658
634
609
595
589
564
513
497
487
478
477
486
497
518
543
552
535
563
568
578
575
584
579
592
604
603
589
618
630
657
676
706
728
766
789
775
736
743
713
694
672
648
613
594
563
512
467
458
430
417
405
400
398
414
411
381
373
378
371
363
354
341
341
355
354
325
323
328
328
324
321
318
334
357
364
342
367
363
367
362
376
385
417
449
465
469
519
561
624
688
772
847
942
1012
1034
1023
1032
999
956
901
844
786
746
702
644
595
579
546
524
502
486
472
469
453
412
392
383
359
330
302
266
244
234
216
183
186
199
209
220
234
243
264
289
299
288
336
358
381
388
409
427
467
505
523
524
566
583
609
616
624
613
613
594
543
485
472
443
440
443
453
466
489
502
507
527
573
603
640
669
691
704
712
693
634
594
566
532
504
489
478
483
507
517
509
520
527
515
497
471
427
397
369
323
254
251
235
240
246
265
271
286
293
278
242
250
231
228
212
211
199
215
225
217
210
237
248
265
282
304
328
368
393
388
386
407
408
413
419
426
437
456
460
436
437
447
448
445
446
441
444
454
452
432
442
463
489
518
557
590
638
679
689
664
690
694
709
716
725
716
713
703
673
625
631
607
600
589
593
587
599
599
572
535
514
466
423
381
345
313
295
276
235
209
217
207
210
214
226
240
265
276
261
275
295
307
318
334
337
340
337
311
257
220
176
137
97
72
39
31
23
-8
-64
-68
-92
-100
-106
-99
-95
-71
-49
-51
-75
-48
-56
-50
-52
-39
-32
-6
9
0
-12
-4
-21
-40
-69
-105
-158
-208
-277
-371
-446
-488
-540
-580
-610
-629
-634
-627
-636
-671
-670
-659
-648
-633
-607
-582
-550
-515
-498
-503
-482
-463
-447
-440
-426
-425
-409
-406
-438
-503
-527
-577
-620
-660
-688
-719
-731
-748
-785
-838
-828
-849
-851
-859
-855
-862
-860
-876
-919
-964
-983
-1021
-1047
-1069
-1079
-1086
-1076
-1075
-1100
-1108
-1092
-1090
-1072
-1046
-1015
-974
-933
-913
-939
-929
-918
-904
-886
-847
-802
-747
-695
-665
-666
-646
-644
-648
-663
-660
-663
-638
-612
-611
-633
-612
-608
-589
-564
-521
-486
-435
-403
-399
-426
-409
-439
-466
-508
-547
-593
-624
-659
-708
-745
-746
-757
-753
-747
-732
-715
-682
-661
-663
-646
-608
-583
-554
-522
-491
-450
-400
-371
-375
-348
-317
-283
-239
-185
-130
-63
11
70
105
168
209
246
269
307
336
385
426
444
443
482
503
525
541
568
593
644
686
700
694
743
759
784
796
807
804
806
798
779
782
828
862
903
932
955
967
986
985
955
939
938
915
895
875
858
853
853
838
786
769
753
730
717
711
708
729
760
762
736
744
729
719
700
696
685
696
702
688
656
663
652
651
643
652
653
677
685
662
625
645
637
634
629
627
618
620
617
602
603
645
679
729
786
852
921
1003
1066
1096
1137
1183
1199
1198
1184
1150
1116
1086
1040
971
941
921
898
875
852
824
807
798
774
722
713
681
658
630
625
618
636
653
656
650
693
726
771
804
844
865
899
907
878
828
818
776
738
698
666
637
628
617
587
567
580
580
591
600
609
617
638
642
614
601
603
596
593
597
593
597
607
608
589
603
625
639
658
666
668
675
677
659
598
580
522
474
402
332
244
160
63
-61
-209
-322
-463
-603
-762
-929
-1126
-1315
-1521
-1754
-1986
-2171
-2372
-2561
-2748
-2929
-3111
-3276
-3454
-3656
-3852
-4026
-4228
-4432
-4643
-4855
-5063
-5257
-5463
-5691
-5891
-6073
-6259
-6436
-6602
-6764
-6908
-7039
-7182
-7339
-7452
-7536
-7598
-7630
-7625
-7593
-7518
-7409
-7287
-7158
-6937
-6700
-6418
-6116
-5779
-5435
-5066
-4691
-4328
-3979
-3589
-3227
-2853
-2497
-2139
-1808
-1472
-1162
-891
-635
-358
-109
135
363
574
761
937
1075
1165
1240
1326
1383
1440
1491
1540
1585
1629
1642
1619
1621
1640
1657
1678
1706
1727
1748
1766
1761
1731
1729
1733
1731
1728
1728
1725
1738
1749
1729
1659
1637
1584
1541
1499
1461
1416
1375
1340
1285
1221
1207
1177
1169
1154
1155
1148
1164
1170
1153
1131
1136
1123
1113
1095
1079
1059
1051
1025
960
896
852
792
744
711
685
678
692
694
668
669
678
680
685
698
708
725
744
744
721
721
720
711
696
687
670
669
666
638
587
598
588
588
588
602
609
626
633
617
580
598
587
591
584
594
595
613
614
589
560
557
536
524
511
501
490
494
485
449
422
422
406
404
410
421
439
470
487
472
477
477
461
439
427
417
426
450
469
478
520
568
617
654
690
710
745
770
764
724
733
718
710
708
714
719
730
725
691
622
602
540
490
439
405
352
318
275
211
151
128
97
86
86
104
132
180
217
220
231
264
284
314
347
378
413
452
468
446
437
423
396
365
341
315
296
283
258
218
215
218
231
240
260
264
279
282
255
196
174
126
84
48
30
14
21
26
16
-4
45
69
117
161
214
252
295
316
306
292
300
289
285
277
271
260
260
239
186
142
120
82
45
9
-30
-63
-87
-128
-196
-226
-250
-278
-304
-323
-346
-359
-358
-362
-382
-367
-356
-339
-329
-300
-279
-233
-197
-195
-224
-218
-233
-243
-259
-268
-286
-285
-298
-335
-402
-411
-464
-504
-547
-581
-614
-636
-670
-726
-769
-785
-810
-809
-798
-771
-734
-681
-645
-640
-630
-612
-623
-637
-651
-662
-665
-654
-662
-698
-703
-709
-728
-757
-789
-833
-871
-900
-944
-1011
-1038
-1076
-1102
-1128
-1128
-1127
-1100
-1078
-1080
-1103
-1089
-1093
-1087
-1085
-1077
-1082
-1070
-1073
-1114
-1191
-1235
-1326
-1413
-1505
-1587
-1665
-1724
-1783
-1856
-1919
-1945
-1985
-2017
-2048
-2069
-2079
-2063
-2050
-2056
-2042
-2010
-1995
-1982
-1971
-1970
-1967
-1965
-1990
-2048
-2075
-2101
-2136
-2176
-2221
-2281
-2344
-2408
-2491
-2599
-2655
-2720
-2767
-2817
-2845
-2871
-2864
-2851
-2850
-2858
-2820
-2790
-2744
-2703
-2656
-2623
-2572
-2539
-2540
-2563
-2545
-2564
-2583
-2615
-2654
-2702
-2747
-2803
-2874
-2942
-2970
-3021
-3059
-3097
-3114
-3128
-3121
-3133
-3164
-3172
-3155
-3151
-3144
-3132
-3121
-3098
-3069
-3062
-3084
-3075
-3066
-3061
-3050
-3030
-3004
-2968
-2926
-2905
-2910
-2873
-2860
-2846
-2845
-2840
-2852
-2848
-2848
-2868
-2908
-2910
-2927
-2923
-2912
-2872
-2830
-2759
-2705
-2690
-2703
-2691
-2716
-2740
-2767
-2786
-2798
-2788
-2780
-2787
-2782
-2739
-2704
-2652
-2592
-2524
-2454
-2369
-2300
-2257
-2196
-2124
-2065
-2006
-1941
-1879
-1805
-1721
-1648
-1592
-1498
-1397
-1302
-1208
-1116
-1032
-942
-857
-802
-783
-717
-681
-638
-609
-570
-541
-495
-450
-420
-408
-365
-358
-351
-358
-347
-343
-311
-289
-291
-299
-267
-256
-236
-216
-191
-165
-130
-112
-125
-137
-116
-121
-115
-109
-99
-75
-38
-13
-14
7
45
75
98
132
164
206
256
296
324
387
461
536
617
704
785
864
935
976
981
1040
1064
1083
1085
1092
1089
1101
1097
1070
1018
1003
957
924
879
850
810
792
766
727
698
716
724
745
767
789
812
853
887
898
915
957
976
999
1019
1038
1058
1087
1097
1077
1083
1102
1113
1122
1133
1131
1132
1131
1110
1069
1055
1049
1047
1052
1069
1085
1123
1162
1177
1157
1180
1169
1163
1151
1155
1154
1165
1162
1128
1068
1052
1004
973
936
923
911
928
939
932
926
955
972
1001
1034
1072
1110
1158
1187
1185
1186
1207
1202
1194
1181
1162
1154
1148
1128
1075
1049
1034
1008
985
972
954
948
957
946
912
910
921
945
982
1037
1087
1157
1215
1241
1228
1266
1278
1300
1312
1326
1326
1335
1328
1288
1217
1195
1144
1103
1053
1024
993
984
969
937
911
917
912
914
913
914
913
932
945
940
953
995
1023
1057
1094
1131
1166
1202
1210
1182
1184
1193
1198
1202
1207
1202
1203
1211
1208
1187
1194
1204
1218
1233
1260
1270
1289
1291
1257
1187
1161
1111
1075
1042
1027
1013
1018
1015
987
938
949
932
936
937
951
952
958
942
896
845
817
774
746
726
719
713
723
718
689
679
705
724
753
783
812
841
872
873
842
844
857
869
893
926
953
987
1012
1023
1006
1018
1025
1046
1058
1083
1091
1119
1135
1124
1089
1102
1098
1101
1100
1104
1099
1116
1131
1126
1104
1140
1131
1128
1104
1078
1035
1004
957
896
847
841
828
831
838
857
880
923
956
963
987
1032
1061
1084
1097
1094
1085
1071
1030
958
922
892
863
840
828
815
807
801
778
733
723
705
694
677
676
659
660
651
615
558
547
528
525
527
546
562
600
631
638
632
687
711
747
774
807
833
864
880
871
858
862
833
800
755
713
676
664
645
605
587
596
600
619
650
688
738
794
822
804
801
784
749
706
666
632
619
622
624
603
626
643
668
693
727
741
766
769
744
696
675
636
603
564
535
497
487
472
441
408
441
452
483
506
529
543
566
583
574
569
597
608
626
640
647
648
653
636
588
555
539
514
503
512
537
584
644
683
693
735
776
808
839
873
902
937
969
974
947
961
947
931
896
870
826
793
752
691
618
589
551
533
511
503
483
482
465
421
369
375
367
382
407
448
494
560
620
661
707
778
821
862
893
919
938
960
950
896
851
814
761
715
683
659
656
665
656
618
607
598
581
563
550
543
557
583
590
564
581
569
555
530
506
474
461
447
432
411
439
455
477
495
530
548
587
622
633
635
679
699
717
728
731
728
737
739
713
689
687
655
625
587
548
512
491
460
417
408
427
453
487
524
550
576
596
584
536
504
466
420
378
349
327
335
366
392
397
460
499
545
571
597
603
616
618
597
555
550
517
492
454
430
395
386
368
329
292
300
296
306
321
345
371
412
443
453
475
532
573
622
671
717
759
807
833
829
847
874
886
889
887
868
849
829
786
713
658
604
545
493
454
418
404
398
377
336
361
367
387
398
416
417
433
447
451
439
477
488
511
532
564
590
634
663
666
672
699
698
695
692
689
683
685
672
636
606
601
578
564
559
559
557
553
520
438
370
301
226
158
119
91
90
111
136
157
215
284
349
411
474
524
590
653
686
683
733
756
783
793
795
772
754
726
676
610
598
560
540
512
503
491
506
517
509
500
514
502
487
468
454
440
442
427
384
351
345
319
298
285
286
301
332
347
328
325
318
298
278
273
275
298
334
358
358
376
390
394
388
384
367
366
358
323
259
247
211
182
150
129
106
106
110
103
89
140
165
210
252
310
365
439
494
524
537
573
586
598
610
622
636
657
652
614
587
589
577
569
561
547
535
532
511
462
448
437
416
394
381
372
372
372
353
310
296
288
286
282
290
283
290
288
261
209
204
180
167
156
156
145
140
114
50
-40
-72
-133
-170
-206
-221
-237
-236
-246
-276
-302
-293
-295
-286
-279
-270
-267
-253
-260
-303
-336
-345
-368
-387
-404
-418
-423
-417
-428
-465
-462
-448
-435
-421
-410
-413
-418
-422
-443
-484
-493
-502
-503
-505
-487
-476
-445
-424
-431
-465
-458
-469
-474
-478
-469
-464
-442
-432
-454
-505
-510
-555
-587
-622
-643
-666
-678
-704
-749
-796
-810
-846
-872
-892
-904
-903
-876
-859
-864
-866
-850
-853
-860
-874
-885
-892
-897
-928
-989
-1024
-1059
-1102
-1141
-1168
-1190
-1204
-1209
-1224
-1256
-1239
-1221
-1188
-1155
-1097
-1039
-950
-863
-801
-755
-671
-608
-546
-499
-455
-429
-385
-354
-355
-384
-370
-400
-425
-458
-486
-519
-537
-565
-617
-669
-693
-737
-769
-799
-820
-832
-822
-820
-837
-830
-796
-768
-729
-677
-615
-537
-445
-370
-328
-257
-191
-132
-75
-16
36
90
143
173
175
218
241
264
270
287
291
314
331
321
290
293
276
270
265
276
282
308
323
312
288
316
315
327
345
378
417
475
522
540
554
591
607
631
660
697
744
811
868
904
952
1020
1064
1106
1145
1165
1177
1189
1168
1103
1066
1028
978
932
893
857
839
824
785
715
693
655
631
605
599
588
595
596
573
535
534
527
535
545
578
616
686
746
771
771
810
817
827
833
841
844
858
861
840
824
840
841
855
873
899
930
975
1003
1001
1014
1031
1025
1008
989
963
947
942
925
885
875
867
857
856
863
867
879
896
896
867
888
883
888
881
884
873
872
864
836
791
778
739
709
672
653
632
648
657
634
593
588
564
553
548
555
570
606
633
635
639
669
674
680
681
682
682
695
695
673
676
694
703
709
718
711
718
725
713
675
659
655
650
660
671
678
701
722
715
670
669
639
617
589
576
551
542
531
499
442
423
363
305
226
150
50
-40
-155
-306
-470
-601
-754
-905
-1059
-1211
-1368
-1516
-1684
-1884
-2088
-2277
-2494
-2710
-2928
-3147
-3368
-3583
-3816
-4079
-4321
-4553
-4796
-5040
-5276
-5515
-5742
-5959
-6184
-6417
-6608
-6775
-6927
-7059
-7166
-7261
-7326
-7379
-7443
-7521
-7525
-7537
-7521
-7492
-7436
-7370
-7274
-7156
-7023
-6868
-6629
-6389
-6110
-5824
-5507
-5190
-4841
-4497
-4169
-3839
-3480
-3141
-2795
-2446
-2092
-1742
-1385
-1055
-770
-495
-212
31
259
466
653
826
992
1121
1201
1291
1375
1443
1506
1573
1627
1686
1742
1779
1787
1812
1842
1861
1874
1886
1876
1879
1862
1823
1754
1738
1685
1640
1587
1545
1497
1471
1448
1419
1388
1428
1444
1474
1473
1464
1427
1394
1342
1265
1185
1137
1077
1029
983
944
901
880
840
770
713
690
660
647
640
637
638
647
637
598
587
581
565
548
535
514
501
496
478
437
421
409
401
392
399
403
436
477
503
508
567
602
637
658
675
676
689
695
680
651
684
688
708
714
729
730
743
744
722
695
686
653
621
582
545
507
488
462
418
399
420
438
474
520
574
634
698
732
723
733
737
726
705
685
658
643
639
624
589
579
570
563
552
554
539
541
521
468
383
338
270
201
127
78
34
11
-2
-25
-54
-13
5
46
85
136
180
240
288
316
340
388
411
441
471
508
539
579
595
581
575
585
581
582
580
574
570
571
549
495
470
444
410
374
346
318
301
295
278
242
236
217
195
164
149
126
131
139
123
80
69
30
-12
-65
-111
-164
-191
-218
-260
-311
-297
-311
-310
-316
-314
-316
-302
-298
-314
-324
-302
-289
-255
-209
-150
-88
-15
34
42
54
79
86
94
102
108
123
150
162
152
180
210
230
244
250
239
222
198
148
66
16
-49
-107
-180
-240
-314
-363
-410
-468
-529
-546
-567
-576
-572
-553
-542
-509
-496
-510
-540
-497
-486
-461
-439
-410
-391
-367
-360
-373
-377
-348
-333
-311
-287
-260
-236
-208
-204
-242
-274
-305
-363
-432
-507
-581
-643
-686
-742
-824
-874
-922
-967
-997
-1005
-998
-970
-931
-906
-910
-877
-872
-863
-868
-860
-863
-847
-835
-843
-868
-855
-866
-875
-901
-923
-963
-983
-1021
-1089
-1172
-1205
-1266
-1323
-1389
-1457
-1534
-1604
-1687
-1789
-1881
-1938
-2007
-2057
-2099
-2136
-2173
-2198
-2236
-2300
-2341
-2359
-2378
-2379
-2360
-2332
-2290
-2241
-2212
-2207
-2167
-2122
-2082
-2043
-2007
-1976
-1939
-1905
-1902
-1943
-1951
-1997
-2045
-2113
-2176
-2257
-2324
-2396
-2485
-2583
-2630
-2685
-2728
-2776
-2814
-2859
-2877
-2910
-2964
-3023
-3026
-3036
-3035
-3030
-3029
-3024
-3010
-3004
-3030
-3050
-3042
-3053
-3059
-3063
-3061
-3054
-3030
-3024
-3052
-3054
-3039
-3031
-3015
-2994
-2974
-2942
-2909
-2899
-2922
-2921
-2925
-2938
-2957
-2972
-2992
-3001
-3004
-3025
-3074
-3070
-3090
-3098
-3111
-3102
-3096
-3074
-3061
-3071
-3098
-3080
-3078
-3057
-3039
-3004
-2978
-2925
-2879
-2855
-2837
-2781
-2747
-2708
-2669
-2626
-2585
-2532
-2491
-2474
-2446
-2383
-2334
-2272
-2203
-2127
-2047
-1957
-1893
-1874
-1847
-1821
-1815
-1815
-1810
-1806
-1784
-1749
-1724
-1718
-1687
-1655
-1629
-1602
-1568
-1539
-1498
-1462
-1457
-1492
-1481
-1499
-1505
-1516
-1507
-1498
-1462
-1419
-1385
-1354
-1262
-1178
-1068
-967
-864
-789
-709
-662
-653
-661
-640
-637
-639
-641
-643
-635
-598
-567
-549
-517
-452
-391
-315
-243
-154
-52
65
160
220
296
369
417
448
475
489
511
535
543
527
539
561
582
601
625
640
673
703
697
659
673
656
644
620
601
571
552
529
486
427
422
393
383
364
360
348
358
360
344
336
375
410
463
519
574
619
667
696
696
704
736
744
752
755
754
754
767
770
755
776
806
826
841
860
871
890
917
932
926
947
976
1012
1055
1110
1152
1202
1235
1232
1195
1212
1210
1218
1223
1231
1222
1218
1204
1166
1102
1087
1040
1009
969
947
919
909
888
846
805
796
773
757
742
732
725
739
733
708
693
716
730
751
780
808
844
889
920
907
922
950
978
1008
1046
1073
1098
1121
1121
1099
1100
1104
1104
1101
1103
1093
1099
1092
1053
988
979
956
951
949
967
993
1046
1098
1128
1135
1191
1205
1230
1243
1265
1276
1300
1314
1306
1300
1322
1330
1347
1363
1381
1394
1416
1419
1392
1375
1377
1357
1339
1325
1316
1318
1332
1328
1295
1302
1324
1352
1385
1425
1456
1481
1493
1476
1420
1377
1316
1251
1175
1108
1023
956
884
796
699
662
618
587
558
541
522
531
539
524
490
517
512
528
542
575
610
666
716
744
772
822
846
867
873
876
877
892
895
874
873
903
926
960
1005
1044
1086
1135
1159
1159
1182
1203
1205
1207
1198
1183
1169
1165
1142
1094
1073
1046
1029
1009
1009
1001
1014
1026
1016
986
1008
1025
1054
1078
1096
1093
1100
1100
1072
1032
1047
1030
1017
990
968
944
937
928
905
891
910
913
922
924
923
912
907
878
815
769
747
720
702
690
676
666
662
637
585
569
558
545
536
534
532
541
557
556
531
543
539
546
548
568
578
612
647
664
663
699
718
743
761
789
811
859
900
911
896
923
906
894
878
872
873
894
908
901
899
923
924
931
932
936
942
964
971
948
944
958
963
974
988
994
1007
1025
1022
994
989
985
975
967
975
980
998
1021
1022
998
1021
1018
1032
1043
1072
1083
1101
1099
1061
994
955
897
851
808
779
745
741
736
713
680
694
681
675
670
672
666
676
678
655
632
633
610
591
569
554
543
550
545
515
506
515
516
524
539
552
574
600
608
590
604
620
630
638
642
632
622
609
573
506
493
465
460
455
475
489
522
552
565
561
594
603
622
634
667
699
759
802
806
791
815
807
797
778
764
750
752
742
703
665
653
620
594
569
554
548
556
545
504
489
494
496
506
522
531
544
554
534
480
453
438
428
427
444
452
477
499
499
474
498
504
520
526
548
574
610
642
662
667
708
720
739
738
741
710
685
636
568
500
479
441
418
401
394
399
432
466
484
513
567
601
643
677
706
728
755
759
730
720
717
706
700
704
702
704
707
690
648
631
620
607
598
596
590
602
620
617
583
605
604
613
615
629
633
647
656
647
622
645
642
651
647
657
653
665
661
634
607
619
616
619
614
604
584
573
546
494
451
440
417
411
417
431
449
473
471
433
418
410
389
363
340
315
305
309
302
277
278
288
299
316
352
395
461
522
552
548
591
607
623
628
647
652
675
682
659
608
618
597
596
583
585
571
575
566
538
518
535
545
569
593
622
648
681
693
676
666
685
689
709
737
782
835
903
949
961
985
999
989
963
927
869
802
734
654
564
509
465
426
392
377
364
378
395
390
363
392
397
408
409
417
418
438
457
460
446
492
509
545
575
621
657
707
742
754
768
814
851
897
939
977
1002
1025
1013
958
899
854
782
704
619
526
430
339
227
94
6
-60
-114
-154
-175
-190
-187
-166
-149
-144
-103
-58
-11
28
72
100
140
164
154
113
114
87
62
33
15
-6
6
19
17
4
49
64
86
88
98
95
109
109
77
50
49
31
19
3
-6
-15
-13
-34
-90
-131
-137
-152
-150
-136
-113
-73
-26
-5
-19
-7
0
-4
-20
-32
-48
-60
-72
-104
-159
-178
-193
-197
-204
-200
-213
-214
-230
-276
-348
-378
-427
-472
-521
-561
-602
-617
-632
-665
-704
-671
-658
-620
-583
-531
-483
-425
-384
-377
-384
-375
-395
-415
-439
-460
-485
-499
-529
-586
-625
-641
-671
-696
-713
-728
-729
-717
-721
-754
-756
-760
-773
-784
-785
-784
-775
-762
-764
-790
-780
-775
-759
-752
-739
-750
-748
-754
-780
-822
-818
-823
-815
-810
-796
-794
-772
-759
-773
-803
-781
-783
-776
-769
-755
-745
-717
-706
-723
-745
-752
-773
-772
-770
-761
-745
-715
-703
-723
-727
-708
-690
-659
-614
-565
-499
-429
-384
-384
-364
-351
-351
-355
-354
-354
-343
-320
-316
-345
-337
-360
-385
-431
-467
-514
-539
-566
-609
-660
-660
-665
-649
-629
-591
-556
-487
-416
-368
-332
-242
-183
-121
-71
-26
8
46
67
63
64
98
118
149
184
225
269
325
364
377
404
448
481
521
568
612
658
695
694
652
637
623
603
582
563
537
515
493
453
387
374
356
364
380
424
465
531
599
648
678
747
797
853
894
940
963
997
1009
985
946
954
932
912
884
863
844
847
838
805
769
754
726
701
679
659
640
637
633
603
591
594
592
596
618
649
700
770
824
853
908
956
993
1030
1065
1094
1130
1159
1162
1127
1141
1124
1121
1102
1102
1096
1113
1123
1107
1064
1052
1013
983
944
921
890
883
861
812
755
745
719
706
697
698
701
715
709
671
634
624
597
579
563
551
550
575
597
602
634
684
724
757
777
767
743
706
641
549
489
444
407
383
368
350
346
347
330
286
306
313
342
375
433
493
575
658
722
768
854
914
980
1022
1063
1079
1102
1092
1038
963
913
838
772
712
663
620
593
551
481
408
351
261
164
55
-70
-212
-348
-513
-707
-880
-1053
-1244
-1452
-1663
-1890
-2114
-2328
-2548
-2773
-2949
-3102
-3237
-3361
-3478
-3612
-3750
-3909
-4109
-4356
-4561
-4793
-5013
-5229
-5428
-5626
-5799
-5969
-6149
-6333
-6460
-6603
-6717
-6825
-6903
-6976
-7010
-7038
-7074
-7097
-7076
-7060
-7025
-6977
-6909
-6818
-6673
-6495
-6299
-6059
-5762
-5460
-5137
-4804
-4462
-4108
-3734
-3375
-3043
-2688
-2333
-1996
-1672
-1350
-1040
-730
-431
-168
50
276
489
688
877
1069
1246
1435
1614
1760
1871
2030
2161
2292
2407
2516
2601
2685
2752
2779
2763
2777
2743
2709
2650
2588
2495
2403
2287
2144
1997
1878
1744
1620
1503
1406
1326
1276
1224
1151
1088
1047
983
919
849
777
711
666
604
523
476
444
417
393
388
381
384
402
408
410
454
505
551
591
630
648
672
687
671
631
643
637
636
632
635
636
657
676
679
662
699
707
735
758
797
820
849
863
845
816
806
774
745
707
665
617
581
538
483
457
470
474
486
500
520
548
592
623
624
657
689
707
712
709
693
679
673
653
614
604
593
586
573
571
560
570
572
546
492
484
456
439
425
424
418
429
434
417
382
410
411
436
462
505
547
610
663
687
701
726
718
700
661
609
544
489
423
343
296
289
281
285
295
308
328
361
378
366
383
389
383
363
343
308
275
245
193
123
82
37
4
-27
-27
-9
44
98
142
175
253
314
384
449
526
595
682
754
790
797
849
853
858
849
835
803
768
718
643
576
528
454
384
316
258
208
178
138
70
13
-25
-77
-129
-182
-239
-283
-302
-322
-354
-338
-309
-276
-237
-195
-160
-125
-92
-81
-99
-84
-85
-84
-92
-89
-105
-107
-121
-162
-230
-258
-298
-324
-346
-348
-349
-317
-286
-276
-282
-238
-236
-237
-258
-282
-312
-329
-349
-380
-396
-369
-351
-318
-281
-241
-206
-166
-153
-176
-188
-186
-198
-202
-199
-196
-187
-171
-176
-212
-217
-223
-242
-269
-301
-341
-373
-396
-435
-497
-512
-540
-557
-587
-596
-617
-612
-608
-633
-677
-691
-717
-739
-764
-769
-779
-768
-773
-816
-879
-893
-933
-956
-978
-989
-1003
-1011
-1034
-1074
-1103
-1092
-1101
-1104
-1109
-1106
-1098
-1075
-1074
-1104
-1120
-1123
-1145
-1169
-1194
-1224
-1245
-1257
-1289
-1352
-1389
-1433
-1488
-1543
-1590
-1633
-1659
-1675
-1703
-1754
-1756
-1787
-1815
-1862
-1902
-1956
-1994
-2035
-2088
-2150
-2168
-2199
-2213
-2233
-2237
-2254
-2251
-2267
-2318
-2385
-2411
-2464
-2509
-2552
-2582
-2608
-2617
-2635
-2674
-2706
-2701
-2707
-2695
-2678
-2654
-2626
-2589
-2577
-2604
-2623
-2638
-2670
-2704
-2730
-2755
-2765
-2765
-2783
-2830
-2854
-2880
-2916
-2952
-2987
-3028
-3059
-3085
-3126
-3191
-3195
-3212
-3212
-3215
-3194
-3179
-3138
-3101
-3082
-3080
-3045
-3036
-3017
-3015
-2993
-2989
-2951
-2922
-2917
-2929
-2896
-2885
-2868
-2861
-2857
-2865
-2862
-2869
-2894
-2902
-2866
-2839
-2792
-2733
-2665
-2593
-2516
-2468
-2456
-2432
-2401
-2384
-2369
-2354
-2340
-2319
-2293
-2281
-2288
-2267
-2241
-2219
-2192
-2156
-2120
-2068
-2013
-1980
-1985
-1945
-1938
-1925
-1922
-1908
-1901
-1875
-1849
-1835
-1833
-1780
-1746
-1692
-1645
-1587
-1542
-1475
-1423
-1397
-1375
-1317
-1275
-1224
-1174
-1124
-1082
-1030
-992
-977
-952
-896
-855
-807
-756
-697
-628
-543
-472
-429
-364
-294
-241
-197
-153
-118
-73
-23
13
32
79
128
172
218
277
336
415
488
529
526
563
559
557
549
558
570
603
638
656
660
707
720
737
728
725
696
686
664
621
588
591
585
601
619
630
637
650
638
591
551
543
527
525
523
520
511
506
475
411
371
344
319
307
314
331
367
424
473
502
561
628
696
767
853
938
1043
1142
1208
1234
1299
1323
1338
1329
1314
1285
1270
1254
1221
1172
1181
1162
1163
1150
1143
1114
1092
1050
980
909
868
820
793
782
792
815
864
905
926
962
1026
1073
1125
1177
1224
1269
1316
1339
1324
1330
1331
1320
1306
1302
1297
1300
1310
1308
1285
1289
1295
1302
1303
1313
1315
1339
1358
1349
1309
1313
1286
1257
1216
1181
1143
1125
1106
1069
1016
1022
997
989
972
966
949
945
930
892
861
851
832
823
814
814
805
808
789
753
728
732
725
725
730
741
760
791
800
772
778
793
820
861
918
974
1041
1113
1172
1203
1256
1297
1338
1375
1418
1443
1475
1488
1466
1415
1408
1378
1353
1324
1305
1280
1273
1257
1216
1159
1170
1159
1174
1191
1220
1235
1255
1255
1227
1195
1186
1155
1127
1095
1062
1025
1001
963
900
855
835
802
780
771
776
803
852
890
898
934
965
988
1010
1036
1057
1077
1094
1089
1054
1040
1005
968
919
887
847
828
802
750
678
651
612
584
554
534
511
515
519
507
483
520
526
548
566
599
632
686
735
767
804
869
918
973
1025
1080
1125
1183
1218
1217
1231
1256
1264
1264
1274
1278
1290
1300
1290
1242
1223
1195
1158
1115
1076
1039
1015
1002
983
942
941
934
943
952
982
1001
1038
1062
1059
1029
1035
1021
1020
1015
1019
1010
1017
1007
963
904
900
872
860
847
844
843
857
865
854
848
871
873
880
878
867
843
819
768
684
618
574
525
491
476
477
503
546
575
578
613
644
663
678
696
712
737
769
788
788
838
871
911
932
960
966
979
977
947
896
881
847
821
789
767
733
724
704
658
599
592
561
546
538
542
551
581
606
614
626
666
683
707
726
749
769
801
811
785
771
755
720
674
632
594
571
564
538
477
449
423
379
340
304
267
239
222
192
146
159
158
179
197
234
255
287
307
304
282
299
295
305
304
317
316
330
335
318
298
330
345
369
391
416
441
483
516
531
551
599
625
661
697
735
772
813
825
794
772
756
730
709
698
689
696
713
711
681
679
682
682
689
704
717
739
757
746
703
713
699
696
685
686
679
692
707
708
694
724
729
742
736
739
729
746
756
739
707
708
685
665
641
617
590
576
547
494
450
438
415
406
401
400
406
430
444
437
458
494
524
555
591
621
647
672
661
624
614
607
602
591
582
565
572
568
537
479
478
455
448
435
440
446
470
493
496
490
535
562
605
640
687
717
761
785
776
756
765
741
713
679
647
616
601
573
519
473
458
427
406
392
389
398
420
423
395
392
399
400
405
423
442
474
513
532
522
529
530
522
510
503
485
483
478
448
386
378
347
333
320
323
320
333
342
330
298
315
301
303
297
310
314
340
357
354
349
371
373
377
379
386
393
421
441
435
434
454
452
456
459
460
464
484
496
489
523
572
618
660
700
723
744
759
752
723
714
704
692
665
644
613
595
581
535
460
430
385
343
303
273
249
246
242
214
166
170
143
143
145
172
199
250
290
312
336
390
427
464
495
521
550
589
615
606
609
629
626
623
617
607
599
599
584
543
536
539
539
537
540
533
525
515
490
445
428
412
402
394
405
409
435
456
451
419
434
424
420
413
416
412
426
433
421
394
430
437
463
481
508
527
563
592
603
619
658
670
675
665
650
626
616
597
560
547
567
575
588
599
603
601
597
565
500
470
450
425
398
371
333
295
259
206
130
83
34
-7
-53
-82
-118
-130
-139
-172
-220
-224
-245
-252
-264
-264
-272
-270
-277
-309
-365
-351
-360
-346
-333
-304
-274
-229
-195
-189
-185
-153
-133
-108
-80
-48
-23
8
10
-28
-60
-78
-115
-155
-209
-268
-325
-377
-449
-546
-605
-657
-710
-757
-793
-826
-848
-861
-889
-939
-944
-942
-917
-890
-844
-804
-741
-684
-655
-652
-613
-592
-565
-545
-521
-513
-494
-497
-541
-619
-651
-719
-769
-811
-836
-858
-863
-872
-896
-909
-881
-860
-823
-784
-741
-702
-656
-632
-643
-646
-635
-637
-629
-616
-606
-591
-578
-592
-642
-660
-677
-699
-723
-743
-766
-780
-787
-806
-845
-835
-830
-808
-789
-751
-721
-670
-626
-613
-626
-608
-613
-607
-615
-610
-621
-608
-598
-614
-635
-604
-602
-593
-583
-580
-582
-565
-553
-561
-562
-533
-522
-498
-473
-439
-403
-346
-308
-297
-270
-222
-182
-139
-97
-61
-17
38
83
103
160
226
287
345
396
432
462
486
485
456
482
500
541
577
626
656
694
719
718
693
699
681
667
644
639
632
654
667
657
637
668
678
702
723
741
745
749
731
681
631
613
580
561
546
536
531
542
540
513
509
522
526
539
564
590
630
680
710
710
737
764
788
815
847
872
901
926
926
893
903
883
870
848
842
827
833
840
833
810
830
835
856
870
895
902
925
934
914
893
914
914
926
931
947
956
978
986
982
980
1013
1026
1053
1077
1099
1110
1124
1117
1078
1056
1043
1020
1005
1004
1003
1017
1045
1058
1051
1067
1085
1092
1103
1110
1105
1094
1073
1019
924
878
808
748
683
638
592
569
550
520
477
484
471
476
475
491
497
526
543
533
514
527
515
506
497
493
493
511
522
511
507
532
539
554
568
585
606
638
650
631
630
634
627
619
622
627
650
686
709
710
733
755
763
756
739
702
669
626
548
430
359
254
147
20
-107
-252
-389
-531
-690
-863
-986
-1136
-1275
-1427
-1570
-1732
-1882
-2055
-2267
-2496
-2709
-2950
-3196
-3454
-3709
-3978
-4237
-4514
-4825
-5120
-5380
-5651
-5903
-6146
-6365
-6561
-6731
-6893
-7063
-7186
-7287
-7383
-7466
-7526
-7568
-7576
-7553
-7520
-7481
-7404
-7312
-7214
-7109
-6977
-6835
-6650
-6440
-6226
-6017
-5733
-5458
-5151
-4831
-4491
-4153
-3794
-3432
-3084
-2752
-2369
-2020
-1663
-1323
-980
-659
-336
-44
200
419
647
843
1031
1202
1362
1503
1641
1746
1804
1853
1910
1936
1959
1978
1995
2017
2047
2056
2030
2031
2042
2054
2075
2111
2145
2181
2211
2211
2173
2148
2116
2076
2026
1981
1927
1894
1855
1786
1681
1616
1519
1418
1301
1186
1058
949
843
726
605
558
492
452
406
376
339
323
303
269
241
246
242
253
271
299
332
383
423
433
462
509
548
596
648
710
772
840
880
873
886
896
880
852
832
803
778
752
713
657
634
611
591
568
564
550
557
555
529
486
498
497
510
523
547
573
614
645
653
641
686
694
715
723
739
743
759
765
749
734
746
741
747
754
766
779
806
815
794
782
791
786
789
798
806
817
831
822
782
775
773
768
761
757
745
736
729
707
665
657
642
627
597
573
528
498
461
403
330
312
288
280
276
293
315
360
395
397
372
399
387
388
381
382
372
368
347
300
248
217
161
115
76
53
42
56
64
55
68
113
148
192
239
290
352
430
486
499
541
565
573
562
538
498
467
431
377
301
271
234
210
178
157
122
101
68
10
-67
-97
-132
-151
-164
-155
-150
-116
-94
-101
-130
-104
-120
-125
-131
-122
-112
-85
-63
-60
-52
-16
-2
15
23
29
34
54
54
22
4
3
-12
-27
-44
-67
-80
-81
-95
-132
-128
-118
-114
-117
-129
-157
-186
-211
-249
-306
-312
-328
-328
-327
-300
-273
-219
-164
-131
-121
-82
-66
-41
-22
6
20
51
63
36
-17
-28
-74
-118
-173
-227
-285
-329
-385
-464
-545
-598
-672
-736
-798
-854
-903
-932
-968
-1023
-1053
-1057
-1066
-1066
-1057
-1048
-1028
-1001
-994
-1012
-994
-969
-940
-902
-858
-810
-762
-716
-707
-748
-753
-792
-820
-859
-885
-912
-917
-920
-939
-973
-971
-993
-1012
-1048
-1083
-1136
-1169
-1224
-1320
-1435
-1511
-1607
-1690
-1770
-1837
-1893
-1919
-1939
-1976
-2003
-2002
-2023
-2041
-2065
-2091
-2117
-2133
-2168
-2231
-2274
-2298
-2328
-2348
-2357
-2367
-2371
-2379
-2418
-2492
-2536
-2572
-2608
-2633
-2645
-2657
-2657
-2655
-2678
-2738
-2753
-2793
-2818
-2845
-2850
-2858
-2841
-2821
-2815
-2827
-2805
-2812
-2813
-2830
-2835
-2843
-2820
-2806
-2822
-2852
-2849
-2872
-2894
-2920
-2944
-2969
-2976
-2986
-3010
-3019
-2992
-2984
-2975
-2974
-2978
-2984
-2980
-2990
-3024
-3036
-3043
-3072
-3109
-3143
-3182
-3212
-3234
-3269
-3319
-3331
-3326
-3312
-3287
-3250
-3205
-3144
-3068
-3013
-2988
-2914
-2881
-2847
-2833
-2817
-2812
-2803
-2795
-2802
-2832
-2823
-2836
-2835
-2844
-2840
-2841
-2814
-2790
-2784
-2774
-2718
-2663
-2592
-2514
-2430
-2346
-2244
-2156
-2101
-2045
-1968
-1918
-1866
-1821
-1780
-1732
-1673
-1627
-1608
-1559
-1494
-1434
-1373
-1305
-1241
-1167
-1088
-1028
-996
-950
-911
-885
-859
-825
-795
-751
-716
-706
-726
-687
-670
-636
-599
-545
-490
-416
-344
-298
-279
-223
-209
-191
-189
-175
-171
-141
-115
-107
-101
-68
-56
-39
-21
3
30
73
100
95
84
85
59
36
18
10
12
31
37
19
35
67
102
147
208
270
343
418
474
505
562
621
675
725
778
818
872
917
930
904
928
921
919
904
896
885
889
906
905
894
934
933
939
937
942
931
941
949
937
930
954
959
967
964
952
933
927
915
890
893
938
980
1027
1071
1104
1124
1133
1109
1035
977
921
868
822
787
751
729
717
695
656
646
641
642
646
669
692
742
789
808
792
817
814
817
817
830
845
886
929
954
961
1024
1051
1091
1121
1164
1201
1251
1281
1282
1279
1305
1319
1340
1353
1364
1370
1389
1385
1347
1314
1300
1266
1231
1193
1153
1122
1105
1069
1001
959
913
860
808
769
736
720
721
718
702
721
742
767
784
813
830
865
893
896
870
881
866
852
831
819
801
802
800
775
733
754
743
762
780
822
868
932
994
1032
1072
1127
1152
1177
1192
1208
1219
1240
1249
1231
1231
1260
1274
1295
1318
1334
1349
1370
1364
1327
1320
1316
1313
1314
1321
1320
1318
1314
1286
1222
1184
1133
1088
1037
1004
964
950
938
913
877
886
879
880
879
888
887
908
922
908
870
884
860
844
819
800
778
775
765
737
715
724
720
728
733
738
735
735
712
662
628
618
598
587
585
588
606
640
663
664
701
737
764
791
824
855
890
926
945
939
974
994
1017
1025
1040
1039
1055
1066
1057
1029
1043
1041
1048
1051
1065
1075
1114
1143
1139
1111
1130
1113
1108
1097
1094
1081
1074
1055
1008
969
965
944
939
927
926
926
938
920
872
837
820
795
789
799
820
853
890
898
874
874
871
861
852
850
846
848
854
840
799
802
787
774
756
758
758
784
812
829
840
897
940
988
1019
1048
1050
1062
1051
1007
946
941
918
913
909
906
895
888
863
814
772
762
739
732
735
747
760
782
780
744
723
718
701
687
677
665
666
676
664
622
610
599
577
549
523
497
489
496
497
482
529
566
619
664
720
760
812
856
880
886
932
959
998
1030
1077
1110
1156
1177
1161
1125
1125
1095
1070
1041
1013
980
954
911
836
764
721
657
604
546
504
472
463
448
402
373
365
347
325
321
328
355
390
408
401
426
454
471
489
509
531
567
608
626
618
660
671
682
674
664
638
619
584
531
464
441
402
379
353
345
332
348
359
347
332
362
379
415
461
522
590
674
744
785
826
890
928
961
982
995
1002
1013
1001
954
925
902
868
835
812
793
791
803
801
780
787
798
801
798
791
773
768
767
745
696
705
690
682
667
663
653
660
663
647
611
617
594
588
577
583
575
580
563
517
465
448
417
398
387
394
412
451
476
470
463
473
455
438
417
398
385
380
359
297
265
246
226
214
208
205
216
247
263
265
306
360
415
470
524
567
621
665
681
661
700
720
749
767
793
805
827
836
817
777
786
767
759
736
731
715
713
691
641
588
563
523
494
470
459
457
477
490
475
465
479
473
475
479
485
500
529
542
526
536
547
544
533
522
505
501
507
501
475
476
481
484
479
477
468
481
491
476
434
444
426
411
388
370
344
332
319
291
253
278
277
298
314
347
372
412
436
434
428
444
436
430
421
419
422
447
464
455
454
470
462
456
446
435
429
432
416
371
367
378
396
421
452
483
520
561
584
572
587
591
602
604
619
615
631
637
614
560
555
527
508
488
485
483
511
540
547
537
591
618
665
697
735
760
804
838
850
853
877
874
865
844
822
796
786
765
722
694
687
658
628
595
560
530
510
470
400
361
325
279
233
199
169
150
144
127
91
87
82
83
75
76
60
58
48
13
-46
-61
-92
-111
-125
-124
-122
-92
