0
2
2
9
12
10
25
31
25
9
-3
-5
-9
-12
-21
-32
-30
-14
-21
-49
-69
-63
-68
-75
-77
-76
-79
-81
-56
-26
-9
6
9
22
10
5
36
31
35
36
47
54
49
32
28
22
29
5
-5
-14
6
8
2
6
25
35
33
47
49
54
62
69
79
77
69
57
36
24
20
0
-4
-19
-30
-12
9
26
29
31
42
46
58
65
74
67
56
55
44
33
21
19
24
9
13
23
29
40
37
37
44
62
80
79
68
79
78
77
53
35
20
16
29
36
35
33
29
43
55
47
46
51
67
82
89
102
103
91
91
93
76
62
62
61
57
50
61
67
89
102
108
119
112
118
116
106
106
112
93
82
79
60
48
42
39
50
58
41
33
15
10
28
39
49
41
34
36
17
9
3
4
2
-14
-15
-30
-48
-40
-38
-49
-51
-51
-52
-45
-46
-43
-22
-3
2
-11
-13
0
-8
-27
-38
-51
-52
-62
-74
-93
-99
-98
-104
-93
-84
-76
-68
-63
-54
-40
-23
-25
-56
-64
-69
-69
-84
-100
-115
-136
-130
-102
-92
-108
-137
-157
-145
-143
-137
-132
-141
-138
-132
-121
-120
-102
-107
-119
-126
-126
-113
-96
-81
-60
-54
-52
-44
-32
-21
-17
-48
-76
-77
-84
-79
-49
-6
56
122
204
288
376
448
497
530
579
647
704
767
828
897
967
1039
1093
1133
1159
1166
1156
1137
1111
1088
1047
1001
962
925
897
853
806
765
739
722
690
654
626
601
586
564
530
495
471
463
447
414
385
360
334
322
311
288
248
230
223
208
210
225
220
220
216
214
233
263
272
263
256
261
261
268
281
284
302
316
310
304
288
276
266
258
245
246
238
215
201
186
162
162
155
155
150
155
148
156
157
156
151
158
159
166
152
128
108
98
96
85
82
71
55
49
33
17
10
16
29
35
46
60
88
97
96
108
128
115
102
105
103
93
88
69
55
55
43
38
40
47
55
51
51
60
51
67
68
60
54
53
64
54
43
45
32
24
17
13
-6
-1
1
5
17
27
35
32
44
51
38
38
40
40
33
24
18
10
-5
-14
-7
0
7
19
20
34
33
25
22
11
-8
2
-6
-14
-8
1
9
9
20
31
25
11
-4
4
3
1
5
0
-10
-18
-18
-16
-24
-36
-30
-23
-22
-30
-30
-15
3
-9
-4
3
-3
0
-11
-26
-34
-48
-56
-61
-71
-61
-47
-27
-29
-23
1
-2
-1
-3
-5
5
8
-7
-9
-18
-27
-28
-13
-29
-34
-46
-50
-49
-51
-46
-60
-67
-53
-35
-6
5
2
-4
-8
-19
-47
-48
-34
-36
-41
-42
-56
-74
-80
-66
-59
-27
-11
-8
-2
8
16
7
-1
-7
-6
7
-1
-9
-19
-32
-39
-50
-44
-35
-50
-52
-41
-40
-27
-14
-9
-3
9
-1
-21
-30
-42
-50
-63
-90
-98
-93
-100
-107
-102
-79
-65
-52
-70
-84
-71
-62
-56
-61
-51
-61
-70
-68
-55
-45
-40
-44
-46
-69
-86
-72
-53
-44
-47
-60
-60
-50
-46
-46
-42
-44
-45
-31
-12
5
8
-7
-25
-32
-25
-27
-25
-36
-58
-56
-48
-60
-60
-45
-24
-25
-35
-48
-48
-19
-19
-15
-11
-14
-23
-30
-36
-27
-30
-37
-46
-61
-80
-82
-88
-82
-67
-51
-49
-49
-41
-30
-25
-20
-9
-13
-7
-11
-22
-23
-23
-36
-45
-46
-57
-80
-79
-82
-68
-58
-53
-58
-50
-52
-52
-46
-40
-24
-15
-23
-34
-58
-81
-69
-65
-56
-61
-68
-75
-94
-88
-63
-58
-56
-60
-32
-32
-36
-35
-43
-55
-53
-53
-53
-60
-67
-65
-58
-49
-47
-37
-39
-39
-43
-54
-69
-74
-64
-59
-63
-71
-78
-64
-69
-82
-75
-74
-58
-43
-40
-51
-58
-50
-50
-38
-27
-34
-39
-70
-83
-85
-95
-90
-86
-69
-61
-40
-20
-7
0
-8
-18
-6
-7
-1
-9
-16
1
9
8
10
10
7
-7
-31
-35
-21
-11
-20
-31
-27
-37
-49
-55
-46
-48
-56
-67
-58
-64
-92
-105
-103
-108
-124
-133
-143
-168
-181
-182
-181
-174
-172
-190
-200
-182
-151
-136
-115
-108
-99
-74
-50
-35
-32
-17
0
-5
-3
-7
-2
4
10
13
6
2
-3
-17
-32
-51
-43
-28
-20
-9
1
24
21
12
-10
-21
-33
-57
-75
-93
-120
-123
-127
-146
-164
-200
-214
-221
-222
-219
-215
-213
-226
-230
-233
-237
-236
-249
-247
-254
-241
-235
-260
-261
-267
-287
-286
-275
-276
-292
-297
-285
-292
-273
-266
-261
-233
-212
-177
-160
-154
-153
-141
-129
-131
-137
-122
-86
-39
5
42
65
82
118
152
184
211
238
244
268
308
349
361
385
396
392
388
375
344
334
332
295
266
242
187
154
123
91
53
45
30
0
-7
-26
-54
-53
-56
-59
-58
-51
-48
-56
-51
-37
-39
-30
-28
-13
-9
-19
-10
-2
1
8
23
37
33
13
7
15
33
28
37
40
47
49
50
40
44
44
26
19
14
11
28
29
25
25
40
55
53
46
38
47
63
59
54
25
23
27
3
-2
-7
6
10
5
2
-6
17
32
24
20
12
14
20
6
-9
-11
-14
-25
-45
-43
-32
-37
-45
-38
-17
2
10
1
13
39
29
9
-3
-13
-8
-8
5
-6
-8
-8
-33
-37
-27
-15
-20
-33
-43
-53
-40
-19
-11
17
16
15
-10
-5
-3
-20
-35
-65
-70
-58
-52
-34
-51
-56
-43
-37
-25
-16
-3
-2
-16
-12
-2
-12
-22
-14
10
8
-6
-14
-16
-13
-6
6
3
6
20
13
29
46
27
25
27
18
6
-6
-14
-27
-15
-10
-10
-19
-20
-6
4
16
28
19
18
-10
-18
-7
-7
-20
-34
-41
-45
-59
-68
-62
-57
-62
-49
-42
-33
-13
5
12
6
5
2
12
3
7
7
1
-22
-34
-34
-43
-58
-60
-51
-28
-23
-26
-27
-28
-22
-25
-21
-18
-21
-30
-34
-41
-47
-48
-52
-44
-48
-56
-44
-39
-32
-28
-13
-2
-24
-39
-48
-55
-56
-52
-35
-31
-44
-43
-38
-22
-13
0
20
14
25
25
9
-1
-2
-10
-25
-24
-17
-25
-41
-45
-4
11
0
-3
-15
-4
5
-3
-22
-49
-65
-70
-66
-68
-71
-63
-56
-45
-60
-76
-86
-92
-93
-97
-108
-97
-103
-101
-102
-89
-71
-86
-100
-104
-85
-94
-118
-122
-129
-142
-127
-133
-158
-181
-188
-171
-154
-144
-129
-114
-116
-115
-102
-98
-95
-94
-93
-68
-60
-51
-58
-77
-48
9
84
190
310
424
556
701
833
960
1083
1191
1294
1348
1363
1351
1347
1379
1425
1447
1458
1514
1641
1804
2011
2292
2629
2954
3249
3625
4083
4700
5534
6576
8062
9879
11709
13299
14142
14118
12878
10129
6086
1502
-2643
-6272
-10123
-13688
-16148
-17425
-17745
-17017
-14943
-12021
-9051
-6705
-5157
-4518
-4367
-4022
-3491
-3040
-2486
-1740
-994
-386
86
471
801
1035
1172
1224
1209
1158
1094
1025
943
858
771
681
593
525
474
421
351
299
255
189
129
72
21
-12
-65
-112
-163
-224
-264
-305
-330
-366
-393
-429
-475
-523
-543
-558
-576
-597
-618
-626
-624
-607
-584
-552
-533
-522
-514
-484
-453
-425
-375
-325
-263
-224
-183
-132
-106
-68
-25
-12
-5
1
19
30
40
47
61
57
59
64
60
51
51
22
-9
-28
-41
-45
-53
-63
-67
-85
-84
-89
-103
-83
-75
-66
-80
-60
-34
-22
-15
-15
-8
6
-7
-14
-9
-12
-27
-32
-42
-37
-24
-23
-18
-24
-30
-11
-14
-31
-47
-62
-75
-103
-130
-156
-174
-193
-219
-250
-282
-312
-363
-409
-449
-504
-563
-604
-662
-713
-762
-813
-848
-892
-959
-1017
-1079
-1154
-1224
-1270
-1314
-1374
-1426
-1504
-1599
-1689
-1758
-1825
-1902
-1951
-2005
-2046
-2076
-2091
-2104
-2137
-2150
-2163
-2192
-2234
-2270
-2284
-2274
-2269
-2281
-2289
-2285
-2270
-2239
-2223
-2207
-2168
-2124
-2061
-1981
-1884
-1804
-1723
-1613
-1498
-1365
-1216
-1038
-798
-518
-226
76
346
621
909
1177
1423
1606
1692
1675
1659
1658
1740
1899
2027
2070
2113
2127
2131
2188
2315
2416
2448
2398
2251
2082
1824
1513
1390
1470
1630
1742
1786
1819
1898
2083
2328
2543
2608
2567
2473
2323
2107
1834
1532
1248
1010
771
521
328
198
91
-5
-68
-105
-117
-120
-109
-118
-111
-90
-96
-109
-111
-107
-92
-82
-75
-40
-9
16
30
41
52
69
75
78
100
107
130
149
169
183
190
225
249
270
305
329
358
360
354
357
353
341
338
341
340
323
322
300
277
250
225
211
193
164
140
130
131
115
95
89
71
66
52
44
39
37
32
47
74
79
66
61
78
93
87
97
105
88
92
82
71
81
95
101
110
113
112
119
106
88
86
85
75
85
94
101
86
86
83
85
94
89
86
82
88
75
50
38
20
11
5
-18
-27
-24
-24
-18
-6
13
14
4
13
9
27
31
22
41
54
50
28
9
26
29
21
10
27
49
49
47
54
61
78
97
98
95
99
97
92
92
98
104
105
93
83
73
70
53
61
77
75
54
40
45
54
52
57
63
55
23
-17
-30
-37
-40
-23
-19
-20
-8
-14
-21
-33
-25
-33
-22
-23
-30
-35
-46
-49
-57
-34
-10
-22
-16
-29
-27
-3
12
7
6
14
11
4
17
23
9
0
1
-8
-8
-12
-8
-8
-8
1
20
23
40
48
50
60
58
52
42
24
23
36
27
19
17
41
41
24
16
24
37
32
35
52
63
58
50
47
27
3
-15
-28
-36
-51
-54
-69
-79
-67
-72
-56
-46
-52
-43
-44
-44
-37
-25
-23
-29
-26
-7
1
3
1
19
46
56
42
42
58
61
69
75
88
114
118
122
135
136
149
175
214
219
237
260
249
248
250
253
275
284
283
264
242
242
231
217
201
190
202
201
195
183
170
173
184
187
183
177
177
180
171
160
164
158
156
158
140
126
114
105
97
94
119
121
96
82
75
95
113
122
115
109
107
92
86
89
86
86
97
88
69
48
47
53
49
39
23
32
24
17
10
16
41
34
19
12
23
29
18
19
27
17
17
23
19
-11
-4
23
32
27
18
16
10
19
39
49
54
49
54
66
60
54
59
49
57
59
49
48
41
40
39
48
60
81
89
83
94
106
112
109
109
145
170
185
178
188
211
228
258
276
305
355
396
431
477
492
527
586
664
744
837
942
1019
1069
1123
1177
1198
1184
1158
1118
1067
1009
953
905
878
857
846
815
794
775
754
740
734
724
692
675
661
647
634
616
597
575
543
518
491
477
456
447
442
430
433
417
412
400
403
423
409
395
382
367
354
333
315
320
315
299
277
268
232
210
205
195
192
179
166
162
163
173
162
152
162
167
180
192
184
191
200
199
190
199
196
174
151
142
160
170
181
181
172
163
165
163
153
156
148
131
143
145
129
125
124
142
145
139
128
105
96
80
78
70
68
76
59
42
29
15
4
0
14
20
-6
-22
-31
-22
-11
4
26
32
17
11
8
0
-6
17
33
28
20
6
5
18
3
-4
1
6
-16
-14
-8
6
15
9
15
23
20
31
23
12
3
-6
-10
-19
-6
-23
-25
-19
-17
-24
-21
-21
-45
-43
-27
-25
-21
-13
-17
-14
-18
-27
-34
-48
-55
-59
-53
-44
-59
-56
-42
-33
-31
-19
-20
-15
-7
-12
-22
-36
-60
-68
-76
-62
-47
-66
-68
-51
-20
-26
-33
-39
-36
-40
-46
-47
-38
-33
-28
-47
-49
-35
-42
-46
-58
-61
-59
-46
-45
-64
-63
-46
-30
-5
-17
-24
-17
-38
-52
-63
-75
-72
-72
-75
-79
-82
-87
-95
-79
-65
-53
-43
-35
-20
-31
-48
-34
-23
-23
-25
-34
-45
-55
-50
-42
-52
-61
-70
-78
-90
-69
-50
-34
-25
-16
-14
-19
-23
-33
-50
-34
-49
-60
-74
-71
-72
-73
-69
-58
-51
-54
-45
-47
-53
-52
-51
-47
-41
-38
-44
-62
-88
-87
-74
-85
-98
-102
-103
-115
-106
-88
-81
-74
-71
-74
-59
-44
-40
-54
-58
-76
-89
-97
-106
-100
-109
-104
-87
-56
-35
-51
-57
-50
-41
-34
-29
-31
-46
-52
-33
-44
-61
-62
-58
-56
-62
-53
-59
-77
-69
-49
-33
-30
-30
-22
-24
-8
-20
-37
-42
-56
-82
-89
-77
-75
-84
-87
-83
-61
-51
-53
-39
-37
-35
-27
-9
-4
-19
-43
-59
-61
-59
-72
-72
-77
-82
-86
-78
-75
-72
-59
-45
-52
-64
-64
-37
-25
-22
-31
-59
-70
-87
-84
-79
-73
-67
-72
-79
-58
-51
-55
-56
-44
-41
-62
-84
-70
-67
-76
-75
-79
-84
-75
-59
-66
-69
-69
-35
-43
-59
-56
-70
-64
-63
-65
-76
-85
-71
-65
-61
-80
-87
-74
-78
-76
-68
-65
-62
-65
-60
-43
-40
-48
-50
-32
-28
-38
-44
-58
-64
-62
-64
-69
-72
-75
-89
-94
-85
-91
-94
-79
-61
-45
-41
-31
-8
-19
-37
-45
-50
-50
-53
-42
-46
-56
-53
-45
-47
-53
-59
-70
-58
-48
-27
-32
-39
-29
-35
-36
-58
-77
-62
-64
-82
-98
-111
-134
-165
-186
-196
-195
-185
-194
-184
-185
-178
-172
-170
-163
-159
-157
-176
-172
-157
-163
-167
-149
-159
-155
-160
-143
-126
-120
-94
-54
-33
-17
-21
-25
-16
-2
24
20
24
19
13
16
4
-21
-38
-25
-26
-25
-24
-37
-27
-36
-46
-53
-73
-84
-89
-86
-100
-116
-128
-149
-165
-188
-194
-190
-208
-230
-238
-259
-281
-292
-299
-318
-328
-334
-345
-342
-331
-308
-280
-279
-285
-287
-281
-271
-271
-289
-329
-341
-337
-341
-314
-289
-263
-240
-207
-144
-71
10
70
101
103
129
149
144
133
130
127
122
104
80
55
24
3
-13
-25
-35
-37
-34
-46
-26
5
15
13
33
55
49
50
36
7
-37
-66
-72
-63
-68
-61
-64
-67
-59
-77
-81
-87
-89
-81
-69
-71
-76
-81
-77
-63
-35
-11
20
33
47
77
112
134
135
126
119
140
152
133
135
151
146
143
131
138
137
143
151
151
164
175
182
189
175
172
156
152
155
140
128
110
97
94
89
93
79
71
82
64
50
62
82
99
93
93
90
79
78
62
48
55
64
64
57
70
64
77
89
78
68
66
66
70
80
86
88
95
92
94
89
92
95
102
94
62
40
46
73
82
78
87
99
101
94
79
88
101
93
83
87
64
52
70
65
47
40
42
30
23
28
22
20
12
15
20
18
21
25
50
48
36
25
17
12
-10
-2
1
-7
-7
-7
-4
-12
-8
-3
3
10
11
2
12
37
39
21
14
18
21
23
19
5
2
-14
-5
-10
-6
-1
6
-7
-7
26
46
42
45
48
32
19
3
11
10
17
3
-4
-24
-37
-30
-27
-22
-11
-7
-10
-27
-24
-12
9
21
14
14
20
20
5
-10
-13
-24
-42
-42
-51
-55
-66
-63
-45
-27
-15
-8
-13
-3
12
12
15
22
9
4
23
19
11
-4
-24
-37
-30
-28
-52
-60
-26
-2
-6
-26
-34
-24
-22
-7
6
23
11
-8
-20
-15
-13
-28
-36
-41
-46
-32
-36
-60
-74
-75
-73
-61
-46
-28
-30
-35
-30
-12
5
-5
-14
-13
-7
-8
-22
-41
-34
-28
-26
-24
-17
-36
-40
-34
-31
-23
-17
-3
1
-2
3
6
-2
-4
15
18
10
-1
-22
-40
-46
-80
-94
-86
-73
-81
-67
-53
-57
-43
-38
-48
-48
-60
-84
-107
-112
-124
-130
-135
-140
-137
-147
-152
-142
-146
-159
-164
-151
-139
-139
-136
-122
-129
-133
-130
-127
-137
-147
-155
-144
-126
-120
-112
-90
-75
-79
-73
-67
-55
-47
-45
-40
-35
-45
-31
18
64
143
251
372
514
645
746
859
973
1060
1135
1168
1146
1091
1058
1073
1126
1196
1248
1307
1408
1596
1838
2170
2542
2889
3226
3621
4142
4829
5739
6949
8641
10634
12672
14586
16142
17026
16611
14499
10875
6334
1154
-5268
-13099
-20309
-24773
-26312
-25599
-23415
-20486
-17469
-14691
-12138
-9654
-7133
-4722
-2680
-1150
13
951
1652
2140
2432
2584
2683
2733
2675
2542
2358
2153
1955
1756
1558
1379
1203
1040
892
758
643
555
472
406
326
251
211
170
121
51
11
-6
-46
-104
-160
-193
-236
-296
-307
-318
-347
-372
-392
-407
-442
-463
-459
-464
-454
-446
-425
-394
-383
-369
-362
-344
-306
-292
-270
-240
-203
-167
-138
-121
-117
-103
-76
-55
-37
-31
-40
-61
-68
-65
-60
-59
-57
-56
-57
-60
-82
-75
-75
-84
-90
-101
-113
-121
-118
-98
-70
-59
-73
-65
-72
-66
-68
-67
-79
-80
-72
-58
-52
-64
-75
-75
-76
-66
-56
-38
-25
-27
-29
-35
-36
-31
-59
-60
-59
-57
-64
-77
-87
-93
-94
-101
-109
-110
-131
-163
-190
-230
-279
-327
-369
-428
-503
-575
-662
-741
-814
-869
-923
-976
-1038
-1119
-1214
-1293
-1356
-1424
-1483
-1548
-1606
-1674
-1757
-1857
-1948
-2051
-2140
-2191
-2263
-2320
-2377
-2418
-2445
-2476
-2501
-2537
-2549
-2561
-2612
-2645
-2671
-2680
-2697
-2700
-2689
-2675
-2663
-2658
-2606
-2538
-2448
-2362
-2268
-2167
-2071
-1954
-1807
-1637
-1441
-1233
-1015
-715
-370
-11
373
746
1118
1509
1883
2203
2417
2496
2441
2347
2304
2378
2562
2701
2761
2819
2816
2742
2701
2784
2901
2899
2722
2429
2158
1780
1339
1087
1115
1330
1570
1758
1949
2228
2596
2929
3163
3238
3184
3060
2867
2622
2328
1999
1668
1357
1070
782
514
276
61
-124
-286
-408
-483
-525
-535
-503
-454
-372
-280
-181
-90
27
172
305
421
525
608
675
726
763
785
786
783
788
800
778
762
732
704
670
622
607
590
567
542
533
519
499
496
494
483
481
460
446
428
395
373
340
308
289
259
219
168
140
127
100
68
31
9
-2
-24
-36
-42
-52
-44
-47
-45
-25
5
30
65
82
87
101
105
115
123
133
153
174
180
184
167
163
146
141
130
123
107
80
65
34
-9
-16
-29
-32
-50
-61
-74
-80
-82
-94
-98
-97
-116
-128
-136
-135
-125
-107
-89
-95
-113
-113
-95
-89
-94
-87
-94
-91
-88
-106
-108
-113
-120
-119
-113
-109
-110
-108
-111
-111
-87
-83
-100
-114
-100
-76
-68
-66
-64
-72
-74
-76
-73
-59
-44
-32
-26
-22
-12
-3
-4
-21
-22
-6
6
1
-16
-10
-4
1
-1
-2
7
30
53
55
53
52
21
17
44
59
47
31
16
1
6
15
24
31
25
12
20
28
41
41
48
44
39
40
39
21
11
19
27
31
43
28
34
65
63
31
1
-12
-16
-7
13
6
-14
-27
-28
-12
-3
7
9
7
-10
-31
-23
-22
-24
-27
-20
-22
-31
-42
-56
-65
-58
-31
-15
-4
-14
-9
-1
-10
-10
-4
6
-4
-26
-37
-47
-48
-52
-52
-47
-49
-59
-72
-81
-78
-64
-49
-47
-39
-35
-36
-25
-25
-29
-48
-51
-47
-69
-85
-94
-104
-77
-61
-71
-84
-78
-74
-85
-93
-88
-69
-66
-86
-106
-123
-119
-124
-149
-159
-174
-187
-203
-204
-187
-180
-179
-189
-195
-200
-203
-205
-199
-203
-216
-215
-203
-191
-197
-209
-219
-221
-206
-203
-218
-220
-193
-176
-168
-175
-179
-178
-184
-191
-194
-209
-219
-231
-235
-246
-239
-249
-273
-259
-252
-254
-237
-246
-244
-221
-211
-194
-194
-207
-218
-209
-212
-228
-231
-246
-241
-227
-225
-247
-268
-246
-228
-234
-245
-246
-237
-225
-202
-187
-152
-102
-57
-20
-13
11
53
87
92
91
116
142
156
188
185
184
181
181
169
164
177
184
181
209
231
246
257
267
296
312
310
321
333
331
320
313
289
264
268
286
306
303
282
281
274
278
286
267
245
238
255
271
303
308
316
350
360
367
380
388
411
435
456
473
489
492
497
510
529
570
600
631
665
698
737
770
787
801
835
874
894
905
938
967
979
1000
1022
1038
1031
1019
1018
1038
1038
1022
999
984
969
957
933
911
886
846
815
794
785
763
723
690
680
683
659
618
581
565
564
532
487
448
430
413
375
337
311
302
285
252
240
223
200
203
200
203
203
210
232
247
252
249
252
242
224
233
220
194
189
179
166
155
142
141
131
116
115
138
140
115
110
98
97
88
84
104
110
102
86
73
65
62
50
33
40
40
45
57
54
51
43
43
49
56
52
43
51
69
72
70
47
21
32
28
22
3
21
32
48
52
49
45
54
43
27
17
20
20
4
-1
-5
-22
-35
-46
-48
-56
-26
-16
-23
-9
8
17
12
-4
4
-4
-3
-19
-21
-31
-38
-49
-50
-46
-60
-54
-35
-39
-35
-37
-33
-18
-16
-12
1
-2
-6
-25
-26
-29
-43
-42
-45
-46
-42
-69
-74
-57
-32
-21
-15
-9
-12
-17
-28
-30
-24
-30
-46
-54
-49
-30
-16
-12
-30
-45
-49
-42
-45
-45
-22
-7
-14
-25
-28
-28
-40
-41
-54
-69
-70
-79
-97
-102
-85
-62
-50
-48
-59
-50
-33
-19
-12
-25
-39
-44
-62
-73
-92
-108
-102
-91
-74
-79
-76
-73
-76
-63
-47
-40
-41
-42
-30
-38
-51
-67
-72
-73
-73
-71
-66
-65
-79
-104
-82
-60
-55
-40
-33
-13
0
-4
-19
-38
-48
-52
-59
-73
-64
-69
-76
-80
-72
-56
-63
-69
-66
-71
-68
-65
-55
-49
-66
-69
-53
-51
-59
-65
-79
-85
-96
-100
-98
-106
-104
-95
-84
-83
-70
-60
-82
-101
-99
-88
-93
-93
-85
-76
-72
-67
-74
-77
-70
-60
-61
-69
-85
-105
-98
-96
-81
-63
-48
-17
-7
1
7
3
8
1
-1
-13
-19
-17
-22
-31
-28
-31
-47
-62
-64
-57
-50
-35
-40
-25
-8
-7
-13
-21
-24
-43
-53
-35
-58
-85
-107
-103
-94
-100
-89
-81
-73
-62
-47
-40
-44
-52
-61
-56
-54
-57
-67
-73
-73
-83
-82
-70
-62
-71
-76
-63
-55
-62
-45
-37
-40
-42
-45
-56
-71
-82
-64
-46
-54
-71
-81
-76
-85
-79
-66
-73
-61
-53
-50
-61
-51
-38
-40
-50
-57
-60
-64
-81
-84
-98
-109
-126
-137
-136
-130
-113
-109
-118
-115
-108
-94
-66
-57
-55
-51
-55
-64
-74
-110
-125
-143
-157
-166
-174
-180
-179
-163
-157
-158
-169
-147
-133
-117
-112
-106
-98
-95
-102
-93
-73
-66
-77
-88
-101
-113
-106
-101
-83
-86
-75
-62
-54
-37
-25
-48
-51
-47
-41
-54
-58
-61
-74
-77
-75
-58
-55
-66
-76
-83
-66
-60
-67
-74
-64
-55
-47
-57
-61
-60
-69
-79
-101
-113
-129
-153
-184
-202
-206
-197
-188
-190
-195
-190
-199
-218
-209
-204
-186
-187
-171
-182
-177
-176
-217
-242
-260
-267
-281
-301
-329
-368
-390
-415
-417
-432
-480
-501
-537
-525
-479
-432
-394
-377
-356
-334
-314
-302
-276
-244
-215
-178
-149
-135
-108
-87
-92
-100
-105
-125
-150
-198
-239
-279
-304
-319
-312
-290
-256
-225
-217
-184
-133
-106
-66
-29
10
12
27
60
82
110
103
90
85
65
67
58
46
53
49
59
71
65
57
50
71
94
127
153
168
175
190
205
219
226
212
192
210
217
216
208
200
213
233
249
242
233
240
250
248
244
239
226
209
186
154
122
94
66
32
12
-24
-33
-32
-24
-21
-34
-34
-47
-35
-17
-11
-19
-27
-8
0
7
19
2
-8
-21
-30
-35
-28
-23
-30
-39
-53
-56
-47
-49
-43
-27
-10
6
12
11
17
8
19
29
29
34
38
43
10
7
15
18
13
-20
-25
-28
-45
-44
-30
-12
0
4
2
-7
-5
-19
-22
-37
-47
-59
-83
-84
-83
-54
-25
-20
-6
8
14
13
17
29
17
6
-7
-26
-41
-44
-35
-28
-28
-44
-49
-51
-61
-61
-57
-45
-29
-21
-28
-52
-67
-73
-86
-107
-132
-147
-148
-169
-194
-201
-221
-233
-256
-262
-260
-271
-268
-271
-276
-293
-304
-308
-338
-337
-336
-343
-353
-373
-377
-413
-434
-451
-505
-545
-592
-610
-630
-671
-685
-706
-722
-746
-763
-779
-803
-809
-836
-872
-904
-921
-928
-938
-953
-965
-964
-959
-942
-937
-947
-971
-1001
-1043
-1085
-1113
-1155
-1178
-1208
-1247
-1310
-1376
-1438
-1511
-1546
-1571
-1597
-1622
-1657
-1645
-1619
-1583
-1548
-1538
-1541
-1571
-1598
-1621
-1665
-1703
-1718
-1685
-1643
-1615
-1584
-1555
-1508
-1465
-1454
-1440
-1447
-1442
-1438
-1453
-1488
-1507
-1499
-1497
-1489
-1465
-1423
-1362
-1277
-1168
-1055
-968
-897
-841
-799
-739
-683
-628
-575
-521
-439
-343
-251
-164
-60
52
175
338
495
587
661
740
847
1036
1312
1710
2179
2613
2859
2955
2934
2916
2989
3089
3110
3078
3023
2957
2999
3133
3195
3164
3128
3047
2922
2752
2527
2241
1966
1796
1710
1658
1588
1430
1260
1131
1060
1043
1062
1079
1085
1074
1037
993
941
883
815
740
667
600
530
476
410
370
365
384
402
409
425
436
437
443
438
441
445
467
479
481
481
478
473
464
452
466
472
476
491
528
575
595
610
642
699
759
812
865
928
994
1059
1103
1135
1191
1235
1257
1266
1255
1234
1212
1244
1318
1420
1560
1707
1869
2042
2262
2531
2826
3043
3144
3277
3514
3876
4437
5109
5986
7165
8476
9709
10607
11161
11250
10555
9059
7049
4668
1936
-1227
-5036
-8617
-10997
-12309
-12965
-13104
-12757
-12103
-11407
-10620
-9751
-8765
-7521
-6104
-4767
-3556
-2423
-1410
-566
82
565
909
1156
1339
1451
1456
1416
1352
1261
1177
1065
980
904
817
746
672
607
549
492
440
390
360
329
294
242
188
156
135
115
75
20
-30
-94
-129
-181
-212
-238
-268
-295
-321
-343
-357
-359
-355
-352
-342
-349
-343
-311
-279
-252
-213
-156
-116
-76
-36
8
34
59
83
127
166
186
212
221
219
218
228
237
223
210
183
166
144
109
87
66
60
36
13
4
0
9
1
-2
-3
-16
-19
-25
-46
-30
-6
12
16
48
70
73
81
79
80
87
97
103
100
110
112
112
102
102
89
74
75
80
67
79
98
97
98
110
121
120
101
105
94
90
92
78
56
41
44
55
63
70
64
76
75
87
96
110
121
139
142
147
128
115
101
94
97
111
107
99
96
89
97
117
139
142
130
135
153
156
155
148
144
139
143
135
112
92
93
96
100
112
131
142
142
146
149
146
150
156
167
173
187
180
151
121
103
119
122
103
92
86
99
94
108
112
101
95
91
88
75
80
78
83
88
64
38
33
36
25
16
22
36
43
55
65
74
84
84
89
66
50
42
27
13
6
14
16
-10
-22
-43
-33
-13
-12
-5
-11
-8
18
28
27
23
28
20
10
-32
-58
-77
-101
-105
-105
-104
-107
-130
-146
-155
-165
-174
-171
-184
-177
-165
-157
-156
-163
-178
-180
-158
-152
-167
-183
-206
-214
-230
-242
-230
-226
-212
-226
-233
-246
-256
-242
-243
-243
-243
-246
-253
-269
-269
-270
-255
-255
-267
-272
-274
-277
-284
-304
-323
-329
-322
-313
-308
-310
-309
-311
-299
-281
-278
-281
-279
-291
-294
-303
-310
-316
-320
-306
-310
-315
-294
-281
-272
-275
-251
-225
-217
-217
-193
-168
-142
-130
-109
-81
-68
-42
-36
-21
-25
-18
2
14
18
15
11
18
25
27
35
44
39
51
63
65
75
81
87
109
121
120
110
108
113
114
141
147
127
110
120
129
119
117
113
120
129
140
136
129
134
146
148
143
132
120
123
111
108
113
104
93
73
43
36
47
51
57
62
60
59
54
49
39
21
14
26
11
-5
-27
-21
2
2
-6
-26
-28
-31
-21
-33
-44
-24
-26
-26
-31
-30
-28
-45
-56
-51
-47
-59
-69
-84
-93
-93
-89
-73
-63
-76
-95
-84
-99
-102
-90
-80
-86
-104
-120
-128
-135
-124
-131
-133
-149
-144
-136
-142
-129
-135
-128
-118
-109
-105
-119
-110
-115
-132
-143
-143
-138
-163
-193
-204
-201
-191
-203
-200
-183
-161
-148
-146
-145
-151
-159
-171
-192
-207
-232
-264
-293
-301
-309
-290
-273
-248
-234
-232
-215
-191
-172
-163
-145
-136
-137
-129
-125
-132
-134
-132
-141
-174
-209
-245
-259
-258
-298
-323
-327
-323
-325
-327
-344
-377
-392
-400
-432
-449
-448
-460
-502
-537
-570
-603
-610
-633
-656
-676
-703
-730
-767
-819
-885
-931
-954
-951
-963
-968
-972
-962
-938
-956
-961
-986
-1009
-1027
-1041
-1083
-1123
-1139
-1161
-1193
-1228
-1232
-1248
-1280
-1297
-1328
-1351
-1370
-1401
-1406
-1388
-1374
-1370
-1367
-1371
-1399
-1415
-1412
-1425
-1462
-1511
-1548
-1594
-1641
-1672
-1677
-1663
-1644
-1626
-1623
-1605
-1591
-1579
-1549
-1544
-1542
-1517
-1520
-1527
-1553
-1576
-1588
-1561
-1529
-1503
-1483
-1479
-1474
-1462
-1439
-1415
-1391
-1388
-1385
-1379
-1375
-1357
-1320
-1293
-1283
-1268
-1240
-1229
-1199
-1167
-1090
-989
-901
-810
-742
-670
-583
-503
-462
-428
-392
-373
-319
-247
-157
12
247
517
761
935
1093
1222
1367
1511
1663
1870
2098
2317
2547
2867
3182
3405
3579
3735
3826
3817
3791
3844
3933
3998
4065
4087
4104
4138
4120
4061
3953
3819
3638
3394
3156
2901
2631
2387
2165
1966
1771
1609
1448
1299
1185
1062
942
822
737
662
602
544
500
477
451
428
417
389
387
392
389
385
385
381
364
347
333
322
297
281
264
235
217
205
188
189
192
196
199
206
212
212
196
203
194
197
183
156
142
132
134
116
105
107
93
91
105
105
100
92
116
119
116
110
90
80
87
93
85
76
59
53
49
52
69
85
80
83
84
80
75
61
54
74
68
53
35
24
27
32
32
33
28
15
12
13
13
12
13
12
24
28
33
25
8
-6
0
15
8
5
-6
-22
-8
3
21
27
30
27
16
28
23
33
33
22
20
3
-7
-9
5
20
25
32
26
30
53
61
60
47
39
33
41
26
-3
-12
-8
7
16
13
21
28
25
10
14
18
29
41
45
56
59
56
56
55
20
11
7
-1
4
2
31
47
59
65
63
75
68
71
76
83
93
80
91
76
56
50
48
52
68
66
56
55
74
76
74
73
61
70
83
89
75
71
76
68
74
79
66
57
36
25
38
50
47
55
75
102
109
119
118
119
115
96
88
70
82
88
77
59
39
49
53
67
72
73
87
83
82
89
93
115
108
102
98
97
97
81
94
91
70
40
29
42
57
76
101
108
103
110
120
130
126
138
139
126
116
103
103
105
102
95
91
75
49
35
44
52
63
65
78
86
85
102
80
88
85
75
70
51
39
19
5
-14
-14
6
-4
-9
-22
-31
-28
-19
-5
-8
-1
7
-4
-9
-7
-20
-31
-32
-45
-54
-56
-55
-60
-52
-42
-44
-60
-63
-38
-22
-19
-56
-78
-68
-72
-80
-99
-119
-126
-142
-159
-164
-170
-161
-146
-144
-153
-150
-145
-161
-168
-173
-193
-196
-196
-209
-215
-200
-215
-235
-251
-258
-248
-251
-260
-265
-269
-274
-277
-277
-295
-302
-315
-324
-314
-307
-340
-363
-369
-377
-394
-395
-385
-369
-379
-397
-410
-399
-402
-419
-422
-417
-402
-412
-399
-394
-389
-381
-384
-376
-380
-391
-380
-373
-350
-329
-316
-291
-286
-291
-282
-278
-276
-253
-226
-222
-230
-226
-217
-188
-171
-154
-140
-126
-128
-127
-132
-132
-122
-97
-75
-54
-37
-27
-36
-42
-29
-20
-9
-3
-18
-9
5
-6
-4
12
24
26
25
19
14
37
37
30
39
39
39
30
41
51
53
57
59
50
25
11
15
11
18
15
24
29
22
1
-15
-7
23
24
22
11
16
34
39
28
18
6
-8
-19
-19
-15
-7
6
0
9
30
53
49
32
44
44
42
40
14
-3
-20
-27
-20
-6
-13
-22
-19
-12
-6
-2
-2
-8
-8
-4
0
10
10
2
-6
-29
-42
-32
-31
-17
-16
-16
-8
-6
-7
-17
-24
-6
-19
-35
-36
-50
-45
-45
-58
-65
-53
-43
-37
-34
-26
-28
-23
-28
-12
-30
-62
-78
-85
-73
-66
-64
-82
-75
-60
-57
-38
-38
-39
-40
-23
-16
-31
-45
-47
-44
-45
-60
-76
-91
-86
-69
-59
-55
-48
-37
-31
-25
-27
-27
-28
-18
-9
-15
-32
-52
-59
-65
-59
-42
-49
-69
-61
-49
-55
-52
-43
-50
-40
-32
-32
-31
-39
-34
-41
-33
-23
-45
-65
-78
-77
-64
-55
-57
-55
-31
-18
-20
-24
-27
-16
-24
-28
-21
-28
-33
-43
-41
-37
-30
-38
-47
-39
-33
-28
-27
-16
-18
-22
-22
-20
-8
-10
-29
-34
-25
-41
-49
-65
-78
-65
-55
-56
-48
-24
6
9
9
8
23
33
12
0
2
10
-12
-35
-60
-55
-39
-55
-56
-55
-74
-60
-61
-54
-44
-30
-27
-38
-43
-49
-52
-51
-68
-68
-62
-72
-88
-99
-87
-97
-113
-103
-83
-76
-63
-65
-65
-75
-81
-75
-65
-43
-51
-57
-70
-82
-80
-95
-110
-105
-88
-81
-92
-120
-133
-116
-103
-107
-121
-129
-122
-113
-124
-145
-159
-178
-199
-174
-156
-163
-167
-167
-144
-122
-90
-73
-65
-72
-81
-78
-78
-81
-64
-68
-52
-37
-21
-15
-41
-56
-60
-59
-42
-26
-10
-3
-7
-1
-20
-27
-27
-50
-65
-60
-48
-57
-78
-74
-85
-96
-113
-141
-173
-219
-260
-289
-323
-331
-368
-429
-484
-506
-510
-525
-543
-548
-522
-492
-472
-454
-427
-395
-370
-336
-283
-243
-215
-196
-196
-177
-137
-106
-83
-46
1
29
59
93
118
166
203
232
253
256
266
246
235
226
224
228
221
222
203
193
194
205
218
208
205
192
168
150
135
131
133
126
104
81
85
74
49
18
8
7
-6
-15
-33
-41
-39
-32
-25
-35
-17
16
16
17
10
16
46
51
51
49
59
61
51
65
63
56
63
54
69
75
72
84
70
61
68
82
88
76
65
71
75
78
69
70
45
37
60
65
70
70
85
101
102
116
108
98
74
65
69
69
58
42
39
40
59
71
63
62
71
102
112
99
99
85
67
53
20
11
22
17
20
22
14
-10
-38
-29
-28
-25
-38
-47
-53
-74
-75
-82
-75
-68
-82
-97
-92
-87
-92
-95
-91
-91
-76
-60
-62
-74
-77
-64
-55
-50
-55
-66
-55
-32
-21
-12
-1
-3
-23
-8
25
25
13
18
50
95
150
217
292
393
490
606
732
832
902
963
1006
1078
1134
1133
1072
1047
1108
1177
1290
1413
1559
1723
1907
2121
2429
2804
3091
3334
3703
4200
4914
5836
7166
8991
11087
13145
14960
16385
16995
16027
13356
9529
4882
-756
-7988
-16092
-22782
-26711
-27873
-26817
-24339
-21221
-18135
-15330
-12432
-9379
-6287
-3380
-1016
659
1810
2592
3091
3378
3514
3536
3510
3411
3228
2995
2722
2440
2187
1950
1724
1512
1298
1127
954
820
703
580
477
386
325
269
195
123
63
23
-27
-79
-146
-221
-265
-287
-289
-315
-347
-384
-418
-441
-483
-518
-520
-526
-515
-520
-518
-491
-460
-442
-424
-395
-368
-358
-328
-293
-264
-228
-203
-168
-153
-138
-129
-137
-128
-119
-110
-94
-97
-90
-97
-105
-113
-117
-106
-98
-96
-103
-116
-111
-110
-94
-73
-61
-46
-46
-34
-45
-63
-70
-82
-77
-62
-53
-59
-44
-26
-36
-50
-56
-37
-22
-25
-33
-27
-24
-28
-14
-6
-18
-39
-46
-54
-54
-39
-41
-35
-47
-39
-24
-26
-22
-26
-41
-45
-45
-34
-42
-32
-30
-29
-22
-36
-42
-62
-49
-29
-26
-19
-11
3
22
7
6
-4
3
3
0
4
3
12
10
8
15
32
25
7
5
6
-2
-5
-20
-43
-54
-46
-49
-66
-85
-110
-162
-219
-262
-313
-398
-473
-524
-588
-648
-710
-788
-840
-893
-951
-1018
-1096
-1175
-1253
-1313
-1388
-1447
-1473
-1542
-1624
-1715
-1809
-1888
-1960
-2010
-2073
-2124
-2151
-2180
-2213
-2253
-2284
-2297
-2327
-2363
-2407
-2430
-2455
-2489
-2514
-2529
-2519
-2483
-2453
-2444
-2429
-2395
-2335
-2277
-2187
-2083
-2009
-1912
-1783
-1644
-1498
-1316
-1123
-891
-596
-246
136
472
810
1150
1491
1829
2083
2205
2193
2125
2072
2111
2274
2419
2460
2498
2500
2455
2445
2533
2650
2698
2611
2424
2233
1960
1566
1298
1298
1487
1713
1915
2084
2256
2491
2791
3051
3174
3128
3005
2854
2641
2371
2062
1743
1433
1133
837
578
400
266
144
56
5
2
-13
-3
13
32
63
65
64
56
67
101
134
172
197
214
236
230
217
220
222
206
190
178
183
206
211
223
234
218
232
252
278
285
290
308
316
319
322
318
306
299
275
239
224
212
174
149
134
117
114
109
78
51
35
21
3
-17
-34
-47
-28
-28
-28
-25
-30
-32
-19
13
20
35
57
53
49
46
61
68
65
79
82
76
67
52
48
44
52
68
77
69
70
83
90
90
75
81
98
101
91
82
66
48
34
26
29
26
18
8
4
17
13
19
15
-6
-16
-12
-5
1
5
-4
-5
0
-13
-36
-51
-60
-41
-29
-46
-61
-48
-45
-45
-48
-71
-70
-70
-62
-47
-52
-67
-83
-64
-53
-50
-51
-36
-22
-12
-9
-19
-25
-34
-44
-52
-38
-33
-51
-58
-51
-45
-25
-14
-5
-3
0
5
11
13
9
27
37
39
34
6
7
13
13
0
-10
13
13
24
26
33
42
48
53
43
37
30
14
-1
-21
-3
4
-13
-5
-14
-9
-15
-15
-22
-20
-16
-7
3
1
-7
-17
-14
-22
-31
-24
-18
-17
-23
-37
-35
-34
-35
-42
-41
-23
3
22
25
24
35
50
38
18
2
4
5
-14
-12
-13
-3
20
42
64
75
87
88
86
82
92
96
97
115
121
112
117
109
120
134
145
159
164
158
154
165
182
185
191
195
196
210
230
215
208
214
221
233
219
209
225
224
214
212
224
208
194
197
196
192
207
217
211
206
195
194
200
191
185
172
157
151
136
123
107
108
111
113
114
103
100
117
142
155
145
145
149
132
126
124
125
123
110
95
94
104
121
123
133
143
172
185
174
175
175
190
200
176
170
168
193
167
159
158
151
158
151
155
171
191
209
222
242
231
242
248
234
240
235
237
222
209
216
247
273
287
295
321
331
361
393
392
391
407
413
430
462
497
518
545
576
609
642
662
677
690
687
678
666
662
659
641
621
592
569
540
516
507
483
475
469
464
461
460
457
427
412
392
373
389
377
346
299
280
291
286
273
244
239
227
197
171
160
160
155
152
170
168
157
164
165
187
213
228
242
234
234
256
262
257
246
242
228
223
215
205
199
208
225
239
248
265
271
285
294
292
278
273
277
263
236
214
198
194
197
188
172
156
176
172
154
146
166
196
205
204
197
198
185
172
150
129
132
136
137
147
143
137
144
132
125
130
119
112
120
137
146
139
140
138
131
115
105
84
59
62
45
36
44
52
42
40
60
61
55
55
46
63
65
46
44
47
44
43
37
32
27
23
9
4
7
2
-12
-16
-5
13
34
39
37
33
32
36
33
5
-21
-33
-37
-26
-41
-57
-80
-63
-40
-33
-39
-36
-21
-18
-29
-14
-10
-2
-3
-14
-12
-22
-15
-12
-25
-45
-62
-60
-66
-71
-78
-75
-58
-51
-35
-20
-18
-10
-16
-4
-2
-12
-36
-49
-61
-69
-63
-60
-51
-57
-59
-57
-50
-33
-37
-47
-45
-36
-31
-25
-34
-46
-62
-58
-54
-55
-65
-73
-68
-50
-41
-24
1
4
14
4
-4
-14
-29
-40
-56
-61
-67
-67
-50
-46
-58
-56
-38
-40
-39
-31
-41
-29
-22
-16
-21
-36
-36
-30
-29
-41
-57
-68
-76
-64
-57
-55
-50
-57
-62
-57
-41
-44
-48
-59
-58
-62
-53
-67
-93
-90
-78
-95
-106
-111
-128
-121
-100
-81
-65
-53
-53
-45
-49
-43
-49
-55
-32
-33
-57
-77
-66
-74
-77
-67
-49
-43
-63
-62
-47
-38
-29
-22
-5
14
11
1
-15
-23
-32
-41
-39
-54
-76
-86
-91
-80
-64
-51
-38
-43
-44
-36
-31
-32
-27
-16
-1
13
2
-15
-17
-16
-6
-23
-56
-78
-92
-87
-65
-64
-62
-68
-65
-57
-48
-43
-50
-34
-28
-9
11
4
-11
-15
-20
-34
-28
-34
-55
-81
-94
-74
-67
-66
-46
-46
-44
-38
-24
-15
-2
7
14
19
5
-13
-27
-20
-34
-35
-50
-66
-53
-69
-70
-67
-66
-61
-41
-24
-24
-10
2
-5
-6
-15
-2
-16
-26
-31
-50
-57
-54
-45
-29
-26
-26
-38
-37
-45
-32
-12
-6
5
-3
-16
-38
-52
-50
-50
-54
-58
-57
-63
-61
-59
-67
-76
-73
-56
-50
-42
-48
-42
-43
-43
-29
-34
-39
-61
-58
-54
-70
-89
-85
-73
-76
-74
-59
-60
-63
-55
-49
-42
-28
-22
-48
-64
-72
-63
-50
-62
-72
-83
-97
-97
-93
-75
-65
-59
-44
-27
-19
-5
10
24
39
45
44
46
46
23
14
-3
-38
-78
-92
-92
-114
-143
-157
-154
-160
-170
-182
-183
-207
-199
-199
-193
-169
-175
-191
-187
-177
-171
-164
-170
-191
-189
-196
-197
-195
-201
-189
-168
-127
-98
-52
-14
1
17
16
19
40
45
33
34
34
27
31
22
9
27
33
20
-1
-1
3
13
8
-1
-6
1
13
-18
-52
-60
-75
-79
-91
-81
-79
-98
-107
-127
-118
-123
-142
-140
-147
-171
-190
-194
-193
-198
-200
-200
-177
-161
-158
-158
-150
-126
-119
-116
-146
-157
-147
-141
-151
-183
-199
-218
-266
-310
-340
-352
-368
-375
-379
-388
-384
-379
-383
-362
-331
-302
-256
-224
-202
-172
-138
-114
-91
-81
-85
-80
-51
-30
10
27
36
36
32
34
42
57
59
57
53
60
67
72
90
107
113
128
129
126
128
127
139
156
153
147
163
173
158
138
108
88
73
54
50
29
11
10
22
28
32
20
21
26
25
22
-1
-9
-12
-4
9
19
9
-2
-4
-1
-4
-2
0
4
-12
-9
3
-5
-18
-15
3
5
11
18
16
21
7
1
0
-1
18
19
21
13
0
-12
-12
-14
-27
-20
-8
-11
15
40
62
57
49
59
60
55
44
44
35
31
41
46
36
33
6
19
45
45
26
19
23
31
22
34
45
45
56
45
39
23
18
33
25
5
-13
-17
-44
-44
-34
-29
-39
-44
-33
-24
4
23
19
23
27
16
10
-11
-22
-27
-32
-13
-10
-19
-25
-22
-18
-13
-16
-15
-19
-9
-6
-11
-10
-33
-26
-32
-29
-24
-20
-19
-44
-45
-46
-38
-29
-25
-16
-12
-9
-11
-10
-6
-33
-38
-30
-29
-45
-51
-32
-19
-18
-14
-5
-20
-34
-24
-33
-38
-20
-8
4
-14
-35
-35
-43
-53
-47
-50
-39
-39
-60
-55
-46
-46
-48
-43
-29
-18
-16
-8
-20
-29
-37
-35
-27
-24
-45
-55
-58
-61
-48
-53
-56
-50
-52
-31
-19
-10
9
8
18
31
27
14
4
-6
-8
-10
-14
-29
-43
-35
-13
-10
-13
-12
-17
-10
7
