0
3
3
17
10
-1
-6
14
0
0
10
-10
0
-9
-8
-8
-38
-56
-65
-65
-71
-79
-75
-86
-81
-68
-68
-71
-67
-63
-68
-53
-51
-51
-33
-7
-12
-18
-21
-22
-12
-14
-7
-11
-10
-24
-43
-41
-52
-55
-57
-52
-48
-56
-31
-24
-23
-14
-10
-3
-7
-15
-25
-32
-8
3
2
-24
-33
-37
-51
-49
-61
-63
-59
-62
-60
-45
-30
-20
-14
-16
-20
-15
-3
-22
-55
-51
-46
-53
-54
-41
-35
-45
-38
-37
-38
-32
-10
-5
-22
-20
-23
-37
-47
-61
-59
-67
-63
-76
-58
-42
-49
-38
-30
-28
-24
-21
-18
-8
-8
-21
-25
-15
-29
-31
-45
-44
-56
-69
-54
-53
-49
-38
-35
-34
-36
-37
-32
-10
12
7
-10
-19
-47
-43
-33
-31
-51
-56
-63
-80
-91
-80
-74
-68
-59
-38
-24
-26
-16
-18
-8
2
-2
-7
-19
-5
-12
-17
-43
-53
-40
-45
-36
-32
-36
-48
-39
-27
-33
-35
-27
-45
-47
-32
-7
-14
-15
-14
-23
-32
-40
-44
-52
-63
-61
-47
-55
-44
-41
-32
-23
-15
-17
-25
-23
-19
-16
-18
-32
-47
-47
-41
-41
-55
-50
-42
-42
-48
-57
-44
-25
-23
-21
-6
2
-27
-35
-37
-48
-48
-43
-53
-60
-60
-68
-75
-65
-56
-51
-29
-19
-16
-25
-44
-52
-35
-18
-9
-15
-30
-48
-51
-58
-53
-47
-56
-72
-80
-61
-40
-49
-50
-40
-20
-20
-30
-21
-17
-14
-6
-22
-39
-62
-58
-49
-45
-29
-38
-28
-21
-14
-16
-8
-10
-14
1
3
-3
-10
-25
-23
-19
-23
-29
-38
-59
-80
-78
-65
-63
-47
-52
-57
-36
-17
-16
-13
-5
9
-2
-20
-32
-45
-43
-37
-22
-34
-52
-53
-58
-60
-48
-46
-54
-50
-22
-12
-3
-4
-13
-15
-20
-2
-8
-36
-61
-63
-49
-36
-44
-57
-59
-38
-32
-23
-23
-26
-29
-24
-23
-32
-51
-46
-37
-35
-40
-58
-49
-46
-56
-63
-48
-21
-22
-27
-22
-36
-37
-38
-32
-30
-26
-30
-36
-24
-22
-24
-18
-22
-18
-34
-46
-44
-34
-21
-20
-27
-44
-40
-8
-11
-22
-30
-14
-10
-31
-30
-33
-41
-59
-56
-47
-59
-84
-93
-90
-71
-56
-37
-29
-24
-23
-22
-6
-5
-12
-5
2
-18
-38
-36
-40
-46
-40
-44
-57
-55
-60
-55
-55
-64
-59
-57
-32
-26
-8
-9
-16
-5
-9
-8
-7
-24
-34
-40
-39
-42
-53
-46
-42
-35
-24
-26
-29
-43
-42
-37
-27
-29
-35
-25
-19
-23
-35
-38
-49
-48
-47
-56
-55
-43
-33
-15
-26
-29
-10
-12
-31
-35
-18
-9
-14
-13
-42
-60
-39
-43
-54
-66
-71
-67
-49
-24
-22
-10
0
12
6
-16
-15
-29
-45
-57
-64
-50
-60
-64
-75
-71
-37
-37
-35
-27
-31
-14
-22
-36
-39
-40
-42
-41
-47
-33
-38
-44
-43
-30
-45
-47
-47
-35
-29
-34
-41
-21
-27
-36
-44
-50
-40
-37
-39
-44
-32
-29
-54
-44
-45
-37
-32
-28
-14
-14
-9
-11
-19
-23
-28
-26
-31
-54
-59
-61
-65
-57
-32
-25
-34
-30
-20
-10
-6
-16
-23
-34
-28
-34
-40
-38
-38
-46
-48
-41
-16
-5
-12
-40
-58
-54
-48
-45
-27
-8
-12
-24
-26
-30
-45
-45
-85
-87
-79
-69
-58
-64
-42
-34
-17
-9
-8
0
-1
-9
-24
-36
-33
-46
-56
-70
-83
-62
-56
-58
-59
-56
-59
-54
-40
-31
-22
-14
-6
-8
-10
-14
-12
-5
-5
-24
-39
-36
-46
-50
-71
-70
-64
-57
-59
-46
-33
-28
-13
3
1
2
-12
-25
-22
-25
-16
-33
-42
-47
-46
-42
-59
-53
-47
-60
-67
-70
-55
-42
-33
-22
-3
11
11
13
10
-13
-44
-52
-65
-68
-57
-51
-55
-53
-50
-62
-52
-39
-29
-29
-34
-30
-26
-29
-20
-7
-9
-44
-43
-38
-53
-47
-47
-35
-34
-25
-9
-3
-4
-3
0
11
-6
-9
-40
-39
-37
-61
-78
-80
-86
-98
-79
-62
-44
-40
-47
-62
-78
-75
-56
-52
-37
-33
-38
-28
-39
-39
-27
-16
-24
-41
-32
-11
-5
-14
-29
-22
-14
-8
-24
-30
-35
-39
-38
-32
-31
-27
-28
-38
-27
-20
-2
12
5
-5
-9
-32
-52
-49
-30
-44
-53
-65
-71
-71
-56
-45
-31
-17
-21
-28
-30
-17
-17
-27
-31
-34
-34
-27
-46
-60
-63
-59
-54
-44
-41
-32
-35
-25
-20
-9
-1
0
-3
-15
-19
-15
-33
-52
-80
-81
-77
-71
-69
-75
-66
-58
-34
-19
-22
-17
-31
-35
-20
-7
-10
-27
-34
-21
-32
-25
-30
-35
-39
-38
-25
-17
-30
-21
-10
-16
-29
-31
-25
-28
-40
-51
-65
-72
-70
-60
-45
-45
-41
-41
-31
-28
-10
1
-5
-9
-19
-33
-28
-36
-41
-53
-68
-79
-70
-67
-76
-67
-69
-65
-47
-27
-28
-40
-15
0
-8
-7
-21
-5
-10
-12
-13
-34
-44
-50
-40
-39
-45
-36
-39
-55
-51
-25
-16
-21
-24
-16
-18
-36
-48
-36
-40
-65
-84
-98
-65
-54
-45
-28
-36
-66
-95
-98
-96
-85
-91
-109
-120
-128
-137
-126
-141
-139
-130
-119
-110
-129
-129
-126
-131
-123
-115
-123
-140
-145
-131
-140
-137
-127
-101
-58
-24
23
50
82
114
142
161
205
238
243
223
215
211
214
211
173
118
79
50
16
-29
-92
-137
-172
-216
-237
-247
-261
-237
-166
-95
-60
-84
-184
-300
-395
-411
-427
-456
-590
-1068
-2150
-3883
-6144
-8656
-11222
-13382
-14872
-16201
-17416
-18124
-18081
-17143
-15264
-12904
-11047
-9811
-9122
-8164
-5532
-1163
3754
8171
11717
14224
16396
18541
19633
19291
18009
16206
14115
11971
9942
8115
6532
5157
3978
2989
2157
1456
895
437
50
-267
-510
-675
-796
-886
-947
-993
-1019
-1020
-1014
-1001
-995
-984
-957
-924
-891
-869
-845
-801
-765
-725
-675
-617
-559
-506
-455
-407
-363
-318
-288
-241
-189
-106
-25
35
116
191
256
317
358
388
417
449
483
509
543
537
555
561
562
545
527
509
480
449
445
427
398
368
344
334
309
294
278
264
265
272
281
269
266
237
225
234
230
224
209
203
181
163
156
161
160
135
126
144
134
103
81
70
73
73
62
67
80
88
98
113
125
131
148
158
170
181
171
173
184
218
238
243
246
227
228
242
258
276
293
307
319
332
328
329
336
329
339
348
358
335
316
298
277
273
286
265
261
239
225
216
198
169
149
130
84
31
-8
-71
-116
-149
-219
-297
-368
-427
-492
-563
-637
-683
-738
-807
-875
-933
-992
-1048
-1098
-1158
-1219
-1292
-1368
-1463
-1558
-1642
-1714
-1753
-1809
-1862
-1910
-1964
-1998
-2057
-2096
-2122
-2167
-2211
-2267
-2295
-2334
-2365
-2363
-2358
-2336
-2347
-2346
-2317
-2265
-2205
-2141
-2041
-1917
-1811
-1694
-1579
-1446
-1289
-1116
-879
-603
-267
99
482
872
1227
1580
1955
2331
2616
2750
2733
2679
2657
2715
2898
3055
3098
3138
3135
3071
3024
3074
3161
3144
2970
2721
2456
2087
1655
1412
1462
1642
1848
2014
2134
2264
2459
2678
2844
2867
2762
2570
2308
2029
1751
1486
1201
936
690
454
253
100
-26
-121
-170
-178
-174
-155
-155
-152
-123
-103
-76
-54
-43
-26
-16
4
42
72
86
95
122
125
111
93
73
69
65
68
72
64
65
68
92
104
136
140
144
157
157
159
165
186
207
193
175
160
134
128
106
95
63
31
15
-10
-30
-55
-66
-75
-88
-109
-138
-148
-153
-182
-197
-208
-219
-238
-250
-268
-315
-337
-334
-345
-362
-386
-395
-404
-424
-436
-437
-435
-440
-431
-431
-430
-408
-393
-398
-389
-364
-334
-337
-338
-320
-309
-298
-283
-270
-270
-257
-238
-237
-214
-191
-163
-139
-113
-76
-60
-61
-37
-5
27
41
58
82
89
91
79
77
72
50
51
38
27
26
22
0
-30
-31
-36
-51
-69
-86
-83
-85
-96
-88
-85
-74
-44
-37
-32
-46
-41
-46
-52
-38
-43
-47
-46
-47
-45
-40
-27
-21
-25
-29
-19
-22
-43
-37
-37
-39
-36
-48
-42
-47
-38
-6
1
-1
-22
-41
-31
-31
-52
-67
-57
-51
-74
-83
-88
-80
-67
-52
-42
-48
-61
-72
-66
-52
-66
-69
-54
-51
-51
-67
-69
-81
-94
-92
-91
-89
-96
-100
-91
-78
-65
-35
-18
-19
-26
-35
-43
-62
-83
-81
-74
-81
-74
-79
-105
-118
-132
-138
-149
-161
-146
-146
-146
-140
-144
-132
-140
-142
-158
-156
-165
-195
-187
-203
-221
-216
-202
-202
-216
-226
-239
-242
-243
-269
-283
-269
-258
-258
-265
-234
-204
-191
-184
-180
-176
-174
-164
-172
-183
-175
-177
-192
-203
-192
-191
-171
-159
-149
-134
-124
-119
-106
-112
-101
-82
-71
-67
-73
-88
-108
-109
-90
-97
-110
-102
-117
-110
-115
-121
-118
-117
-114
-94
-80
-90
-103
-113
-136
-148
-139
-133
-135
-136
-116
-93
-67
-51
-36
-9
7
24
39
37
35
63
104
115
131
162
182
197
235
267
303
339
351
359
384
405
430
440
446
440
455
445
440
434
422
417
404
399
369
338
359
354
338
328
331
326
309
308
301
305
294
281
271
274
267
262
274
271
270
256
237
227
226
223
241
239
232
235
245
252
243
239
248
249
237
250
261
251
222
220
217
232
250
259
288
298
315
326
340
369
396
403
407
403
418
431
433
449
491
524
526
524
522
532
533
541
545
533
546
564
573
590
602
631
655
657
665
646
638
646
661
682
689
696
702
694
675
671
677
651
627
595
588
578
575
562
545
536
541
532
514
504
506
514
519
526
513
495
478
461
449
434
414
392
370
360
347
328
313
287
274
273
273
277
266
273
270
273
280
273
261
249
241
252
269
266
259
234
232
217
202
216
217
204
203
198
194
206
219
218
207
201
179
154
129
123
126
122
87
58
46
54
67
51
53
51
41
57
58
51
55
65
58
58
47
31
35
38
34
40
32
27
29
30
41
42
39
43
50
52
55
58
48
45
49
44
48
22
-18
-22
-18
-6
6
7
8
6
6
12
21
35
30
34
30
16
14
9
12
12
24
9
-6
-23
-34
-38
-28
-18
-25
-44
-32
-19
-1
27
36
36
30
12
10
-3
-33
-34
-36
-47
-53
-53
-68
-66
-49
-54
-45
-28
-31
-33
-29
-19
-7
3
8
17
13
-4
-18
-37
-41
-38
-31
-38
-51
-59
-47
-34
-19
-3
-9
-24
-19
-3
-1
-13
-29
-40
-40
-48
-59
-65
-63
-53
-40
-25
-32
-41
-32
-23
-7
-14
-17
-11
-21
-33
-34
-32
-26
-36
-48
-60
-73
-95
-108
-96
-91
-78
-53
-44
-45
-45
-30
-34
-35
-25
-35
-52
-57
-59
-67
-80
-79
-57
-52
-57
-71
-70
-57
-33
-24
-16
-10
-3
-5
-16
-3
11
-2
-16
-18
-24
-20
-31
-20
-17
-6
0
1
12
17
24
23
18
13
-6
-24
-39
-34
-25
-33
-38
-35
-21
-12
-15
-13
-32
-43
-40
-29
-28
-19
-29
-38
-29
10
14
-6
-31
-47
-54
-56
-41
-36
-53
-50
-32
-15
-22
-28
-15
-17
-2
-7
-25
-48
-49
-45
-56
-60
-59
-62
-61
-62
-60
-43
-28
-13
0
-12
-14
-2
-10
-13
-8
14
-6
-32
-40
-37
-45
-54
-45
-25
-16
-15
-22
-11
-3
10
23
21
5
2
1
-17
-26
-33
-40
-37
-34
-32
-28
-30
-22
-27
-27
-33
-29
-25
-45
-32
-11
9
33
20
0
-14
-18
-34
-48
-42
-55
-58
-52
-49
-51
-58
-42
-35
-28
-13
2
16
20
9
-13
-7
-8
-4
-19
-37
-49
-46
-52
-58
-67
-77
-69
-78
-89
-103
-113
-110
-94
-84
-80
-89
-93
-94
-93
-115
-121
-118
-114
-111
-129
-145
-152
-181
-194
-201
-204
-200
-203
-210
-209
-209
-191
-166
-164
-163
-160
-168
-165
-150
-149
-133
-123
-122
-114
-127
-119
-118
-116
-103
-88
-74
-88
-110
-113
-117
-110
-124
-131
-130
-126
-100
-105
-104
-103
-96
-81
-79
-107
-141
-161
-162
-170
-165
-168
-183
-182
-186
-196
-203
-184
-157
-137
-133
-134
-148
-166
-196
-221
-226
-243
-274
-314
-330
-335
-338
-339
-338
-336
-323
-291
-268
-254
-226
-204
-183
-150
-124
-107
-115
-97
-70
-58
-56
-73
-78
-71
-78
-90
-102
-101
-100
-90
-76
-51
-4
30
37
43
60
79
79
55
33
43
64
60
60
55
67
91
113
125
114
115
126
117
120
127
137
137
122
101
83
63
45
44
54
63
82
91
119
143
166
189
214
236
241
251
269
264
252
256
244
224
187
154
141
128
115
99
106
88
83
80
82
89
88
78
68
60
69
57
57
50
30
30
17
13
5
-8
-17
-31
-36
-26
-35
-37
-36
-34
-20
-23
-23
-16
-14
-16
-28
-49
-49
-35
-26
-33
-13
-11
-15
-17
-9
11
18
22
10
8
23
25
23
4
1
-1
-4
4
-2
-7
6
24
42
41
40
34
29
50
66
52
39
36
31
11
9
9
7
-6
-1
15
13
1
0
-2
18
31
30
27
11
16
12
-5
1
0
-6
-12
-29
-32
-20
-14
-16
-26
-15
12
20
36
45
36
38
39
27
25
20
11
9
0
-3
-5
-11
-20
-17
-9
19
39
20
12
23
20
-7
-22
-13
-10
-19
-19
-14
0
-3
-27
-35
-42
-49
-32
-13
5
-2
0
4
-2
26
18
-10
-19
-32
-48
-66
-62
-51
-50
-53
-59
-50
-21
1
-6
-36
-39
-32
-32
-41
-49
-47
-57
-54
-66
-78
-76
-74
-70
-59
-52
-43
-31
-16
-1
10
19
7
-21
-21
-13
-20
-43
-69
-88
-85
-69
-59
-57
-61
-62
-48
-51
-46
-39
-19
-9
-5
-7
-34
-36
-31
-39
-45
-58
-47
-43
-59
-61
-63
-52
-58
-44
-33
-41
-21
-25
-37
-33
-18
-1
0
-18
-36
-46
-50
-65
-90
-104
-96
-65
-48
-40
-63
-54
-46
-42
-40
-32
-42
-39
-34
-32
-34
-27
-16
-35
-53
-58
-60
-59
-72
-72
-71
-68
-70
-53
-46
-43
-18
1
-5
-9
-41
-53
-54
-59
-66
-71
-58
-45
-49
-50
-53
-48
-51
-56
-51
-49
-50
-47
-42
-41
-37
-50
-60
-71
-76
-85
-79
-75
-57
-42
-28
-25
-25
-38
-42
-36
-19
-12
-22
-38
-45
-58
-69
-61
-62
-70
-73
-71
-49
-53
-31
-5
-13
-22
-29
-26
-44
-71
-67
-59
-37
-39
-57
-65
-84
-94
-82
-66
-58
-51
-50
-61
-51
-45
-33
-31
-21
-14
-17
-31
-43
-60
-66
-68
-69
-71
-84
-63
-43
-40
-36
-33
-45
-41
-16
3
-13
-30
-28
-26
-20
-43
-46
-45
-54
-52
-59
-65
-90
-78
-51
-45
-41
-45
-41
-36
-33
-29
-27
-14
-20
-40
-51
-64
-74
-71
-59
-65
-80
-72
-61
-66
-65
-44
-23
-5
-5
-19
-35
-48
-51
-51
-53
-55
-60
-67
-53
-64
-78
-63
-63
-45
-30
-49
-32
-16
3
-10
-34
-31
-39
-38
-48
-52
-50
-51
-59
-63
-62
-63
-56
-53
-53
-47
-34
-40
-73
-77
-62
-70
-69
-69
-71
-62
-56
-44
-38
-37
-25
-16
-31
-47
-58
-57
-54
-53
-44
-63
-71
-67
-64
-49
-45
-38
-40
-32
-22
-25
-16
-33
-51
-63
-56
-45
-50
-49
-70
-66
-48
-54
-53
-50
-31
-26
-26
-29
-33
-27
-31
-37
-50
-62
-58
-66
-74
-77
-67
-68
-69
-65
-61
-62
-52
-38
-37
-31
-27
-25
-21
-27
-37
-45
-36
-36
-50
-74
-96
-81
-63
-50
-57
-71
-68
-65
-52
-43
-30
-25
-30
-23
-27
-26
-28
-40
-46
-47
-9
-13
-39
-45
-57
-48
-49
-49
-40
-31
-26
-27
-24
-24
-16
-11
-20
-30
-39
-61
-73
-67
-68
-72
-63
-62
-58
-48
-34
-44
-41
-39
-48
-54
-45
-43
-59
-61
-47
-50
-29
-22
-34
-56
-63
-47
-25
-31
-49
-48
-20
-1
10
-29
-27
-25
-43
-42
-42
-70
-94
-99
-90
-74
-70
-58
-34
-21
-28
-34
-34
-37
-43
-51
-47
-34
-30
-35
-47
-50
-40
-34
-24
-31
-58
-71
-57
-38
-41
-26
-17
-28
-37
-33
-34
-30
-28
-32
-46
-42
-63
-64
-53
-35
-34
-50
-50
-46
-35
-22
-26
-34
-46
-45
-52
-49
-54
-60
-44
-27
-25
-42
-52
-53
-50
-42
-43
-51
-41
-38
-56
-72
-60
-38
-33
-36
-36
-38
-18
-18
-49
-65
-59
-44
-54
-71
-70
-66
-49
-54
-50
-39
-38
-31
-36
-27
-14
-18
-28
-43
-33
-36
-60
-71
-69
-58
-59
-59
-50
-48
-24
-10
2
15
13
2
-14
-6
-1
-13
-32
-55
-59
-59
-62
-59
-70
-71
-78
-73
-79
-79
-70
-59
-46
-44
-57
-62
-43
-36
-42
-46
-51
-71
-82
-76
-74
-70
-67
-56
-35
-7
6
-4
-13
-24
-14
-9
-27
-38
-55
-55
-39
-48
-60
-63
-49
-47
-54
-54
-61
-51
-41
-42
-21
-8
-12
-34
-64
-74
-58
-53
-71
-70
-70
-73
-76
-74
-51
-29
-31
-32
-19
-30
-37
-25
-7
-13
-29
-40
-58
-66
-61
-57
-55
-64
-47
-12
-3
-23
-34
-26
-33
-32
-31
-38
-48
-46
-48
-47
-23
-27
-52
-67
-63
-58
-58
-58
-61
-69
-46
-13
-19
-15
-8
-5
-10
-25
-33
-47
-82
-92
-86
-74
-69
-74
-59
-53
-53
-44
-34
-27
-26
-23
-28
-27
-32
-38
-45
-36
-30
-32
-42
-56
-78
-86
-83
-78
-65
-44
-37
-36
-25
-25
-17
-11
-13
-15
-34
-40
-49
-48
-47
-56
-72
-72
-70
-72
-84
-70
-49
-43
-35
-27
-26
-8
-15
-24
-19
-35
-37
-37
-24
-35
-49
-53
-63
-66
-63
-63
-55
-47
-35
-31
-13
-24
-22
-19
-29
-42
-58
-44
-30
-43
-61
-78
-76
-82
-87
-67
-54
-56
-81
-67
-49
-54
-48
-49
-52
-43
-25
-9
-4
-4
1
-7
-44
-75
-76
-83
-74
-68
-51
-36
-40
-33
-25
-10
4
-3
-40
-40
-29
-33
-34
-42
-31
-42
-48
-66
-77
-69
-63
-51
-40
-20
-21
-29
-30
-20
-11
-11
-13
-20
-45
-60
-63
-49
-36
-34
-26
-28
-31
-32
-31
-29
-35
-23
-14
-42
-58
-65
-55
-44
-49
-60
-84
-77
-62
-62
-40
-34
-34
-36
-42
-49
-54
-49
-54
-69
-56
-39
-36
-33
-40
-35
-30
-22
-16
-6
-13
-36
-44
-39
-36
-40
-44
-49
-37
-40
-44
-37
-32
-25
-23
-40
-40
-19
-15
-28
-34
-25
-23
-35
-32
-42
-48
-43
-49
-31
-32
-41
-32
-32
-36
-38
-39
-20
-18
-29
-33
-30
-40
-50
-42
-28
-30
-32
-25
-19
-47
-43
-18
-9
-30
-50
-45
-47
-35
-11
-20
-16
-22
-32
-43
-36
-28
-28
-32
-34
-33
-28
-33
-37
-57
-72
-93
-124
-141
-140
-121
-115
-117
-119
-107
-96
-100
-103
-85
-69
-68
-67
-81
-101
-117
-129
-131
-131
-139
-137
-120
-109
-108
-77
-53
-50
-31
6
46
88
138
158
176
187
195
214
231
226
201
182
168
156
136
96
62
26
-23
-54
-99
-175
-249
-308
-326
-353
-387
-403
-369
-296
-240
-183
-203
-288
-340
-371
-383
-407
-454
-570
-870
-1437
-2296
-3380
-4617
-6090
-7583
-8916
-10210
-11295
-12120
-12734
-13197
-13131
-12192
-10468
-7932
-5295
-3261
-1743
-160
2042
4938
7589
9247
10657
11877
12290
12064
11382
10266
8942
7628
6423
5332
4341
3457
2695
2040
1488
1020
627
330
84
-122
-289
-409
-490
-551
-590
-604
-596
-611
-608
-599
-591
-571
-564
-555
-539
-515
-510
-502
-469
-432
-401
-371
-342
-323
-303
-261
-213
-173
-130
-96
-45
8
56
117
164
221
260
315
371
409
452
480
510
532
546
574
575
568
542
523
521
505
476
456
442
431
388
362
355
338
319
310
298
281
284
288
279
266
258
259
271
283
289
280
276
268
258
266
262
250
236
224
217
190
172
162
148
142
139
130
115
108
103
100
106
106
106
80
76
80
95
96
96
83
78
84
76
60
43
31
24
22
5
-10
-8
-11
-10
-8
-15
-22
-47
-78
-117
-186
-228
-264
-289
-351
-415
-473
-546
-622
-699
-763
-844
-925
-985
-1067
-1139
-1193
-1262
-1333
-1414
-1466
-1519
-1595
-1669
-1751
-1833
-1909
-1981
-2053
-2112
-2153
-2201
-2248
-2280
-2307
-2325
-2346
-2366
-2392
-2419
-2466
-2500
-2528
-2538
-2513
-2470
-2457
-2458
-2438
-2381
-2302
-2223
-2139
-2032
-1897
-1779
-1633
-1485
-1337
-1151
-928
-678
-373
-21
384
796
1149
1519
1890
2271
2616
2825
2869
2829
2806
2839
2951
3110
3188
3223
3222
3154
3054
3018
3054
3063
2945
2673
2353
2046
1599
1182
1024
1118
1347
1599
1812
1996
2226
2492
2747
2874
2835
2683
2474
2221
1924
1611
1290
985
706
464
218
15
-129
-256
-349
-398
-401
-380
-353
-305
-268
-235
-207
-183
-161
-152
-127
-101
-72
-22
19
48
67
86
94
99
108
108
107
111
118
135
134
131
142
149
168
194
221
222
231
256
291
304
303
305
310
301
276
266
251
241
216
193
173
152
120
77
66
57
41
5
-21
-44
-67
-71
-48
-43
-49
-70
-74
-69
-80
-75
-66
-61
-84
-88
-89
-86
-76
-72
-74
-95
-116
-126
-146
-177
-218
-237
-228
-231
-232
-244
-255
-262
-271
-266
-253
-239
-247
-245
-247
-240
-226
-211
-209
-212
-225
-228
-216
-205
-193
-192
-174
-155
-148
-135
-128
-119
-94
-71
-53
-66
-76
-60
-47
-44
-36
0
-9
-24
-17
-26
-16
-21
-42
-45
-37
-39
-56
-57
-67
-75
-67
-41
-25
-54
-59
-48
-46
-39
-37
-27
-22
-18
-30
-31
-45
-54
-52
-46
-30
-26
-33
-18
-9
-15
-14
-7
-19
-30
-28
-32
-17
-29
-31
-36
-50
-63
-55
-48
-73
-73
-60
-59
-56
-65
-61
-53
-47
-60
-80
-95
-102
-101
-109
-116
-122
-137
-150
-135
-132
-121
-109
-113
-114
-97
-94
-98
-91
-92
-101
-100
-99
-116
-142
-159
-155
-152
-141
-132
-140
-120
-115
-100
-99
-98
-71
-70
-60
-52
-41
-41
-63
-68
-72
-73
-70
-94
-94
-113
-113
-120
-134
-138
-152
-152
-158
-154
-151
-147
-133
-129
-134
-119
-105
-99
-113
-137
-150
-167
-193
-218
-224
-232
-232
-230
-224
-223
-212
-209
-196
-171
-142
-101
-72
-49
-44
-35
-40
-41
-21
-22
-34
-45
-34
-18
-25
-18
-2
14
29
37
45
24
35
40
40
53
61
53
21
10
9
17
29
24
24
22
16
26
48
68
88
103
111
127
148
171
187
226
271
296
313
317
344
341
351
370
404
414
406
411
424
433
442
424
397
394
396
398
402
416
422
430
453
450
444
449
448
445
418
396
382
368
349
319
297
280
262
258
260
246
221
214
211
213
204
198
204
211
239
245
246
242
235
237
251
263
273
277
262
263
276
288
297
296
296
316
337
334
330
326
328
331
322
325
337
326
324
324
351
349
348
356
371
385
390
392
392
388
378
365
365
363
355
372
386
378
369
385
368
382
415
425
435
434
440
440
442
444
447
454
461
461
450
455
467
466
453
462
492
497
512
514
507
514
499
488
485
485
480
474
460
432
425
421
420
419
420
426
400
384
393
399
406
385
383
391
387
389
376
357
329
314
314
311
297
267
251
241
242
227
219
209
200
195
215
238
227
217
207
205
215
194
198
185
170
151
147
123
103
118
130
116
95
87
102
112
112
96
88
108
89
82
84
80
77
61
59
65
76
76
39
36
30
17
4
-16
-16
-17
-4
-2
-5
5
10
-10
-28
-23
-26
-44
-57
-52
-45
-40
-37
-35
-45
-40
-36
-31
-24
-16
0
13
-2
-23
-34
-42
-46
-41
-27
-38
-52
-61
-76
-74
-70
-61
-53
-25
9
22
40
32
28
26
26
17
8
3
-15
-36
-44
-62
-72
-71
-67
-58
-63
-57
-49
-52
-37
-18
-18
-17
-21
-19
-34
-22
-3
-9
-21
-30
-47
-49
-74
-81
-74
-60
-42
-25
-23
-28
-27
-35
-29
-23
-12
-13
-32
-39
-44
-42
-49
-60
-56
-53
-57
-49
-49
-44
-55
-55
-62
-53
-43
-56
-71
-51
-25
-25
-19
-21
-28
-62
-83
-110
-105
-83
-81
-75
-62
-56
-60
-66
-67
-59
-33
-26
-48
-50
-39
-26
-34
-48
-49
-63
-66
-70
-71
-55
-52
-47
-54
-49
-46
-55
-38
-13
17
13
2
-10
-41
-43
-73
-100
-106
-104
-97
-96
-102
-107
-101
-79
-68
-63
-63
-67
-68
-54
-50
-46
-54
-48
-37
-40
-58
-80
-95
-89
-64
-42
-42
-41
-35
-42
-30
-25
-8
-12
-20
-5
-8
-18
-21
-31
-47
-57
-61
-71
-61
-68
-83
-86
-92
-88
-71
-70
-61
-48
-41
-38
-30
-46
-36
-28
-29
-10
6
-6
-33
-60
-62
-69
-75
-72
-71
-44
-31
-36
-30
-31
-29
-33
-23
-6
-22
-35
-30
-40
-35
-39
-38
-49
-53
-32
-28
-40
-61
-64
-50
-36
-25
-29
-3
7
-28
-44
-53
-51
-59
-50
-56
-66
-67
-59
-60
-54
-22
-6
-13
-24
-42
-52
-44
-49
-49
-55
-62
-63
-59
-57
-55
-52
-48
-41
-19
-18
-29
-22
-14
-14
-21
-21
-23
-28
-37
-47
-52
-46
-40
-37
-49
-32
-24
-19
-22
-20
-9
-8
-18
-25
-32
-47
-71
-77
-66
-58
-43
-44
-45
-47
-43
-42
-39
-41
-45
-56
-75
-94
-91
-74
-60
-70
-84
-85
-79
-77
-62
-42
-39
-36
-42
-49
-69
-74
-85
-68
-40
-48
-76
-80
-71
-75
-86
-88
-71
-61
-61
-75
-45
-39
-28
-17
-24
-23
-19
-17
-44
-45
-25
-22
-31
-53
-55
-58
-87
-105
-113
-106
-97
-94
-85
-69
-73
-79
-72
-45
-21
-2
-20
-47
-54
-69
-84
-101
-118
-130
-152
-159
-165
-164
-149
-137
-124
-122
-123
-122
-132
-121
-97
-83
-79
-66
-37
-28
-22
-25
-30
-32
-39
-38
-31
-27
-25
-35
-42
-43
-48
-67
-73
-73
-83
-86
-87
-76
-54
-47
-40
-53
-69
-82
-96
-109
-132
-161
-180
-204
-236
-270
-301
-326
-353
-366
-375
-374
-382
-415
-434
-442
-423
-398
-377
-344
-323
-293
-257
-225
-173
-148
-156
-170
-176
-175
-186
-182
-172
-160
-149
-151
-134
-113
-95
-97
-115
-92
-72
-85
-95
-87
-71
-64
-39
-14
11
4
13
-4
-32
-42
-48
-53
-56
-34
-7
-2
5
30
61
59
59
49
32
21
23
23
10
18
30
21
20
15
14
-16
-33
-34
-50
-59
-68
-53
-46
-57
-48
-38
-26
3
4
-4
-14
-7
-4
0
0
-17
-15
-34
-39
-26
-14
-4
-6
-6
8
20
32
27
40
58
72
73
65
72
65
44
38
29
31
17
7
12
14
23
10
5
15
8
21
35
44
55
61
77
70
69
65
60
40
14
16
17
8
8
11
22
38
38
35
42
64
82
85
64
54
60
69
74
56
42
22
14
1
4
3
10
32
59
67
53
45
37
48
48
37
47
46
44
34
23
45
33
17
-9
-4
16
-6
-5
-2
7
30
32
31
30
33
29
17
4
9
4
-11
-9
1
-5
11
17
1
-26
-28
-20
-24
-18
-17
-4
11
19
31
19
12
17
23
7
-21
-46
-58
-50
-52
-58
-48
-33
-35
-19
-11
-8
-11
-5
0
-8
-5
-17
-37
-30
-22
-18
-15
-36
-43
-47
-28
-24
-27
-12
-6
1
3
-2
-13
-28
-32
-20
-4
4
-7
-33
-40
-43
-29
-10
-11
-24
-19
-16
-26
-33
-16
-7
-5
-2
13
1
-25
-30
-19
-13
-21
-33
-34
-19
-24
-37
-39
-39
-63
-61
-42
-26
-25
-19
1
6
14
11
-6
-12
-24
-30
-46
-48
-59
-53
-39
-31
-14
4
-9
-17
-21
-2
17
15
-6
-18
-25
-28
-24
-36
-45
-44
-41
-50
-58
-55
-51
-36
-26
-11
-8
-3
-11
-8
11
-3
-19
-50
-63
-62
-59
-49
-52
-52
-55
-50
-39
-46
-39
-38
-18
10
17
2
-43
-51
-43
-55
-64
-77
-74
-81
-58
-45
-46
-61
-64
-39
-27
-18
-8
-10
-9
-13
-10
-5
-14
-25
-38
-48
-46
-57
-53
-43
-39
-17
-3
-20
-19
-12
-11
-3
-2
-24
-42
-36
-52
-44
-37
-56
-46
-38
-41
-41
-54
-68
-69
-45
-40
-26
-22
-30
-29
-17
8
10
-7
-36
-37
-28
-34
-29
-30
-43
-42
-28
-38
-57
-53
-40
-36
-21
-8
-16
-33
-16
-4
-15
-22
-26
-29
-36
-52
-58
-57
-62
-73
-55
-55
-58
-45
-41
-44
-34
-15
-10
-12
-19
-7
10
0
-11
-29
-34
-31
-44
-59
-65
-60
-54
-36
-12
-27
-35
-27
-25
-31
-24
-11
-22
-46
-14
5
-12
-26
-41
-53
-65
-63
-43
-41
-53
-53
-48
-27
-18
-11
-25
-28
-29
-22
-1
-9
-27
-36
-41
-47
-51
-48
-39
-40
-44
-44
-21
-28
-26
-31
-24
-11
-24
-23
-23
-17
-14
-23
-42
-68
-65
-51
-58
-48
-39
-24
-5
-6
-14
-14
-17
-14
-21
-30
-36
-32
-36
-39
-48
-58
-60
-70
-68
-51
-35
-22
-25
-41
-32
-37
-28
-23
-30
-18
-19
-30
-42
-49
-66
-71
-51
-52
-43
-45
-53
-34
-28
-22
-30
-33
-33
-38
-38
-47
-41
-34
-37
-46
-64
-69
-63
-62
-56
-38
-27
-15
-13
-25
-29
-22
-20
-38
-46
-47
-41
-36
-45
-54
-45
-27
-31
-34
-34
-37
-35
-46
-44
-30
-35
-34
-38
-44
-34
-40
-54
-57
-39
-41
-35
-9
-4
-8
-25
-47
-44
-50
-58
-67
-64
-49
-46
-41
-56
-44
-19
-9
3
-11
-19
-15
-12
-20
-26
-25
-33
-32
-37
-28
-38
-50
-61
-50
-41
-35
-37
-40
-31
-27
-20
8
18
11
-5
-14
-23
-40
-56
-79
-65
-60
-61
-59
-70
-71
-71
-63
-62
-60
-49
-39
-30
-31
-16
-6
-18
-22
-18
-18
-24
-30
-37
-54
-50
-57
-75
-76
-74
-64
-42
-33
-28
-22
-27
-39
-17
-6
-5
-18
-25
-42
-41
-42
-38
-21
-33
-60
-65
-50
-42
-43
-50
-59
-43
-25
-15
-21
-14
-2
-12
-18
-12
-23
-27
-36
-41
-50
-50
-27
-41
-51
-67
-69
-55
-37
-18
-30
-50
-48
-28
-7
-12
-26
-28
-36
-42
-47
-55
-51
-40
-42
-52
-52
-56
-51
-34
-30
-14
11
5
-16
-30
-49
-61
-79
-80
-78
-73
-73
-62
-48
-45
-36
-29
-30
-29
-30
-29
-37
-34
-30
-35
-54
-40
-23
-47
-44
-38
-51
-42
-26
-16
3
15
4
-1
-1
20
7
-9
-18
-20
-11
-33
-45
-52
-48
-49
-46
-37
-29
-32
-18
-17
-15
-16
-5
-17
-31
-24
-28
-36
-51
-69
-73
-72
-65
-68
-78
-74
-67
-40
-40
-42
-45
-47
-34
-25
-13
-20
-37
-46
-44
-35
-43
-50
-43
-46
-32
-16
-8
1
10
16
13
10
8
-13
-16
-16
-8
-2
-17
-8
-2
-3
4
4
-8
-4
1
9
-10
-26
-48
-58
-47
-51
-51
-58
-56
-51
-37
-30
-31
-34
-51
-50
-41
-56
-71
-93
-96
-93
-95
-109
-118
-129
-146
-149
-137
-135
-140
-147
-117
-80
-63
-41
-35
-30
-22
-26
-33
-45
-43
-33
-43
-36
-34
-30
-31
-18
-24
-33
-21
3
26
57
73
108
175
225
304
407
533
642
714
766
835
931
1001
1016
984
955
934
949
997
1022
1043
1115
1209
1335
1524
1784
2130
2495
2788
3080
3465
3906
4573
5462
6473
7862
9643
11575
13177
14228
14603
13969
11990
9015
5527
1633
-2940
-8571
-13854
-17504
-19462
-20093
-19444
-17560
-14980
-12302
-9956
-8409
-7439
-6390
-5122
-3931
-2802
-1664
-660
130
716
1134
1411
1618
1763
1804
1769
1682
1577
1471
1349
1238
1149
1049
939
838
746
652
568
500
423
345
283
221
166
91
35
-13
-70
-124
-169
-210
-266
-318
-375
-421
-457
-501
-535
-544
-580
-600
-604
-607
-609
-626
-614
-595
-585
-569
-546
-518
-497
-457
-420
-398
-366
-337
-301
-267
-229
-196
-176
-165
-154
-127
-109
-120
-110
-100
-91
-101
-109
-99
-106
-105
-114
-129
-114
-86
-87
-97
-91
-96
-94
-82
-78
-70
-79
-84
-95
-84
-71
-60
-56
-56
-65
-75
-60
-54
-40
-26
-3
13
-5
-10
-21
-20
-19
-34
-40
-31
-17
-19
-7
-2
-3
10
-4
-16
-22
-35
-35
-33
-21
-50
-104
-141
-177
-211
-259
-295
-348
-399
-445
-516
-577
-631
-684
-746
-812
-859
-892
-962
-1042
-1103
-1137
-1178
-1237
-1293
-1356
-1421
-1507
-1589
-1666
-1761
-1827
-1866
-1928
-1987
-2045
-2084
-2117
-2145
-2159
-2187
-2233
-2268
-2300
-2314
-2348
-2375
-2403
-2414
-2399
-2377
-2354
-2348
-2344
-2318
-2257
-2193
-2138
-2063
-1987
-1892
-1769
-1649
-1527
-1406
-1230
-994
-713
-398
-77
234
538
819
1100
1405
1657
1793
1790
1756
1769
1831
1996
2128
2155
2188
2201
2217
2282
2415
2566
2667
2662
2533
2377
2147
1860
1722
1801
1986
2148
2247
2289
2370
2550
2795
3060
3191
3171
3064
2877
2637
2332
2007
1684
1411
1137
837
545
351
200
49
-52
-122
-173
-201
-210
-182
-140
-111
-76
-54
-35
-7
20
65
123
156
202
216
208
211
213
216
220
206
215
206
206
204
205
225
234
261
284
309
320
316
308
323
349
357
342
320
302
292
279
253
226
218
206
166
143
120
99
94
74
74
63
34
10
-3
-1
6
7
10
19
28
35
32
39
47
51
48
39
42
43
29
7
3
10
-13
-13
-15
-17
-22
-43
-60
-72
-88
-91
-98
-103
-119
-120
-126
-130
-124
-128
-134
-139
-137
-131
-117
-100
-83
-72
-82
-85
-73
-55
-47
-38
-24
-13
-3
-9
-19
-20
-12
4
-9
-15
-11
4
18
18
5
-4
2
17
37
34
29
38
30
34
27
12
-7
-23
-17
-20
-38
-42
-52
-50
-72
-70
-67
-81
-84
-60
-43
-33
-41
-65
-78
-60
-47
-55
-57
-73
-80
-81
-70
-88
-106
-88
-74
-47
-40
-53
-42
-56
-71
-82
-63
-38
-31
-40
-51
-67
-66
-73
-84
-89
-81
-69
-65
-58
-51
-45
-26
-43
-48
-57
-62
-74
-62
-37
-53
-65
-54
-56
-47
-44
-23
-23
-21
-3
5
6
1
7
11
2
8
-10
-26
-27
-19
-10
-14
-7
-6
-2
20
29
26
35
45
47
42
30
11
-3
-8
-16
-4
6
-15
-9
-24
-47
-65
-60
-40
-32
-34
-50
-63
-43
-32
-25
-45
-55
-49
-49
-38
-56
-65
-52
-59
-72
-79
-60
-53
-45
-50
-71
-52
-31
-27
-45
-48
-32
-17
1
29
51
54
69
65
64
64
72
83
84
89
102
105
117
114
102
95
92
100
109
115
110
114
93
96
87
82
92
84
94
111
111
123
130
137
117
117
131
118
120
115
115
105
104
104
96
97
92
98
96
109
127
136
139
139
138
144
157
161
166
160
154
155
155
155
153
165
159
146
127
106
102
95
84
111
131
135
131
132
140
139
132
128
133
113
97
98
78
81
73
68
67
45
30
18
14
-2
-2
9
7
5
-3
10
17
18
12
20
51
69
64
79
85
88
91
87
86
79
69
69
69
86
89
85
104
136
174
209
240
257
276
322
355
369
387
384
409
418
436
482
519
569
599
665
748
825
899
932
985
1030
1032
1051
1061
1068
1089
1099
1103
1074
1053
1032
1011
1016
1020
998
975
960
954
929
911
876
836
818
797
759
708
658
623
587
552
513
476
428
382
347
323
304
290
283
280
258
247
240
243
242
241
247
240
235
219
209
215
219
235
220
199
203
207
207
211
218
221
202
193
191
173
156
150
154
133
125
108
71
74
84
70
44
27
26
28
43
63
69
72
88
112
129
120
123
126
125
116
121
130
125
113
92
93
117
116
121
120
114
116
134
137
126
137
125
116
120
103
87
67
59
60
59
62
34
16
16
8
10
11
10
18
21
20
17
24
29
22
22
28
25
17
9
6
-7
-6
-23
-35
-40
-37
-15
-10
-16
6
17
34
36
41
38
26
16
12
15
17
4
-7
-9
-40
-65
-67
-64
-54
-38
-44
-40
-23
-24
-17
-4
-4
-4
-13
-11
-24
-35
-35
-49
-64
-73
-73
-76
-92
-94
-94
-85
-65
-52
-36
-39
-48
-31
-26
-22
-28
-30
-30
-44
-63
-66
-68
-76
-76
-66
-70
-70
-72
-71
-78
-61
-47
-36
-35
-49
-48
-37
-51
-54
-67
-78
-78
-85
-81
-71
-72
-80
-91
-82
-65
-54
-46
-33
-11
-24
-51
-53
-51
-49
-63
-60
-52
-58
-63
-64
-60
-53
-45
-43
-50
-41
-21
-28
-47
-66
-73
-74
-93
-91
-81
-48
-31
-38
-48
-52
-50
-61
-69
-65
-56
-52
-73
-84
-75
-56
-45
-50
-50
-54
-44
-41
-48
-53
-62
-66
-61
-61
-67
-66
-67
-59
-43
-44
-61
-62
-39
-26
-23
-43
-51
-44
-54
-52
-53
-53
-66
-85
-94
-98
-102
-98
-92
-84
-94
-82
-58
-53
-47
-36
-26
-33
-31
-31
-45
-34
-31
-30
-42
-39
-35
-38
-55
-69
-64
-67
-73
-75
-69
-56
-29
-26
-26
-31
-20
-22
-24
-19
-11
-13
-30
-62
-83
-94
-85
-69
-66
-52
-40
-40
-47
-39
-27
-16
-12
-22
-37
-35
-42
-55
-57
-42
-40
-58
-65
-59
-54
-46
-41
-33
-45
-54
-45
-38
-27
-27
-35
-35
-52
-63
-63
-80
-92
-88
-75
-68
-61
-55
-47
-41
-41
-37
-49
-70
-70
-65
-57
-60
-60
-64
-74
-63
-52
-69
-80
-79
-71
-62
-47
-43
-50
-34
-28
-35
-50
-73
-79
-84
-68
-56
-56
-88
-106
-84
-68
-62
-47
-53
-66
-70
-52
-41
-56
-53
-69
-85
-78
-69
-70
-81
-95
-75
-62
-58
-59
-68
-77
-81
-72
-86
-95
-93
-85
-76
-85
-87
-83
-70
-67
-76
-73
-87
-91
-66
-65
-71
-86
-97
-78
-53
-39
-39
-29
-14
-20
-28
-29
-30
-25
-2
15
33
46
44
38
34
32
34
33
29
12
-3
7
-2
-8
-32
-58
-88
-109
-98
-86
-97
-102
-123
-120
-116
-107
-92
-104
-129
-157
-172
-172
-181
-183
-180
-182
-169
-161
-151
-146
-122
-80
-77
-82
-73
-66
-56
-50
-42
-32
-21
-30
-52
-68
-74
-76
-86
-92
-94
-101
-105
-104
-94
-96
-93
-88
-86
-84
-91
-86
-71
-65
-69
-76
-111
-151
-195
-233
-272
-299
-291
-295
-322
-356
-347
-342
-333
-333
-343
-358
-369
-362
-356
-371
-370
-361
-375
-402
-426
-426
-430
-444
-446
-480
-515
-521
-507
-484
-435
-362
-292
-233
-194
-155
-93
-37
23
63
83
144
196
222
223
213
202
198
198
184
179
194
210
228
238
247
248
235
231
226
213
211
183
156
158
169
175
146
107
63
39
33
31
13
-10
-26
-39
-71
-79
-81
-78
-77
-79
-68
-72
-67
-53
-46
-24
-6
20
47
64
72
78
104
116
125
129
127
146
172
157
126
125
141
129
119
112
111
110
96
67
45
34
26
24
34
44
35
20
-4
-5
13
19
12
0
-16
-27
-24
1
-7
-7
0
5
10
11
20
27
22
20
10
-13
-40
-29
-6
-7
-3
1
-1
-7
7
14
11
24
25
19
15
4
2
0
9
18
14
3
-10
-14
-19
-19
-8
-3
-11
-8
1
18
23
38
31
18
24
19
-8
-37
-31
-14
-19
-15
-37
-54
-53
-66
-75
-77
-59
-53
-37
-11
2
10
29
30
25
21
10
14
6
-13
-29
-29
-36
-47
-58
-53
-13
4
13
21
23
16
19
33
18
1
-3
3
-8
-21
-27
-23
-17
-9
-4
10
11
3
10
17
5
0
-2
-2
-2
-2
12
-3
-17
-19
-21
-29
-35
-26
-38
-37
-27
-11
0
13
20
5
7
8
12
9
-4
-8
-11
-33
-46
-50
-61
-65
-51
-41
-35
-30
-23
-16
-4
-1
5
4
3
23
22
-1
-10
-27
-42
-54
-55
-62
-57
-26
-22
-25
-17
-11
3
23
25
2
-5
-14
-21
-20
-30
-10
-3
-26
-44
-40
-43
-45
-33
-24
-28
-24
-14
2
-2
-6
16
38
37
11
-4
-21
-37
-54
-67
-62
-55
-61
-68
-65
-48
-24
-30
-24
-11
8
18
3
-7
-14
-15
-3
0
-10
-27
-27
-25
-41
-37
-23
-18
-19
-27
-28
-28
-13
2
4
11
5
1
-6
-28
-39
-51
-74
-82
-66
-47
-56
-50
-35
-29
-42
-40
-22
-9
-17
-32
-35
-35
-21
-15
-22
-24
-19
-17
-22
-45
-61
-62
-64
-60
-51
-35
-16
-14
6
11
-8
-2
-5
0
-5
-7
-21
-27
-19
-20
-30
-37
-55
-54
-58
-50
-32
-36
-45
-55
-38
-19
-15
-9
-14
-27
-26
-20
-7
-26
-56
-57
-41
-46
-46
-33
-34
-34
-10
-12
-32
-41
-43
-35
-30
-12
-17
-24
-13
-14
-25
-31
-51
-50
-57
-49
-49
-52
-61
-61
-38
-33
-27
-32
-16
-8
-21
-12
-5
-1
-6
-16
-42
-64
-69
-59
-69
-67
-61
-50
-33
-25
-14
-13
-3
-17
-24
-5
9
10
1
-20
-28
-32
-25
-30
-34
-51
-63
-60
-44
-33
-42
-36
-12
-4
6
-1
-19
-26
-31
-23
-36
-46
-42
-37
-25
-24
-16
-6
-17
-20
-36
-38
-35
-30
-9
-16
-33
-30
-30
-21
-30
-26
-28
-46
-35
-22
-34
-54
-50
-40
-43
-34
-26
-40
-30
-10
-2
13
7
-8
-9
0
-14
-27
-26
-37
-26
-19
-36
-61
-72
-50
-39
-62
-42
-22
-14
0
-9
-16
-18
12
16
7
-22
-33
-33
-45
-36
-42
-54
-56
-59
-63
-55
-31
-18
-22
-14
-28
-24
-17
-15
-27
-58
-54
-26
-17
-17
-22
-28
-31
-33
-29
-35
-36
-27
-26
-15
-5
0
-8
-3
-1
-25
-42
-54
-64
-74
-63
-41
-37
-41
-39
-24
-10
-15
-19
-8
-5
-4
-16
-4
-31
-67
-70
-47
-24
-37
-36
-42
-39
-34
-44
-52
-48
-29
-12
-3
9
15
-4
-14
-34
-31
-31
-37
-47
-69
-64
-43
-33
-23
-43
-41
-36
-29
-25
-17
-5
1
-11
-25
-27
-4
-7
-16
-12
-17
-25
-39
-34
-29
-30
-34
-24
-19
-17
-16
-18
-40
-41
-34
-34
-27
-38
-55
-43
-20
-17
-21
-16
-33
-47
-42
-58
-63
-67
-63
-39
-37
-38
-50
-54
-55
-60
-47
-43
-36
-25
-21
-10
-24
-38
-36
-39
-27
-34
-42
-38
-36
-33
-29
2
12
3
-11
-13
-3
0
8
9
0
-17
-48
-65
-78
-84
-75
-80
-89
-96
-79
-53
-38
-20
-17
-26
-29
-48
-70
-89
-106
-124
-130
-139
-151
-161
-162
-174
-189
-206
-200
-168
-151
-132
-128
-114
-90
-102
-114
-112
-95
-85
-92
-79
-84
-90
-96
-85
-77
-77
-76
-72
-75
-83
-60
-29
-9
26
100
207
319
434
583
715
840
968
1098
1228
1321
1337
1328
1306
1313
1347
1394
1430
1458
1510
1621
1807
2061
2398
2760
3068
3354
3761
4295
5028
5994
7190
8756
10625
12674
14419
15632
16099
15398
13157
9733
5786
1542
-3571
-9961
-15926
-19973
-22064
-22737
-21728
-19116
-15797
-12514
-9819
-8181
-7341
-6418
-5286
-4250
-3153
-1994
-960
-156
438
849
1157
1422
1578
1635
1610
1547
1471
1368
1260
1150
1022
928
828
720
621
516
418
326
259
202
133
62
-7
-68
-126
-181
-227
-276
-306
-317
-343
-370
-385
-401
-419
-418
-432
-453
-478
-498
-506
-500
-477
-479
-480
-466
-431
-405
-389
-373
-349
-312
-264
-239
-208
-174
-154
-129
-112
-96
-93
-83
-64
-61
-59
-49
-47
-45
-38
-44
-46
-75
-75
-61
-59
-58
-51
-25
-14
-10
12
40
53
45
44
67
75
56
47
57
64
66
58
52
54
46
39
38
47
62
58
64
52
49
61
78
91
82
81
74
52
26
4
2
-2
-18
-27
-24
-24
-34
-57
-61
-83
-94
-86
-99
-106
-132
-173
-216
-265
-308
-351
-423
-494
-557
-603
-649
-701
-752
-811
-872
-950
-1028
-1105
-1187
-1258
-1325
-1386
-1427
-1476
-1564
-1664
-1730
-1797
-1855
-1916
-1970
-2006
-2039
-2064
-2093
-2133
-2144
-2137
-2152
-2193
-2228
-2248
-2265
-2285
-2294
-2275
-2251
-2264
-2255
-2245
-2239
-2210
-2149
-2074
-1990
-1903
-1807
-1731
-1633
-1522
-1393
-1238
-1056
-837
-585
-279
81
420
730
1019
1336
1657
1914
2076
2070
2016
2017
2080
2238
2391
2462
2508
2534
2507
2502
2580
2690
2734
2668
2513
2326
2072
1730
1503
1518
1687
1861
1969
2017
2115
2322
2591
2850
2972
2956
2876
2747
2574
2343
2084
1820
1573
1353
1127
901
728
602
504
414
372
365
347
357
388
415
421
404
404
389
374
350
337
353
358
371
370
359
336
323
323
306
288
277
263
247
240
243
250
265
257
257
254
261
267
278
298
311
307
306
289
284
273
237
195
182
158
133
105
72
56
52
49
20
0
6
3
-1
-10
3
11
10
20
31
47
40
14
24
23
25
19
4
23
33
26
33
38
32
35
38
46
47
31
13
16
30
33
22
9
1
-6
-6
2
-2
4
9
11
12
-21
-47
-66
-82
-90
-99
-106
-142
-159
-160
-169
-190
-213
-230
-254
-270
-302
-314
-315
-329
-329
-340
-348
-339
-342
-335
-324
-313
-297
-293
-293
-297
-305
-292
-296
-287
-263
-252
-251
-229
-207
-186
-169
-171
-182
-167
-156
-154
-135
-118
-107
-93
-85
-74
-68
-60
-65
-78
-74
-81
-86
-87
-82
-78
-76
-90
-99
-83
-92
-98
-99
-103
-87
-68
-56
-39
-43
-46
-56
-60
-57
-67
-66
-74
-76
-78
-91
-97
-86
-80
-69
-56
-58
-50
-45
-21
-1
4
6
-4
-19
-36
-42
-45
-40
-54
-63
-60
-57
-48
-55
-73
-79
-67
-46
-35
-30
-42
-36
-25
-31
-46
-58
-53
-43
-47
-69
-79
-102
-120
-133
-136
-153
-162
-149
-137
-121
-138
-139
-137
-147
-145
-145
-136
-150
-193
-214
-196
-192
-197
-216
-249
-278
-271
-245
-229
-226
-231
-229
-210
-195
-196
-199
-203
-207
-198
-198
-203
-206
-220
-210
-192
-195
-188
-169
-170
-180
-169
-136
-112
-90
-79
-79
-73
-54
-49
-48
-23
-17
-18
3
5
14
37
33
48
54
67
75
74
66
65
66
67
87
111
135
122
114
124
149
180
185
191
201
221
231
236
238
244
233
213
201
187
171
170
188
231
232
231
237
243
265
281
307
319
318
322
318
311
286
276
262
239
223
215
200
192
170
163
164
178
181
188
192
184
175
190
196
204
217
220
205
185
164
150
154
151
136
123
124
121
117
128
140
150
156
154
156
148
145
151
138
125
118
104
104
86
70
77
75
81
87
108
100
104
122
101
71
58
59
55
46
62
85
97
108
116
115
92
109
130
137
144
139
139
157
170
185
179
174
220
251
274
315
354
400
437
455
478
523
552
568
595
626
669
699
724
744
754
771
793
817
838
829
826
817
819
797
772
772
753
742
716
703
714
722
724
725
743
754
746
719
675
648
632
603
570
520
473
439
428
409
402
396
376
364
357
342
317
312
310
291
259
249
242
232
251
265
270
264
244
243
254
244
249
249
221
195
182
176
167
149
133
124
100
87
65
65
75
63
60
52
62
56
26
12
1
13
16
29
39
35
23
29
23
25
51
47
10
-7
-14
-3
0
-1
2
9
-4
2
0
-13
-17
-18
-15
-10
-3
4
-21
-36
-31
-31
-30
-20
-22
-23
-8
1
-2
5
-4
-4
-7
-9
-7
-6
-1
-12
-4
-2
-15
-16
-15
-25
-18
-10
-6
11
16
17
11
6
5
16
32
14
3
-1
-20
-44
-52
-53
-59
-61
-52
-41
-21
2
-2
-11
-21
-20
-24
-11
-10
-22
-33
-37
-28
-30
-36
-43
-53
-42
-29
-11
-23
-25
-11
-9
-2
-20
-45
-45
-42
-52
-60
-55
-57
-51
-52
-58
-51
-42
-48
-41
-45
-33
-23
-26
-25
-31
-45
-42
-36
-25
-39
-57
-60
-64
-64
-75
-87
-89
-83
-72
-58
-36
-20
-3
6
-13
-24
-28
-41
-49
-64
-71
-86
-115
-116
-103
-92
-91
-79
-76
-69
-52
-51
-51
-44
-43
-37
-27
-10
-22
-45
-51
-42
-29
-39
-65
-67
-54
-61
-76
-68
-59
-57
-47
-44
-40
-30
-28
-35
-31
-18
-22
-45
-64
-71
-87
-94
-105
-96
-101
-100
-91
-87
-94
-97
-89
-83
-87
-94
-107
-93
-83
-63
-66
-73
-78
-95
-93
-90
-94
-93
-104
-117
-121
-103
-80
-73
-78
-77
-62
-56
-65
-77
-70
-60
-61
-55
-44
-53
-67
-65
-72
-70
-72
-75
-54
-44
-51
-43
-36
-29
-23
-6
-5
-21
-8
-8
-7
-5
-21
-32
-29
-30
-40
-45
-38
-48
-49
-42
-21
-16
-23
-40
-46
-41
-33
-28
-38
-42
-35
-40
-56
-72
-61
-61
-86
-78
-67
-65
-63
-56
-36
-19
-13
-14
-29
-42
-51
-67
-79
-105
-107
-93
-83
-67
-61
-50
-49
-48
-55
-60
-57
-69
-67
-67
-83
-75
-71
-65
-59
-53
-70
-90
-92
-79
-75
-49
-39
-41
-64
-73
-72
-64
-66
-92
-111
-99
-92
-82
-75
-76
-83
-81
-73
-69
-70
-68
-56
-38
-28
-34
-35
-40
-37
-50
-56
-51
-57
-45
-43
-35
-27
-23
-24
-24
-15
-5
0
-10
-41
-59
-60
-43
-44
-53
-45
-43
-44
-45
-48
-53
-64
-61
-65
-60
-80
-87
-75
-80
-97
-94
-93
-113
-111
-101
-96
-100
-96
-92
-80
-91
-84
-64
-63
-82
-90
-87
-99
-125
-138
-133
-123
-97
-107
-103
-113
-126
-127
-124
-119
-109
-89
-78
-73
-70
-77
-67
-76
-104
-103
-124
-126
-128
-120
-121
-134
-117
-116
-130
-128
-116
-110
-122
-138
-145
-161
-173
-175
-161
-148
-138
-144
-138
-133
-126
-115
-91
-95
-117
-126
-140
-148
-177
-201
-208
-234
-242
-253
-260
-265
-265
-268
-288
-290
-309
-333
-352
-385
-404
-419
-444
-471
-525
-572
-591
-586
-549
-500
-433
-388
-358
-330
-316
-336
-361
-387
-428
-448
-453
-450
-432
-422
-389
-353
-313
-271
-237
-208
-137
-58
9
70
93
128
164
203
233
259
262
241
218
199
191
179
165
170
179
174
172
189
194
175
176
180
177
162
148
136
132
115
103
83
73
73
76
90
100
102
100
120
135
149
181
212
229
243
264
239
215
215
196
181
170
174
183
198
191
207
220
226
234
247
270
266
252
243
236
233
237
235
220
216
204
186
178
158
152
154
167
170
171
184
161
153
172
175
163
145
125
107
89
85
81
57
46
39
23
24
45
35
31
24
23
26
18
13
15
15
20
21
35
21
6
7
23
4
-18
-8
1
-4
3
9
-7
5
6
3
-9
-12
1
4
4
-2
3
18
4
-3
-8
-19
-22
-31
-21
-7
1
3
-5
-12
-6
6
-12
-22
-19
-8
8
26
17
10
17
17
9
7
1
11
-9
-22
-24
-16
-7
15
24
19
13
14
32
32
18
8
22
55
50
40
16
8
20
-1
-18
-23
-19
-13
-21
-29
-34
-22
-8
-17
-10
-17
-2
9
12
15
13
15
-15
-26
-30
-43
-40
-42
-35
-35
-51
-38
-22
-30
-34
-11
2
5
-2
-12
-16
-24
-24
-16
-14
-24
-47
-56
-64
-71
-50
-29
-22
-13
-21
-28
-8
10
13
2
3
-1
-43
-50
-52
-57
-63
-67
-58
-62
-58
-49
-42
-26
-34
-35
-26
-29
-26
-34
-37
-24
-6
-9
-39
-46
-51
-46
-41
-43
-30
-33
-20
6
17
17
8
0
-28
-29
-28
-51
-82
-83
-59
-51
-44
-40
-49
-60
-61
-60
-47
-39
-36
-33
-41
-39
-44
-45
-26
-20
-33
-53
-54
-50
-50
-42
-48
-39
-17
-20
-22
-25
-29
-33
-31
-20
-33
-34
-28
-46
-67
-74
-67
-53
-43
-38
-17
-2
-3
-34
-62
-60
-38
-28
-42
-58
-83
-89
-84
-77
-69
-49
-30
-24
-23
-31
-38
-34
-24
-23
-33
-26
-11
-11
0
-15
-30
-40
-46
-40
-61
-63
-62
-69
-55
-45
-32
-21
-24
-23
-12
-3
-8
-19
-33
-31
-40
-60
-59
-56
-43
-42
-37
-56
-69
-61
-41
-44
-66
-64
-49
-34
-27
-34
-29
-38
-38
-58
-54
-38
-51
-68
-72
-63
-53
-41
-31
-24
-31
-32
-46
-37
-25
-19
-26
-32
-30
-28
-21
-22
-31
-45
-51
-56
-77
-79
-57
-68
-70
-60
-31
-19
-19
-10
-9
-9
-21
-23
-11
-19
-32
-50
-57
-67
-68
-66
-71
-67
-61
-61
-35
-27
-34
-32
-31
-26
-43
-43
-34
-32
-21
-41
-56
-57
-62
-44
-35
-35
-26
-24
-15
-1
6
13
14
22
18
7
-7
-21
-46
-62
-48
-47
-52
-51
-62
-78
-72
-58
-61
-68
-72
-64
-58
-38
-38
-26
-29
-33
-27
-40
-43
-54
-69
-65
-74
-78
-81
-85
-78
-58
-39
-30
-10
-10
-8
-2
13
21
18
19
10
-12
-18
-34
-37
-63
-57
-48
-57
-48
-46
-32
-20
-15
-10
-10
-8
3
8
-5
-30
-52
-77
-102
-115
-111
-93
-91
-91
-85
-76
-90
-108
-114
-109
-79
-66
-81
-116
-123
-126
-124
-133
-177
-196
-185
-164
-177
-179
-160
-157
-143
-127
-115
-117
-108
-90
-80
-59
-44
-45
-53
-67
-68
-74
-67
-53
-53
-66
-70
-84
-87
-89
-76
-54
-15
42
83
156
250
350
462
561
647
731
827
895
871
781
691
663
698
741
770
836
930
1042
1227
1489
1815
2236
2619
2952
3418
4078
5009
6171
7732
9704
11869
14058
16059
17595
18233
17153
13952
9051
3022
-3691
-10618
-16699
-20564
-22168
-22360
-22096
-21485
-20248
-18392
-16104
-13359
-10297
-7207
-4423
-2181
-456
848
1754
2334
2696
2887
2944
2932
2856
2723
2544
2329
2083
1855
1646
1460
1277
1102
940
794
678
575
493
411
327
262
225
177
107
51
39
27
0
-46
-86
-113
-154
-173
-211
-242
-255
-263
-265
-269
-272
-277
-279
-280
-294
-268
-244
-250
-258
-238
-225
-210
-191
-172
-149
-114
-71
-37
-5
6
15
50
72
77
74
89
113
107
112
105
95
70
59
63
72
76
71
64
61
66
77
56
50
50
37
43
28
21
34
65
92
95
84
65
53
54
70
88
94
79
51
29
39
61
73
76
84
88
95
99
95
95
111
123
126
116
109
104
84
76
88
79
49
24
8
9
1
-11
-32
-49
-83
-114
-146
-199
-243
-313
-396
-467
-537
-595
-671
-747
-811
-888
-969
-1047
-1139
-1227
-1303
-1370
-1441
-1526
-1600
-1667
-1753
-1856
-1978
-2092
-2178
-2226
-2279
-2332
-2387
-2432
-2476
-2503
-2513
-2533
-2551
-2563
-2599
-2604
-2589
-2565
-2542
-2525
-2526
-2499
-2476
-2457
-2411
-2292
-2167
-2047
-1899
-1777
-1640
-1481
-1311
-1094
-839
-576
-273
81
465
890
1348
1769
2212
2680
3104
3428
3551
3496
3405
3358
3432
3576
3696
3778
3862
3864
3719
3522
3420
3413
3345
3084
2664
2250
1799
1205
712
494
541
789
1095
1433
1808
2185
2482
2631
2647
2522
2349
2138
1902
1621
1304
1003
723
473
257
73
-100
-247
-371
-448
-496
-533
-550
-560
-561
-539
-512
-494
-502
-518
-526
-521
-504
-493
-486
-462
-445
-407
-347
-317
-282
-243
-229
-223
-204
-168
-139
-136
-139
-133
-123
-77
-30
4
43
48
55
74
86
78
69
95
105
115
130
129
140
125
106
97
63
36
4
-13
-19
-30
-45
-58
-66
-79
-95
-98
-111
-112
-111
-110
-101
-91
-80
-74
-87
-93
-85
-78
-83
-102
-108
-108
-110
-114
-112
-110
-112
-103
-94
-101
-93
-79
-90
-94
-109
-136
-149
-130
-125
-130
-139
-159
-163
-180
-186
-187
-174
-184
-168
-150
-145
-150
-165
-168
-158
-162
-165
-159
-170
-177
-191
-187
-187
-190
-202
-224
-219
-198
-173
-172
-163
-152
-142
-129
-118
-119
-126
-130
-124
-130
-121
-113
-132
-134
-126
-114
-102
-89
-69
-63
-77
-71
-45
-29
-23
-25
-14
-11
-17
-24
-15
-17
-30
-35
-41
-28
-19
-21
-20
-24
-15
-2
0
-7
-20
-20
-28
-46
-55
-66
-76
-103
-112
-108
-108
-109
-130
-147
-150
-156
-179
-174
-160
-154
-171
-171
-159
-161
-156
-156
-130
-118
-122
-138
-140
-122
-118
-124
-124
-130
-137
-134
-119
-121
-120
-126
-145
-140
-123
-112
-102
-98
-97
-95
-77
-77
-92
-111
-118
-115
-136
-172
-183
-198
-213
-227
-227
-251
-274
-278
-302
-313
-340
-357
-367
-376
-392
-426
-451
-474
-506
-535
-522
-534
-558
-553
-522
-463
-411
-354
-317
-278
-248
-209
-184
-151
-131
-118
-105
-83
-81
-82
-83
-69
-45
-24
6
17
31
50
59
66
79
92
112
132
154
159
151
152
149
135
112
105
90
78
60
46
48
17
-2
-22
-33
-27
-38
-43
-43
-53
-55
-56
-52
-55
-45
-43
-54
-36
-25
-38
-41
-38
-23
-23
-26
-31
-11
7
13
15
41
57
64
57
45
50
41
43
36
49
51
36
38
46
66
81
85
69
72
99
128
136
126
113
119
108
96
91
91
97
92
77
77
92
106
125
160
174
187
204
214
213
220
223
246
269
295
298
287
298
275
280
301
317
351
388
422
422
431
453
463
476
488
505
528
552
570
571
593
582
559
549
547
545
520
506
511
513
523
512
501
493
474
463
469
495
496
467
448
441
444
419
419
438
443
437
430
420
424
425
429
435
428
445
441
439
442
451
481
478
462
468
476
500
497
495
505
510
509
496
492
485
487
496
493
493
499
502
480
474
480
498
513
511
511
503
481
462
452
441
432
418
406
413
419
434
431
444
451
445
432
421
427
442
441
434
433
430
423
408
387
377
396
414
423
424
430
424
399
397
404
400
389
385
371
340
323
332
321
326
308
299
297
304
310
298
285
278
277
254
243
240
226
227
225
221
219
211
199
186
166
156
147
132
114
114
123
97
70
79
93
94
86
84
90
93
97
100
97
84
80
78
58
52
56
57
53
55
66
65
63
58
36
47
47
38
42
26
20
5
-1
-14
-19
-20
-22
-17
-17
-36
-63
-72
-61
-36
-39
-52
-63
-68
-68
-81
-76
-62
-55
-44
-39
-37
-65
-75
-81
-89
-74
-65
-71
-80
-82
-68
-70
-49
-45
-36
-34
-40
-40
-52
-50
-51
-51
-47
-52
-47
-64
-70
-61
-57
-62
-63
-58
-55
-50
-36
-19
-9
-22
-26
-25
-39
-58
-68
-73
-81
-77
-75
-79
-91
-96
-92
-93
-79
-64
-54
-55
-49
-37
-33
-24
-17
-26
-41
-57
-53
-61
-61
-54
-68
-88
-98
-81
-76
-62
-67
-55
-40
-46
-30
-18
-8
-11
-31
-61
-78
-55
-45
-62
-63
-59
-69
-65
-61
-49
-37
-14
-18
-18
-31
-52
-61
-45
-64
-89
-102
-103
-80
-60
-48
-45
-28
-12
-14
-5
-11
-8
-16
-24
-35
-42
-24
-30
-52
-72
-65
-44
-48
-63
-73
-72
-57
-64
-65
-57
-47
-34
-38
-29
-38
-51
-61
-71
-83
-78
-67
-85
-107
-115
-121
-113
-106
-91
-68
-59
-65
-59
-38
-39
-50
-50
-44
-43
-47
-60
-66
-59
-74
-79
-73
-65
-73
-72
-72
-73
-58
-38
-16
-14
-33
-47
-46
-43
-34
-27
-42
-79
-92
-85
-66
-41
-41
-28
-14
-26
-30
-40
-22
-15
-12
-13
-27
-31
-40
-40
-19
-16
-42
-59
-57
-63
-69
-79
-78
-61
-46
-41
-27
-24
-12
-11
-25
-29
-29
-27
-53
-86
-90
-96
-86
-82
-79
-79
-86
-72
-63
-49
-60
-65
-33
-26
-27
-29
-38
-57
-60
-35
-52
-60
-44
-56
-53
-70
-73
-61
-50
-45
-37
-31
-31
-32
-37
-27
-26
-16
-34
-61
-57
-55
-54
-76
-75
-42
-30
-35
-34
-16
-16
-8
-4
-24
-36
-37
-33
-35
-18
-4
-21
-37
-65
-69
-60
-60
-52
-46
-37
-45
-44
-34
-37
-32
-32
-37
-34
-41
-70
-96
-108
-103
-113
-106
-107
-108
-109
-109
-107
-112
-106
-102
-111
-98
-98
-94
-82
-89
-75
-64
-69
-94
-111
-131
-143
-147
-129
-118
-106
-95
-69
-46
-46
-49
-49
-44
-32
-21
-19
-33
-24
-28
-42
-49
-58
-66
-73
-87
-77
-68
-65
-65
-52
-46
-45
-43
-59
-74
-88
-87
-82
-104
-124
-140
-145
-170
-189
-178
-171
-166
-170
-209
-231
-221
-224
-222
-246
-272
-300
-327
-329
-322
-335
-348
-358
-350
-353
-370
-378
-373
-360
-371
-389
-415
-435
-437
-434
-436
-443
-434
-425
-434
-437
-441
-415
-421
-425
-417
-394
-358
-321
-301
-283
-262
-248
-247
-229
-227
-230
-231
-226
-208
-179
-157
-144
-119
-75
-37
-9
9
15
35
51
76
91
81
72
56
35
42
32
25
30
41
56
66
78
89
114
119
128
127
111
102
64
38
22
15
6
-23
-39
-47
-34
-18
-9
4
5
17
52
70
110
137
169
198
191
179
164
138
114
85
78
79
79
90
93
78
52
39
54
57
52
39
32
45
35
20
25
45
52
28
24
32
40
27
12
18
18
26
36
31
23
23
50
51
38
33
20
12
7
23
32
20
40
36
26
20
23
23
32
44
36
32
31
23
21
28
39
47
44
32
20
16
41
47
23
16
34
63
59
50
38
41
55
62
67
59
64
69
70
76
50
43
38
18
24
20
26
45
51
49
54
65
59
69
68
63
51
34
26
22
16
3
15
23
28
29
22
30
50
46
46
52
56
63
60
53
38
22
15
20
28
30
24
40
37
41
63
61
50
47
55
78
79
65
51
43
32
16
-6
-23
-14
-7
-10
-5
-8
0
6
17
19
3
3
6
7
9
3
-2
3
-10
-20
-15
-12
-8
-1
3
2
-8
-21
-9
-6
6
16
16
17
10
2
-10
-30
-41
-42
-51
-55
-62
-56
-43
-29
-22
-23
-19
-20
-16
-4
-1
7
2
12
14
1
-12
-29
-21
-13
-15
-26
-35
-41
-46
-38
-38
-32
-5
10
21
3
-11
-9
-5
1
-4
-27
-55
-62
-54
-39
-35
-28
-27
-29
-30
-12
-15
-15
-7
15
15
9
7
14
3
-8
1
-5
-20
-31
-39
-35
-37
-29
-35
-41
-39
-27
1
-3
6
15
22
5
-10
-18
-40
-48
-54
-51
-45
-51
-49
-67
-76
-54
-36
-35
-49
-54
-47
-48
-34
-33
-42
-32
-11
8
7
-6
-6
-8
-21
-32
-28
-26
-28
-36
-25
-11
-5
-9
-6
-6
-9
7
-6
0
16
26
20
-6
-8
-8
-17
-19
-26
-25
-41
-48
-67
-73
-57
-49
-41
-33
-18
-20
-31
-23
-12
0
-14
-37
-34
-21
-16
-24
-47
-55
-51
-56
-65
-45
-20
-26
-32
-29
-13
17
9
3
13
14
25
10
-1
-4
-20
-21
-16
-13
-12
-15
-9
-24
-14
-22
-32
-46
-63
-60
-47
