0
-9
-26
-23
-17
-21
-12
16
26
16
18
25
30
30
27
9
-18
-16
-17
-30
-31
-43
-47
-59
-69
-55
-66
-67
-50
-31
-16
-3
-1
7
16
31
42
27
-6
-23
-27
-51
-47
-45
-57
-56
-60
-67
-82
-81
-50
-36
-50
-58
-67
-80
-93
-69
-70
-81
-93
-118
-137
-149
-160
-162
-146
-131
-127
-116
-99
-82
-81
-84
-86
-92
-81
-64
-50
-49
-63
-58
-65
-67
-54
-43
-33
-37
-34
-23
-11
2
18
56
105
162
254
348
446
567
688
790
886
960
1026
1079
1127
1136
1103
1078
1071
1094
1119
1142
1193
1310
1479
1666
1906
2244
2626
2995
3299
3654
4118
4710
5523
6501
7889
9644
11587
13385
14672
15317
15048
13313
10110
5972
1656
-2932
-8770
-14709
-18765
-20846
-21475
-20557
-18163
-14983
-11867
-9431
-7867
-7000
-6234
-5242
-4241
-3259
-2197
-1236
-469
109
551
891
1156
1331
1422
1454
1425
1353
1285
1200
1106
996
916
845
768
699
612
549
480
402
333
270
220
168
99
23
-42
-79
-113
-154
-214
-267
-301
-351
-410
-433
-454
-471
-485
-497
-509
-542
-562
-554
-520
-501
-490
-469
-463
-443
-409
-377
-337
-303
-281
-279
-259
-228
-204
-180
-168
-146
-122
-88
-68
-74
-71
-72
-82
-95
-129
-133
-134
-150
-150
-135
-125
-135
-155
-154
-141
-128
-121
-112
-108
-117
-109
-91
-92
-101
-89
-82
-96
-121
-124
-131
-121
-121
-97
-71
-69
-63
-57
-49
-46
-52
-50
-45
-58
-82
-85
-84
-101
-101
-116
-116
-113
-133
-138
-152
-167
-184
-210
-221
-257
-282
-307
-344
-398
-440
-481
-529
-584
-634
-715
-780
-835
-879
-931
-1001
-1072
-1145
-1213
-1284
-1349
-1400
-1460
-1533
-1599
-1669
-1750
-1832
-1901
-1960
-2010
-2045
-2074
-2113
-2152
-2188
-2215
-2258
-2302
-2334
-2354
-2386
-2414
-2440
-2485
-2509
-2494
-2490
-2466
-2460
-2456
-2453
-2427
-2379
-2328
-2253
-2177
-2090
-1971
-1851
-1744
-1629
-1484
-1273
-988
-689
-372
-63
230
518
817
1112
1356
1515
1566
1559
1542
1570
1683
1860
1945
1996
2062
2087
2111
2220
2381
2522
2583
2530
2386
2198
1928
1692
1681
1851
2030
2133
2195
2244
2384
2626
2931
3138
3181
3125
2993
2793
2542
2261
1954
1669
1400
1112
840
591
393
256
141
52
8
-25
-39
-58
-77
-77
-60
-49
-49
-46
-32
-11
30
70
102
123
132
114
116
120
102
101
103
106
113
124
142
161
184
200
217
251
252
229
240
249
260
267
262
257
257
264
242
227
234
222
207
175
146
135
101
76
69
52
50
45
40
19
6
2
-14
-14
-5
0
20
24
29
35
53
51
48
65
71
66
63
72
79
76
82
74
76
69
71
88
83
79
79
69
54
43
43
52
48
44
47
68
55
41
60
57
60
39
48
62
48
52
39
56
73
66
60
70
79
83
84
100
98
99
105
114
113
125
131
147
145
131
124
132
136
132
127
107
101
107
100
89
86
84
73
70
47
33
44
51
67
70
58
39
21
22
19
37
35
12
-4
-24
-26
-35
-55
-61
-67
-68
-64
-48
-48
-41
-35
-34
-20
-15
-27
-45
-40
-37
-25
0
9
10
-11
-22
-35
-45
-56
-40
-12
-5
10
15
17
33
35
43
65
43
25
4
-10
-24
-32
-36
-45
-35
-28
-24
-22
-8
8
6
-4
-8
-13
-15
-22
-12
2
-5
-6
-10
6
-1
3
33
41
39
26
22
20
6
12
13
25
56
64
70
65
46
30
33
30
21
22
25
28
29
18
25
32
40
62
80
81
54
60
61
40
52
55
60
59
54
60
56
54
32
33
64
71
66
75
78
80
89
94
84
82
77
74
62
50
49
58
71
77
66
77
85
64
69
82
82
68
33
22
24
29
33
36
40
44
56
59
69
68
58
54
34
36
43
40
44
40
45
40
36
34
19
12
17
18
39
60
73
58
59
64
53
41
21
12
4
-7
-25
-41
-47
-42
-47
-47
-43
-45
-40
-40
-38
-26
-16
2
0
12
23
40
48
20
17
22
-2
-30
-47
-62
-71
-57
-56
-51
-52
-58
-42
-32
-24
-16
-4
-11
-31
-27
-33
-43
-47
-64
-70
-84
-82
-78
-96
-88
-84
-85
-98
-98
-91
-80
-81
-73
-83
-77
-59
-37
-19
-20
-43
-39
-35
-37
-32
-35
-47
-58
-58
-75
-71
-51
-33
-21
-20
-21
-26
-2
45
74
106
120
138
158
170
172
180
220
273
353
458
564
684
810
911
1000
1071
1119
1145
1163
1169
1162
1145
1132
1117
1099
1069
1041
999
961
939
922
902
873
872
855
836
819
800
792
773
736
700
666
645
588
528
497
449
410
386
352
328
293
268
239
243
253
258
253
245
262
274
264
268
288
319
326
325
333
363
378
369
364
358
355
351
359
356
338
313
299
296
288
289
275
249
204
181
193
183
179
158
143
117
116
132
137
136
139
138
143
129
130
132
112
112
110
109
104
92
81
96
112
101
93
95
102
106
109
106
113
123
118
92
86
85
72
49
28
26
30
31
33
29
46
56
57
53
50
55
57
59
60
64
72
72
58
40
23
24
20
42
55
63
53
27
35
57
58
67
64
64
54
55
52
19
8
7
17
4
-15
-12
-1
10
15
30
31
11
8
14
25
15
3
10
17
16
8
-7
1
2
2
2
-16
-16
-6
-10
0
1
9
16
22
24
30
39
14
8
-3
-9
0
-13
-15
-20
-25
-29
-27
-18
-19
-16
-4
11
26
15
4
10
1
2
-2
-7
-26
-38
-51
-66
-59
-55
-74
-96
-83
-64
-39
-21
-17
-18
-15
-19
-16
-20
-22
-25
-34
-39
-39
-37
-29
-36
-44
-25
-19
-19
-24
-26
-35
-31
-18
-24
-21
-26
-40
-39
-39
-32
-25
-34
-21
-30
-24
-47
-48
-26
-24
-18
-31
-33
-27
-39
-44
-33
-12
-9
-23
-20
-8
-3
-13
-22
-26
-37
-47
-52
-51
-49
-51
-34
-17
-14
-13
-7
-8
-12
-10
0
-10
-3
-10
-34
-47
-65
-66
-72
-66
-46
-48
-30
-18
-24
-24
-29
-35
-40
-35
-52
-65
-72
-91
-91
-93
-82
-67
-53
-64
-73
-59
-58
-66
-54
-47
-38
-32
-21
-27
-38
-54
-56
-49
-33
-40
-75
-87
-76
-61
-41
-30
-23
-11
-13
0
10
7
-3
11
21
22
5
-3
10
7
6
-14
-30
-42
-53
-44
-46
-44
-50
-41
-26
-29
-6
-8
-4
8
3
0
-8
-34
-46
-35
-32
-64
-80
-79
-74
-57
-69
-84
-89
-89
-83
-55
-33
-18
-7
-6
-8
-4
-6
-22
-22
-24
-29
-30
-46
-67
-63
-34
-43
-52
-45
-55
-49
-41
-28
-23
-19
-23
-59
-46
-44
-50
-45
-60
-65
-61
-62
-62
-76
-82
-91
-86
-79
-70
-53
-51
-48
-28
-2
-4
-22
-21
-34
-47
-68
-73
-73
-72
-73
-64
-48
-39
-37
-34
-34
-22
-6
-1
-10
-11
-29
-20
-8
-19
-31
-47
-47
-54
-65
-79
-92
-95
-106
-109
-83
-55
-44
-47
-16
-7
-19
-15
-2
-4
-14
-6
6
-11
-19
-29
-35
-48
-78
-88
-82
-56
-44
-34
-22
-15
-4
17
28
37
37
31
23
14
10
15
18
19
0
-16
-30
-36
-28
-22
-22
-41
-43
-49
-60
-63
-70
-59
-69
-88
-111
-133
-127
-138
-143
-148
-166
-187
-202
-190
-214
-226
-204
-203
-199
-195
-183
-177
-174
-161
-154
-133
-114
-93
-74
-56
-29
-12
11
22
28
19
14
-7
-24
-50
-62
-75
-78
-70
-63
-56
-53
-57
-47
-41
-61
-83
-93
-100
-112
-101
-93
-78
-80
-105
-110
-118
-135
-160
-180
-189
-198
-209
-236
-254
-263
-268
-271
-271
-265
-267
-267
-267
-261
-230
-222
-225
-225
-203
-178
-161
-150
-139
-128
-112
-76
-39
-10
1
1
7
4
5
-13
-32
-54
-81
-97
-93
-64
-25
-5
26
59
96
113
123
155
178
210
222
223
235
254
267
271
289
282
251
243
200
160
125
113
82
27
11
4
-19
-36
-44
-30
-19
-3
-8
7
23
23
39
52
34
29
43
37
36
33
20
9
1
-2
-7
3
3
8
18
4
5
3
2
14
22
19
12
28
25
10
18
4
0
-25
-27
-30
-24
-16
-14
-3
-3
-5
7
4
15
15
18
24
29
26
22
17
32
43
30
21
13
-1
-12
-17
-16
-14
-19
-16
-12
-7
5
17
29
48
53
46
33
21
17
13
3
-3
-13
-18
-24
-31
-39
-30
-35
-30
-5
-1
7
19
32
41
42
60
58
59
52
38
34
27
25
24
17
20
8
7
7
-5
-8
-5
16
35
46
48
42
47
49
47
41
32
19
2
-25
-39
-26
-5
14
17
25
14
4
5
15
41
52
54
45
17
6
-12
-13
2
-18
-30
-30
-18
-37
-49
-38
-30
-18
-18
-22
-45
-33
-4
19
25
7
-7
0
-11
-26
-50
-55
-44
-51
-45
-49
-67
-64
-46
-38
-21
-6
-10
-22
-11
-9
-16
-25
-39
-38
-28
-26
-30
-41
-30
-34
-53
-51
-41
-34
-33
-28
-21
-23
-32
-45
-28
-22
-32
-43
-39
-29
-37
-44
-46
-45
-54
-79
-66
-43
-34
-33
-34
-25
-35
-40
-31
-36
-35
-22
-12
-19
-35
-46
-42
-37
-31
-38
-56
-84
-85
-84
-70
-42
-36
-28
-12
-14
-11
0
-3
-11
-24
-20
-37
-41
-34
-56
-77
-61
-25
-27
-31
-32
-40
-33
-20
-6
-6
4
9
3
4
-6
-22
-39
-39
-39
-50
-73
-72
-64
-55
-59
-49
-29
-18
-17
-25
-25
-22
-36
-44
-45
-46
-35
-45
-47
-55
-53
-34
-37
-33
-33
-30
-24
-35
-33
-27
-5
13
2
-7
-27
-47
-70
-85
-83
-69
-64
-52
-34
-18
-5
8
0
-2
-16
-20
-19
-26
-31
-39
-43
-39
-42
-60
-69
-67
-40
-15
-5
-13
-29
-32
-38
-45
-53
-53
-49
-49
-45
-49
-60
-43
-27
-15
-18
-21
-11
-25
-24
-37
-36
-39
-54
-52
-51
-47
-43
-42
-45
-59
-43
-30
-1
9
7
5
3
16
14
-14
-33
-48
-69
-93
-99
-85
-73
-66
-55
-45
-43
-42
-30
-29
-36
-33
-34
-41
-48
-41
-26
-16
-14
-20
-19
-13
-12
-25
-46
-40
-24
-24
-16
-26
-23
-15
4
17
7
9
10
7
4
-2
4
2
-22
-40
-61
-67
-79
-87
-96
-99
-76
-59
-48
-57
-45
-48
-48
-50
-61
-74
-84
-99
-107
-108
-125
-139
-119
-116
-128
-135
-138
-140
-114
-99
-106
-97
-102
-119
-123
-125
-117
-117
-100
-88
-101
-100
-107
-107
-110
-91
-69
-70
-79
-84
-68
-63
-52
-24
10
64
154
255
374
483
620
754
882
979
1088
1216
1300
1352
1392
1392
1370
1357
1363
1389
1423
1466
1563
1727
1928
2186
2540
2898
3196
3476
3906
4446
5173
6135
7322
8934
10881
12932
14657
15730
15970
14929
12331
8412
3974
-448
-5689
-11998
-17356
-20532
-21990
-22017
-20382
-17420
-14005
-10981
-8846
-7581
-6822
-5911
-4825
-3856
-2812
-1717
-805
-107
436
868
1194
1416
1543
1577
1566
1523
1451
1358
1261
1162
1044
946
880
804
714
631
547
485
419
348
290
238
175
114
69
-7
-74
-101
-165
-239
-298
-336
-386
-448
-482
-519
-557
-603
-655
-676
-694
-693
-694
-686
-673
-671
-670
-644
-598
-545
-501
-452
-418
-380
-339
-319
-298
-267
-234
-209
-188
-151
-132
-128
-130
-145
-133
-127
-123
-125
-135
-137
-153
-173
-165
-160
-148
-130
-113
-112
-121
-117
-106
-77
-61
-60
-61
-69
-62
-59
-33
-35
-59
-58
-64
-62
-55
-77
-74
-68
-54
-27
-22
-30
-40
-35
-25
-20
-39
-58
-65
-103
-138
-141
-133
-142
-164
-182
-206
-235
-243
-255
-273
-301
-333
-357
-410
-470
-517
-571
-626
-672
-728
-765
-821
-867
-925
-1006
-1099
-1173
-1224
-1283
-1340
-1411
-1482
-1574
-1668
-1733
-1829
-1905
-1956
-2011
-2051
-2103
-2136
-2164
-2184
-2203
-2233
-2249
-2281
-2324
-2345
-2376
-2400
-2420
-2448
-2442
-2404
-2371
-2361
-2358
-2347
-2305
-2251
-2196
-2124
-2048
-1987
-1927
-1829
-1726
-1610
-1460
-1270
-1034
-738
-423
-95
202
476
760
1051
1345
1581
1686
1691
1653
1637
1715
1881
2034
2097
2168
2208
2213
2251
2376
2533
2614
2585
2445
2260
2005
1684
1537
1618
1778
1912
1998
2058
2166
2368
2648
2892
2967
2922
2810
2642
2414
2159
1867
1566
1302
1062
805
581
421
304
190
91
46
22
0
-18
-31
-28
-32
-46
-72
-82
-79
-71
-33
-3
23
41
44
33
37
29
37
46
55
55
51
64
97
119
126
148
188
223
228
236
261
284
305
321
334
348
362
376
377
375
356
327
309
293
289
282
261
237
210
187
182
157
133
114
91
72
51
64
72
67
55
72
103
93
88
92
95
113
112
126
130
141
153
153
155
146
148
151
146
141
137
135
135
123
128
136
139
111
106
96
84
75
64
59
61
53
51
43
24
0
-6
23
38
32
34
34
35
15
2
0
1
24
40
44
31
26
50
79
103
111
122
134
119
123
123
132
148
138
149
140
142
155
165
170
160
155
170
168
152
143
134
128
107
94
95
101
91
108
102
98
96
91
83
84
83
70
57
33
19
20
17
3
-16
-23
-29
-25
-12
-10
-3
9
27
30
37
40
31
40
33
21
-2
-2
6
-13
-12
-7
-4
-8
-12
3
-6
-2
3
2
9
19
16
27
25
23
6
-3
-18
-32
-46
-42
-19
10
15
24
31
31
30
35
35
32
36
38
25
18
20
31
32
37
53
55
72
58
47
43
46
58
86
93
77
64
58
41
33
18
29
60
60
56
53
76
81
81
80
74
53
37
42
51
48
42
48
46
53
56
57
57
37
37
48
55
60
74
69
51
30
29
37
45
51
54
56
43
40
47
56
43
34
21
6
14
26
38
38
26
34
25
16
4
1
21
24
14
4
-2
8
0
1
3
16
25
18
4
2
-10
-37
-55
-57
-60
-61
-42
-36
-21
-32
-36
-15
-7
-8
-19
-40
-42
-46
-42
-19
-9
-25
-30
-12
-15
-10
-16
-22
-14
-19
3
17
21
27
37
52
43
37
17
3
1
-2
-1
6
5
9
1
8
16
11
20
21
24
9
-5
-20
-38
-40
-44
-51
-54
-70
-67
-74
-97
-103
-101
-91
-97
-100
-96
-90
-90
-96
-92
-101
-126
-136
-136
-152
-160
-155
-155
-157
-143
-127
-120
-92
-64
-48
-40
-24
1
33
47
69
113
146
176
216
233
272
307
344
384
407
452
502
544
582
625
665
702
758
837
887
918
966
1018
1076
1115
1145
1141
1137
1129
1090
1057
1020
988
953
931
907
878
852
823
797
800
790
796
797
775
766
750
743
730
715
703
678
649
607
592
569
541
502
479
475
461
424
393
384
369
367
364
357
321
326
319
318
321
322
324
324
320
316
304
305
309
290
278
263
268
254
237
250
242
222
206
196
184
181
170
171
171
168
177
184
168
145
132
139
153
142
132
114
103
98
76
66
69
68
51
44
47
50
43
24
18
15
35
54
52
48
35
17
24
22
12
-11
-14
-4
-3
-2
9
22
33
32
28
37
34
41
34
29
29
33
40
33
25
6
-17
-16
-42
-35
-15
-24
-27
-15
17
27
43
60
52
69
78
83
63
37
32
20
10
5
8
17
5
-11
-6
-8
-13
-23
-28
-19
-12
-6
-10
-1
11
15
18
15
4
-11
-15
-17
-36
-49
-72
-80
-64
-57
-51
-40
-28
-20
-22
-21
-19
0
10
16
19
-1
-7
-15
-20
-14
-15
-20
-48
-54
-53
-54
-47
-55
-57
-51
-45
-20
-15
-14
-19
-30
-8
17
1
-23
-46
-59
-69
-79
-74
-77
-80
-80
-73
-61
-57
-46
-37
-24
-33
-27
-14
-37
-50
-56
-28
-25
-57
-70
-77
-78
-80
-90
-88
-101
-85
-53
-37
-26
-40
-35
-26
-28
-23
-18
-44
-67
-60
-43
-38
-42
-60
-61
-52
-52
-47
-49
-56
-52
-56
-50
-46
-33
-21
-18
-12
-27
-46
-60
-72
-60
-53
-57
-53
-51
-55
-51
-47
-48
-57
-55
-47
-43
-50
-47
-58
-63
-59
-59
-56
-54
-54
-53
-58
-63
-62
-57
-57
-74
-67
-73
-88
-102
-109
-97
-79
-66
-68
-66
-61
-63
-81
-96
-89
-84
-85
-61
-61
-75
-81
-86
-72
-66
-70
-73
-97
-101
-96
-84
-53
-45
-52
-40
-24
-12
-13
-6
-4
-3
-5
-25
-19
-22
-16
-7
-9
-36
-50
-42
-34
-43
-48
-52
-46
-37
-32
-4
10
14
9
10
-6
-13
-13
-28
-60
-73
-68
-64
-69
-76
-80
-88
-92
-80
-79
-77
-68
-57
-52
-47
-35
-39
-45
-54
-43
-47
-65
-70
-78
-87
-100
-96
-79
-69
-61
-71
-78
-72
-66
-48
-47
-44
-32
-36
-38
-49
-43
-53
-70
-91
-109
-117
-109
-82
-85
-98
-97
-92
-80
-70
-51
-35
-42
-46
-31
-29
-29
-40
-61
-74
-63
-63
-58
-64
-68
-67
-50
-43
-39
-41
-44
-35
-42
-54
-78
-93
-100
-107
-88
-79
-76
-71
-85
-77
-78
-76
-60
-65
-63
-52
-54
-60
-63
-76
-72
-57
-73
-93
-117
-143
-135
-124
-142
-137
-127
-111
-87
-88
-96
-105
-90
-86
-76
-75
-98
-108
-110
-132
-148
-144
-146
-140
-123
-126
-152
-167
-184
-185
-195
-191
-160
-138
-118
-88
-61
-47
-57
-80
-99
-99
-94
-83
-69
-73
-78
-68
-67
-71
-91
-104
-117
-128
-111
-103
-99
-107
-120
-115
-98
-89
-85
-70
-51
-49
-48
-39
-40
-33
-35
-35
-59
-79
-92
-110
-110
-118
-136
-148
-160
-163
-166
-180
-183
-186
-173
-186
-182
-180
-159
-136
-139
-160
-202
-235
-281
-303
-305
-308
-295
-283
-309
-330
-352
-372
-382
-402
-406
-396
-360
-327
-292
-269
-248
-236
-227
-213
-197
-170
-168
-154
-141
-135
-123
-104
-74
-70
-77
-76
-46
-18
-10
5
16
43
53
72
107
127
141
141
147
147
127
113
107
93
73
69
91
101
118
126
133
140
158
170
187
203
210
201
193
168
153
143
128
120
113
122
116
104
92
94
106
105
89
92
117
133
139
151
173
177
175
174
155
130
124
145
148
147
147
138
119
114
125
127
123
133
161
204
215
194
196
204
197
187
198
196
183
166
146
150
152
122
99
93
115
118
117
122
129
140
139
117
99
89
78
76
91
91
84
84
72
62
85
102
109
99
87
74
64
69
79
73
66
58
66
63
56
52
37
23
10
16
24
44
63
64
73
60
50
70
55
35
28
25
26
16
16
18
1
-18
-17
3
28
44
38
23
24
42
52
40
31
25
19
31
38
18
6
1
4
14
16
16
3
11
24
44
53
35
41
57
70
55
51
50
27
30
32
27
16
2
-5
3
16
23
8
12
7
14
43
34
28
22
31
45
31
26
35
20
-4
-13
-2
-22
-56
-58
-50
-37
-38
-47
-24
0
17
11
8
14
26
25
11
11
8
-13
-36
-27
-10
-8
-15
-23
-30
-32
-25
-18
-20
-13
15
20
12
-18
-33
-25
-36
-45
-49
-60
-79
-78
-58
-54
-48
-27
-31
-45
-34
-22
-18
-21
-20
-3
14
7
-8
-5
-11
-15
-11
-26
-55
-68
-68
-59
-54
-55
-65
-65
-62
-50
-32
-23
1
3
5
15
7
-13
-48
-63
-56
-72
-75
-78
-84
-68
-63
-51
-43
-43
-56
-51
-37
-26
-3
-9
-32
-26
-17
-24
-30
-43
-43
-43
-47
-41
-21
-3
-5
-2
2
-3
-1
-17
-17
-2
7
-9
-53
-55
-44
-49
-50
-33
-17
-25
-21
-4
10
20
10
19
15
12
9
-11
-27
-38
-45
-46
-59
-68
-85
-86
-87
-84
-65
-60
-54
-43
-28
-26
-22
-25
-16
-14
-13
-37
-59
-53
-48
-41
-31
-28
-24
-28
-26
-23
-22
-24
-12
4
-8
-3
-2
7
2
2
18
3
-9
-15
-15
-27
-35
-31
-24
-18
-21
-25
-19
-52
-78
-71
-59
-44
-42
-39
-41
-36
-38
-39
-58
-85
-109
-113
-115
-133
-142
-156
-156
-143
-136
-143
-152
-157
-183
-188
-175
-166
-160
-152
-132
-129
-124
-119
-121
-114
-107
-98
-80
-80
-67
-73
-75
-81
-78
-67
-66
-69
-66
-85
-70
-52
-23
1
43
103
151
216
316
429
530
614
698
754
787
814
808
739
650
622
653
720
810
915
1034
1179
1397
1703
2086
2501
2837
3151
3595
4188
4971
5994
7362
9170
11204
13238
15101
16604
17300
16493
13785
9464
4121
-1879
-8452
-14951
-19700
-22064
-22630
-22179
-21194
-19773
-18051
-16023
-13530
-10682
-7681
-4838
-2481
-693
642
1588
2241
2652
2862
2948
2976
2934
2795
2598
2378
2144
1893
1663
1451
1273
1105
954
811
680
580
489
415
329
253
193
141
91
34
-15
-48
-76
-104
-159
-185
-206
-245
-281
-331
-360
-378
-406
-419
-428
-429
-443
-453
-456
-444
-416
-401
-393
-402
-400
-378
-365
-337
-295
-258
-238
-227
-200
-179
-177
-168
-153
-125
-106
-81
-72
-79
-72
-59
-64
-76
-79
-81
-98
-110
-125
-123
-111
-105
-103
-106
-97
-75
-86
-78
-68
-71
-69
-75
-70
-62
-38
-26
-46
-40
-37
-43
-43
-56
-62
-60
-56
-46
-25
-4
-13
-30
-19
9
10
-11
-16
-7
-7
-18
-29
-38
-43
-63
-90
-97
-106
-132
-172
-194
-211
-250
-299
-355
-404
-471
-545
-623
-685
-736
-797
-856
-936
-1005
-1082
-1168
-1255
-1339
-1410
-1477
-1545
-1613
-1680
-1746
-1845
-1969
-2096
-2194
-2258
-2333
-2409
-2459
-2499
-2531
-2581
-2604
-2617
-2656
-2686
-2715
-2720
-2721
-2742
-2760
-2746
-2711
-2691
-2684
-2665
-2607
-2519
-2422
-2313
-2187
-2055
-1927
-1793
-1640
-1466
-1246
-1022
-776
-464
-77
303
718
1121
1517
1946
2356
2723
2963
3012
2933
2846
2828
2921
3081
3191
3239
3268
3238
3112
3009
3055
3146
3087
2835
2469
2155
1732
1226
916
902
1107
1392
1657
1935
2282
2671
2995
3169
3176
3087
2922
2694
2422
2110
1802
1487
1181
913
651
433
264
134
16
-72
-117
-144
-166
-172
-159
-146
-152
-177
-212
-250
-266
-242
-216
-169
-143
-129
-120
-107
-70
-47
-19
13
33
70
91
120
141
180
210
217
243
259
284
314
325
343
347
341
348
356
363
369
353
344
333
317
307
279
251
252
247
242
225
214
196
174
153
121
103
90
85
81
71
55
42
56
68
68
49
34
44
43
59
82
89
94
113
125
115
113
99
98
115
103
102
75
49
46
47
47
47
45
38
25
19
20
21
10
13
19
26
19
2
-6
6
9
-17
-49
-48
-34
-31
-37
-48
-46
-48
-55
-65
-62
-68
-54
-66
-78
-86
-102
-99
-117
-128
-139
-132
-118
-132
-140
-136
-137
-142
-158
-167
-172
-162
-146
-149
-160
-152
-123
-86
-54
-58
-68
-53
-60
-58
-46
-44
-37
-40
-35
-8
-19
-19
-3
10
26
38
56
51
44
57
77
87
85
68
46
37
36
20
18
22
7
-2
-18
-12
-16
-19
-10
-9
1
-17
-46
-38
-38
-56
-82
-103
-102
-101
-102
-94
-89
-87
-92
-100
-114
-109
-79
-73
-89
-83
-69
-70
-74
-64
-60
-65
-77
-76
-66
-59
-78
-83
-80
-64
-62
-51
-36
-14
1
4
11
-2
-19
-21
-30
-43
-50
-45
-37
-53
-59
-71
-64
-69
-85
-70
-58
-49
-65
-52
-51
-67
-65
-81
-88
-86
-117
-112
-124
-132
-139
-150
-161
-185
-192
-183
-184
-164
-136
-113
-126
-136
-141
-149
-166
-179
-183
-175
-168
-164
-187
-217
-222
-217
-203
-204
-211
-215
-226
-194
-189
-181
-182
-194
-193
-208
-218
-233
-240
-237
-259
-250
-267
-280
-262
-245
-230
-202
-166
-158
-157
-164
-170
-169
-160
-145
-129
-135
-127
-94
-76
-82
-83
-67
-48
-36
-23
-18
-2
30
49
64
76
90
97
126
149
160
185
199
191
210
216
220
242
257
247
229
243
237
225
225
216
224
235
253
279
305
332
335
348
347
358
378
384
393
374
349
340
326
298
244
240
262
262
276
276
279
291
277
271
284
292
309
307
296
295
294
296
261
239
233
218
202
195
188
175
172
170
160
170
173
183
206
225
242
265
272
258
247
254
261
261
262
280
278
274
270
256
265
285
299
326
336
339
345
364
397
405
403
388
397
404
412
442
455
480
504
521
518
523
523
536
543
564
567
573
569
557
555
554
555
576
581
584
575
568
551
541
555
564
566
568
566
557
540
517
499
487
468
451
437
418
423
416
397
384
357
359
367
357
341
315
302
286
274
275
252
227
207
204
222
209
206
210
212
226
236
246
249
233
215
199
195
197
191
184
175
176
153
146
148
120
127
127
138
140
127
126
126
143
144
142
137
139
149
144
115
82
79
77
73
78
55
32
40
35
35
32
44
50
52
54
61
66
69
69
71
62
54
43
28
5
-13
-32
-52
-55
-50
-47
-44
-37
-26
-6
-13
-9
9
25
23
8
3
-12
-16
-3
-16
-23
-30
-35
-43
-62
-48
-40
-43
-29
-22
-19
-23
-20
-8
15
18
0
-9
-29
-42
-39
-36
-27
-34
-46
-58
-53
-52
-53
-49
-31
-25
-16
-23
-34
-23
-16
-20
-17
-18
-26
-34
-30
-33
-33
-29
-47
-54
-51
-45
-44
-41
-34
-36
-27
-27
-21
-14
-19
-5
-24
-41
-49
-56
-57
-69
-86
-94
-88
-82
-79
-75
-77
-89
-82
-59
-27
-17
-28
-46
-56
-45
-42
-51
-63
-61
-76
-78
-85
-76
-73
-72
-75
-69
-27
-22
-37
-51
-50
-34
-32
-30
-36
-51
-59
-62
-57
-67
-62
-61
-68
-87
-102
-85
-78
-70
-57
-50
-48
-64
-51
-48
-45
-26
-26
-55
-77
-74
-75
-75
-65
-66
-83
-87
-78
-76
-78
-70
-64
-57
-40
-37
-41
-45
-50
-55
-76
-79
-62
-72
-67
-85
-103
-108
-112
-100
-93
-95
-83
-74
-65
-50
-50
-63
-73
-81
-90
-93
-93
-86
-88
-93
-78
-76
-75
-103
-96
-75
-78
-89
-108
-98
-83
-67
-58
-51
-31
-35
-34
-20
-30
-43
-51
-63
-80
-74
-53
-53
-64
-51
-23
-16
-27
-33
-36
-44
-52
-38
-39
-26
-36
-44
-54
-55
-39
-43
-43
-40
-39
-38
-28
-19
-28
-27
-15
-22
-34
-40
-48
-49
-63
-76
-80
-82
-101
-97
-82
-69
-61
-54
-39
-41
-41
-43
-40
-29
-27
-39
-50
-66
-65
-63
-59
-74
-78
-84
-79
-85
-76
-58
-47
-46
-61
-63
-53
-47
-34
-47
-56
-53
-46
-47
-70
-86
-93
-85
-83
-65
-55
-47
-40
-42
-39
-29
-25
-22
-13
-23
-38
-43
-33
-41
-52
-61
-47
-52
-55
-49
-61
-58
-51
-44
-37
-39
-59
-66
-67
-71
-64
-56
-53
-51
-60
-96
-115
-98
-97
-98
-100
-98
-87
-72
-47
-56
-74
-84
-96
-89
-83
-67
-59
-46
-42
-43
-35
-39
-61
-71
-64
-68
-87
-94
-71
-62
-61
-59
-43
-15
-6
10
22
22
-6
-27
-44
-47
-64
-63
-48
-54
-45
-57
-74
-88
-103
-124
-101
-77
-74
-89
-111
-127
-146
-144
-108
-95
-90
-108
-122
-129
-133
-139
-151
-151
-125
-116
-121
-136
-129
-127
-125
-118
-139
-167
-199
-206
-173
-160
-148
-159
-159
-149
-126
-94
-90
-77
-62
-55
-61
-62
-61
-62
-63
-64
-80
-93
-120
-156
-195
-211
-205
-213
-224
-227
-217
-205
-194
-189
-180
-181
-159
-164
-171
-179
-202
-196
-190
-174
-163
-173
-164
-151
-130
-123
-122
-121
-111
-96
-95
-81
-61
-63
-64
-62
-76
-86
-97
-93
-86
-82
-98
-105
-112
-103
-106
-102
-94
-91
-95
-103
-104
-106
-94
-109
-119
-105
-111
-128
-150
-151
-131
-137
-158
-180
-174
-177
-171
-143
-143
-144
-152
-172
-167
-158
-156
-167
-171
-161
-144
-122
-123
-112
-98
-94
-84
-71
-56
-30
-14
-12
-23
-14
9
-1
-24
-23
-22
-13
-7
-11
-14
-10
0
10
10
25
34
42
54
65
64
69
85
88
86
94
97
87
84
63
42
61
66
65
63
70
79
70
69
60
59
73
78
70
56
62
42
30
38
49
54
50
54
52
36
46
53
72
85
93
84
69
53
45
59
45
17
5
19
37
56
70
81
81
66
68
75
76
87
91
91
85
95
100
86
96
76
68
54
40
52
48
53
49
38
54
61
77
87
81
82
78
81
84
84
65
45
36
26
16
13
1
-2
3
15
26
25
26
29
34
48
66
62
45
33
26
13
-3
-9
-5
-11
-20
-11
-11
-13
9
23
23
7
1
10
15
14
12
22
2
-13
-27
-31
-21
-7
-7
-12
-8
-6
4
16
8
6
3
-3
-12
-17
-19
-36
-40
-44
-53
-45
-51
-50
-53
-55
-42
-29
-21
-15
-11
8
12
15
-1
-13
-19
-17
-27
-24
-23
-22
-33
-38
-28
-22
-13
-5
14
19
13
28
26
3
-7
-14
-16
-48
-39
-35
-40
-23
-40
-60
-66
-50
-39
-43
-30
-23
-21
-4
-7
-15
-18
-18
-15
-19
-17
-19
-24
-18
-19
-24
-34
-44
-35
-31
-29
-18
-9
-2
-1
7
20
36
13
-2
-8
-29
-28
-27
-27
-23
-26
-16
-16
-23
-32
-35
-8
-10
-12
-10
-8
-16
-14
22
10
-17
-32
-49
-51
-67
-66
-34
-19
-6
-25
-33
-21
-16
-16
-22
-10
-14
-28
-46
-47
-40
-48
-53
-60
-58
-40
-43
-63
-60
-58
-45
-29
-35
-46
-38
-21
-8
-7
-2
-4
-20
-31
-27
-21
-40
-37
-34
-18
6
11
26
21
30
23
28
31
21
28
16
7
-10
-20
-40
-68
-89
-108
-113
-75
-50
-49
-48
-43
-42
-39
-28
-18
-25
-35
-40
-44
-63
-99
-103
-94
-95
-108
-116
-117
-136
-133
-115
-122
-133
-126
-86
-58
-46
-52
-60
-44
-40
-43
-58
-71
-77
-80
-63
-58
-61
-64
-63
-56
-55
-14
24
21
33
72
147
208
264
357
420
511
600
650
731
817
862
899
915
864
795
780
817
866
925
1001
1117
1268
1450
1691
2046
2438
2751
2976
3260
3655
4180
4945
5927
7292
9072
11087
13002
14498
15377
15415
14063
11230
7466
3252
-1597
-7862
-14776
-20260
-23382
-24285
-23343
-21081
-18250
-15481
-12979
-10584
-8361
-6112
-3886
-1991
-632
356
1161
1765
2199
2464
2614
2692
2680
2597
2461
2266
2070
1887
1691
1496
1310
1145
990
868
751
630
550
460
378
306
242
171
101
37
-4
-59
-108
-146
-173
-212
-267
-303
-349
-378
-393
-421
-448
-454
-469
-471
-473
-486
-479
-465
-464
-454
-440
-425
-399
-386
-369
-363
-336
-288
-257
-252
-255
-240
-224
-218
-199
-182
-161
-137
-133
-136
-123
-120
-115
-125
-134
-142
-142
-149
-176
-181
-160
-151
-137
-146
-141
-125
-103
-87
-77
-80
-90
-97
-120
-122
-106
-97
-93
-96
-99
-116
-122
-109
-111
-97
-97
-91
-78
-63
-54
-38
-26
-31
-40
-50
-64
-71
-64
-79
-81
-92
-101
-122
-148
-150
-147
-152
-163
-193
-235
-268
-295
-316
-365
-420
-486
-528
-593
-655
-689
-750
-823
-879
-942
-1011
-1101
-1167
-1234
-1306
-1383
-1452
-1522
-1605
-1695
-1782
-1861
-1941
-2006
-2067
-2136
-2175
-2199
-2236
-2263
-2303
-2332
-2358
-2377
-2400
-2452
-2499
-2521
-2540
-2570
-2569
-2555
-2522
-2523
-2505
-2482
-2456
-2405
-2361
-2287
-2229
-2160
-2052
-1930
-1803
-1678
-1537
-1347
-1096
-813
-499
-151
162
462
761
1057
1362
1589
1698
1703
1666
1663
1749
1931
2057
2113
2190
2213
2236
2314
2463
2619
2680
2642
2527
2388
2114
1803
1701
1812
2027
2205
2306
2388
2534
2803
3122
3381
3462
3421
3288
3104
2841
2544
2218
1906
1610
1318
1016
730
494
305
156
51
-22
-67
-106
-146
-161
-163
-171
-183
-191
-180
-156
-117
-86
-46
-24
-3
15
23
20
5
3
18
26
48
52
52
77
102
123
131
131
133
157
181
194
215
246
250
255
267
274
270
276
273
264
252
246
224
207
182
168
163
140
126
112
76
66
59
46
17
3
1
-7
-6
-5
-5
-16
-19
-16
9
21
20
38
44
44
75
77
87
85
90
91
84
85
67
47
33
19
0
-16
-28
-10
5
1
-9
-16
-18
-18
-2
12
15
34
43
59
56
52
54
34
30
34
42
16
-2
11
21
29
32
39
58
53
64
86
86
86
92
110
112
104
84
66
68
65
70
74
54
38
35
28
10
3
14
23
31
21
9
4
19
32
23
11
14
-12
-36
-51
-51
-42
-37
-42
-36
-34
-17
-16
-19
-19
-5
20
16
11
-6
-14
-10
-9
-3
-24
-39
-59
-68
-58
-52
-51
-46
-32
-16
0
20
29
29
25
24
27
29
18
-16
-19
-19
-10
-11
-28
-32
-24
-23
-18
-29
-39
-19
-14
-7
-9
8
12
-5
9
9
-4
-1
-22
-33
-45
-42
-15
-19
-6
-5
-13
-11
-15
-10
-8
0
6
5
1
-21
-20
-19
-27
-37
-51
-38
-28
-21
-24
-29
-38
-44
-36
-26
-12
3
-2
-12
-1
-5
-14
-19
-35
-31
-37
-36
-24
-5
8
27
35
19
7
13
21
12
-1
7
-5
-31
-41
-50
-44
-35
-32
-25
-34
-28
-43
-44
-31
-20
-16
-23
-23
-21
-18
-23
-37
-30
-33
-41
-51
-70
-71
-69
-56
-61
-62
-32
-4
3
8
13
28
25
34
29
17
1
-6
-1
6
13
3
-11
-13
-13
-14
-7
0
11
10
16
20
13
19
27
32
26
-6
-13
-26
-29
-9
-6
6
13
31
43
43
38
19
30
51
33
22
27
21
7
7
4
4
-11
-26
-15
-6
12
35
29
39
49
61
60
49
42
43
32
43
36
19
12
10
29
55
56
73
110
137
145
152
164
172
178
170
176
189
190
185
180
213
239
278
332
365
402
437
475
514
554
600
649
699
733
767
828
864
890
915
942
947
941
922
918
909
887
858
857
844
823
802
786
776
766
782
790
793
799
785
765
744
703
665
635
625
608
587
582
552
516
477
466
461
450
449
439
428
426
452
475
452
448
459
463
466
453
439
431
417
403
396
382
373
360
362
360
380
391
372
343
345
349
341
331
323
312
306
290
266
239
240
243
226
226
214
191
180
175
186
181
165
162
150
131
108
104
118
130
129
123
117
131
144
141
136
134
135
117
101
85
97
103
91
81
71
60
52
45
47
56
59
52
53
56
60
76
97
87
103
113
105
92
72
44
22
7
4
6
10
21
34
34
16
9
18
33
39
54
55
35
28
22
30
30
27
40
35
40
40
30
30
18
30
37
44
48
36
32
31
30
24
20
16
-1
-8
-18
-19
-20
-18
-2
6
15
19
18
13
15
16
3
-20
-32
-25
-19
-43
-45
-41
-45
-50
-42
-37
-24
-23
-29
-23
-25
-7
-8
-18
-39
-45
-41
-47
-49
-46
-48
-54
-53
-42
-34
-29
-21
-21
-20
-39
-42
-42
-51
-26
-36
-62
-87
-82
-68
-60
-56
-48
-34
-27
-17
-20
-21
-17
-15
-10
-25
-35
-43
-42
-39
-33
-35
-49
-59
-53
-48
-47
-48
-46
-37
-28
-12
-3
-15
-32
-30
-58
-72
-70
-70
-60
-68
-55
-55
-59
-45
-47
-62
-66
-58
-58
-46
-43
-56
-47
-50
-64
-51
-61
-61
-46
-52
-72
-71
-73
-67
-64
-64
-61
-54
-48
-39
-43
-51
-48
-46
-47
-41
-40
-29
-36
-51
-46
-59
-67
-75
-71
-64
-54
-45
-28
-9
-7
-3
5
-10
-19
-32
-33
-42
-56
-53
-68
-72
-71
-78
-91
-100
-92
-84
-91
-70
-54
-41
-37
-44
-43
-42
-43
-52
-65
-72
-66
-60
-59
-77
-99
-92
-64
-42
-54
-60
-61
-47
-37
-39
-30
-21
-27
-32
-27
-21
-34
-32
-32
-52
-58
-45
-34
-32
-41
-57
-45
-37
-42
-27
-19
-10
-1
-15
-28
-43
-37
-18
6
-6
-41
-60
-49
-45
-45
-58
-57
-34
-11
-12
5
3
-11
-3
0
-3
-12
-25
-59
-60
-68
-65
-63
-65
-58
-48
-50
-50
-46
-49
-40
-30
-26
-28
-43
-55
-60
-77
-85
-72
-66
-73
-91
-99
-88
-66
-42
-44
-37
-35
-50
-39
-42
-53
-54
-58
-50
-51
-72
-83
-66
-59
-53
-37
-33
-31
-21
-15
-24
-26
-23
-19
-23
-39
-81
-90
-69
-66
-66
-79
-59
-30
-27
-28
-22
-12
-23
-32
-39
-56
-69
-77
-56
-49
-61
-72
-83
-79
-89
-74
-52
-57
-62
-61
-58
-42
-44
-48
-27
-20
-29
-30
-15
-17
-33
-45
-63
-72
-87
-86
-82
-63
-56
-63
-52
-29
-28
-15
-4
6
16
23
27
-1
-15
-8
-18
-30
-48
-45
-33
-27
-21
-34
-24
-8
8
29
21
18
12
14
13
-9
-55
-84
-96
-115
-120
-135
-149
-161
-181
-188
-186
-198
-190
-192
-205
-206
-204
-196
-193
-195
-176
-167
-182
-210
-207
-188
-185
-179
-164
-132
-121
-115
-92
-65
-56
-53
-40
-34
-39
-35
-46
-64
-48
-33
-19
-15
-15
-11
-26
-10
0
6
-12
-14
-7
8
4
-3
-20
-43
-56
-74
-99
-119
-138
-153
-150
-165
-172
-171
-192
-209
-228
-248
-247
-253
-253
-264
-264
-261
-272
-276
-271
-243
-219
-211
-206
-191
-174
-188
-236
-296
-362
-420
-459
-500
-526
-530
-510
-459
-406
-372
-363
-341
-320
-275
-220
-168
-115
-56
-9
16
23
47
53
62
62
45
10
-24
-39
-53
-23
-5
-13
-10
2
22
61
80
93
89
86
86
91
82
63
38
43
38
28
13
0
-14
-27
-21
-4
6
14
30
29
19
12
9
16
38
43
39
29
23
-3
-20
-6
9
7
1
-5
-3
-4
-7
8
21
19
15
16
17
16
20
20
19
16
12
8
11
28
29
17
16
34
33
34
24
36
39
28
17
11
26
29
31
19
20
18
23
28
24
36
53
47
43
34
41
37
23
17
20
24
40
41
20
29
41
43
61
69
62
64
71
73
75
76
75
62
54
48
41
32
36
41
25
13
5
15
24
21
37
55
50
53
53
50
57
46
43
38
22
11
-5
-5
-25
-2
17
12
6
3
18
18
8
19
6
-1
-5
-6
0
4
8
-10
-20
-22
-27
-25
-23
-12
-3
-3
15
1
-14
-16
-3
-4
-13
-25
-33
-52
-56
-62
-48
-41
-17
8
-3
-7
-10
-24
-26
-16
-22
-27
-32
-25
-32
-35
-59
-53
-40
-35
-22
-24
-20
-19
-29
-18
-15
-29
-41
-51
-51
-68
-59
-50
-58
-53
-48
-49
-39
-14
0
-17
-19
-4
-3
-27
-51
-63
-80
-84
-71
-55
-51
-52
-47
-36
-36
-23
-11
-10
-21
-12
8
-2
-22
-30
-30
-30
-38
-45
-35
-21
-26
-41
-27
-18
-15
-4
-10
1
2
11
22
34
27
15
11
19
6
-4
-25
-38
-40
-41
-33
-32
-33
-16
1
24
20
22
24
17
3
-7
-23
-22
-30
-31
-25
-17
-27
-41
-49
-54
-59
-63
-40
-31
-29
-20
-24
-17
-24
-42
-39
-39
-39
-53
-69
-56
-67
-55
-34
-26
-8
1
6
1
17
21
8
-10
-26
-18
-11
-24
-34
-46
-41
-42
-46
-49
-43
-36
-8
23
25
14
19
13
12
6
-23
-52
-64
-97
-106
-102
-81
-67
-57
-58
-69
-87
-98
-83
-64
-54
-49
-52
-59
-77
-88
-86
-93
-90
-108
-107
-117
-142
-153
-169
-163
-143
-114
-98
-96
-83
-79
-84
-86
-73
-60
-57
-54
-68
-78
-59
-84
-101
-82
-86
-85
-78
-53
-30
3
45
90
163
241
326
458
597
699
795
904
1008
1091
1153
1179
1146
1115
1089
1124
1194
1252
1323
1411
1502
1650
1886
2200
2525
2812
3053
3398
3863
4406
5212
6228
7612
9444
11471
13330
14613
15153
14808
13083
9950
6000
1837
-2686
-8391
-14559
-19375
-22093
-22901
-22054
-19695
-16506
-13306
-10514
-8336
-6762
-5372
-3924
-2639
-1714
-990
-256
421
961
1343
1617
1817
1950
1973
1920
1833
1707
1587
1456
1332
1199
1071
956
842
743
659
592
510
416
341
285
234
155
87
60
9
-43
-104
-154
-198
-238
-278
-310
-346
-394
-429
-454
-453
-458
-482
-499
-491
-491
-487
-466
-445
-431
-440
-436
-419
-409
-382
-358
-336
-308
-298
-272
-249
-237
-232
-240
-214
-213
-189
-165
-161
-163
-177
-189
-201
-202
-200
-189
-169
-179
-176
-153
-137
-128
-141
-139
-139
-138
-123
-113
-100
-105
-98
-79
-64
-63
-70
-65
-47
-39
-40
-55
-80
-83
-78
-60
-50
-64
-71
-61
-46
-47
-50
-45
-43
-44
-44
-31
-32
-54
-72
-84
-92
-108
-145
-175
-203
-207
-232
-285
-324
-359
-403
-445
-491
-539
-607
-663
-725
-770
-803
-852
-914
-984
-1045
-1109
-1183
-1259
-1319
-1359
-1422
-1489
-1563
-1643
-1730
-1803
-1871
-1929
-1988
-2038
-2080
-2116
-2133
-2164
-2196
-2226
-2245
-2270
-2307
-2338
-2375
-2397
-2420
-2422
-2399
-2367
-2334
-2308
-2289
-2263
-2230
-2180
-2142
-2084
-1993
-1902
-1785
-1675
-1559
-1444
-1302
-1097
-852
-565
-244
76
353
618
890
1178
1433
1621
1697
1688
1664
1665
1753
1925
2054
2122
2179
2182
2207
2312
2466
2570
2601
2541
2416
2249
1969
1696
1637
1781
1968
2089
2138
2182
2303
2524
2790
2979
3010
2928
2785
2589
2339
2052
1751
1448
1192
920
670
449
273
146
35
-25
-84
-137
-162
-159
-153
-152
-145
-136
-151
-162
-146
-104
-45
-7
4
18
50
70
82
91
85
82
83
73
75
85
102
117
126
139
160
184
198
226
274
281
293
285
284
293
284
270
243
237
227
187
163
160
164
153
119
88
75
62
43
9
7
8
-11
-27
-41
-34
-36
-32
-18
-15
1
16
35
57
64
73
61
78
111
110
104
103
95
81
60
57
67
77
90
103
97
84
69
59
47
37
39
39
10
-3
6
17
29
33
30
39
43
46
48
56
65
60
59
58
57
35
24
28
51
79
83
79
77
76
82
70
72
85
81
91
98
95
83
57
58
74
81
88
69
49
63
73
74
64
55
43
50
64
64
62
45
44
32
7
-3
-20
-18
-17
-1
9
7
3
-17
-13
0
-6
-12
-26
-23
-20
-16
-27
-37
-42
-47
-23
-16
-9
-27
-43
-17
14
4
-1
-1
-14
-21
-30
-11
-11
-16
-9
-14
-23
-6
4
-9
-19
4
24
30
6
-7
-4
-21
-14
-13
-10
-9
-14
-8
-22
-19
-11
-15
3
21
27
17
13
20
14
10
11
8
10
-2
4
-3
4
17
16
24
19
28
44
52
61
69
66
57
47
57
55
61
49
30
23
19
14
17
24
34
23
30
38
49
52
29
37
36
24
26
33
33
22
19
28
25
18
12
1
-10
-10
9
3
4
23
45
66
69
79
84
70
59
42
52
58
55
60
65
66
58
69
84
94
74
78
69
84
99
103
84
73
70
88
105
92
85
88
96
88
86
87
102
93
66
53
60
48
34
21
16
25
22
36
59
49
55
31
18
12
6
5
-19
-37
-44
-24
-18
-30
-34
-37
-49
-52
-47
-34
-26
-21
-4
-4
0
7
-1
-9
-12
-17
-19
-24
-19
-44
-52
-65
-58
-42
-59
-53
-46
-43
-34
-23
-30
-34
-41
-18
-16
-29
-38
-53
-73
-105
-111
-123
-135
-147
-140
-139
-135
-136
-126
-118
-103
-85
-71
-68
-72
-68
-57
-53
-42
-42
-45
-34
-34
-46
-37
-34
-32
-35
-60
-54
-42
-31
-11
8
40
64
95
127
155
220
289
355
431
480
549
615
677
766
838
904
977
1060
1126
1171
1202
1221
1214
1203
1197
1177
1124
1069
1027
991
948
900
878
843
810
762
714
679
665
647
625
606
588
568
524
477
447
439
412
367
315
288
266
227
196
181
172
177
174
184
180
196
202
192
226
231
244
270
278
284
285
294
314
325
344
340
341
329
317
306
293
286
290
283
251
237
227
217
225
240
233
235
240
239
217
200
206
192
177
165
158
151
125
114
115
111
108
100
91
87
80
89
108
124
127
128
138
122
117
101
92
99
88
61
34
38
43
42
71
80
86
88
97
103
96
99
98
95
94
101
101
95
84
59
54
43
33
15
0
-7
18
34
50
55
50
60
64
52
40
43
45
49
52
34
21
18
16
-1
1
0
8
16
27
19
12
25
38
50
30
30
32
19
6
-6
12
14
7
11
4
13
15
3
7
9
16
21
21
12
1
-9
-26
-29
-12
-13
-10
-17
-19
3
21
12
4
-4
-13
-11
-26
-22
-23
-27
-27
-29
-44
-53
-60
-52
-26
-18
-11
-10
-10
-15
-23
-15
-6
-20
-23
-29
-36
-40
-45
-56
-68
-57
-42
-51
-60
-35
-12
-15
-18
-17
-37
-50
-63
-67
-62
-63
-68
-69
-55
-60
-68
-68
-57
-38
-29
-29
-19
-15
-18
-26
-29
-41
-37
-27
-34
-37
-43
-48
-39
-37
-17
-6
0
-3
-21
-17
-14
-11
-2
-2
-17
-51
-72
-70
-59
-57
-66
-53
-36
-38
-31
-29
-15
-12
-10
-25
-37
-44
-54
-54
-59
-60
-53
-70
-91
-96
-96
-92
-77
-62
-55
-51
-47
-64
-78
-87
-90
-73
-51
-52
-75
-83
-94
-106
-102
-87
-76
-75
-75
-74
-53
-35
-28
-29
-5
-3
-16
-31
-42
-41
-33
-38
-46
-64
-54
-40
-29
-26
-25
-25
-18
1
8
3
-3
-4
-3
-9
-17
-29
-48
-54
-61
-56
-49
-49
-47
-57
-52
-37
-30
-30
-27
-23
-24
-26
-34
-31
-35
-35
-44
-43
-38
-26
-23
-36
-37
-30
-24
-24
-29
-37
-50
-51
-65
-74
-54
-39
-30
-43
-46
-31
-26
-19
-30
-30
-46
-67
-65
-64
-68
-78
-82
-70
-63
-52
-47
-53
-59
-55
-53
-48
-25
-16
-30
-40
-43
-59
-75
-79
-74
-62
-51
-61
-69
-68
-55
-40
-35
-53
-51
-35
-13
-12
-39
-45
-57
-75
-88
-74
-75
-75
-72
-76
-55
-60
-58
-44
-36
-36
-41
-56
-63
-57
-31
-29
-42
-63
-85
-89
-73
-53
-55
-76
-90
-92
-94
-82
-60
-49
-46
-55
-56
-51
-47
-40
-34
-35
-35
-36
-56
-49
-42
-48
-32
-18
-20
-15
-8
12
33
43
33
-5
-6
0
7
-1
-2
0
-18
-35
-29
-24
-38
-51
-44
-51
-65
-88
-103
-106
-103
-95
-94
-106
-125
-137
-138
-145
-160
-158
-154
-144
-131
-144
-155
-158
-163
-166
-174
-167
-143
-118
-90
-70
-83
-70
-46
-36
-24
-11
-14
-21
-41
-58
-64
-69
-66
-79
-65
-57
-51
-47
-40
-24
-17
-4
10
-9
-31
-41
-65
-74
-84
-95
-109
-123
-151
-174
-214
-244
-254
-248
-237
-239
-242
-243
-249
-252
-248
-245
-243
-243
-261
-248
-234
-220
-220
-231
-223
-214
-197
-195
-212
-211
-211
-188
-173
-156
-129
-93
-69
-65
-56
-57
-48
-65
-107
-134
-179
-196
-191
-199
-200
-199
-168
-125
-81
-15
65
158
253
299
316
323
346
352
341
332
329
327
308
286
255
227
190
156
119
97
76
61
26
18
38
41
45
44
40
32
27
37
54
65
49
43
59
47
52
66
65
59
42
17
-25
-22
-15
-32
-29
-41
-54
-39
-15
-4
-1
7
18
14
22
32
31
45
38
28
42
54
45
12
8
9
10
5
5
8
4
15
40
39
36
30
44
59
45
23
-9
-6
-2
-20
-15
-37
-40
-38
-41
-50
-51
-44
-22
2
2
2
11
19
22
3
8
-1
-26
-17
-20
-25
-34
-21
-14
-33
-18
1
5
-6
-19
-9
0
-1
1
-4
-18
-18
-44
-58
-61
-68
-52
-41
-35
-39
-39
-34
-35
-11
5
16
30
23
20
7
8
-4
-19
-32
-39
-36
-38
-44
-53
-57
-32
-20
-18
-12
-5
8
18
33
24
23
29
24
23
8
-11
-24
-30
-33
-17
-10
-15
-21
-26
-23
-10
14
12
20
12
21
34
34
25
-3
-19
-16
-39
-61
-72
-54
-38
-19
-15
-28
-28
-12
-21
-21
-8
-14
-34
-39
-36
-53
-45
-31
-32
-35
-28
-32
-38
-32
-28
-22
-18
-38
-44
-45
-48
-32
-24
-23
-12
-19
-31
-42
-45
-36
-30
-20
-16
-23
-30
-36
-20
-28
-19
-15
-22
-29
-45
-43
-48
-66
-60
-67
-56
-49
-39
-19
-22
-24
-32
-37
-47
-28
-26
-30
-38
-54
-49
-40
-59
-64
-61
-53
-49
-51
-41
-40
-31
-17
-4
4
-15
-13
-10
-3
-3
-32
-44
-33
-37
-34
-25
-20
-14
1
21
12
10
5
-5
7
5
9
0
-14
-34
-39
-23
-39
-51
-43
-49
-46
-40
-24
-18
-7
-3
-8
-10
-21
-15
-28
-54
-62
-74
-73
-80
-73
-69
-66
-52
-71
-59
-36
-24
-28
-51
-49
-29
-19
-10
-28
-27
-24
-20
-12
1
-7
-6
-14
-17
-28
-14
7
4
8
9
4
2
2
-2
-1
-6
-30
-45
-43
-69
-71
-90
-88
-83
-81
-69
-66
-71
-74
-63
-30
-16
-19
-41
-49
-60
-83
-87
-79
-80
-115
-140
-133
-147
-143
-144
-188
-196
-194
-193
-180
-163
-149
-123
-99
-83
-86
-95
-96
-111
-107
-100
-103
-112
-117
-118
-122
-94
-85
-91
-69
-51
-32
-18
11
47
101
166
257
372
496
622
742
859
986
1123
1255
1346
1397
1414
1398
1398
1441
1502
1542
1567
1628
1713
1872
2094
2396
2726
2998
3247
3619
4124
4776
5657
6776
8308
10210
12201
13946
15017
15283
14390
12042
8398
4267
89
-4606
-10411
-16074
-20062
-22013
-22386
-21174
-18477
-15108
-11870
-9228
-7363
-6133
-4958
-3730
-2689
-1924
-1188
-416
250
771
1161
1455
1673
1784
1799
1760
1692
1595
1474
1348
1216
1105
995
901
796
702
606
533
468
392
315
250
193
124
72
-3
-77
-134
-199
-270
-329
-376
-430
-489
-525
-560
-594
-624
-664
-666
-669
-670
-664
-659
-623
-591
-565
-543
-525
-496
-464
-426
-384
-352
-311
-282
-257
-211
-168
-148
-135
-116
-94
-75
-78
-79
-48
-25
-35
-56
-42
-32
-43
-55
-63
-62
-63
-71
-84
-94
-91
-80
-69
-57
-46
-27
-16
-26
-32
-19
7
11
-19
-41
-58
-60
-46
-48
-28
-32
-32
-42
-50
-30
-26
-22
-7
-11
-26
-35
-37
-53
-67
-79
-100
-94
-84
-101
-129
-141
-132
-138
-153
-173
-201
-232
-253
-278
-309
-346
-393
-450
-521
-580
-626
-689
-755
-797
-864
-938
-996
-1071
-1142
-1212
-1263
-1330
-1414
-1471
-1521
-1578
-1648
-1736
-1804
-1884
-1938
-1968
-2012
-2053
-2097
-2110
-2121
-2136
-2152
-2177
-2190
-2204
-2236
-2257
-2299
-2329
-2346
-2351
-2314
-2274
-2260
-2233
-2201
-2165
-2095
-2021
-1951
-1875
-1797
-1715
-1608
-1503
-1377
-1213
-1003
-734
-444
-129
189
467
757
1063
1347
1586
1749
1816
1794
1775
1784
1882
2060
2167
2204
2253
2257
2266
2334
2476
2580
2585
2499
2324
2125
1832
1582
1530
1652
1808
1891
1922
1952
2065
2273
2530
2708
2723
2646
2514
2325
2084
1801
1505
1232
958
667
403
193
20
-135
-264
-358
-428
-486
-541
-582
-593
-588
-561
-539
-511
-467
-390
-310
-208
-103
-44
4
38
94
154
192
217
228
259
306
330
351
350
359
378
391
420
443
444
429
455
464
484
499
493
497
504
497
491
475
453
432
419
405
378
345
322
299
284
277
236
199
167
147
139
124
110
111
119
125
132
127
129
129
106
113
112
130
140
144
169
181
180
194
191
192
193
197
215
211
220
219
221
217
206
190
177
166
172
180
161
154
161
163
176
184
186
181
183
193
191
172
166
161
143
134
121
109
84
59
48
45
62
72
69
72
86
90
76
80
95
94
102
107
116
108
79
73
78
81
73
62
37
33
40
14
9
14
14
32
42
52
52
48
49
36
29
32
20
-11
-36
-32
-27
-28
-40
-53
-39
-25
-12
-14
-13
-6
-3
-5
1
1
9
7
3
16
0
-5
-13
-27
-27
-24
-9
-5
4
4
12
15
6
23
20
16
20
26
28
-1
-9
-1
0
-1
-13
-13
-11
-19
-20
-15
-7
9
31
40
42
38
38
35
38
34
26
27
23
20
9
11
24
34
39
40
47
38
31
51
52
46
55
52
23
-11
-9
-2
3
1
-2
14
19
24
29
30
34
21
23
6
4
7
13
3
12
24
17
11
22
27
35
35
20
15
2
25
34
34
48
46
40
21
9
5
-22
-36
-23
-24
-40
-42
-20
2
11
16
26
35
24
13
21
40
53
47
38
25
18
25
10
-12
-21
-28
-20
-18
4
15
30
43
41
47
44
67
72
79
95
86
81
68
47
48
49
60
51
32
27
33
38
41
41
43
52
67
77
72
72
53
48
54
24
1
-9
-5
-7
-22
-20
-15
-15
-7
-8
-12
-17
-5
5
13
26
35
38
36
38
20
9
23
20
11
1
-17
-13
-31
-40
-31
-23
-5
19
25
20
28
52
67
74
75
67
56
33
21
6
-4
-11
-35
-48
-52
-69
-66
-69
-55
-41
-32
-28
-17
23
59
96
115
120
141
163
194
195
212
230
238
258
272
298
297
282
296
331
402
467
508
551
598
652
686
720
765
817
864
903
967
1016
1064
1120
1149
1149
1149
1114
1081
1047
1001
968
928
891
833
782
740
693
646
620
633
664
680
687
678
664
638
627
615
577
544
497
445
424
389
363
331
301
288
280
289
292
297
302
313
320
327
339
330
349
375
363
371
374
376
368
357
360
338
324
329
315
306
298
289
293
279
280
287
297
296
277
264
234
219
215
196
190
170
161
158
141
142
129
105
95
89
67
26
36
45
41
41
40
50
45
45
43
41
45
48
64
69
55
52
51
46
45
60
65
45
20
-16
-23
-8
-12
-2
21
30
38
33
42
39
29
31
27
22
2
-25
-21
-23
-15
-12
-17
-25
-47
-39
-27
-35
-20
-20
-25
-32
-23
-20
-16
-23
-30
-28
-32
-28
-31
-25
-23
-29
-30
-30
-23
-12
-18
-24
-25
-26
-27
-42
-46
-56
-80
-78
-68
-48
-38
-31
-36
-55
-54
-35
-26
-5
-2
-4
-17
-41
-22
-12
-26
-41
-43
-52
-67
-80
-88
-94
-90
-84
-67
-63
-50
-22
-17
-23
-22
-19
-18
-7
-29
-58
-63
-79
-86
-86
-80
-71
-77
-83
-85
-54
-31
-31
-39
-49
-58
-57
-56
-54
-75
-88
-68
-62
-60
-70
-71
-63
-57
-53
-49
-41
-33
-37
-31
-30
-37
-48
-56
-75
-73
-68
-72
-107
-105
-103
-102
-94
-95
-76
-63
-75
-72
-60
-60
-55
-42
-31
-28
-30
-31
-21
-16
-36
-75
-89
-76
-79
-85
-86
-71
-58
-61
-51
-43
-45
-45
-30
-34
-45
-36
-28
-43
-68
-77
-82
-71
-77
-88
-92
-93
-101
-101
-92
-95
-103
-102
-95
-94
-100
-100
-83
-70
-57
-73
-76
-78
-112
-118
-109
-97
-92
-107
-121
-126
-108
-90
-78
-80
-75
-57
-52
-44
-45
-46
-57
-81
-78
-81
-63
-51
-52
-52
-52
-50
-32
-18
-10
-19
-22
-6
4
10
-4
-16
-29
-44
-57
-68
-66
-51
-43
-34
-38
-30
-25
-25
-22
-35
-37
-15
-12
-41
-61
-56
-63
-78
-97
-113
-98
-94
-90
-94
-96
-79
-75
-59
-55
-47
-36
-36
-46
-66
-51
-44
-62
-83
-90
-86
-95
-106
-90
-85
-80
-65
-66
-48
-44
-42
-37
-39
-48
-79
-92
-66
-63
-62
-76
-88
-83
-82
-70
-65
-67
-74
-82
-82
-66
-36
-22
-32
-45
-44
-34
-32
-50
-69
-76
-69
-71
-86
-91
-76
-64
-65
-63
-59
-51
-52
-38
-35
-50
-74
-73
-58
-79
-89
-77
-65
-69
-58
-58
-71
-85
-101
-104
-91
-90
-84
-66
-57
-73
-85
-75
-83
-94
-106
-113
-106
-117
-115
-113
-103
-86
-81
-84
-93
-93
-90
-100
-109
-125
-153
-157
-159
-174
-180
-154
-154
-173
-182
-191
-184
-168
-134
-129
-149
-156
-157
-157
-161
-169
-170
-174
-196
-200
-180
-137
-105
-98
-116
-133
-148
-171
-180
-181
-166
-149
-142
-132
-123
-90
-54
-49
-16
12
37
54
40
48
54
56
40
-6
-47
-84
-119
-146
-165
-189
-209
-214
-186
-180
-203
-230
-238
-248
-246
-253
-260
-260
-280
-292
-304
-300
-287
-290
-305
-323
-349
-349
-325
-298
-257
-231
-214
-231
-245
-262
-271
-268
-269
-248
-224
-212
-212
-194
-173
-161
-161
-150
-137
-121
-128
-126
-115
-97
-82
-93
-69
-51
-38
-13
12
28
14
4
-5
-11
-14
-19
-34
-35
-1
26
30
27
23
34
52
53
51
58
58
80
101
110
102
74
55
63
87
94
101
84
61
72
74
70
85
83
107
130
130
134
132
137
141
161
181
187
184
171
172
164
167
183
205
231
260
278
300
343
379
381
376
387
389
388
374
368
361
375
358
343
329
305
308
311
294
295
311
311
302
293
269
253
224
199
174
148
111
73
62
77
80
57
28
15
-4
-4
-2
3
10
-7
12
27
29
39
29
17
26
52
44
31
30
34
28
19
16
27
40
43
39
52
54
50
62
69
60
56
56
54
53
49
44
29
17
7
5
20
18
18
16
36
36
27
41
46
50
50
66
79
65
57
41
25
25
4
-17
-20
0
1
-19
-8
-17
-25
-1
1
8
11
7
7
12
7
8
7
5
13
13
8
-3
-21
-32
-35
-34
-30
-28
-14
1
2
29
43
33
18
3
20
26
12
2
-16
-34
-51
-51
-48
-56
-48
-53
-59
-56
-52
-46
-57
-42
-24
-18
-20
-19
-10
-16
-17
-21
-47
-45
-49
-50
-35
-39
-48
-56
-39
-11
16
9
-20
-12
-2
-17
-39
-48
-34
-25
-30
-30
-40
-59
-70
-74
-67
-62
-36
-25
-25
-20
-28
-21
-13
-29
-37
-48
-52
-46
-53
-70
-96
-79
-57
-52
-64
-55
-34
-25
-30
-43
-50
-50
-57
-55
-51
-57
-49
-45
-24
-31
-39
-23
-33
-45
-38
-25
-27
-38
-43
-49
-54
-52
-50
-48
-37
-21
15
18
8
-14
-38
-36
-49
-60
-69
-79
-82
-66
-51
-66
-84
-94
-94
-75
-57
-45
-36
-26
-17
-24
-35
-53
-47
-49
-49
-60
-84
-103
-111
-92
-68
-60
-55
-36
-11
-13
-11
8
4
-9
-5
-19
-27
-27
-20
-12
-15
-5
-13
-18
-25
-35
-36
-40
-20
-16
-27
-34
-37
-46
-43
-55
-55
-55
-62
-69
-76
-85
-90
-86
-95
-99
-111
-128
-133
-137
-138
-148
-154
-145
-151
-145
-154
-159
-170
-189
-176
-157
-136
-120
-112
-102
-98
-101
-120
-123
-121
-133
-141
-127
-121
-125
-125
-131
-122
-98
-83
-105
-107
-76
-74
-59
-20
20
83
155
247
360
464
543
603
668
737
809
826
765
682
658
670
712
765
828
923
1037
1202
1467
1801
2174
2529
2847
3250
3794
4484
5385
6614
8310
10256
12237
14072
15672
16657
16361
14260
10456
5494
-206
-6538
-13202
-18769
-21856
-22753
-22340
-21451
-20074
-18244
-16143
-13644
-10807
-7839
-5028
-2581
-704
691
1706
2382
2814
3038
3138
3156
3112
2988
2799
2574
2322
2072
1811
1573
1351
1156
996
854
722
603
479
378
304
243
187
129
77
31
3
-16
-45
-111
-161
-184
-211
-231
-256
-283
-292
-316
-349
-394
-418
-424
-424
-420
-420
-425
-414
-391
-371
-358
-351
-351
-337
-307
-271
-251
-233
-215
-192
-166
-134
-110
-85
-63
-58
-46
-21
-22
-25
-16
-15
-3
-10
-11
-22
-28
-31
-46
-58
-58
-48
-27
-26
-26
-22
-20
-22
-26
-24
-25
-25
-17
-33
-51
-56
-47
-38
-40
-41
-42
-44
-54
-62
-43
-33
-21
-11
-21
-42
-53
-47
-45
-32
-22
-37
-43
-59
-69
-53
-47
-53
-69
-88
-92
-109
-117
-120
-152
-185
-213
-237
-295
-364
-428
-499
-553
-629
-699
-786
-863
-921
-996
-1059
-1136
-1213
-1291
-1385
-1454
-1510
-1570
-1619
-1694
-1785
-1876
-1970
-2100
-2211
-2277
-2332
-2394
-2445
-2489
-2504
-2533
-2563
-2574
-2587
-2611
-2645
-2660
-2657
-2671
-2714
-2725
-2696
-2670
-2641
-2605
-2553
-2451
-2343
-2222
-2089
-1987
-1873
-1727
-1563
-1369
-1161
-931
-663
-339
42
425
839
1238
1623
2031
2436
2782
3004
3043
2960
2893
2877
2963
3135
3240
3296
3340
3301
3158
3049
3067
3112
3033
2762
2389
2049
1602
1100
800
777
965
1248
1523
1813
2140
2500
2789
2934
2908
2788
2621
2410
2154
1848
1526
1220
937
690
468
259
97
-22
-115
-182
-208
-211
-217
-177
-116
-59
-30
-39
-71
-86
-96
-80
-63
-62
-65
-65
-80
-95
-89
-83
-82
-78
-78
-86
-64
-18
16
33
53
82
115
125
126
135
140
153
154
153
149
136
125
101
83
85
89
88
74
61
58
59
73
72
69
79
99
91
92
96
85
74
62
54
45
20
7
17
30
32
33
25
14
23
39
54
66
77
72
58
62
79
93
87
80
81
68
49
30
26
20
15
14
9
10
8
-3
-7
-2
3
15
20
18
15
11
-13
-21
-30
-30
-26
-48
-72
-71
-46
-42
-53
-59
-71
-82
-93
-86
-54
-60
-79
-96
-111
-122
-136
-134
-107
-103
-113
-135
-144
-155
-153
-126
-121
-123
-123
-113
-107
-115
-117
-115
-104
-93
-66
-53
-58
-46
-45
-19
0
3
-3
-1
5
19
21
24
27
33
26
17
43
59
47
34
38
40
44
61
63
60
63
55
32
8
-7
1
-11
-21
-38
-47
-50
-61
-58
-54
-55
-49
-50
-54
-71
-75
-62
-60
-46
-44
-63
-65
-65
-61
-62
-70
-71
-78
-86
-100
-90
-98
-81
-58
-50
-23
-9
-2
-7
-23
-11
0
-4
-13
-23
-23
-42
-39
-30
-34
-46
-59
-50
-48
-49
-36
-28
-11
-9
-20
-23
-34
-42
-56
-60
-60
-75
-91
-101
-108
-102
-109
-101
-104
-101
-78
-70
-67
-69
-81
-90
-86
-85
-106
-119
-127
-128
-115
-109
-122
-141
-157
-174
-187
-188
-189
-177
-158
-155
-150
-146
-140
-144
-152
-165
-158
-157
-168
-191
-189
-179
-215
-244
-227
-214
-213
-204
-212
-214
-204
-203
-192
-170
-153
-145
-134
-128
-132
-112
-90
-111
-108
-116
-116
-99
-91
-80
-90
-96
-74
-58
-56
-61
-60
-53
-49
-24
-7
12
13
19
38
54
61
61
82
113
134
152
162
161
160
164
181
194
198
207
213
237
263
271
297
333
360
402
446
467
490
503
518
526
506
490
490
462
431
417
398
379
350
337
310
292
287
280
302
309
306
296
288
277
271
266
268
252
237
213
198
202
198
184
172
159
158
168
157
147
161
187
203
214
227
247
241
235
247
263
275
261
260
269
258
270
278
276
263
251
277
275
270
283
289
295
301
314
332
349
363
360
372
387
389
403
415
431
445
460
456
461
436
427
446
453
459
458
456
467
470
467
469
476
515
545
552
548
547
551
546
521
500
482
483
487
479
464
453
439
423
437
455
446
447
431
435
432
423
414
401
402
407
392
377
362
351
340
319
300
292
283
270
249
235
242
250
257
248
246
248
242
239
239
243
235
227
221
209
196
184
196
185
175
172
162
163
171
180
174
163
152
150
163
155
129
115
117
120
125
135
112
90
72
71
65
60
59
53
43
37
31
16
25
21
10
8
22
13
-14
-14
16
46
47
32
11
-5
-1
-16
-16
-5
3
-1
3
-10
-20
-15
-3
-13
-8
0
-13
-23
-22
3
23
19
23
20
-13
-26
-27
-18
-16
-29
-36
-21
-2
-19
-39
-48
-34
-14
-6
0
-11
-26
-14
-6
18
11
3
10
-10
-44
-69
-72
-71
-73
-61
-53
-69
-75
-62
-56
-54
-57
-49
-37
-43
-49
-55
-57
-58
-67
-77
-64
-61
-64
-56
-47
-22
-11
-15
-21
-32
-27
-29
-35
-40
-51
-62
-72
-81
-72
-48
-27
-22
-19
-32
-41
-46
-44
-26
-34
-46
-40
-42
-49
-63
-56
-56
-59
-59
-60
-55
-43
-35
-31
-40
-46
-49
-52
-62
-79
-90
-102
-110
-109
-109
-91
-73
-68
-57
-56
-45
-47
-55
-47
-28
-19
-38
-52
-59
-58
-59
-58
-62
-68
-70
-63
-74
-81
-82
-76
-59
-66
-53
-51
-58
-39
-16
-3
-31
-65
-83
-84
-91
-112
-122
-110
-106
-95
-89
-75
-69
-70
-72
-78
-80
-75
-91
-86
-75
-70
-61
-70
-93
-105
-110
-103
-86
-89
-87
-76
-60
-49
-70
-89
-74
-67
-40
-17
-36
-54
-67
-72
-74
-95
-94
-91
-97
-82
-73
-46
-43
-40
-44
-39
-26
-23
-32
-54
-56
-47
-50
-54
-57
-51
-42
-33
-35
-43
-33
-28
-35
-48
-54
-47
-46
-52
-40
-47
-55
-70
-99
-99
-95
-99
-81
-57
-34
-48
-56
-45
-36
-37
-38
-30
-34
-38
-55
-65
-60
-62
-62
-65
-69
-73
-76
-83
-87
-72
-63
-62
-56
-47
-39
-35
-27
-22
-30
-44
-53
-67
-66
-68
-62
-64
-70
-73
-73
-69
-56
-51
-38
-16
2
1
-14
-43
-72
-75
-60
-48
-47
-57
-64
-54
-48
-45
-46
-33
-26
-30
-33
-26
-24
-31
-40
-56
-41
-23
-16
-21
-30
-45
-50
-59
-46
-49
-52
-50
-55
-52
-63
-54
-46
-48
-43
-42
-51
-52
-50
-38
-30
-36
-45
-46
-50
-46
-58
-70
-72
-61
-65
-47
-26
-14
-14
-22
-11
-9
-30
-39
-56
-53
-52
-55
-61
-79
-94
-119
-137
-147
-146
-143
-144
-128
-101
-98
-123
-129
-122
-121
-110
-106
-99
-105
-131
-142
-155
-177
-190
-177
-179
-182
-177
-180
-173
-158
-135
-151
-179
-208
-220
-208
-212
-196
-193
-172
-156
-134
-94
-75
-82
-81
-83
-61
-44
-46
-82
-99
-102
-105
-111
-110
-116
-119
-120
-121
-146
-146
-139
-135
-136
-138
-139
-162
-188
-189
-173
-179
-203
-204
-206
-222
-243
-272
-288
-302
-328
-340
-336
-309
-290
-259
-237
-225
-210
-190
-200
-208
-202
-205
-211
-209
-217
-221
-212
-201
-191
-194
-185
-171
-143
-108
-85
-64
-36
-9
1
-10
-16
9
-3
-2
-10
-15
-13
-15
-27
-24
-32
-62
-74
-80
-79
-81
-64
-60
-55
-47
-51
-37
-14
3
21
41
55
41
29
31
21
11
-2
14
15
-2
-6
-7
-1
10
19
8
1
13
28
23
24
8
-5
1
13
13
4
12
7
13
20
18
10
-4
0
12
30
35
19
27
27
19
18
25
30
27
32
27
8
22
28
39
46
32
32
45
55
51
45
31
18
30
42
37
43
28
36
37
32
39
47
63
42
29
38
39
44
35
39
59
64
49
25
24
38
35
28
39
51
45
46
49
59
75
65
68
83
62
58
58
54
56
52
53
59
60
50
49
53
38
49
54
55
64
68
87
91
79
77
57
52
40
37
45
34
38
19
8
12
24
40
50
58
57
52
36
22
20
21
17
19
20
8
-3
-15
-23
-27
-35
-30
-18
-11
-7
-19
3
27
42
40
45
44
23
7
-15
-26
-38
-40
-60
-69
-51
-64
-63
-53
-35
-17
-12
-16
-12
-4
8
-7
-25
-11
15
31
15
6
-15
-25
-29
-36
-37
-23
-22
-33
-46
-34
-15
5
-3
-2
2
7
-1
-18
-36
-28
-34
-42
-36
-36
-45
-49
-47
-21
-8
-5
-12
0
1
-23
-29
-9
11
5
3
-1
-3
-6
-24
-34
-41
-39
-43
-40
-32
-29
-28
-11
0
1
-6
-10
-11
-22
-11
-14
-21
-27
-33
-33
-37
-33
-34
-37
-44
-48
-34
-17
-20
-34
-39
-15
-7
-15
-12
-28
-42
-39
-45
-52
-43
-39
-46
-70
-66
-47
-48
-66
-63
-42
-22
-8
-11
1
14
24
44
40
29
11
-3
-15
-17
-10
-13
-17
-16
-32
-21
-23
-5
13
13
28
23
4
-15
-21
-31
-53
-71
-71
-59
-80
-95
-73
-58
-59
-46
-42
-33
-19
-33
-57
-78
-98
-98
-96
-101
-107
-115
-109
-120
-122
-131
-138
-140
-121
-105
-93
-72
-79
-79
-65
-71
-81
-100
-102
-95
-101
-111
-106
-99
-107
-93
-61
-47
-35
-27
-4
15
52
93
119
162
206
278
373
487
590
674
764
867
951
1005
1046
1022
950
910
919
961
1027
1101
1200
1329
1469
1676
1976
2339
2687
2970
3240
3604
4036
4673
5566
6711
8310
10202
12134
13757
14838
15143
14287
11984
8570
4669
388
-5084
-11912
-18135
-22245
-24062
-23824
-21912
-19043
-16008
-13283
-10844
-8678
-6650
-4558
-2651
-1181
-179
642
1325
1811
2142
2343
2465
2524
2482
2350
2181
2015
1834
1650
1478
1308
1152
1010
895
796
693
587
484
401
333
268
201
147
89
59
15
-36
-91
-155
-200
-252
-292
-321
-354
-389
-417
-453
-492
-513
-526
-540
-535
-534
-533
-511
-491
-472
-455
-425
-407
-387
-366
-335
-301
-286
-269
-248
-228
-198
-174
-159
-157
-154
-126
-88
-88
-97
-94
-101
-103
-101
-121
-136
-134
-132
-143
-151
-156
-152
-161
-152
-130
-118
-106
-111
-111
-98
-75
-54
-68
-70
-74
-72
-81
-89
-97
-92
-85
-82
-93
-92
-97
-90
-80
-68
-67
-92
-89
-77
-69
-64
-80
-80
-81
-88
-86
-89
-100
-102
-124
-136
-136
-135
-145
-188
-229
-243
-269
-303
-336
-369
-419
-477
-542
-597
-656
-714
-762
-824
-867
-923
-1003
-1071
-1135
-1198
-1281
-1344
-1401
-1471
-1545
-1642
-1741
-1825
-1899
-1962
-2017
-2061
-2110
-2142
-2171
-2204
-2232
-2265
-2314
-2358
-2388
-2413
-2439
-2459
-2492
-2526
-2535
-2520
-2507
-2496
-2496
-2485
-2443
-2411
-2350
-2276
-2195
-2123
-2056
-1943
-1821
-1691
-1573
-1428
-1202
-916
-603
-274
60
368
657
946
1262
1554
1743
1798
1764
1746
1766
1865
2035
2141
2206
2286
2293
2310
2394
2534
2656
2679
2597
2448
2269
1977
1699
1658
1820
2029
2183
2254
2313
2477
2738
3035
3245
3281
3212
3069
2859
2594
2297
1972
1673
1400
1116
831
576
359
182
50
-36
-102
-126
-133
-151
-139
-131
-142
-159
-152
-140
-131
-103
-56
-15
24
41
42
47
73
60
51
43
21
34
42
44
70
97
115
127
145
165
172
180
206
227
248
272
266
256
253
261
244
224
216
193
165
132
114
106
100
89
73
63
57
42
14
-7
4
4
-5
-10
-12
-11
-19
-13
-1
12
27
38
53
48
36
37
27
24
18
17
-4
-8
0
6
8
6
4
17
19
22
26
24
26
22
24
15
-4
-23
-29
-34
-27
-20
-22
-44
-54
-21
0
3
6
8
25
38
53
43
34
33
31
29
21
15
3
14
18
25
35
51
62
74
75
80
67
53
48
45
46
46
38
29
17
5
30
48
45
51
47
36
27
24
25
39
47
38
21
12
5
-10
-25
-19
-34
-48
-54
-30
-18
-8
-5
-2
8
-12
-28
-27
-15
-3
-8
-17
-27
-33
-37
-47
-38
-36
-17
-12
-23
-28
-11
-9
0
13
29
26
17
-2
-5
-11
-25
-40
-65
-76
-62
-35
-35
-37
-34
-28
-29
-26
-13
23
34
23
45
39
17
26
33
14
1
-7
-22
-30
-20
-20
-27
-23
-37
-32
-21
-19
-10
-1
4
9
25
14
5
-16
-27
-13
-3
-14
-43
-52
-40
-27
-18
-34
-18
-17
-12
3
-5
-24
-31
-12
-1
4
10
5
2
3
5
-9
0
-17
-30
-27
-24
-16
-22
-19
-9
-6
-5
-8
-18
-10
7
20
27
20
2
-11
-20
-22
-25
-36
-38
-39
-45
-40
-48
-55
-57
-22
-11
-4
-10
-29
-23
-17
10
14
4
-4
-9
-6
0
-14
2
8
-1
-18
-33
-33
-26
-18
5
28
36
31
17
29
23
25
26
35
33
16
16
24
27
17
-5
-7
-15
-22
-16
-22
-22
-21
0
4
10
12
16
22
22
15
-4
-23
-14
-14
-26
-38
-36
-40
-55
-65
-68
-57
-50
-43
-44
-41
-30
-24
-43
-42
-39
-29
-43
-60
-75
-76
-92
-96
-96
-86
-100
-99
-62
-67
-76
-64
-61
-38
-34
-32
-32
-32
-33
-37
-39
-61
-76
-78
-56
-36
-28
-11
13
56
99
132
174
186
215
253
322
398
460
531
608
690
755
814
861
893
909
944
961
949
909
875
842
817
803
791
781
762
746
736
733
737
742
728
724
715
709
714
680
643
614
596
570
527
499
459
441
434
422
412
390
396
403
409
401
394
396
406
418
410
406
417
404
400
410
415
427
431
412
388
369
371
378
375
376
364
378
362
338
323
325
335
333
331
333
322
306
290
259
245
231
231
197
181
168
151
157
150
154
140
136
118
107
100
95
107
119
121
126
116
117
118
123
124
123
123
105
102
89
88
103
105
89
78
77
75
89
98
77
60
60
76
69
46
34
39
51
71
78
61
64
46
30
15
14
33
31
13
-13
-21
0
-7
-8
-11
-9
14
33
22
19
29
25
25
29
29
24
9
-15
-21
-4
1
-4
-13
-6
-4
1
0
4
8
21
44
48
27
13
-3
-4
-20
-21
-20
-33
-24
0
10
16
3
5
0
-5
-16
-32
-31
-38
-30
-23
-24
-24
-22
-18
-40
-41
-26
-26
-21
-22
-32
-23
-39
-59
-75
-45
-40
-45
-48
-56
-53
-59
-59
-37
-22
-10
-18
-22
-21
-26
-38
-43
-43
-48
-52
-72
-87
-90
-76
-61
-51
-35
-37
-48
-44
-25
-29
-27
-9
-6
0
-17
-38
-58
-72
-42
-37
-43
-59
-68
-57
-58
-59
-69
-71
-51
-42
-32
-14
0
-13
-35
-43
-37
-41
-49
-36
-27
-29
-34
-56
-63
-76
-90
-74
-50
-53
-48
-26
-2
-2
-10
-26
-39
-17
3
-6
-12
-21
-35
-46
-47
-58
-61
-54
-50
-44
-35
-39
-25
-11
-15
-22
-33
-35
-56
-62
-60
-70
-79
-95
-86
-75
-71
-78
-97
-85
-71
-67
-61
-44
-46
-49
-31
-18
-27
-40
-50
-53
-53
-61
-68
-84
-88
-99
-94
-83
-66
-47
-35
-44
-51
-54
-34
-24
-26
-16
-13
-15
-19
-31
-38
-53
-51
-47
-41
-46
-59
-49
-39
-28
-23
-16
-15
-7
-3
-12
-12
-11
-28
-29
-36
-34
-34
-45
-40
-35
-46
-40
-39
-47
-50
-27
-8
-16
-29
-35
-39
-52
-45
-39
-34
-38
-42
-73
-81
-64
-60
-49
-60
-71
-79
-75
-57
-30
-6
-7
-13
-18
-27
-46
-73
-65
-58
-38
-49
-66
-58
-64
-73
-78
-61
-35
-33
-38
-36
-33
-44
-48
-39
-51
-44
-43
-43
-52
-67
-59
-46
-49
-51
-56
-48
-49
-42
-21
-4
-16
-45
-62
-68
-69
-64
-73
-73
-71
-65
-48
-35
-32
-56
-72
-55
-58
-66
-70
-78
-51
-52
-64
-87
-96
-91
-90
-82
-79
-88
-73
-60
-39
-39
-36
-34
-29
-13
-11
6
-9
-49
-72
-68
-60
-51
-66
-68
-65
-68
-56
-35
-26
-17
-4
8
10
18
12
-2
-3
-13
-16
-11
-15
-13
-11
-3
-13
-14
-8
-10
4
20
29
27
-10
-41
-50
-52
-97
-134
-148
-152
-154
-183
-193
-208
-215
-216
-209
-211
-211
-190
-182
-185
-196
-188
-183
-190
-188
-180
-170
-148
-155
-145
-117
-89
-74
-63
-56
-54
-42
-19
-12
-21
-34
-45
-49
-49
-52
-50
-51
-41
-27
-15
-2
3
17
-2
-22
-39
-67
-79
-81
-92
-88
-81
-87
-132
-164
-175
-176
-177
-185
-191
-216
-253
-271
-272
-284
-296
-295
-279
-259
-244
-248
-249
-227
-219
-225
-240
-238
-238
-245
-258
-265
-251
-244
-256
-258
-271
-279
-275
-276
-274
-271
-259
-265
-281
-273
-247
-204
-167
-121
-66
-22
17
57
98
142
169
189
196
181
172
158
137
111
98
69
73
89
86
96
81
63
60
58
59
70
88
99
97
72
69
76
71
50
32
28
18
-3
-12
-11
-9
-7
-2
-5
5
8
-6
-9
-3
16
38
52
59
53
44
31
27
21
13
22
16
2
-7
-11
2
10
32
39
42
28
29
31
42
46
23
17
18
20
14
10
17
13
8
-7
-16
-4
16
4
-14
-16
6
26
8
4
23
37
31
19
5
-14
-33
-40
-39
-29
-29
-25
-13
-8
-1
0
10
25
35
18
1
13
14
23
11
2
-5
-15
-5
1
-12
-10
-2
23
35
28
35
34
35
38
61
70
65
63
44
26
9
-7
-14
-10
4
10
8
8
8
26
41
55
56
36
21
37
56
55
47
43
51
30
14
-18
-43
-56
-55
-43
-30
-10
-7
3
14
36
67
67
52
42
25
17
8
5
-5
-13
-26
-41
-40
-48
-51
-38
-55
-41
-17
-17
-39
-41
-14
2
8
4
-13
-21
-22
-26
-24
-18
-33
-59
-56
-43
-54
-66
-62
-29
8
-10
-9
-8
-22
-18
-18
-24
-35
-44
-37
-20
-33
-64
-60
-44
-33
-23
-21
-20
-49
-40
-25
-25
-19
-27
-30
-39
-39
-20
-13
-14
-21
-29
-25
-33
-30
-17
13
28
35
19
-2
-25
-42
-56
-61
-61
-53
-57
-49
-32
-22
-7
-6
-11
0
-2
-3
-6
-31
-31
-39
-43
-58
-61
-49
-47
-49
-42
-45
-41
-31
-11
-9
-20
-17
-11
2
4
-2
-27
-38
-45
-62
-63
-63
-46
-38
-25
0
12
11
21
34
27
10
8
6
-5
-14
-8
-24
-23
-17
-22
-36
-24
-2
-2
0
-16
2
20
25
9
-29
-50
-63
-81
-55
-59
-70
-66
-60
-59
-70
-65
-52
-36
-45
-73
-66
-73
-91
-106
-106
-104
-114
-131
-158
-167
-166
-172
-159
-156
-151
-138
-127
-114
-117
-123
-138
-138
-131
-137
-132
-127
-132
-125
-99
-105
-93
-105
-110
-108
-94
-74
-44
-13
25
81
161
256
360
479
611
727
847
959
1061
1176
1264
1303
1299
1276
1281
1312
1361
1390
1409
1488
1593
1751
1949
2232
2574
2877
3157
3483
3918
4466
5216
6177
7479
9241
11155
12911
14082
14471
14002
12208
9018
5007
860
-3212
-7998
-13098
-17058
-19337
-20247
-19906
-18139
-15261
-12142
-9421
-7418
-6126
-5257
-4369
-3426
-2643
-1984
-1229
-482
140
616
997
1286
1481
1597
1620
1575
1529
1442
1352
1247
1149
1048
946
870
789
716
629
555
467
406
337
268
189
129
71
3
-67
-125
-180
-237
-289
-352
-402
-436
-472
-525
-565
-605
-616
-632
-630
-638
-635
-592
-566
-552
-527
-499
-470
-455
-434
-419
-396
-358
-335
-304
-275
-227
-205
-199
-163
-145
-146
-149
-135
-124
-124
-104
-97
-105
-114
-122
-125
-123
-112
-98
-89
-83
-76
-80
-78
-71
-50
-36
-31
-45
-46
-45
-43
-43
-27
-14
-8
-7
-12
-28
-32
-22
-31
-22
-24
-27
-43
-55
-37
-33
-40
-45
-42
-24
-22
-11
-9
-28
-38
-53
-49
-53
-67
-90
-121
-133
-145
-167
-216
-247
-282
-322
-342
-369
-419
-471
-510
-576
-647
-693
-733
-789
-843
-884
-929
-985
-1058
-1149
-1226
-1276
-1322
-1389
-1445
-1504
-1589
-1668
-1768
-1853
-1917
-1951
-1995
-2059
-2095
-2117
-2142
-2157
-2174
-2188
-2222
-2246
-2279
-2304
-2320
-2337
-2352
-2338
-2314
-2285
-2273
-2254
-2212
-2174
-2135
-2090
-2007
-1930
-1856
-1757
-1639
-1534
-1419
-1274
-1087
-839
-536
-233
52
321
607
893
1176
1434
1633
1721
1719
1685
1712
1811
1968
2088
2136
2194
2202
2193
2272
2397
2509
2548
2512
2379
2200
1948
1652
1560
1685
1865
1985
2030
2056
2150
2346
2598
2780
2816
2751
2614
2415
2162
1891
1591
1306
1040
803
566
346
182
53
-36
-113
-175
-180
-204
-217
-201
-188
-181
-167
-161
-150
-120
-73
-26
11
52
79
81
65
56
57
57
80
87
91
104
111
115
132
159
181
183
193
214
240
245
238
256
290
315
300
278
273
275
273
256
228
207
184
165
141
117
97
67
51
22
17
11
3
-16
-19
-10
-15
-34
-32
-13
8
1
-5
8
3
10
19
34
50
47
58
59
64
59
49
52
32
13
37
41
35
23
19
21
12
14
15
36
33
26
22
13
16
2
12
29
17
-14
-39
-45
-46
-30
-12
-10
5
19
32
44
54
64
69
71
64
59
61
69
49
37
30
14
9
17
34
24
41
45
40
58
52
56
43
25
11
12
27
27
26
33
7
-2
0
8
8
-21
-29
-58
-58
-40
-35
-30
-32
-22
5
37
50
36
20
6
-3
-20
-18
-21
-13
-8
-32
-52
-41
-48
-54
-42
-28
-32
-49
-47
-17
-15
-5
15
22
6
-16
-25
-20
-3
-16
-46
-35
-28
-13
-28
-51
-48
-19
17
11
-15
-16
-18
14
11
5
6
1
9
11
10
-11
-28
-31
-20
4
-2
-28
-48
-41
-12
21
31
31
42
57
64
70
60
48
46
39
44
53
44
33
12
8
24
36
53
45
33
31
43
57
42
35
28
33
51
34
30
9
5
8
4
14
-1
0
19
18
18
23
53
78
81
74
52
37
12
0
-13
-5
17
18
30
33
40
60
87
66
57
66
74
78
92
113
113
113
119
119
113
101
102
107
104
95
72
67
65
67
69
87
101
100
117
113
115
127
113
96
84
67
60
45
31
20
25
33
20
13
2
1
-10
-8
21
36
45
50
40
40
29
7
-16
-28
-38
-68
-89
-83
-76
-68
-72
-64
-45
-53
-48
-46
-21
-6
0
4
13
10
0
-1
-18
-16
-1
-21
-45
-56
-51
-52
-63
-69
-79
-60
-49
-52
-39
-26
-25
-23
-24
-39
-60
-83
-103
-112
-125
-129
-136
-151
-136
-135
-137
-116
-96
-87
-92
-91
-88
-88
-72
-52
-41
-27
-15
-31
-46
-61
-65
-74
-74
-82
-103
-108
-108
-102
-98
-71
-25
24
81
141
225
320
406
496
560
633
697
755
820
866
918
970
1006
1040
1046
1049
1066
1064
1057
1034
996
979
938
872
815
761
744
733
704
668
658
653
635
622
607
586
571
559
544
518
502
486
460
429
392
354
321
284
253
230
230
217
185
160
163
175
176
179
168
156
173
199
242
252
265
286
306
317
309
339
367
364
368
368
356
358
337
312
274
270
276
252
226
228
234
224
206
192
181
193
202
184
178
183
192
193
166
155
155
168
171
173
179
165
171
151
136
131
126
128
138
148
143
134
127
104
102
123
121
119
116
105
81
68
65
75
81
70
60
45
25
35
27
44
64
65
69
62
63
64
50
45
62
67
60
34
15
23
29
33
36
22
18
36
46
54
63
61
57
61
67
42
9
14
15
15
11
12
16
14
-4
-2
12
25
11
5
4
3
15
-3
12
38
55
45
22
17
6
-3
-16
-23
-22
-21
-20
3
5
-5
-10
-3
-4
9
14
4
-4
-9
11
18
-2
-10
6
-1
-19
-40
-33
-40
-54
-55
-65
-62
-49
-31
-13
-4
6
-6
-17
-26
-33
-38
-45
-49
-59
-63
-47
-39
-42
-44
-48
-40
-31
-34
-37
-34
-41
-51
-49
-49
-35
-23
-19
-25
-48
-60
-64
-67
-61
-48
-41
-38
-32
-34
-36
-6
8
4
-2
-25
-39
-39
-57
-51
-46
-40
-42
-32
-28
-34
-35
-42
-41
-20
-20
-25
-37
-41
-44
-41
-38
-42
-51
-52
-42
-51
-57
-50
-60
-50
-35
-32
-26
-30
-25
-13
-11
-13
-12
-28
-43
-75
-97
-115
-127
-112
-107
-109
-109
-108
-92
-80
-71
-67
-60
-49
-59
-53
-47
-53
-48
-41
-36
-39
-39
-55
-71
-73
-69
-46
-31
-14
-16
-21
-12
0
14
9
-7
-29
-40
-33
-35
-32
-20
-36
-40
-45
-43
-34
-18
-14
-14
-25
-35
-52
-66
-66
-67
-45
-40
-41
-52
-55
-40
-34
-34
-37
-32
-31
-44
-52
-58
-41
-25
-26
-36
-55
-53
-48
-43
-39
-43
-32
-21
-23
-30
-40
-47
-62
-52
-52
-50
-61
-56
-58
-65
-62
-57
-39
-31
-38
-34
-38
-46
-41
-47
-56
-73
-83
-84
-77
-74
-85
-77
-62
-52
-66
-41
-29
-37
-43
-40
-23
-16
-8
-19
-38
-41
-39
-46
-69
-71
-64
-73
-84
-86
-60
-41
-31
-46
-53
-29
-34
-27
-42
-43
-38
-64
-67
-64
-64
-81
-94
-93
-63
-59
-54
-48
-50
-74
-68
-65
-74
-59
-50
-47
-53
-59
-36
-34
-52
-63
-61
-62
-81
-90
-71
-65
-50
-38
-33
-24
-22
-24
-19
-5
-4
-4
-2
10
19
8
-8
-23
-20
-13
-11
-20
-38
-35
-34
-41
-33
-32
-31
-21
-42
-64
-84
-92
-88
-81
-83
-97
-131
-135
-138
-162
-198
-207
-205
-200
-188
-180
-172
-167
-162
-148
-121
-95
-84
-85
-60
-31
-13
13
27
40
55
61
56
59
59
46
40
46
44
37
34
33
20
24
30
27
32
27
28
8
1
-6
-19
-12
-9
-35
-52
-71
-97
-127
-141
-166
-181
-194
-208
-224
-234
-264
-297
-327
-346
-345
-356
-367
-358
-347
-343
-335
-319
-317
-304
-273
-273
-261
-264
-273
-280
-274
-286
-309
-327
-359
-398
-407
-423
-417
-399
-362
-268
-181
-87
-10
45
98
143
188
234
287
316
331
341
343
339
328
305
305
279
225
177
149
125
106
86
64
52
69
53
48
34
35
41
27
20
23
22
6
-23
-32
-21
-19
-36
-55
-64
-78
-66
-49
-36
-14
-9
9
20
13
12
4
22
34
33
52
55
59
57
69
71
69
66
59
45
6
0
16
24
37
39
47
58
58
81
102
105
90
87
94
81
62
48
54
70
59
37
27
11
0
5
2
13
17
29
33
38
34
29
46
50
48
55
41
8
2
25
39
26
22
14
15
15
25
27
29
50
58
48
51
50
44
28
19
22
30
34
34
21
0
4
14
27
28
24
48
54
38
35
37
29
24
8
7
-17
-24
-19
-12
7
14
7
18
22
31
20
34
41
28
33
25
8
4
6
-1
6
15
20
18
14
28
39
37
29
19
21
40
35
26
37
26
9
7
10
11
-7
-8
3
10
30
46
51
54
45
39
30
22
14
3
1
-8
-15
-28
-37
-40
-22
-28
-41
-46
-34
-19
-9
-29
-16
-4
-6
-15
-30
-20
-22
-26
-33
-24
-23
-46
-59
-51
-38
-27
-26
-28
-16
2
6
7
18
17
22
6
-16
-18
-26
-35
-40
-40
-16
-11
-20
-22
-32
-31
-38
-38
-32
-19
-2
-5
-17
-22
-32
-44
-59
-46
-52
-39
-41
-43
-18
-14
-18
-17
-16
-2
-22
-21
-17
-20
-22
-28
-22
-24
-17
-30
-37
-31
-8
9
-3
10
10
-1
-6
-19
-20
-9
-17
-29
-37
-46
-37
-35
-36
-46
-49
-48
-56
-54
-53
-50
-29
-17
-13
-15
-23
-18
-36
-41
-58
-88
-91
-81
-64
-61
-44
-26
-10
-4
-1
19
32
1
-15
-13
6
18
20
10
2
3
-6
-5
-26
-18
16
14
-8
-20
-13
-21
-20
-8
-16
-41
-52
-40
-50
-62
-64
-60
-59
-69
-79
-85
-88
-97
-90
-78
-90
-102
-124
-124
-128
-134
-112
-121
-132
-144
-137
-128
-127
-117
-118
-131
-126
-127
-143
-162
-161
-138
-134
-123
-127
-110
-98
-111
-117
-94
-71
-57
-51
-48
-48
-37
-27
-10
36
103
197
297
404
522
652
795
905
1006
1115
1189
1240
1225
1186
1167
1184
1244
1308
1369
1425
1516
1697
1940
2261
2626
2975
3279
3649
4151
4780
5627
6755
8278
10169
12178
14076
15628
16540
16375
14628
11399
7288
2628
-2981
-10221
-17685
-23166
-25900
-26272
-24751
-21991
-18827
-15807
-13106
-10646
-8196
-5723
-3501
-1784
-550
480
1311
1889
2275
2508
2647
2723
2691
2575
2414
2215
2005
1792
1580
1395
1243
1079
941
821
714
620
505
418
328
258
192
129
94
51
16
-42
-98
-124
-162
-210
-246
-273
-307
-344
-372
-384
-403
-425
-444
-432
-434
-441
-454
-445
-421
-402
-394
-388
-372
-331
-289
-287
-283
-247
-198
-170
-145
-129
-117
-101
-97
-97
-83
-73
-61
-52
-38
-43
-49
-51
-59
-73
-94
-87
-89
-93
-93
-117
-107
-95
-90
-73
-81
-88
-80
-77
-78
-68
-55
-43
-65
-73
-95
-98
-69
-76
-78
-79
-74
-67
-70
-75
-75
-58
-46
-50
-42
-55
-58
-53
-55
-65
-72
-75
-98
-121
-114
-101
-98
-104
-102
-109
-126
-123
-146
-178
-206
-245
-279
-308
-356
-425
-501
-567
-628
-713
-806
-882
-950
-1018
-1070
-1144
-1218
-1299
-1386
-1456
-1515
-1574
-1628
-1708
-1785
-1873
-1959
-2039
-2121
-2187
-2237
-2289
-2325
-2351
-2381
-2423
-2449
-2455
-2500
-2537
-2594
-2612
-2611
-2629
-2644
-2647
-2629
-2603
-2577
-2557
-2538
-2492
-2412
-2305
-2200
-2124
-2033
-1919
-1781
-1625
-1459
-1269
-1027
-723
-375
-4
403
780
1122
1479
1871
2212
2403
2440
2374
2308
2322
2445
2626
2724
2790
2845
2811
2730
2743
2845
2922
2873
2688
2438
2162
1761
1377
1251
1340
1561
1786
1945
2125
2402
2752
3081
3265
3291
3220
3081
2885
2612
2283
1970
1671
1352
1050
746
464
243
33
-145
-292
-388
-445
-479
-489
-466
-412
-334
-270
-192
-92
11
115
192
265
338
403
458
494
534
559
579
593
573
579
612
616
599
586
571
530
513
520
515
514
517
515
518
510
523
513
507
498
473
452
437
421
394
347
310
289
246
207
181
145
98
61
44
19
15
12
-5
-27
-23
-9
-10
5
23
44
48
50
62
94
133
165
175
185
196
205
197
206
218
204
197
189
185
164
131
95
74
88
76
41
26
-10
-29
-36
-58
-67
-80
-101
-112
-102
-105
-109
-115
-130
-125
-116
-122
-136
-142
-127
-110
-86
-86
-90
-85
-79
-77
-77
-79
-74
-88
-101
-108
-120
-117
-142
-146
-118
-92
-68
-55
-44
-22
-19
-19
-8
2
10
21
28
24
17
27
32
44
39
23
4
3
8
-1
14
35
48
41
22
22
21
26
36
29
43
47
44
21
-2
-9
-3
-2
-16
-20
-22
-25
-31
-23
2
13
13
16
1
-3
11
-1
-10
-33
-33
-38
-41
-39
-33
-29
-9
-11
10
16
22
15
14
1
-15
-13
-29
-41
-41
-39
-42
-50
-38
-41
-54
-58
-47
-48
-43
-29
-17
-16
-20
-30
-33
-41
-44
-48
-60
-70
-56
-44
-49
-48
-38
-33
-34
-26
-25
-6
31
34
29
9
4
5
-4
-10
-18
-24
-31
-37
-36
-41
-50
-51
-66
-64
-55
-51
-49
-31
-3
-6
-12
-19
-25
-30
-35
-54
-71
-72
-85
-100
-111
-122
-117
-97
-100
-112
-120
-124
-127
-111
-103
-100
-109
-120
-137
-145
-140
-137
-127
-143
-173
-201
-203
-200
-200
-205
-208
-191
-186
-172
-147
-134
-145
-159
-181
-185
-194
-192
-210
-222
-242
-268
-274
-275
-285
-287
-278
-280
-284
-285
-288
-292
-312
-307
-294
-286
-286
-276
-238
-243
-263
-278
-281
-276
-270
-266
-251
-227
-204
-189
-173
-159
-150
-136
-100
-58
-28
-5
36
66
90
124
143
164
197
217
242
260
260
264
269
274
269
280
285
282
267
247
251
254
240
228
216
221
204
190
195
203
233
250
250
243
224
210
232
269
298
296
293
301
314
333
348
356
346
326
320
313
314
306
313
321
333
351
364
373
380
385
410
408
408
395
386
394
395
381
372
371
385
380
399
401
419
449
446
439
452
473
480
493
511
526
543
574
625
652
662
686
709
720
740
760
780
779
781
780
779
776
767
741
717
691
674
661
651
629
600
594
585
562
550
541
544
522
478
452
432
414
365
356
356
335
319
295
260
238
228
220
191
172
190
200
199
188
178
156
158
188
215
235
237
237
240
230
228
217
210
207
210
195
175
177
177
185
194
195
201
218
215
212
216
228
211
196
189
202
201
173
160
155
134
137
129
130
121
112
122
118
116
107
98
94
92
98
93
95
80
65
73
70
62
61
50
31
17
19
29
19
-4
-7
0
13
34
53
68
66
58
32
15
12
-1
-10
-6
-8
-14
-17
-39
-46
-31
-23
-15
-11
-7
-4
-1
4
17
34
28
14
21
14
-5
-22
-29
-14
-20
-37
-65
-64
-61
-56
-48
-47
-42
-30
-46
-36
-32
-19
-4
-11
-5
-19
-37
-43
-60
-58
-47
-64
-70
-58
-61
-68
-66
-49
-56
-62
-58
-40
-31
-35
-25
-13
-4
1
6
2
-30
-50
-48
-43
-53
-87
-97
-92
-88
-82
-75
-71
-83
-77
-75
-62
-29
-20
-32
-26
-4
-1
-18
-25
-31
-35
-37
-67
-82
-101
-110
-83
-84
-85
-79
-77
-63
-71
-64
-51
-51
-41
-48
-50
-40
-52
-59
-57
-58
-73
-78
-70
-59
-52
-70
-72
-67
-73
-69
-62
-40
-29
-15
-21
-33
-32
-32
-35
-39
-52
-51
-68
-69
-95
-96
-81
-70
-76
-83
-62
-59
-67
-65
-67
-66
-53
-60
-57
-67
-76
-73
-65
-62
-69
-69
-88
-111
-112
-99
-86
-79
-90
-78
-57
-53
-42
-65
-65
-53
-43
-31
-24
-32
-57
-64
-68
-83
-81
-74
-63
-78
-75
-51
-45
-42
-36
-17
-4
-16
-38
-49
-44
-40
-37
-34
-47
-62
-68
-68
-63
-45
-24
-41
-47
-41
-40
-34
-39
-29
-21
-8
10
1
-2
-8
-38
-43
-48
-42
-63
-84
-75
-66
-63
-63
-66
-55
-47
-37
-30
-27
-23
-27
-26
-32
-41
-49
-61
-59
-57
-57
-57
-66
-71
-79
-87
-78
-69
-52
-34
-20
-21
-27
-27
-28
-36
-42
-55
-57
-57
-64
-63
-60
-55
-71
-70
-55
-42
-27
-23
-20
-15
-13
-19
-30
-26
-41
-62
-80
-75
-48
-68
-80
-86
-94
-77
-93
-88
-63
-57
-54
-46
-37
-51
-78
-99
-96
-83
-81
-87
-110
-126
-121
-136
-141
-129
-107
-95
-98
-89
-97
-106
-85
-72
-74
-72
-63
-72
-103
-89
-84
-99
-112
-134
-142
-145
-155
-159
-153
-136
-117
-100
-78
-78
-78
-86
-76
-80
-85
-85
-115
-130
-134
-131
-123
-120
-109
-112
-115
-104
-110
-113
-113
-91
-63
-45
-28
-35
-45
-28
-9
0
-8
-26
-70
-86
-76
-88
-79
-77
-67
-61
-85
-102
-107
-107
-99
-102
-97
-106
-128
-131
-152
-142
-135
-162
-192
-199
-199
-212
-235
-245
-256
-268
-301
-339
-371
-402
-413
-423
-422
-466
-524
-558
-582
-585
-552
-497
-449
-388
-318
-274
-253
-240
-208
-177
-166
-161
-151
-148
-153
-154
-155
-158
-168
-192
-217
-232
-261
-293
-321
-335
-342
-344
-330
-299
-283
-246
-188
-149
-92
-42
-8
2
2
7
19
14
5
7
24
33
31
31
52
66
79
87
95
107
106
119
133
141
135
135
132
109
95
103
115
122
120
115
116
138
166
165
142
141
143
127
100
94
86
81
73
52
49
54
50
59
83
104
127
135
133
137
134
113
90
94
100
102
102
97
101
112
107
116
119
127
140
152
158
169
179
170
160
168
174
163
148
132
116
120
91
64
52
57
55
53
60
59
50
56
65
78
99
81
68
76
80
91
86
83
80
73
77
61
75
62
51
62
57
65
70
80
79
76
106
106
102
96
86
94
81
56
56
51
45
36
30
24
32
29
31
48
43
47
42
46
53
61
59
42
36
25
27
18
11
2
5
5
14
8
6
3
1
20
32
34
26
24
29
24
21
28
19
1
-14
-15
-3
-13
-8
-7
7
25
29
32
17
22
24
35
38
18
3
13
26
21
-2
-9
-14
-21
-27
-26
-9
-12
-22
-19
13
27
13
11
-1
1
-18
-17
-26
-40
-42
-35
-43
-53
-51
-42
-26
-27
-18
-20
-28
-19
-22
-25
-28
-32
-34
-42
-30
-28
-18
-17
-33
-36
-17
-21
-25
-20
-18
-15
-9
-13
-27
-34
-45
-55
-60
-45
-46
-28
-9
-4
-5
-7
-9
-4
0
1
16
2
-21
-57
-70
-68
-53
-41
-31
-45
-60
-61
-65
-61
-43
-24
-15
0
-6
-32
-52
-58
-42
-49
-43
-47
-69
-61
-69
-67
-62
-52
-38
-32
-22
-14
-16
-24
-18
-5
-4
3
-17
-15
-17
-26
-42
-56
-59
-52
-60
-44
-36
-34
-19
-10
6
4
8
-6
-13
-14
-4
-6
-16
-53
-88
-88
-86
-93
-82
-74
-83
-81
-78
-86
-81
-80
-74
-71
-85
-90
-121
-119
-121
-119
-112
-119
-114
-121
-134
-140
-146
-147
-140
-120
-105
-113
-116
-124
-119
-107
-100
-87
-89
-81
-83
-97
-111
-122
-130
-124
-102
-102
-98
-84
-70
-49
-30
17
84
138
196
277
366
461
531
582
642
695
714
700
629
551
524
544
589
661
747
838
940
1101
1372
1694
2054
2393
2699
3087
3574
4244
5186
6435
8131
10117
12127
13987
15571
16509
16149
13943
10063
5076
-605
-6894
-13487
-18893
-21808
-22520
-21904
-20786
-19202
-17270
-15206
-12837
-10176
-7399
-4738
-2422
-639
654
1614
2287
2734
2973
3074
3098
3045
2921
2721
2506
2276
2036
1796
1592
1403
1212
1049
900
753
642
537
446
352
278
220
165
116
81
45
6
-37
-83
-148
-191
-215
-236
-263
-300
-320
-334
-350
-378
-389
-408
-432
-427
-433
-426
-422
-406
-385
-350
-332
-306
-279
-262
-244
-232
-204
-186
-170
-149
-145
-145
-127
-101
-77
-70
-68
-74
-67
-50
-31
-23
-35
-40
-60
-82
-79
-99
-96
-82
-67
-54
-57
-54
-63
-54
-34
-21
-13
-11
-13
-7
6
-4
-24
-47
-50
-56
-64
-78
-80
-62
-45
-36
-16
-2
1
11
13
6
2
-11
-27
-30
-46
-46
-66
-73
-77
-96
-69
-72
-85
-103
-112
-101
-111
-126
-149
-183
-209
-247
-279
-326
-374
-426
-517
-587
-648
-736
-822
-883
-942
-1020
-1089
-1162
-1239
-1317
-1389
-1452
-1516
-1588
-1673
-1754
-1824
-1927
-2037
-2120
-2188
-2242
-2277
-2313
-2375
-2423
-2454
-2462
-2474
-2486
-2518
-2547
-2566
-2569
-2574
-2605
-2610
-2585
-2559
-2537
-2525
-2500
-2456
-2366
-2281
-2170
-2011
-1891
-1787
-1652
-1497
-1300
-1106
-899
-644
-306
85
480
871
1219
1586
1985
2369
2665
2821
2808
2720
2652
2661
2788
2969
3058
3109
3106
3018
2918
2906
2963
2979
2850
2577
2258
1912
1448
1041
914
1027
1269
1504
1702
1918
2207
2537
2804
2927
2896
2760
2588
2366
2088
1762
1447
1178
913
669
432
230
75
-40
-110
-135
-146
-160
-167
-147
-123
-98
-86
-114
-124
-121
-125
-131
-109
-85
-71
-39
-8
13
23
31
22
5
-4
-4
21
23
16
26
40
50
92
120
125
132
126
128
151
179
193
195
190
187
175
171
170
172
136
111
83
66
72
48
32
3
-14
-23
-40
-47
-48
-53
-58
-68
-53
-43
-48
-44
-22
-14
3
17
26
55
58
51
42
45
66
77
69
70
68
68
88
82
33
6
6
13
12
19
23
4
4
7
1
9
18
19
3
-3
-16
-36
-51
-44
-19
-26
-37
-40
-52
-65
-57
-54
-49
-46
-29
-32
-31
-34
-52
-63
-65
-55
-47
-60
-67
-63
-70
-75
-70
-57
-65
-82
-58
-44
-33
-20
-23
-11
-2
10
-9
-28
-26
-30
-31
-33
-23
-26
-39
-32
-24
0
7
-6
-13
-15
-9
-27
-38
-17
7
6
-16
-16
-22
-26
-8
-2
3
15
-6
-34
-37
-30
-32
-39
-39
-44
-61
-63
-65
-61
-69
-68
-66
-58
-38
-44
-42
-50
-56
-53
-48
-51
-65
-59
-62
-80
-73
-70
-67
-67
-67
-65
-66
-56
-40
-17
-22
-36
-35
-51
-53
-57
-54
-37
-39
-49
-63
-59
-55
-49
-37
-45
-40
-40
-38
-27
-32
-33
-9
-9
-14
-22
-38
-16
6
-6
-26
-45
-29
-15
-7
1
4
2
-10
-25
-36
-41
-31
-42
-59
-79
-79
-77
-91
-88
-106
-117
-116
-131
-163
-191
-191
-183
-180
-193
-209
-210
-192
-173
-169
-179
-197
-198
-199
-208
-209
-191
-173
-147
-131
-109
-91
-89
-87
-75
-72
-73
-83
-84
-73
-62
-35
-17
5
31
63
79
88
99
117
141
177
202
236
248
266
290
292
309
294
288
279
258
255
258
256
252
259
269
265
264
261
254
253
259
282
290
301
297
289
305
302
285
265
271
284
260
255
255
252
231
224
218
206
195
201
218
245
253
242
239
250
241
236
221
203
197
173
143
135
141
144
159
161
156
167
184
181
159
176
188
197
193
193
201
194
181
192
187
173
156
145
147
147
148
133
136
153
178
185
182
170
161
174
182
162
166
179
177
160
161
164
161
145
158
153
157
156
156
188
210
220
226
230
240
244
250
240
232
239
237
246
270
303
310
304
297
299
328
357
353
347
363
425
450
456
468
476
473
490
502
488
493
485
475
496
488
464
444
427
420
410
416
410
397
393
387
363
352
342
331
317
301
304
290
283
267
266
279
249
232
228
207
196
207
211
211
229
243
232
237
239
253
243
232
241
239
229
202
186
184
188
214
208
217
224
228
226
224
217
222
238
251
241
228
192
179
189
185
164
136
126
133
140
125
112
100
94
89
98
103
93
100
88
84
79
75
65
46
49
51
70
59
34
41
36
36
37
32
27
19
40
49
48
26
-6
1
19
34
13
10
9
-19
-28
-20
-7
-9
-17
-8
-8
-12
-8
-1
13
7
-8
-7
-14
-12
-19
-30
-34
-37
-37
-44
-54
-36
-29
-24
-34
-30
1
9
0
-27
-35
-23
-4
2
-19
-27
-38
-55
-70
-74
-64
-60
-64
-56
-51
-35
-34
-28
-24
-24
-14
-19
-28
-45
-38
-29
-32
-44
-57
-61
-64
-70
-85
-81
-71
-68
-62
-41
-25
-21
-27
-28
-20
-20
-25
-37
-63
-81
-78
-93
-80
-75
-69
-71
-74
-61
-63
-46
-47
-48
-36
-40
-47
-71
-71
-59
-58
-70
-86
-82
-72
-76
-72
-73
-55
-49
-40
-26
-18
-16
-24
-25
-42
-38
-36
-49
-67
-70
-72
-65
-45
-43
-46
-46
-45
-54
-48
-38
-35
-30
-26
-19
-27
-44
-38
-49
-58
-68
-82
-78
-81
-58
-67
-64
-50
-57
-43
-47
-35
-20
-13
-20
-18
-21
-38
-52
-63
-88
-103
-119
-114
-116
-106
-93
-80
-74
-81
-77
-79
-70
-53
-56
-70
-83
-72
-76
-84
-86
-76
-77
-91
-103
-104
-108
-105
-79
-50
-43
-41
-44
-35
-43
-46
-22
-34
-37
-49
-52
-27
-42
-50
-64
-66
-47
-45
-45
-47
-39
-29
-39
-50
-47
-46
-50
-54
-56
-70
-68
-65
-74
-56
-46
-53
-50
-51
-50
-45
-44
-40
-34
-48
-63
-45
-33
-40
-41
-37
-34
-49
-59
-60
-50
-34
-48
-56
-47
-47
-41
-26
-21
-22
-20
-13
-24
-33
-53
-60
-69
-81
-61
-53
-42
-56
-73
-67
-58
-41
-33
-31
-45
-58
-45
-32
-26
-28
-50
-48
-52
-52
-54
-52
-36
-38
-48
-52
-40
-31
-35
-40
-55
-52
-45
-55
-65
-69
-58
-39
-37
-32
-28
-29
-30
-52
-55
-63
-77
-76
-59
-44
-37
-35
-33
-32
-13
-9
-18
-27
-41
-29
-35
-38
-42
-47
-54
-61
-57
-55
-59
-54
-55
-43
-33
-29
-40
-40
-29
-27
-36
-46
-39
-35
-52
-59
-65
-82
-91
-88
-81
-79
-76
-72
-57
-36
1
2
-7
-18
-33
-33
-27
-25
-52
-66
-80
-84
-88
-86
-72
-76
-76
-70
-62
-65
-88
-72
-59
-62
-56
-73
-81
-83
-96
-118
-130
-152
-178
-189
-182
-170
-155
-161
-172
-184
-183
-166
-137
-105
-86
-73
-78
-98
-101
-97
-94
-88
-72
-61
-59
-62
-58
-61
-71
-99
-113
-94
-91
-71
-63
-77
-78
-67
-43
-15
-12
-13
-31
-36
-52
-77
-104
-129
-135
-138
-141
-157
-199
-250
-289
-308
-335
-362
-381
-393
-392
-400
-377
-356
-335
-311
-296
-313
-346
-375
-393
-393
-378
-347
-337
-327
-308
-287
-264
-254
-247
-236
-236
-218
-200
-180
-191
-202
-210
-205
-173
-167
-156
-153
-130
-94
-90
-81
-63
-58
-55
-58
-35
-35
-21
-1
13
11
6
-9
-26
-10
-13
-30
-42
-31
-7
18
42
47
39
29
38
43
53
57
50
49
45
61
75
68
51
39
38
45
39
37
38
43
54
64
62
52
57
54
67
74
64
59
27
40
42
39
47
45
62
58
64
74
64
56
43
50
57
64
43
30
35
34
37
39
24
3
1
2
2
27
41
25
18
46
58
60
75
72
59
44
49
37
22
27
39
40
28
23
29
44
52
51
49
47
56
76
67
56
50
40
54
56
56
48
36
38
36
37
35
47
55
54
49
36
45
51
55
57
58
70
69
56
27
5
-6
-7
0
1
8
16
12
8
24
30
36
57
56
44
36
49
51
48
32
15
26
15
5
1
-11
1
14
24
23
12
11
11
34
32
20
26
14
1
-17
-27
-32
-35
-17
-25
-36
-40
-32
-17
-30
-52
-47
-35
-19
-18
-3
11
0
-4
-8
-27
-33
-39
-29
-26
-26
-35
-44
-38
-35
-21
-2
-11
-23
-20
-4
2
-8
-32
-45
-38
-39
-36
-34
-32
-31
-25
-12
-21
-31
-17
-19
-8
-6
-10
-24
-44
-49
-51
-31
-17
-19
-10
2
26
20
9
20
18
17
0
-22
-15
-12
-24
-27
-30
-36
-53
-69
-63
-64
-37
-23
-29
-23
-18
-19
-10
-18
-15
-25
-24
-29
-21
-30
-59
-82
-65
-36
-35
-35
-47
-42
-25
-20
-9
8
24
37
32
52
54
45
40
28
16
-15
-44
-57
-49
-47
-33
-24
-18
-26
-21
-18
-26
-28
-29
-36
-37
-47
-61
-61
-57
-60
-47
-27
-29
-30
-22
-30
-38
-46
-52
-59
-64
-70
-76
-87
-108
-108
-104
-105
-113
-121
-125
-133
-116
-93
-82
-69
-77
-74
-91
-103
-118
-125
-109
-106
-93
-69
-70
-80
-100
-102
-80
-74
-72
-59
-20
-5
-7
23
78
127
186
268
369
487
588
677
745
836
906
960
990
963
924
901
915
967
1042
1098
1165
1291
1429
1605
1853
2195
2557
2849
3088
3389
3772
4287
5045
5994
7319
9038
10898
12543
13621
13975
13488
11680
8596
4784
784
-3433
-8591
-13996
-18065
-20259
-20771
-19866
-17721
-14810
-11879
-9285
-7264
-5929
-4861
-3747
-2690
-1893
-1271
-600
46
590
1015
1290
1487
1629
1686
1662
1592
1537
1438
1327
1195
1052
956
862
764
664
600
537
448
373
296
245
186
134
81
36
-22
-72
-127
-167
-212
-267
-334
-380
-408
-435
-467
-491
-480
-489
-497
-499
-483
-468
-469
-480
-453
-446
-439
-401
-374
-364
-343
-316
-289
-258
-224
-203
-179
-155
-130
-96
-88
-75
-62
-67
-69
-75
-67
-77
-95
-99
-105
-105
-110
-105
-112
-117
-107
-118
-124
-130
-118
-102
-102
-108
-122
-105
-105
-108
-103
-98
-91
-97
-108
-95
-68
-50
-54
-54
-57
-62
-58
-53
-49
-41
-46
-58
-48
-53
-57
-58
-68
-65
-57
-54
-70
-64
-71
-90
-102
-102
-97
-121
-149
-179
-193
-219
-269
-332
-386
-442
-492
-556
-607
-664
-718
-763
-811
-868
-920
-982
-1032
-1090
-1144
-1194
-1252
-1298
-1366
-1433
-1495
-1566
-1654
-1742
-1813
-1871
-1937
-1996
-2049
-2082
-2110
-2150
-2197
-2237
-2260
-2300
-2330
-2355
-2400
-2429
-2450
-2454
-2444
-2418
-2402
-2386
-2374
-2342
-2303
-2245
-2206
-2137
-2055
-1958
-1865
-1761
-1652
-1548
-1402
-1214
-965
-689
-397
-55
228
500
772
1061
1357
1570
1644
1622
1596
1604
1674
1821
1961
2012
2049
2063
2084
2183
2340
2472
2531
2509
2407
2252
1999
1723
1657
1797
1988
2138
2193
2231
2338
2544
2829
3089
3166
3105
2973
2789
2536
2247
1942
1640
1362
1079
797
530
347
193
51
-55
-113
-138
-158
-176
-193
-201
-194
-190
-206
-210
-188
-158
-119
-79
-43
-18
-1
-3
-19
-5
4
19
40
46
65
63
69
83
101
147
146
148
161
186
206
219
256
263
270
267
259
260
258
263
248
219
214
175
154
150
126
108
80
64
43
26
17
7
18
4
-18
-24
-28
-39
-36
-12
-6
-10
-10
5
8
6
7
18
31
50
56
49
58
42
48
64
52
44
18
6
5
-15
-17
-14
-9
-8
7
25
33
37
23
40
56
44
25
-13
-7
7
9
-4
-13
-15
-18
-9
-6
-10
2
13
36
55
61
72
65
66
84
98
99
104
99
91
82
80
84
71
56
72
85
66
56
53
44
40
39
44
36
28
18
20
41
48
28
6
-19
-22
-26
-23
-27
-37
-47
-57
-52
-43
-52
-48
-48
-38
-37
-49
-45
-57
-49
-53
-58
-52
-55
-43
-58
-69
-75
-69
-63
-67
-57
-43
-44
-47
-43
-37
-49
-63
-57
-58
-38
-35
-21
-17
-41
-51
-48
-26
-12
-25
-44
-59
-50
-26
-26
-11
1
-3
11
-2
-3
-6
3
16
20
16
-8
-10
1
-18
-36
-33
-31
-46
-52
-37
-13
-8
-3
8
0
-3
-4
-5
-5
-19
-33
-36
-27
-22
-30
-27
-30
-36
-41
-28
-24
-5
14
26
21
23
45
52
35
12
18
24
13
-5
-11
1
4
-7
8
9
6
31
38
30
35
47
45
43
57
47
40
35
39
32
23
16
25
37
34
13
9
10
17
28
38
56
63
59
50
48
72
59
43
45
53
49
18
-9
-2
1
1
8
15
8
5
27
27
13
12
29
38
36
43
47
41
17
15
23
-11
-35
-59
-56
-63
-88
-74
-56
-56
-47
-50
-50
-39
-42
-37
-31
-26
-20
-25
-44
-47
-39
-27
-24
-42
-65
-83
-101
-108
-106
-126
-118
-107
-109
-93
-92
-92
-74
-68
-80
-106
-111
-127
-126
-136
-165
-177
-198
-231
-253
-251
-250
-260
-261
-255
-227
-206
-203
-206
-216
-212
-212
-204
-194
-187
-172
-176
-191
-206
-222
-236
-240
-236
-229
-207
-169
-143
-104
-40
-6
41
81
109
166
199
233
249
280
337
400
460
526
571
620
672
755
813
845
862
875
910
922
948
950
930
934
913
880
850
816
800
783
759
735
707
681
656
674
671
661
642
626
593
565
539
495
451
420
392
358
313
279
245
228
216
202
196
204
207
218
228
236
238
249
267
284
305
310
329
358
377
389
420
409
402
385
379
368
365
368
327
314
295
279
268
257
258
259
260
257
240
225
204
197
193
178
166
159
153
148
134
127
128
131
129
127
132
123
127
128
129
121
102
112
118
114
106
94
94
91
85
73
58
69
80
89
110
106
98
96
100
99
89
83
63
45
33
32
32
18
24
32
28
33
39
40
28
41
49
50
59
41
39
53
45
26
12
-6
-16
2
-9
-22
-22
-13
-9
-13
-20
-2
19
34
49
67
76
89
78
43
20
12
0
-9
-13
-8
4
4
-6
-16
-18
-6
1
-16
-20
-25
5
14
8
4
-2
-6
-8
-3
-21
-40
-36
-30
-26
-32
-19
-4
-26
-23
-27
-14
-4
-21
-25
-15
12
5
-16
-32
-44
-62
-61
-73
-72
-76
-75
-63
-71
-68
-72
-51
-9
12
16
2
0
-3
-14
-24
-22
-13
-25
-41
-46
-52
-65
-73
-72
-66
-42
-16
-32
-36
-41
-37
-15
-15
-38
-56
-58
-46
-37
-22
-29
-37
-38
-55
-48
-59
-70
-63
-64
-58
-51
-59
-52
-24
3
22
19
4
-11
-19
-22
-21
-25
-46
-51
-64
-65
-46
-26
-17
-26
-21
-25
-29
-38
-39
-25
-11
-15
-26
-30
-20
-36
-50
-63
-58
-47
-56
-55
-56
-50
-35
-21
-6
-2
-7
-25
-42
-64
-77
-86
-90
-92
-93
-108
-102
-91
-89
-77
-56
-55
-50
-52
-25
-31
-56
-47
-37
-28
-44
-60
-54
-53
-51
-52
-39
-32
-30
-33
-42
-32
-23
-29
-33
-29
-17
0
4
-17
-19
-6
-30
-43
-60
-58
-29
-25
-33
-39
-36
-26
-16
0
-3
-10
-21
-41
-46
-45
-34
-33
-28
-34
-44
-66
-62
-58
-56
-68
-73
-56
-43
-34
-23
-10
8
2
-4
-19
-36
-37
-50
-51
-53
-55
-53
-58
-48
-54
-45
-52
-57
-58
-58
-46
-50
-47
-38
-28
-26
-40
-37
-45
-53
-50
-55
-59
-73
-79
-72
-75
-67
-65
-59
-37
-22
-37
-56
-36
-35
-45
-36
-38
-37
-44
-61
-75
-65
-77
-85
-78
-62
-62
-56
-53
-49
-42
-46
-43
-52
-60
-69
-73
-55
-50
-54
-53
-57
-49
-57
-57
-61
-68
-72
-71
-58
-57
-52
-44
-41
-48
-55
-49
-32
-24
-23
-42
-56
-66
-76
-65
-67
-50
-30
-40
-51
-50
-35
-19
-16
-16
-7
-7
-7
-7
-18
-18
-12
-12
-31
-38
-36
-28
-16
-1
9
14
20
2
-2
5
-11
-19
-30
-39
-20
-7
-14
-46
-42
-57
-70
-83
-104
-126
-146
-153
-133
-136
-139
-142
-147
-158
-167
-176
-185
-178
-157
-149
-153
-156
-147
-135
-115
-97
-80
-73
-64
-73
-57
-40
-40
-34
-39
-36
-39
-35
-42
-67
-73
-87
-92
-91
-90
-81
-73
-54
-54
-49
-42
-44
-39
-41
-33
-36
-38
-45
-62
-73
-78
-113
-156
-175
-186
-188
-210
-226
-246
-246
-248
-252
-266
-253
-242
-238
-238
-228
-226
-238
-253
-263
-260
-273
-288
-300
-306
-302
-295
-274
-255
-229
-205
-197
-201
-213
-199
-195
-200
-225
-266
-325
-397
-474
-525
-534
-514
-473
-389
-307
-207
-106
-13
94
209
301
370
417
473
512
521
514
488
485
457
406
368
333
301
278
236
205
185
164
145
141
154
140
132
120
125
145
152
156
166
156
159
142
135
108
92
82
78
64
46
47
60
59
68
68
83
87
87
100
91
79
71
69
55
36
40
50
39
23
28
42
40
32
36
40
33
38
50
49
52
67
58
40
39
34
28
27
14
1
-7
3
3
-24
-26
-2
2
2
10
15
16
-4
3
16
16
8
4
3
18
20
13
-7
-22
-36
-46
-44
-44
-45
-38
-42
-36
-11
16
13
8
13
12
5
-22
-41
-35
-30
-36
-57
-63
-71
-78
-66
-66
-58
-26
-29
-46
-35
-18
-4
9
8
-18
-25
-13
-18
-18
-24
-8
4
1
9
6
-3
-5
13
21
7
-7
-8
2
12
15
18
15
16
18
18
19
14
24
15
1
10
20
10
-13
-12
-3
2
-5
-16
-19
-15
-17
-8
-6
13
9
6
21
8
-23
-54
-63
-18
9
-6
-21
-42
-52
-59
-55
