0
4
4
11
26
16
-6
-28
-43
-42
-41
-37
-48
-57
-61
-44
-21
-22
-22
-4
19
22
17
11
9
6
14
6
-17
-23
-28
-53
-86
-98
-109
-105
-88
-82
-76
-80
-77
-72
-85
-73
-65
-62
-63
-64
-50
-55
-45
-40
-42
-44
-64
-65
-66
-58
-48
-43
-38
-38
-31
-44
-49
-41
-7
16
10
-6
7
11
3
-13
-24
-28
-51
-66
-69
-76
-75
-63
-54
-47
-57
-61
-53
-43
-28
-17
-1
0
6
2
-11
-18
-20
-31
-52
-55
-68
-93
-95
-87
-85
-70
-74
-66
-69
-46
-22
-18
-12
-32
-37
-40
-41
-39
-47
-70
-87
-88
-92
-97
-87
-89
-92
-101
-79
-63
-51
-44
-36
-32
-19
-21
-33
-44
-42
-34
-37
-31
-42
-61
-67
-68
-52
-46
-57
-50
-42
-27
-20
-17
-1
13
21
25
18
2
1
-4
-21
-34
-35
-42
-67
-77
-69
-62
-66
-55
-41
-6
8
2
4
1
2
10
22
32
36
28
19
9
5
16
21
6
-7
1
0
13
20
13
16
18
22
5
-1
3
8
13
38
36
24
9
28
16
6
-8
-18
-10
3
6
8
21
30
43
49
42
42
50
33
32
34
43
38
29
17
14
13
-2
-6
-1
14
29
21
23
33
47
65
75
81
78
59
39
39
53
60
55
46
37
25
16
-1
1
32
54
57
60
49
46
48
45
73
96
75
62
28
19
27
21
7
10
18
25
8
-11
-31
-21
5
10
22
16
15
22
24
24
26
22
24
25
22
17
11
-3
-14
-14
-33
-37
-28
-28
-11
3
34
33
22
27
27
43
55
35
17
9
11
5
2
-8
-37
-42
-46
-51
-45
-39
-24
-36
-31
-27
-19
-20
-22
-11
-17
-25
-22
-38
-41
-45
-54
-53
-54
-67
-70
-64
-53
-33
-25
-23
-30
-23
-3
4
9
8
0
-15
-24
-38
-43
-37
-26
-18
-10
1
1
-3
6
19
33
35
33
36
33
21
0
-5
-14
-15
-16
-24
-21
-35
-37
-20
-8
-15
-15
11
17
8
15
20
19
22
20
25
8
6
5
-12
-10
-21
-17
-24
-33
-31
-24
4
21
16
28
39
39
23
13
2
6
11
14
2
-11
-26
-31
-10
13
26
26
18
7
4
26
56
49
27
1
-3
2
-4
-9
-11
0
4
-3
-21
-28
-21
-9
-11
-19
-22
-16
-9
-7
-17
-15
-11
-13
-17
-7
-3
-16
-33
-40
-33
-23
-23
-6
5
1
3
7
8
14
12
8
-15
-27
-31
-27
-23
-29
-21
-11
-7
-8
-13
-10
-3
-3
-10
-3
10
11
-3
-13
-27
-31
-37
-43
-45
-35
-20
-16
5
15
31
26
11
0
-12
2
3
-18
-17
-20
-24
-23
-23
-35
-38
-37
-41
-15
-1
-31
-47
-31
-24
-9
-8
-16
-15
-25
-17
-16
-23
-31
-34
-31
-26
-19
-7
-8
-9
0
-1
9
10
3
-5
-13
-24
-10
-13
-25
-24
-28
-18
-43
-53
-45
-31
-2
13
-8
4
19
35
21
-2
7
6
17
22
18
-7
-28
-29
-28
-38
-46
-52
-48
-42
-24
-1
11
25
30
40
31
14
28
13
-14
-28
-33
-52
-63
-61
-55
-59
-58
-55
-55
-48
-37
-20
-12
-12
-25
-15
-18
-31
-45
-64
-61
-52
-47
-50
-51
-45
-31
-17
-5
3
19
4
-7
-11
-30
-44
-42
-44
-44
-40
-44
-51
-49
-25
-17
-3
-5
0
-6
-11
-1
6
4
-9
-14
-14
-25
-25
-28
-7
12
15
9
-1
4
2
12
9
-1
-12
-17
-22
-22
-33
-38
-32
-19
-18
-24
-16
-14
-17
-17
-15
-17
-33
-43
-32
-50
-58
-54
-30
-34
-36
-18
-8
-6
2
-6
-9
-14
-21
-17
-18
-28
-32
-25
-16
-32
-23
-17
-9
-6
-6
4
9
12
10
22
17
6
13
9
-19
-55
-59
-50
-44
-51
-49
-42
-32
-19
-2
3
22
32
24
18
9
10
10
10
0
-14
-20
-27
-30
-20
-12
-15
-20
-20
-12
-7
-9
-1
18
16
-6
-14
-16
-8
-15
-38
-43
-42
-48
-70
-71
-54
-27
-22
-36
-28
-7
-10
-16
-16
-11
-13
-23
-26
-28
-43
-51
-51
-52
-63
-66
-81
-76
-79
-72
-53
-41
-53
-73
-71
-46
-33
-42
-49
-53
-69
-76
-81
-85
-96
-96
-89
-92
-90
-83
-83
-80
-70
-67
-69
-77
-75
-66
-63
-78
-86
-93
-102
-87
-75
-72
-82
-89
-80
-70
-53
-58
-61
-65
-74
-64
-53
-49
-54
-56
-68
-79
-95
-105
-114
-90
-79
-93
-99
-81
-66
-64
-65
-66
-70
-76
-80
-73
-66
-64
-62
-74
-87
-72
-50
-32
-37
-49
-41
-45
-53
-51
-47
-51
-43
-27
-17
-11
-9
1
8
8
2
0
-6
-14
1
17
21
29
37
32
10
6
13
14
19
12
26
43
37
59
51
48
41
40
36
40
31
44
53
47
38
50
59
64
80
83
66
68
46
30
44
51
40
43
53
56
56
59
62
71
63
61
64
49
48
54
59
68
61
38
22
16
14
11
7
5
13
29
39
40
42
51
58
57
61
44
27
18
11
5
14
14
-9
-29
-28
-27
-12
9
32
42
29
27
37
49
48
26
25
17
4
-2
1
2
6
1
-24
-28
-27
-39
-33
-12
3
5
15
22
23
35
45
44
39
19
9
-3
-21
-39
-43
-38
-24
-18
-18
-26
-19
-14
-6
-3
6
24
2
0
-2
-6
-8
-7
-3
-18
-33
-49
-54
-28
-17
-6
7
-6
-10
2
17
17
8
11
9
-3
-18
-32
-42
-46
-34
-37
-42
-44
-32
-18
-26
-18
-14
-9
6
23
20
8
6
11
-8
-13
-13
-23
-39
-36
-26
-21
-8
-2
6
16
23
33
45
28
19
12
15
20
20
17
-6
-13
-19
-16
-4
-1
22
42
44
40
32
18
18
23
27
23
16
5
-4
-7
-11
1
18
20
20
35
33
24
30
24
10
6
8
-4
-2
-1
0
2
6
-17
-28
-31
-40
-33
-26
-7
13
22
24
17
3
18
17
28
23
16
-3
-2
-5
-19
-21
-7
-19
-4
16
33
44
44
60
59
49
40
24
26
26
30
22
16
23
-8
-45
-50
-34
-20
-5
9
6
2
4
20
46
57
59
45
45
37
36
43
26
19
16
20
9
-13
-46
-61
-54
-49
-52
-51
-25
-22
-39
-59
-63
-61
-46
-15
-22
-39
-54
-76
-107
-165
-194
-216
-213
-203
-206
-190
-204
-217
-225
-210
-167
-134
-115
-85
-52
-18
18
50
124
226
352
487
656
822
1003
1186
1327
1409
1442
1452
1390
1318
1295
1300
1326
1291
1122
554
-826
-3471
-7311
-11379
-12956
-11144
-7591
-3824
-857
1485
3615
6068
9147
13059
17860
23476
27889
26241
16978
6381
196
-744
205
-316
-1949
-4721
-9889
-13110
-7077
7734
20647
21744
13990
5128
-1511
-5511
-7524
-8312
-8427
-8249
-7912
-7480
-6963
-6360
-5699
-4995
-4278
-3631
-3064
-2503
-1963
-1463
-992
-586
-246
54
302
517
698
841
947
1018
1061
1108
1108
1104
1112
1093
1073
1050
1018
975
927
867
801
748
717
673
612
538
500
441
378
333
272
201
132
67
-3
-65
-124
-192
-247
-285
-345
-386
-418
-473
-508
-524
-545
-562
-593
-614
-613
-593
-577
-553
-549
-538
-515
-491
-470
-446
-413
-371
-344
-329
-333
-307
-280
-275
-250
-238
-253
-274
-296
-295
-305
-325
-336
-345
-352
-366
-374
-372
-379
-380
-381
-366
-367
-369
-354
-343
-313
-300
-297
-288
-272
-259
-249
-249
-241
-245
-234
-232
-239
-224
-230
-233
-223
-211
-201
-196
-189
-184
-178
-173
-164
-155
-156
-156
-164
-174
-185
-191
-190
-196
-177
-184
-207
-222
-247
-269
-270
-275
-283
-294
-315
-341
-348
-357
-379
-412
-446
-486
-530
-568
-623
-686
-720
-741
-777
-796
-789
-788
-814
-844
-853
-850
-830
-791
-773
-747
-722
-686
-634
-585
-523
-481
-427
-385
-352
-307
-256
-199
-134
-87
-17
71
152
210
251
260
241
257
275
304
326
335
349
341
304
256
215
207
196
215
246
243
234
219
223
259
263
253
246
249
267
304
331
340
346
382
408
440
502
586
653
682
671
662
677
710
744
738
758
768
731
689
629
578
572
546
483
409
333
258
205
135
29
-86
-170
-249
-316
-394
-445
-510
-576
-637
-700
-754
-778
-786
-771
-758
-745
-712
-659
-609
-578
-542
-488
-434
-401
-364
-329
-316
-299
-275
-258
-224
-182
-152
-109
-82
-60
-50
-35
-25
-16
-12
-17
-8
-13
-12
-18
-30
-34
-44
-62
-75
-109
-130
-154
-170
-177
-189
-202
-228
-231
-225
-242
-230
-228
-217
-206
-199
-211
-211
-193
-184
-163
-144
-140
-112
-94
-101
-86
-88
-93
-81
-78
-85
-82
-86
-100
-110
-108
-102
-101
-107
-116
-107
-100
-90
-88
-95
-95
-96
-92
-112
-130
-132
-128
-132
-123
-108
-126
-137
-140
-126
-100
-92
-88
-77
-89
-81
-77
-76
-82
-102
-93
-89
-83
-87
-84
-68
-46
-34
-24
-10
0
-17
-19
-27
-27
-29
-36
-40
-42
-43
-42
-25
-18
-19
-11
4
1
-5
8
24
41
33
31
38
31
18
9
-1
-7
-9
-15
-20
-27
-24
-24
-21
-8
1
7
7
-13
-24
-21
-15
1
-12
-34
-34
-42
-43
-52
-53
-47
-36
-48
-59
-65
-64
-45
-20
-26
-14
-17
-22
-43
-63
-67
-81
-93
-109
-105
-88
-86
-76
-79
-93
-86
-56
-50
-51
-47
-41
-39
-38
-21
-29
-27
-24
-39
-67
-80
-66
-67
-61
-50
-51
-56
-61
-61
-27
-19
-18
-14
-1
-12
-22
-29
-37
-45
-62
-76
-81
-80
-74
-82
-84
-53
-50
-45
-44
-39
-42
-41
-35
-26
-19
-26
-49
-48
-52
-48
-47
-60
-60
-70
-72
-77
-81
-66
-59
-42
-37
-30
-26
-26
-24
-42
-64
-70
-75
-79
-82
-89
-94
-94
-98
-84
-66
-68
-76
-74
-75
-68
-71
-74
-59
-51
-54
-70
-81
-84
-88
-96
-108
-100
-73
-82
-71
-56
-37
-31
-25
-20
-13
-18
-11
-23
-35
-43
-36
-43
-54
-39
-35
-42
-35
-12
-9
-25
-15
0
1
5
11
21
-1
4
-14
-23
-20
-25
-34
-29
-19
-15
-17
-19
-16
4
17
20
26
31
31
30
13
3
3
-4
-24
-30
-29
-17
0
20
22
36
54
57
36
21
39
48
51
47
20
10
7
9
1
-14
-14
-8
9
15
9
15
21
47
77
83
65
52
44
43
50
28
13
10
3
1
10
18
21
22
30
60
79
76
65
72
75
81
82
75
72
65
62
61
59
56
56
64
81
79
70
49
63
90
79
78
67
64
57
62
52
27
14
5
12
27
27
32
31
10
18
31
55
73
60
39
48
50
50
47
31
19
30
19
-8
-10
1
24
21
25
13
7
3
9
23
39
41
41
50
48
45
45
31
5
13
5
-7
-11
-34
-39
-43
-28
-11
4
-7
-21
-6
-12
1
14
-4
1
9
4
-2
-20
-29
-39
-50
-39
-43
-55
-52
-36
-46
-48
-43
-39
-32
-27
-27
-27
-16
-7
-7
-25
-23
-13
-11
-35
-51
-52
-39
-28
-35
-31
-31
-33
-23
-11
-14
-12
-11
-2
9
17
20
-1
5
15
-2
-34
-51
-47
-38
-31
-21
-19
-17
-16
-4
12
26
35
27
27
17
3
16
13
-10
-8
-1
-12
-21
-19
-10
-8
-2
-1
1
10
4
13
23
16
-4
15
29
29
34
7
-12
-31
-39
-31
-35
-12
1
5
16
13
13
20
32
45
47
53
35
18
22
9
14
14
7
13
13
2
-25
-23
-14
-7
1
12
16
13
22
34
36
52
48
25
-2
-11
-17
-20
-9
-3
-11
-19
-31
-47
-61
-51
-15
-31
-28
4
21
20
16
27
16
4
-6
-5
-4
-18
-15
2
-4
4
-2
8
8
-2
-5
-9
-5
6
-2
-2
-5
1
13
13
8
8
9
6
-13
-33
-54
-50
-47
-50
-51
-43
-29
-17
-1
-6
6
19
14
22
18
10
7
-13
-38
-54
-54
-49
-65
-65
-52
-26
-11
-4
-21
-30
-21
-14
-17
-15
-18
-26
-19
-22
-4
-16
-32
-39
-37
-23
-13
-5
1
12
35
41
44
32
27
27
16
6
-4
-6
-8
-25
-20
-24
-45
-56
-45
-29
-22
-16
-16
-5
4
-3
9
21
20
23
26
26
3
-20
-41
-54
-49
-59
-66
-54
-49
-49
-42
-33
-23
-26
-22
-22
-9
8
-11
-13
-11
-11
-19
-27
-29
-29
-37
-44
-39
-25
-16
-15
-20
-10
2
7
0
11
23
23
-2
-10
-19
-28
-37
-39
-44
-46
-49
-57
-54
-38
-27
-22
-27
-30
1
31
32
12
-7
2
-7
-27
-28
-23
-45
-67
-67
-58
-41
-35
-52
-48
-46
-38
-20
2
30
18
13
17
11
7
-6
-14
-15
-5
-3
-28
-43
-33
-17
-14
-4
-10
-6
12
4
-13
-6
-9
-13
-9
-11
-12
-20
-24
-28
-29
-24
-34
-33
-31
-23
-12
-11
-5
-3
-1
-8
-22
-27
-29
-15
-1
-8
-11
-29
-45
-38
-40
-27
-32
-43
-38
-21
-4
1
13
2
13
27
2
-14
-19
-28
-17
-7
-8
-24
-43
-43
-30
-25
-22
-7
-5
-3
2
8
2
-8
-17
-5
-6
-21
-31
-37
-38
-59
-60
-51
-51
-53
-46
-34
-43
-43
-20
-29
-45
-54
-57
-62
-68
-54
-55
-57
-62
-70
-67
-77
-75
-77
-81
-79
-77
-72
-58
-63
-69
-78
-73
-72
-73
-68
-78
-84
-89
-95
-82
-80
-88
-79
-70
-71
-80
-66
-58
-53
-58
-57
-57
-39
-32
-43
-54
-62
-84
-91
-111
-125
-102
-89
-64
-46
-43
-35
-39
-51
-53
-65
-81
-106
-108
-94
-94
-93
-106
-115
-119
-103
-91
-94
-97
-100
-99
-97
-80
-73
-69
-68
-80
-95
-98
-97
-92
-77
-71
-80
-90
-65
-37
-34
-21
-35
-23
1
10
13
23
14
10
6
9
13
24
25
35
42
60
57
40
36
33
44
68
77
73
69
71
71
68
67
52
54
67
64
63
63
41
14
40
76
97
111
107
104
99
87
87
69
60
52
37
40
43
39
26
31
49
69
76
76
59
51
34
38
51
49
42
32
29
24
17
18
15
13
8
29
39
39
51
50
59
70
52
50
44
37
31
17
6
4
-11
-18
-32
-25
-8
3
10
32
32
38
37
36
44
45
30
36
30
11
12
-6
-18
-16
-29
-27
-12
1
19
38
39
33
32
8
16
36
32
20
18
12
-1
-2
3
-8
-6
-19
-24
-26
-7
7
-2
0
10
26
38
21
19
11
-6
-7
-5
0
-8
-17
-30
-46
-37
-30
-43
-47
-32
-11
18
26
35
50
54
54
47
29
11
-13
-34
-47
-55
-61
-61
-49
-27
-16
-18
-13
-14
-19
-21
-16
-3
6
16
30
38
21
2
20
2
-15
-7
-10
-14
-28
-23
-15
2
14
7
14
18
19
24
25
17
8
1
6
3
6
5
-7
-15
-24
-17
-5
-7
-17
-7
2
6
9
9
3
14
10
10
12
12
13
20
26
-15
-41
-38
-26
-4
7
19
21
19
28
31
43
50
28
31
41
56
53
40
41
44
33
18
11
0
-23
-6
11
15
12
9
6
22
33
33
25
34
37
32
16
-15
-29
-33
-47
-46
-32
-17
0
10
8
8
30
44
38
29
32
45
59
57
36
28
28
21
19
23
8
-1
-1
6
25
33
51
54
44
35
33
32
29
35
24
-5
-20
-31
-21
-18
2
9
7
10
11
28
33
28
19
28
37
33
19
2
-5
-2
0
-9
-24
-57
-71
-88
-90
-69
-50
-28
-6
-10
-34
-38
-40
-30
-18
-25
-43
-44
-67
-104
-160
-182
-201
-209
-203
-205
-197
-204
-216
-211
-190
-161
-150
-136
-105
-74
-49
-19
43
148
252
381
530
693
877
1054
1194
1281
1333
1350
1251
1103
1005
954
932
889
842
676
168
-827
-2449
-4644
-7416
-9048
-8264
-6101
-3301
-491
1985
4281
6991
10243
14054
18660
22718
21499
12690
1820
-3566
-3499
-2266
-2661
-3919
-6272
-12139
-19592
-21040
-7901
15980
31251
29339
19358
9587
2943
-855
-2694
-3476
-3864
-4095
-4245
-4287
-4201
-3995
-3695
-3346
-2993
-2655
-2293
-1911
-1543
-1183
-848
-569
-331
-132
28
155
262
342
396
444
459
478
486
462
430
409
382
363
347
302
259
221
179
133
88
59
13
-37
-56
-94
-156
-205
-238
-275
-301
-334
-377
-422
-466
-508
-543
-586
-638
-682
-698
-710
-701
-702
-708
-718
-726
-711
-704
-691
-668
-658
-642
-604
-553
-521
-496
-464
-450
-422
-391
-366
-341
-322
-298
-300
-269
-260
-259
-262
-277
-274
-292
-323
-339
-350
-354
-337
-333
-325
-329
-342
-349
-335
-328
-350
-337
-339
-342
-323
-298
-291
-283
-273
-265
-264
-251
-262
-260
-236
-219
-213
-226
-217
-197
-172
-164
-171
-182
-161
-150
-156
-177
-186
-190
-179
-175
-189
-198
-215
-238
-270
-285
-295
-309
-315
-334
-362
-379
-403
-420
-448
-476
-499
-523
-531
-565
-617
-667
-719
-762
-835
-888
-925
-946
-965
-982
-979
-983
-983
-991
-1005
-1008
-998
-982
-953
-920
-898
-850
-804
-758
-707
-629
-564
-522
-501
-462
-406
-337
-275
-218
-148
-71
4
78
134
168
201
247
294
334
384
436
480
519
532
510
490
493
505
536
562
587
595
595
596
588
585
585
605
618
653
698
720
754
766
777
813
885
987
1067
1094
1083
1100
1142
1168
1179
1172
1165
1189
1150
1058
936
855
793
714
607
461
332
261
185
102
8
-73
-149
-228
-278
-321
-368
-427
-496
-567
-632
-669
-688
-686
-668
-654
-606
-554
-503
-455
-406
-338
-288
-255
-233
-235
-226
-210
-166
-129
-106
-86
-71
-38
2
20
46
59
67
85
80
83
80
81
83
78
60
52
59
49
48
57
46
33
-4
-20
-29
-55
-55
-57
-74
-78
-86
-87
-80
-80
-78
-73
-79
-73
-73
-71
-56
-44
-26
-31
-34
-19
-15
-19
-12
-21
-29
-34
-38
-33
-49
-35
-7
-10
-12
-3
-1
12
12
5
5
22
22
9
-4
-22
-21
-28
-29
-34
-40
-37
-31
-30
-32
-43
-23
5
11
22
25
31
27
28
13
-4
11
7
0
0
0
2
-1
14
26
24
18
27
39
36
53
50
50
58
53
43
45
42
52
25
17
31
19
28
29
32
54
55
64
60
81
91
84
90
82
75
72
73
67
60
56
49
24
9
3
-2
-11
3
14
16
8
-5
9
26
36
25
25
19
8
-4
-15
-15
-17
-17
-14
-16
-18
-14
-23
-36
-18
1
11
6
-27
-34
-29
-32
-45
-57
-62
-54
-47
-55
-51
-34
-56
-76
-84
-80
-77
-62
-44
-57
-61
-66
-71
-64
-72
-84
-89
-80
-64
-55
-51
-66
-58
-51
-44
-49
-57
-71
-77
-73
-81
-82
-67
-80
-76
-62
-50
-36
-31
-30
-28
-27
-29
-49
-68
-80
-98
-102
-104
-94
-84
-92
-89
-87
-79
-81
-87
-72
-66
-67
-89
-105
-101
-105
-123
-132
-127
-119
-125
-127
-129
-122
-100
-106
-113
-99
-95
-97
-86
-73
-76
-88
-106
-114
-108
-114
-116
-123
-125
-131
-124
-116
-119
-130
-103
-90
-95
-81
-70
-71
-88
-79
-91
-102
-118
-123
-121
-133
-125
-108
-105
-101
-92
-82
-64
-67
-72
-74
-51
-35
-27
-33
-50
-63
-83
-91
-88
-86
-85
-84
-61
-52
-59
-55
-50
-47
-47
-62
-61
-66
-71
-79
-68
-60
-55
-52
-43
-34
-27
-31
-33
-38
-42
-47
-55
-59
-50
-44
-53
-65
-65
-80
-73
-50
-23
2
7
-20
-38
-43
-42
-44
-33
-12
-13
-25
-49
-62
-58
-48
-44
-49
-31
-16
0
10
15
27
31
15
6
3
-13
-20
-28
-44
-55
-52
-59
-69
-50
-25
-16
-23
-20
-8
4
6
3
11
20
23
12
12
4
-13
-33
-29
-15
-4
-18
-22
-15
-5
31
55
56
53
45
28
15
16
12
5
-4
-30
-34
-30
-49
-30
9
40
42
38
28
14
8
17
24
38
35
28
20
12
8
-7
-7
3
-3
-16
-25
-12
12
24
33
41
42
48
49
23
-14
-21
-8
-8
-25
-44
-28
-14
-6
-14
-7
11
24
33
36
53
58
52
46
34
30
31
34
36
13
-5
-6
10
25
17
21
27
33
37
51
54
35
26
38
25
16
21
20
17
11
8
0
-6
-24
-25
-2
9
7
-5
2
23
27
23
20
12
9
12
34
23
6
-4
-32
-23
-20
-29
-45
-39
-33
-39
-17
-4
-2
12
19
29
39
33
18
10
-4
-12
-27
-29
-34
-28
-9
-6
-18
-23
-22
-6
-8
-12
-14
0
32
38
10
-19
-32
-5
-3
-28
-32
-30
-37
-42
-46
-34
-2
14
6
6
10
17
21
25
8
8
32
22
-4
-40
-54
-42
-30
-13
-14
-21
-9
4
8
-11
6
37
34
17
-5
-7
-2
2
-12
-23
-20
-25
-27
-15
1
-3
-4
-6
10
5
7
8
13
25
21
12
-7
-9
-16
-6
-8
-24
-6
-3
-23
-18
-3
3
11
7
5
10
22
15
-3
-7
-12
-1
-19
-23
-34
-41
-55
-57
-43
-22
-14
4
11
21
28
19
3
-18
-17
-15
-25
-24
-22
-9
-4
-21
-19
-21
-28
-19
-2
13
4
-18
-8
11
25
12
10
7
2
-2
-16
-25
-33
-42
-55
-50
-33
-25
-9
-7
-1
14
23
50
52
39
47
21
1
1
9
9
-14
-28
-33
-44
-45
-40
-41
-39
-37
-40
-36
-25
-30
-14
2
7
3
-6
-13
-1
6
2
-17
-33
-61
-81
-80
-84
-71
-53
-42
-34
-45
-29
-22
-10
-2
0
9
10
9
9
10
11
2
-5
0
5
-20
-36
-41
-46
-41
-24
-18
-5
-5
5
11
7
-1
7
4
-8
-21
-20
-30
-20
-4
-18
-26
-49
-60
-55
-54
-42
-32
-16
-3
-5
0
-5
5
5
-4
-3
-19
-42
-43
-43
-46
-41
-20
-17
-20
-19
-18
-17
-13
0
-6
-2
0
-11
-20
-23
-29
-23
-24
-27
-40
-49
-47
-56
-63
-46
-40
-32
-16
-7
9
3
10
6
5
-16
-23
-10
-7
-19
-28
-31
-42
-47
-43
-53
-48
-32
-23
-30
-19
-4
-4
-6
-7
0
17
8
-9
-31
-37
-23
-18
-27
-31
-33
-37
-42
-42
-37
-26
-12
1
20
11
9
-9
-18
-4
-6
-27
-41
-62
-53
-47
-50
-39
-31
-14
-7
-5
0
-14
-23
-29
-22
-5
-11
-18
-26
-32
-33
-38
-60
-61
-56
-48
-39
-45
-42
-33
-34
-37
-19
-25
-24
-29
-24
-36
-57
-57
-58
-51
-60
-79
-83
-90
-98
-96
-93
-83
-73
-74
-87
-81
-68
-53
-48
-60
-76
-78
-88
-104
-107
-101
-98
-110
-116
-122
-114
-103
-108
-116
-100
-92
-74
-61
-66
-77
-73
-48
-57
-67
-74
-74
-57
-53
-55
-66
-64
-42
-20
-26
-36
-28
-16
12
35
32
37
48
69
85
88
83
92
100
87
90
100
94
108
110
111
100
91
101
110
109
105
105
98
89
105
119
119
122
109
90
83
63
52
46
42
41
34
34
25
35
62
70
73
69
71
62
48
39
28
29
17
15
13
7
18
11
6
12
32
59
78
87
78
83
89
88
86
64
57
54
47
38
23
16
-7
11
26
13
12
23
43
47
28
41
32
21
23
4
-1
1
-11
-14
-29
-41
-52
-66
-51
-28
-8
-7
-8
0
-9
-9
-4
3
-3
-16
-21
-23
-20
-29
-29
-39
-57
-66
-76
-76
-72
-72
-69
-68
-78
-83
-88
-95
-121
-138
-139
-167
-188
-213
-239
-248
-258
-269
-288
-291
-276
-280
-263
-238
-222
-204
-197
-193
-206
-205
-204
-211
-208
-208
-205
-214
-218
-194
-165
-135
-120
-116
-100
-105
-112
-103
-98
-105
-129
-138
-142
-145
-152
-153
-144
-144
-144
-167
-194
-211
-234
-261
-281
-301
-310
-330
-346
-360
-402
-433
-471
-509
-528
-530
-534
-546
-535
-529
-516
-483
-463
-446
-455
-451
-439
-442
-437
-445
-466
-471
-478
-483
-485
-479
-468
-442
-417
-436
-432
-407
-402
-405
-405
-406
-423
-455
-484
-519
-555
-575
-583
-588
-583
-580
-571
-561
-571
-594
-625
-662
-688
-698
-711
-728
-742
-744
-754
-756
-738
-736
-732
-749
-766
-787
-803
-807
-809
-803
-785
-773
-759
-775
-789
-782
-772
-751
-749
-736
-743
-763
-765
-769
-755
-752
-784
-825
-841
-831
-819
-778
-707
-661
-607
-582
-553
-502
-456
-402
-371
-363
-355
-337
-317
-301
-278
-244
-214
-179
-125
-95
-75
-49
14
105
198
283
397
538
659
780
895
998
1114
1236
1352
1476
1610
1768
1937
2142
2315
2460
2623
2740
2805
2857
2914
2966
2951
2879
2821
2786
2704
2599
2512
2447
2365
2238
2073
1885
1668
1460
1288
1142
1002
899
836
784
707
624
567
519
449
397
353
319
302
278
279
266
230
183
146
119
78
34
21
-8
-37
-78
-110
-125
-117
-121
-106
-53
0
34
66
92
126
157
201
280
349
436
554
684
811
931
1013
1045
1074
1078
1047
920
741
639
568
502
443
418
321
-38
-691
-1669
-2894
-4189
-4808
-3980
-2044
515
3665
7377
11409
15526
18394
15611
3239
-14406
-26738
-29957
-27558
-24093
-20962
-18370
-15659
-11958
-3826
13521
35647
48851
46786
35540
22847
12715
5972
1929
-488
-1898
-2780
-3489
-4043
-4453
-4693
-4787
-4749
-4569
-4273
-3912
-3545
-3193
-2837
-2450
-2070
-1709
-1375
-1066
-784
-553
-364
-176
-26
98
204
279
351
409
451
478
489
503
496
500
506
485
477
474
485
494
493
482
461
430
418
385
354
339
317
287
250
204
154
115
92
55
25
-22
-59
-95
-112
-137
-170
-188
-202
-206
-216
-223
-203
-200
-197
-171
-162
-140
-120
-109
-87
-54
-35
-16
23
48
62
74
78
83
84
87
91
82
64
61
58
37
25
10
4
-3
-5
-1
-4
-11
-11
-3
-12
-11
4
30
44
37
43
31
27
44
40
31
36
62
72
72
73
60
56
58
74
80
69
84
98
100
104
94
82
62
66
100
113
101
105
112
122
129
142
135
127
115
124
154
158
163
168
184
196
202
205
179
168
175
169
175
195
213
231
248
249
232
236
246
243
251
253
261
291
292
297
301
302
312
315
315
314
317
309
316
326
315
324
318
313
316
298
313
317
317
314
303
293
291
309
324
325
322
320
315
297
280
268
239
223
214
201
187
179
185
183
179
194
197
192
175
169
165
164
167
149
150
143
122
111
95
80
69
60
66
65
49
30
32
41
44
40
36
35
35
19
-20
-24
-51
-69
-90
-93
-103
-133
-149
-165
-157
-170
-177
-195
-197
-187
-182
-187
-210
-220
-226
-234
-237
-245
-269
-291
-308
-306
-328
-341
-355
-367
-360
-378
-404
-396
-417
-431
-427
-435
-444
-462
-471
-479
-481
-494
-512
-527
-536
-532
-546
-556
-563
-571
-581
-599
-612
-612
-626
-626
-633
-632
-624
-639
-646
-641
-642
-637
-647
-641
-651
-665
-655
-664
-666
-664
-670
-672
-665
-650
-656
-653
-650
-653
-628
-622
-601
-591
-587
-583
-581
-567
-568
-559
-554
-560
-547
-551
-537
-515
-507
-501
-491
-472
-464
-454
-450
-442
-437
-424
-411
-389
-365
-349
-342
-351
-359
-361
-358
-352
-350
-354
-370
-355
-344
-340
-314
-303
-285
-281
-268
-262
-260
-237
-224
-225
-235
-245
-243
-238
-231
-235
-233
-235
-257
-253
-251
-245
-224
-205
-204
-200
-181
-178
-171
-158
-159
-158
-161
-162
-167
-176
-181
-202
-212
-213
-200
-182
-185
-184
-164
-156
-147
-136
-122
-133
-151
-144
-154
-166
-169
-165
-154
-148
-159
-161
-167
-157
-134
-126
-140
-158
-148
-138
-142
-149
-149
-148
-139
-121
-126
-137
-125
-131
-136
-133
-115
-111
-111
-105
-112
-114
-126
-131
-119
-125
-122
-123
-115
-97
-90
-101
-97
-92
-95
-100
-93
-85
-97
-107
-126
-121
-114
-123
-119
-122
-120
-117
-127
-137
-138
-129
-121
-137
-154
-159
-165
-180
-198
-222
-232
-231
-247
-260
-266
-263
-235
-237
-232
-223
-199
-188
-190
-183
-186
-183
-168
-183
-182
-197
-205
-220
-244
-257
-261
-249
-247
-280
-304
-328
-347
-353
-350
-349
-350
-345
-361
-386
-408
-444
-455
-463
-496
-546
-595
-627
-649
-684
-722
-773
-835
-889
-922
-996
-1052
-1066
-1075
-1099
-1116
-1115
-1116
-1096
-1069
-1047
-1026
-1025
-1034
-1031
-1039
-1046
-1055
-1070
-1075
-1079
-1095
-1112
-1134
-1142
-1154
-1160
-1145
-1138
-1135
-1134
-1136
-1157
-1175
-1177
-1179
-1181
-1194
-1225
-1261
-1304
-1346
-1372
-1399
-1412
-1436
-1452
-1462
-1465
-1443
-1429
-1406
-1377
-1342
-1312
-1294
-1269
-1262
-1270
-1298
-1310
-1294
-1275
-1255
-1239
-1241
-1256
-1259
-1239
-1247
-1241
-1224
-1222
-1218
-1217
-1181
-1150
-1110
-1079
-1053
-1008
-967
-922
-811
-676
-540
-392
-252
-105
54
222
393
544
692
817
894
964
1055
1205
1377
1556
1703
1851
2009
2133
2264
2401
2560
2681
2772
2876
2980
3041
3096
3163
3255
3311
3352
3396
3428
3452
3499
3528
3485
3388
3278
3149
3034
2892
2732
2578
2419
2249
2098
1937
1759
1591
1427
1266
1138
1022
921
837
753
676
605
522
461
416
374
337
298
263
230
210
193
175
182
196
188
175
169
183
188
187
187
200
184
167
170
173
158
151
141
137
123
127
123
113
114
114
130
139
151
153
160
159
152
142
121
104
104
105
90
87
82
65
51
49
59
76
90
97
95
101
108
108
78
63
64
67
63
48
46
38
40
44
42
57
49
41
62
64
63
51
57
60
53
69
47
27
14
-8
4
-1
-9
-5
12
31
20
23
40
74
90
90
92
77
66
64
56
59
64
49
34
26
29
17
16
34
31
22
31
39
60
72
66
77
101
104
102
91
66
58
54
52
49
25
29
44
54
66
59
63
80
83
76
79
90
94
100
98
80
75
79
75
61
57
58
60
69
72
80
88
84
95
101
107
112
105
107
101
99
105
100
91
79
76
69
88
106
109
107
100
94
104
107
119
120
120
131
138
126
121
126
131
121
119
115
101
110
123
126
119
128
132
136
142
152
173
164
148
157
160
159
142
142
158
134
127
144
154
157
151
143
136
141
158
173
184
172
171
184
190
199
200
202
197
172
174
172
175
165
152
146
154
149
161
183
202
200
210
211
207
198
194
195
183
165
159
162
167
173
179
177
172
176
192
198
189
187
186
193
188
185
191
174
142
131
122
117
124
112
100
102
110
119
126
129
123
128
151
147
137
116
102
97
98
102
81
66
54
45
57
59
52
29
23
21
10
16
17
18
15
30
41
33
21
7
3
-6
-36
-48
-44
-43
-38
-45
-44
-43
-36
-49
-58
-53
-68
-71
-72
-89
-86
-80
-81
-87
-87
-86
-106
-121
-127
-146
-168
-170
-185
-193
-205
-195
-214
-226
-223
-233
-243
-253
-259
-264
-268
-270
-285
-288
-301
-316
-328
-337
-341
-351
-360
-367
-378
-395
-395
-404
-417
-429
-407
-408
-417
-416
-408
-402
-394
-405
-422
-428
-441
-446
-448
-457
-462
-460
-445
-423
-431
-433
-431
-429
-408
-386
-385
-377
-380
-371
-374
-361
-328
-317
-305
-324
-335
-340
-330
-325
-313
-292
-281
-282
-283
-278
-252
-238
-221
-212
-215
-208
-209
-186
-166
-174
-162
-162
-153
-155
-150
-142
-146
-155
-144
-122
-116
-110
-117
-121
-95
-77
-74
-71
-71
-77
-72
-76
-64
-50
-45
-50
-56
-36
-31
-45
-40
-32
-17
-32
-46
-47
-46
-38
-41
-10
2
-12
3
13
9
-8
-9
-16
-39
-31
-26
-18
-10
-29
-19
-9
-14
-29
-35
-16
4
7
-9
-10
-10
-4
1
-4
-9
-12
-24
-38
-37
-40
-36
-33
-24
-23
-23
-23
-26
-4
-3
11
32
29
25
2
-12
-11
-18
-19
-27
-38
-20
-17
-18
-35
-22
-9
-18
-34
-17
0
4
16
31
33
41
36
25
2
-12
-14
-32
-44
-52
-48
-38
-19
-7
-6
2
11
8
10
-7
-13
-4
-6
-11
-17
-35
-30
-26
-20
-23
-18
10
10
0
-1
-4
5
6
13
3
2
-10
-19
-21
-42
-55
-37
-19
-8
-12
-14
-5
12
24
18
9
15
0
-19
-15
-12
-19
-23
-28
-35
-54
-62
-51
-30
-17
-17
-21
-13
-11
-6
4
7
10
15
5
-3
-10
-39
-51
-61
-67
-50
-31
-37
-44
-36
-30
-9
1
-3
12
9
14
17
0
-20
-27
-15
-29
-52
-46
-43
-36
-25
-14
-15
-14
-20
-9
14
33
30
16
8
1
-17
-26
-41
-52
-54
-64
-55
-47
-55
-63
-58
-39
-29
-22
2
0
-17
-21
-28
-30
-31
-36
-37
-48
-33
-29
-17
-19
-8
-13
-20
-22
-39
-19
-6
-23
-20
-20
-13
-12
-23
-31
-30
-30
-47
-57
-43
-28
-32
-28
-12
-12
-22
-20
-23
-21
-15
-12
-20
-55
-77
-87
-79
-63
-68
-80
-72
-67
-51
-42
-40
-58
-56
-40
-37
-39
-48
-60
-69
-54
-39
-50
-69
-81
-107
-98
-81
-54
-39
-52
-52
-51
-51
-31
-22
-25
-55
-70
-63
-61
-61
-56
-61
-72
-67
-69
-87
-82
-65
-46
-66
-76
-67
-60
-67
-70
-69
-72
-85
-78
-72
-74
-80
-78
-83
-77
-52
-39
-35
-39
-39
-41
-28
-32
-34
-40
-34
-39
-48
-39
-41
-53
-37
-41
-32
-19
-3
19
21
21
12
5
12
21
24
19
32
34
44
51
38
26
20
18
13
4
17
15
27
31
48
66
75
78
63
61
66
69
71
73
57
61
66
50
39
50
60
50
53
59
52
39
35
33
35
37
36
42
44
24
8
23
33
35
23
18
21
23
17
3
-17
-19
-29
-34
-32
1
6
-1
7
9
17
17
35
37
12
-8
-9
-4
-23
-26
-25
-24
-25
-15
-5
-9
-20
-12
5
15
30
36
35
25
18
14
12
4
-15
-41
-53
-56
-49
-48
-44
-38
-32
-1
3
3
11
2
8
12
13
17
17
13
1
-2
-6
-31
-38
-57
-50
-51
-68
-68
-79
-80
-70
-58
-55
-53
-53
-65
-79
-95
-104
-124
-105
-90
-83
-90
-116
-163
-209
-220
-236
-234
-231
-225
-207
-196
-190
-200
-211
-191
-160
-105
-78
-54
-24
16
85
153
247
360
519
695
851
1021
1144
1230
1277
1280
1237
1162
1101
1116
1217
1372
1420
1412
1372
1147
518
-638
-2694
-5896
-8763
-9548
-8346
-5972
-3418
-707
2654
6639
12058
20090
29509
34962
31029
20495
12290
8784
6289
1924
-4563
-13236
-24094
-33965
-37102
-26279
-2745
16676
20024
13709
6716
2202
13
-827
-1152
-1325
-1461
-1546
-1627
-1652
-1593
-1512
-1388
-1227
-992
-749
-522
-313
-127
21
153
252
318
360
384
402
422
425
427
419
383
344
304
274
243
222
193
172
154
130
80
44
22
-8
-23
-52
-88
-124
-169
-204
-252
-301
-348
-392
-425
-469
-518
-566
-615
-649
-684
-704
-736
-745
-745
-773
-804
-815
-805
-798
-773
-742
-710
-676
-653
-635
-607
-576
-523
-478
-448
-415
-394
-359
-320
-279
-263
-249
-232
-234
-226
-221
-224
-227
-230
-262
-277
-287
-306
-335
-340
-360
-379
-383
-380
-370
-376
-378
-364
-360
-349
-336
-328
-330
-337
-327
-310
-302
-298
-299
-293
-301
-293
-278
-279
-255
-246
-266
-275
-276
-268
-281
-296
-304
-310
-302
-298
-296
-276
-261
-248
-244
-247
-248
-245
-246
-248
-253
-252
-255
-259
-264
-255
-257
-277
-278
-260
-237
-232
-242
-234
-232
-203
-187
-167
-153
-156
-156
-164
-169
-167
-159
-157
-160
-144
-140
-154
-156
-154
-149
-165
-175
-187
-208
-217
-234
-266
-297
-320
-356
-388
-400
-417
-443
-482
-519
-562
-599
-645
-685
-722
-782
-847
-870
-886
-907
-930
-948
-941
-942
-951
-952
-954
-952
-937
-928
-908
-881
-859
-834
-788
-713
-649
-598
-553
-508
-444
-398
-337
-283
-218
-133
-63
7
90
152
198
223
259
297
352
406
468
536
601
642
640
623
604
580
573
562
563
565
565
561
564
550
548
559
582
626
670
691
710
744
773
777
829
930
1051
1142
1188
1212
1210
1232
1268
1322
1316
1280
1286
1275
1217
1105
994
911
833
755
625
468
352
273
208
127
32
-49
-140
-210
-295
-339
-380
-447
-510
-575
-621
-635
-633
-632
-627
-582
-533
-503
-458
-433
-414
-385
-363
-339
-311
-284
-265
-256
-253
-236
-208
-166
-159
-134
-94
-63
-35
-10
-10
-17
7
21
37
41
68
84
88
105
98
70
55
37
20
19
-5
-26
-38
-43
-66
-92
-84
-83
-100
-107
-102
-100
-111
-118
-118
-110
-82
-50
-25
-18
11
26
24
24
31
42
51
61
69
78
84
78
82
90
69
64
59
57
58
44
50
52
67
65
70
79
69
67
67
46
45
43
23
12
16
8
-4
-1
7
21
27
22
34
33
29
46
59
63
37
13
10
11
3
-2
-6
-30
-44
-17
-8
-10
-12
-2
6
3
4
18
15
4
-7
-18
-26
-34
-40
-63
-76
-85
-94
-102
-108
-90
-84
-83
-75
-63
-47
-46
-52
-72
-81
-91
-94
-84
-86
-83
-76
-95
-106
-103
-99
-110
-105
-89
-97
-105
-99
-84
-76
-76
-64
-56
-60
-52
-69
-103
-107
-111
-96
-92
-91
-80
-55
-72
-101
-102
-96
-98
-96
-102
-81
-65
-60
-42
-41
-29
-23
-23
-47
-67
-56
-66
-76
-73
-81
-83
-82
-81
-65
-48
-52
-55
-48
-45
-58
-73
-60
-59
-78
-79
-72
-60
-55
-75
-81
-67
-62
-64
-75
-72
-65
-54
-73
-94
-98
-89
-95
-78
-81
-81
-79
-64
-62
-67
-73
-89
-90
-84
-86
-83
-80
-81
-86
-90
-79
-87
-101
-95
-84
-72
-58
-38
-44
-51
-42
-40
-37
-55
-74
-73
-63
-59
-64
-56
-40
-35
-34
-31
-6
5
-2
1
6
25
35
37
18
-8
-7
5
-18
-34
-35
-30
-34
-56
-43
-21
-10
-10
-14
-6
-2
-10
-21
-32
-24
-31
-30
-29
-25
-19
-24
-31
-38
-25
-26
-34
-24
-14
-11
-20
-14
5
6
1
-6
-11
3
7
-1
-4
-8
-11
-17
-32
-39
-37
-24
-26
-17
-10
-5
3
-9
0
6
18
42
49
46
27
10
0
-22
-13
-37
-60
-56
-56
-60
-58
-41
-45
-38
-37
-37
-10
8
3
2
-8
-4
-14
-13
-18
-30
-39
-48
-39
-43
-50
-40
-32
-30
-31
-22
-7
-8
-22
-25
-19
-17
-37
-35
-33
-50
-49
-50
-57
-69
-76
-76
-55
-35
-34
-37
-30
-32
-24
-31
-38
-39
-56
-62
-73
-50
-26
-29
-36
-43
-36
-10
-3
-24
-29
-20
-24
-10
-10
-7
-9
-11
0
12
8
8
14
6
16
18
0
-16
-31
-33
-35
-31
-21
-20
1
19
33
38
55
42
25
37
38
29
31
26
17
1
3
-1
-25
-5
12
25
7
-11
-8
-12
-3
15
40
52
42
36
32
50
60
50
46
33
19
13
7
10
14
9
0
-2
7
9
4
5
24
48
48
23
19
38
50
40
18
-8
-12
0
-1
-3
-11
-10
-17
-5
24
30
39
53
44
46
29
8
-11
-30
-26
-30
-37
-45
-43
-31
-28
-15
-8
-10
-21
-22
-12
-11
-4
-2
-5
-14
-22
-25
-20
-9
-19
-35
-32
-28
-30
-8
9
20
26
18
-7
-18
-13
-3
-11
-12
-30
-37
-42
-46
-40
-37
-15
-16
-7
1
12
1
-6
-2
10
6
-2
-19
-23
-37
-30
-30
-40
-38
-31
-26
-25
-39
-25
-13
-18
-5
8
28
26
11
-2
-17
-34
-46
-41
-33
-32
-32
-41
-39
-39
-31
-8
3
2
-4
-3
0
-9
-6
6
-5
-1
3
5
0
-3
-24
-36
-32
-36
-36
-25
-18
-15
-3
27
24
29
35
21
29
23
19
23
12
16
17
16
-4
-22
-30
-30
-25
-25
-34
-48
-47
-39
-33
-20
4
21
29
25
20
1
-11
-9
-5
-18
-30
-42
-51
-57
-60
-54
-45
-54
-53
-51
-55
-46
-26
-17
-12
-7
-5
-5
-25
-14
-35
-54
-51
-51
-50
-60
-51
-32
-35
-36
-33
-17
-8
12
17
12
6
15
9
-15
-36
-21
-18
-30
-15
-12
-25
-21
-31
-41
-41
-23
-29
-25
-13
-7
4
7
16
10
-3
-12
-18
-16
-28
-46
-62
-70
-74
-62
-57
-42
-40
-48
-61
-42
-10
8
15
-3
-9
4
8
18
6
-4
-10
-27
-29
-53
-55
-32
-31
-49
-58
-49
-41
-46
-45
-35
-19
-17
-3
3
-9
-25
-21
-32
-38
-34
-34
-37
-49
-62
-78
-72
-72
-81
-68
-30
5
-6
-17
-4
5
9
-4
-10
-11
-13
-13
-21
-15
-24
-33
-49
-59
-51
-59
-64
-53
-42
-27
-17
-3
7
8
7
-3
3
4
-6
-19
-19
-31
-36
-34
-30
-40
-60
-60
-44
-43
-55
-44
-15
4
3
2
12
2
-3
-2
-8
-6
-20
-35
-43
-32
-25
-39
-53
-48
-41
-43
-49
-26
-18
-31
-20
2
34
21
11
1
-25
-51
-61
-64
-67
-83
-88
-87
-81
-65
-61
-53
-60
-59
-63
-46
-50
-56
-58
-56
-42
-35
-59
-82
-87
-84
-91
-95
-91
-107
-122
-93
-74
-63
-45
-40
-40
-42
-46
-63
-73
-78
-72
-62
-78
-73
-68
-87
-81
-80
-58
-52
-53
-51
-48
-36
-57
-64
-56
-67
-70
-71
-57
-76
-80
-68
-70
-62
-42
-40
-44
-39
-33
-29
-37
-36
-36
-37
-28
-39
-48
-56
-49
-40
-34
-33
-28
-23
-38
-50
-29
-25
-11
-25
-5
13
-12
-13
-14
-30
-28
-23
-20
-28
-38
-45
-64
-55
-51
-45
-60
-53
-35
-16
1
7
32
50
64
71
61
63
58
47
47
27
16
26
20
21
25
21
8
19
24
28
33
42
54
77
87
78
62
59
66
63
52
42
36
31
10
14
26
22
24
22
40
57
68
68
67
68
53
57
50
46
64
53
29
17
27
25
17
21
22
30
48
48
47
39
46
65
67
52
30
28
24
19
17
-7
-25
-17
-6
7
11
4
-1
7
15
13
15
23
31
33
30
24
11
0
-2
0
-2
-18
-27
-35
-35
-10
-5
-22
-22
-12
-20
-14
4
3
3
10
5
17
-1
-12
-32
-48
-29
-23
-32
-48
-48
-37
-30
-8
-17
-22
-14
-41
-40
-34
-28
-17
-27
-34
-25
-12
-8
-14
-15
-8
-17
-21
-26
-24
-17
-20
-26
-36
-17
-19
-27
-29
-43
-38
-42
-27
-12
-1
13
3
-14
-19
-18
-16
-29
-37
-18
-4
-6
-13
-10
-19
-8
3
8
20
22
19
5
3
27
25
35
42
36
32
12
4
3
-14
-25
-6
13
10
-5
6
3
24
41
41
52
48
47
39
30
22
21
24
11
-1
-5
-30
-36
-31
-15
-14
-8
0
1
5
4
-2
0
-2
-2
-8
-4
-5
-23
-21
-8
-5
-16
-20
-11
-11
-18
-3
-4
-1
22
50
54
31
23
29
20
7
-2
-3
-13
-21
-19
-20
-6
-15
-22
-2
-2
-3
-14
0
5
