0
14
14
-1
-11
5
3
5
-11
-17
-27
-39
-29
-13
-12
-27
-9
4
-5
3
27
40
63
78
66
58
38
28
15
7
-12
-18
-24
-39
-42
-27
-28
-39
-53
-47
-32
-20
-16
-21
-24
-8
6
13
8
5
-12
-16
-19
-17
-14
-14
-12
-6
-4
-9
1
25
35
21
17
20
27
22
16
23
16
14
10
-4
-19
-10
0
-2
0
3
14
34
32
15
10
1
3
-7
-25
-20
-15
-13
-12
-7
-26
-37
-24
-25
-17
-14
-1
19
11
-1
11
22
9
11
8
6
9
-8
-23
-17
-16
-26
-35
-22
-14
-22
-22
-9
-3
18
34
68
60
38
30
23
-2
-12
-19
-11
-7
-15
-22
-15
-12
-15
-1
-11
-20
-15
-13
-3
6
14
26
37
33
36
26
10
-12
-30
-45
-34
-31
-24
-33
-33
-18
-7
1
22
33
26
28
16
11
13
10
15
21
18
2
-3
-15
-23
-27
-27
-18
-26
-17
-37
-31
3
25
35
45
38
37
29
21
6
9
2
-12
-25
-30
-23
-26
-28
-41
-37
-7
0
-9
-9
8
42
48
47
50
33
15
5
-14
-21
-26
-28
-27
-21
-19
-24
-23
-28
-14
-10
-8
0
8
16
9
10
28
25
22
18
-6
-23
-24
-22
-28
-20
1
10
9
2
6
21
9
17
14
14
16
4
-3
-29
-30
-32
-42
-40
-29
-36
-34
-17
-11
-2
6
14
18
16
6
25
17
-5
-4
-9
-11
-14
-4
0
4
21
26
32
28
10
7
-5
-1
3
-2
2
5
11
0
-8
9
8
5
1
0
-1
8
11
-3
-4
-2
-26
-37
-45
-36
-31
-33
-13
1
7
9
19
30
18
6
7
11
-2
-5
4
0
0
-14
-20
-24
-11
-14
-14
-17
-21
-8
18
23
48
62
38
15
-5
-10
2
-3
-12
-5
-4
0
-8
-14
-32
-32
-17
-10
7
-4
-17
-1
25
44
34
25
19
11
15
-5
1
1
-1
-2
-22
-35
-50
-44
-27
-5
-1
-2
13
18
14
18
35
31
22
27
19
-4
-11
-29
-43
-29
-28
-27
-34
-14
-8
-5
17
27
19
30
35
33
19
15
13
9
7
-12
-28
-22
-29
-36
-33
-21
-12
7
1
-19
2
10
-2
6
10
20
21
19
8
-1
-2
-26
-35
-25
-21
-21
-18
-12
0
9
10
13
5
7
23
26
29
30
28
10
-3
-15
-8
-17
-26
-17
-4
-5
-26
-31
-3
8
15
25
36
43
29
22
-5
-18
-13
-20
-30
-34
-31
-18
-22
-26
-15
8
26
25
26
26
44
35
22
28
16
3
-2
-13
-23
-32
-26
-17
-15
-24
-25
-16
1
21
26
30
38
30
16
7
-3
-9
-23
-21
-28
-39
-45
-55
-44
-24
11
26
9
8
6
6
16
13
11
-3
3
15
0
-17
-26
-15
-8
3
5
-4
-15
-5
17
27
30
35
24
17
15
11
-7
-15
-25
-22
-41
-48
-51
-42
-31
-31
-25
-13
-2
1
4
9
22
26
24
19
19
12
18
12
1
-10
-1
12
13
-9
-35
-31
-1
-10
10
13
25
46
41
29
19
9
-3
-3
-14
-24
-27
-26
-39
-40
-26
-4
6
0
12
15
16
16
14
15
26
16
8
-1
-10
-18
-28
-34
-41
-34
-42
-37
-20
-16
-4
15
42
57
59
53
26
19
3
-21
-26
-21
-4
-1
-7
-12
-19
-6
-17
-17
-7
-12
-5
-10
-20
-25
-17
7
13
4
-10
-21
-10
-6
-1
4
-20
-37
-23
7
10
9
22
22
26
21
8
6
6
8
9
12
14
10
10
18
22
15
14
21
33
40
33
11
3
-9
-21
-22
-22
-31
-25
-26
-38
-34
-22
-15
-8
-8
-2
-6
-12
3
12
21
23
14
10
5
5
-10
-14
-8
-19
-25
-17
-9
-3
-6
-6
-5
3
8
24
30
33
28
36
42
23
15
11
16
0
-20
-36
-46
-55
-58
-43
-26
-20
-19
-30
-16
-5
12
20
31
39
56
48
31
28
34
4
-8
-10
9
2
-12
-15
-3
7
6
12
17
17
15
6
-3
9
1
-10
2
-5
-23
-44
-37
-21
-21
-13
-14
-14
2
6
2
-2
6
21
35
29
4
-19
-33
-35
-38
-21
-19
-36
-33
-15
5
8
15
12
14
25
22
11
8
0
-2
-4
-10
-8
-22
-20
-18
-6
2
5
21
24
27
39
27
30
1
-20
-3
-6
-17
-14
-31
-52
-42
-30
-13
-11
-15
-18
-5
15
13
15
23
18
6
11
14
1
8
-8
-27
-38
-37
-40
-49
-43
-35
-20
-4
18
37
33
26
40
42
50
27
7
18
10
-1
-25
-31
-13
0
-8
-9
0
15
11
23
16
9
22
28
41
16
-6
-16
-13
-5
6
7
-7
-3
9
4
13
18
11
19
2
-30
-54
-51
-46
-43
-31
-32
-26
-39
-53
-47
-46
-44
-46
-57
-65
-76
-74
-81
-73
-55
-33
1
-3
-33
-49
-65
-54
-56
-70
-71
-89
-115
-135
-121
-106
-88
-37
9
74
160
270
417
535
652
782
881
905
913
926
897
871
879
905
921
907
875
868
855
784
640
416
2
-664
-1777
-3559
-6157
-8619
-9928
-9463
-7728
-5575
-3253
-275
3690
8734
15265
22817
29236
32266
32703
32104
30003
26912
22359
15539
8792
4275
1446
-2873
-9686
-16480
-19777
-18832
-15716
-12831
-11515
-11236
-9973
-7171
-4295
-3023
-3105
-3699
-4201
-4372
-4325
-4163
-3847
-3400
-2922
-2436
-1969
-1496
-1081
-736
-433
-162
92
305
485
630
738
812
861
893
896
887
885
863
825
789
743
686
642
595
525
481
439
384
333
268
212
173
113
52
-6
-54
-102
-154
-217
-289
-351
-421
-494
-536
-579
-633
-680
-732
-773
-818
-852
-883
-902
-919
-933
-919
-905
-895
-892
-878
-819
-793
-795
-784
-750
-698
-668
-628
-606
-603
-584
-559
-533
-522
-508
-483
-483
-483
-494
-505
-503
-512
-513
-518
-507
-486
-464
-441
-450
-454
-448
-437
-428
-411
-393
-374
-383
-375
-360
-329
-307
-300
-285
-282
-263
-239
-223
-199
-197
-184
-190
-191
-179
-178
-166
-165
-176
-187
-207
-215
-226
-224
-219
-217
-218
-227
-219
-218
-222
-219
-217
-209
-208
-220
-232
-229
-221
-218
-221
-227
-246
-266
-283
-264
-253
-252
-246
-245
-238
-228
-220
-213
-220
-214
-203
-208
-212
-229
-243
-267
-320
-355
-389
-404
-426
-461
-481
-502
-522
-529
-556
-593
-614
-610
-613
-646
-676
-686
-704
-752
-794
-823
-852
-887
-916
-927
-927
-914
-907
-908
-921
-932
-925
-911
-899
-877
-841
-813
-773
-733
-688
-643
-579
-507
-468
-421
-350
-271
-204
-139
-57
19
89
148
201
255
293
334
398
474
535
568
604
628
650
644
629
644
661
677
666
640
641
649
650
650
635
638
679
718
772
844
905
943
982
1001
1064
1155
1251
1320
1331
1319
1331
1348
1361
1367
1315
1285
1265
1193
1074
930
792
693
588
451
281
147
55
-10
-77
-140
-228
-323
-379
-428
-472
-527
-585
-639
-708
-754
-759
-736
-699
-669
-621
-573
-518
-460
-411
-359
-313
-257
-221
-192
-155
-126
-112
-81
-48
-12
5
26
51
70
80
81
102
138
136
148
165
180
186
178
186
180
189
173
166
168
157
132
119
115
107
103
100
95
100
89
79
92
93
100
120
134
141
153
161
160
157
148
152
151
147
147
128
117
121
121
109
120
137
149
159
173
167
183
181
171
168
176
178
183
173
160
154
147
146
149
139
125
124
152
159
153
153
185
205
189
190
189
187
192
166
150
125
115
117
125
130
123
127
126
136
153
152
147
139
137
128
132
128
113
108
105
99
96
80
76
77
71
70
53
53
58
69
84
94
96
93
73
42
15
15
12
2
6
-2
-3
-17
-18
-3
-15
-27
-41
-46
-57
-65
-43
-34
-47
-36
-46
-41
-54
-58
-69
-66
-78
-80
-67
-71
-71
-88
-95
-77
-67
-53
-59
-77
-83
-82
-70
-58
-65
-63
-67
-81
-94
-99
-89
-80
-80
-92
-75
-58
-70
-83
-89
-88
-76
-73
-69
-74
-74
-67
-56
-53
-67
-80
-98
-100
-85
-81
-74
-61
-61
-66
-78
-81
-65
-76
-81
-98
-105
-111
-112
-117
-122
-140
-135
-129
-124
-113
-90
-96
-126
-126
-120
-106
-103
-111
-115
-124
-130
-135
-143
-147
-148
-139
-135
-127
-132
-131
-119
-110
-95
-94
-91
-84
-88
-86
-94
-102
-122
-136
-125
-132
-146
-146
-140
-134
-131
-128
-117
-99
-89
-99
-94
-83
-101
-108
-127
-136
-141
-138
-142
-148
-153
-156
-156
-151
-120
-92
-96
-96
-93
-98
-108
-109
-119
-128
-132
-131
-140
-129
-126
-127
-124
-146
-156
-161
-160
-147
-114
-103
-112
-114
-108
-134
-139
-145
-148
-149
-158
-162
-181
-198
-202
-204
-182
-168
-157
-153
-165
-162
-137
-114
-95
-101
-105
-110
-111
-107
-118
-131
-142
-137
-136
-150
-136
-141
-141
-135
-133
-129
-147
-142
-139
-127
-118
-111
-110
-103
-112
-134
-137
-133
-138
-138
-138
-155
-152
-125
-112
-91
-81
-84
-121
-112
-92
-65
-53
-75
-66
-62
-60
-70
-86
-76
-59
-59
-60
-59
-43
-54
-85
-85
-72
-50
-37
-38
-45
-29
-12
-19
-28
-26
-29
-27
-25
-20
-10
-12
-19
-14
-11
-22
-21
-8
-9
-5
10
34
31
27
28
21
3
-1
-12
-19
-16
-8
-22
-20
-2
0
9
29
42
52
45
54
66
53
55
55
44
27
32
28
26
28
31
43
52
49
56
61
70
75
75
83
60
43
52
46
28
31
31
29
32
28
11
23
19
19
21
32
26
35
54
75
73
70
50
34
22
-2
-14
-15
-13
-26
-30
-8
16
26
22
28
25
40
48
33
32
34
42
50
40
35
40
11
-9
-8
-10
-6
-8
0
9
27
35
30
29
47
60
52
39
24
16
22
37
37
17
-1
-19
-44
-39
-21
-7
21
19
19
25
29
43
39
36
28
25
31
30
28
24
7
14
7
-8
-18
-21
-6
12
22
16
27
25
19
19
17
19
37
29
8
-5
-4
-4
-6
5
10
14
8
-1
11
12
17
26
7
-6
-10
0
11
9
14
17
17
3
-15
-21
-20
-5
2
1
-12
-9
-7
-3
6
10
6
6
9
-4
-12
-15
-19
-26
-35
-42
-31
-16
-25
-25
-8
-6
-4
1
12
2
8
28
24
18
-2
-25
-31
-36
-35
-37
-45
-43
-30
-15
-16
-6
13
14
6
-6
3
15
20
15
-2
-5
-5
-9
-13
-30
-45
-53
-35
-25
-17
-10
-8
9
20
20
13
15
21
14
1
-11
-33
-36
-43
-42
-56
-65
-59
-67
-69
-49
-39
-42
-41
-32
-22
-16
-7
-15
-9
1
2
-11
-22
-20
-22
-17
-16
-22
-16
-14
-31
-25
-26
-17
2
20
13
5
9
3
-6
-7
-12
-16
-26
-22
-27
-27
-21
-16
-13
-21
-36
-37
-23
-23
-29
-24
-10
-14
-21
-27
-18
7
-11
-38
-39
-49
-48
-54
-41
-30
-10
3
-10
-13
-27
-36
-42
-52
-40
-33
-56
-82
-78
-50
-35
-32
-23
-21
-30
-41
-42
-35
-22
-16
-14
-13
-18
-22
-27
-60
-69
-62
-64
-56
-63
-49
-30
-34
-43
-29
-11
-1
-2
-15
-32
-26
-30
-28
-27
-41
-45
-50
-52
-54
-55
-56
-62
-57
-51
-13
5
9
2
-11
-26
-41
-32
-38
-45
-40
-34
-32
-22
-29
-39
-49
-44
-39
-33
-21
-25
-20
-25
-18
-10
-14
-31
-25
-25
-28
-32
-39
-43
-53
-57
-37
-24
-33
-29
-23
-31
-32
-42
-39
-9
-10
-13
-13
-15
-23
-28
-22
-27
-40
-25
-33
-30
-42
-43
-28
-11
-15
-20
-9
-14
-43
-54
-43
-31
-27
-38
-58
-72
-53
-33
-38
-48
-43
-38
-49
-49
-52
-66
-65
-56
-57
-73
-77
-77
-83
-70
-56
-59
-59
-57
-58
-63
-62
-83
-107
-87
-85
-82
-95
-106
-110
-119
-109
-98
-82
-58
-77
-93
-84
-78
-58
-41
-18
-8
-9
-17
-21
0
6
7
17
8
13
13
16
36
58
70
71
63
65
80
109
115
102
97
97
103
100
101
88
83
87
89
98
112
96
91
91
100
110
113
116
118
118
101
103
112
91
78
73
71
66
40
44
43
51
74
86
95
86
97
108
93
90
91
100
104
89
71
64
76
75
45
37
25
16
31
37
33
48
56
63
89
106
92
79
67
59
49
50
47
36
27
4
-6
17
32
24
4
9
15
20
33
18
16
25
30
38
41
57
68
58
61
60
45
28
12
-1
1
-1
6
4
4
9
15
19
17
22
26
32
25
25
29
24
13
10
11
14
-2
-5
-3
-4
-16
-23
-24
-17
1
13
17
19
22
26
4
-9
-14
-40
-44
-47
-35
-32
-33
-26
-46
-47
-35
-48
-48
-53
-32
-23
-30
-16
-13
-23
-15
-8
1
-11
-23
-34
-42
-42
-36
-17
4
18
8
-8
-9
-6
3
11
19
17
19
-3
-15
-23
-23
-24
-21
-13
-14
-16
-18
4
6
0
-1
-12
-9
-10
2
-2
-17
-18
-29
-26
-14
-8
-4
-5
-18
-13
0
5
-2
28
49
39
28
2
-10
-4
-14
-9
-13
-25
-20
-4
-3
-16
-5
7
14
18
40
49
44
33
14
-5
-7
-14
-10
-6
-13
-14
-16
-9
-3
6
7
-6
7
20
14
21
14
22
22
22
24
4
-9
-31
-31
-32
-26
-8
14
19
32
34
41
32
39
30
21
36
48
45
34
24
19
15
20
20
12
6
11
18
27
22
24
26
32
35
29
29
30
23
1
7
-2
-9
-8
-8
7
11
2
23
24
34
40
36
53
51
62
53
35
40
32
35
28
20
14
-6
-9
2
13
24
24
33
40
59
63
64
53
38
27
-1
-13
-10
-8
-12
-17
-21
-6
-14
-8
1
8
1
-13
-1
6
11
12
5
-9
-29
-32
-41
-31
3
14
17
12
10
15
17
14
13
28
36
20
8
-4
-9
-3
-10
3
-2
-8
-23
-28
-6
9
22
33
17
27
15
-2
-8
-9
-11
-13
-21
-34
-32
-15
-22
-24
-3
11
24
24
17
22
22
32
22
25
21
21
9
-25
-28
-28
-15
-19
-43
-38
-40
-30
-23
-13
-4
-3
7
11
12
10
14
8
-1
-3
-12
-17
-2
-3
-26
-18
5
6
-7
1
13
17
5
-11
-2
17
23
19
17
-2
-6
-9
-3
-6
-10
-23
-46
-41
-41
-33
-22
-25
-6
18
8
14
24
26
19
21
20
4
-24
-30
-35
-31
-13
-7
-19
-16
-19
-19
-14
-12
-7
0
-4
-23
-29
-22
-18
-11
-17
-23
-17
-9
-12
-21
-11
8
4
10
14
20
21
19
6
-6
-23
-29
-30
-13
-4
3
14
20
29
36
28
34
32
17
11
23
26
7
-9
-24
-23
-27
-27
-26
-30
-10
14
24
10
-8
4
7
2
-12
-9
-2
-1
-11
-23
-21
-9
-13
-7
-8
-1
2
6
17
26
30
42
30
16
18
14
3
-4
-17
-39
-35
-21
-28
-24
-16
-14
-7
21
32
18
17
14
21
33
38
44
25
13
7
9
18
9
1
-5
-9
6
31
29
15
26
29
7
16
15
9
-2
-19
-23
-19
5
18
-1
-6
2
24
18
7
1
-8
-15
0
-1
-9
-18
-15
6
12
-2
-15
-13
-6
-1
3
6
24
40
38
24
4
6
2
-4
-11
-34
-34
-31
-38
-48
-42
-7
-20
-28
-19
1
8
16
36
49
51
42
35
36
29
32
30
9
-8
-33
-40
-44
-44
-45
-38
-36
-37
-13
8
10
28
52
56
35
36
41
34
46
55
41
22
14
3
-2
-13
-20
-23
-20
-8
-3
-5
-5
14
32
38
53
46
21
10
8
10
3
-7
-24
-17
-22
-39
-32
-41
-36
-15
-8
7
6
18
26
16
10
24
32
34
20
3
-11
7
28
26
18
7
6
-2
-11
-24
-10
8
2
8
29
39
26
18
6
-3
-8
-1
-9
-8
-17
-35
-33
-14
15
6
-20
-12
8
30
17
2
3
5
11
5
3
3
9
17
21
6
4
4
9
11
26
23
8
10
9
0
4
5
3
2
6
17
16
23
14
5
4
2
5
-5
-21
-28
-18
-9
-2
16
29
28
26
9
3
-10
-22
-24
-36
-30
-9
-1
-38
-38
-7
5
2
-9
-2
15
22
20
19
18
13
8
6
12
11
10
-9
-15
2
5
8
13
16
12
8
6
-5
-6
-6
23
29
18
2
-11
-27
-24
-7
-15
-28
0
9
15
26
39
43
35
29
25
11
6
-7
-15
-18
-24
-30
-31
-28
-15
-2
10
10
9
17
23
26
20
29
33
27
18
8
22
2
-33
-39
-64
-54
-33
-38
-37
-15
12
29
16
36
43
52
51
46
39
35
45
31
22
20
14
3
-21
-17
-4
-7
-21
-20
-3
14
5
4
14
29
22
23
11
2
0
1
10
6
-4
-23
-32
-42
-55
-44
-24
-30
-27
-14
-20
-5
9
29
33
22
12
14
27
30
25
26
3
-9
-9
-11
-15
-24
-9
-3
-5
11
29
30
18
24
23
25
25
-9
-21
-20
-5
-1
-1
7
9
0
1
5
15
15
18
10
4
-9
-9
-1
-2
-15
-14
-7
-22
-25
-11
12
41
30
13
18
16
4
3
5
-1
-15
-37
-18
-10
-20
-18
-33
-26
-9
0
24
22
26
23
33
32
10
11
18
26
-3
-16
-12
-16
-11
-14
11
21
8
5
9
18
11
17
27
22
6
-2
-10
-18
-28
-22
-13
-2
3
-2
-27
-34
-19
9
21
17
11
21
30
5
1
0
-2
-6
-9
-2
-17
-27
-24
-18
0
-7
-6
8
-12
-1
-8
-16
5
33
33
25
33
24
19
8
1
6
-9
-19
-43
-53
-30
-21
-15
-6
7
6
13
28
28
18
28
31
37
48
56
44
21
1
4
7
-8
-21
-21
-18
-9
-2
-3
5
26
40
55
43
26
11
-3
10
20
9
-25
-37
-30
-34
-39
-47
-30
-6
6
10
10
27
51
53
54
58
47
57
62
60
50
43
29
22
25
36
29
6
7
7
0
-12
-25
-25
-11
-19
-22
-18
-16
-20
-36
-48
-53
-45
-46
-44
-39
-51
-62
-82
-102
-113
-115
-110
-106
-96
-76
-58
-34
-42
-47
-28
-29
-41
-63
-68
-72
-89
-110
-130
-127
-106
-83
-48
1
60
131
224
342
469
593
701
800
876
915
967
970
916
858
826
816
796
783
774
760
717
663
627
506
192
-345
-1242
-2484
-4212
-6367
-8572
-9812
-9504
-8288
-6607
-4397
-1571
1813
5969
11204
15683
16264
12356
6823
3741
4534
7224
10301
13538
16864
19314
18634
11524
-82
-8365
-8921
-5103
-908
1076
726
-583
-1213
-607
-53
-521
-1601
-2748
-3582
-4142
-4422
-4401
-4179
-3853
-3464
-3054
-2675
-2359
-2052
-1754
-1460
-1201
-970
-768
-619
-499
-418
-339
-270
-217
-163
-139
-108
-97
-97
-101
-110
-110
-92
-85
-82
-83
-72
-86
-101
-94
-95
-105
-112
-133
-154
-163
-188
-229
-270
-316
-335
-355
-398
-439
-466
-512
-557
-603
-628
-648
-667
-682
-672
-665
-656
-646
-635
-617
-595
-582
-562
-529
-493
-453
-405
-362
-339
-316
-285
-265
-225
-211
-198
-185
-171
-164
-162
-150
-153
-170
-181
-194
-201
-216
-238
-255
-256
-257
-248
-256
-266
-280
-276
-282
-267
-240
-221
-208
-189
-176
-152
-130
-107
-86
-77
-74
-80
-70
-50
-36
-38
-40
-34
-25
-22
-35
-48
-50
-61
-74
-73
-74
-75
-96
-107
-127
-114
-95
-93
-83
-110
-102
-88
-88
-93
-107
-124
-136
-149
-181
-228
-249
-277
-304
-331
-396
-448
-481
-509
-522
-528
-551
-585
-625
-676
-710
-740
-766
-794
-853
-895
-940
-993
-1048
-1087
-1121
-1141
-1159
-1167
-1173
-1191
-1203
-1199
-1188
-1159
-1144
-1130
-1100
-1066
-1045
-1018
-956
-900
-825
-774
-735
-689
-632
-555
-478
-395
-303
-217
-118
-33
41
91
123
177
248
334
428
509
563
616
650
663
655
653
666
683
718
718
729
757
760
753
734
711
709
745
794
838
875
900
943
983
1014
1090
1201
1312
1370
1381
1392
1415
1455
1479
1473
1430
1428
1415
1323
1177
1014
904
814
693
536
366
221
107
19
-39
-104
-196
-286
-347
-388
-431
-455
-506
-566
-624
-680
-689
-680
-670
-640
-589
-527
-457
-407
-369
-332
-286
-250
-229
-223
-209
-167
-137
-123
-103
-97
-83
-70
-44
-27
-7
33
40
49
60
95
126
145
153
144
154
134
114
120
113
101
86
81
78
64
61
50
38
35
29
32
35
35
36
32
28
16
24
37
43
41
52
60
51
40
38
35
35
36
40
64
73
73
77
82
82
76
77
71
74
100
101
89
79
78
76
86
90
92
104
119
128
133
121
125
132
132
128
109
91
88
88
100
98
100
120
124
107
117
152
160
155
163
163
186
191
176
145
132
121
118
111
110
96
96
116
143
162
168
165
162
158
155
158
158
145
126
120
120
132
122
120
116
125
130
132
126
118
122
124
109
102
85
83
83
61
59
60
60
70
65
58
39
36
41
38
50
61
65
62
46
45
33
11
0
-4
-23
-39
-29
-16
-20
-9
-15
-17
-14
-6
-7
-15
7
12
8
-13
-40
-50
-42
-26
-40
-57
-66
-67
-59
-62
-64
-58
-59
-75
-63
-51
-42
-52
-45
-44
-48
-70
-69
-52
-65
-85
-97
-92
-85
-100
-102
-96
-93
-72
-77
-89
-76
-80
-76
-70
-53
-33
-33
-54
-73
-92
-94
-86
-98
-126
-127
-124
-131
-134
-131
-94
-75
-79
-79
-73
-79
-87
-81
-80
-74
-65
-75
-77
-97
-112
-122
-120
-119
-106
-117
-123
-119
-99
-100
-76
-66
-77
-91
-105
-108
-103
-108
-105
-110
-129
-147
-164
-158
-143
-129
-121
-116
-112
-118
-115
-81
-77
-84
-99
-99
-87
-82
-93
-118
-109
-100
-111
-120
-137
-152
-174
-170
-167
-162
-152
-158
-145
-141
-132
-123
-125
-122
-124
-115
-110
-132
-150
-163
-164
-153
-143
-155
-178
-177
-180
-175
-166
-162
-148
-139
-135
-140
-145
-135
-128
-134
-133
-125
-130
-144
-170
-171
-159
-131
-109
-101
-86
-70
-72
-91
-85
-73
-85
-96
-104
-95
-108
-121
-111
-109
-107
-108
-101
-91
-84
-71
-59
-60
-57
-55
-58
-51
-38
-45
-66
-79
-84
-83
-71
-74
-80
-87
-67
-54
-46
-48
-40
-30
-22
-29
-31
-46
-57
-41
-32
-30
-41
-52
-57
-80
-77
-63
-58
-52
-40
-13
-11
-26
-22
-14
0
-4
1
-17
-34
-45
-44
-42
-39
-43
-34
-46
-62
-70
-53
-37
-26
-10
-1
-4
-11
-14
-19
-18
-16
-22
-31
-38
-55
-50
-53
-45
-32
-19
-26
-20
11
46
39
45
33
37
47
35
36
29
22
-4
-10
5
-8
-6
-12
-14
-4
1
17
28
11
-3
6
21
35
38
10
2
1
-6
-4
-8
8
16
-7
-36
-54
-53
-53
-38
-28
-28
-21
-13
-9
-9
0
2
5
-11
-6
-10
-28
-24
-30
-27
-23
-42
-37
-38
-44
-66
-58
-46
-32
-17
-24
-23
-14
-9
-14
-3
11
0
-13
-17
-26
-42
-40
-33
-20
-33
-25
-29
-33
-32
-29
-22
7
15
15
0
-12
-22
-30
-26
-29
-26
-19
-35
-51
-47
-51
-57
-41
-21
-21
-23
-20
-16
-6
1
16
13
19
18
14
20
-6
-8
-21
-28
-32
-32
-18
-28
-10
-15
-15
-23
-1
2
-15
-7
14
25
33
43
31
22
20
14
-6
-14
-27
-45
-34
-29
-30
-32
-26
-18
7
25
26
31
35
12
0
-9
-17
-12
-9
-26
-45
-55
-51
-60
-49
-40
-20
-30
-49
-32
-18
-2
10
-4
-6
-14
-13
-11
-13
-13
-21
-19
-30
-35
-25
-24
-18
-29
-14
6
-2
-6
-18
-27
-18
-18
-17
-6
-5
-17
-44
-56
-46
-40
-27
-16
-10
0
-5
0
8
18
1
2
-6
-12
12
11
2
-3
0
2
-14
-25
-22
-14
-15
-2
30
21
-7
-25
-19
-19
-28
-32
-20
-15
-12
-14
4
3
9
-1
-24
-15
-15
-22
-30
-46
-47
-47
-33
-33
-33
-47
-42
-26
-16
-39
-44
-49
-50
-38
-35
-48
-40
-20
-9
-16
-24
-46
-43
-42
-34
-19
-13
2
0
-12
-35
-49
-50
-47
-52
-39
-33
-22
-17
-8
0
-3
-1
14
28
14
-11
-4
-20
-29
-36
-31
-30
-31
-31
-35
-35
-35
-29
-17
-18
-18
-18
-17
-7
-6
-13
-13
-27
-36
-33
-37
-29
-41
-45
-41
-32
-27
-34
-27
-20
-15
-8
-6
-16
-24
-29
-42
-48
-51
-53
-57
-75
-75
-58
-52
-45
-54
-45
-36
-27
-10
-22
-33
-31
-22
-24
-31
-31
-35
-53
-71
-75
-63
-54
-55
-60
-62
-55
-49
-39
-22
-15
-1
0
16
11
-15
-19
-22
-40
-56
-55
-61
-70
-72
-56
-30
-13
-18
-12
-16
-25
-19
-6
-5
-3
-9
-18
-14
-2
-25
-29
-29
-32
-21
-32
-41
-44
-39
-21
-17
5
-10
-33
-31
-22
-11
8
8
-6
-6
-5
-15
-21
-36
-40
-35
-42
-60
-62
-59
-44
-19
-23
-35
-20
-7
-13
-19
-6
-1
1
-8
-10
-7
-18
-44
-69
-61
-56
-47
-31
-31
-32
-37
-44
-38
-37
-39
-48
-41
-48
-57
-56
-57
-67
-52
-49
-55
-51
-33
-42
-58
-61
-60
-59
-52
-50
-55
-54
-55
-67
-81
-73
-56
-41
-36
-55
-57
-51
-42
-51
-57
-56
-70
-70
-60
-50
-33
-31
-37
-53
-51
-52
-53
-29
-23
-21
-22
-21
-29
-34
-36
-45
-41
-42
-59
-63
-48
-30
-21
-17
0
15
16
5
8
24
30
38
46
49
51
48
40
39
48
49
44
52
58
53
58
52
58
62
73
81
89
91
78
75
70
66
61
59
61
65
49
56
63
57
52
53
63
57
83
76
66
62
58
63
47
47
74
59
44
20
3
-16
-29
-14
-19
-19
-11
8
23
31
34
38
38
36
38
54
53
32
38
39
52
50
33
13
2
-4
-15
-24
-29
-26
-9
4
27
21
17
22
25
37
46
36
34
15
20
10
-2
-3
-17
-21
-27
-8
12
-12
-14
-8
-2
10
15
24
1
5
25
31
29
22
0
-22
-23
-16
-37
-51
-28
-22
-11
-17
-18
3
-3
-10
2
0
-6
9
17
2
-10
-33
-41
-32
-39
-41
-34
-30
-36
-41
-23
-18
-9
-12
-10
-1
14
12
-1
-10
-12
-11
4
8
15
-5
-12
-16
-29
-32
-29
-33
-33
-31
-23
-11
0
11
21
16
19
20
-1
-18
-13
1
-5
-13
-22
-16
-24
-8
1
7
13
6
-5
-5
-19
-7
-10
-6
-2
-8
-13
-32
-27
-13
6
27
39
50
44
55
44
21
8
0
-15
-17
-18
-12
-17
-14
-11
-8
2
7
21
36
31
29
14
15
25
21
5
-14
-25
-34
-49
-50
-48
-38
-25
-28
-11
3
9
2
1
25
35
40
47
35
32
1
-3
-3
-7
-12
-24
-20
-4
17
19
14
2
-4
19
20
27
26
21
31
40
37
15
-1
-19
-24
-21
-11
-8
-20
-35
-34
-9
7
6
10
3
12
10
9
11
25
44
35
23
15
9
-4
2
15
11
1
-10
-18
-4
10
7
12
21
25
11
31
52
61
50
28
23
28
36
8
-18
-15
-4
5
-12
-3
9
7
-3
-9
-5
-2
2
9
13
13
-5
-9
3
1
2
13
17
27
17
14
4
-12
-24
-24
-15
7
6
0
-11
4
14
20
15
6
25
44
53
40
27
28
42
32
-7
-31
-32
-34
-27
-25
-19
-28
-34
-28
-19
-5
-1
-5
12
12
23
29
29
26
16
0
-3
-15
-16
-18
-30
-27
-7
-3
-16
-18
13
21
28
35
45
40
22
6
3
14
6
-10
-16
-26
-13
-16
-41
-57
-47
-16
-10
8
26
23
25
19
19
10
-20
-34
-39
-16
0
-7
-15
-24
-14
-18
-30
-27
-26
-8
6
28
19
6
11
0
-7
-17
-6
-11
-27
-34
-35
-35
-19
-4
4
12
8
15
3
16
41
50
38
7
3
4
-8
-2
10
11
-6
-30
-46
-55
-41
-31
-16
-5
14
15
15
26
18
15
22
21
19
-1
-14
-28
-37
-34
-31
-33
-21
-14
-17
-14
-9
1
5
13
17
13
-2
-21
-11
-16
-28
-33
-37
-29
-9
5
-10
-16
-5
5
17
22
20
26
27
17
17
18
20
12
11
12
12
-9
-17
-15
-18
-4
-11
-26
-25
-23
-7
-2
8
21
31
45
44
41
32
25
7
-4
-1
-6
-32
-52
-66
-62
-51
-47
-38
-24
-10
8
11
7
10
32
33
21
34
43
44
40
21
21
15
14
8
-11
-17
-8
4
7
14
17
21
26
10
3
-16
-19
-6
8
3
-7
-3
1
4
16
-7
-41
-34
-16
-7
-11
-16
-4
0
-12
-21
-7
15
17
36
45
30
18
17
18
16
-8
-20
-32
-31
-29
-9
-4
-15
-28
-22
-6
-1
5
21
24
38
43
37
29
24
28
15
-5
-13
-33
-45
-36
-19
-10
-18
-7
-13
-14
11
37
32
28
39
49
50
35
16
9
-1
-12
-24
-28
-24
-19
-21
-24
-27
-30
-35
-38
-17
-4
8
6
23
53
29
8
-6
2
2
-10
-16
-30
-26
-35
-38
-24
-35
-24
-18
-8
5
14
42
36
37
39
23
26
23
14
2
-7
-7
-16
-2
3
3
-15
-13
9
26
24
19
3
4
11
21
29
14
-4
-22
-27
-14
-4
-3
-8
-6
-2
6
30
36
24
30
8
8
7
-1
7
13
6
-20
-28
-32
-30
-28
-26
-31
-37
-19
11
6
14
26
30
32
35
6
-15
-15
-7
-7
-11
-29
-22
-15
-14
8
18
20
32
14
16
21
13
8
5
0
-3
-2
-8
-2
45
50
21
15
25
27
30
35
21
13
25
12
-3
-13
-20
-12
-6
7
13
9
14
27
44
49
42
31
29
10
-23
-36
-18
-12
-24
-14
-11
-18
-15
-14
-25
-20
-15
-3
-5
-7
-4
-10
-13
-12
1
5
-4
-15
-16
0
3
0
1
0
-5
-8
-4
10
22
29
26
14
39
30
24
38
15
12
24
34
18
10
7
0
3
9
10
16
16
24
32
34
31
26
40
39
29
7
3
-1
-3
-20
-30
-39
-29
-21
-17
-25
-26
-21
-20
-17
-12
-20
-12
-9
-11
-22
-9
5
-33
-71
-91
-125
-157
-198
-199
-183
-158
-143
-140
-144
-155
-126
-86
-64
-57
-49
-12
26
67
129
188
244
295
390
539
709
875
1012
1161
1277
1348
1373
1331
1223
1119
1102
1173
1337
1509
1640
1577
1131
130
-1481
-3866
-6922
-8874
-8615
-7070
-4813
-1755
2067
6478
11165
15737
19238
18019
8446
-6350
-15501
-15867
-12834
-10306
-8985
-8555
-9333
-10526
-7172
7352
30863
45138
41537
28810
16089
6590
396
-3384
-5387
-6284
-6668
-6801
-6772
-6591
-6275
-5891
-5414
-4860
-4248
-3650
-3118
-2648
-2168
-1696
-1281
-901
-548
-251
-8
200
368
507
602
671
725
753
778
773
784
777
740
732
708
676
633
598
572
553
519
464
423
383
356
321
259
198
142
104
70
28
-21
-78
-127
-183
-245
-287
-326
-360
-377
-410
-454
-474
-502
-534
-564
-573
-562
-550
-553
-545
-514
-479
-443
-423
-412
-374
-329
-299
-292
-267
-231
-213
-192
-176
-185
-169
-156
-147
-134
-134
-143
-156
-175
-205
-210
-203
-213
-219
-227
-228
-222
-226
-224
-236
-235
-227
-218
-205
-211
-202
-178
-154
-159
-163
-167
-162
-178
-194
-185
-182
-177
-186
-203
-204
-190
-168
-162
-154
-152
-160
-166
-168
-164
-164
-163
-165
-178
-180
-195
-211
-250
-281
-305
-323
-343
-376
-410
-444
-462
-468
-476
-487
-508
-538
-574
-599
-627
-665
-689
-698
-731
-766
-812
-846
-880
-923
-945
-958
-979
-995
-992
-1010
-1023
-1008
-985
-967
-941
-919
-891
-852
-822
-801
-775
-731
-683
-648
-611
-572
-512
-446
-380
-323
-239
-161
-98
-50
-7
19
38
65
104
167
216
240
244
252
203
160
172
174
190
217
213
198
186
209
242
265
265
252
268
302
357
417
454
494
537
589
667
762
855
912
945
972
994
1030
1078
1102
1075
1057
1080
1077
995
873
771
701
632
557
458
336
224
141
89
10
-75
-174
-252
-302
-368
-427
-492
-567
-625
-688
-731
-751
-758
-733
-702
-661
-617
-561
-518
-468
-415
-395
-372
-341
-313
-267
-247
-223
-210
-195
-182
-174
-153
-133
-106
-88
-90
-94
-84
-66
-56
-52
-43
-52
-46
-39
-45
-48
-62
-74
-75
-104
-126
-131
-134
-134
-126
-122
-129
-150
-172
-191
-178
-157
-134
-128
-131
-132
-139
-144
-149
-151
-147
-143
-133
-141
-149
-162
-157
-137
-132
-125
-102
-103
-119
-126
-111
-88
-107
-121
-105
-91
-85
-83
-86
-90
-70
-58
-61
-72
-78
-71
-54
-55
-72
-76
-58
-50
-42
-38
-34
-17
-16
-2
-3
6
15
22
50
55
46
45
47
82
72
64
62
63
73
82
80
97
107
107
112
121
148
166
159
154
151
159
161
159
144
135
107
105
109
120
118
123
128
119
127
168
175
146
148
142
157
164
151
131
118
123
110
82
70
64
85
82
84
89
89
94
109
117
111
101
104
92
80
60
61
52
41
43
34
19
6
-11
-11
-5
10
24
10
4
20
15
14
-4
3
-7
-26
-44
-45
-45
-63
-80
-83
-80
-83
-77
-51
-50
-47
-43
-58
-60
-51
-40
-39
-49
-52
-63
-83
-90
-94
-92
-96
-89
-88
-90
-90
-91
-97
-118
-120
-101
-113
-101
-94
-78
-80
-101
-134
-156
-150
-142
-148
-150
-153
-152
-134
-115
-84
-71
-84
-65
-69
-88
-105
-109
-118
-133
-130
-134
-138
-125
-131
-136
-138
-130
-103
-89
-95
-96
-70
-70
-72
-79
-88
-83
-93
-100
-123
-124
-110
-111
-92
-89
-89
-93
-92
-78
-62
-47
-50
-63
-67
-83
-85
-95
-96
-110
-129
-143
-135
-125
-141
-143
-130
-106
-98
-77
-77
-71
-55
-44
-49
-54
-49
-35
-40
-53
-70
-81
-87
-92
-84
-91
-77
-64
-63
-65
-50
-34
-35
-35
-54
-70
-53
-44
-40
-57
-77
-93
-75
-68
-79
-75
-68
-67
-50
-39
-56
-61
-42
-21
-26
-27
-16
-19
-29
-31
-26
-33
-46
-47
-54
-56
-30
-27
-32
-23
-10
3
7
15
16
22
36
26
9
-7
-4
6
15
-6
-18
-12
-13
-12
-6
-5
0
6
27
28
35
50
49
68
71
56
32
29
40
34
7
-7
-6
-10
-25
-28
-1
-5
-8
-13
-20
5
24
27
31
35
50
44
41
14
9
18
11
-3
-13
-14
-25
-27
-5
0
5
3
14
29
28
27
28
23
14
19
17
4
0
4
-4
-3
-4
-4
-17
-11
-2
-2
8
9
10
7
8
5
23
26
4
-7
-5
-11
-20
-26
-45
-40
-28
-23
7
13
11
15
1
2
-2
6
-11
-32
-48
-46
-55
-61
-41
-24
-27
-30
-31
-9
-5
-12
3
23
33
31
18
21
30
43
51
45
29
-9
-31
-37
-55
-58
-42
-13
0
4
11
24
36
34
37
26
20
20
10
2
7
7
1
-9
0
-9
-12
-12
-22
-25
-21
-17
3
13
26
29
34
27
5
4
-11
-31
-45
-39
-30
-33
-25
-13
-13
-16
-7
11
19
16
16
20
26
24
24
4
2
7
2
-11
-23
-19
-10
-2
4
0
0
-4
1
8
16
26
28
11
9
13
7
-5
-10
-21
-58
-68
-54
-47
-42
-36
-34
-19
-17
-3
-7
2
17
29
28
6
-6
1
24
19
10
6
-9
-9
-14
-30
-25
-30
-26
-17
-8
7
17
9
3
2
8
2
12
13
-7
-29
-43
-33
-26
-31
-35
-41
-33
-29
-26
-17
-22
-15
-1
13
20
12
0
-13
-22
-15
-19
-31
-46
-44
-30
-23
-14
-33
-34
-27
-9
1
2
10
2
8
2
-13
-19
-22
-27
-36
-42
-58
-79
-83
-69
-67
-52
-40
-18
-25
-30
-12
-10
-1
-2
-6
-8
-4
-4
-20
-38
-47
-46
-49
-48
-35
-18
-12
1
6
13
15
11
26
44
48
51
26
22
13
14
9
-26
-34
-40
-44
-51
-56
-71
-88
-81
-55
-35
-24
-27
3
13
13
14
-3
-12
-26
-52
-73
-74
-65
-56
-51
-42
-50
-49
-47
-44
-33
-28
-33
-24
-20
-15
-13
-18
-27
-18
-18
-14
-14
-18
-44
-60
-47
-36
-42
-37
-34
-30
-22
-18
-1
16
23
18
12
6
4
12
11
-1
-27
-53
-62
-54
-64
-67
-68
-49
-55
-69
-66
-69
-49
-31
-14
2
4
10
12
20
22
13
5
-6
-17
-42
-57
-38
-27
-17
-29
-37
-15
-5
-2
-1
2
2
-15
-21
-28
-37
-45
-44
-36
-51
-43
-42
-75
-84
-83
-60
-48
-47
-32
-18
-6
6
4
-4
-5
-6
-20
-31
-38
-44
-46
-46
-41
-34
-30
-22
-11
-9
-10
-19
-14
-12
-7
2
6
8
13
-2
-25
-29
-25
-17
-23
-33
-28
-5
-10
-12
-20
-2
15
16
15
-8
-19
-31
-44
-27
-24
-27
-20
-48
-63
-61
-46
-29
-25
-29
-40
-40
-35
-18
-8
-24
-21
-20
-8
-4
-25
-32
-32
-30
-35
-42
-42
-37
-18
-11
-14
-11
1
-8
-4
-8
-11
-19
-36
-55
-63
-49
-53
-46
-36
-26
-21
-28
-20
-26
-20
-13
-11
-22
-55
-55
-42
-52
-56
-56
-64
-83
-102
-95
-88
-85
-86
-72
-58
-58
-60
-63
-42
-39
-50
-71
-88
-86
-75
-80
-105
-103
-89
-98
-101
-64
-45
-68
-93
-93
-80
-63
-46
-56
-64
-60
-56
-43
-45
-69
-80
-86
-99
-114
-111
-114
-116
-105
-92
-59
-54
-57
-48
-48
-50
-42
-61
-69
-91
-89
-88
-96
-91
-86
-83
-77
-80
-76
-75
-67
-72
-65
-35
-13
-11
-17
-19
-16
-25
-5
-1
-10
-21
-28
-21
-38
-45
-29
-4
17
24
37
49
64
60
58
57
58
66
70
52
52
63
64
64
48
47
28
17
23
27
24
33
39
47
66
86
90
94
85
71
62
43
45
64
47
27
26
22
18
12
18
25
30
42
50
40
48
56
60
63
74
70
67
59
59
48
35
32
27
17
7
3
15
15
30
49
49
31
31
50
44
35
45
49
49
34
31
26
20
14
0
-8
-11
-12
0
5
-3
1
18
22
5
1
14
10
14
4
4
2
-12
-15
-1
15
6
-10
-27
-34
-19
-12
-2
1
1
14
20
24
25
13
5
-10
-11
-11
-26
-19
-15
-28
-49
-43
-23
-19
-1
-14
-30
-33
-23
-3
7
4
-18
-24
-15
-14
-19
-12
-34
-50
-57
-52
-58
-65
-53
-34
-29
-17
-12
-12
-18
-6
11
11
1
-27
-29
-15
-17
-24
-21
-20
-31
-44
-62
-64
-45
-38
-21
-15
-13
8
7
6
-1
1
7
-5
0
-12
-19
-34
-41
-24
-25
-12
-9
-11
-21
-32
-19
0
16
24
18
12
33
24
25
29
15
7
6
1
-7
-5
1
-10
-16
-11
2
9
6
9
8
18
24
20
19
21
22
19
8
3
-14
-18
-22
-11
-3
6
0
-8
-11
-2
8
29
38
38
24
30
38
39
37
33
20
11
-12
-28
-40
-20
0
8
30
26
6
3
9
18
35
42
33
19
22
19
15
10
-5
-16
-16
-17
-34
-38
-20
-14
8
18
27
19
27
36
42
47
35
14
18
7
2
-1
-22
-31
-20
-3
5
-8
-15
-4
8
12
12
20
19
19
6
6
28
19
2
-10
-10
-24
-50
-53
-59
-35
-4
8
18
21
36
31
27
38
27
21
16
-6
-1
6
-7
-26
-25
-12
-8
-19
-24
-15
5
1
13
19
28
29
20
21
24
5
-6
-9
-15
-6
-26
-30
-21
-9
-39
-44
-40
-12
12
22
21
14
19
24
26
22
-2
-9
-18
-28
-11
-6
-7
5
4
9
11
12
21
26
15
-3
-7
-10
-13
-18
-25
-23
-11
-3
-12
-22
0
6
9
4
10
22
24
4
2
-7
4
-10
-36
-34
-33
-19
-11
-5
-2
9
29
13
21
15
14
15
6
-3
-9
-9
4
2
-2
-17
-16
-20
-27
-28
-35
-32
-17
13
19
12
18
32
34
27
7
-8
-4
-11
-24
-26
-21
-22
-31
-32
-21
5
10
4
17
31
29
20
22
12
-1
-10
-31
-41
-32
-38
-34
-29
-14
-20
-29
-18
7
43
42
39
29
23
27
18
-4
-11
-23
-14
-33
-40
-45
-58
-58
-48
-10
19
7
17
16
17
18
11
17
15
15
19
21
9
1
1
3
10
10
5
-1
-13
5
3
11
32
39
40
18
-3
-12
-32
-51
-55
-53
-55
-49
-27
-29
-25
10
18
23
31
27
28
29
14
1
3
14
9
-2
-21
-15
-2
-3
4
10
2
-16
-13
4
19
37
47
41
24
13
4
-3
-17
-26
-40
-44
-47
-45
-54
-63
-35
-11
7
11
14
18
20
33
6
5
8
10
3
-2
-5
-5
-5
-3
-3
6
1
-6
5
12
19
19
21
31
24
6
6
-7
-13
-37
-46
-37
-31
-19
-17
-11
-14
-9
-7
4
16
19
35
51
57
52
31
28
28
20
23
14
7
-9
-10
-15
-30
-16
-6
1
6
1
24
43
60
69
60
45
24
16
4
-30
-40
-40
-33
-14
-15
-10
-17
-13
-11
-14
-8
-13
-18
-8
0
11
4
-4
-11
-9
-15
-19
-18
-19
-19
-23
-32
2
28
25
31
34
35
35
36
34
33
37
30
13
2
-1
-5
-29
-33
-21
-9
-4
-4
9
20
32
44
55
67
59
56
63
49
41
30
28
29
6
-29
-52
-54
-47
-33
-18
-38
-51
-25
-9
-5
-12
-6
-20
-49
-65
-59
-58
-47
-42
-27
-30
-33
-68
-115
-141
-156
-157
-151
-144
-138
-143
-157
-159
-154
-130
-133
-132
-119
-86
-52
-28
5
69
164
259
382
552
726
898
1076
1237
1322
1392
1444
1397
1304
1305
1353
1459
1581
1629
1401
674
-802
-3288
-6555
-9621
-10221
-8127
-4901
-1572
1702
5185
9148
13556
17870
20182
16562
5259
-7995
-14919
-14832
-13075
-12341
-12092
-12005
-12095
-10680
-2026
17662
40080
47418
38845
24797
12537
3994
-1337
-4487
-6133
-6847
-7119
-7166
-7072
-6833
-6480
-6023
-5477
-4856
-4235
-3642
-3106
-2602
-2095
-1627
-1183
-768
-415
-118
114
320
496
643
743
820
900
960
985
998
991
995
984
961
935
901
870
840
803
763
724
702
673
632
595
540
456
382
328
263
200
135
71
-4
-80
-150
-214
-268
-321
-367
-409
-448
-510
-545
-566
-603
-607
-597
-591
-597
-583
-576
-573
-563
-544
-520
-480
-446
-436
-431
-408
-368
-335
-295
-302
-321
-314
-320
-318
-326
-334
-337
-355
-360
-366
-371
-377
-384
-393
-413
-412
-409
-408
-390
-391
-387
-372
-362
-346
-345
-343
-325
-312
-307
-296
-276
-259
-260
-264
-248
-234
-226
-210
-202
-227
-215
-221
-217
-207
-195
-200
-207
-214
-218
-209
-208
-216
-221
-232
-239
-246
-250
-251
-261
-261
-257
-270
-307
-333
-360
-386
-406
-431
-473
-515
-536
-562
-603
-634
-665
-707
-744
-776
-808
-843
-880
-910
-932
-955
-959
-959
-950
-944
-946
-931
-938
-931
-899
-868
-842
-815
-785
-785
-775
-725
-686
-625
-576
-527
-472
-416
-365
-310
-252
-184
-101
-4
57
119
162
187
215
250
290
351
398
422
444
466
450
426
419
417
416
450
457
436
417
420
432
437
415
384
388
411
438
472
496
529
570
604
645
719
810
866
895
899
904
920
929
964
958
948
972
960
878
753
661
596
529
437
306
184
103
51
-8
-97
-154
-216
-287
-342
-416
-472
-519
-572
-636
-693
-745
-774
-771
-741
-717
-676
-613
-582
-548
-506
-460
-415
-376
-353
-345
-312
-268
-250
-243
-226
-199
-170
-140
-126
-108
-85
-60
-49
-35
-19
1
-11
3
27
24
1
-13
-14
-26
-25
-41
-53
-69
-88
-103
-114
-134
-147
-157
-138
-140
-146
-149
-151
-150
-148
-142
-128
-120
-103
-86
-72
-63
-60
-53
-44
-55
-61
-68
-66
-66
-77
-68
-64
-50
-49
-36
-41
-48
-46
-36
-32
-36
-40
-38
-35
-34
-44
-57
-45
-34
-42
-59
-63
-38
-28
-12
12
7
6
15
6
-11
-13
0
13
28
24
42
43
30
39
54
67
83
96
91
85
99
112
121
127
125
125
129
126
129
130
123
132
141
147
142
131
144
168
186
177
155
155
166
161
158
144
138
130
116
116
131
134
140
130
136
148
149
135
120
125
132
130
136
135
112
99
91
88
81
87
89
69
61
69
87
93
87
95
100
82
54
35
38
18
19
15
7
5
4
18
25
21
19
12
12
5
2
-8
-17
-18
-38
-46
-64
-59
-55
-57
-56
-57
-72
-72
-75
-55
-51
-62
-61
-65
-52
-57
-66
-67
-76
-76
-89
-110
-120
-115
-106
-118
-119
-112
-96
-90
-88
-91
-95
-84
-67
-85
-73
-64
-86
-98
-103
-94
-94
-101
-105
-100
-81
-78
-85
-87
-94
-92
-89
-79
-73
-60
-49
-36
-51
-75
-87
-87
-99
-101
-110
-103
-94
-99
-96
-88
-97
-96
-99
-94
-96
-94
-82
-85
-70
-51
-53
-51
-82
-94
-114
-143
-150
-148
-141
-148
-157
-150
-135
-129
-116
-98
-93
-82
-77
-84
-79
-79
-91
-99
-100
-97
-101
-109
-135
-132
-115
-116
-115
-119
-126
-110
-104
-93
-84
-87
-91
-88
-79
-79
-82
-91
-96
-98
-107
-110
-101
-103
-93
-107
-106
-80
-67
-71
-83
-77
-51
-50
-49
-56
-51
-44
-59
-63
-71
-72
-64
-54
-51
-69
-69
-58
-42
-24
-17
-9
1
8
2
5
-7
-17
-39
-59
-62
-54
-50
-48
-51
-46
-37
-29
-25
-15
-10
2
7
0
-24
-31
-20
-5
-3
-16
-35
-36
-32
-23
-21
-29
-21
-16
-15
-14
1
16
23
38
37
25
26
25
13
-3
-7
-14
-4
15
5
-10
-10
19
42
50
52
39
20
15
8
14
24
42
34
35
38
31
9
11
15
17
23
20
24
29
33
31
43
25
26
24
23
33
32
20
21
37
47
40
37
36
37
43
30
30
33
27
30
40
36
17
15
27
49
54
37
32
40
34
31
37
46
26
3
12
21
15
2
-13
-10
5
-3
-1
9
17
22
25
39
29
21
28
31
28
29
26
4
0
-3
-5
0
10
14
1
-1
1
-10
-7
1
28
46
41
25
0
3
10
-7
-9
-12
1
11
1
-31
-49
-42
-39
-37
-18
-9
-3
4
6
18
51
77
57
34
32
38
21
-11
-10
2
4
-3
-9
-17
-20
-14
-16
-15
-2
0
-15
-3
11
4
0
0
6
14
25
25
8
4
-1
8
15
12
-2
-12
-22
-16
-5
4
19
25
35
42
49
52
49
39
28
26
28
22
5
-4
3
4
6
-6
-16
-19
-16
0
22
32
35
36
33
28
16
13
20
28
5
1
0
8
14
23
35
15
10
11
7
21
15
10
-5
-10
6
7
14
9
5
-4
-14
-2
3
-2
-22
-31
-11
-16
-2
8
5
5
16
8
4
2
13
19
23
9
13
6
-6
-10
-15
-21
-41
-55
-50
-25
2
6
12
18
27
31
33
25
26
6
-5
-17
-27
-39
-55
-53
-52
-46
-39
-18
3
5
6
4
-1
-4
-16
4
6
-3
-18
-16
-27
-34
-24
-17
-18
-5
12
18
25
14
5
8
2
0
-7
-10
3
10
10
4
-12
-26
-26
-17
-13
-12
-2
11
-1
5
15
15
3
4
-8
-18
-30
-20
-22
-42
-39
-37
-35
-35
-40
-34
-20
-15
-12
-4
13
-3
-15
-32
-28
-34
-47
-58
-72
-56
-57
-64
-73
-62
-41
-39
-44
-36
-20
-8
2
-3
-8
-2
-5
-21
-23
-29
-41
-41
-49
-44
-53
-51
-44
-48
-28
-15
-15
-10
5
8
-17
-25
4
0
-13
-33
-34
-18
-10
-14
-26
-39
-31
-20
-9
-14
-11
-12
-21
-14
-16
-9
-22
-27
-12
-22
-26
-31
-28
-20
-9
1
-11
-33
-39
-26
-13
-21
-19
-28
-47
-45
-33
-25
-25
-28
-21
-8
-8
-21
-40
-45
-35
-33
-36
-46
-28
-16
-3
-10
-7
-21
-39
-41
-47
-50
-44
-33
-25
-32
-15
-9
-14
-8
-15
-15
-6
-8
-13
-18
-11
-13
-14
-28
-42
-31
-13
-7
-20
-40
-44
-29
-16
14
26
23
28
24
11
-7
-8
-23
-38
-30
-42
-51
-49
-44
-54
-57
-41
-40
-38
-36
-37
-28
-22
-4
-4
-10
-18
-18
-21
-12
-8
-20
-25
-32
-45
-48
-57
-49
-34
-15
-10
-1
-7
8
13
25
16
7
6
3
-22
-39
-52
-72
-87
-73
-42
-33
-46
-63
-65
-63
-60
-68
-55
-22
-22
-33
-26
-28
-30
-34
-44
-81
-93
-100
-129
-130
-121
-112
-104
-117
-102
-86
-64
-55
-56
-71
-91
-82
-81
-84
-70
-77
-82
-79
-72
-63
-68
-77
-72
-87
-101
-113
-117
-119
-106
-93
-81
-76
-68
-73
-66
-47
-38
-50
-64
-50
-37
-32
-32
-31
-24
-40
-45
-38
-30
-23
-14
3
5
17
14
25
27
38
64
78
81
98
100
119
130
142
143
138
135
133
140
132
105
98
86
93
95
82
72
70
81
84
70
61
72
86
90
80
67
53
54
61
60
53
48
40
37
39
41
51
51
58
67
54
31
31
39
62
74
83
84
71
54
46
38
48
53
45
27
17
30
36
49
39
46
52
44
54
62
63
70
64
72
58
59
60
45
47
49
51
45
37
33
29
34
31
27
34
42
54
61
38
41
41
36
31
20
11
0
-9
-14
-5
-4
-1
-5
-11
-5
-5
-7
7
16
20
12
9
24
25
-2
-25
-12
-6
-23
-37
-33
-7
13
13
26
21
14
17
36
38
17
12
1
-3
-6
-16
-27
-36
-44
-42
-32
-29
-31
-25
-18
-25
-24
-14
1
19
20
12
-1
10
0
-15
-7
-24
-52
-64
-56
-40
-33
-29
-17
-8
4
9
7
7
5
10
6
12
15
-1
-8
-17
-30
-49
-34
-13
-14
-20
-27
-21
-19
-15
-14
-22
-14
-5
-4
-1
-15
-8
4
0
-9
-18
-13
-18
-29
-39
-46
-43
-40
-23
-18
-12
21
37
49
36
22
15
-9
-15
-18
-13
0
8
1
-8
-15
-30
-34
-28
-17
6
17
14
12
7
4
7
25
43
37
2
-19
-10
-5
1
17
24
15
6
-1
6
24
39
40
38
55
49
39
19
22
24
28
22
20
7
-14
-12
2
24
29
36
39
44
50
53
71
72
85
80
57
43
27
26
21
13
-2
-1
13
4
4
11
12
15
15
22
29
21
7
22
35
39
40
40
28
22
32
12
2
-15
-17
-13
-9
-13
-23
-17
14
24
47
58
59
53
38
27
16
8
-4
6
8
2
9
-2
-9
-17
-19
-13
-13
-1
-6
-12
0
19
18
12
15
18
-3
-12
-36
-39
-22
-14
-2
-1
-5
-9
-3
17
27
26
31
37
39
25
10
3
-5
4
1
-19
-26
-36
-46
-39
-22
-9
4
22
19
31
46
37
19
7
18
3
-18
-29
-35
-26
-21
-39
-38
-36
-24
-23
-23
-15
-2
19
23
20
8
8
8
-1
0
-10
-17
-27
-30
-22
-14
-20
-18
0
1
-12
-2
11
21
32
28
25
32
21
13
10
-1
-12
-12
-20
-42
-41
-22
-28
-41
-32
-9
-4
-2
-1
-15
-12
-6
-13
-15
-24
-20
-16
-14
-29
-30
-24
-16
-3
0
4
5
20
34
33
26
23
16
23
11
1
-13
-23
-3
-8
-9
4
8
5
7
36
64
63
65
54
32
39
34
20
10
-14
-27
-17
-24
-47
-58
-43
-48
-32
-17
-14
-25
-33
-22
-22
-7
4
9
3
-5
8
6
8
-2
-6
-9
-11
-6
-5
1
21
35
44
57
55
66
64
52
27
1
1
13
20
11
-1
7
9
-7
-12
8
10
0
-1
14
31
25
13
39
50
51
38
19
10
-13
-29
-37
-64
-72
-70
-69
-73
-78
-82
-68
-53
-45
-41
-50
-63
-70
-73
-67
-64
-61
-53
-58
-65
-76
-94
-106
-131
-167
-185
-184
-179
-181
-174
-167
-147
-121
-115
-101
-97
-85
-62
-32
8
30
57
127
200
309
470
680
873
1040
1202
1324
1393
1410
1380
1319
1286
1317
1392
1473
1514
1483
1398
1190
765
85
-914
-2397
-4104
-5281
-5194
-3680
-1283
1698
5445
10078
15081
17979
12974
-2265
-17975
-23983
-22437
-19011
-15220
-12623
-12560
-15407
-19780
-22834
-17572
3654
29590
41496
37776
28394
19878
13880
9996
7362
5387
3772
2315
1030
55
-636
-1094
-1367
-1564
-1671
-1680
-1609
-1483
-1345
-1190
-1053
-921
-801
-697
-609
-534
-452
-398
-345
-300
-286
-262
-225
-223
-225
-223
-227
-226
-211
-191
-168
-149
-141
-133
-127
-128
-123
-114
-96
-105
-130
-135
-132
-143
-167
-194
-200
-208
-232
-271
-295
-316
-337
-333
-359
-363
-369
-376
-379
-395
-390
-383
-399
-397
-374
-353
-326
-306
-303
-315
-305
-292
-269
-257
-243
-214
-186
-167
-164
-176
-185
-168
-161
-156
-156
-163
-175
-156
-150
-165
-185
-193
-185
-169
-165
-150
-141
-131
-137
-153
-135
-143
-154
-161
-153
-149
-149
-123
-122
-128
-119
-130
-125
-146
-155
-145
-128
-114
-110
-100
-95
-98
-84
-71
-63
-68
-75
-71
-93
-112
-119
-133
-173
-206
-212
-221
-240
-256
-294
-327
-351
-394
-442
-492
-518
-534
-566
-604
-643
-672
-690
-734
-781
-845
-906
-980
-1043
-1101
-1130
-1160
-1224
-1256
-1273
-1274
-1271
-1274
-1259
-1250
-1256
-1254
-1257
-1242
-1216
-1165
-1110
-1058
-1006
-943
-874
-813
-752
-689
-639
-588
-521
-445
-370
-303
-214
-123
-51
10
60
129
206
300
389
473
567
660
739
815
887
929
958
986
1015
1045
1084
1102
1092
1063
1039
1030
1041
1086
1113
1131
1129
1133
1158
1167
1174
1235
1307
1376
1407
1401
1433
1480
1527
1520
1482
1446
1425
1360
1228
1066
904
762
609
443
285
131
-1
-115
-195
-268
-336
-383
-429
-474
-483
-476
-492
-532
-593
-658
-719
-739
-735
-705
-684
-642
-580
-529
-487
-435
-376
-317
-291
-249
-218
-194
-163
-168
-163
-141
-114
-101
-91
-64
-41
-25
11
18
33
86
102
89
84
107
120
128
143
141
130
107
104
111
91
80
57
36
19
5
-4
-8
-10
-25
-37
-35
-46
-53
-56
-50
-50
-46
-40
-31
-31
-37
1
29
28
21
30
26
28
24
37
55
40
27
29
49
59
50
45
63
91
89
82
92
91
94
93
69
41
37
46
34
23
27
34
50
59
75
87
95
101
113
123
121
117
114
110
107
101
85
96
83
66
75
86
102
100
96
107
122
153
157
141
134
127
135
129
124
128
135
125
116
113
110
121
138
150
155
152
146
144
156
157
145
151
166
156
145
135
117
116
112
98
101
111
124
140
139
122
139
151
153
150
125
107
99
91
74
66
69
62
52
52
32
30
14
10
19
33
39
36
50
61
60
66
74
86
58
42
30
4
-5
-14
-16
-21
-36
-40
-54
-54
-63
-41
-27
-26
-26
-33
-22
-14
-18
-29
-35
-44
-42
-59
-80
-79
-83
-93
-99
-79
-76
-100
-105
-103
-85
-71
-81
-82
-76
-65
-68
-76
-93
-118
-128
-134
-135
-134
-141
-135
-122
-95
-93
-102
-96
-99
-88
-99
-99
-87
-79
-96
-107
-90
-90
-106
-117
-138
-134
-135
-146
-138
-130
-132
-129
-121
-118
-98
-86
-82
-98
-104
-111
-125
-116
-139
-163
-167
-160
-161
-163
-162
-154
-155
-156
-160
-152
-133
-112
-109
-117
-116
-116
-102
-104
-117
-132
-140
-140
-142
-154
-164
-160
-133
-146
-151
-153
-153
-143
-131
-120
-114
-113
-120
-127
-126
-133
-140
-138
-150
-152
-143
-142
-161
-151
-125
-129
-127
-112
-107
-76
-53
-64
-66
-71
-69
-74
-83
-69
-62
-77
-99
-113
-113
-98
-84
-81
-71
-62
-65
-54
-64
-73
-71
-63
-64
-67
-64
-65
-51
-53
-57
-72
-83
-71
-78
-76
-53
-46
-34
-26
-10
0
-25
-42
-50
-47
-61
-71
-67
-61
-59
-55
-47
-35
-17
-10
6
15
0
-25
-18
-17
-18
-11
-14
-7
0
-13
-32
-26
3
-8
-6
0
6
35
45
49
49
42
43
36
26
0
-5
-3
-5
-11
-17
-20
-23
-5
27
32
57
67
77
71
43
18
25
26
26
20
0
-3
-7
-2
-8
8
36
50
48
27
21
19
18
20
26
31
28
12
-1
-19
-19
-7
-15
-20
-20
-12
-29
-30
-13
-2
28
37
21
10
2
-9
-24
-29
-43
-48
-44
-47
-43
-30
-19
-7
19
33
32
37
34
24
14
12
20
30
30
24
2
-20
-19
-7
-11
-5
28
35
15
31
44
42
47
59
41
27
23
23
7
-13
-42
-50
-63
-54
-51
-57
-39
-12
3
-5
-5
-3
-14
4
18
12
18
14
-3
-15
-21
-30
-41
-36
-29
-40
-40
-37
-37
-16
-12
-16
2
11
-3
-9
-3
-32
-49
-50
-55
-74
-93
-89
-72
-63
-56
-39
-34
-19
-14
-30
-26
-7
-19
-27
-26
-24
-35
-33
-22
-25
-38
-45
-63
-43
-34
-22
-23
-33
-18
-6
10
-7
-8
-9
-16
-18
-28
-29
-27
-51
-57
-48
-39
-37
-41
-32
-5
4
-6
-18
-14
-9
-15
-11
-6
-3
-6
-12
-18
-20
-20
-32
-28
-25
-23
-25
-44
-37
-22
6
6
-10
5
12
21
16
4
-1
-24
-38
-37
-39
-26
-28
-34
-31
-9
-16
-13
1
3
0
5
4
4
6
-7
4
13
-20
-55
-62
-65
-50
-35
-66
-64
-42
-26
-5
9
11
16
16
15
6
-5
-11
-15
-11
-12
-7
-21
-45
-49
-52
-37
-24
-18
-17
-32
-26
-27
-24
-19
-14
11
5
10
1
-8
-9
-18
-28
-36
-42
-47
-46
-41
-26
-37
-39
-36
-7
8
13
33
34
19
18
19
29
16
-1
-20
-26
-31
-43
-31
-31
-40
-32
-22
-15
-16
-11
-5
-9
-5
-28
-18
-21
-31
-39
-49
-58
-49
-54
-63
-55
-37
-25
-30
-32
-23
-2
15
32
40
41
41
31
6
-13
-31
-16
-6
-15
-23
-24
-16
-23
-14
-19
-24
-16
-12
-8
-12
-1
-4
-29
-15
-22
-20
-24
-39
-39
-37
-37
-26
-7
-1
-21
-24
-11
6
7
2
3
-11
-22
-29
-43
-51
-46
-31
-20
-23
-29
-19
-9
-23
-29
-21
-18
-20
-20
-9
-11
-18
-37
-45
-43
-30
-36
-47
-41
-31
-10
-18
-17
-17
-3
25
20
12
-2
-13
-36
-50
-50
-51
-57
-54
-50
-43
-48
-55
-58
-56
-44
-44
-34
-28
-26
-23
-29
-13
-19
-36
-36
-34
-42
-40
-37
-66
-81
-66
-34
-15
-4
1
2
8
-2
-15
-5
3
-9
-20
-32
-21
-25
-17
-3
-17
-27
-17
-27
-19
-7
0
-2
-11
-15
-10
-11
-18
-34
-37
-42
-37
-47
-41
-48
-69
-64
-54
-47
-45
-35
14
34
15
18
10
2
-7
-2
-2
-18
-34
-38
-37
-49
-54
-47
-44
-41
-32
-37
-40
-39
-33
-19
-11
-23
-22
-31
-28
-10
-14
-26
-37
-55
-71
-76
-72
-49
-40
-45
-29
-17
-19
-21
-6
-2
-27
-38
-40
-36
-30
-54
-61
-62
-53
-54
-63
-80
-101
-103
-113
-119
-104
-96
-87
-72
-64
-65
-72
-73
-81
-64
-53
-65
-71
-94
-92
-87
-88
-80
-78
-67
-71
-87
-73
-49
-25
-11
-14
-7
-4
14
27
42
47
26
13
11
22
28
23
19
12
3
4
4
18
10
21
37
54
82
82
81
65
67
91
96
88
85
87
83
51
56
73
61
27
15
25
40
56
64
80
89
105
117
95
80
67
61
73
67
58
58
40
38
46
46
58
43
45
62
53
39
32
48
63
74
87
86
73
55
40
40
36
36
8
2
14
26
30
29
47
47
60
76
68
72
76
73
70
74
80
87
77
54
45
21
17
22
18
24
48
43
23
16
33
58
61
63
60
43
37
24
13
-3
3
-6
-17
-16
-19
-25
-15
-1
3
1
-11
-19
-24
-4
1
-3
9
5
7
16
14
-15
-30
-35
-44
-48
-43
-47
-61
-55
-37
-26
-19
-13
-10
12
16
0
5
3
4
-13
-35
-41
-38
-45
-49
-35
-31
-39
-33
-18
-16
-21
-28
-27
-47
-41
-47
-44
-36
-36
-34
-55
-58
-47
-33
-34
-48
-37
-7
5
26
28
22
19
8
17
12
-7
-24
-28
-21
-20
-24
-26
-20
-4
7
9
16
22
23
27
26
20
15
2
-22
-38
-32
-8
2
-23
-38
-23
-18
-16
-13
7
14
14
22
24
24
2
-3
9
10
-3
-27
-20
-8
-7
-1
2
1
-2
13
11
14
22
23
23
24
23
21
0
-25
-27
-17
-17
-33
-36
-26
4
25
33
43
51
41
36
25
23
22
27
9
4
-6
2
-2
4
8
17
13
24
39
42
53
66
63
63
52
49
43
38
22
15
18
4
6
1
-8
-1
4
5
11
20
17
42
61
64
74
74
63
61
46
23
11
7
8
8
11
10
-3
8
14
11
7
1
15
23
28
38
41
37
21
16
22
23
14
-2
-6
-15
-26
-30
-14
-5
-24
-12
-2
12
41
46
49
54
51
45
46
41
22
0
-3
5
-6
-25
-33
-40
-36
-19
-12
2
18
18
8
8
17
2
-2
0
-7
-20
-24
-21
-12
-5
-8
-21
-30
-27
-3
12
10
2
-12
-9
19
24
11
-1
-1
-7
-8
-2
7
-3
-4
-3
17
25
14
19
23
24
10
-3
-11
-11
-3
11
17
0
-15
0
5
2
-10
-20
-5
0
-2
7
18
28
37
