0
3
0
-3
0
-8
-20
-29
-28
-37
-44
-36
-34
-23
-15
23
46
51
48
46
45
54
62
64
61
43
18
18
8
11
9
8
-3
-18
-32
-50
-46
-25
-28
-29
-11
-15
-18
-23
-4
9
3
4
-10
-22
-26
-39
-27
-28
-30
-22
-18
-23
-53
-60
-39
-15
-12
-29
-40
-37
-24
-12
-10
-8
-22
-41
-60
-86
-115
-157
-198
-197
-186
-167
-143
-134
-150
-158
-127
-94
-82
-74
-46
-3
36
79
132
193
283
413
567
729
886
1053
1225
1358
1428
1476
1468
1367
1269
1265
1313
1402
1463
1519
1421
946
-212
-2184
-5155
-8577
-9962
-8951
-6743
-4006
-1086
1779
4925
8541
12517
16786
21012
22079
15610
2790
-7956
-11751
-11046
-8717
-7303
-7646
-9506
-12454
-13228
-3186
18167
35931
37620
27927
16334
7043
625
-3335
-5476
-6484
-6898
-7014
-6953
-6738
-6407
-5934
-5342
-4714
-4099
-3530
-3003
-2496
-2000
-1561
-1159
-800
-480
-201
33
227
393
523
615
689
735
764
796
808
795
772
763
745
720
692
665
640
602
554
525
485
438
385
354
305
243
201
159
117
73
24
-33
-85
-136
-183
-243
-302
-348
-388
-432
-459
-475
-502
-499
-500
-524
-523
-516
-504
-490
-461
-442
-439
-409
-386
-366
-323
-308
-285
-263
-239
-213
-185
-162
-173
-173
-150
-150
-153
-173
-175
-170
-189
-206
-213
-211
-206
-215
-228
-235
-238
-235
-233
-241
-233
-221
-222
-217
-211
-186
-158
-158
-157
-156
-160
-144
-141
-157
-168
-176
-174
-171
-150
-160
-172
-168
-158
-146
-128
-118
-105
-102
-113
-115
-116
-115
-149
-174
-188
-187
-185
-211
-229
-254
-260
-281
-316
-347
-373
-383
-402
-414
-421
-420
-424
-437
-456
-503
-542
-586
-637
-683
-719
-737
-750
-781
-785
-804
-830
-846
-852
-850
-846
-832
-818
-805
-781
-778
-730
-670
-644
-607
-566
-528
-493
-454
-389
-317
-235
-178
-130
-50
26
78
123
141
158
157
191
239
271
273
265
259
202
130
95
99
126
136
139
131
110
103
110
108
92
80
84
90
119
165
202
244
302
360
409
496
592
662
719
750
766
763
778
820
837
849
871
899
888
827
761
723
690
649
569
480
417
366
304
198
68
-42
-150
-244
-322
-382
-443
-494
-542
-610
-660
-710
-735
-729
-727
-690
-656
-603
-558
-526
-470
-421
-405
-386
-357
-338
-330
-318
-302
-288
-251
-238
-235
-201
-156
-108
-73
-75
-65
-60
-56
-58
-61
-65
-36
-33
-36
-34
-39
-51
-62
-81
-97
-111
-126
-140
-160
-159
-166
-191
-194
-207
-204
-197
-196
-200
-190
-179
-185
-187
-166
-162
-169
-174
-170
-170
-157
-155
-160
-148
-137
-148
-152
-146
-137
-148
-150
-142
-150
-152
-153
-139
-132
-135
-116
-117
-128
-146
-152
-140
-139
-142
-162
-148
-132
-135
-146
-150
-151
-154
-139
-120
-126
-131
-116
-82
-74
-72
-71
-81
-87
-95
-113
-119
-127
-118
-116
-94
-82
-77
-78
-70
-41
-34
-42
-31
-19
-8
13
14
31
28
20
23
20
1
-21
-26
-22
-18
1
10
3
7
17
29
33
54
83
77
92
59
37
43
35
36
23
1
5
5
14
4
13
16
16
37
35
37
39
45
46
43
43
37
36
24
-9
-19
-9
-8
-9
-17
-21
-38
-40
-31
-35
-42
-39
-24
-18
-4
3
-2
-5
-33
-50
-55
-43
-42
-50
-67
-65
-61
-61
-62
-49
-22
-23
-36
-44
-43
-47
-53
-49
-56
-58
-54
-55
-47
-68
-74
-78
-70
-43
-43
-49
-36
-38
-35
-19
-28
-34
-33
-33
-35
-49
-57
-60
-51
-68
-62
-50
-49
-60
-61
-51
-44
-35
-26
-27
-28
-32
-33
-36
-57
-67
-71
-67
-64
-65
-77
-77
-65
-53
-36
-20
-27
-26
-38
-48
-42
-40
-38
-36
-51
-55
-66
-83
-109
-115
-100
-92
-83
-81
-76
-65
-58
-50
-38
-28
-36
-41
-36
-43
-53
-69
-77
-72
-65
-57
-70
-93
-100
-99
-86
-77
-69
-64
-47
-34
-33
-30
-38
-34
-36
-29
-35
-48
-54
-53
-59
-37
-32
-34
-21
-26
-18
-5
5
8
-4
-13
-26
-26
-21
-18
-14
-18
-13
-15
-17
-13
0
-7
-5
5
6
4
-1
-10
-8
-12
-36
-37
-26
-30
-30
-31
-11
10
22
30
34
44
34
21
20
19
22
22
16
4
8
10
-6
-3
-11
-1
5
8
15
14
10
20
31
37
27
15
15
18
16
2
2
16
7
18
28
36
35
21
35
38
44
50
53
45
47
61
50
38
38
37
41
41
46
51
46
45
58
63
60
41
40
35
41
41
9
8
23
18
8
-8
-17
-10
-4
-5
8
10
12
15
3
2
-4
-8
-12
-14
-20
-33
-55
-71
-68
-67
-38
-22
-19
-17
-4
3
-4
-4
0
-2
2
12
19
14
7
6
4
-2
-18
-42
-42
-34
-38
-27
-3
-9
-14
-11
-23
-8
7
-12
-34
-37
-37
-47
-55
-58
-56
-36
-31
-37
-73
-87
-72
-58
-47
-44
-42
-39
-41
-38
-43
-36
-23
-24
-34
-60
-77
-75
-83
-68
-58
-56
-34
-28
-40
-31
-18
8
4
10
11
9
-3
-22
-33
-43
-46
-37
-40
-43
-45
-24
-37
-50
-44
-29
-19
-30
-11
-7
-4
17
21
8
7
5
-2
-22
-23
-40
-48
-41
-29
-12
-21
-29
-21
13
22
15
27
40
37
26
17
9
3
-15
-20
-10
-1
-5
-13
-18
-19
-11
-13
-27
-19
-18
10
36
21
27
20
12
13
0
-20
-19
-9
-6
-2
-11
-10
14
19
19
26
33
37
35
20
5
-2
-7
-18
-8
6
11
15
12
12
2
-3
3
26
41
30
31
43
26
14
11
5
-17
-25
-40
-54
-55
-48
-40
-27
-23
-3
16
14
23
9
19
32
39
50
49
42
22
9
-4
-22
-33
-43
-32
-24
-23
-12
-3
-9
-27
-22
-4
-4
-3
1
5
0
-12
1
2
-10
-15
-18
-27
-32
-33
-44
-45
-31
-28
-22
-5
3
7
11
-8
-16
-6
-8
-20
-31
-42
-59
-55
-53
-48
-39
-32
-22
-38
-27
-12
-5
4
-3
2
0
-4
-17
-22
-18
-34
-26
-22
-29
-20
-32
-40
-39
-17
-13
-29
-27
-31
-35
-19
-5
10
18
25
20
17
5
-21
-34
-35
-26
-25
-40
-54
-53
-47
-34
-34
-45
-40
-28
-24
-13
-4
11
15
13
20
22
7
-5
-20
-20
-18
-26
-20
-30
-44
-40
-31
-26
-26
-36
-34
-19
-10
-33
-44
-51
-53
-49
-32
-40
-54
-50
-23
-16
-23
-20
-25
0
-8
-30
-35
-31
-27
-25
-37
-42
-40
-53
-62
-53
-15
5
12
9
-4
-10
-16
-16
-13
-20
-35
-36
-30
-31
-31
-43
-51
-33
-24
-20
-30
-18
-14
-16
-2
3
12
7
-13
-27
-32
-36
-47
-52
-50
-47
-44
-44
-30
-19
-6
2
-3
-9
-15
-23
-18
-22
-11
-10
-16
-21
-32
-42
-33
-56
-52
-39
-31
-27
-21
-6
8
5
18
10
6
2
-5
-22
-42
-44
-47
-46
-38
-48
-51
-43
-33
-28
-13
-18
-5
5
0
-7
0
-12
-17
-11
-17
-34
-52
-72
-54
-35
-27
-15
4
-3
-11
-6
-3
17
23
9
-1
-13
-2
-4
-18
-22
-29
-23
-32
-19
-17
-30
-23
6
20
17
13
23
17
-10
-31
-43
-27
-5
-7
-24
-35
-29
-17
-11
-14
-17
-26
-19
-21
-23
-22
-30
-25
-24
-30
-37
-30
-34
-51
-49
-43
-42
-36
-47
-34
-5
4
-4
-10
-21
-24
-41
-51
-54
-73
-82
-86
-78
-87
-109
-101
-112
-98
-90
-75
-55
-49
-55
-80
-85
-72
-59
-48
-49
-59
-68
-67
-65
-70
-84
-84
-79
-83
-70
-59
-69
-65
-75
-67
-57
-62
-56
-50
-45
-62
-57
-43
-55
-72
-95
-108
-105
-88
-77
-51
-29
-29
-68
-87
-77
-66
-46
-44
-57
-57
-36
-40
-66
-71
-66
-81
-79
-106
-108
-93
-87
-73
-42
-23
-21
-22
-36
-57
-59
-35
-16
-25
-32
-32
-32
-23
-28
-33
-39
-21
-2
8
11
39
54
68
81
87
76
71
67
62
42
43
33
42
47
52
53
55
52
52
67
88
75
70
81
84
81
77
83
78
64
50
30
27
19
16
28
38
41
41
52
40
34
51
56
66
63
65
67
61
52
37
22
16
9
15
21
5
-8
1
7
10
17
20
12
12
47
63
60
52
55
23
5
-5
-17
-10
-8
-3
-10
-1
0
-23
-12
8
17
8
8
37
48
44
38
12
1
-6
3
0
-5
1
-21
-39
-32
-11
6
14
12
3
2
6
-8
-26
-21
-20
-40
-55
-42
-36
-23
-18
-21
-20
-29
-23
-7
-3
-2
1
11
2
-11
-22
-49
-26
-19
-39
-44
-33
-19
-34
-32
-32
-19
11
23
27
17
2
12
22
27
9
-4
-12
-21
-22
-24
-22
-23
-23
-15
-7
0
3
10
20
19
12
11
6
-5
-16
-12
-10
-15
-15
-8
18
18
-7
-26
-33
-12
16
15
11
1
9
13
-1
13
3
6
-9
-24
-29
-23
-9
-28
-23
4
5
9
4
16
31
43
48
32
34
28
10
7
4
1
-4
-15
-27
-24
-15
9
15
28
25
30
34
29
21
6
7
25
27
23
-1
-5
4
10
2
2
31
34
30
37
24
37
48
47
48
56
60
28
6
-15
-17
-24
-32
-29
-9
0
24
22
18
10
20
12
6
8
3
5
-5
-5
-4
-16
-16
-6
-4
-7
-24
-7
9
20
36
28
6
9
13
19
28
18
10
1
-6
-21
-14
-5
5
0
5
16
13
16
19
12
25
23
32
28
11
7
9
24
22
-1
2
-3
-11
-21
-30
-11
1
5
-15
-12
-10
-10
3
0
5
18
30
18
-8
-26
-20
-13
-18
-34
-39
-36
-41
-62
-60
-35
-19
-12
-5
0
10
3
9
20
29
34
19
6
-1
-13
-11
-13
-7
-6
-7
-8
-26
-22
-7
13
29
19
29
29
34
39
39
23
16
27
12
-19
-15
-17
-24
-33
-31
-27
-25
-10
4
13
23
26
29
37
50
36
26
14
3
-20
-30
-35
-48
-56
-40
-31
-39
-24
-20
-15
-8
1
2
-5
-3
7
2
0
-9
4
10
16
-1
-18
-11
-21
-26
-11
0
10
13
24
44
57
46
23
2
20
27
6
-14
-10
-4
-6
-30
-35
-29
-31
-37
-24
7
23
28
5
-5
-3
-2
-9
-6
-4
0
5
-5
2
14
2
-6
-11
-3
14
21
11
-11
-23
-23
-29
-28
-22
-3
-19
-25
-58
-72
-64
-45
-25
-23
-51
-76
-89
-119
-161
-187
-186
-185
-191
-176
-167
-165
-182
-167
-143
-124
-105
-74
-45
-16
13
49
131
233
350
507
679
842
1025
1212
1330
1393
1418
1411
1333
1244
1262
1320
1412
1469
1475
1275
598
-885
-3451
-7109
-10554
-11088
-8980
-5781
-2574
377
3103
6122
9756
13913
18311
21946
20837
11986
-220
-8002
-10012
-9182
-7630
-7209
-8287
-10255
-12194
-8763
6871
28142
38578
33624
21835
10886
2946
-2131
-5032
-6463
-7069
-7263
-7247
-7092
-6805
-6400
-5883
-5278
-4640
-4024
-3473
-2930
-2396
-1891
-1434
-1028
-655
-312
-40
182
385
546
670
774
855
904
930
939
936
943
914
883
853
835
815
777
724
673
639
623
589
537
484
433
388
327
260
220
174
132
67
5
-45
-96
-166
-227
-279
-335
-384
-417
-442
-466
-494
-514
-528
-546
-557
-539
-515
-503
-490
-462
-436
-407
-388
-369
-347
-325
-303
-286
-273
-254
-237
-231
-226
-211
-205
-213
-220
-242
-232
-243
-254
-261
-266
-268
-281
-284
-285
-285
-295
-300
-294
-279
-287
-301
-286
-269
-256
-238
-233
-228
-232
-238
-225
-221
-228
-235
-221
-213
-200
-198
-190
-186
-194
-189
-187
-178
-178
-168
-146
-132
-128
-138
-153
-169
-173
-164
-184
-207
-222
-230
-254
-286
-302
-324
-354
-366
-399
-402
-419
-434
-467
-495
-520
-555
-595
-645
-683
-705
-729
-772
-796
-810
-807
-808
-828
-839
-842
-855
-856
-833
-799
-792
-782
-748
-707
-656
-621
-591
-557
-519
-469
-441
-389
-327
-255
-219
-156
-76
-9
64
116
148
178
193
203
239
281
304
321
339
306
226
168
156
173
183
201
207
201
192
195
213
213
197
181
172
203
233
267
316
349
366
405
476
567
642
714
748
766
776
776
797
836
826
826
849
846
804
745
677
658
637
572
478
378
292
227
158
71
-41
-144
-229
-302
-368
-416
-473
-528
-595
-647
-702
-739
-736
-718
-683
-645
-588
-541
-521
-493
-454
-416
-380
-353
-319
-309
-307
-288
-245
-197
-186
-150
-108
-87
-69
-59
-47
-34
-26
-26
-37
-33
-22
-23
-22
-15
-8
-28
-51
-74
-93
-91
-86
-98
-125
-132
-146
-169
-181
-194
-192
-196
-187
-170
-174
-174
-182
-188
-169
-155
-160
-145
-125
-118
-127
-132
-122
-111
-99
-84
-85
-90
-105
-106
-113
-109
-107
-112
-94
-96
-91
-89
-103
-93
-92
-101
-102
-94
-98
-102
-90
-96
-104
-90
-83
-104
-134
-137
-129
-118
-117
-109
-90
-95
-90
-80
-74
-65
-57
-52
-59
-61
-70
-68
-72
-74
-75
-74
-65
-71
-68
-67
-56
-40
-21
-2
15
15
12
9
16
4
-7
-24
-26
-21
-19
1
16
27
32
40
48
52
50
46
42
46
43
40
26
26
25
17
16
23
41
35
12
17
31
44
53
52
52
49
29
26
32
23
10
4
-11
-11
-5
-7
1
5
0
12
4
10
20
36
44
39
28
5
-13
-28
-47
-43
-58
-57
-59
-44
-31
-26
-29
-27
-28
-37
-38
-23
-29
-33
-37
-45
-52
-39
-28
-32
-39
-44
-56
-68
-86
-78
-77
-65
-41
-26
5
2
-7
-12
-21
-31
-45
-46
-43
-59
-62
-59
-72
-61
-56
-66
-70
-54
-43
-48
-42
-40
-14
8
-6
-20
-25
-51
-56
-53
-45
-46
-58
-68
-73
-75
-63
-44
-52
-52
-44
-51
-42
-30
-38
-33
-38
-54
-69
-64
-71
-66
-60
-73
-74
-65
-69
-61
-75
-68
-71
-63
-64
-62
-63
-67
-65
-74
-100
-103
-106
-109
-90
-93
-95
-73
-48
-43
-53
-62
-44
-53
-58
-70
-76
-60
-62
-66
-77
-83
-86
-79
-64
-46
-36
-43
-35
-27
-40
-31
-23
-1
-11
-26
-20
-25
-39
-41
-35
-39
-51
-55
-45
-41
-39
-32
-16
8
23
13
2
11
18
3
-1
-7
-21
-35
-31
-29
-32
-17
-15
-17
5
11
26
23
30
35
21
29
27
6
-8
-10
11
21
16
1
-11
-19
-22
-28
-32
-23
-1
11
22
35
48
40
27
20
15
9
-4
1
-1
-10
-13
-17
-20
-6
-9
-17
-8
0
14
35
46
54
47
56
55
45
25
22
16
2
9
16
23
9
1
24
26
39
50
52
55
50
54
53
39
37
33
26
7
-13
-18
-19
-11
8
31
28
34
56
60
55
36
33
45
30
16
10
14
10
2
-7
-6
-21
-31
-40
-45
-39
-23
3
24
26
32
35
42
49
37
9
-6
-17
-14
-10
-17
-25
-38
-23
3
2
22
34
17
22
27
28
23
9
6
-8
-8
-13
-25
-31
-23
-22
-22
-12
-20
-25
-17
-8
0
5
9
22
30
18
4
-10
-25
-33
-36
-43
-50
-58
-57
-37
-31
-42
-16
4
15
16
3
11
2
6
-1
-6
-7
-7
-14
-18
-10
-11
-15
-13
-24
-5
18
19
13
12
4
-1
-8
-18
-15
-22
-30
-30
-32
-30
-32
-32
-22
4
24
12
11
11
12
17
16
12
-8
-15
-17
-12
-13
-19
-29
-25
-1
11
13
-3
-3
24
19
20
18
14
11
0
13
4
-8
-4
-12
-18
-23
-21
-15
-11
15
25
24
30
28
21
16
26
13
-1
-19
-19
-12
-14
-12
-32
-27
-18
-12
-1
21
3
-3
9
17
20
42
52
43
26
4
-14
-29
-42
-36
-24
-27
-26
-14
-7
-3
8
24
27
17
3
3
27
26
24
-5
-15
-28
-29
-20
-9
-15
-28
-27
-6
-9
-22
-9
5
16
15
11
-11
-4
7
14
3
-1
-3
-19
-45
-44
-32
-28
-21
-10
8
28
27
28
37
44
38
33
21
15
12
-8
-14
-11
-38
-61
-57
-47
-42
-34
-31
-30
-7
-2
-7
-2
2
17
27
26
9
-3
0
-5
-18
-30
-48
-39
-43
-43
-34
-30
-34
-39
-43
-20
2
1
-9
0
10
0
7
11
17
1
-28
-29
-11
-4
-14
-32
-35
-34
-17
-25
-34
-32
-28
-15
-15
-7
6
17
16
17
5
-15
-21
-23
-28
-25
-46
-62
-69
-62
-60
-63
-58
-43
-39
-40
-42
-38
-33
-35
-14
9
33
29
16
-18
-36
-26
-25
-25
-33
-29
-33
-54
-66
-58
-63
-63
-46
-29
-22
-22
-20
-22
2
7
12
20
6
5
-9
-28
-30
-29
-34
-50
-58
-55
-52
-46
-48
-19
-12
-22
-22
-21
-14
0
1
3
5
12
17
13
10
-6
-44
-49
-56
-51
-34
-23
-27
-7
11
9
14
2
-2
3
4
12
17
0
-10
-16
-29
-29
-30
-32
-31
-31
-24
-12
-13
-20
-32
-35
-29
-30
-31
-26
-27
-32
-35
-33
-19
-20
-19
-27
-35
-32
-21
14
27
19
9
-7
-2
0
13
12
-13
-34
-45
-44
-26
-32
-31
-28
-33
-27
-10
-14
-33
-27
-4
-2
-17
-44
-46
-32
-23
-21
-33
-38
-36
-40
-38
-24
-23
-31
-32
-24
-12
-9
-16
3
12
9
6
1
-19
-31
-34
-15
-47
-55
-69
-54
-38
-48
-54
-52
-54
-24
-16
-15
-8
-6
1
-9
-15
-33
-58
-63
-84
-86
-89
-80
-67
-77
-79
-75
-64
-49
-52
-69
-103
-87
-67
-56
-39
-38
-43
-66
-72
-73
-84
-86
-80
-62
-59
-63
-73
-88
-80
-72
-56
-46
-53
-56
-59
-88
-87
-86
-75
-76
-101
-112
-108
-112
-133
-135
-113
-91
-83
-86
-71
-35
-22
-20
-26
-36
-26
-20
-16
-23
-32
-26
-20
-29
-32
-27
-16
-14
10
32
51
54
51
61
52
66
76
82
96
113
110
94
86
79
76
85
88
91
89
97
103
111
116
114
102
111
107
86
70
80
68
53
58
59
40
37
28
17
22
48
51
41
50
61
75
86
81
80
83
57
36
40
55
36
10
26
40
33
12
21
37
36
35
27
29
48
61
60
60
58
60
53
53
35
23
15
-9
-5
-1
24
31
44
56
60
73
50
35
26
26
25
3
12
13
9
2
4
18
15
15
19
36
40
20
16
16
12
11
8
5
6
-2
-13
-30
-20
-5
-8
-18
-21
0
11
29
47
46
37
28
31
22
7
5
9
-2
-5
-22
-41
-39
-27
-12
-3
2
1
-3
-7
-16
-4
-7
-2
-2
-1
17
27
21
11
6
-1
-15
-22
-46
-46
-41
-36
-4
14
30
11
15
17
25
33
46
57
47
37
26
18
-6
-11
-17
-14
-17
-23
-42
-44
-27
-13
5
13
15
21
17
4
0
-9
-14
-16
-15
-11
-26
-28
-26
-19
-15
-14
0
11
44
28
33
25
5
6
-1
-2
10
0
-18
-25
-5
-3
-9
-8
-14
-4
7
3
15
33
36
22
14
25
26
23
7
-16
-21
-10
-10
-16
-11
-22
-28
-28
-19
1
20
40
51
41
28
26
36
35
26
20
5
18
34
40
42
32
41
41
41
47
45
48
64
79
67
41
42
41
26
39
25
20
8
-5
4
12
31
45
52
59
56
56
56
63
62
47
44
36
23
17
9
9
7
9
7
-12
-18
-20
8
21
20
22
31
33
22
10
9
1
-7
-24
-36
-27
-46
-39
-20
-17
4
12
25
38
27
28
41
53
59
38
15
5
10
9
10
16
23
20
8
-10
-20
-8
-5
-4
8
12
29
39
42
29
5
-8
-7
-9
-16
-31
-39
-33
-27
-18
-16
-23
-12
-17
-14
-3
7
14
9
2
-9
-22
-28
-12
-7
-13
0
-4
-17
-21
-30
-22
-1
15
10
2
15
20
33
47
54
56
39
30
28
21
-13
-28
-24
-42
-46
-41
-40
-24
-9
-11
-11
-6
10
16
10
-2
0
16
25
22
14
-4
8
6
-8
-22
-26
-46
-69
-65
-64
-66
-78
-89
-64
-56
-47
-35
-36
-47
-68
-77
-66
-64
-54
-60
-64
-93
-135
-150
-169
-184
-195
-199
-190
-189
-182
-195
-189
-165
-134
-110
-100
-81
-39
4
35
59
117
192
280
404
575
761
938
1108
1249
1357
1405
1369
1274
1166
1074
1053
1095
1182
1236
1204
1081
803
292
-500
-1689
-3451
-5048
-5667
-5146
-3386
-813
2151
5683
9806
14373
18661
18634
9135
-6697
-17725
-19453
-17217
-14091
-11592
-11602
-14520
-19842
-24661
-21335
-1191
25389
38135
34445
25021
16429
10554
7082
5106
3729
2650
1672
712
-91
-682
-1065
-1320
-1484
-1546
-1518
-1424
-1296
-1149
-1003
-864
-719
-609
-515
-402
-327
-270
-217
-184
-170
-164
-135
-139
-138
-131
-140
-138
-145
-153
-154
-144
-124
-117
-110
-101
-93
-77
-75
-80
-73
-80
-80
-99
-101
-102
-131
-163
-199
-219
-246
-303
-351
-372
-374
-386
-404
-409
-427
-443
-455
-469
-471
-467
-451
-448
-415
-383
-377
-354
-323
-310
-313
-299
-276
-253
-218
-201
-203
-188
-190
-172
-179
-174
-170
-151
-144
-158
-164
-163
-168
-167
-181
-195
-210
-214
-221
-226
-229
-235
-239
-224
-193
-188
-187
-178
-165
-146
-150
-162
-184
-172
-162
-161
-164
-158
-159
-161
-163
-170
-184
-179
-172
-163
-139
-105
-89
-92
-90
-97
-114
-128
-154
-174
-217
-252
-288
-328
-363
-397
-419
-448
-473
-499
-525
-570
-599
-611
-630
-674
-721
-757
-793
-848
-906
-930
-968
-1007
-1026
-1044
-1062
-1080
-1094
-1097
-1120
-1140
-1158
-1141
-1106
-1073
-1039
-1021
-986
-922
-850
-774
-708
-676
-633
-580
-521
-435
-368
-304
-230
-137
-38
45
83
131
175
247
343
428
505
580
636
680
712
721
725
737
755
783
790
790
793
785
744
725
725
754
796
829
853
876
904
935
930
979
1091
1210
1291
1320
1329
1353
1392
1423
1411
1367
1342
1347
1316
1206
1068
955
886
781
642
486
334
214
114
39
-28
-97
-167
-231
-263
-313
-364
-406
-470
-535
-598
-650
-688
-696
-654
-613
-569
-523
-454
-408
-381
-338
-289
-266
-243
-231
-211
-202
-188
-162
-132
-111
-88
-75
-59
-38
-24
-4
11
34
49
76
101
99
95
94
102
102
102
90
61
69
64
40
16
9
0
-25
-43
-55
-68
-72
-92
-108
-119
-127
-130
-134
-118
-121
-120
-106
-92
-78
-64
-48
-44
-42
-42
-54
-54
-44
-55
-72
-75
-59
-37
-38
-36
-37
-26
-14
-7
-16
-25
-38
-49
-51
-52
-49
-57
-64
-48
-39
-49
-51
-61
-48
-40
-49
-45
-44
-56
-62
-53
-46
-38
-31
-37
-31
-9
-15
-25
-18
-4
4
10
25
30
30
24
29
51
69
67
57
63
80
74
67
78
72
84
99
102
83
66
81
105
122
119
114
128
130
135
127
118
125
119
121
124
120
108
105
105
105
117
121
118
125
121
125
125
125
120
121
121
110
105
98
91
87
71
85
105
84
71
71
76
80
84
74
69
57
70
79
82
62
51
55
32
22
8
-6
-14
-15
8
2
-1
15
20
26
27
14
-2
-12
-29
-31
-27
-28
-27
-32
-37
-41
-63
-54
-51
-39
-31
-27
-30
-28
-17
-12
-8
-12
-30
-61
-84
-99
-92
-87
-75
-79
-69
-51
-36
-33
-23
-17
-22
-30
-41
-43
-27
-29
-35
-64
-87
-106
-100
-116
-113
-107
-101
-95
-92
-90
-84
-79
-78
-82
-62
-69
-84
-79
-75
-81
-79
-85
-88
-100
-113
-131
-127
-126
-118
-102
-102
-102
-110
-106
-104
-90
-85
-83
-88
-100
-110
-117
-119
-115
-134
-143
-121
-133
-155
-148
-140
-136
-137
-134
-115
-98
-82
-94
-101
-109
-127
-124
-117
-107
-114
-122
-107
-97
-72
-69
-83
-77
-81
-81
-85
-90
-82
-92
-95
-88
-89
-91
-96
-82
-69
-58
-48
-58
-71
-57
-56
-51
-44
-49
-50
-45
-54
-67
-86
-104
-99
-108
-100
-76
-65
-65
-58
-47
-22
-20
-32
-30
-27
-46
-55
-53
-63
-67
-60
-64
-67
-72
-75
-74
-76
-63
-47
-41
-29
-25
-35
-39
-41
-48
-41
-29
-34
-28
-33
-39
-49
-52
-46
-27
-6
-6
-18
-7
15
12
20
2
-8
-10
-10
-5
-21
-21
-32
-30
-30
-20
2
2
5
4
13
13
-4
-2
-6
-11
-1
-3
-7
-17
-9
-20
-48
-63
-55
-20
-19
-28
-33
-42
-34
-17
0
4
3
12
-12
-16
-21
-37
-61
-73
-73
-67
-60
-72
-75
-76
-60
-31
-15
-11
-6
14
22
41
49
48
32
20
11
-2
7
1
-5
2
5
10
-1
-9
-2
6
25
35
47
44
42
41
29
43
42
22
18
6
-4
-11
-10
-14
-13
6
13
8
-2
-2
14
23
25
19
22
0
-32
-40
-51
-50
-43
-40
-36
-21
-16
-32
-18
2
7
7
15
13
4
-14
-43
-39
-47
-49
-49
-68
-64
-57
-44
-34
-36
-26
-41
-37
-33
-16
-6
3
12
-1
0
-2
4
-28
-40
-41
-38
-45
-58
-61
-52
-39
-20
-3
8
7
1
7
-5
-13
-33
-48
-43
-50
-54
-42
-39
-55
-46
-36
-28
-37
-26
-36
-42
-21
-20
-2
-1
-2
8
17
17
12
-21
-35
-42
-37
-33
-10
5
1
14
25
37
35
25
36
45
38
14
5
4
-17
-19
-20
-23
-28
-22
-12
-16
-29
-34
-32
-27
-13
-6
10
17
17
4
-1
-10
-18
-24
-24
-37
-45
-32
-18
-9
3
22
38
55
52
51
32
15
16
9
21
14
1
2
-7
0
-8
-27
-30
-35
-26
-39
-30
-18
-3
3
10
16
-6
-13
-11
-16
-30
-35
-30
-33
-38
-43
-38
-32
-32
-22
4
24
29
34
34
30
29
8
-8
-9
2
6
-13
-18
-29
-25
-19
-17
-10
-16
-12
-22
-10
1
12
24
15
21
0
-18
-10
-6
-18
-37
-22
-21
-33
-31
-29
-20
1
29
28
16
22
28
33
20
15
8
-1
-4
-8
-15
-9
-11
-8
-7
-10
-17
-12
-10
0
13
21
30
22
8
-4
-10
-32
-40
-46
-56
-42
-43
-57
-71
-52
-36
-38
-32
-35
-28
-24
-26
-18
-20
-7
-12
-13
-22
-33
-32
-39
-53
-51
-42
-40
-56
-51
-46
-39
-24
-2
0
7
6
22
28
23
14
-1
-3
-16
-36
-42
-52
-47
-43
-22
-5
12
6
-3
-17
-25
-23
-11
-3
-3
-6
-5
11
-1
-7
-21
-34
-31
-30
-16
-26
-22
-14
-5
-6
-11
-1
1
-15
-12
-25
-37
-40
-46
-48
-54
-45
-31
-25
-21
-13
0
-4
-28
-38
-42
-28
-6
-6
-20
-38
-50
-57
-53
-49
-46
-45
-44
-38
-36
-32
-7
-1
4
5
5
9
-6
-14
-11
-24
-34
-47
-45
-58
-47
-21
-23
-33
-44
-37
-29
-23
-11
-13
-7
3
0
-3
-24
-28
-25
-43
-48
-60
-62
-44
-40
-34
-37
-34
-15
-4
7
2
5
12
13
18
0
-8
-22
-48
-57
-54
-42
-36
-39
-41
-30
-26
-28
-13
-13
1
21
3
-6
-9
-23
-25
-30
-29
-56
-64
-65
-90
-81
-63
-72
-69
-61
-35
-16
-16
-23
-14
-12
-18
-29
-26
-34
-43
-49
-59
-53
-54
-50
-53
-59
-64
-75
-70
-91
-100
-83
-55
-46
-50
-43
-38
-55
-74
-85
-92
-93
-94
-101
-90
-79
-96
-103
-109
-102
-79
-82
-68
-63
-58
-39
-30
-15
-22
-28
-32
-36
-57
-67
-58
-55
-65
-56
-57
-53
-49
-45
-41
-43
-34
-19
-11
-13
-22
-27
-7
-9
-1
10
6
8
8
9
9
-2
-1
5
12
24
41
55
71
96
104
108
97
91
84
82
87
100
116
113
91
67
64
69
70
72
74
65
71
76
87
98
72
45
27
29
33
13
23
35
29
26
30
39
50
52
56
52
37
20
2
12
21
12
9
8
4
17
30
26
29
37
49
41
21
25
22
37
44
44
36
24
15
3
0
-1
11
28
24
29
40
46
47
48
48
44
30
23
8
1
-7
-6
-11
-14
-11
-5
-6
-8
-13
-3
7
23
34
30
37
36
25
6
-4
2
-1
-22
-26
-22
-15
-9
-12
-7
-25
-26
-7
15
28
20
33
47
45
28
14
8
0
-22
-34
-23
-15
-31
-25
4
17
7
13
21
17
23
24
18
4
-9
-21
-12
5
-8
-17
-21
-16
-20
-8
-23
-29
-16
2
17
36
34
31
24
14
-7
-16
-13
-20
-19
-29
-23
-6
-17
-19
-28
-30
-17
-3
3
29
34
24
33
38
29
24
16
25
3
-8
-23
-22
-10
-4
-4
-21
-17
-9
-18
-18
3
13
26
8
5
6
10
23
21
1
2
-1
-4
-19
-16
7
3
-4
-3
6
19
24
25
16
18
33
46
26
11
4
-7
-10
-10
-11
-3
-11
-2
-1
-8
6
19
27
28
23
23
24
27
31
22
11
2
-10
-28
-26
-3
1
7
20
27
28
25
24
34
50
49
51
50
32
0
-5
-1
1
-16
-17
-10
1
3
1
18
30
40
49
54
55
19
3
2
-11
-6
-14
-15
1
2
3
11
32
33
18
35
41
35
31
44
41
38
45
32
15
7
2
15
16
16
12
13
9
6
8
22
47
64
66
56
38
16
6
-17
-21
-18
-26
-34
-57
-56
-48
-33
-23
-22
-10
-3
-9
-3
-5
14
22
19
16
18
25
16
10
4
-2
1
4
2
7
14
20
21
30
36
44
48
55
53
33
20
6
-11
-9
-19
-16
-13
-15
6
-1
-9
7
7
17
27
21
7
8
16
13
15
15
-6
-15
-18
-18
-18
-8
-4
-20
-7
10
9
-2
-11
0
-16
-28
-37
-52
-68
-71
-85
-100
-81
-69
-68
-70
-81
-97
-131
-178
-193
-183
-165
-158
-161
-160
-156
-152
-131
-111
-79
-56
-30
2
24
55
88
131
210
293
398
545
728
903
1073
1234
1338
1402
1411
1361
1244
1098
1042
1083
1187
1231
1220
1067
631
-191
-1391
-3114
-5545
-7403
-7771
-6982
-5133
-2530
391
3775
7547
11459
16144
21701
24455
18174
4753
-3575
-3900
-1512
76
47
-1726
-7774
-17477
-24901
-19892
1103
22930
28431
20929
11118
3829
-436
-2472
-3212
-3394
-3424
-3399
-3350
-3302
-3174
-2965
-2702
-2430
-2175
-1881
-1562
-1235
-927
-666
-437
-237
-70
62
129
199
265
315
345
362
363
351
337
329
304
280
252
233
207
195
176
153
137
111
99
73
31
-6
-40
-75
-105
-132
-167
-210
-255
-298
-355
-408
-449
-472
-505
-550
-588
-618
-652
-677
-699
-684
-668
-665
-661
-634
-619
-602
-591
-569
-532
-485
-430
-393
-364
-315
-282
-261
-236
-182
-137
-118
-122
-109
-82
-48
-53
-69
-65
-76
-86
-101
-121
-137
-147
-159
-182
-196
-205
-222
-235
-235
-236
-247
-249
-238
-231
-217
-180
-180
-177
-166
-140
-124
-112
-90
-80
-75
-63
-64
-49
-63
-65
-61
-55
-56
-96
-107
-95
-96
-110
-122
-135
-143
-148
-171
-192
-197
-216
-270
-294
-294
-303
-309
-328
-371
-417
-456
-485
-515
-534
-558
-573
-603
-635
-679
-729
-777
-809
-820
-834
-856
-861
-864
-876
-899
-890
-871
-871
-857
-855
-856
-840
-811
-789
-788
-745
-701
-674
-641
-642
-602
-531
-470
-408
-359
-309
-232
-155
-65
12
56
64
95
140
190
250
292
325
353
354
314
268
243
244
272
288
271
240
214
214
224
210
213
210
206
224
280
336
362
387
430
480
567
678
772
857
908
944
961
990
1049
1074
1052
1032
1061
1065
1004
925
852
830
827
768
658
541
466
395
299
183
50
-56
-145
-226
-302
-372
-462
-537
-609
-671
-723
-751
-739
-730
-704
-682
-615
-560
-516
-475
-439
-404
-361
-328
-303
-291
-264
-247
-224
-210
-178
-146
-134
-112
-98
-76
-45
-43
-30
-24
-21
-7
9
10
-11
-24
-16
-40
-50
-60
-73
-76
-76
-88
-111
-128
-144
-157
-162
-171
-173
-192
-196
-197
-200
-183
-189
-186
-188
-186
-169
-161
-151
-147
-152
-145
-149
-150
-147
-144
-138
-123
-123
-143
-159
-164
-172
-169
-180
-176
-172
-179
-157
-147
-157
-145
-132
-115
-119
-120
-130
-153
-164
-165
-168
-172
-187
-179
-176
-168
-154
-151
-144
-144
-138
-124
-121
-130
-119
-89
-76
-77
-74
-70
-73
-73
-85
-99
-88
-71
-72
-86
-73
-64
-55
-41
-17
0
-2
1
29
46
41
42
50
42
43
30
31
35
47
46
30
37
38
36
46
34
43
54
68
92
112
122
117
99
92
80
75
46
27
30
42
59
57
42
51
51
50
53
69
82
69
66
70
47
39
45
38
34
50
47
22
26
37
42
45
50
56
49
39
40
28
30
50
64
31
17
15
13
-5
-17
-15
-14
2
17
18
25
26
22
13
-3
-15
-15
-21
-37
-49
-45
-44
-43
-41
-43
-24
3
-2
-6
-1
1
2
-8
-7
-11
-13
-15
-8
-16
-40
-51
-54
-39
-42
-46
-28
-29
-19
-16
-14
-14
-12
-10
-22
-43
-50
-62
-44
-52
-50
-57
-55
-68
-78
-72
-73
-76
-74
-72
-48
-34
-55
-67
-67
-61
-63
-92
-95
-83
-108
-121
-117
-118
-130
-139
-128
-110
-80
-67
-43
-33
-36
-58
-73
-77
-59
-59
-76
-87
-77
-78
-67
-82
-80
-52
-46
-49
-52
-41
-41
-53
-45
-40
-47
-51
-59
-63
-77
-86
-80
-73
-61
-67
-73
-67
-48
-36
-40
-19
-9
-7
1
4
-8
-22
-34
-35
-45
-61
-52
-46
-30
-27
-6
22
18
-1
11
30
38
31
10
-3
-3
-5
-22
-42
-51
-49
-52
-43
-35
-29
-26
-18
3
19
22
28
17
10
-11
-20
-22
-52
-54
-35
-48
-46
-46
-51
-49
-44
-20
-12
1
7
20
36
39
45
46
31
31
27
11
-13
-33
-42
-55
-47
-27
-22
-14
-7
2
12
33
42
38
39
42
41
20
6
-16
-27
-21
-23
-20
-22
-30
-33
-35
-8
-5
-9
-3
-3
10
2
-14
-15
-25
-23
-22
-19
-13
-19
-26
-10
6
10
-14
-12
0
-1
10
2
3
3
-4
-13
-7
2
-2
-9
-13
-21
-21
-16
-24
-29
-17
4
8
11
19
23
33
36
22
6
16
2
-17
-21
-16
-16
-12
-20
-23
-11
-23
-38
-29
-9
2
13
6
4
7
-6
4
9
1
-10
-22
-29
-39
-47
-43
-55
-49
-32
-8
0
0
5
18
31
39
33
18
-5
-12
-31
-40
-38
-51
-57
-52
-59
-64
-55
-29
-15
2
5
17
21
15
12
17
11
10
15
16
6
-13
-18
-18
-30
-39
-48
-32
-26
-17
6
21
21
4
-4
-15
-1
4
5
15
26
1
-13
-30
-40
-50
-52
-35
-34
-35
-23
-16
-7
0
-1
-20
-27
-26
-13
1
-3
-8
-7
-18
-35
-20
8
6
-2
6
14
18
13
18
2
-6
15
24
33
29
3
-14
-9
-1
7
12
31
35
23
8
12
20
28
25
13
4
-5
-15
-23
-23
-20
-6
3
-3
-7
8
15
6
-1
-2
-5
2
-1
2
4
1
-15
-33
-45
-45
-41
-49
-33
-16
-21
-19
-13
27
43
33
26
18
18
18
13
9
-5
-7
-7
-10
-20
-31
-39
-43
-44
-37
-19
3
7
7
-2
-3
5
14
10
-1
-17
-12
-11
-25
-24
-19
-1
-10
-15
-22
-25
-26
-28
-1
20
15
6
-9
-4
-15
-26
-22
-35
-36
-35
-37
-57
-59
-46
-38
-35
-42
-38
-23
-16
-4
-3
6
12
21
24
13
14
9
-13
-26
-41
-36
-26
-39
-32
-24
-17
-9
-2
11
23
26
33
20
27
22
21
21
5
-4
-11
-27
-50
-54
-57
-58
-33
-25
-27
-24
-28
-10
15
24
16
13
25
22
12
-21
-47
-46
-54
-67
-76
-76
-66
-66
-76
-77
-75
-75
-73
-53
-41
-29
-18
-17
-21
-24
-18
-15
-20
-35
-29
-20
-18
-23
-23
-18
-13
-8
-14
-6
-6
-11
-6
7
15
-6
-10
-14
-17
-29
-53
-55
-46
-44
-24
-12
-4
9
-1
0
0
4
4
-9
-28
-47
-38
-38
-32
-18
-7
-13
-25
-28
-16
-9
-13
-15
-5
1
-6
6
-7
-5
-13
-19
-22
-35
-34
-42
-58
-61
-44
-27
-21
-10
5
11
4
-1
11
20
14
6
-4
-16
-42
-59
-53
-47
-26
-26
-34
-29
-30
-27
-18
-11
2
10
18
16
4
-6
-14
-21
-24
-18
-9
-34
-48
-45
-43
-44
-41
-30
-9
8
10
-6
5
7
11
7
-12
-18
-14
-17
-27
-32
-27
-30
-26
-42
-49
-22
-11
-5
-14
-25
-20
-9
-6
-12
-10
-35
-49
-34
-37
-47
-42
-40
-37
-41
-25
-23
-14
-3
-10
-13
-20
-32
-34
-32
-32
-38
-54
-62
-55
-34
-35
-53
-43
-36
-31
-23
-4
4
-8
-8
-17
1
-9
-24
-45
-73
-85
-96
-96
-98
-98
-79
-94
-85
-75
-64
-55
-47
-35
-26
-34
-41
-45
-52
-54
-56
-80
-91
-104
-104
-87
-73
-61
-63
-61
-46
-42
-39
-35
-27
-25
-36
-56
-60
-56
-60
-58
-56
-63
-80
-96
-93
-106
-102
-84
-50
-35
-42
-46
-49
-53
-53
-46
-39
-47
-59
-65
-83
-79
-65
-46
-48
-46
-40
-53
-61
-55
-37
-26
-29
-38
-36
-33
-32
-20
-5
-12
-39
-46
-55
-54
-32
-10
-7
-3
-6
-5
2
3
8
20
40
73
66
51
44
59
62
56
66
68
59
54
56
59
51
59
68
59
66
69
69
77
67
62
80
73
63
35
40
50
61
61
58
40
43
57
44
37
55
56
40
43
38
32
40
42
28
38
37
19
11
12
9
15
22
37
31
21
21
25
29
35
26
13
4
2
-10
-10
-18
-7
12
23
24
16
22
37
42
39
26
23
27
31
15
6
5
1
-23
-26
-40
-21
-3
11
16
10
17
24
30
24
9
10
6
-4
-18
-25
-16
-21
-23
-16
-28
-13
-3
14
12
-2
5
5
10
5
-26
-30
-22
-13
-8
-22
-21
-34
-29
-26
-1
12
11
23
3
-11
-4
-17
-27
-38
-39
-18
-20
-31
-47
-48
-40
-43
-38
-38
-13
7
14
10
16
22
13
24
23
-13
-35
-43
-43
-38
-25
-9
-22
-33
-25
-14
-1
5
15
38
35
33
29
27
24
0
-23
-22
-26
-38
-31
-12
-5
7
9
21
25
19
35
32
22
20
27
27
17
8
-1
1
7
-5
2
27
28
24
6
19
35
26
23
13
11
20
14
4
-8
-7
-7
-13
-7
-1
11
14
11
28
26
11
-13
-8
3
-2
1
-11
-6
-3
-10
-17
-17
-14
-9
-15
-15
-6
9
-3
15
35
43
50
28
17
5
5
7
-7
-16
-15
-12
-21
-30
-32
-21
-8
3
22
46
68
73
73
87
80
65
64
58
54
47
21
-4
-25
-30
-26
-17
-4
16
0
-3
1
-1
15
17
21
15
14
-2
-4
-6
-10
-10
-23
-20
-14
-16
-18
-14
4
0
-2
-2
11
28
36
29
20
19
29
23
0
-12
-46
-72
-57
-42
-46
-24
-4
12
29
28
28
29
27
33
33
37
30
19
13
0
-5
9
15
13
-10
-31
-13
3
7
-4
-7
1
1
20
22
16
19
18
15
0
-6
5
-5
-12
-23
-15
-16
-35
-41
-30
-24
-29
-29
-17
-13
-10
-29
-38
-41
-34
-13
-13
-38
-46
-56
-74
-117
-154
-188
-223
-226
-206
-174
-152
-178
-205
-201
-171
-147
-147
-132
-83
-38
-13
25
90
163
260
383
532
703
888
1074
1213
1325
1386
1402
1358
1223
1082
1046
1078
1174
1235
1219
937
102
-1474
-3859
-7234
-10252
-10604
-8862
-6338
-3521
-617
2145
5032
8375
12219
16588
21720
25815
23770
14526
4459
-72
286
2035
2451
1447
-2354
-10591
-17764
-14437
2109
20398
24599
17093
7362
-72
-4457
-6607
-7389
-7471
-7264
-6945
-6538
-6076
-5575
-5023
-4411
-3819
-3282
-2764
-2253
-1737
-1283
-886
-524
-210
47
248
436
585
694
774
831
888
932
950
953
921
913
881
840
802
752
716
676
633
581
532
459
391
342
305
260
203
135
75
33
-20
-76
-144
-181
-220
-294
-354
-401
-435
-469
-495
-525
-547
-572
-600
-611
-604
-585
-563
-562
-560
-527
-497
-468
-451
-430
-405
-368
-338
-335
-325
-288
-261
-250
-240
-229
-225
-235
-223
-225
-227
-230
-232
-232
-233
-253
-270
-274
-275
-278
-276
-291
-306
-301
-282
-257
-248
-236
-230
-232
-223
-221
-224
-230
-220
-199
-194
-198
-205
-208
-208
-203
-198
-200
-195
-176
-168
-164
-171
-166
-146
-136
-130
-142
-144
-136
-142
-168
-199
-213
-219
-236
-241
-254
-265
-275
-293
-282
-302
-321
-352
-369
-375
-409
-434
-451
-486
-526
-562
-598
-651
-681
-724
-762
-774
-787
-808
-828
-850
-856
-864
-864
-852
-838
-826
-790
-742
-699
-662
-619
-581
-522
-469
-442
-402
-362
-299
-231
-178
-127
-52
38
105
160
197
208
199
201
223
254
266
278
281
290
281
226
193
186
200
218
228
215
182
188
199
196
177
170
168
166
185
219
246
282
314
346
395
462
552
634
680
696
682
685
696
739
753
744
761
793
783
729
654
617
618
605
525
428
354
301
264
201
90
-29
-134
-227
-305
-358
-427
-492
-539
-621
-694
-721
-746
-753
-731
-697
-671
-644
-616
-579
-539
-506
-468
-448
-429
-382
-352
-324
-311
-290
-251
-216
-183
-166
-148
-133
-118
-84
-52
-35
-12
-7
18
28
12
21
18
11
-2
-30
-36
-49
-68
-108
-129
-145
-159
-165
-192
-234
-242
-237
-242
-247
-242
-249
-254
-218
-216
-217
-196
-176
-157
-146
-147
-143
-128
-115
-103
-81
-82
-77
-90
-105
-102
-116
-128
-126
-146
-150
-156
-151
-151
-154
-142
-130
-136
-141
-139
-134
-137
-141
-160
-164
-177
-167
-141
-136
-148
-157
-178
-185
-194
-173
-155
-156
-145
-127
-122
-106
-86
-67
-78
-71
-62
-68
-77
-93
-98
-101
-97
-91
-88
-93
-89
-66
-42
-37
-37
-22
-10
-2
-9
8
18
26
33
20
17
6
-7
-12
-4
3
10
13
13
22
37
37
56
59
50
61
56
45
36
34
35
32
29
13
9
2
-3
14
3
-2
0
1
9
-8
-5
-2
8
30
30
25
28
26
15
2
-11
-20
-27
-45
-62
-59
-60
-69
-71
-61
-49
-47
-37
-35
-31
-16
-20
-12
-10
-22
-41
-54
-48
-43
-39
-37
-42
-43
-39
-40
-35
-37
-36
-44
-55
-37
-27
-23
-27
-24
-25
-33
-51
-81
-78
-57
-50
-36
-27
-5
-7
-26
-18
-14
-14
-4
-16
-31
-38
-38
-46
-51
-39
-37
-51
-55
-45
-37
-33
-36
-58
-58
-51
-30
-17
-20
-22
-17
-25
-27
-48
-67
-76
-91
-80
-69
-57
-50
-59
-53
-56
-46
-45
-39
-41
-66
-56
-63
-73
-88
-94
-95
-102
-88
-69
-74
-81
-86
-81
-79
-79
-63
-57
-57
-60
-51
-42
-44
-41
-62
-64
-50
-49
-51
-59
-58
-51
-40
-23
-14
-13
1
9
18
14
3
0
4
-4
-17
-21
-8
0
15
26
22
7
-2
7
17
21
20
24
32
19
24
18
0
-12
-12
-11
-29
-31
-39
-46
-29
-38
-23
5
20
27
21
27
27
17
6
2
8
23
19
0
-11
-8
12
22
22
11
12
26
39
30
27
36
46
49
28
22
29
21
20
31
25
14
-2
-4
8
25
42
44
35
42
70
90
86
84
80
77
68
58
56
64
62
56
53
41
17
34
55
64
76
79
80
84
82
79
65
58
69
74
54
46
32
18
-10
-30
-34
-25
-31
-33
-38
-34
-21
-35
-36
-17
-3
14
9
10
-1
-3
0
-2
3
-7
-31
-40
-39
-18
-10
-16
-12
-18
-14
-3
4
9
15
24
28
21
24
-3
-38
-59
-35
-19
-17
-27
-32
-30
-26
-33
-45
-49
-53
-45
-30
-22
-18
-16
-27
-40
-43
-44
-36
-25
-39
-39
-36
-33
-33
-33
-26
-34
-39
-36
-31
-18
-12
-13
-21
-20
-42
-67
-60
-57
-35
-22
-22
-13
-15
-17
-14
-11
-2
16
30
14
-5
-5
-18
-12
-10
-29
-36
-45
-49
-52
-33
-24
-20
-20
-13
-1
-4
1
24
35
21
7
10
6
-21
-26
-21
-28
-29
-28
-14
-2
-7
-1
11
23
18
11
13
-2
-3
-5
7
-2
5
5
-5
2
-7
-10
-6
-8
11
22
20
23
18
20
4
-13
-17
-29
-30
-33
-40
-37
-20
7
25
34
42
26
-3
-5
5
16
-1
-5
-7
-21
-20
-11
-18
-22
-5
-2
3
4
-2
7
6
11
2
6
15
0
-7
-12
-30
-20
-32
-26
-30
-34
-31
-23
-12
-2
8
10
11
12
8
-3
7
16
14
-2
-13
-9
-22
-35
-24
-21
-21
-33
-38
-12
7
12
8
16
16
16
4
-16
-18
-17
-20
-25
-14
-11
-24
-38
-36
-18
-16
-16
-2
4
11
10
15
13
15
11
-10
-13
-29
-49
-50
-59
-60
-52
-36
-21
-16
-6
2
9
6
-5
13
27
26
31
21
-2
-17
-35
-38
-38
-49
-41
-44
-40
-25
-1
14
18
13
1
-4
-13
-37
-36
-23
-28
-39
-46
-30
-22
-22
-22
-4
10
24
28
21
21
23
10
13
2
-9
-19
-31
-34
-48
-43
-55
-53
-25
-34
-34
-32
-20
-2
12
7
-5
-14
-20
-25
-22
-36
-60
-61
-69
-75
-72
-85
-79
-60
-43
-46
-43
-34
-22
-16
-9
3
9
-1
-5
-14
0
1
-2
-15
-19
-18
-25
-22
-35
-41
-38
-20
-4
5
20
27
27
15
-2
-16
-11
-14
-9
-20
-26
-37
-27
-35
-47
-60
-48
-27
-20
-30
-11
-9
-18
-7
9
23
22
5
6
-6
-21
-35
-36
-41
-54
-47
-49
-56
-48
-33
-5
15
16
2
-22
-30
-29
-25
-26
-16
-12
-11
-15
-16
-16
-20
-20
-22
-14
-3
5
-11
-6
-11
-12
-7
-21
-28
-35
-39
-33
-20
-17
-12
-20
-14
-10
-1
-4
-6
-5
-18
-1
3
-5
-10
-12
-20
-28
-40
-39
-25
-25
-17
-6
0
14
10
-3
11
6
-5
-7
-6
-5
-14
-21
-35
-54
-35
-16
-6
8
-18
-31
-15
-7
-6
-5
2
-5
-3
-2
-2
-13
-32
-32
-36
-29
-26
-32
-17
-14
-12
-6
-23
-27
-22
-17
-6
-7
-31
-46
-39
-48
-60
-62
-63
-62
-39
-37
-44
-45
-37
-49
-57
-50
-49
-51
-57
-54
-44
-51
-70
-86
-99
-108
-87
-67
-63
-59
-75
-65
-42
-19
-14
-33
-50
-40
-41
-35
-53
-74
-98
-93
-86
-98
-102
-106
-111
-108
-101
-88
-67
-69
-56
-61
-56
-52
-55
-57
-56
-51
-78
-80
-75
-92
-93
-102
-103
-88
-82
-75
-65
-38
-35
-37
-31
-27
-29
-45
-60
-64
-82
-112
-108
-101
-113
-102
-77
-88
-88
-66
-52
-54
-47
-26
-7
-8
-5
-15
-9
3
6
-19
-33
-38
-44
-35
-26
-32
-27
-19
-16
6
-5
4
14
18
24
28
45
52
30
27
25
30
40
41
25
12
29
40
28
26
29
51
45
30
29
40
44
46
40
27
38
48
57
61
50
28
25
24
33
53
48
51
46
44
52
60
76
74
66
42
33
38
39
34
15
2
26
28
25
2
18
33
44
51
43
60
54
48
43
32
18
18
39
33
10
-11
-23
-10
-1
16
15
15
41
34
27
43
38
27
25
14
0
-13
-9
-14
-15
-14
-15
-6
-22
-33
-22
-10
8
13
14
22
23
24
16
10
10
-6
-14
-39
-54
-62
-67
-54
-33
-5
7
24
18
21
35
32
25
11
-3
1
-3
6
-9
-21
-8
-13
-22
-41
-50
-56
-47
-21
-4
13
19
8
1
5
-8
-16
-30
-36
-42
-38
-29
-19
-14
-33
-28
1
11
16
-8
-17
-2
4
7
0
13
19
6
1
-16
-15
-34
-35
-21
-22
-17
-17
-18
-16
-4
-9
-2
1
16
24
27
22
23
23
9
-12
-27
-29
-31
-31
-29
-26
-9
-1
2
16
25
27
37
47
48
34
33
37
13
5
16
29
19
11
-7
-32
-33
-19
-6
11
20
37
38
38
41
35
28
14
16
22
17
8
-4
-13
-6
-2
6
1
-12
-12
-12
-18
-26
-10
13
25
56
62
41
30
18
2
-8
-12
-13
-33
-52
-56
-26
-8
3
18
39
49
53
59
47
43
52
49
44
23
27
26
18
19
8
1
4
4
27
42
58
61
60
65
38
21
10
-7
-26
-32
-28
-25
-27
-34
-25
-1
-2
-4
1
2
11
10
9
9
14
9
12
12
-5
-21
-12
-25
-29
-5
7
16
16
5
15
13
15
10
16
16
15
27
-3
-10
-28
-34
-27
-20
-20
-35
-35
-19
-14
22
36
54
67
60
41
15
2
-2
3
2
-11
-16
-20
-17
-10
-5
10
11
5
1
13
32
47
57
57
53
65
53
27
4
-27
-37
-40
-33
-55
-88
-86
-84
-67
-42
-32
-41
-61
-61
-65
-58
-45
-41
-18
-32
-52
-93
-130
-155
-184
-199
-214
-219
-208
-211
-208
-214
-214
-181
-157
-165
-160
-124
-78
-43
-22
36
118
215
326
477
656
842
1036
1192
1280
1319
1317
1270
1145
1065
1027
1023
1044
994
770
76
-1394
-3903
-7341
-10723
-11480
-9399
-6171
-2938
-124
2289
4632
7366
10789
14860
19624
24549
25828
19456
8661
549
-1783
-438
618
230
-1450
-6358
-13493
-13951
-2194
16373
25770
21168
11201
2499
-3181
-6190
-7548
-7930
-7839
-7551
-7186
-6737
-6208
-5598
-4973
-4342
-3743
-3178
-2635
-2092
-1582
-1123
-702
-348
-41
217
425
600
730
828
912
959
1001
1021
1024
1009
993
989
955
932
903
861
827
767
717
686
653
611
541
490
436
368
328
277
215
131
81
35
-30
-101
-162
-228
-304
-352
-396
-451
-503
-536
-560
-581
-604
-610
-614
-628
-624
-607
-589
-559
-523
-493
-486
-456
-423
-390
-366
-340
-306
-284
-269
-258
-240
-219
-216
-204
-212
-221
-232
-255
-269
-286
-290
-293
-306
-305
-316
-332
-342
-348
-351
-367
-363
-349
-348
-357
-364
-346
-309
-280
-264
-257
-246
-233
-223
-214
-219
-215
-206
-198
-208
-211
-190
-167
-166
-181
-197
-182
-189
-184
-183
-179
-162
-141
-143
-151
-165
-176
-198
-208
-218
-224
-243
-266
-298
-331
-323
-316
-333
-343
-378
-398
-407
-424
-446
-490
-523
-576
-614
-650
-678
-707
-734
-764
-780
-806
-818
-812
-825
-852
-862
-846
-801
-778
-768
-749
-712
-676
-649
-599
-556
-496
-444
-411
-382
-340
-268
-198
-129
-45
30
114
186
236
250
257
282
305
335
354
357
352
350
310
245
234
238
239
258
267
265
243
223
229
233
238
243
229
226
241
274
312
347
398
409
430
503
604
665
699
725
744
736
749
774
778
764
781
808
769
706
639
584
572
538
474
360
285
230
169
103
4
-94
-191
-271
-325
-383
-429
-503
-589
-669
-736
-762
-785
-771
-758
-746
-704
-632
-567
-540
-501
-451
-428
-406
-383
-349
-304
-278
-266
-245
-221
-200
-166
-123
-93
-86
-55
-50
-43
-30
-10
1
6
18
22
13
3
-5
-21
-39
-67
-86
-95
-108
-142
-152
-163
-181
-184
-191
-202
-222
-225
-218
-225
-210
-211
-217
-211
-194
-171
-178
-156
-132
-115
-105
-117
-126
-112
-93
-100
-105
-100
-111
-106
-97
-104
-115
-108
-106
-97
-95
-94
-110
-134
-121
-111
-102
-107
-116
-119
-125
-108
-113
-111
-106
-135
-129
-121
-99
-88
-93
-97
-101
-104
-105
-108
-109
-93
-82
-81
-89
-75
-65
-53
-52
-43
-37
-59
-80
-98
-67
-50
-50
-52
-33
-20
-15
-16
-17
-16
-3
2
9
28
22
30
39
27
27
28
22
15
10
15
4
2
8
11
23
33
44
38
30
41
48
48
38
25
6
6
2
-4
-21
-23
-12
-16
-5
-9
-16
3
18
16
6
-3
-16
-19
-37
-50
-71
-64
-42
-37
-36
-37
-44
-39
-39
-37
-52
-51
-41
-59
-64
-68
-61
-68
-68
-55
-50
-46
-48
-60
-70
-79
-57
-45
-53
-64
-66
-70
-70
-51
-32
-43
-40
-45
-42
-40
-48
-47
-45
-47
-39
-26
-28
-24
-30
-32
-29
-25
-20
-25
-37
-57
-53
-62
-70
-72
-72
-66
-54
-29
-28
-30
-6
-10
-7
-12
-13
-21
-34
-52
-63
-79
-81
-73
-76
-70
-55
-65
-66
-62
-55
-56
-54
-42
-29
-34
-16
-45
-70
-73
-90
-99
-95
-95
-90
-73
-62
-50
-54
-46
-33
-51
-64
-57
-46
-39
-47
-52
-35
-37
-59
-76
-92
-81
-76
-73
-61
-59
-50
-47
-25
-3
-4
3
-5
12
21
25
23
3
-18
-36
-42
-43
-47
-47
-53
-55
-42
-25
-17
-11
-6
-1
2
17
32
43
36
12
8
13
20
10
1
4
-8
-9
7
17
12
14
22
37
38
27
29
31
36
29
27
34
37
35
38
19
2
1
12
34
37
22
18
10
28
29
31
37
30
39
44
31
34
38
34
41
40
24
27
40
46
47
30
23
20
26
32
42
48
47
34
40
38
42
33
35
50
48
46
54
47
34
12
9
19
31
41
44
49
65
52
45
55
66
57
38
41
34
13
27
27
29
36
36
23
26
36
36
32
23
6
19
18
17
10
-1
-14
-16
-11
-19
-20
-19
-1
10
9
18
25
24
24
11
-5
-16
-30
-39
-32
-42
-22
-21
-22
-35
-19
-14
-13
-4
5
13
17
30
31
13
0
-6
-19
-38
-57
-52
-53
-53
-33
-21
-18
-21
-4
8
13
25
22
18
15
26
27
24
15
16
7
-3
-9
-21
-19
-20
-3
4
7
13
12
17
14
24
27
20
18
14
16
-16
-43
-57
-54
-40
-27
-13
-17
-16
-23
-28
-14
-16
-28
-36
-33
-13
-10
-18
-18
-18
-15
-19
-19
-30
-29
-26
-35
-26
-23
-19
-6
3
12
14
28
24
15
11
14
6
-21
-33
-23
-10
15
28
9
-13
-19
-12
20
34
45
48
48
48
29
3
-7
-23
-25
-36
-40
-40
-28
-31
-25
-7
-2
5
2
4
20
17
17
13
20
39
38
32
14
3
20
21
0
-14
-18
-21
-9
2
20
40
47
30
15
25
30
29
15
-4
-15
-5
9
-3
-26
-40
-24
-16
-7
3
1
-15
-18
1
10
15
20
24
30
19
6
3
0
3
1
-4
-14
-25
-20
-24
-13
-8
0
24
24
32
40
44
44
25
24
5
-9
-27
-42
-50
-53
-48
-46
-49
-36
-29
-5
2
-2
-2
-5
-2
0
10
13
11
7
0
8
7
-11
-21
-21
-22
-7
7
8
-8
-5
-5
-8
5
0
-10
0
-5
-5
-10
-22
-26
-22
-18
-23
-32
-38
-35
-31
-37
-14
-18
-29
-7
9
19
20
20
12
19
25
15
-12
-39
-54
-63
-61
-46
-47
-46
-30
-3
-3
-15
4
23
21
29
21
19
12
-5
-1
7
-12
-24
-42
-65
-71
-71
-66
-61
-45
-29
-35
-28
-39
-29
-25
-4
-7
-20
-27
-33
-24
-32
-34
-18
-27
-29
-21
-25
-22
-28
-22
-10
-13
-21
-23
-12
-6
-7
-7
11
10
-7
-21
-19
-22
-17
-18
-20
-30
-27
-13
3
19
6
-1
3
16
17
-11
-30
-25
-36
-38
-38
-54
-65
-61
-47
-56
-60
-32
-17
-6
-7
-4
-14
-9
0
3
1
-16
-26
-18
-45
-48
-28
-35
-32
-33
-28
-26
-27
-22
-9
-2
-1
-6
3
-4
-15
-9
-15
-20
-22
-22
-21
-31
-45
-55
-59
-67
-55
-31
-13
13
9
-11
-17
-12
3
1
3
-17
-16
-12
-20
-24
-30
-26
-29
-31
-29
-37
-32
-18
-5
11
12
1
2
-3
-8
-18
-12
-18
-23
-20
-19
-24
-36
-28
-19
-31
-24
-23
-30
-24
-19
-4
11
13
-10
-21
-12
-4
-19
-41
-58
-57
-58
-53
-70
-72
-62
-52
-47
-40
-35
-53
-66
-44
-36
-23
-21
-27
-28
-59
-64
-57
-65
-67
-79
-84
-85
-77
-68
-61
-57
-46
-55
-57
-64
-61
-62
-67
-66
-62
-54
-51
-47
-42
-55
-59
-75
-80
-74
-80
-82
-90
-104
-107
-94
-74
-62
-72
-72
-79
-65
-59
-54
-64
-72
-71
-90
-104
-120
-142
-144
-137
-127
-118
-101
-90
-75
-70
-66
-50
-32
-18
-12
-26
-23
-13
3
0
-19
-2
18
14
21
19
18
37
52
51
53
78
100
104
112
110
109
104
110
118
110
89
76
77
101
114
124
128
130
135
121
119
114
105
103
106
103
79
64
65
67
55
48
57
41
39
40
42
69
72
66
58
49
60
48
37
26
16
14
19
26
25
25
37
57
64
64
72
72
82
85
84
85
64
54
58
62
48
39
29
30
35
42
40
40
69
77
86
79
56
44
38
32
25
22
21
25
32
28
13
0
-6
2
2
18
35
36
30
23
36
54
69
50
30
19
11
2
7
-4
-4
-7
-9
0
3
4
9
22
24
24
33
44
47
49
39
27
2
-2
4
-4
-4
-5
-8
3
9
12
13
20
32
27
29
26
24
14
6
-5
0
8
3
-13
-20
-21
2
8
4
9
26
38
40
34
17
22
25
6
3
-10
-30
-30
-22
-11
3
8
11
0
-4
4
7
12
18
18
14
-4
-17
-30
-15
-8
-7
-9
-3
3
-18
-28
-11
-11
-19
-20
-5
10
19
5
-9
0
6
-11
-25
-23
-28
-29
-26
-15
-5
0
-11
-7
3
13
27
41
36
20
6
1
-6
1
-2
-6
-17
-41
-40
-22
-14
-11
-3
21
25
15
29
25
17
34
38
37
31
23
23
19
6
6
8
-1
-18
-29
-21
-5
23
39
29
28
40
41
55
54
57
67
69
65
51
30
24
7
7
2
7
8
0
-1
19
43
59
55
64
65
79
81
57
48
48
44
40
35
28
27
25
35
45
59
53
47
49
52
55
52
64
61
52
39
7
-6
-21
-37
-25
-28
-29
-17
-24
-27
-1
25
29
11
-7
-17
-8
-6
3
-7
-26
-24
-33
-28
-20
-19
-24
-16
-20
-13
-4
26
55
74
63
69
80
79
65
52
47
46
32
17
-4
-4
11
17
14
-12
-29
-29
-23
-21
-22
-4
26
42
43
33
28
24
31
20
20
15
-7
-24
-26
-18
-23
-31
-46
-67
-77
-75
-66
-56
-67
-62
-38
-30
-26
-32
-36
-56
-58
-68
-78
-76
-60
-63
-54
-78
-124
-151
-176
-192
-212
-224
-226
-222
-211
-206
-203
-191
-170
-138
-113
-83
-68
-53
-48
-32
38
142
249
378
550
736
899
1057
1150
1203
1253
1250
1161
1033
934
927
993
1058
1042
903
575
-3
-873
-2054
-3762
-5598
-6502
-6272
-5004
-3069
-688
2220
5522
9062
13672
20155
26072
25076
14077
-478
-10092
-13767
-14116
-13445
-14395
-17946
-23534
-29759
-31426
-19935
4814
26445
31848
25742
17636
11582
8087
6145
4855
3832
2852
1928
1120
494
17
-363
-619
-754
-806
-779
-711
-622
-544
-471
-410
-350
-275
-236
-214
-170
-149
-137
-121
-105
-91
-86
-76
-81
-93
-101
-88
-73
-62
-60
-56
-56
-33
-39
-30
-18
-24
-47
-66
-80
-94
-133
-173
-211
-236
-240
-252
-274
-306
-352
-382
-411
-449
-466
-489
-502
-516
-547
-556
-558
-552
-543
-534
-518
-509
-499
-466
-437
-405
-379
-353
-326
-306
-270
-240
-199
-180
-166
-149
-136
-139
-146
-135
-133
-139
-140
-155
-202
-241
-251
-244
-234
-248
-258
-240
-246
-262
-262
-265
-251
-251
-262
-268
-262
-241
-226
-217
-209
-221
-248
-228
-200
-168
-153
-155
-145
-127
-123
-122
-121
-122
-111
-117
-122
-118
-131
-150
-163
-157
-167
-168
-174
-185
-197
-230
-246
-267
-301
-329
-375
-402
-421
-475
-520
-545
-555
-578
-611
-634
-686
-745
-803
-861
-914
-959
-986
-1021
-1056
-1073
-1083
-1085
-1101
-1107
-1110
-1113
-1122
-1101
-1086
-1064
-1020
-973
-919
-865
-812
-766
-715
-644
-588
-556
-522
-454
-379
-323
-265
-206
-119
-25
53
97
147
190
250
337
413
493
576
654
706
744
757
749
753
778
799
841
855
851
830
810
799
785
814
845
875
872
889
926
962
978
1002
1087
1187
1256
1284
1283
1316
1364
1410
1402
1365
1342
1330
1289
1201
1065
954
888
782
644
502
353
232
138
41
-46
-109
-165
-235
-282
-335
-371
-401
-459
-539
-622
-683
-699
-702
-670
-633
-578
-525
-471
-421
-387
-342
-297
-267
-229
-189
-173
-164
-152
-133
-123
-117
-84
-36
-3
7
9
16
34
60
63
91
96
95
112
121
113
106
107
86
72
70
59
37
28
22
4
-33
-52
-68
-84
-81
-96
-104
-126
-131
-132
-136
-121
-121
-114
-86
-80
-81
-79
-61
-52
-48
-31
-24
-20
-28
-47
-42
-48
-37
-28
-38
-61
-80
-65
-37
-13
-9
-23
-25
-18
-30
-28
-18
-21
-16
-4
-15
-26
-34
-47
-37
-29
-33
-28
-13
-13
-28
-33
-24
-28
-13
0
17
27
18
25
12
20
7
14
30
18
11
20
24
39
39
48
59
64
81
92
97
94
86
78
65
67
82
67
55
49
63
84
92
96
102
122
137
140
121
114
101
83
72
84
100
108
96
89
81
82
79
82
83
77
84
100
106
112
115
100
101
80
69
48
18
12
13
3
-3
25
37
34
41
34
56
75
64
50
29
12
1
-2
-3
1
-1
-11
-21
-13
-25
-38
-44
-47
-48
-40
-32
-30
-33
-32
-34
-28
-20
-16
-31
-50
-39
-29
-42
-58
-89
-84
-80
-77
-79
-70
-61
-60
-42
-34
-24
-21
-44
-45
-41
-37
-48
-56
-50
-51
-66
-57
-70
-73
-80
-73
-69
-70
-63
-64
-62
-54
-48
-53
-56
-66
-69
-68
-81
-114
-144
-150
-148
-144
-139
-140
-142
-135
-131
-126
-110
-94
-100
-103
-91
-77
-66
-76
-101
-111
-117
-125
-132
-136
-127
-113
-118
-125
-122
-113
-100
-112
-93
-88
-87
-77
-84
-97
-105
-122
-130
-131
-121
-131
-130
-127
-126
-135
-120
-96
-86
-80
-63
-63
-61
-70
-61
-69
-83
-76
-68
-71
-80
-98
-95
-89
-83
-78
-80
-74
-61
-38
-33
-34
-29
-19
-11
-21
-41
-48
-53
-59
-75
-90
-96
-85
-68
-73
-65
-50
-76
-91
-75
-66
-67
-72
-71
-66
-64
-42
-30
-30
-58
-77
-77
-82
-79
-77
-65
-58
-60
-46
-43
-41
-44
-26
-24
-26
-39
-58
-57
-49
-48
-30
-28
-26
-39
-51
-39
-35
-30
-10
-9
-6
-1
21
10
-9
-11
-3
18
-3
0
13
-6
2
-4
-4
10
10
-10
-27
-29
-26
-12
1
9
2
12
-1
-8
-14
-22
-11
-11
-10
-11
9
14
7
6
-9
-7
1
0
-23
-43
-45
-32
-17
-21
-34
-20
-11
-7
11
13
17
25
12
-5
-7
-17
-23
-16
-20
-27
-23
-32
-50
-70
-58
-51
-54
-39
-29
-14
6
27
44
27
18
16
22
38
32
27
35
34
41
37
25
30
25
26
22
11
3
0
15
17
18
30
37
32
28
27
30
39
21
7
7
-10
-19
-37
-49
-38
-45
-54
-53
-47
-36
-23
-13
-15
-9
3
-1
0
-14
-20
-20
-29
-34
-34
-34
-25
-11
0
-10
-13
-3
-5
-15
-31
-33
-33
-32
-42
-49
-51
-41
-40
-34
-28
-15
-6
-12
-28
-51
-66
-63
-54
-61
-55
-44
-52
-61
-64
-43
-22
-13
-4
-3
-4
-8
-7
10
12
1
-16
-32
-32
-29
-17
1
-5
5
6
7
3
-7
2
-5
-7
0
15
17
-4
-15
-13
-22
-18
-29
-13
-2
3
-9
7
34
42
14
-3
-28
-43
-23
-34
-37
-31
-31
-23
-13
-18
-26
-15
-2
9
5
1
-10
-10
-6
-2
4
3
-7
8
8
-2
-10
-17
-11
3
-1
0
-13
-8
-10
11
33
15
8
9
11
6
-13
-6
-10
-37
-44
-50
-39
-39
-38
-27
-32
-28
-13
-8
-2
6
21
15
20
22
5
-10
-25
-20
-29
-23
-19
-14
-11
-10
-4
0
3
3
0
0
0
3
-2
-2
-1
-27
-33
-46
-56
-42
-26
-15
-5
0
6
24
37
30
12
0
2
6
13
18
24
27
26
24
13
21
13
-13
-40
-46
-37
-32
-39
-17
13
27
7
2
17
7
-8
-8
-1
-7
-12
-9
-2
-15
-33
-37
-50
-55
-47
-59
-69
-64
-60
-54
-59
-55
-40
-17
0
5
0
-26
-35
-21
-6
-12
-36
-40
-48
-50
-39
-42
-34
-3
-20
-27
-26
-7
2
5
6
7
12
14
10
8
-15
-27
-16
-17
-28
-47
-48
-51
-41
-43
-41
-24
-20
-36
-25
-25
-21
-8
-6
-3
1
-3
-23
-38
-28
-16
-20
-26
-41
-33
-30
-38
-41
-25
-28
-46
-44
-32
-14
-4
-3
-6
-5
-22
-43
-33
-14
-21
-18
-25
-12
-8
-22
-26
-47
-61
-67
-69
-62
-52
-35
-9
11
16
22
22
17
7
2
-22
-40
-42
-38
-35
-41
-47
-61
-69
-68
-68
-46
-36
-41
-31
-22
-15
2
9
-2
-23
-32
-48
-36
-38
-40
-33
-26
-25
-27
-26
-23
-28
-18
-1
5
16
14
9
-7
-17
-34
-44
-39
-36
-32
-33
-34
-34
-31
-16
-17
-20
-20
-19
-4
-7
-21
-35
-42
-30
-20
-18
-23
-52
-64
-38
-32
-33
-32
-23
-24
-27
-35
-32
-14
-12
-14
-16
-15
-13
-19
-28
-50
-56
-58
-63
-51
-60
-87
-94
-93
-84
-55
-47
-49
-45
-32
-29
-18
-20
-20
-25
-31
-50
-56
-64
-61
-67
-88
-105
-111
-104
-92
-72
-50
-35
-36
-46
-54
-53
-35
-29
-54
-62
-64
-67
-72
-78
-94
-88
-72
-69
-63
-50
-60
-54
-73
-68
-60
-55
-52
-48
-52
-61
-76
-67
-64
-46
-32
-42
-38
-43
-43
-17
-18
-11
-3
-6
-10
-7
2
-2
1
6
9
8
5
3
5
15
35
59
60
49
31
31
48
64
59
58
63
69
74
75
90
101
94
86
94
103
91
64
60
60
66
70
82
92
88
94
106
108
95
85
60
58
62
69
49
38
19
14
28
33
26
13
23
30
46
60
52
42
51
48
37
26
13
-6
-5
4
-10
-6
-19
-36
-25
-14
3
2
14
24
40
41
36
36
33
18
11
1
-14
-30
-39
-20
-15
1
-15
-14
-4
2
16
23
26
40
47
39
12
7
15
11
19
16
4
-8
-27
-24
-8
3
10
13
10
10
15
26
28
30
44
58
49
22
8
11
10
-2
-22
-37
-49
-48
-62
-44
-20
-13
-2
8
8
0
4
22
24
16
8
0
7
-11
-28
-38
-27
-26
-16
-19
-12
-8
-1
-2
5
1
4
12
19
10
-1
-9
-17
-23
-37
-44
-48
-58
-47
-26
-18
-6
5
9
18
20
36
41
31
23
10
20
26
5
-5
0
6
12
5
-4
-5
6
6
4
6
20
46
46
45
41
24
14
-1
-11
-21
-25
-29
-29
-22
-17
-29
-28
-4
27
26
23
29
37
32
17
9
14
27
7
-9
-14
-4
-1
1
9
25
30
19
13
21
32
25
20
12
4
4
6
4
-9
-9
0
-18
-24
-18
-7
15
7
-4
-11
4
25
30
37
33
24
35
29
25
9
8
1
8
-1
6
9
10
19
27
21
17
20
28
38
44
47
39
34
41
44
42
37
11
-14
-32
-15
5
-4
3
-2
-4
-18
-26
-14
-2
21
27
23
31
22
31
31
35
42
31
20
-5
-9
0
-3
10
23
33
32
27
27
35
44
36
51
52
39
16
7
6
-2
-12
-8
-16
-15
-12
-20
-25
-26
-20
3
13
17
18
33
43
52
52
31
11
7
4
7
8
10
8
7
-1
-10
-19
-30
-29
-29
-27
-12
2
9
-22
-38
-28
-46
-48
-45
-46
-46
-61
-69
-100
-139
-161
-185
-190
-202
-186
-162
-156
-157
-159
-164
-135
-104
-74
-50
-14
21
39
66
115
182
252
356
491
662
842
1008
1159
1279
1334
1330
1297
1197
1044
966
1001
1094
1171
1180
1019
535
-392
-1783
-3739
-6468
-8430
-8590
-7535
-5491
-2695
315
3605
7297
11127
15457
21052
25363
22641
11437
1601
-510
1266
2971
3081
1394
-4017
-13792
-22970
-21894
-4549
17786
26316
20444
10632
2832
-1813
-4089
-4922
-5065
-4975
-4788
-4580
-4349
-4068
-3718
-3320
-2933
-2574
-2198
-1795
-1406
-1063
-739
-461
-213
-12
158
298
393
466
500
531
537
526
518
516
495
457
442
417
377
346
312
294
263
214
186
154
113
78
36
-6
-51
-99
-142
-191
-226
-273
-302
-311
-355
-388
-468
-517
-556
-592
-628
-657
-682
-706
-727
-732
-747
-723
-697
-684
-661
-651
-626
-595
-555
-510
-473
-424
-397
-367
-330
-299
-270
-253
-219
-191
-172
-164
-156
-145
-146
-147
-141
-153
-173
-204
-224
-231
-235
-227
-236
-260
-283
-292
-288
-290
-271
-260
-266
-248
-225
-210
-191
-190
-181
-180
-157
-155
-130
-120
-132
-121
-121
-119
-109
-117
-104
-104
-117
-126
-133
-159
-169
-167
-159
-158
-153
-154
-156
-173
-177
-177
-201
-221
-242
-249
-272
-296
-307
-332
-357
-366
-406
-443
-483
-491
-509
-560
-594
-612
-637
-663
-694
-732
-775
-811
-845
-860
-865
-867
-866
-874
-889
-880
-859
-829
-806
-783
-750
-737
-723
-702
-664
-619
-593
-571
-549
-506
-468
-416
-349
-282
-213
-154
-88
-14
55
81
92
133
187
229
268
305
319
339
342
305
271
248
257
270
302
297
272
271
256
250
250
233
232
241
279
318
357
387
415
443
473
562
675
744
799
824
853
878
905
957
973
951
962
990
967
893
841
809
795
750
651
550
459
396
343
278
174
59
-28
-114
-203
-273
-342
-398
-465
-544
-610
-659
-676
-684
-680
-654
-622
-569
-538
-506
-453
-408
-378
-359
-344
-315
-292
-263
-250
-214
-201
-203
-177
-150
-104
-86
-82
-71
-46
-8
9
18
17
11
-8
-5
-4
11
10
-7
-19
-41
-63
-88
-110
-141
-165
-180
-202
-219
-226
-219
-219
-230
-225
-221
-212
-210
-206
-196
-186
-171
-173
-169
-149
-143
-136
-135
-135
-121
-116
-120
-125
-128
-136
-140
-128
-141
-128
-123
-120
-137
-147
-151
-158
-145
-148
-149
-147
-160
-168
-176
-173
-162
-159
-158
-144
-138
-141
-145
-145
-134
-121
-111
-104
-107
-106
-120
-124
-106
-89
-78
-84
-110
-107
-94
-72
-49
-46
-45
-35
-26
-41
-32
-20
2
24
26
33
11
14
9
5
7
2
12
8
3
16
30
44
34
44
56
58
56
56
47
56
81
75
52
36
23
37
34
15
12
22
33
36
39
58
69
78
67
55
51
51
27
8
26
29
21
4
-3
0
-14
-30
-34
-41
-38
-24
-28
-10
-6
2
4
12
33
30
22
13
-6
8
-14
-23
-43
-45
-35
-46
-38
-44
-55
-61
-49
-36
-26
-17
-20
-17
-12
-13
-18
-22
-28
-28
-40
-43
-42
-55
-53
-43
-22
-35
-42
-14
-13
-31
-24
-10
-24
-35
-34
-23
-26
-27
-33
-43
-58
-75
-65
-71
-67
-63
-61
-48
-39
-34
-42
-38
-34
-35
-15
-12
-22
-39
-71
-93
-99
-104
-93
-89
-94
-92
-99
-101
-99
-101
-87
-64
-61
-67
-59
-72
-91
-93
-84
-87
-87
-84
-85
-83
-75
-75
-73
-82
-82
-76
-73
-61
-62
-57
-56
-54
-48
-51
-58
-90
-82
-64
-74
-76
-82
-71
-51
-33
-23
-19
-15
-10
-16
-14
-17
-18
-7
-10
-34
-36
-18
-11
-38
-52
-61
-54
-33
-15
-11
0
-9
-12
12
30
36
37
38
33
8
-21
-39
-51
-41
-47
-53
-39
-44
-38
-13
17
31
20
6
7
15
10
0
5
2
18
20
4
11
8
3
-6
-13
-6
-4
14
15
22
29
39
44
33
19
13
-3
-7
6
16
10
-6
-13
-15
-34
-27
-9
21
29
27
37
58
84
98
86
83
71
57
38
28
14
9
7
-15
-26
-18
-13
-2
-12
-18
-13
-8
7
15
32
38
41
32
15
0
-13
-9
-9
-4
-15
-41
-53
-58
-61
-45
-45
-40
-49
-52
-32
-25
-2
0
-12
-12
-6
-2
-9
-7
-13
-25
-29
-36
-37
-41
-40
-34
-21
-11
9
27
45
39
36
31
-2
-5
9
18
-1
-6
9
-13
-11
-17
-19
-16
-25
-18
0
14
23
14
5
2
-15
-19
-18
-16
-36
-34
-24
-48
-55
-47
-41
-37
-41
-46
-36
-19
-17
-12
0
5
16
4
-8
-25
-45
-60
-49
-41
-31
-23
-15
-18
-24
-24
-29
-10
-11
-15
-16
-10
4
-8
-15
5
12
8
-15
-32
-59
-38
-34
-20
1
2
9
21
28
31
28
4
-9
-13
-1
9
2
-1
-13
-19
-24
-24
-21
-14
-7
9
10
18
13
12
12
17
19
16
-10
-33
-34
-32
-29
-31
-54
-45
-25
-3
16
12
12
18
27
27
34
42
32
9
-2
3
15
-7
-22
-18
-9
-14
-12
15
25
21
27
16
10
6
8
5
-9
-22
-39
-50
-64
-59
-34
-26
-36
-35
-32
-23
-25
-26
-37
-25
-9
-12
-8
-10
-12
-13
-19
-13
-27
-28
-30
-28
-9
0
4
7
10
22
22
11
7
-6
4
4
0
-15
-43
-47
-51
-26
-9
-9
-23
-17
1
8
29
41
27
23
9
4
3
-13
-23
-43
-30
-18
-34
-43
-48
-43
-37
-31
-19
-7
-9
-11
-12
-14
-17
-10
-4
-9
-17
-36
-28
-33
-47
-53
-50
-23
-34
-38
-26
-16
-12
3
6
13
14
6
-4
6
14
11
12
-7
-22
-40
-42
-46
-46
-45
-57
-52
-18
-13
-8
-3
4
24
24
23
12
3
6
4
0
0
-11
-18
-34
-51
-69
-58
-47
-48
-36
-29
-14
15
26
28
4
8
14
8
-2
-12
-18
-36
-32
-61
-83
-96
-102
-102
-92
-77
-58
-39
-21
-16
1
2
-7
4
9
7
7
-1
-18
-27
-44
-33
-29
-33
-33
-30
-20
-19
-29
-37
-23
-11
-5
18
2
-1
15
24
12
-15
-34
-42
-51
-53
-46
-40
-31
-24
-15
-11
1
-13
-5
-5
-2
16
25
7
-13
-7
-18
-23
-29
-39
-38
-35
-39
-40
-42
-16
8
6
-7
6
8
-9
-5
5
-22
-37
-28
-36
-47
-68
-60
-47
-25
-20
-30
-21
-12
-11
-9
-10
-5
-7
-19
-27
-49
-53
-60
-59
-43
-27
-16
-4
6
9
-6
1
9
11
-4
-17
-24
-18
-12
-41
-38
-23
-23
-20
-24
-14
-1
-9
-4
-8
5
8
15
9
4
-15
-33
-41
-38
-53
-59
-38
-28
-23
-23
-13
-3
0
1
-13
-13
4
6
2
-5
-21
-18
-19
-25
-46
-38
-32
-13
-12
-9
3
6
3
7
13
20
-8
-21
-25
-42
-44
-44
-52
-41
-37
-38
-38
-29
-38
-26
-15
-8
-1
-1
-23
-37
-42
-46
-52
-57
-67
-74
-60
-79
-91
-83
-66
-56
-49
-40
-35
-31
-34
-48
-45
-27
-36
-46
-57
-54
-78
-87
-87
-79
-87
-111
-100
-103
-106
-84
-61
-39
-46
-45
-48
-55
-74
-81
-77
-85
-93
-93
-111
-118
-105
-92
-93
-99
-97
-84
-63
-39
-41
-48
-34
-33
-31
-31
-34
-59
-76
-81
-84
-77
-66
-97
-106
-87
-69
-65
-63
-44
-46
-41
-36
-39
-31
-30
-34
-39
-42
-50
-77
-73
-65
-55
-60
-71
-65
-52
-18
-7
-12
5
26
52
52
45
28
30
23
13
16
13
4
8
0
2
26
33
34
30
28
34
52
76
75
61
71
71
83
69
65
55
42
38
28
31
28
25
29
44
62
55
63
75
84
85
80
68
61
56
35
33
47
24
10
15
11
20
32
34
39
32
36
43
30
17
15
19
23
22
31
20
24
5
0
-3
3
8
2
-1
17
23
39
42
53
51
30
25
1
-15
-7
-14
-18
-34
-48
-34
-14
-1
-5
5
24
7
-6
-5
17
28
28
19
6
-5
-14
-16
-26
-25
-21
-27
-12
4
16
17
6
7
5
4
10
15
4
-14
-36
-39
-32
-24
-42
-53
-54
-54
-33
-31
-24
6
-4
-10
-27
-17
4
8
12
7
-2
-15
-35
-44
-47
-47
-51
-48
-43
-45
-30
-20
-21
-23
-14
-6
7
14
15
14
3
1
-13
-33
-53
-66
-61
-33
-29
-27
-22
-6
7
12
-1
8
22
34
33
23
24
28
26
10
14
11
-4
-14
-22
-35
-12
-1
16
15
31
34
34
50
45
38
28
26
20
8
-6
-13
-14
-3
2
9
4
5
-3
-10
-3
-12
-5
5
10
15
18
16
11
4
6
12
3
-15
-22
-19
-6
13
21
21
17
17
23
23
29
54
46
39
42
36
19
2
4
4
-13
-7
4
13
13
22
22
24
29
36
51
45
31
24
18
5
11
25
18
6
-2
5
1
-12
-24
-17
0
1
4
8
25
26
18
18
9
-3
-16
-21
-25
-39
-37
-40
-28
-11
3
8
19
18
12
15
32
35
42
30
18
8
17
30
9
-5
-13
-11
1
-8
5
11
2
1
0
6
14
27
34
20
12
12
9
-7
-16
-7
-7
0
-1
10
34
41
31
31
21
17
5
-13
-32
-56
-55
-45
-48
-51
-74
-85
-90
-89
-70
-39
-11
-16
-39
-75
-139
-176
-207
-207
-211
-215
-196
-190
-189
-205
-198
-161
-130
-120
-115
-68
-28
-4
30
101
191
292
404
542
708
900
1077
1217
1346
1408
1405
1353
1249
1154
1128
1149
1148
1078
780
-23
-1646
-4263
-7788
-11176
-11852
-9836
-6740
-3650
-780
1787
4273
6991
10276
14217
18995
24374
27510
23640
13473
3614
-691
-58
1131
597
-1024
-5079
-12220
-15625
-7874
9577
22865
22103
13272
4274
-2081
-5676
-7427
-8026
-8054
-7805
-7467
-7033
-6531
-5938
-5293
-4632
-3980
-3387
-2838
-2296
-1777
-1305
-871
-490
-159
128
367
547
689
789
869
936
987
1015
1025
1033
1025
1010
976
943
894
852
806
780
762
703
646
600
535
474
429
370
295
221
160
112
77
20
-66
-136
-192
-235
-278
-322
-375
-423
-447
-483
-518
-550
-577
-583
-593
-599
-606
-596
-580
-560
-514
-457
-431
-400
-368
-338
-314
-299
-284
-273
-262
-258
-246
-242
-234
-222
-230
-214
-214
-237
-270
-288
-285
-294
-302
-307
-326
-325
-320
-311
-317
-331
-316
-314
-306
-305
-326
-308
-291
-284
-266
-237
-236
-233
-233
-223
-208
-206
-196
-196
-196
-189
-175
-173
-163
-164
-180
-185
-186
-183
-168
-163
-149
-129
-115
-109
-125
-144
-150
-159
-194
-231
-250
-252
-258
-276
-287
-324
-358
-362
-382
-399
-423
-416
-417
-435
-461
-497
-528
-567
-600
-621
-654
-660
-695
-742
-758
-765
-767
-773
-795
-809
-790
-755
-739
-735
-724
-682
-653
-620
-589
-551
-515
-473
-440
-402
-335
-263
-205
-148
-81
2
93
167
208
226
245
268
296
316
344
373
372
367
333
276
227
196
217
221
229
207
203
195
194
202
192
182
170
161
182
198
231
262
282
313
335
398
498
593
658
691
683
682
694
728
770
762
759
797
798
746
682
626
588
537
443
358
280
221
173
90
-2
-104
-184
-254
-332
-391
-460
-527
-589
-652
-703
-750
-762
-765
-744
-713
-696
-655
-610
-558
-509
-475
-444
-400
-363
-335
-306
-288
-282
-253
-238
-213
-183
-177
-164
-139
-118
-101
-94
-92
-85
-66
-35
-28
-36
-32
-24
-40
-69
-78
-87
-105
-119
-146
-161
-168
-164
-181
-198
-192
-197
-209
-210
-210
-199
-188
-179
-188
-192
-193
-194
-170
-158
-156
-144
-160
-157
-158
-151
-165
-157
-157
-159
-161
-155
-153
-139
-149
-156
-147
-151
-152
-149
-146
-140
-136
-150
-159
-152
-151
-160
-174
-178
-172
-156
-142
-149
-162
-155
-144
-120
-101
-125
-131
-127
-114
-113
-125
-125
-124
-117
-118
-114
-97
-77
-63
-81
-80
-89
-106
-108
-91
-58
-31
-27
-17
-9
-15
-18
-1
15
2
-11
-4
-10
-17
-34
-18
2
12
15
9
4
-2
-12
-4
20
33
26
17
22
2
-1
12
16
20
18
11
18
15
8
-9
-22
-23
-17
-28
-24
-13
0
21
28
11
18
29
30
9
-3
-23
-31
-31
-45
-57
-51
-64
-76
-71
-62
-29
-21
-37
-60
-51
-23
-21
-24
-50
-47
-48
-53
-56
-55
-55
-61
-72
-63
-50
-37
-31
-31
-16
-14
-11
-35
-50
-30
-34
-32
-31
-33
-39
-58
-53
-59
-40
-34
-45
-35
-11
-6
-19
-18
-11
-2
12
-10
-34
-34
-45
-54
-61
-73
-69
-62
-72
-83
-69
-29
-9
-15
-18
-20
-13
-21
-25
-23
-31
-34
-39
-40
-40
-33
-40
-44
-54
-51
-34
-33
-27
-34
-46
-31
-30
-47
-69
-89
-93
-87
-85
-79
-77
-63
-63
-61
-56
-37
-41
-42
-43
-46
-63
-71
-73
-70
-78
-82
-79
-73
-56
-54
-58
-61
-69
-80
-77
-58
-34
-26
-5
-5
-21
-22
-21
-7
-11
-1
14
19
7
-1
-10
-3
-15
-27
-39
-38
-6
18
26
29
47
50
46
40
41
49
31
28
24
20
26
13
10
8
10
17
11
-9
-15
-5
9
29
39
27
41
51
48
30
-7
-16
-8
-4
0
-6
-8
-3
4
16
3
1
13
15
30
48
52
60
60
47
24
3
-4
3
7
-4
-5
17
34
46
45
42
53
70
74
70
60
51
57
55
45
50
50
55
41
27
18
29
50
52
54
75
76
71
54
58
64
52
54
46
26
16
9
13
25
41
53
49
58
51
47
42
14
10
17
26
30
24
29
22
8
3
-6
-19
-26
-23
7
19
17
11
11
10
5
-6
-10
-19
-32
-33
-44
-46
-45
-53
-45
-41
-47
-40
-42
-40
-39
-20
2
-20
-38
-54
-59
-61
-61
-46
-27
-2
-19
-27
-29
-33
-42
-35
-34
-27
-32
-29
-35
-42
-28
-34
-46
-44
-29
-5
16
34
33
29
21
19
14
-5
-19
-22
-29
-28
-33
-52
-54
-63
-50
-25
5
17
12
7
9
11
14
8
6
-5
-23
-36
-35
-20
-22
2
-4
-6
4
-4
-2
19
19
18
4
3
-2
1
6
-4
-8
-18
-4
0
-1
-16
-34
-16
-10
7
15
16
-2
5
23
31
24
15
14
14
12
5
3
-8
6
32
43
28
14
14
4
-3
-9
-2
13
17
9
10
-1
-2
-2
7
18
20
26
8
0
4
0
6
-6
-13
-11
-16
-19
-16
-24
-20
-14
-1
-1
8
26
32
36
29
14
1
1
6
-3
-2
-10
-24
-27
-38
-35
-29
-29
-25
-25
-19
0
28
23
10
6
13
10
6
0
-7
-9
-18
-21
-26
-27
-32
-24
-18
-21
-4
-12
-8
-11
2
16
17
23
10
-12
-9
-17
-30
-39
-26
-23
-24
-4
-1
2
-4
3
9
13
16
-10
-23
-24
-14
-10
-9
-13
-25
-34
-35
-30
-21
-14
-15
6
12
17
-5
-16
-10
-16
-11
-15
-19
-38
-51
-49
-43
-36
-29
-28
-15
-12
-26
-13
-9
6
27
35
41
24
1
0
-3
-10
3
10
-16
-25
-39
-46
-30
-32
-17
-12
-15
-8
-6
5
16
22
12
10
9
3
1
1
0
1
-14
-24
-30
-46
-50
-53
-52
-55
-54
-37
-33
-39
-21
-3
1
3
2
-1
-15
-14
-26
-25
-27
-30
-44
-69
-69
-67
-68
-64
-59
-26
-4
1
3
1
-7
-5
2
-5
5
-4
-24
-39
-43
-37
-31
-33
-36
-33
-19
-27
-40
-18
5
9
22
9
1
1
16
10
-17
-24
-37
-46
-44
-48
-48
-36
-26
-21
-17
-15
-20
-15
-8
6
14
12
7
-2
-7
-14
-18
-44
-66
-59
-56
-53
-52
-42
-39
-26
-18
-12
-19
-20
-9
-2
1
-14
-18
-7
5
-2
-22
-27
-34
-39
-38
-25
-8
-7
-11
5
4
-1
-10
-19
-6
-7
-19
-25
-42
-43
-28
-15
-9
-9
-17
-25
-16
-14
5
-3
-16
-10
-4
10
2
-14
-15
-20
-15
-14
-21
-31
-38
-33
-21
-6
12
10
14
1
-11
-18
-22
-29
-41
-43
-50
-54
-44
-36
-26
-16
-12
-11
-30
-41
-33
-9
19
13
0
-6
-11
-21
-49
-50
-56
-70
-70
-60
-47
-38
-37
-28
-19
5
-12
-20
-16
-18
-29
-33
-33
-39
-45
-46
-56
-72
-92
-80
-68
-72
-70
-66
-68
-73
-65
-48
-32
-29
-49
-60
-70
-74
-83
-92
-111
-109
-103
-99
-107
-112
-116
-110
-90
-75
-73
-65
-61
-49
-46
-47
-56
-65
-65
-66
-79
-79
-75
-62
-60
-65
-67
-67
-57
-64
-49
-49
-39
-42
-67
-58
-52
-62
-77
-91
-101
-108
-107
-116
-119
-107
-109
-91
-75
-59
-59
-61
-55
-47
-50
-53
-79
-79
-65
-48
-44
-44
-34
-39
-38
-56
-71
-55
-41
-34
-23
-16
-16
-8
-1
11
29
46
44
45
41
38
28
17
-2
11
26
53
63
84
58
54
66
73
91
88
74
69
80
89
74
64
69
61
51
38
49
51
47
43
53
57
54
65
84
84
78
69
69
61
56
61
76
68
40
18
8
8
10
23
20
16
32
49
63
63
66
49
44
43
25
28
30
31
27
18
24
0
-7
-7
-1
17
32
32
32
33
49
68
71
33
38
40
34
21
13
8
1
-21
-30
-18
-23
-26
-14
-1
10
21
30
33
28
24
19
20
31
40
29
21
12
-6
-28
-43
-53
-62
-46
-40
-29
-17
-21
-32
-34
-17
-4
11
28
27
19
31
10
-6
-6
-12
-22
-29
-36
-46
-38
-30
-35
-28
-22
17
26
25
26
27
17
5
-5
-19
-32
-41
-34
-29
-26
-40
-44
-44
-42
-44
-43
-35
-17
5
17
14
12
7
-3
-14
-7
-1
-6
-8
-25
-35
-27
-32
-34
-28
-20
6
14
28
20
7
20
29
32
31
8
5
0
-2
-13
-18
3
6
2
-11
-3
0
10
35
29
34
33
18
16
18
11
18
17
-3
-29
-34
-27
-31
-24
-25
-18
-5
0
2
9
23
19
26
30
35
27
4
7
16
16
6
-2
4
5
5
21
29
32
24
14
20
27
32
21
18
19
19
21
21
15
29
39
59
54
58
73
61
47
33
14
16
11
1
-2
-4
-25
-39
-25
-7
25
37
34
23
14
32
49
42
42
35
31
24
19
5
-4
-4
-21
-16
-30
-18
-5
4
22
22
16
9
20
34
23
9
-17
-30
-30
-22
-12
18
32
38
35
34
44
30
27
16
12
18
27
12
-6
-6
12
4
-6
-13
-8
-4
8
27
20
20
38
48
39
16
-1
-8
3
-4
-14
-9
-13
-17
-29
-42
-30
-27
-27
-26
-6
-8
-29
-21
-22
-17
9
22
1
-27
-48
-58
-58
-56
-68
-73
-82
-98
-110
-157
-198
-191
-212
-209
-190
-174
-169
-163
-142
-132
-119
-112
-122
-104
-72
-54
-38
-5
45
109
234
407
578
759
918
1081
1200
1263
1288
1271
1178
1039
938
882
856
820
723
351
-473
-1920
-4033
-6799
-9313
-9514
-7702
-5040
-2110
691
3071
5491
8448
11967
16128
21189
24733
21762
11946
2151
-1645
-816
3
-736
-2305
-6316
-14187
-21173
-18706
-1167
20815
28891
22707
12516
4261
-756
-3336
-4384
-4719
-4808
-4806
-4711
-4539
-4276
-3939
-3538
-3140
-2772
-2372
-1962
-1549
-1148
-792
-498
-269
-61
118
265
397
482
533
563
560
568
563
557
549
517
481
442
399
362
331
307
282
249
210
171
136
119
109
81
13
-27
-71
-108
-142
-186
-237
-303
-350
-400
-464
-526
-571
-595
-619
-653
-705
-745
-776
-792
-783
-773
-756
-740
-728
-704
-685
-660
-620
-579
-539
-500
-468
-424
-384
-357
-336
-318
-263
-233
-212
-204
-211
-213
-214
-210
-219
-235
-254
-271
-291
-343
-359
-362
-387
-397
-402
-412
-432
-433
-421
-422
-406
-378
-360
-340
-317
-295
-271
-265
-244
-225
-209
-194
-193
-188
-168
-140
-118
-116
-121
-116
-122
-131
-133
-142
-155
-162
-184
-186
-199
-209
-223
-233
-228
-225
-237
-240
-272
-285
-311
-323
-315
-314
-327
-351
-375
-392
-433
-467
-495
-507
-518
-566
-610
-664
-700
-736
-763
-803
-855
-879
-898
-913
-921
-932
-944
-957
-956
-952
-942
-914
-907
-889
-841
-788
-725
-674
-645
-597
-522
-471
-428
-375
-299
-229
-168
-98
-24
60
134
170
194
221
261
300
335
359
405
451
475
471
438
409
392
390
418
443
442
435
448
456
464
476
477
505
547
565
571
587
639
658
693
751
858
968
1026
1033
1025
1032
1051
1088
1091
1073
1080
1095
1044
945
862
814
756
670
557
437
331
255
186
108
27
-62
-127
-190
-262
-328
-372
-410
-489
-569
-632
-676
-694
-687
-662
-639
-590
-529
-492
-447
-421
-384
-323
-274
-251
-232
-206
-192
-171
-152
-105
-73
-74
-66
-36
-18
2
9
24
38
41
51
62
66
61
70
79
63
51
41
23
8
3
-3
-12
-40
-51
-67
-84
-98
-114
-122
-137
-139
-141
-153
-146
-147
-146
-137
-120
-101
-91
-82
-89
-74
-40
-38
-34
-51
-58
-42
-50
-71
-84
-82
-84
-63
-60
-60
-67
-82
-75
-62
-65
-66
-49
-35
-39
-48
-34
-38
-45
-61
-81
-84
-91
-88
-85
-88
-64
-40
-35
-32
-27
-16
-12
-9
-19
-19
-6
-15
-7
-7
-21
-22
-34
-44
-37
-22
-25
-11
6
15
13
25
21
7
11
30
33
31
32
31
20
20
36
40
39
42
44
35
21
34
57
79
72
58
60
77
87
81
72
55
53
41
29
28
40
48
31
31
43
46
66
85
83
59
57
50
28
30
13
-13
-25
-27
-39
-47
-49
-50
-27
3
8
-2
4
4
1
-11
-16
7
13
3
-13
-26
-23
-26
-28
-32
-34
-28
-47
-45
-40
-29
-23
-24
-30
-38
-51
-61
-45
-26
-30
-37
-61
-64
-62
-70
-66
-60
-59
-52
-58
-64
-63
-57
-56
-49
-46
-50
-40
-59
-69
-63
-63
-66
-70
-69
-63
-52
-60
-82
-98
-71
-46
-29
-35
-37
-42
-39
-44
-55
-56
-61
-71
-84
-92
-98
-112
-120
-100
-97
-103
-97
-104
-105
-87
-64
-72
-84
-86
-91
-81
-83
-99
-133
-153
-134
-111
-121
-151
-160
-141
-143
-111
-103
-98
-95
-95
-85
-78
-70
-66
-75
-81
-88
-93
-102
-113
-104
-92
-95
-90
-84
-93
-111
-105
-81
-65
-63
-58
-43
-37
-39
-53
-71
-83
-69
-72
-73
-86
-96
-85
-71
-66
-59
-38
-13
3
-2
-23
-33
-46
-46
-53
-53
-50
-57
-59
-62
-40
-32
-36
-37
-40
-26
-21
-37
-36
-24
-21
-20
-13
-10
-19
-33
-49
-56
-38
-44
-58
-54
-53
-36
-29
-27
-29
-14
-1
-14
-19
-26
-24
-18
-24
-36
-42
-31
-36
-38
-26
-27
-30
-17
-5
3
-2
4
16
26
23
22
22
5
-7
-16
-32
-22
-19
-27
-15
-11
-2
22
39
37
32
34
32
20
19
29
18
-7
-3
-13
-27
-24
-46
-39
-16
-8
-20
-13
-3
11
28
41
47
38
23
19
19
9
1
-9
-19
-20
-36
-46
-62
-45
-25
-25
-11
-13
-6
4
21
40
35
42
43
32
32
13
7
9
2
-11
-19
-2
-9
-16
-30
-35
-24
-11
7
23
28
40
27
35
39
39
24
2
-16
-22
-22
-13
9
25
29
14
-2
11
24
25
32
27
21
22
22
11
14
14
2
-12
-6
-11
-13
-3
-5
-8
6
8
17
23
37
41
36
44
55
47
24
-2
-10
-19
-33
-42
-63
-76
-65
-48
-35
-17
-5
-14
-1
-1
12
30
21
21
-4
-12
-21
-29
-31
-34
-24
-12
-13
-20
-22
-5
1
-9
-25
-26
-24
-32
-41
-45
-45
-40
-29
-22
-25
-22
-4
10
20
19
25
23
28
24
8
16
12
7
10
5
-7
-14
-17
-20
-13
-7
-4
-2
2
1
-10
0
17
16
6
22
33
28
20
-3
-17
-24
-30
-51
-74
-72
-46
-28
-34
-35
-27
-22
-31
-40
-38
-15
15
46
38
26
26
24
20
8
6
7
2
3
-5
4
7
3
-12
-13
-6
-6
-2
3
-3
-3
9
11
24
20
4
4
2
4
8
2
-10
-36
-42
-56
-47
-32
-32
-11
7
20
34
27
24
10
29
51
45
22
-2
-8
0
17
19
2
-20
-32
-33
-30
-14
6
1
2
-5
-17
-22
-18
0
0
-14
-36
-30
-14
-8
-9
-12
-26
-35
-38
-34
-34
-47
-51
-56
-41
-12
3
14
21
36
54
48
36
5
-7
-5
8
7
-4
-9
-11
-19
-22
-37
-34
-54
-52
-46
-30
-4
17
25
19
14
20
3
-4
-14
-22
-29
-38
-34
-36
-40
-40
-29
-26
-35
-41
-29
-28
-32
-44
-29
-15
-22
-12
1
4
-2
-27
-36
-35
-43
-34
-53
-50
-32
-23
-5
1
22
18
14
13
5
16
14
-3
-12
-28
-42
-44
-41
-41
-29
-23
-27
-39
-34
-21
4
3
5
14
11
13
7
-6
-22
-39
-52
-48
-40
-47
-71
-72
-74
-69
-43
-27
-28
-15
-6
-22
-27
-24
-16
-15
-15
-22
-41
-54
-48
-40
-13
-16
-31
-30
-30
-25
-29
-26
-14
-20
-21
-24
-20
-24
-34
-45
-49
-42
-30
-32
-44
-44
-37
-13
4
0
2
-1
-9
-4
-3
-31
-54
-75
-65
-62
-62
-50
-50
-44
-30
-30
-11
4
21
8
-2
-9
-25
-14
-6
9
1
-32
-42
-51
-49
-31
-17
-13
-43
-41
-28
-22
-20
-30
-16
-1
-4
-4
-21
-42
-46
-30
-25
-42
-48
-43
-33
-25
-10
15
18
7
2
13
9
11
12
-9
-24
-40
-56
-73
-79
-81
-76
-79
-63
-50
-61
-44
-41
-37
-39
-35
-22
-42
-36
-42
-56
-58
-72
-72
-82
-89
-83
-75
-64
-74
-68
-44
-24
-37
-46
-64
-73
-65
-72
-103
-100
-92
-99
-108
-112
-114
-103
-93
-92
-92
-90
-91
-91
-85
-78
-62
-51
-79
-84
-90
-87
-102
-94
-63
-63
-57
-44
-32
-17
-11
20
6
15
32
45
54
44
49
55
60
46
44
60
67
65
74
96
111
117
126
133
137
136
114
106
107
99
110
116
115
108
89
89
89
94
118
129
117
108
120
152
155
119
96
90
88
75
59
53
45
29
18
23
20
17
31
38
20
24
49
40
59
55
43
65
85
83
88
92
68
46
37
24
25
19
3
2
16
40
57
65
62
66
66
66
69
87
97
75
51
34
34
20
21
25
24
4
-9
-7
-2
6
17
23
36
44
32
28
19
22
11
-3
-11
-25
-21
-18
-14
-23
-28
-19
-19
-2
-9
-8
-2
13
23
28
30
29
22
24
11
-2
-13
-17
-10
-26
-19
1
7
2
-9
-12
-1
10
11
23
29
20
16
12
-12
-27
-12
-10
-7
-5
-8
-19
-18
-7
0
-7
-15
-3
9
8
4
12
3
-5
-8
-16
-20
-29
-37
-39
-28
-17
-6
-26
-18
3
15
13
12
25
30
12
14
16
22
10
5
-6
-22
-8
-8
-23
-28
-18
-16
-9
2
22
33
34
32
25
28
14
-2
-18
-10
-7
-27
-31
-37
-41
-57
-62
-38
-18
2
22
14
24
31
44
52
31
4
-15
4
11
4
13
-9
-22
-18
-8
4
-2
-4
11
40
45
33
15
-10
6
10
12
9
1
-20
-40
-25
0
17
19
24
24
27
33
43
54
58
52
53
52
49
39
22
9
13
10
3
2
0
13
24
39
52
49
48
48
38
42
31
17
25
46
54
30
11
2
11
13
4
-2
12
34
43
41
60
66
74
70
58
55
53
48
27
24
16
26
33
2
-3
21
33
34
43
44
45
49
53
42
27
20
39
39
22
20
14
7
15
15
18
7
2
-14
-15
-1
2
17
28
28
23
9
14
13
1
0
-18
-39
-55
-67
-75
-69
-79
-110
-97
-64
-43
-37
-51
-65
-75
-86
-59
-40
-35
-42
-69
-77
-108
-134
-154
-189
-194
-193
-171
-162
-182
-190
-196
-187
-170
-157
-130
-111
-92
-70
-49
-26
13
87
182
299
432
584
758
914
1050
1154
1244
1287
1279
1198
1071
1011
1034
1090
1108
1039
837
453
-191
-1081
-2232
-3866
-5551
-6508
-6467
-5377
-3537
-1195
1768
5136
8859
13867
20841
27166
26249
14916
218
-9039
-12470
-13154
-13209
-14866
-18937
-24859
-30805
-31168
-17821
7467
27452
30897
24161
16243
10550
7277
5458
4243
3300
2397
1521
757
193
-211
-513
-715
-829
-843
-825
-762
-668
-575
-494
-425
-351
-299
-265
-222
-185
-180
-154
-141
-122
-111
-128
-125
-118
-122
-122
-126
-107
-111
-130
-123
-122
-134
-129
-99
-94
-100
-116
-145
-154
-153
-176
-181
-211
-254
-286
-306
-336
-382
-397
-417
-432
-456
-495
-518
-539
-547
-540
-539
-531
-527
-520
-518
-484
-455
-423
-402
-388
-355
-334
-301
-257
-232
-208
-186
-165
-132
-121
-124
-109
-120
-137
-128
-98
-100
-118
-120
-143
-170
-189
-212
-228
-234
-221
-218
-229
-230
-229
-205
-205
-215
-214
-207
-204
-212
-197
-188
-189
-178
-177
-158
-149
-143
-160
-165
-154
-162
-173
-179
-174
-158
-156
-136
-129
-122
-105
-112
-123
-132
-123
-119
-133
-140
-174
-207
-236
-272
-292
-309
-353
-385
-415
-443
-472
-502
-517
-544
-577
-595
-615
-651
-715
-754
-812
-864
-907
-941
-964
-1004
-1052
-1077
-1080
-1090
-1103
-1088
-1091
-1110
-1104
-1080
-1056
-1044
-1011
-957
-914
-860
-810
-781
-726
-674
-629
-573
-501
-451
-384
-311
-228
-146
-69
-1
67
107
163
236
310
381
451
526
588
615
636
637
643
655
647
671
692
696
691
699
683
653
638
637
672
720
741
784
835
892
899
931
1016
1117
1211
1266
1288
1316
1363
1392
1412
1387
1345
1352
1360
1283
1154
1034
936
836
731
627
492
372
281
212
129
41
-52
-142
-218
-279
-325
-352
-379
-436
-497
-551
-582
-587
-573
-552
-535
-508
-440
-379
-340
-313
-283
-264
-244
-202
-183
-169
-164
-177
-161
-145
-127
-117
-97
-65
-47
-23
-15
8
51
68
82
92
94
93
102
110
101
88
86
68
44
38
26
-11
-39
-39
-53
-82
-90
-108
-116
-127
-137
-148
-158
-166
-173
-185
-173
-166
-176
-186
-151
-122
-116
-83
-74
-48
-23
-32
-47
-37
-21
-32
-54
-45
-47
-57
-71
-80
-82
-88
-84
-73
-67
-67
-62
-44
-38
-48
-61
-56
-35
-22
-25
-47
-86
-100
-98
-88
-87
-82
-76
-69
-56
-44
-22
8
21
36
32
38
30
32
44
44
52
51
37
13
4
15
25
49
46
46
58
80
94
91
99
100
98
104
109
103
95
98
102
76
47
32
30
43
65
77
82
103
120
122
126
125
127
127
133
113
99
98
88
73
75
90
85
67
45
33
44
43
56
40
39
54
58
43
42
55
58
58
56
39
36
20
19
4
-22
-22
-7
-2
-6
1
2
-10
-1
-5
0
8
10
16
13
6
2
1
-19
-35
-50
-56
-44
-40
-52
-46
-29
-21
-23
-29
-26
-10
-25
-21
-40
-50
-53
-76
-70
-66
-65
-49
-54
-32
-27
-28
-21
-8
-5
-9
-17
-19
-29
-47
-75
-82
-82
-69
-57
-65
-78
-72
-71
-83
-83
-63
-67
-67
-75
-82
-73
-82
-89
-86
-94
-98
-97
-111
-113
-115
-102
-126
-132
-116
-106
-87
-84
-94
-92
-80
-77
-96
-104
-111
-127
-130
-142
-141
-147
-149
-140
-130
-117
-127
-122
-112
-98
-90
-84
-80
-98
-110
-107
-109
-107
-124
-156
-170
-166
-141
-138
-129
-119
-101
-91
-80
-64
-45
-55
-50
-44
-37
-43
-57
-65
-75
-83
-82
-85
-95
-86
-65
-81
-96
-88
-87
-69
-61
-52
-44
-54
-74
-80
-67
-54
-48
-46
-67
-72
-76
-81
-80
-72
-59
-43
-48
-53
-27
-21
-23
-14
-10
-15
-24
-18
-33
-38
-35
-40
-42
-44
-37
-22
-23
-37
-19
-26
-25
-7
-7
-18
-19
-19
-3
10
4
-15
-30
-29
-35
-35
-27
-25
-28
-41
-28
-10
-11
-7
-14
-5
-11
-10
-4
-8
-10
-15
-4
-5
-16
-31
-36
-16
4
12
9
-11
-19
-4
-2
0
10
17
0
-16
-34
-51
-53
-42
-39
-46
-41
-28
-34
-51
-45
-26
-26
-28
-39
-57
-67
-54
-47
-43
-45
-35
-21
-37
-42
-57
-56
-46
-35
-17
5
10
14
11
17
1
-3
10
10
20
12
8
2
29
41
32
34
35
48
45
46
40
27
15
10
6
15
21
29
22
9
32
60
54
28
9
8
3
9
10
4
-1
-9
-16
-36
-59
-53
-46
-42
-28
-26
-28
-36
-31
-34
-33
-12
-9
-16
-16
-10
-17
-28
-13
-22
-41
-55
-64
-64
-72
-73
-59
-32
-13
-6
-6
-18
-10
-3
2
4
11
4
-2
-3
-7
-11
-2
-12
-29
-25
-34
-46
-45
-61
-50
-28
-21
-13
-23
-27
-24
-20
-12
-17
-22
-30
-34
-47
-55
-36
-35
-21
-17
-28
-35
-23
-14
-11
3
0
-15
-6
-18
-23
-18
-29
-44
-52
-61
-55
-41
-26
-7
-5
2
11
5
-14
-8
-1
-1
-13
-10
8
6
-15
-16
-16
-14
-23
-21
-11
-15
-27
-35
-24
-4
8
17
15
14
3
-11
-8
-12
-7
-22
-30
-20
-9
-7
-16
-12
-6
7
20
24
31
39
28
4
-6
0
1
-5
-16
-20
-15
-27
-27
-26
-40
-40
-29
-19
-8
10
23
21
14
3
6
1
-5
-9
-7
-27
-37
-48
-36
-44
-58
-51
-50
-39
-11
2
-5
-2
7
7
0
8
12
28
19
9
-3
-34
-49
-45
-27
-28
-43
-40
-27
-16
-10
-6
3
-9
-4
18
18
4
-15
-24
-26
-27
-23
-47
-56
-47
-42
-33
-23
0
3
-5
-4
6
28
34
39
44
38
21
-6
-14
-33
-47
-44
-50
-41
-28
-23
-11
-1
18
23
17
17
9
4
-5
-18
-35
-42
-53
-54
-55
-74
-71
-68
-61
-59
-46
-35
-22
-15
-20
-4
7
-7
-11
-6
-25
-41
-43
-22
-16
-23
-33
-33
-37
-41
-41
-35
-25
-15
-9
-1
13
16
-2
-2
-11
-35
-35
-28
-16
-25
-23
-17
-8
2
5
0
-24
-26
-8
3
5
-10
-9
-7
-20
-16
-11
-7
2
5
6
-6
-24
-7
-1
-12
-23
-32
-44
-43
-31
-38
-38
-33
-43
-44
-40
-30
-21
-26
-18
-15
-32
-51
-50
-42
-52
-49
-60
-71
-70
-63
-42
-41
-40
-26
-21
-24
-23
-6
-6
-17
6
11
0
-43
-48
-29
-13
-24
-41
-39
-30
-21
-24
-17
-3
2
-4
-16
-17
-13
6
24
31
21
12
8
-3
-5
-21
-28
-28
-42
-40
-37
-43
-37
-21
-16
-12
-6
-3
9
21
4
1
2
-9
-25
-34
-37
-41
-52
-62
-47
-30
-28
-34
-25
-26
-20
-29
-17
-7
7
16
4
-11
-36
-40
-42
-50
-40
-45
-43
-40
-35
-28
-21
-10
-6
-23
-24
-33
-32
-33
-22
-25
-41
-55
-71
-84
-76
-71
-61
-64
-76
-74
-68
-56
-45
-21
-6
-9
-18
-36
-31
-43
-47
-50
-77
-74
-69
-79
-89
-91
-75
-53
-49
-63
-70
-41
-42
-32
-25
-19
-30
-45
-48
-46
-57
-60
-77
-68
-60
-73
-64
-73
-76
-71
-61
-48
-53
-52
-50
-70
-67
-49
-56
-72
-98
-115
-120
-98
-76
-67
-59
-49
-37
-35
-40
-49
-42
-27
-22
-13
-30
-47
-34
-6
-8
-5
-8
-9
1
6
4
7
17
21
34
47
62
81
79
82
80
81
80
84
91
88
84
79
62
58
55
56
80
90
95
77
57
77
84
87
78
79
88
84
70
56
60
42
23
28
35
26
3
2
4
12
36
47
51
42
45
53
29
22
6
11
17
22
19
5
2
23
28
34
33
32
24
39
42
35
38
52
38
16
-5
-11
-7
1
16
21
4
-4
-4
3
7
3
2
11
2
-2
15
13
12
12
3
-3
-7
1
2
-15
-5
12
24
20
16
16
23
34
22
7
-4
-23
-29
-33
-43
-37
-31
-20
-17
-14
-1
-10
-25
-21
-1
8
14
8
-4
-23
-30
-44
-35
-41
-36
-36
-36
-21
-23
-13
-12
-27
-12
-16
-24
-14
3
11
-9
-22
-33
-47
-54
-47
-30
-25
-22
-21
-15
-11
-8
-10
-16
-3
13
26
26
9
-1
7
-7
-18
-30
-30
-23
-18
-22
-23
-18
-6
-1
3
10
9
8
29
53
56
35
20
3
11
-13
-32
-33
-31
-37
-45
-41
-39
-20
-5
-12
-15
-8
19
39
36
37
38
37
21
10
1
-17
-17
-20
-18
-10
-10
-7
-6
6
10
14
22
19
14
17
24
26
29
32
47
30
13
-6
-9
-4
-6
2
6
4
25
30
43
31
28
47
55
57
33
27
20
2
-5
-12
-14
-27
-49
-40
-6
23
21
14
22
12
14
17
20
21
29
30
7
-5
-10
-10
-17
-15
1
1
-8
-18
-18
8
29
48
39
40
30
18
26
27
26
20
14
-4
-14
-14
-19
-18
-12
4
8
15
24
39
47
46
49
38
44
58
50
23
-2
3
8
4
-5
-16
-27
-31
-26
-12
-2
-1
-4
5
10
5
1
-6
-26
-33
-24
-20
-22
-35
-66
-86
-84
-71
-65
-56
-38
-20
-20
-36
-92
-126
-146
-170
-169
-150
-153
-155
-171
-170
-169
-161
-117
-98
-71
-59
-33
21
57
106
160
242
328
426
551
698
862
1028
1188
1328
1392
1403
1385
1306
1168
1123
1164
1276
1360
1362
1096
308
-1149
-3272
-6289
-9411
-10318
-9090
-6874
-4076
-930
2126
5232
8722
12537
16743
21631
24930
21599
11557
2596
-206
945
2908
3972
3503
-654
-9438
-16685
-12896
3999
20690
22928
14820
5376
-1523
-5484
-7339
-7923
-7864
-7519
-7082
-6602
-6091
-5538
-4960
-4351
-3742
-3189
-2672
-2161
-1678
-1235
-848
-503
-205
54
274
454
587
698
773
834
860
874
876
867
859
845
812
775
739
708
680
632
603
561
515
456
417
386
342
294
236
174
108
42
-9
-84
-135
-195
-270
-335
-425
-481
-488
-509
-538
-565
-575
-589
-595
-629
-663
-674
-666
-640
-604
-579
-532
-504
-471
-431
-387
-356
-325
-296
-280
-244
-212
-189
-176
-175
-171
-150
-141
-146
-156
-159
-155
-169
-179
-197
-229
-229
-242
-238
-241
-259
-272
-284
-277
-272
-265
-249
-246
-232
-229
-219
-207
-190
-175
-160
-130
-129
-122
-110
-121
-130
-129
-132
-142
-160
-157
-133
-130
-137
-140
-140
-129
-125
-140
-154
-154
-158
-165
-192
-193
-187
-194
-213
-235
-261
-288
-303
-319
-333
-361
-380
-391
-394
-413
-439
-447
-464
-501
-554
-592
-617
-636
-662
-704
-737
-757
-750
-740
-773
-784
-792
-800
-788
-779
-777
-777
-764
-734
-697
-667
-650
-619
-582
-546
-525
-511
-487
-455
-411
-341
-271
-194
-101
-24
47
92
115
136
153
186
219
255
297
315
314
286
223
168
146
154
174
193
173
140
109
84
112
96
79
79
77
105
145
180
218
251
305
335
409
507
601
676
705
719
740
762
801
833
826
839
880
867
805
727
684
684
682
611
511
426
367
319
244
159
42
-71
-165
-261
-352
-424
-494
-563
-634
-687
-741
-765
-774
-768
-750
-715
-661
-613
-572
-526
-501
-466
-438
-411
-384
-358
-321
-307
-289
-263
-224
-190
-181
-147
-129
-128
-108
-72
-43
-31
-24
-25
-11
1
-5
-19
-27
-49
-59
-65
-93
-122
-143
-163
-173
-173
-174
-197
-218
-223
-208
-218
-232
-227
-234
-229
-223
-218
-194
-158
-159
-163
-160
-145
-152
-147
-161
-171
-157
-140
-144
-170
-179
-168
-162
-161
-160
-145
-146
-154
-159
-167
-170
-183
-185
-182
-170
-160
-188
-188
-175
-168
-155
-138
-126
-135
-131
-140
-145
-145
-139
-161
-168
-165
-166
-176
-181
-166
-143
-124
-129
-127
-113
-104
-72
-70
-61
-47
-48
-52
-60
-48
-47
-55
-50
-50
-45
-38
-53
-45
-39
-28
-24
-21
-20
-31
-36
-19
1
2
1
5
-3
-1
5
-3
-11
-3
-1
9
10
3
2
5
28
37
35
39
45
62
62
57
53
47
35
19
4
-3
5
5
13
33
29
23
21
16
10
-4
10
1
-7
-1
-5
-18
-26
-20
-22
-36
-42
-39
-49
-46
-45
-38
-30
-30
-24
-30
-28
-47
-49
-51
-50
-52
-61
-53
-50
-71
-57
-48
-38
-26
-22
-7
-3
-13
-26
-38
-52
-47
-45
-46
-48
-51
-67
-57
-43
-28
-23
-18
-3
-12
-4
1
5
7
-11
-3
-13
-23
-42
-65
-61
-59
-59
-63
-60
-40
-31
-25
-6
-4
-9
-8
-8
-9
-42
-54
-49
-52
-42
-46
-42
-58
-77
-87
-88
-80
-78
-61
-53
-46
-35
-31
-27
-14
-13
-25
-31
-34
-36
-34
-45
-56
-61
-59
-49
-72
-98
-98
-66
-44
-47
-46
-16
-2
12
-2
-6
-2
-5
6
1
-28
-59
-74
-70
-64
-49
-31
-46
-54
-45
-28
-25
-36
-20
-1
20
27
37
48
41
25
6
-3
-13
-22
-22
-3
6
18
19
20
7
18
38
37
37
27
33
31
18
24
27
26
18
10
8
-15
-20
-44
-32
-2
8
10
-4
8
21
29
27
25
26
30
21
12
3
-6
-4
-8
-4
-5
0
17
19
22
42
61
71
62
37
29
40
44
43
21
-13
-18
-2
11
10
8
46
57
50
44
56
76
73
70
67
63
55
44
53
46
38
33
14
1
-3
-4
4
0
0
2
0
15
20
26
32
34
24
-1
-15
-18
-24
-26
-43
-43
-53
-47
-25
-43
-46
-33
-14
-2
-9
2
-1
4
6
9
24
12
15
23
8
-15
-17
-7
-22
-36
-42
-52
-36
-19
1
-3
-9
5
22
20
20
-2
-10
6
15
8
-11
-26
-51
-59
-46
-38
-53
-54
-46
-54
-55
-43
-39
-41
-41
-37
-36
-31
-10
-13
15
36
33
20
-5
-16
-19
-28
-44
-58
-50
-47
-53
-49
-45
-28
-18
-7
3
0
3
0
15
17
30
27
6
-3
3
-6
-20
-18
-25
-30
-31
-23
4
19
-2
0
20
17
-3
-11
-2
13
5
-2
0
0
-10
-1
11
5
6
9
6
10
7
14
20
23
24
28
27
16
8
8
-5
-6
-11
-13
-5
4
22
27
28
23
17
26
34
33
8
-3
-12
-14
-8
-13
-10
-28
-37
-30
-27
-14
6
9
35
29
24
42
24
-6
-18
-25
-28
-27
-43
-54
-47
-55
-61
-38
-35
-26
-3
5
17
19
11
3
8
10
-8
-4
-16
-17
-19
-34
-39
-48
-41
-30
-19
-6
3
3
-5
7
22
22
5
-10
-18
-27
-35
-43
-41
-34
-21
-25
-21
-8
-5
-4
3
24
24
18
17
6
0
-7
-19
-34
-34
-24
-19
-30
-24
-25
-6
6
-4
2
4
0
-18
-2
7
3
-21
-54
-70
-72
-68
-52
-55
-69
-63
-46
-26
-8
5
9
19
10
-2
-11
-22
-21
-4
-6
-15
-11
-14
-20
-19
-25
-38
-38
-27
-28
-19
-9
13
22
21
16
12
0
-24
-39
-34
-36
-26
-14
-13
-16
-23
-13
-22
-18
0
2
1
6
2
-16
-24
-26
-29
-26
-27
-33
-43
-34
-21
-13
-7
3
-3
-6
11
18
5
-17
-22
-37
-50
-57
-74
-78
-52
-32
-33
-35
-26
-32
-16
-21
-25
-12
13
0
-15
-18
-22
-20
-24
-36
-49
-50
-56
-49
-52
-56
-27
-15
2
-2
-7
10
7
-4
-12
-29
-33
-37
-39
-40
-44
-48
-53
-48
-17
6
-2
-4
15
24
22
4
-13
-13
-25
-26
-23
-25
-18
-35
-36
-24
-17
-1
3
8
5
5
-2
-3
-5
-11
-16
-29
-42
-33
-33
-41
-49
-37
-43
-64
-50
-36
-18
4
7
6
-3
-8
-10
-23
-29
-43
-56
-54
-60
-56
-48
-19
5
11
-11
-16
-14
1
9
8
12
13
6
6
-10
-16
-25
-27
-26
-22
-23
-22
-21
-38
-47
-37
-15
-8
5
18
20
11
-4
-8
-25
-34
-33
-29
-30
-42
-50
-49
-33
-23
-30
-20
-10
-5
-5
1
5
2
7
4
-2
0
-13
-32
-39
-43
-38
-49
-77
-66
-46
-19
-10
-9
0
14
26
18
13
5
-2
-12
-19
-24
-33
-39
-42
-60
-67
-50
-49
-40
-32
-34
-19
-14
-23
-37
-30
-21
-26
-40
-55
-73
-75
-75
-68
-78
-80
-87
-91
-88
-94
-78
-49
-41
-36
-52
-48
-63
-84
-86
-101
-113
-114
-110
-106
-95
-88
-96
-99
-76
-63
-69
-68
-59
-59
-46
-56
-46
-40
-44
-57
-77
-94
-91
-81
-88
-93
-84
-76
-84
-81
-78
-58
-44
-30
-30
-43
-48
-52
-56
-58
-79
-87
-100
-126
-134
-131
-116
-107
-101
-89
-77
-62
-48
-40
-31
-33
-36
-23
-18
-28
-48
-40
-34
-45
-44
-50
-47
-37
-43
-49
-43
-50
-37
-7
1
0
1
-1
16
10
19
28
6
12
26
26
35
18
24
21
7
6
19
33
28
21
40
53
69
75
82
79
71
69
58
45
31
28
25
39
49
59
52
35
28
37
50
62
68
71
74
61
46
55
59
52
30
11
4
1
4
-2
-4
9
30
45
61
66
60
41
49
51
52
23
13
17
7
14
22
29
4
-14
-14
-1
18
43
43
46
29
20
14
12
8
-4
-8
2
9
8
1
14
28
38
44
28
18
30
23
15
1
-5
-12
-21
-25
-21
-27
-46
-48
-33
-5
7
8
18
20
21
13
-4
-8
-12
-14
-15
-32
-26
-31
-20
-6
-11
-3
-1
8
27
30
23
3
-23
-17
-7
-9
-21
-17
-23
-28
-37
-43
-39
-40
-40
-40
-36
-23
-9
-3
27
26
32
32
10
-6
-20
-12
-9
-23
-41
-54
-42
-26
-15
-20
-19
-11
-5
-3
-12
-5
-4
4
21
22
19
11
-1
0
-23
-36
-31
-17
-18
-23
-15
-2
4
17
16
14
