0
20
23
22
22
31
44
69
71
55
46
48
33
24
16
2
-10
-4
4
-10
-34
-43
-45
-49
-35
-32
-33
-16
-18
-36
-40
-30
-25
-17
10
25
35
71
93
115
158
187
205
213
215
208
213
215
220
231
250
257
275
296
315
313
292
277
262
281
318
341
343
334
343
374
404
464
531
570
591
600
550
439
279
125
-13
-132
-226
-320
-407
-500
-574
-572
-517
-461
-406
-384
-150
401
1165
2300
3724
5152
5862
5798
5167
2985
-3316
-15994
-29616
-33026
-25950
-17974
-13552
-11570
-10161
-6951
-3896
-3119
-2806
-5164
-9242
-12601
-15364
-17897
-20687
-22607
-20887
-13041
437
15784
28470
36275
39853
40479
38752
35334
30726
25823
21135
16704
12218
7786
3727
226
-2722
-4992
-6322
-6898
-7025
-6867
-6539
-6100
-5645
-5163
-4659
-4165
-3688
-3231
-2819
-2462
-2183
-1961
-1774
-1586
-1428
-1281
-1109
-964
-847
-761
-658
-556
-471
-391
-321
-254
-177
-98
-43
3
72
113
144
173
180
197
217
223
238
248
252
264
262
236
200
188
192
184
139
92
68
29
-1
-18
-41
-39
-57
-76
-111
-136
-140
-142
-164
-185
-197
-209
-204
-186
-187
-186
-153
-132
-113
-117
-103
-78
-69
-50
-35
-17
2
3
21
18
0
-10
-16
-9
-9
-5
-13
-7
9
12
19
22
33
27
12
16
7
4
15
12
5
13
5
-7
-8
-2
13
22
23
25
36
48
58
56
54
61
39
12
14
12
3
1
1
-15
-16
-22
-11
8
13
25
56
69
76
80
97
111
106
130
166
195
197
178
193
200
205
198
206
200
184
157
149
153
146
145
158
168
172
175
183
196
196
196
200
213
203
160
118
88
53
40
28
19
12
2
4
27
58
83
121
166
204
260
303
345
374
396
436
450
452
450
448
465
502
542
575
632
687
748
797
811
761
701
622
520
434
357
277
179
66
-59
-191
-281
-308
-253
-192
-198
-250
-325
-377
-368
-337
-323
-333
-372
-431
-453
-470
-507
-492
-494
-478
-451
-458
-497
-568
-658
-704
-709
-686
-653
-585
-549
-499
-439
-393
-348
-361
-425
-464
-463
-454
-408
-344
-288
-239
-186
-163
-171
-175
-189
-204
-205
-167
-130
-78
-16
31
83
124
142
142
140
148
144
126
107
111
123
125
120
112
129
147
147
132
111
85
94
107
96
72
57
39
17
4
-17
-37
-36
-37
-44
-73
-74
-77
-76
-62
-69
-70
-55
-41
-39
-50
-42
-15
-6
16
21
33
57
74
74
78
97
111
117
106
113
114
124
140
151
150
142
123
130
125
115
120
125
116
108
107
99
82
77
80
84
90
92
118
116
113
117
117
114
110
96
78
63
62
36
28
15
10
17
4
2
25
50
65
53
65
66
58
65
61
73
97
106
105
93
95
70
49
42
21
11
16
15
8
11
23
35
48
43
21
43
42
39
37
36
38
23
6
-5
-8
-6
-10
-8
-2
-2
-8
-6
10
16
23
36
12
-1
-11
-7
-14
-20
-25
-42
-49
-35
-15
-15
-29
-11
-5
-5
10
23
35
38
36
28
28
31
24
6
-16
-24
-12
1
1
0
1
8
-4
8
29
37
41
52
57
38
33
37
28
12
8
-1
-4
10
27
36
42
45
45
56
63
65
77
71
58
41
42
34
28
30
34
23
20
7
-2
-16
10
32
36
45
43
47
61
78
77
82
91
80
67
61
42
33
28
29
33
44
54
40
32
36
52
55
71
72
64
59
67
69
71
69
65
57
44
44
35
36
51
73
88
69
57
96
100
99
84
78
67
59
55
74
81
67
63
54
31
38
29
21
32
38
56
71
76
76
62
60
59
57
48
24
16
23
34
23
21
35
41
46
47
58
67
72
73
51
41
48
40
44
45
39
30
28
16
7
14
19
6
23
13
3
18
28
34
39
29
27
27
18
6
-4
12
13
10
-8
-22
-34
-45
-35
-34
-28
-5
6
4
4
18
16
1
-2
-9
-18
-18
-33
-49
-44
-29
-31
-40
-51
-58
-66
-73
-71
-60
-55
-30
-14
-22
-22
-24
-25
-17
-23
-28
-21
-26
-55
-57
-57
-60
-45
-39
-34
-36
-50
-53
-40
-25
-27
-35
-20
-23
-28
-36
-35
-25
-28
-47
-71
-77
-66
-67
-72
-70
-74
-80
-71
-52
-66
-71
-70
-77
-95
-99
-84
-86
-98
-108
-110
-102
-94
-88
-86
-78
-78
-78
-63
-52
-70
-79
-81
-82
-88
-92
-86
-91
-85
-77
-77
-72
-60
-56
-48
-34
-37
-48
-45
-57
-55
-28
-29
-30
-41
-38
-40
-48
-34
-27
-30
-18
-7
-2
9
23
32
24
14
1
-7
-17
-15
-4
-13
-29
-38
-31
-15
-8
8
16
22
13
-3
8
14
31
23
23
29
16
1
-11
-4
-11
-20
-7
-2
-7
10
10
7
12
26
33
20
11
-10
-3
17
4
19
19
11
-1
-4
7
3
12
31
48
47
37
37
39
38
29
18
10
11
8
-1
-19
-11
9
11
15
21
49
49
41
44
54
41
17
0
-7
15
28
16
11
9
-6
-5
9
13
3
-1
-9
-9
-5
14
24
31
41
51
43
29
41
31
17
6
-5
-11
4
17
15
26
37
32
27
28
38
42
60
65
52
47
38
23
17
9
14
-2
-11
-25
-36
-43
-34
-16
-14
-12
7
4
16
28
29
38
40
36
12
19
25
-1
-8
-3
-14
-21
-7
17
6
-4
14
13
20
31
43
57
52
36
31
24
16
12
11
3
14
27
5
-11
-9
3
25
37
34
30
37
35
37
34
26
16
1
2
7
20
17
8
8
13
16
27
27
18
27
45
49
59
58
37
19
14
17
8
-2
-13
-6
6
6
13
36
54
40
41
48
45
42
37
36
34
26
20
29
29
19
15
26
21
19
28
35
47
46
55
64
56
42
38
38
21
4
1
10
23
34
41
33
29
30
25
29
32
35
39
19
25
36
45
19
5
-9
-18
-8
-7
7
26
38
43
32
47
46
37
37
31
32
40
43
30
15
16
4
-9
-4
-3
5
9
15
30
29
36
44
50
58
53
48
45
58
65
55
41
23
20
17
12
9
7
8
23
36
39
43
44
31
11
38
57
59
47
52
52
36
25
21
26
27
6
-6
1
9
20
15
28
27
36
49
63
78
66
49
38
35
34
20
5
1
11
6
-10
-2
13
23
25
18
39
57
56
48
47
47
47
42
24
8
-5
8
8
3
-1
-1
4
33
46
33
43
39
32
23
32
34
24
25
27
5
7
12
19
26
41
35
30
44
44
45
50
63
64
54
39
37
29
9
-6
4
3
-3
10
-7
-12
-13
-5
4
22
38
53
50
42
20
11
16
25
27
20
13
10
8
4
8
14
15
29
46
46
56
42
36
28
30
27
37
39
23
17
28
22
9
-10
-10
-1
4
29
34
27
34
39
50
37
30
34
29
16
4
3
20
24
24
31
23
24
20
24
32
47
44
51
54
62
70
64
38
20
6
-6
10
10
4
0
11
24
44
52
49
55
48
64
56
53
51
44
24
1
-10
-6
-10
-1
5
8
-4
-2
17
27
35
51
62
59
44
35
17
18
33
20
3
-3
2
-16
-16
-11
-20
-20
-18
-12
14
33
45
38
46
47
38
24
-5
-17
-11
-29
-26
-24
-13
0
3
9
9
3
-4
4
14
7
14
9
-6
5
11
6
6
-3
11
0
-5
5
15
25
22
19
22
19
7
2
-1
-15
-24
-11
-1
0
-4
-3
12
22
31
18
25
28
15
7
-1
-11
-30
-35
-31
-35
-40
-40
-36
-29
-23
-1
-2
1
-4
-9
15
8
2
3
-22
-30
-37
-49
-59
-44
-25
-21
-24
-14
-8
-11
-14
-1
2
-14
-25
-31
-29
-23
-29
-38
-47
-40
-52
-55
-35
-36
-30
-16
-14
-27
-28
-19
-20
-25
-27
-38
-54
-56
-51
-49
-39
-31
-20
-17
-1
5
2
6
0
-27
-22
-24
-31
-45
-58
-64
-65
-44
-30
-34
-28
-21
-27
-27
-26
-13
19
14
6
-7
-18
-18
-12
-27
-44
-50
-40
-44
-51
-52
-47
-50
-51
-46
-41
-32
-22
-12
-13
-28
-35
-43
-31
-24
-38
-42
-63
-75
-72
-54
-45
-39
-19
-8
-12
7
7
-18
-19
-16
-25
-34
-36
-35
-30
-15
-9
-16
-27
-19
-32
-34
-25
-23
-32
-13
-14
-15
-21
-21
-36
-29
-25
-27
-42
-40
-37
-23
-10
-8
-11
-28
-35
-47
-35
-28
-32
-38
-39
-18
-19
-13
-11
-11
-9
-6
0
-7
-23
-33
-30
-46
-53
-51
-25
-29
-25
-31
-24
-28
-23
-12
-6
4
19
28
21
0
4
12
3
-17
-39
-48
-56
-67
-77
-68
-42
-43
-40
-42
-52
-36
-23
-19
-14
-4
-5
-18
-10
4
-1
-2
-16
-31
-27
-19
-17
-29
-34
-42
-38
-24
-23
-26
-21
-10
-3
-1
-2
-15
-4
13
7
5
-15
-19
-26
-36
-33
-27
-30
-18
-1
4
-4
12
28
36
29
16
4
23
23
8
0
-9
-38
-49
-50
-48
-40
-42
-38
-33
-20
0
22
31
29
25
31
17
18
2
-1
5
1
12
14
-4
-8
-20
-16
-11
1
1
-4
27
43
32
38
33
26
12
11
-1
-15
-19
-28
-30
-23
-22
-19
-27
-6
6
5
-9
-15
-6
5
2
-2
-3
8
13
2
7
-2
-24
-26
-19
-6
6
15
0
1
16
9
15
26
22
13
20
8
-3
6
10
0
-4
5
-5
-8
-14
-13
-7
14
20
18
38
50
41
27
22
28
38
36
33
24
12
4
-12
-29
-25
-35
-35
-13
-14
-17
4
11
27
49
63
65
49
46
31
17
21
9
-10
-22
-19
-24
-11
-12
-8
4
-1
6
15
13
4
0
7
19
24
27
33
27
-3
-10
3
10
10
-3
-4
3
24
25
9
25
24
16
10
2
3
21
20
-2
-18
-17
-13
-21
-20
-35
-32
-25
-24
-31
-34
-4
39
71
89
94
121
154
179
178
184
196
218
233
229
236
245
259
286
290
298
309
306
318
340
354
388
426
450
446
444
435
448
513
591
641
663
674
662
576
407
208
23
-126
-250
-388
-516
-661
-794
-885
-858
-787
-732
-706
-567
0
796
1905
3323
4822
5748
5728
4702
1484
-5297
-16976
-28649
-30872
-23957
-16623
-13488
-13075
-12847
-9721
-5830
-3682
-2598
-4400
-7853
-11062
-14201
-17433
-20486
-21630
-17488
-6320
9005
23513
33564
38714
40374
39538
36642
32423
27429
22381
17679
13391
9213
5135
1507
-1569
-4107
-5982
-6993
-7295
-7162
-6841
-6440
-5931
-5430
-4934
-4434
-3951
-3491
-3055
-2667
-2339
-2080
-1845
-1659
-1492
-1335
-1190
-1040
-901
-788
-729
-648
-577
-488
-388
-312
-241
-159
-95
-38
23
83
145
183
200
206
217
231
231
228
228
248
239
214
177
151
137
117
117
103
57
30
24
-11
-34
-48
-74
-89
-105
-119
-123
-128
-143
-148
-148
-163
-174
-179
-182
-184
-181
-167
-157
-130
-101
-72
-46
-20
-15
-26
-24
-13
-17
-11
-4
-1
2
-6
-32
-36
-27
1
2
-3
-3
4
16
16
32
21
32
31
20
13
-3
0
-10
-8
0
-1
3
3
-7
9
-2
-9
12
20
28
28
38
44
27
20
20
11
14
10
19
26
36
43
52
67
89
91
75
77
79
94
118
131
150
155
174
193
211
207
200
199
207
215
206
193
182
193
193
190
184
202
210
206
218
221
211
212
200
204
188
179
147
117
106
82
70
65
67
82
77
90
113
152
199
234
269
331
380
413
433
456
471
471
487
497
521
556
585
591
622
693
766
823
853
840
791
716
628
543
465
378
271
154
19
-137
-219
-269
-281
-259
-190
-187
-261
-330
-370
-367
-351
-347
-358
-420
-458
-475
-490
-489
-506
-507
-472
-455
-483
-531
-609
-692
-723
-701
-670
-619
-563
-532
-497
-450
-397
-390
-440
-486
-502
-512
-486
-429
-371
-311
-256
-225
-199
-199
-233
-240
-224
-206
-164
-125
-68
-21
38
83
119
149
147
160
156
170
175
177
171
157
133
119
118
126
122
114
109
96
92
91
103
112
102
85
57
28
-20
-27
-16
-29
-45
-34
-27
-42
-48
-52
-73
-86
-81
-82
-66
-40
-12
11
12
17
27
48
66
76
70
74
102
113
127
131
128
122
114
114
116
132
139
134
125
114
102
114
117
108
101
104
117
101
99
95
118
141
149
150
144
140
121
103
96
85
81
69
47
56
56
37
22
20
48
50
50
65
82
96
94
100
86
83
83
71
74
63
41
54
56
55
33
31
34
35
45
33
30
52
43
29
14
11
18
22
28
23
14
25
17
18
0
12
16
6
3
8
23
20
15
22
31
28
17
9
-1
3
14
15
14
14
15
26
25
24
7
-6
-7
-13
-22
-24
0
26
32
27
28
23
36
35
21
3
15
11
-6
-1
-5
-5
1
9
7
13
17
16
19
23
26
8
19
32
31
6
21
17
6
1
-2
-4
10
30
28
22
38
39
39
36
37
46
54
43
34
33
34
38
34
15
19
32
41
49
58
60
65
59
66
69
63
47
54
62
44
47
49
37
41
52
52
56
54
67
62
76
91
94
84
76
71
74
89
82
50
41
39
34
32
11
2
5
13
5
19
58
72
71
77
79
91
82
67
68
74
75
74
62
52
38
39
51
44
38
52
72
64
64
68
67
67
63
60
51
42
58
44
43
55
62
61
56
62
69
71
57
44
50
63
63
66
52
54
40
32
29
23
10
1
27
39
52
62
45
31
32
34
30
21
4
1
-3
-5
9
6
0
16
6
1
17
30
27
35
44
20
-13
-23
-22
-29
-29
-27
-21
-32
-32
-17
-13
-15
-9
-13
-2
1
-12
-29
-35
-31
-41
-50
-46
-44
-25
-28
-24
-31
-23
-15
-26
-30
-34
-37
-19
-26
-34
-37
-37
-38
-51
-58
-59
-57
-43
-52
-63
-53
-35
-35
-30
-39
-35
-28
-34
-44
-56
-65
-72
-90
-91
-86
-89
-81
-91
-91
-93
-74
-55
-54
-49
-41
-30
-26
-29
-49
-75
-81
-76
-90
-100
-97
-88
-78
-80
-92
-83
-68
-77
-78
-58
-49
-53
-69
-86
-76
-65
-62
-72
-70
-67
-91
-94
-92
-96
-86
-81
-81
-80
-59
-29
-22
-19
-2
2
-13
-31
-37
-35
-28
-25
-25
-22
-24
-18
-34
-34
-18
-16
-9
-5
-5
-7
-9
-6
-35
-36
-36
-44
-39
-38
-39
-28
-19
-24
-22
-13
-2
-3
-9
-11
-9
-5
-16
-30
-32
-13
-10
-25
-17
-15
-22
-28
-25
-18
-8
-8
-13
-17
-12
-18
-2
0
-21
-43
-50
-48
-51
-34
-28
-31
-13
-7
-9
-16
-26
-26
-21
-30
-31
-30
-28
-32
-33
-51
-51
-44
-41
-36
-56
-57
-52
-37
-20
-7
1
-4
-3
-11
-27
-28
-20
-33
-43
-46
-30
-23
-21
-6
-6
-1
-6
-14
-18
-4
9
0
-7
-16
-17
-22
-34
-38
-46
-37
-24
-20
-3
15
16
18
18
8
0
7
14
14
0
-23
-52
-62
-55
-36
-27
-20
-27
-31
-24
-7
14
13
14
20
25
21
16
13
12
-13
-24
-16
-32
-43
-49
-35
-13
-13
-17
-4
6
21
28
32
20
18
-1
-10
-17
-26
-13
-11
-20
-27
-36
-32
-37
-28
-22
-8
20
16
21
22
28
28
12
13
-5
-27
-17
-8
-15
-28
-13
-6
-15
-17
-15
-5
8
10
22
29
27
16
5
15
18
21
27
-2
-20
-20
-20
-27
-1
19
22
29
37
39
41
37
26
14
17
31
33
29
15
15
5
-17
-21
-28
-17
-9
-10
9
17
39
44
43
40
39
35
17
10
17
3
-7
-2
20
27
8
6
12
23
31
41
49
50
47
59
61
59
34
33
34
23
1
-9
-12
-21
-32
-35
-19
2
16
21
15
27
39
44
46
60
54
46
36
34
21
13
18
4
-2
-8
-11
9
26
32
48
56
56
50
48
51
50
52
43
25
1
7
15
11
3
-8
1
10
11
21
30
35
45
55
52
50
46
40
26
16
7
12
13
14
-6
-6
20
47
58
49
40
35
30
30
28
30
36
34
17
1
4
11
9
20
5
14
37
32
28
34
41
48
47
36
33
28
30
14
12
22
26
10
-3
2
0
8
24
30
37
52
52
54
57
53
29
29
21
18
13
-4
-7
-9
-2
18
21
32
53
55
62
62
62
64
49
32
25
35
40
25
11
16
10
3
25
29
25
30
27
44
41
60
72
66
73
61
43
30
5
-11
-9
-5
-1
9
23
34
31
22
38
59
67
69
61
59
52
58
66
68
47
32
30
18
10
13
25
17
21
32
40
38
55
64
52
46
34
18
28
30
27
10
14
15
13
23
34
22
10
0
23
39
44
54
53
64
57
49
50
44
22
2
9
15
15
4
-2
8
24
45
69
80
75
67
64
62
61
51
46
40
37
42
36
28
21
16
8
8
8
9
11
28
49
59
54
50
60
71
54
39
19
25
39
38
29
17
13
20
5
4
13
34
36
44
62
63
73
71
57
47
39
42
40
19
21
22
29
27
32
43
33
33
55
60
54
42
45
65
78
67
63
61
14
4
10
7
10
4
-9
-14
-19
-4
10
26
30
40
46
27
24
-1
7
15
6
7
-1
3
4
-5
-6
-1
22
15
14
23
15
14
27
29
15
-7
-15
-20
-25
-28
-31
-21
-10
5
8
0
-5
4
9
3
-4
-17
-26
-44
-46
-44
-52
-47
-30
-20
-28
-20
-36
-31
-15
5
4
-3
-3
-8
-18
-24
-37
-40
-49
-48
-40
-24
-3
2
-14
-22
-22
-27
-54
-42
-28
-16
-20
-31
-20
-18
-29
-33
-30
-26
-36
-36
-40
-46
-33
-22
-17
-5
-5
-3
-9
-7
-22
-29
-24
-44
-50
-41
-33
-36
-40
-29
-11
-21
-27
-27
-15
5
9
-1
-7
-5
-23
-24
-22
-38
-54
-63
-49
-43
-49
-47
-42
-30
-22
-9
11
4
1
-6
-19
-14
-17
-25
-34
-39
-50
-67
-59
-56
-62
-64
-56
-65
-66
-46
-19
-18
-4
-1
-1
3
-7
-12
-30
-34
-28
-18
-19
-31
-42
-39
-37
-40
-45
-49
-36
-16
-14
-13
-3
-4
0
0
-14
-15
-21
-33
-41
-38
-34
-43
-57
-55
-45
-46
-59
-56
-45
-24
-1
-9
-26
-22
-17
-24
-32
-24
-30
-24
-24
-26
-30
-23
-25
-34
-37
-34
-28
-24
-9
7
20
30
25
14
-6
-10
-11
-2
-12
-21
-28
-31
-37
-47
-39
-13
3
14
19
12
23
15
1
3
20
30
28
32
25
17
14
1
-5
-15
-9
-12
-11
-6
11
33
40
38
23
28
36
28
31
43
37
16
5
3
6
7
12
-2
-8
-16
-26
-9
8
7
-3
12
28
29
27
19
1
-1
-17
-20
-19
-17
-8
-1
4
-1
19
44
41
50
50
52
60
76
60
38
25
27
10
13
4
13
13
8
15
13
11
21
35
38
35
35
44
43
38
23
15
6
-11
-25
-28
-30
-20
-11
-10
-5
17
23
16
4
3
23
27
30
23
29
27
27
31
8
15
20
25
30
27
33
59
52
47
50
49
33
37
36
27
18
21
18
13
14
16
3
7
-1
-24
-32
-35
-20
3
1
-2
3
3
8
33
59
75
90
110
152
168
168
165
157
160
182
175
185
198
209
231
248
266
283
281
279
283
315
345
386
396
376
353
346
367
431
475
513
555
585
553
497
410
289
145
15
-106
-194
-300
-421
-565
-633
-595
-502
-408
-354
-314
-166
300
999
1998
3342
4893
6209
7047
7557
7327
5182
-1126
-12790
-23442
-24136
-21790
-23925
-29307
-36330
-42440
-41818
-33060
-20993
-11264
-8809
-11391
-14165
-15267
-14627
-10530
-1568
11546
25143
35229
40855
42943
42369
40140
37009
33196
29260
25222
20370
15128
9899
4987
771
-2381
-4193
-5030
-5388
-5459
-5312
-5159
-5029
-4835
-4538
-4179
-3772
-3361
-3025
-2767
-2574
-2415
-2263
-2109
-1929
-1772
-1616
-1493
-1373
-1235
-1087
-949
-821
-695
-579
-469
-349
-264
-184
-93
-12
52
115
182
241
279
308
330
357
372
391
402
394
389
371
363
360
340
316
292
265
246
216
172
145
125
93
44
30
13
-5
-20
-49
-51
-42
-47
-59
-70
-53
-47
-37
-4
16
32
42
47
56
58
48
41
75
89
100
119
110
103
102
110
96
91
90
108
107
107
96
102
95
105
100
95
115
124
142
142
127
121
120
137
124
109
120
114
94
84
82
78
65
65
61
55
70
76
82
87
91
91
89
91
78
74
74
87
86
93
110
101
102
100
92
106
120
126
151
172
173
163
178
197
213
219
204
192
199
190
187
167
165
143
110
94
98
106
105
100
88
66
66
54
52
61
36
2
2
-5
-19
-36
-38
-44
-49
-48
-29
-3
46
82
118
183
242
291
351
394
403
392
386
404
418
457
494
519
574
632
689
740
770
760
720
665
614
562
521
442
339
240
127
13
-121
-211
-223
-193
-171
-209
-290
-346
-375
-380
-399
-392
-414
-456
-477
-473
-455
-440
-443
-426
-360
-322
-362
-424
-492
-550
-540
-484
-439
-414
-388
-354
-305
-277
-267
-269
-283
-310
-338
-378
-345
-269
-196
-155
-133
-106
-97
-105
-120
-153
-146
-98
-49
-7
18
14
24
16
2
-7
7
7
9
24
21
16
32
46
68
62
83
104
124
141
144
130
125
118
110
114
128
122
107
86
71
62
42
28
21
10
11
11
6
-7
-22
-14
-11
2
2
14
39
47
54
49
56
58
74
74
78
77
76
71
79
79
85
92
80
81
84
107
126
142
154
142
151
166
151
150
143
130
128
124
106
103
116
136
134
120
114
122
121
127
125
110
105
104
99
85
85
79
79
80
70
49
58
74
77
69
56
67
68
60
57
49
47
38
27
17
13
11
5
6
1
20
38
30
42
34
18
4
8
14
-5
-19
-9
-25
-40
-53
-46
-43
-38
-32
-40
-35
-21
-20
-9
-4
-6
-24
-39
-41
-41
-47
-41
-49
-66
-84
-86
-79
-76
-74
-79
-66
-46
-36
-38
-30
-13
-11
-17
-21
-29
-30
-46
-71
-93
-90
-82
-96
-105
-101
-94
-97
-100
-86
-79
-46
-27
-36
-33
-39
-31
-24
-35
-34
-53
-71
-62
-65
-69
-68
-59
-38
-27
-30
-35
-32
-38
-29
-11
-2
-3
1
9
-1
-9
-16
-45
-52
-49
-70
-80
-72
-46
-28
-23
-5
-2
7
22
28
22
5
7
5
4
22
27
31
13
-3
-13
-25
-11
-9
-5
12
4
23
23
17
31
26
27
33
38
22
17
22
19
17
7
-1
-6
-19
-16
-15
-3
13
15
30
32
35
32
31
37
38
36
26
17
18
3
5
11
17
12
0
3
12
16
22
16
13
6
10
1
-2
16
25
35
29
24
15
9
22
27
15
0
-10
-17
-10
-9
-6
3
19
36
43
32
21
24
39
50
40
29
16
-1
-11
-9
-7
-8
-14
-33
-37
-30
-18
-13
-3
-3
-8
-6
-7
-9
0
5
-2
-8
-15
-24
-43
-41
-34
-40
-58
-57
-47
-32
-21
-19
-12
-4
-14
-22
-29
-29
-41
-51
-34
-33
-31
-35
-55
-59
-64
-70
-61
-63
-56
-53
-52
-24
-9
-21
-27
-23
-18
-17
-40
-50
-45
-58
-76
-74
-82
-82
-93
-87
-80
-63
-52
-59
-55
-45
-48
-54
-48
-42
-45
-57
-63
-69
-69
-87
-92
-92
-101
-89
-93
-92
-64
-50
-57
-67
-62
-60
-68
-69
-74
-86
-92
-74
-67
-69
-72
-72
-62
-62
-92
-94
-78
-74
-78
-74
-62
-56
-68
-60
-53
-46
-38
-46
-47
-65
-64
-73
-89
-98
-107
-109
-109
-105
-108
-103
-78
-45
-32
-50
-38
-23
-15
0
-1
-9
-23
-22
-24
-35
-52
-50
-54
-55
-55
-47
-35
-42
-39
-25
-18
-14
4
20
15
9
-1
-10
-34
-43
-42
-30
-39
-29
-29
-14
-22
-35
-21
-8
-1
-4
-17
-28
-9
-15
-25
-22
-27
-38
-45
-30
-15
-14
-30
-25
-17
-8
3
5
15
11
-4
-17
-29
-37
-51
-48
-36
-25
-8
-25
-24
-14
-9
-13
-22
-23
-15
-1
-13
-18
-20
-35
-47
-51
-47
-48
-43
-44
-28
-19
-18
-12
-9
-11
-26
-26
-26
-29
-29
-23
-29
-37
-36
-35
-34
-39
-31
-20
-20
-30
-25
-27
-19
-20
-9
-1
-8
-7
-24
-44
-39
-35
-44
-49
-49
-52
-43
-16
-6
0
-11
-12
0
4
5
0
4
-12
-21
-14
-10
-10
-18
-26
-33
-46
-42
-45
-31
-24
-7
18
21
18
19
14
10
11
16
5
-5
-9
-22
-25
-19
-11
-20
-28
-27
-17
-6
4
7
17
22
12
25
17
7
18
30
22
6
-3
-22
-34
-38
-49
-50
-35
-14
5
3
21
17
12
16
22
26
36
47
36
19
7
-5
-12
-19
-36
-51
-45
-31
-35
-24
-14
-2
17
28
35
40
39
39
31
30
29
28
36
39
13
-9
-7
2
-8
-2
2
13
18
29
57
67
60
66
71
67
46
40
40
33
10
6
6
-18
-33
-35
-30
-36
-36
-17
-5
4
23
37
32
20
15
27
26
15
4
10
1
-6
-20
-18
-5
0
0
11
10
20
19
24
60
58
57
55
59
41
32
38
36
11
5
5
-14
-17
-25
-17
-14
-5
20
37
36
24
26
39
46
50
40
42
38
32
20
15
15
8
-3
2
18
23
29
30
29
36
59
53
46
41
19
19
24
10
1
6
2
2
4
12
4
19
43
47
35
27
27
23
34
22
23
24
18
14
11
7
14
30
26
15
26
31
24
44
48
37
46
40
52
54
54
34
22
29
29
18
22
28
21
17
31
45
50
46
45
51
45
36
38
30
17
21
32
24
13
29
53
64
61
56
43
27
25
40
45
50
41
30
26
33
30
34
39
31
42
62
63
57
45
42
43
24
24
15
26
38
39
36
21
28
41
58
62
61
53
54
48
47
44
46
44
37
24
7
-2
5
9
5
10
13
9
12
20
28
48
63
66
58
56
57
55
49
36
11
14
15
16
17
6
6
20
23
21
33
36
36
35
40
55
50
46
57
54
51
50
36
10
11
19
20
36
49
36
37
56
53
59
63
67
85
94
81
69
56
48
57
44
24
15
1
7
17
22
39
44
46
47
55
68
70
82
86
82
85
72
64
34
26
33
45
38
38
28
20
27
49
50
50
44
33
48
42
36
36
36
27
23
28
29
21
6
-9
-5
3
17
31
26
27
25
28
49
56
51
47
54
39
15
18
8
3
-8
5
12
11
-10
-18
-2
8
7
19
21
23
54
49
48
42
18
11
17
21
10
4
5
-14
-18
-32
-12
7
11
9
22
32
44
49
35
18
13
-3
-6
-2
-19
-20
-17
-45
-73
-70
-56
-47
-41
-25
-13
-2
-7
12
2
-8
-31
-49
-35
-32
-42
-53
-56
-51
-42
-33
-31
-24
-4
-2
-8
-1
3
10
5
13
11
-15
-34
-40
-42
-38
-48
-39
-35
-10
7
19
32
7
-7
-2
-3
-1
-1
-6
-49
-51
-40
-49
-55
-53
-57
-62
-73
-63
-41
-37
-32
-15
-4
-3
-4
-1
0
-12
-27
-26
-31
-28
-39
-43
-35
-35
-31
-17
-11
-9
4
14
20
14
6
-7
-18
-26
-31
-28
-39
-44
-51
-56
-54
-50
-27
-17
-12
-6
-14
-7
-13
-25
-33
-34
-29
-41
-55
-61
-54
-49
-30
-16
-23
-36
-13
5
14
1
-3
4
-2
0
9
5
-13
-35
-49
-60
-78
-80
-74
-67
-68
-49
-23
-19
-11
-10
-10
-15
-19
-9
-17
-19
-18
-20
-14
-23
-33
-21
-30
-37
-48
-31
-12
-13
3
2
1
-10
-11
-12
-17
-23
-41
-37
-33
-44
-29
-22
-27
-35
-50
-55
-40
-38
-39
-43
-23
3
10
-4
-12
-3
-16
-31
-34
-32
-33
-38
-35
-35
-20
-6
-21
-17
1
14
25
34
29
2
-3
0
13
12
-10
-21
-7
-16
-16
-29
-41
-37
-35
-29
-23
-6
-9
-1
-8
-9
2
-1
-10
-4
2
9
3
-9
-7
-1
0
2
-11
-24
-7
11
22
37
36
44
52
54
53
48
29
16
2
4
-3
-14
-22
-21
-8
-1
3
8
28
35
36
39
34
33
25
20
20
9
-18
-30
-37
-38
-40
-46
-52
-55
-47
-31
-16
-10
4
25
21
20
29
28
40
43
40
27
15
14
12
4
-1
-9
-11
1
9
7
16
26
24
30
21
13
22
16
17
-7
-6
-15
-40
-46
-37
-24
-4
19
53
63
85
104
129
171
182
182
195
205
216
223
221
221
234
242
252
273
281
293
293
295
314
327
346
363
345
318
318
347
394
448
493
505
505
501
438
311
155
26
-68
-161
-257
-339
-438
-535
-572
-514
-421
-317
-233
-200
-22
422
1090
2058
3353
4829
5821
6102
5893
4777
479
-10250
-24897
-32268
-27066
-18528
-13976
-13245
-14375
-15398
-15981
-14809
-10836
-8607
-11022
-14606
-17192
-19014
-20511
-20944
-18362
-10516
2286
16885
29110
36707
40396
41217
39767
36580
32497
28118
23718
19087
13977
9044
4589
651
-2513
-4525
-5382
-5642
-5672
-5524
-5234
-4941
-4668
-4376
-4022
-3645
-3261
-2865
-2545
-2307
-2107
-1943
-1778
-1615
-1451
-1293
-1160
-1043
-933
-811
-696
-588
-489
-386
-289
-211
-142
-67
-16
44
120
164
189
217
255
273
296
310
302
302
303
284
268
263
269
253
231
203
171
150
132
120
98
77
57
32
4
-21
-55
-76
-88
-106
-122
-125
-129
-129
-117
-101
-108
-100
-82
-66
-63
-42
-27
-8
5
4
12
22
46
57
49
48
43
48
45
42
55
41
29
38
41
54
69
85
77
71
79
74
69
47
42
43
49
62
70
67
70
64
65
54
60
73
65
76
75
61
66
49
48
31
29
39
36
40
39
47
60
67
84
76
82
92
87
98
105
116
130
139
140
150
160
155
155
161
165
176
184
180
175
159
165
172
168
157
144
150
155
168
190
209
204
201
186
170
147
128
88
46
12
7
-1
-10
-11
-26
-40
-18
-2
28
35
64
115
174
228
267
292
333
364
379
370
387
409
439
481
508
544
633
704
759
780
768
704
640
577
505
430
339
251
147
15
-136
-271
-343
-349
-308
-271
-282
-354
-434
-465
-455
-431
-413
-428
-465
-485
-478
-481
-499
-494
-498
-497
-450
-439
-473
-528
-594
-619
-617
-588
-552
-518
-492
-438
-374
-315
-294
-313
-366
-374
-391
-374
-306
-249
-197
-143
-102
-76
-86
-101
-118
-117
-93
-64
-20
19
89
148
182
202
208
213
208
207
221
218
212
195
175
181
171
171
167
154
138
143
142
117
112
103
89
89
66
52
60
51
28
2
-26
-50
-44
-45
-62
-82
-76
-72
-58
-71
-58
-51
-34
-25
-23
-9
1
12
43
61
81
92
105
120
130
141
149
148
138
130
136
141
153
157
157
156
145
137
129
120
119
122
122
115
116
126
129
108
96
123
129
112
102
87
75
88
93
90
77
80
81
79
90
93
87
89
73
78
79
83
77
66
57
48
34
32
39
40
24
29
40
31
28
33
37
35
30
24
20
20
12
8
1
-7
-3
9
13
0
4
23
40
46
25
1
1
-8
-6
-8
0
2
-2
-6
-21
-37
-33
-21
-2
0
6
1
-17
-7
-15
-18
-18
-19
-12
-11
-11
-27
-46
-50
-41
-26
-10
-10
-10
-9
-5
-3
26
51
34
21
4
-5
-34
-41
-41
-49
-33
-11
-3
-12
-22
-8
-2
-3
-2
7
19
21
16
12
17
34
25
20
3
-3
-4
-13
3
21
26
28
30
31
32
35
32
31
27
30
19
-1
0
23
18
18
30
22
27
27
35
30
29
50
35
21
17
13
21
12
10
-3
-17
-12
-2
8
11
23
38
46
62
72
60
58
68
75
60
51
53
32
21
16
20
24
24
30
42
60
69
67
63
62
74
84
86
88
69
60
47
41
58
64
65
50
34
41
36
40
49
41
26
27
45
32
44
47
47
51
62
58
42
24
7
3
-5
-17
-25
-16
-3
10
19
34
33
32
38
43
47
44
25
24
25
10
2
-16
-18
-16
-10
2
8
14
6
18
18
-1
15
26
22
25
9
-14
-17
-24
-29
-28
-25
-42
-42
-21
-19
-17
-12
-3
-9
-13
-17
-13
-11
-13
-28
-40
-40
-33
-21
-28
-46
-50
-53
-63
-69
-52
-34
-36
-30
-24
-34
-44
-48
-46
-37
-57
-72
-70
-58
-55
-76
-83
-66
-67
-62
-58
-48
-54
-54
-38
-27
-27
-32
-44
-55
-67
-65
-72
-81
-71
-74
-73
-75
-80
-79
-66
-48
-51
-47
-48
-61
-57
-42
-32
-55
-76
-69
-88
-100
-105
-96
-82
-83
-90
-77
-56
-44
-49
-38
-30
-42
-53
-71
-89
-97
-88
-71
-68
-56
-61
-67
-70
-72
-66
-63
-42
-25
-25
-21
-37
-51
-47
-31
-34
-51
-56
-57
-59
-55
-42
-18
-3
-7
-23
-17
-3
1
-8
-9
-13
3
8
0
-9
-12
-1
-11
-7
-3
-3
1
1
8
26
31
19
-1
-11
-10
-17
-15
-30
-24
-18
-16
-20
-27
-17
-14
-7
3
-8
-16
-20
-17
-6
1
5
-11
-24
-23
-21
-26
-28
-26
-24
-34
-15
-10
-5
11
25
39
39
42
44
29
25
21
6
1
-10
-7
3
0
-4
5
12
10
8
1
11
10
8
19
9
13
3
-5
-3
-4
-5
-5
-14
-18
-19
-24
-27
-18
-3
7
8
-2
-3
9
3
-3
6
23
45
27
12
-7
-20
-24
-29
-19
-21
-5
9
-3
-12
-26
-12
12
15
32
36
34
24
18
4
3
0
-16
-22
-26
-20
-14
-16
-11
-6
7
20
-8
0
-4
4
11
11
-2
-7
8
17
2
-1
-17
-14
5
1
8
-1
-9
-1
-1
6
21
40
41
44
46
33
34
29
29
17
-19
-24
-24
-13
-10
-7
-6
-16
1
18
24
28
38
45
39
37
37
27
25
24
19
18
-1
-13
-13
-6
-16
-10
11
13
21
37
41
43
38
24
18
19
10
1
4
0
1
-4
-7
11
27
28
48
51
46
39
30
23
15
20
20
14
-7
-17
-10
11
14
10
16
30
41
39
28
35
46
43
31
15
18
19
10
-2
-9
-10
-2
2
13
27
37
22
9
20
37
32
31
44
31
19
6
0
-10
-10
-17
-15
-5
11
31
30
42
47
44
35
19
22
25
10
10
4
-8
-6
6
1
6
11
25
29
40
55
60
60
74
71
36
23
15
3
1
0
1
4
2
2
-3
-1
-4
-5
9
24
43
53
54
63
58
40
42
41
21
9
29
27
23
12
1
8
11
30
36
40
43
42
51
42
32
41
40
39
40
39
39
31
13
0
-6
5
8
-1
-6
3
12
32
45
46
54
46
49
55
51
40
26
15
-3
-21
4
11
6
1
7
11
13
21
18
25
36
32
51
55
49
39
18
28
37
25
9
-3
8
15
19
16
9
20
39
49
51
52
53
44
52
63
51
47
40
39
38
23
2
-2
17
32
36
40
34
44
56
57
47
35
35
30
25
34
40
42
32
21
13
10
7
13
34
46
45
54
60
64
57
51
52
42
35
23
20
15
11
-2
1
21
36
32
35
25
24
33
45
36
39
59
52
41
46
41
35
9
-9
-14
-13
-5
-11
-15
4
18
32
48
45
35
42
59
73
76
58
44
42
44
64
58
56
50
26
24
16
4
-2
-3
-1
-6
18
41
44
55
57
60
60
56
43
28
35
42
27
15
10
7
24
16
3
-4
2
24
32
40
41
46
39
26
17
12
-2
-11
-4
8
-3
-5
10
14
15
23
25
25
46
49
58
67
60
38
16
5
-3
-13
-9
-16
-31
-27
-19
-22
-29
-1
26
37
35
47
44
39
41
28
14
16
4
-4
5
2
-1
1
6
-7
-13
-8
-2
13
34
31
38
37
33
8
-2
9
-1
-11
-11
-2
-17
-19
-15
-28
-24
-10
-6
10
12
-3
8
14
7
-3
10
-8
-30
-29
-38
-45
-35
-37
-38
-31
-17
-21
-30
-17
1
-4
-18
-18
-26
-49
-52
-44
-41
-33
-14
-2
-6
-9
-8
3
4
-8
-18
-24
-31
-38
-46
-40
-44
-36
-44
-49
-51
-36
-30
-23
-9
3
0
1
-10
-27
-35
-45
-57
-65
-55
-35
-39
-47
-48
-40
-25
-31
-37
-22
-1
4
-14
-7
-11
-14
-17
-24
-26
-19
-15
-30
-61
-72
-69
-53
-53
-41
-20
-4
-3
-10
-17
-4
-2
-5
-8
-24
-24
-32
-44
-52
-39
-37
-49
-64
-69
-73
-58
-47
-37
-26
-6
2
-10
-28
-46
-56
-46
-50
-42
-42
-35
-42
-48
-28
-33
-41
-34
-19
-5
-6
4
6
-5
-16
-14
-14
-1
-11
-20
-31
-29
-32
-19
-21
-26
-24
-9
-4
-23
-38
-29
-29
-22
-16
-21
-28
-37
-34
-35
-28
-25
-31
-26
-40
-37
-16
-12
1
5
1
-2
-4
-4
-12
-14
-9
-9
-26
-44
-53
-50
-49
-33
-10
-20
-20
-21
-16
-4
11
6
-9
-15
-35
-51
-41
-27
-31
-35
-36
-55
-78
-75
-71
-50
-49
-46
-33
-27
-32
-38
-20
-7
-12
-14
-2
-6
-18
-27
-14
-10
-20
-22
-34
-47
-52
-31
-19
-3
7
3
6
4
-3
11
30
34
25
37
27
10
9
-1
-7
2
-10
-14
-27
-13
8
8
13
5
13
26
24
37
50
61
58
39
43
32
23
16
-2
-22
-21
-17
-28
-17
-8
3
18
18
24
29
37
47
49
57
55
39
20
4
0
-18
-22
-4
-10
-2
8
11
9
14
25
41
59
56
39
29
13
11
13
28
27
-4
-13
-23
-22
-18
-24
-19
-11
-12
15
26
33
24
22
15
4
10
10
-4
-27
-24
-22
-20
-1
11
26
54
95
133
170
196
201
200
211
222
223
243
260
274
288
313
344
358
350
347
372
376
363
374
397
405
393
374
376
401
457
515
537
538
539
510
391
207
32
-116
-248
-359
-485
-615
-722
-783
-810
-787
-707
-649
-610
-363
180
913
1981
3280
4539
5106
5008
4050
1142
-6022
-18854
-30519
-31288
-23503
-15994
-11294
-7972
-5229
-1281
1603
806
-2050
-6641
-10982
-13974
-16347
-18924
-21619
-23748
-22481
-15102
-1851
13670
26934
35252
39173
40036
38469
35025
30500
25485
20652
16052
11742
7361
3352
-156
-3023
-5125
-6299
-6642
-6547
-6299
-5961
-5543
-5124
-4687
-4250
-3818
-3395
-3008
-2632
-2304
-2045
-1819
-1631
-1462
-1291
-1151
-1010
-885
-788
-690
-596
-494
-398
-308
-214
-152
-94
-54
2
49
84
107
121
142
177
187
190
190
214
209
198
208
207
197
195
173
139
126
124
104
87
72
40
18
11
-13
-45
-61
-71
-92
-107
-121
-145
-153
-140
-145
-161
-168
-171
-169
-152
-132
-120
-119
-105
-99
-86
-49
-29
-18
0
0
13
28
36
37
32
24
22
27
43
49
50
46
37
43
36
35
36
35
31
28
45
60
69
74
67
64
39
31
21
-5
-2
20
8
5
3
1
0
15
17
20
22
36
61
55
57
50
32
29
29
29
41
57
50
34
52
76
98
136
145
154
180
205
210
213
223
229
237
248
243
226
218
199
188
157
160
156
145
154
161
166
161
154
156
154
149
135
110
81
52
39
18
20
21
25
24
28
52
82
96
135
180
232
273
309
351
372
398
422
435
441
447
473
501
530
553
599
686
772
833
853
809
742
668
578
502
431
351
255
159
44
-102
-206
-259
-235
-191
-166
-204
-280
-340
-363
-339
-315
-320
-347
-409
-452
-447
-464
-488
-498
-490
-465
-456
-494
-552
-618
-664
-689
-687
-645
-593
-575
-554
-495
-440
-375
-360
-410
-445
-456
-471
-461
-393
-321
-273
-225
-207
-205
-198
-223
-220
-230
-216
-175
-131
-79
-28
13
56
87
106
107
116
122
114
118
135
140
149
144
128
112
111
113
110
104
89
77
78
83
89
87
69
58
50
31
-3
-11
-9
-24
-53
-81
-91
-82
-78
-84
-100
-87
-65
-67
-76
-50
-34
-34
-17
0
32
48
45
58
75
97
95
86
91
89
90
122
136
125
98
87
86
101
122
126
129
129
116
105
96
104
100
104
99
79
77
77
75
75
81
93
109
122
122
96
108
120
106
84
59
54
38
19
12
20
25
28
22
1
9
19
16
23
41
68
88
98
98
82
66
46
18
31
21
-2
8
-7
-2
2
14
25
29
28
28
44
53
39
42
53
56
43
32
18
6
0
-1
-1
-9
-18
-22
-14
-14
-8
9
12
13
19
16
12
16
2
-6
-3
-14
-13
-29
-30
-44
-32
-13
-5
-5
4
13
23
30
35
43
54
49
22
6
9
4
-12
0
3
-1
-12
-32
-32
-4
25
44
43
38
44
40
38
33
21
11
12
17
32
28
19
22
37
28
40
65
74
91
100
100
86
70
68
61
57
47
21
18
9
8
7
21
15
10
16
32
43
52
55
64
79
96
88
78
83
58
35
27
15
17
31
39
38
42
51
57
68
74
70
62
54
62
63
41
32
15
12
11
31
26
32
43
38
43
54
58
77
85
80
84
81
81
73
68
77
59
43
38
48
46
33
22
25
42
43
44
69
86
89
82
77
76
74
76
67
60
46
25
18
10
23
13
8
11
-3
6
20
28
24
36
50
42
42
37
30
37
31
30
25
6
-3
-16
-21
-15
-9
-1
6
7
2
17
48
54
50
40
42
49
34
21
-5
-19
-18
-37
-48
-52
-44
-31
-32
-19
-28
-27
-11
1
24
20
19
23
11
2
-16
-16
-17
-21
-30
-41
-31
-35
-54
-71
-71
-48
-30
-17
-11
-12
-10
-12
-11
-13
-19
-25
-32
-54
-53
-33
-46
-71
-72
-64
-58
-48
-44
-22
-17
-22
-11
-16
-28
-32
-33
-43
-57
-54
-64
-62
-55
-67
-61
-79
-79
-76
-68
-53
-65
-57
-57
-57
-63
-71
-74
-76
-76
-77
-90
-84
-63
-53
-53
-64
-69
-70
-66
-64
-58
-46
-54
-44
-52
-44
-50
-65
-61
-67
-72
-67
-65
-61
-55
-49
-30
-34
-12
-6
-10
1
-4
-16
-25
-14
-15
-27
-29
-36
-53
-44
-44
-42
-30
-14
-1
27
38
22
27
40
35
28
27
34
34
29
33
13
-7
-14
-16
-18
-28
-25
-7
7
14
25
41
49
61
67
44
28
22
19
8
12
22
8
-7
-4
6
15
-14
8
26
30
41
56
60
52
53
57
58
56
49
31
33
21
2
-7
0
-9
-16
-8
15
36
43
39
40
41
47
51
65
69
59
51
43
49
40
31
26
27
42
36
35
35
35
57
68
61
47
48
43
37
37
37
37
28
10
4
11
-6
-6
7
-4
3
20
34
38
31
30
31
33
35
41
46
27
13
3
8
6
0
0
-3
6
13
18
24
34
65
63
49
48
34
34
34
25
13
19
21
-1
2
4
1
4
6
16
27
37
46
33
22
22
23
37
41
22
-3
0
11
1
1
1
14
22
30
24
27
26
28
23
43
55
53
38
16
10
8
1
4
-1
2
17
35
34
36
39
38
39
46
48
46
41
40
37
27
18
5
12
24
16
11
17
21
20
34
46
63
58
45
37
31
18
20
9
12
19
13
13
6
14
24
17
30
28
25
25
36
42
19
26
29
37
53
44
34
36
31
15
0
-7
-2
14
24
23
24
24
32
51
51
55
45
48
54
55
40
33
32
24
25
11
-6
-9
-24
-34
-26
-6
17
17
18
17
12
18
33
48
38
32
33
37
42
44
31
11
9
14
-5
-15
-12
-5
19
9
17
39
47
49
52
59
49
43
37
47
68
60
41
37
35
31
13
9
25
16
31
37
38
41
37
51
32
35
39
26
22
28
30
35
36
44
30
26
15
4
12
25
32
22
18
33
38
39
39
27
13
-1
3
-3
3
18
5
10
18
28
38
42
35
31
33
31
22
28
36
32
27
39
37
31
39
29
40
37
19
24
46
55
55
36
37
38
44
43
27
19
14
19
20
10
21
18
12
30
44
56
61
52
24
21
15
9
14
10
14
34
32
21
4
13
15
4
9
23
46
52
39
37
34
43
54
38
23
-6
-19
-14
-17
-14
-3
14
20
31
31
39
50
48
62
69
68
79
81
63
43
18
19
14
8
-3
-3
7
10
18
26
26
42
43
29
38
55
48
29
26
21
18
19
6
4
1
15
26
25
19
13
18
37
56
55
53
59
59
43
35
29
41
37
27
25
13
-8
-11
-2
-4
-4
15
21
18
16
21
38
51
66
72
50
36
38
33
6
-14
-12
-13
-18
-23
-26
-13
0
13
14
3
-11
-14
6
11
25
32
35
40
15
14
13
4
5
-20
-19
0
-2
-11
-5
7
8
4
23
32
36
25
29
40
24
23
21
17
-3
-22
-15
-22
-28
-25
-13
11
9
13
18
31
32
43
48
31
11
2
4
8
10
17
22
11
4
-1
-7
10
11
14
22
10
5
-12
-10
-13
5
-11
-29
-39
-54
-49
-41
-32
-32
-45
-33
-17
-6
1
2
-3
-18
-41
-40
-31
-22
-40
-49
-60
-66
-51
-40
-37
-44
-32
-18
-28
-40
-33
-11
-6
-3
6
-4
-9
-19
-12
-15
-54
-69
-64
-66
-58
-66
-64
-64
-70
-60
-55
-40
-15
-3
0
0
4
-5
-9
-22
-38
-41
-52
-56
-48
-49
-42
-50
-59
-46
-27
-13
-15
-23
-31
-28
-33
-41
-40
-39
-40
-30
-43
-52
-62
-56
-52
-41
-18
-12
-10
-5
7
16
7
9
-2
-15
-9
-37
-44
-46
-43
-30
-31
-44
-60
-55
-26
-29
-27
-4
6
-2
-22
-26
-39
-41
-33
-40
-39
-39
-42
-48
-61
-44
-42
-35
-19
-28
-34
-30
-19
-20
-25
-14
-17
-20
-45
-51
-45
-34
-41
-67
-71
-72
-72
-83
-84
-62
-35
-17
-6
-11
4
11
9
-4
-6
-6
-17
-31
-33
-33
-43
-54
-62
-55
-53
-49
-35
-33
-21
-23
-10
-1
10
8
-6
-15
-14
-14
-25
-33
-34
-28
-22
-11
-20
-31
-24
-24
-15
8
10
-7
-8
4
5
6
4
-17
-52
-56
-58
-53
-40
-36
-33
-32
-41
-43
-50
-36
-17
-8
-13
-13
-23
-20
-9
-8
-24
-42
-61
-68
-63
-55
-54
-44
-37
-33
-25
-12
2
3
13
18
19
19
23
20
8
8
-10
-13
-2
-16
-28
-31
-42
-48
-54
-46
-32
-15
-3
4
14
30
35
32
31
21
21
36
31
7
-1
-13
-5
-21
-23
-14
-7
-6
-3
17
41
62
66
60
64
57
43
30
7
-14
-13
-15
-32
-30
-20
-9
-13
0
19
32
30
26
30
27
24
12
17
33
32
25
15
2
-8
-15
-12
-6
-3
-2
0
18
45
48
52
48
44
41
43
27
8
10
-6
-6
-14
-27
-23
-11
-11
-17
-5
18
23
24
19
31
34
35
47
51
23
-4
-28
-24
-18
-20
-30
-20
16
40
57
71
111
154
194
219
218
231
246
262
282
291
286
298
330
353
360
351
343
335
331
351
369
398
445
471
454
460
471
483
526
586
624
639
658
621
498
300
73
-141
-315
-479
-639
-809
-941
-1032
-1087
-1087
-1049
-1041
-1017
-638
58
969
2100
3362
4549
4999
4280
1305
-4491
-14059
-25448
-30402
-25753
-17760
-12290
-8886
-5726
-2539
815
2184
792
-3348
-7797
-11060
-13637
-16424
-19780
-22649
-23417
-18457
-6259
9495
23738
33339
37962
39141
38020
35011
30713
25887
20932
16317
12025
8098
4208
721
-2220
-4505
-6037
-6758
-6825
-6575
-6273
-5899
-5465
-5015
-4544
-4052
-3593
-3168
-2785
-2439
-2148
-1923
-1712
-1522
-1345
-1192
-1073
-971
-859
-761
-679
-583
-485
-397
-316
-252
-177
-106
-40
3
52
95
130
153
173
201
212
202
230
246
232
212
176
156
157
151
137
128
127
105
83
66
46
20
-4
-22
-44
-79
-90
-102
-102
-102
-128
-128
-146
-165
-181
-191
-181
-167
-149
-123
-116
-105
-80
-69
-69
-68
-55
-45
-25
-15
-19
-5
2
-1
-6
-11
-7
-2
-3
-11
-3
11
21
22
10
1
13
17
43
38
20
22
30
38
32
39
35
30
26
15
0
11
1
11
2
12
32
48
63
60
53
48
48
44
36
47
46
44
52
46
43
47
47
49
56
66
91
98
105
116
130
158
197
210
232
244
240
233
235
227
228
208
188
157
147
167
168
165
174
186
196
198
213
197
193
190
184
180
152
113
98
79
67
50
30
12
11
15
24
73
127
172
197
246
313
360
405
437
458
495
510
515
528
551
591
617
638
675
727
802
852
863
839
794
724
642
553
475
377
275
155
19
-133
-220
-281
-287
-229
-201
-225
-294
-359
-387
-374
-329
-316
-353
-391
-435
-439
-433
-451
-466
-475
-443
-423
-455
-523
-615
-682
-696
-677
-646
-615
-580
-571
-535
-467
-431
-406
-452
-517
-549
-555
-526
-454
-379
-327
-287
-252
-227
-228
-234
-237
-217
-209
-181
-130
-85
-26
15
48
65
82
85
98
108
120
126
135
128
125
132
126
116
103
112
119
108
106
95
85
77
65
59
57
54
36
29
28
24
-1
-22
-29
-59
-62
-53
-54
-48
-40
-51
-45
-54
-53
-35
-10
-1
6
13
28
48
59
70
81
92
103
91
81
99
103
109
100
108
102
91
99
89
98
104
104
119
99
98
111
111
121
123
116
111
108
105
91
96
99
82
64
59
71
65
58
60
71
97
107
97
87
83
94
86
78
77
68
57
46
38
30
21
33
39
31
11
27
28
24
41
48
34
28
29
32
20
34
31
15
12
5
-4
-1
1
9
12
26
32
25
42
48
58
62
63
59
50
40
21
-8
-16
-19
-26
-26
-36
-31
-17
12
24
22
25
18
29
24
3
-4
5
17
19
13
16
16
20
19
23
17
11
8
16
32
48
42
37
38
42
33
18
0
-8
-1
1
-1
11
28
34
26
32
37
44
55
42
30
32
30
29
52
63
44
26
8
3
7
21
26
33
40
58
53
49
51
46
43
45
42
29
38
44
43
38
40
46
63
77
77
65
36
33
32
44
41
28
26
35
57
57
67
65
66
63
61
69
63
51
61
55
65
65
54
54
52
44
43
52
59
65
79
78
72
62
48
55
54
45
29
39
54
47
40
35
24
55
74
66
63
74
86
83
75
66
51
42
32
41
35
30
33
29
40
43
38
57
65
65
57
55
46
54
77
69
54
57
67
71
56
42
16
10
19
20
31
40
49
54
52
43
48
42
43
41
26
35
36
31
16
11
12
10
2
-1
-7
-22
-18
-27
-22
-12
-7
-1
-2
3
20
15
-6
-11
-10
-22
-35
-40
-46
-41
-35
-45
-40
-34
-24
-22
-21
-15
-16
-30
-16
-8
-11
-40
-44
-52
-53
-58
-57
-51
-56
-46
-35
-19
-6
-11
-11
9
19
1
-18
-35
-55
-70
-94
-104
-89
-74
-73
-70
-79
-82
-91
-77
-39
-9
-6
-14
-8
-7
2
-12
-33
-36
-47
-63
-61
-69
-69
-53
-51
-40
-41
-37
-49
-39
-16
-30
-45
-38
-52
-60
-77
-70
-67
-54
-72
-110
-117
-105
-76
-58
-62
-64
-67
-62
-53
-54
-46
-37
-37
-46
-48
-46
-44
-46
-54
-61
-49
-58
-67
-69
-60
-54
-46
-28
-11
3
1
-13
-9
-3
-5
-5
-23
-16
-15
-7
-2
-21
-20
-24
-39
-33
-31
-29
-34
-27
-17
-16
0
-2
5
23
27
19
18
17
19
11
-5
-27
-44
-45
-41
-34
-31
-31
-41
-33
-24
-23
-6
8
21
11
2
14
19
-11
-26
-17
-18
-22
-33
-34
-28
-17
-26
-19
0
5
5
12
13
-12
-21
-23
-30
-11
-20
-27
-23
-28
-16
-9
-5
3
-1
12
4
16
25
33
27
2
-3
-6
-13
-12
-25
-21
-23
-18
-8
0
17
39
29
21
8
6
-10
-4
-5
-27
-45
-27
-15
-17
-14
-11
-1
-1
-4
-6
3
8
27
43
38
21
1
5
-16
-15
-26
-46
-37
-21
-19
-1
7
8
1
-5
0
-11
1
11
12
7
-3
-1
-5
-7
-6
-12
-17
-16
-6
-5
12
24
25
28
27
17
17
2
-18
-24
-20
-28
-41
-23
-8
-1
0
18
42
44
32
35
33
32
29
15
-3
1
1
-9
-2
6
4
-6
-3
-1
11
18
28
29
43
29
14
11
16
21
21
24
1
-2
-2
-5
-5
6
5
4
5
19
18
13
21
28
43
46
35
20
11
17
3
3
-2
5
13
10
12
18
22
27
32
34
22
9
10
17
8
5
25
29
17
24
27
21
37
31
19
27
28
35
31
32
31
25
17
7
9
11
20
35
34
31
32
35
38
50
63
56
39
19
2
-7
-13
2
2
8
-4
5
32
22
17
21
39
56
54
51
34
30
24
24
29
3
-13
-10
-19
-21
-5
10
19
9
41
62
57
49
43
57
63
71
68
48
35
26
24
21
10
4
4
6
13
4
13
22
37
54
54
53
36
34
22
-5
-16
-12
-2
6
-1
6
13
32
39
33
23
35
36
28
28
36
40
49
46
53
33
15
9
7
7
-1
8
25
37
36
41
47
63
61
62
54
61
68
66
36
19
-2
4
11
-4
-5
5
3
2
-1
8
25
47
61
62
77
85
75
65
55
48
52
45
27
22
24
23
18
15
7
15
16
23
40
29
38
56
56
69
62
59
58
48
37
18
11
4
5
17
27
34
44
55
54
39
44
35
42
48
36
21
21
5
7
15
12
14
11
37
45
47
53
68
78
65
55
56
51
44
36
27
21
26
22
19
27
34
32
26
28
47
56
71
68
82
92
82
80
72
55
39
28
16
7
-7
-2
-4
14
20
21
32
24
27
35
52
55
57
46
37
32
30
22
21
18
22
20
15
16
21
21
21
18
12
15
37
39
53
70
54
49
46
31
25
22
22
28
33
28
17
19
30
15
-3
7
23
29
43
65
66
59
59
73
71
62
59
56
38
26
28
38
22
15
15
33
37
35
47
71
75
71
46
36
35
19
-4
-6
6
6
-4
-3
5
7
16
29
27
30
19
0
3
6
0
0
7
7
2
10
0
-29
-37
-28
-20
-30
-21
10
35
48
41
36
32
0
-11
-8
-7
-26
-38
-31
-27
-44
-38
-32
-23
-29
-30
-31
-23
-20
-37
-40
-25
-22
-16
-1
18
32
31
9
-21
-24
-26
-31
-42
-41
-31
-45
-53
-40
-37
-36
-28
-30
-20
-11
-1
-2
14
26
26
30
17
-3
-41
-55
-53
-59
-57
-51
-45
-52
-42
-37
-23
-19
-22
-19
-13
-23
-43
-41
-24
-16
-15
-8
-27
-42
-30
-46
-50
-33
-9
2
3
-16
-29
-9
-7
-25
-33
-18
-21
-26
-23
-31
-31
-25
-35
-57
-67
-71
-61
-53
-48
-34
-28
-24
-19
-7
-6
-30
-34
-25
-12
-13
-21
-24
-29
-41
-47
-54
-48
-52
-51
-42
-43
-39
-32
-9
8
16
28
32
24
9
-1
-10
-30
-35
-35
-39
-53
-58
-58
-54
-54
-67
-65
-51
-37
-35
-42
-43
-25
-13
-2
2
-18
-31
-36
-40
-53
-45
-47
-44
-37
-28
-23
-18
-25
-20
-21
-5
-13
-26
-31
-37
-31
-9
1
5
-5
-6
-23
-40
-39
-41
-39
-26
-21
-12
-6
-2
-7
-16
-3
5
0
-2
-14
-19
-13
-6
-25
-31
-30
-44
-34
-26
-32
-31
-9
9
5
9
23
22
35
37
32
34
39
35
29
18
-1
-19
-15
-25
-28
-40
-36
-32
-6
16
29
23
40
41
54
50
57
58
69
74
54
32
38
38
25
7
8
12
11
22
16
14
21
15
5
18
52
54
45
48
49
53
54
37
15
10
13
4
4
-10
-19
1
-1
-14
-15
-5
5
15
32
44
53
81
74
64
46
40
36
26
20
1
0
12
27
26
24
33
32
48
46
21
11
11
33
33
35
37
17
15
16
-12
-26
-44
-54
-39
-17
-7
7
48
78
106
141
173
208
235
241
251
257
261
260
249
240
243
246
262
278
288
285
295
300
312
362
383
405
420
416
399
385
401
421
467
527
554
574
543
476
350
177
-6
-164
-276
-404
-531
-661
-807
-882
-887
-857
-804
-761
-710
-436
79
818
1895
3342
4835
5673
5854
5388
3688
-878
-10729
-23340
-27813
-21376
-14519
-14047
-17480
-22031
-25682
-25754
-20285
-13180
-10211
-12019
-15586
-18585
-19988
-20017
-17657
-10729
850
14889
27442
35730
39892
40965
39813
37304
33998
30089
26044
21810
16853
11703
6636
2135
-1217
-3198
-4036
-4421
-4560
-4604
-4516
-4368
-4218
-4017
-3766
-3466
-3162
-2894
-2682
-2507
-2358
-2244
-2100
-1935
-1782
-1642
-1515
-1404
-1289
-1157
-1023
-889
-738
-607
-508
-389
-291
-209
-150
-65
13
78
147
183
213
257
277
283
298
326
331
329
345
336
315
299
275
252
218
213
199
163
129
113
108
91
75
64
41
34
14
-3
6
0
-10
-8
-18
-30
-41
-16
-1
1
10
36
74
73
77
76
78
86
76
81
87
86
78
70
70
66
77
82
96
125
123
120
145
137
120
118
125
112
114
120
107
92
111
108
98
94
107
109
121
126
131
135
128
108
89
80
85
69
62
71
58
54
48
46
30
32
60
70
64
68
71
81
97
117
118
130
129
128
118
106
111
135
153
163
145
164
175
173
174
174
163
181
170
157
148
144
149
147
156
151
136
150
147
142
138
128
99
95
94
67
41
31
25
13
-18
-28
-55
-61
-57
-38
-23
17
68
119
153
207
271
331
376
401
438
434
422
451
491
529
547
559
625
703
767
795
790
749
710
670
606
546
461
361
262
154
35
-76
-171
-217
-204
-188
-232
-301
-367
-415
-419
-412
-403
-431
-479
-504
-490
-475
-462
-443
-425
-392
-353
-361
-410
-468
-525
-519
-473
-434
-412
-397
-370
-324
-290
-273
-275
-290
-331
-374
-400
-370
-291
-209
-169
-148
-136
-121
-133
-126
-126
-97
-66
-27
9
26
15
1
-13
-6
-1
22
26
7
-12
-10
1
35
56
72
74
95
109
111
123
118
126
133
119
106
100
108
96
78
62
40
35
39
44
40
24
8
5
4
7
16
6
-1
12
31
48
60
63
70
74
69
79
91
98
95
97
79
73
70
73
95
121
118
118
117
133
137
133
149
157
156
153
163
156
134
145
128
99
92
86
94
119
110
96
94
114
105
104
114
114
113
112
110
104
104
93
74
67
63
52
41
36
35
21
35
39
38
50
51
49
59
60
62
46
43
28
12
8
0
-8
-9
-18
-24
-39
-11
7
2
15
16
2
2
-6
-31
-51
-46
-55
-59
-46
-43
-39
-32
-13
-34
-45
-27
-21
-18
-17
-23
-24
-33
-39
-66
-81
-79
-78
-74
-92
-87
-83
-73
-61
-64
-67
-78
-79
-74
-78
-89
-73
-68
-65
-74
-63
-54
-59
-65
-69
-74
-56
-58
-63
-72
-66
-57
-51
-44
-35
-29
-24
-28
-30
-36
-40
-32
-18
-26
-37
-37
-32
-25
-24
-29
-35
-34
-31
-30
-19
-18
-18
-24
-31
-35
-15
-13
1
4
-2
-7
-15
-24
-27
-17
-12
-31
-37
-30
-27
-9
-9
4
8
11
21
20
39
47
30
21
15
22
0
-9
9
3
8
13
13
19
17
31
26
25
16
24
32
43
43
41
32
37
40
31
28
22
19
7
-5
-16
-22
-26
-11
11
22
26
23
20
35
45
52
58
52
60
67
61
47
26
-2
-27
-34
-33
-34
-38
-37
-18
-7
1
16
31
49
41
42
30
12
7
-3
7
16
0
-9
-14
-3
17
17
12
22
31
47
31
20
19
22
22
20
18
6
-14
-27
-30
-37
-27
-18
-24
-13
-3
-16
-20
-17
-21
-22
-22
-11
-8
-8
-19
-32
-37
-48
-51
-54
-48
-40
-42
-37
-33
-27
-18
-24
-13
-19
-17
-32
-46
-52
-48
-59
-52
-47
-56
-45
-41
-41
-40
-33
-30
-30
-50
-60
-52
-46
-39
-41
-40
-37
-35
-34
-28
-30
-51
-69
-63
-63
-54
-45
-52
-52
-54
-54
-44
-17
-24
-49
-53
-62
-71
-69
-73
-91
-92
-94
-103
-105
-108
-109
-109
-99
-89
-81
-76
-74
-73
-77
-71
-72
-63
-52
-65
-82
-93
-78
-79
-90
-102
-108
-101
-87
-71
-70
-56
-44
-30
-34
-53
-63
-73
-94
-95
-92
-84
-82
-83
-81
-77
-81
-58
-50
-50
-71
-74
-38
-6
-2
-32
-46
-52
-50
-42
-42
-49
-43
-46
-48
-39
-40
-35
-24
-14
-15
-5
-2
0
-9
-26
-39
-42
-30
-21
-27
-21
-9
5
6
-3
-1
21
21
6
-12
-16
-15
-24
-22
-21
-15
-25
-37
-43
-37
-23
-23
-32
-35
-29
-19
-12
-11
-16
2
14
-1
-7
-18
-31
-37
-27
-37
-42
-37
-48
-81
-67
-56
-50
-44
-48
-34
-16
3
17
31
34
25
19
4
-6
-11
-10
-21
-36
-52
-60
-58
-47
-44
-49
-50
-45
-27
-7
8
21
29
26
16
-1
-8
-20
-26
-13
-29
-44
-36
-34
-55
-55
-61
-42
-30
-27
-18
-24
-19
-14
-10
-4
-5
-1
-2
-23
-28
-37
-31
-37
-46
-37
-36
-25
-39
-45
-24
-6
-10
-12
-14
0
-7
-2
-2
-3
6
-13
-24
-19
-18
-28
-36
-31
-37
-23
-15
0
16
6
15
30
32
14
12
17
7
10
30
20
7
-28
-35
-35
-53
-57
-56
-46
-32
-2
28
27
32
25
15
22
15
10
17
13
6
3
0
-4
-18
-9
7
11
20
22
10
9
10
15
30
29
23
20
15
-1
-16
-22
-13
-1
7
6
9
24
29
30
29
29
34
15
-9
-14
-16
0
5
3
1
3
-6
-20
2
19
16
23
19
5
5
-4
-14
-27
-20
-26
-21
-14
3
17
13
26
33
28
35
30
37
45
37
29
31
34
22
9
14
19
26
18
24
23
20
36
39
51
62
65
55
35
20
33
36
33
17
13
21
19
16
4
10
16
27
33
28
25
22
25
29
22
19
10
16
12
-4
-5
9
11
10
15
15
12
29
32
20
22
36
51
49
39
24
9
-2
-7
-9
-10
-12
-8
11
35
42
41
47
46
45
45
39
50
46
37
29
36
29
15
-6
-9
8
20
22
35
55
54
66
63
55
37
34
39
29
23
-6
-1
11
17
18
18
34
38
40
26
29
30
39
61
68
47
42
51
60
53
33
28
12
20
11
6
14
8
12
23
36
48
49
52
48
55
58
64
66
58
44
31
29
33
25
33
47
63
55
52
61
68
73
72
68
65
66
61
62
56
48
47
55
40
22
21
26
23
24
24
28
22
24
39
40
47
65
57
43
41
35
28
39
42
30
34
34
26
20
7
-9
-11
12
36
36
33
39
46
37
43
43
33
34
35
41
54
61
43
20
6
6
6
-1
-5
8
35
37
48
48
62
62
60
83
83
67
72
59
42
48
46
39
20
13
31
49
48
44
53
65
68
45
43
55
72
82
66
53
44
21
10
11
10
11
10
28
36
32
23
33
47
54
58
47
35
33
21
15
16
17
26
32
38
22
13
36
50
56
56
55
49
37
32
41
51
46
33
15
12
11
7
-2
4
8
19
31
49
69
69
72
55
51
44
36
27
27
21
10
9
8
7
9
-3
-8
-2
-4
5
7
16
25
41
38
20
11
18
14
10
-1
-12
-24
-33
-24
-22
-20
-7
9
23
13
21
18
21
10
-1
13
29
26
13
-3
-11
-12
-5
-10
-37
-43
-35
-28
-36
-37
-25
-28
-14
2
-11
-20
-13
-9
-20
-15
-16
-23
-43
-65
-73
-59
-62
-59
-52
-29
-28
-25
-19
-17
-17
-6
-10
-3
-12
9
21
0
2
-2
-17
-36
-45
-43
-43
-31
-15
-22
-22
-29
-25
13
30
20
6
7
-5
-18
-29
-36
-26
-21
-35
-50
-46
-38
-44
-48
-39
-37
-30
-29
-33
-24
-8
6
10
19
12
-18
-32
-38
-47
-53
-59
-65
-72
-62
-53
-45
-34
-26
-23
-33
-17
-3
1
6
-5
-9
-9
-15
-28
-44
-54
-49
-47
-53
-59
-41
-24
-22
-21
-20
-1
2
5
-1
-7
-16
-21
-28
-41
-56
-54
-53
-49
-41
-37
-35
-34
-29
-14
-6
9
18
20
13
7
11
-4
-21
-44
-58
-52
-53
-50
-45
-37
-36
-38
-33
-38
-29
-4
8
11
-1
-2
14
-1
-16
-27
-37
-43
-43
-43
-57
-50
-34
-35
-27
-6
-6
-21
-16
-2
-7
-19
-14
-12
-20
-29
-29
-8
2
-11
-35
-37
-37
-30
-16
-14
-7
3
31
44
53
68
52
48
35
18
1
-23
-17
-4
-7
-9
-18
-19
-32
-13
3
-12
5
16
17
22
34
43
30
12
-8
-12
4
-3
-3
15
8
-9
-5
4
2
3
9
26
26
12
19
24
37
32
10
17
25
19
20
14
5
-4
-2
-12
-12
-4
5
9
27
36
35
21
22
20
6
12
2
-18
-29
-25
-28
-37
-28
-20
-26
-36
-38
-13
29
64
90
113
139
172
194
211
204
197
190
204
209
224
251
274
281
280
277
275
267
258
265
289
319
346
379
364
331
344
366
381
425
502
537
536
535
494
386
241
68
-52
-164
-263
-361
-467
-578
-674
-674
-587
-492
-394
-368
-259
121
712
1598
2844
4300
5346
5549
5186
3804
-449
-10528
-24562
-32004
-27401
-18508
-12984
-11445
-12081
-11857
-10555
-9674
-7596
-6470
-9294
-13062
-16080
-18257
-20439
-21740
-20212
-13517
-1346
13486
26613
35198
39525
40843
39691
36670
32412
27713
22985
18486
13729
8906
4514
695
-2466
-4698
-5790
-6058
-6002
-5783
-5464
-5094
-4751
-4408
-4043
-3639
-3263
-2884
-2532
-2266
-2059
-1880
-1715
-1551
-1393
-1237
-1112
-1007
-906
-810
-721
-631
-549
-453
-359
-276
-203
-126
-48
14
75
116
142
167
196
234
253
269
280
285
286
287
278
253
230
219
212
212
185
152
134
101
94
68
40
5
-17
-30
-53
-83
-83
-101
-121
-148
-160
-169
-161
-145
-146
-141
-125
-106
-81
-60
-34
-26
-8
14
29
41
48
49
52
49
54
51
63
64
51
59
58
47
23
29
56
77
85
81
81
82
74
77
68
62
38
26
44
37
23
24
37
38
31
42
59
54
60
48
44
62
58
63
63
64
39
24
9
-2
4
24
56
72
73
85
91
90
98
107
113
123
144
148
166
182
181
188
204
208
222
212
188
177
169
170
158
139
120
113
138
150
138
132
160
177
179
174
151
151
163
162
134
94
68
31
9
11
-8
-6
1
-2
14
41
84
121
154
179
211
266
322
343
365
376
395
415
433
454
484
515
566
614
672
745
809
819
803
761
683
588
500
435
356
261
159
21
-137
-253
-329
-301
-255
-226
-263
-327
-391
-455
-449
-422
-420
-426
-462
-496
-509
-512
-515
-518
-513
-493
-453
-452
-516
-593
-658
-679
-666
-629
-595
-545
-511
-455
-392
-354
-335
-350
-393
-423
-434
-411
-338
-281
-235
-186
-141
-122
-138
-159
-176
-164
-138
-95
-47
2
44
81
102
123
132
148
163
165
186
172
175
169
156
144
129
126
138
146
139
123
127
115
109
113
112
108
102
81
57
23
15
1
-15
-30
-48
-61
-51
-65
-84
-93
-78
-79
-66
-52
-54
-46
-24
-17
5
18
52
63
79
95
116
138
154
140
129
132
125
132
150
153
128
122
127
141
139
129
110
115
133
136
117
98
86
96
82
93
77
75
101
102
89
88
98
108
89
73
79
83
78
60
40
32
36
39
37
40
58
64
60
56
48
40
46
50
54
59
37
41
38
37
42
33
27
30
30
31
21
12
1
-9
7
8
13
17
40
56
47
30
19
20
16
13
0
-22
-15
-24
-37
-40
-55
-61
-45
-27
-28
-18
5
6
0
2
2
9
23
29
23
21
14
-1
-17
-26
-28
-27
-39
-32
-28
-7
-4
-3
15
10
12
28
57
58
35
9
7
3
4
-12
-25
-20
-14
-18
-19
3
11
5
5
14
33
38
28
26
20
39
55
56
50
32
23
7
-3
1
8
34
37
38
64
67
62
70
78
72
51
38
17
21
23
12
5
2
-14
-14
5
4
13
27
24
15
24
45
54
53
44
36
30
24
23
29
43
30
10
8
13
10
17
30
51
71
86
74
67
65
77
90
90
80
64
46
44
53
56
46
40
34
37
44
59
65
76
77
70
50
40
50
70
70
58
47
40
52
45
32
36
29
14
20
34
41
65
78
67
75
79
60
46
35
23
4
0
13
5
8
12
17
41
49
35
39
37
45
38
43
41
43
31
17
2
7
1
-11
-19
-24
-12
-9
-7
-6
-1
9
-6
-5
6
21
29
30
14
6
-6
-19
-30
-31
-35
-29
-35
-54
-62
-66
-63
-52
-27
-16
-18
-5
-1
13
17
-8
-17
-12
1
-19
-32
-46
-58
-63
-75
-70
-45
-39
-37
-43
-44
-34
-50
-47
-31
-21
-8
-3
-11
-36
-44
-54
-61
-68
-79
-76
-83
-80
-75
-67
-58
-65
-65
-49
-42
-32
-15
-21
-35
-31
-24
-27
-51
-65
-86
-95
-103
-101
-101
-97
-85
-82
-80
-66
-62
-46
-45
-66
-87
-93
-83
-71
-57
-53
-57
-67
-83
-80
-89
-95
-99
-96
-83
-58
-56
-54
-30
-17
-11
2
-2
-9
-9
-21
-29
-29
-34
-40
-45
-50
-44
-33
-31
-36
-22
-16
-4
-3
-5
2
14
27
18
-11
-2
-3
-7
-17
-7
-2
-23
-28
-36
-47
-31
-20
-1
8
7
18
16
26
12
3
16
16
4
-13
-23
-30
-38
-35
-36
-22
0
7
7
5
21
38
27
-4
-22
-24
-31
-29
-15
-9
1
2
-7
-9
-6
8
19
33
22
16
11
9
11
-10
-29
-12
-14
-9
2
26
33
25
20
26
45
47
32
36
34
15
6
-15
-13
-5
11
26
32
42
39
16
-11
-9
10
6
6
-1
-13
-17
-28
2
13
18
-8
-27
-18
-22
-34
-30
-19
-5
18
36
30
21
29
30
35
26
12
11
4
-9
-12
-15
-12
-13
-4
7
11
11
20
28
23
32
43
43
34
24
16
0
-19
-25
-34
-29
-28
-7
-1
10
8
4
8
7
35
55
57
53
43
36
34
22
18
16
13
18
11
-8
-29
-31
-9
18
35
42
38
33
35
35
27
33
32
26
29
33
33
39
41
34
20
32
28
0
2
14
26
43
57
69
70
66
52
30
34
10
1
-10
-14
-12
-8
-11
-13
-11
-6
1
5
18
26
30
53
63
56
59
45
26
14
13
-1
-4
-11
-1
7
12
6
20
17
17
32
32
47
50
32
44
52
59
68
52
22
12
11
2
0
-5
-8
-18
-20
-16
3
12
21
32
27
29
29
30
25
24
33
19
10
22
19
8
0
8
5
14
20
36
49
42
32
31
16
23
37
50
34
17
14
-1
14
30
34
19
0
10
13
19
40
50
61
59
62
68
46
44
39
25
24
26
20
12
28
54
46
53
45
51
50
44
57
57
58
52
66
69
63
61
59
41
30
21
6
-7
-9
8
12
17
12
15
27
23
27
36
46
45
47
51
39
32
45
41
28
5
-17
-32
-31
-28
-28
-11
7
15
33
44
54
59
65
77
85
81
55
42
51
26
17
10
20
35
43
28
19
30
25
17
10
21
29
26
22
39
50
35
23
14
-2
4
12
24
41
45
48
54
31
7
10
25
27
40
30
38
28
21
22
19
19
19
10
5
26
37
35
46
48
47
49
51
42
36
34
33
22
24
23
13
12
27
33
36
53
74
78
88
80
71
55
58
62
56
44
20
15
5
-17
-15
7
13
14
14
19
30
39
34
36
41
48
50
45
41
32
22
15
26
47
30
21
22
-3
-1
18
34
40
51
57
59
60
60
45
57
42
29
25
11
14
18
29
41
54
58
44
41
40
35
39
34
32
27
23
16
-6
-6
21
27
28
21
27
39
48
49
38
26
27
18
13
-1
-8
-11
-5
11
18
16
7
7
17
37
53
44
40
40
20
-2
-1
0
-1
11
-15
-19
-7
-15
-10
8
18
19
21
42
46
60
58
34
35
38
44
28
8
4
5
-9
-8
-7
0
9
-2
2
9
16
34
32
25
22
28
20
-3
-18
-28
-25
-32
-54
-54
-41
-22
-24
-14
-16
-2
8
11
22
19
16
11
-8
-11
-7
2
-20
-48
-33
-32
-44
-38
-49
-52
-46
-34
-40
-31
-6
0
7
15
19
1
-17
-11
-17
-13
-12
-27
-36
-55
-65
-72
-74
-70
-71
-50
-22
-24
1
12
32
32
22
9
4
0
-11
-40
-42
-52
-58
-73
-68
-64
-48
-50
-67
-68
-45
-23
-12
-25
-28
-31
-44
-40
-40
-57
-53
-62
-74
-70
-56
-52
-39
-24
-24
-17
-21
-27
-10
8
4
-12
-17
-29
-29
-14
-12
-32
-46
-52
-58
-60
-56
-49
-36
-21
3
8
14
10
12
-5
-2
-12
-28
-31
-39
-51
-58
-50
-53
-56
-67
-65
-72
-62
-41
-29
-20
-3
-6
-11
-22
-26
-21
-29
-41
-55
-72
-75
-65
-47
-30
-16
-13
-19
-12
-5
-12
-9
-13
-30
-38
-34
-28
-28
-20
-29
-31
-45
-56
-51
-40
-35
-21
-19
-20
-14
-7
-8
-13
-15
-22
-33
-27
-27
-35
-45
-48
-46
-45
-26
-22
-18
-9
-3
9
14
28
27
13
12
4
-10
-15
-19
-27
-51
-43
-27
-34
-40
-44
-40
-14
-2
3
10
7
1
3
5
-3
5
9
-2
-20
-28
-27
-42
-53
-46
-47
-48
-40
-19
-10
0
1
14
29
23
-2
0
6
13
9
-10
-21
-24
-25
-18
-24
-10
-5
-14
-9
9
23
23
23
24
45
46
36
37
14
-3
-13
-15
-18
-23
-21
5
16
18
8
15
21
29
24
0
-6
11
5
-14
-7
-7
-3
9
20
31
31
31
15
2
9
26
26
19
19
-3
-8
-8
-8
0
12
17
24
34
33
31
45
41
34
16
10
-5
-18
-30
-37
-5
36
54
51
67
101
138
176
213
232
240
258
262
258
255
287
312
349
364
355
355
358
359
347
354
372
383
407
418
421
429
440
472
544
614
637
637
642
594
434
218
-7
-212
-394
-546
-685
-823
-927
-989
-1012
-994
-958
-974
-919
-502
171
1076
2172
3358
4311
4610
3822
735
-5464
-16112
-27766
-31202
-25261
-17329
-12087
-7460
-2102
2958
6733
7290
3870
-2924
-8715
-12169
-14446
-16780
-19821
-22730
-24416
-21690
-11940
2964
18121
29598
35901
38234
37961
35608
31668
27051
22112
17443
13073
9126
5251
1672
-1404
-3805
-5468
-6353
-6554
-6360
-6094
-5759
-5340
-4899
-4431
-3995
-3545
-3119
-2748
-2409
-2129
-1887
-1678
-1499
-1345
-1199
-1048
-922
-827
-746
-669
-582
-495
-388
-291
-231
-169
-107
-64
-31
2
61
119
152
150
164
175
183
207
216
212
203
187
176
159
152
137
132
131
118
106
99
65
42
24
5
-23
-51
-55
-73
-100
-105
-127
-141
-148
-146
-157
-163
-159
-146
-129
-115
-113
-106
-119
-106
-94
-79
-67
-62
-31
-14
-2
12
28
45
40
43
50
42
29
20
18
9
19
5
-1
10
29
36
37
37
34
14
16
26
25
17
22
25
18
14
9
6
8
6
5
18
24
25
33
32
34
35
31
29
39
39
34
28
20
21
-6
-17
24
44
59
83
88
89
129
156
158
170
194
213
213
205
205
233
250
233
213
199
190
170
180
176
152
157
161
171
169
170
187
199
202
180
156
153
131
103
68
72
63
52
40
40
38
47
45
48
76
111
158
212
258
307
342
372
405
428
438
472
472
476
506
548
587
630
659
708
766
842
883
860
800
737
667
598
509
408
319
209
65
-69
-177
-253
-242
-192
-169
-202
-266
-333
-374
-374
-357
-349
-360
-403
-461
-489
-486
-491
-499
-499
-477
-437
-462
-530
-617
-687
-701
-695
-667
-627
-580
-555
-523
-471
-428
-399
-431
-494
-521
-532
-525
-471
-402
-352
-327
-278
-241
-255
-258
-250
-242
-213
-177
-131
-96
-31
33
68
91
101
104
123
124
132
119
105
88
92
102
105
106
111
110
112
92
89
84
72
69
67
56
44
26
0
-15
-19
-31
-37
-45
-61
-73
-75
-85
-102
-89
-73
-84
-74
-67
-52
-38
-16
7
19
33
36
48
76
94
110
111
104
105
98
88
89
90
97
100
95
109
97
97
105
104
99
87
98
99
101
104
96
92
67
74
54
50
61
56
54
65
66
58
59
53
53
68
81
80
77
71
58
35
9
20
14
2
6
12
6
7
17
29
41
56
57
69
63
50
57
59
67
55
60
57
46
44
36
31
48
42
22
5
17
24
23
38
51
54
59
54
49
25
32
19
10
7
3
-2
-12
-24
-31
-34
-28
-35
-20
-20
-1
24
26
33
32
32
23
23
34
27
16
11
7
15
14
17
16
2
-3
13
19
14
16
36
35
41
42
29
17
-4
-6
1
5
16
20
22
28
28
42
54
53
64
70
86
76
72
63
56
51
37
52
50
51
49
42
41
50
64
71
73
65
67
71
70
56
53
58
63
49
47
52
60
64
54
44
52
41
37
48
59
63
59
82
73
66
73
63
59
49
42
52
39
31
35
42
46
64
83
70
60
74
65
58
55
53
54
56
62
36
25
46
48
60
63
78
79
70
76
94
79
70
69
49
45
48
40
30
36
41
36
37
45
53
51
47
51
48
55
65
69
65
55
31
16
11
7
15
3
-12
2
11
20
32
48
51
43
46
51
46
37
41
49
36
26
25
26
17
4
16
27
19
16
15
29
31
22
28
33
40
47
44
33
8
-1
-16
-25
-38
-50
-48
-48
-44
-54
-41
-30
-22
-1
11
16
23
21
27
23
22
18
14
10
-11
-35
-58
-70
-65
-73
-52
-35
-28
-3
-2
-10
3
8
14
6
4
-2
-14
-5
-18
-29
-43
-52
-53
-57
-41
-39
-31
-24
-22
-19
-8
0
0
-23
-35
-53
-60
-81
-93
-91
-91
-74
-49
-33
-28
-26
-27
-26
-36
-28
-23
-35
-50
-52
-63
-65
-68
-75
-88
-82
-52
-45
-36
-22
-12
-17
-19
-21
-27
-26
-36
-41
-42
-50
-64
-72
-77
-82
-76
-67
-57
-50
-31
-19
-18
-17
-20
-40
-32
-27
-24
-43
-51
-47
-50
-46
-46
-50
-42
-47
-40
-23
-17
-6
-12
11
18
13
19
17
17
-2
-14
-27
-14
-29
-53
-50
-33
-23
1
17
30
36
30
42
44
54
61
51
34
18
9
27
34
37
23
0
-5
-9
5
21
42
49
34
36
28
29
29
30
34
38
42
33
33
37
19
20
14
15
13
6
19
14
9
22
32
58
70
60
48
51
51
53
62
39
21
9
1
-4
-1
6
13
1
5
10
29
38
35
37
48
49
58
57
46
33
23
33
26
21
25
17
9
18
22
13
25
30
43
39
39
40
38
23
6
-2
5
0
1
-6
-15
-11
-12
-11
-6
11
21
12
20
29
39
33
29
20
-3
-11
5
3
9
4
13
26
32
46
47
53
49
30
31
16
9
25
28
29
3
-6
-4
3
6
2
0
-8
5
26
30
36
37
47
45
39
30
34
30
22
26
18
-4
-16
-9
-8
17
32
37
13
13
51
73
74
54
47
52
59
60
51
28
27
12
-4
-20
-13
-15
-23
-16
-21
-6
12
29
28
26
40
52
51
48
44
34
39
35
33
32
42
31
30
30
28
37
36
32
23
23
31
40
52
58
50
35
23
12
11
23
30
24
26
22
7
12
28
29
16
8
20
31
32
29
36
37
33
24
19
24
17
15
14
3
16
19
5
16
28
33
28
28
43
41
39
27
28
29
25
10
-1
-2
-13
-23
-14
-21
-18
0
12
25
34
40
52
54
68
65
48
61
56
40
20
13
-5
2
24
29
29
10
12
27
32
31
29
34
48
56
72
74
67
50
32
30
9
7
5
-2
-4
3
6
4
13
27
32
40
53
57
68
80
77
58
44
44
21
14
19
21
3
-12
-3
2
3
13
12
13
31
45
45
62
78
59
55
54
39
28
16
16
7
0
5
-21
-35
-11
16
37
46
47
53
60
59
51
48
55
57
49
37
24
23
18
-4
-14
3
14
17
19
17
22
36
62
70
65
61
48
42
23
17
13
11
10
3
-1
-14
-9
5
0
1
9
25
45
37
47
58
63
67
61
46
27
27
7
-1
16
22
7
16
20
30
37
39
33
31
38
46
48
44
52
51
39
16
-6
-10
-22
-5
18
25
30
43
52
52
39
58
64
57
68
64
40
16
18
23
9
18
13
0
7
-10
3
10
16
40
42
43
36
26
33
38
39
30
30
12
-2
1
-5
-4
10
1
-4
23
38
47
39
35
39
46
49
56
63
58
45
38
46
33
9
5
-3
-4
-13
-3
6
19
31
26
35
49
45
40
54
58
54
40
38
23
17
19
12
-8
-29
-22
-13
-18
-22
-5
11
28
45
40
13
0
7
2
11
20
17
17
-4
-7
-8
1
4
-12
-13
6
17
29
7
-4
10
20
12
15
22
-1
-21
-22
-11
-19
-22
-17
-6
13
13
-2
11
16
21
11
9
12
7
3
-13
-22
-10
-31
-39
-44
-35
-30
-35
-31
-13
-5
-7
-4
6
11
3
-10
-17
-19
-12
-12
-10
-14
-21
-28
-36
-44
-45
-34
-13
0
-4
-8
-11
-4
11
-3
-12
-9
-22
-18
-24
-56
-61
-61
-72
-53
-25
-17
-22
-34
-31
-23
-9
-7
-7
-10
-16
-17
-24
-34
-45
-46
-56
-37
-22
-26
-38
-50
-47
-35
-36
-23
-29
-18
-10
-1
12
-13
-42
-31
-26
-31
-47
-58
-69
-67
-77
-78
-46
-35
-37
-35
-33
-27
-18
-9
0
-2
4
9
-6
-15
-18
-22
-34
-45
-50
-45
-54
-55
-42
-35
-34
-40
-37
-32
-19
-6
11
15
27
17
5
-20
-37
-36
-42
-51
-58
-71
-66
-65
-50
-60
-62
-50
-52
-38
-27
-15
-2
-3
1
5
3
0
-7
-15
-22
-36
-60
-65
-56
-50
-38
-22
-30
-27
-13
-2
-16
-25
-29
-23
-11
-2
1
5
0
-6
-15
-17
-44
-65
-47
-54
-52
-31
-24
-36
-37
-15
-11
-4
6
13
12
-3
-23
-23
-31
-19
-34
-54
-51
-52
-44
-41
-49
-58
-67
-61
-52
-37
-27
-30
-16
-3
0
-2
2
0
-16
-22
-11
-20
-37
-44
-44
-41
-35
-32
-38
-38
-14
7
11
10
13
7
15
25
12
3
3
11
8
0
5
0
3
-11
-19
3
13
22
40
43
45
38
50
49
35
23
15
8
9
-13
-27
-29
-21
-25
-27
-4
13
24
30
32
47
46
43
46
46
46
45
38
27
27
13
-7
-20
-25
-27
-19
-9
5
10
15
29
42
45
36
47
43
39
51
39
30
19
14
25
17
18
8
11
15
11
5
-1
15
19
27
36
31
24
20
-6
-26
-28
-24
-28
-25
-25
-18
16
56
89
115
150
178
185
199
217
240
264
273
267
268
292
314
333
352
371
368
361
353
360
379
386
395
429
451
442
457
495
528
589
659
700
703
672
594
412
176
-46
-238
-398
-561
-722
-875
-1038
-1138
-1190
-1174
-1145
-1142
-1023
-541
192
1169
2357
3730
4777
4910
3692
223
-6155
-16267
-26443
-28526
-22126
-14294
-9887
-8372
-8252
-7322
-5887
-5262
-4679
-5997
-9100
-12389
-15356
-18435
-21422
-23072
-20581
-11784
2170
17179
29198
36287
39343
39732
37946
34458
30059
25269
20462
15903
11780
7515
3503
-23
-2915
-4919
-5954
-6206
-6105
-5947
-5680
-5317
-4921
-4514
-4114
-3708
-3320
-2949
-2612
-2349
-2132
-1938
-1762
-1589
-1435
-1295
-1168
-1066
-972
-877
-770
-668
-565
-464
-361
-271
-188
-124
-64
2
51
90
131
161
188
206
242
257
257
254
239
236
234
228
207
194
182
164
152
143
126
107
84
57
28
0
-13
-37
-65
-102
-125
-122
-115
-121
-135
-143
-142
-161
-163
-161
-151
-122
-109
-91
-81
-71
-59
-54
-24
-22
-32
-11
-2
-1
4
27
46
41
38
32
24
37
33
32
17
33
35
27
16
30
61
76
60
58
50
68
62
49
53
46
51
58
46
43
33
37
48
52
52
71
86
96
109
114
93
95
87
73
61
34
19
17
22
32
46
52
59
83
87
105
141
157
159
168
189
200
192
205
212
212
225
212
197
175
182
182
168
163
159
161
161
158
165
166
188
191
184
173
147
135
136
128
108
71
55
36
17
7
-2
6
30
38
72
100
129
162
207
262
314
382
433
474
488
495
500
513
546
583
612
626
656
721
793
848
866
842
793
728
645
580
519
452
343
223
91
-47
-146
-214
-242
-198
-177
-230
-312
-368
-405
-396
-377
-380
-401
-443
-475
-465
-454
-447
-471
-477
-442
-410
-417
-470
-552
-607
-627
-607
-570
-525
-484
-451
-383
-334
-307
-307
-343
-381
-423
-437
-415
-354
-290
-241
-198
-160
-152
-165
-178
-174
-172
-157
-89
-34
8
9
19
14
28
23
16
37
62
76
71
59
80
92
107
129
136
143
149
160
151
134
139
137
133
125
100
89
94
89
67
45
48
36
34
17
4
17
16
3
-9
-1
12
26
24
10
14
30
36
48
56
59
70
65
61
57
61
74
80
83
72
79
87
104
115
117
131
150
159
156
134
146
141
122
114
118
127
134
130
122
108
122
115
117
105
107
131
150
155
153
130
125
109
87
71
61
66
69
66
47
55
62
60
60
73
76
72
66
69
57
46
49
39
46
31
35
50
44
34
14
16
50
71
59
43
31
32
34
40
10
-7
-5
7
8
11
-6
-21
-28
-21
-9
4
6
-1
-2
-16
6
11
0
-5
-9
0
-8
-11
-23
-50
-56
-48
-36
-50
-67
-54
-30
-11
-15
-24
-12
-9
-8
-20
-11
-16
-19
-13
-32
-50
-39
-54
-58
-54
-57
-47
-37
-26
-25
-21
-24
-30
2
5
3
-8
-6
11
5
-5
-17
-20
-23
-22
-21
-30
-50
-54
-40
-35
-24
-5
15
20
32
37
50
49
43
48
36
28
23
28
12
-10
-13
-15
-21
-34
-41
-39
-35
-3
8
26
24
13
23
43
55
51
24
20
28
28
26
22
15
14
7
25
22
51
56
39
30
30
27
27
34
37
39
52
36
29
22
15
22
25
26
19
10
18
35
55
49
33
22
22
33
11
12
28
25
27
10
-7
-5
-2
16
24
37
34
22
36
48
46
47
36
36
26
22
31
22
21
12
-4
2
3
7
16
24
29
41
51
46
33
36
26
29
25
19
8
-21
-26
-35
-33
-32
-33
-26
-12
-5
-3
3
23
31
31
35
24
3
-9
-11
-7
9
5
-16
-31
-46
-58
-73
-73
-55
-46
-42
-45
-28
-12
-28
-22
3
0
1
-12
-16
-26
-26
-37
-54
-73
-75
-68
-60
-49
-43
-49
-53
-48
-31
-28
-37
-43
-42
-34
-32
-48
-65
-71
-72
-84
-78
-67
-73
-69
-64
-68
-51
-46
-49
-58
-64
-52
-41
-35
-42
-58
-66
-65
-61
-87
-93
-109
-111
-81
-69
-62
-56
-58
-45
-25
-18
-28
-47
-50
-72
-73
-78
-77
-79
-91
-98
-109
-110
-112
-116
-101
-93
-78
-80
-69
-43
-34
-33
-27
-42
-52
-64
-64
-59
-75
-88
-85
-74
-69
-72
-59
-50
-45
-36
-47
-35
-28
-22
-25
-18
-25
-47
-41
-42
-31
-29
-32
-35
-40
-40
-25
-21
-30
-39
-19
2
-1
-1
-1
-6
-5
0
-13
-30
-41
-35
-45
-54
-57
-52
-36
-27
-26
-28
-14
-14
-9
0
-9
9
15
4
0
-5
-14
-23
-25
-39
-49
-54
-49
-39
-17
-6
-16
-23
-9
-20
-25
-7
0
8
14
1
-24
-19
-14
-34
-53
-44
-61
-78
-75
-66
-64
-60
-54
-38
-18
-1
-5
-9
-24
-26
-20
-4
-15
-37
-49
-32
-31
-31
-32
-41
-70
-74
-53
-29
-9
-26
-42
-42
-34
-29
3
10
2
-6
-19
-37
-43
-30
-17
-32
-58
-63
-75
-66
-57
-62
-53
-46
-43
-38
-5
15
-3
-12
-1
-2
0
-2
-13
-35
-48
-49
-48
-54
-37
-34
-59
-74
-73
-51
-28
-11
-11
-12
-14
-13
-9
-24
-21
-26
-34
-40
-40
-37
-39
-32
-36
-35
-14
-1
15
18
27
31
15
13
5
-3
-8
-12
-20
-24
-35
-20
-26
-24
-17
6
15
16
29
22
13
14
1
-1
-14
-10
6
-7
-10
-17
-12
-4
3
4
-21
-28
-18
7
16
25
29
47
49
27
11
13
2
-18
-25
-32
-17
-16
-21
-15
-16
-23
-27
-11
-3
-9
10
33
53
58
64
65
44
52
29
6
5
2
4
5
6
-5
-2
-3
-18
-7
18
18
19
9
27
42
46
53
57
48
31
21
15
14
34
21
-3
-15
-6
3
2
3
-4
3
15
40
70
72
66
86
85
89
80
83
86
51
38
31
20
17
19
18
-1
-3
-12
-17
-7
9
20
36
44
37
35
35
34
29
31
31
21
17
24
19
14
18
18
15
11
18
34
33
31
54
60
61
36
32
20
-2
-2
-5
-6
8
10
12
1
16
25
31
52
72
74
57
40
57
62
42
33
28
22
4
-1
-3
4
7
3
14
33
48
55
43
46
56
62
59
65
77
58
41
45
29
16
6
5
14
32
41
52
38
25
29
47
58
57
45
47
56
51
54
61
47
43
41
35
12
0
-2
-2
18
39
48
50
61
65
64
68
55
55
63
65
52
38
47
57
43
30
2
-14
-4
-4
0
5
30
56
53
68
72
76
78
71
71
71
66
43
25
34
36
31
23
27
28
23
23
23
25
27
26
35
31
40
42
46
50
43
53
45
25
20
20
14
1
11
26
34
32
46
56
73
81
74
56
67
73
65
80
69
54
38
44
44
36
41
48
65
82
72
69
80
80
79
71
63
60
61
50
36
28
34
35
52
64
73
75
62
55
52
59
57
49
38
48
56
51
51
57
49
48
41
36
49
65
67
81
69
50
29
16
5
12
13
21
46
66
80
73
79
92
92
77
49
45
32
18
21
22
23
19
7
7
24
34
38
53
62
49
54
66
57
52
41
38
30
20
25
14
19
26
39
49
57
54
48
58
55
47
52
43
34
34
29
15
-10
-5
13
10
16
32
30
16
15
12
19
23
16
20
22
9
-3
-8
-4
-5
-14
-16
-21
-23
-28
-19
-16
-23
-22
-22
-23
-8
-9
-3
-10
-13
-9
-28
-36
-33
-22
-28
-48
-46
-41
-36
-31
-17
-2
-14
2
19
23
32
24
9
-16
-31
-25
-35
-41
-28
-32
-26
-12
-15
-35
-21
-21
-20
-11
-7
-14
1
2
3
-12
-27
-38
-33
-20
-29
-42
-45
-35
-19
-14
-14
-21
-29
-16
-13
0
0
1
-5
-16
-12
-22
-30
-35
-49
-57
-61
-62
-64
-54
-43
-36
-30
-21
-5
0
4
0
-9
-20
-39
-43
-38
-45
-44
-38
-47
-61
-70
-56
-42
-31
-18
-13
-15
-5
-4
-31
-39
-27
-32
-40
-42
-45
-38
-22
-5
2
12
12
3
-18
-42
-55
-46
-32
-45
-58
-60
-51
-57
-54
-53
-44
-28
-21
-18
-26
-8
8
11
17
11
3
-7
-9
-11
-31
-37
-36
-37
-41
-57
-53
-44
-38
-25
-16
0
7
5
7
1
-16
-12
-10
-15
-30
-33
-34
-27
-32
-38
-22
-11
-8
-21
-22
7
11
20
33
35
31
29
24
26
18
4
-21
-17
-11
-26
-40
-18
-3
-9
2
11
35
40
44
36
31
26
28
25
34
25
8
8
7
10
8
-2
-6
-3
2
7
23
37
35
28
35
46
36
26
38
34
46
33
0
-7
-4
15
27
29
42
51
53
54
54
42
41
43
29
19
19
10
3
1
-7
-7
4
-2
-15
-4
28
51
73
92
101
128
154
182
190
185
181
201
204
198
196
204
216
235
237
257
264
259
269
284
317
355
382
422
437
421
400
404
419
448
499
540
559
554
506
425
292
113
-29
-150
-247
-364
-512
-668
-808
-849
-807
-721
-605
-551
-505
-203
299
1008
2043
3492
4897
5618
5721
5199
3302
-2314
-13725
-26140
-28259
-20567
-14353
-13951
-16919
-21174
-24911
-24868
-19201
-12188
-9711
-11917
-15529
-18206
-19228
-19232
-16961
-10409
660
14304
26483
34545
38637
39717
38647
36378
33273
29604
25784
21550
16551
11384
6350
2011
-1127
-2901
-3622
-3982
-4123
-4187
-4138
-4026
-3907
-3759
-3534
-3259
-2978
-2731
-2541
-2389
-2252
-2135
-2011
-1872
-1733
-1598
-1485
-1360
-1244
-1102
-973
-847
-726
-613
-503
-388
-300
-230
-159
-72
0
71
141
179
226
280
305
328
337
352
355
363
362
342
332
330
335
321
298
279
269
246
220
174
138
109
76
63
51
33
11
1
0
5
8
16
10
1
-7
10
16
33
45
43
54
53
69
74
97
102
114
126
133
138
146
145
131
135
165
163
138
146
144
137
140
132
117
104
107
120
137
152
160
161
160
174
151
134
130
123
118
113
95
77
75
74
61
57
53
59
74
92
103
114
122
132
122
101
96
94
101
79
57
67
80
104
87
105
122
122
135
161
176
182
192
196
192
193
213
200
199
173
165
160
146
133
129
130
137
141
136
113
103
134
134
118
91
66
40
36
37
30
2
-31
-44
-57
-74
-97
-99
-115
-136
-126
-73
-40
-15
19
47
97
154
209
258
287
325
352
373
374
409
453
488
508
532
580
652
715
749
727
686
635
595
555
492
428
341
233
111
-19
-130
-226
-247
-215
-214
-248
-300
-366
-419
-425
-413
-405
-421
-457
-484
-475
-461
-436
-445
-444
-395
-364
-359
-412
-490
-543
-542
-497
-445
-421
-396
-384
-335
-285
-273
-255
-265
-292
-337
-358
-336
-267
-185
-140
-113
-76
-58
-64
-96
-101
-86
-46
3
46
90
118
103
80
89
104
89
78
92
84
83
90
90
76
88
97
106
123
131
131
135
145
151
150
139
115
84
67
56
62
58
38
18
-6
-12
-22
-31
-31
-24
-36
-35
-25
-20
-32
-23
2
16
35
42
30
25
33
54
62
83
95
108
118
126
124
126
131
128
120
118
101
112
128
124
141
158
135
127
110
107
113
128
139
139
137
135
125
106
103
91
72
61
44
44
52
58
61
51
57
61
58
79
71
59
62
46
45
41
49
46
43
33
25
39
44
25
21
7
36
47
42
37
35
32
40
28
11
5
1
-10
-5
-6
-21
-22
-9
-7
-7
-9
-28
-31
-20
-16
-33
-30
-32
-29
-27
-21
-26
-38
-45
-57
-74
-72
-59
-52
-53
-34
-22
-13
-10
-28
-39
-45
-47
-49
-56
-85
-104
-98
-88
-89
-92
-90
-107
-96
-93
-79
-61
-44
-24
-2
12
7
-16
-39
-52
-39
-25
-35
-42
-63
-74
-72
-56
-38
-33
-30
-28
-22
-17
-15
-9
-4
2
-4
3
9
-7
-8
-24
-26
-29
-34
-34
-42
-25
-5
-2
2
17
-5
-8
-3
4
12
16
12
8
11
9
6
21
12
-10
-27
-13
6
17
25
30
35
44
33
33
30
39
25
3
3
12
20
32
35
39
52
57
57
68
67
59
50
41
42
41
36
11
8
13
14
28
27
11
8
19
29
25
23
33
28
37
42
35
37
31
25
16
11
13
5
20
30
22
22
19
31
39
43
39
31
39
42
27
14
-4
-13
-31
-47
-31
-27
-16
-11
-8
5
18
27
24
8
0
1
7
18
5
-8
-14
-5
-7
-10
-16
-13
-7
-2
4
-10
-10
-4
7
15
8
7
-6
-17
-25
-42
-40
-21
-43
-55
-52
-44
-32
-16
-1
3
3
-7
-7
-6
-9
-8
-20
-36
-36
-35
-21
-32
-50
-57
-55
-41
-27
-23
-19
-28
-27
-9
-2
-23
-41
-46
-53
-67
-84
-89
-87
-81
-79
-68
-48
-40
-43
-52
-53
-35
-22
-22
-17
-19
-24
-24
-44
-69
-86
-86
-76
-74
-73
-77
-78
-56
-41
-40
-42
-42
-39
-57
-73
-61
-52
-69
-72
-67
-75
-69
-71
-79
-80
-91
-99
-85
-80
-75
-60
-47
-56
-66
-73
-91
-97
-91
-80
-63
-62
-73
-85
-82
-93
-78
-51
-48
-33
-37
-34
-25
-37
-42
-39
-37
-45
-38
-40
-55
-56
-54
-53
-49
-34
-24
-30
-38
-33
-18
-4
1
0
-2
5
7
-9
-27
-39
-51
-51
-43
-52
-50
-48
-32
-33
-34
-39
-40
-17
22
44
40
36
40
43
26
5
-1
-4
-14
-10
-30
-34
-41
-45
-45
-44
-28
-10
-4
12
14
14
25
13
13
12
3
-19
-17
-13
-21
-24
-23
-27
-14
8
9
2
3
-3
0
2
-12
-32
-39
-31
-5
-2
-17
-27
-32
-21
-16
-15
-28
-29
-16
-13
-3
7
4
-8
-19
-27
-26
-23
-26
-34
-29
-26
-14
-8
-22
-18
-19
-14
-23
-34
-21
-14
-15
-13
-19
-13
-9
3
6
-10
-10
-17
-32
-34
-20
-12
-5
-13
-3
0
-6
-7
-6
-6
-5
-15
-11
1
5
5
2
-6
-4
3
-8
-23
-29
-25
-22
-15
-23
-17
-15
-12
-6
4
6
12
1
-1
-10
-4
10
-6
-22
-25
-29
-37
-51
-53
-52
-39
-20
-4
7
6
19
30
34
36
28
20
11
17
19
16
22
20
4
5
11
9
2
-23
-24
-20
0
15
27
32
26
33
40
38
21
5
11
1
-9
-1
3
-4
-13
-21
-29
-43
-38
-21
10
33
40
35
29
27
24
29
20
4
-9
-22
-21
-8
5
11
-2
-10
0
1
22
24
34
37
23
26
39
39
36
17
7
0
-4
0
-11
-13
1
17
23
28
18
22
29
37
36
38
33
12
-7
-8
-4
5
23
23
23
9
19
24
12
15
28
26
35
31
30
20
23
15
2
-8
-14
-18
-9
-9
14
27
31
29
36
44
29
25
40
47
37
43
48
40
18
1
15
16
11
-2
-7
-2
6
19
35
39
41
55
53
39
39
38
28
16
-1
19
18
14
12
6
-7
-1
12
26
32
23
30
36
33
33
32
30
31
32
25
3
-5
-11
-32
-26
-12
9
19
31
29
30
31
45
55
57
40
45
46
42
43
22
14
13
11
-6
-7
-5
-14
5
13
13
17
37
50
49
44
53
39
34
33
28
25
15
11
5
8
16
8
10
21
35
41
51
42
42
59
65
52
70
64
65
63
42
36
30
12
-7
2
5
10
16
20
28
39
42
49
47
47
57
61
65
45
23
28
38
37
19
8
-7
0
21
35
38
37
45
39
26
30
35
37
41
58
56
42
42
28
15
25
24
16
24
40
33
34
40
51
53
50
42
34
35
35
33
40
33
28
22
25
25
25
28
25
36
50
50
45
45
69
97
92
79
78
65
50
27
2
0
3
19
35
32
38
32
36
37
30
35
36
40
59
59
56
47
40
29
12
15
5
4
8
13
8
20
40
38
45
66
55
50
55
48
38
27
24
18
4
-10
-4
12
12
25
26
26
34
32
19
25
24
33
41
27
15
18
22
21
29
29
23
20
10
11
25
25
35
37
42
47
52
49
21
15
5
7
7
14
12
-2
-14
-12
-10
3
15
29
29
24
26
31
28
15
9
-14
-28
-12
-12
-14
-18
-23
-7
-4
-10
-18
-9
9
-9
-23
-10
7
-3
-7
-13
-29
-21
-20
-16
-22
-25
-31
-28
-20
-10
-7
-9
-9
-5
10
2
-20
-19
-31
-41
-41
-47
-36
-29
-29
-24
-33
-19
-17
-4
-4
2
-12
-20
-12
-24
-27
-23
-34
-55
-55
-38
-41
-42
-27
-19
-26
-21
-20
-24
-23
-2
-14
-28
-47
-53
-40
-41
-30
-17
-3
-1
-11
-25
-33
-37
-36
-26
-17
-19
-18
-16
-19
-16
-22
-33
-38
-31
-34
-42
-24
-15
-9
-2
-6
-28
-29
-33
-33
-31
-21
-33
-46
-43
-48
-52
-55
-59
-48
-42
-13
-8
-9
-1
-7
-12
-7
-12
-28
-41
-35
-31
-33
-41
-58
-58
-60
-65
-49
-43
-39
-17
-5
-6
-4
1
5
7
5
-3
-2
3
-5
-23
-36
-29
-36
-45
-56
-46
-48
-29
-20
-5
6
28
21
6
-10
-7
-18
-25
-26
-26
-21
-19
-35
-52
-61
-58
-39
-25
-10
-2
-8
6
15
7
-8
-12
-11
-13
-17
-33
-43
-33
-29
-38
-33
-21
-18
-25
-25
-13
1
13
21
17
26
33
35
45
28
7
1
-21
-44
-53
-42
-31
-31
-34
-31
-27
-16
-3
8
0
9
13
3
5
17
28
28
19
3
-21
-24
-24
-21
-26
-36
-42
-25
-12
-13
-3
9
9
33
30
19
21
25
30
23
5
-5
3
-4
-18
-25
-17
-9
11
5
3
7
18
35
47
29
28
24
15
4
-2
-8
-25
-27
-36
-34
-32
-41
-30
-26
6
25
44
66
74
108
154
201
218
213
214
218
222
217
231
256
275
294
301
319
334
316
313
319
311
315
330
369
366
345
348
384
449
517
567
579
571
576
534
417
236
56
-75
-213
-338
-445
-573
-695
-750
-741
-697
-627
-564
-551
-346
157
875
1899
3176
4456
5076
5001
4115
1413
-5558
-18408
-30301
-31112
-23233
-15686
-11114
-8391
-6721
-3589
-645
-826
-2554
-6246
-10615
-13922
-16338
-18552
-21030
-22882
-21278
-13758
-642
14569
27404
35335
39035
39772
38040
34512
29922
24929
20154
15639
11374
7031
3058
-379
-3195
-5222
-6272
-6516
-6388
-6112
-5751
-5320
-4895
-4472
-4050
-3619
-3195
-2824
-2483
-2195
-1946
-1746
-1583
-1444
-1291
-1149
-1028
-916
-827
-734
-626
-537
-456
-370
-292
-203
-126
-79
-22
39
84
115
160
180
197
221
242
243
236
232
237
230
222
218
194
190
191
176
127
103
63
51
39
18
-19
-34
-54
-90
-109
-124
-136
-141
-148
-163
-153
-144
-146
-156
-152
-134
-113
-104
-87
-72
-62
-36
-23
-10
-2
7
18
28
46
53
64
60
40
37
41
50
46
44
48
38
38
27
23
16
25
10
11
39
54
53
73
76
66
47
55
50
40
34
22
1
-9
-1
-3
-19
7
16
24
41
28
19
32
41
46
47
62
55
45
47
39
43
65
74
58
51
76
93
120
143
149
164
179
182
196
218
248
252
247
249
240
239
230
222
195
176
167
162
174
162
156
185
183
171
153
155
156
144
125
95
72
54
29
23
23
34
33
29
50
80
120
153
202
259
299
334
381
409
425
429
423
428
442
471
503
542
556
593
656
714
763
789
766
692
619
552
477
408
325
226
121
-7
-149
-255
-308
-285
-227
-201
-231
-301
-350
-378
-357
-367
-378
-384
-425
-478
-490
-483
-485
-481
-470
-449
-432
-470
-533
-597
-662
-706
-697
-659
-612
-554
-525
-487
-427
-377
-354
-376
-417
-449
-462
-446
-380
-305
-238
-198
-152
-120
-149
-160
-159
-141
-142
-146
-98
-42
2
57
98
126
128
129
120
104
122
117
104
109
108
115
115
115
121
120
119
121
122
130
125
107
70
65
61
61
44
14
9
-7
-27
-46
-50
-62
-79
-89
-92
-90
-83
-85
-73
-69
-62
-34
-27
-8
17
31
54
62
62
57
82
97
102
105
108
115
118
120
119
111
115
114
92
98
95
77
100
116
123
124
122
121
123
117
108
112
125
101
83
62
59
56
47
58
63
80
83
90
87
82
85
80
71
64
66
51
29
24
23
16
22
24
32
42
44
48
63
61
46
43
43
42
32
21
18
25
23
22
8
19
15
8
19
27
30
27
31
49
42
37
15
12
24
10
-4
-4
-23
-14
-20
-10
1
14
19
6
1
6
11
19
27
36
18
24
26
1
-13
-15
-32
-56
-53
-39
-38
-12
-9
-6
4
8
15
18
26
35
36
37
38
33
33
18
-1
8
19
7
-8
4
9
-1
13
26
37
54
71
74
69
79
65
56
60
50
42
28
30
26
21
28
24
14
32
52
49
39
31
39
55
54
53
56
43
34
24
18
21
16
24
33
10
22
42
44
33
36
48
41
31
25
23
31
30
47
58
69
69
72
81
74
50
44
57
69
72
68
72
69
68
61
67
86
93
84
49
48
67
84
79
62
51
46
41
40
42
49
52
59
40
23
39
59
62
44
27
40
38
63
75
52
48
49
56
56
73
84
73
46
39
50
54
46
29
11
10
15
19
16
5
5
13
15
18
24
24
15
14
29
24
4
8
1
-5
-1
-7
-3
-10
-2
8
20
29
18
14
2
-8
-15
-20
-27
-17
5
14
13
12
8
14
19
0
-11
-8
-2
-21
-19
-21
-28
-37
-46
-37
-27
-24
-20
-30
-28
-14
-4
-1
-5
-18
-33
-45
-34
-44
-54
-48
-46
-56
-55
-33
-28
-34
-45
-62
-56
-46
-34
-31
-43
-55
-69
-63
-54
-47
-66
-87
-84
-77
-78
-66
-50
-37
-32
-38
-51
-49
-54
-59
-53
-60
-59
-54
-56
-72
-68
-61
-66
-61
-52
-46
-48
-46
-57
-72
-69
-64
-77
-75
-79
-84
-82
-80
-83
-87
-86
-71
-44
-40
-33
-23
-20
-15
-19
-19
-26
-30
-51
-63
-72
-71
-82
-70
-54
-48
-26
-6
-6
-2
5
8
5
17
11
4
10
21
11
-6
-26
-46
-53
-52
-45
-39
-23
-17
-20
-1
2
-2
9
14
17
14
22
17
17
14
15
18
17
-8
-23
-31
-21
-8
1
23
32
50
67
58
64
60
49
46
36
20
10
5
21
21
13
23
41
50
49
48
52
42
46
37
47
53
46
36
27
12
-7
-7
-2
8
13
17
25
30
36
26
19
30
34
35
32
35
41
27
19
18
13
1
-5
-2
-17
-6
18
23
36
36
28
34
33
35
33
25
27
14
11
5
7
15
3
5
26
43
28
12
17
24
10
-18
-6
-5
-6
12
21
19
18
6
-5
-7
-8
-8
-3
13
35
56
60
53
45
26
21
20
11
5
5
5
13
16
23
21
32
26
51
56
48
67
66
57
64
57
51
48
41
42
41
39
23
8
11
13
16
19
24
38
61
61
54
43
42
39
38
29
37
33
21
16
14
21
33
29
12
12
11
12
39
50
51
56
56
64
59
42
27
19
16
8
-5
-3
-8
-17
-29
-3
16
29
27
25
26
40
36
36
34
33
35
28
28
19
29
31
25
31
29
29
33
41
50
50
52
52
44
31
20
22
15
18
20
3
6
14
22
25
28
44
45
56
55
51
62
56
23
4
-2
1
1
-1
-6
4
21
22
41
59
37
16
7
2
4
10
-6
1
-2
5
21
17
13
16
7
13
21
19
27
26
19
29
42
39
26
21
13
16
16
27
35
29
24
20
31
44
53
54
53
57
61
45
40
43
31
7
0
6
21
30
34
42
41
28
36
44
51
67
70
60
45
31
22
17
20
22
14
7
1
9
21
30
29
33
29
31
28
22
15
28
31
25
24
26
25
13
16
7
0
11
29
43
47
53
60
60
65
48
41
44
22
11
3
5
2
13
14
18
25
32
25
41
44
41
63
69
75
75
59
54
46
44
41
21
7
8
15
18
30
21
11
21
19
13
26
36
44
55
60
45
37
32
28
32
28
8
-6
-7
0
0
-8
-9
7
36
48
48
22
21
36
40
54
67
68
69
53
41
39
30
26
16
16
-2
-3
2
3
3
9
35
54
69
67
54
41
45
38
38
25
29
23
15
26
17
6
-3
-19
-12
6
23
32
32
48
52
64
56
45
40
32
34
17
21
12
-1
7
26
31
18
6
17
24
28
41
54
54
50
55
51
49
38
14
18
24
12
16
-3
-3
-9
4
13
29
25
20
27
27
29
36
32
43
46
40
43
20
10
10
1
0
-2
-2
3
1
2
22
32
27
26
16
24
7
-1
7
-4
-20
-11
3
0
-12
1
-2
-1
16
32
46
48
41
28
7
13
0
-2
6
-3
-12
-14
-31
-28
-14
6
21
23
16
14
20
13
22
19
1
5
15
19
20
11
-2
-26
-25
-22
-19
-10
-18
-7
11
9
16
34
33
20
10
4
0
-12
-48
-66
-54
-55
-60
-64
-52
-53
-57
-45
-42
-28
-20
-26
-33
-42
-7
6
-13
-10
-12
-19
-22
-25
-25
-33
-39
-40
-45
-42
-36
-31
-34
-31
-24
-26
-12
-2
17
18
8
16
1
-14
-26
-32
-40
-61
-70
-67
-73
-74
-78
-61
-61
-66
-62
-58
-35
-28
-33
-33
-23
-10
-12
-12
-17
-22
-26
-36
-57
-48
-32
-23
-31
-24
-15
-4
14
14
11
17
10
10
13
-3
-18
-34
-49
-64
-55
-35
-41
-80
-79
-61
-49
-27
-15
-21
-21
-1
-5
-18
-18
-29
-44
-47
-40
-39
-39
-27
-25
-42
-41
-41
-35
-20
-19
-24
-15
-16
-32
-47
-34
-9
-15
-21
-24
-38
-42
-36
-24
-33
-23
-17
-21
-24
-31
-24
-7
-2
-8
-22
-33
-51
-41
-30
-25
-27
-33
-39
-53
-44
-33
-32
-21
-15
-19
-28
-31
-33
-47
-35
-26
-23
-16
-18
-19
-18
-31
-23
-19
-13
-9
-13
-7
-21
-38
-42
-50
-30
-39
-39
-25
-22
8
9
16
