0
17
22
33
32
28
32
39
45
32
35
52
49
49
52
42
38
23
2
-13
-18
-28
-43
-47
-55
-50
-41
-42
-26
-22
7
28
40
56
54
58
73
84
84
56
51
57
65
58
33
19
23
17
22
15
45
49
32
43
50
66
61
54
54
37
37
54
57
50
60
69
68
60
48
30
18
1
15
23
30
52
61
81
84
76
84
76
73
85
90
82
59
36
17
10
21
16
11
12
20
42
51
63
63
65
68
80
84
60
59
79
67
58
53
54
57
69
78
72
70
83
76
80
79
70
55
38
44
44
47
50
46
44
37
46
51
58
76
85
78
56
54
38
35
34
33
18
-1
-1
2
11
7
6
16
28
32
50
50
38
42
47
42
36
33
21
8
-7
-12
-11
-4
-17
-29
-27
-15
-1
7
16
27
23
22
23
24
10
-8
-18
-31
-31
-41
-37
-26
-40
-41
-28
-17
-16
-17
-5
-11
7
6
0
6
23
29
9
-18
-46
-57
-51
-47
-44
-49
-48
-37
-32
-19
-34
-33
-28
-27
-33
-39
-35
-39
-39
-26
-29
-28
-31
-57
-64
-64
-50
-50
-55
-48
-36
-29
-27
-21
-4
6
0
-6
-13
-25
-50
-44
-44
-47
-54
-80
-87
-81
-85
-85
-82
-72
-62
-48
-35
-11
-10
-24
-51
-56
-32
-17
-20
-24
-37
-53
-47
-58
-66
-87
-108
-97
-81
-66
-52
-50
-49
-35
-19
-31
-48
-44
-37
-42
-62
-58
-53
-54
-63
-60
-50
-41
-31
-21
-24
-27
-31
-17
-26
-20
-20
-16
-22
-28
-32
-26
-21
-18
-20
-14
-11
-6
3
5
12
26
28
13
0
-13
-9
2
6
0
-6
-3
-11
5
9
6
9
16
30
24
16
7
3
7
9
16
32
34
21
17
18
16
22
35
36
39
29
12
22
16
13
28
32
33
28
28
35
39
30
35
38
38
38
45
39
44
47
30
17
9
24
33
14
15
10
13
-6
5
23
40
39
36
63
77
71
71
55
47
27
20
14
24
35
23
17
30
19
16
29
32
25
34
39
38
27
5
-1
11
17
6
-5
-1
2
9
25
21
27
35
46
49
30
23
37
38
23
-6
-18
-12
-11
-14
-17
-9
-15
-10
5
14
37
29
23
27
28
29
16
12
10
-3
-13
-27
-34
-27
-16
5
12
32
47
46
37
42
43
49
53
40
23
24
31
21
13
-1
0
9
20
25
24
25
42
32
27
44
50
25
31
21
18
4
-5
13
20
7
-5
-9
10
22
25
40
48
42
22
34
43
42
37
35
31
30
22
13
9
7
11
1
2
7
20
43
47
57
57
51
50
46
28
20
23
26
9
4
12
16
25
23
20
12
31
53
64
53
59
77
79
61
48
37
34
23
12
5
-9
9
8
21
26
17
26
30
29
36
47
44
39
40
34
28
35
23
9
-1
-8
-12
-15
5
33
43
59
53
52
65
61
43
29
18
6
12
17
23
13
8
17
30
40
37
36
37
49
50
44
41
37
30
29
16
13
16
27
45
35
11
27
41
65
73
66
44
28
32
50
50
36
24
17
15
20
18
12
32
46
56
64
48
35
38
50
47
43
31
9
7
13
25
25
26
21
29
26
32
46
61
67
66
50
35
36
24
16
-4
-11
-2
3
3
-3
-2
8
12
11
7
28
54
51
57
74
85
86
70
52
42
44
38
21
21
15
11
24
27
33
29
43
47
54
61
54
54
60
52
38
22
23
23
30
38
34
29
31
2
-15
-15
-3
18
32
29
35
49
62
56
35
25
36
31
32
30
21
7
-7
-9
-6
0
10
11
14
13
18
42
63
73
63
66
67
62
57
51
45
48
34
5
-3
5
7
5
17
37
41
42
47
37
34
42
45
30
38
33
21
7
2
0
1
19
31
37
33
28
46
62
62
58
45
34
22
22
22
9
22
32
39
34
22
19
25
37
38
43
64
59
40
21
18
10
-6
1
4
9
26
26
35
38
42
45
42
43
29
25
16
12
11
1
-5
0
8
8
3
21
28
28
28
33
31
35
39
45
46
45
26
10
-6
-11
-8
-15
-17
-23
-5
27
39
39
21
18
23
26
29
22
19
22
10
5
8
12
-2
-20
-19
-18
-17
13
31
37
36
39
36
23
11
12
4
-5
-11
-10
-15
-10
-20
-22
-15
-14
-2
-4
-8
-5
10
19
12
6
14
13
-4
-13
-23
-48
-50
-21
-21
-26
-24
-14
-6
-2
1
-19
-26
-31
-24
-12
-12
-12
-14
-8
-16
-44
-40
-43
-54
-38
-43
-49
-27
-22
-29
-21
-8
-3
9
7
-13
-28
-30
-24
-31
-57
-54
-44
-36
-27
-24
-18
-12
-5
-21
-19
-15
-18
-20
-10
-9
-8
-22
-20
-20
-31
-32
-32
-42
-44
-53
-38
-22
-15
-20
0
-7
-25
-27
-24
-36
-39
-34
-26
-32
-21
-20
-25
-38
-45
-42
-34
-17
-23
-25
-2
-1
-3
5
2
-25
-48
-55
-66
-55
-30
-20
-9
-10
-27
-28
-12
11
10
0
0
-15
-40
-48
-25
-9
-28
-35
-42
-42
-37
-48
-54
-58
-59
-42
-29
-25
-20
6
1
-20
-29
-31
-42
-44
-38
-50
-63
-57
-49
-51
-42
-47
-51
-41
-30
-12
-1
15
21
32
17
-3
-14
-14
-20
-28
-41
-33
-37
-49
-57
-48
-28
-22
-29
-33
-25
-9
-3
-11
-11
-5
19
22
-1
-5
-4
-7
-24
-22
-25
-38
-31
-27
-22
-15
-4
-5
3
15
10
6
6
11
10
0
4
9
8
10
7
-4
-9
-8
-10
-14
-15
-16
-11
17
10
3
10
15
26
31
23
6
-5
-10
-22
-21
-17
-17
-23
-28
-37
-38
-28
-32
-29
-11
4
2
-4
-2
7
6
26
10
-4
17
16
6
-23
-27
-28
-18
-10
-19
-28
-17
-1
11
1
17
43
66
68
48
42
53
46
14
0
-8
-15
-18
-25
-36
-48
-61
-50
-35
-25
1
30
62
95
125
169
214
240
258
276
281
288
308
321
342
370
393
387
386
386
389
381
390
388
388
432
467
477
477
485
519
570
631
680
703
731
728
647
451
204
-35
-243
-416
-594
-790
-985
-1136
-1219
-1266
-1257
-1220
-1245
-1028
-405
426
1410
2476
3708
4461
3981
995
-4897
-13237
-23070
-28763
-25931
-18852
-13330
-9444
-5013
-263
3486
5834
5144
507
-5294
-8838
-11316
-13837
-17050
-20506
-22695
-21123
-12440
2374
17452
28747
34983
37066
36536
34241
30443
25853
21110
16481
12199
8302
4833
1500
-1430
-3767
-5451
-6459
-6778
-6604
-6275
-5902
-5477
-5016
-4515
-4031
-3573
-3146
-2752
-2410
-2115
-1868
-1673
-1489
-1343
-1208
-1078
-960
-828
-725
-646
-561
-471
-388
-319
-240
-157
-93
-43
1
20
43
83
101
128
161
179
190
214
205
194
199
209
196
168
160
159
151
142
104
94
74
50
18
-1
-20
-37
-47
-55
-60
-80
-100
-96
-104
-112
-130
-137
-144
-134
-108
-100
-105
-99
-90
-86
-81
-78
-62
-60
-48
-37
-28
-9
-4
16
18
17
26
30
38
31
36
32
17
31
32
31
35
48
45
41
39
44
55
77
82
82
92
77
65
40
37
37
28
21
12
11
20
26
17
24
32
30
39
46
57
67
77
78
77
74
88
89
83
73
78
93
102
102
92
112
128
138
163
185
193
199
219
244
233
240
235
237
239
232
211
197
207
220
215
212
198
167
182
200
212
216
208
194
185
184
173
141
103
70
59
69
69
53
51
72
81
111
149
189
220
256
305
352
402
438
454
471
481
482
493
527
575
592
601
651
724
797
850
878
867
805
718
630
566
495
399
306
199
72
-77
-200
-255
-260
-210
-183
-222
-278
-339
-386
-360
-326
-319
-335
-375
-421
-457
-478
-502
-504
-481
-455
-453
-490
-531
-602
-663
-697
-717
-677
-631
-608
-585
-545
-471
-418
-393
-432
-488
-502
-514
-501
-454
-398
-352
-311
-263
-247
-258
-278
-287
-262
-245
-189
-137
-89
-41
-1
37
77
101
103
98
108
117
115
119
112
114
130
132
127
129
135
134
125
133
131
117
98
91
80
67
67
44
26
13
-18
-40
-51
-60
-72
-83
-83
-90
-93
-104
-104
-102
-100
-79
-77
-67
-32
-4
21
24
31
56
79
93
82
91
95
105
120
123
118
117
116
116
95
88
94
93
94
85
94
108
106
97
98
95
89
83
68
59
65
74
84
79
69
62
53
57
66
67
67
72
59
52
52
55
51
65
75
55
47
34
25
31
33
39
39
49
57
66
91
89
86
83
73
48
47
52
44
25
24
4
4
-15
-13
-11
-8
-6
-4
15
39
46
57
53
55
51
40
30
22
21
15
21
14
14
12
18
9
4
3
4
17
24
33
38
35
34
44
48
34
18
2
-11
-22
-27
-20
-25
-23
-25
-25
-5
-6
2
14
38
28
18
19
26
42
59
57
57
33
30
24
21
19
16
17
16
22
31
34
32
41
50
65
62
59
59
58
66
55
48
32
15
15
23
25
18
19
35
58
78
76
61
72
70
76
74
70
64
60
54
44
45
46
48
56
63
73
55
53
63
58
62
55
49
77
83
70
52
46
43
30
26
25
29
38
39
41
49
52
76
88
86
91
88
76
67
67
69
86
75
52
46
41
47
37
15
13
21
30
46
63
62
57
52
51
43
35
48
52
41
39
43
43
54
51
46
24
30
29
22
31
34
36
53
60
61
37
49
46
23
13
15
5
-3
1
4
-4
4
20
26
44
34
29
42
38
8
-12
-5
-6
-2
5
0
-6
-5
-13
-13
-1
3
-2
-1
4
-1
7
-3
-8
-22
-39
-47
-50
-46
-35
-24
1
2
-6
-7
1
-11
-18
-7
-8
4
17
8
-22
-45
-52
-58
-55
-47
-48
-54
-54
-55
-57
-38
-10
-6
-14
-3
2
-12
-30
-23
-31
-47
-43
-49
-43
-36
-45
-29
-14
-11
-36
-39
-31
-11
3
4
-13
-22
-23
-34
-26
-29
-47
-66
-54
-49
-54
-47
-41
-41
-39
-48
-55
-46
-35
-42
-46
-43
-51
-52
-49
-58
-67
-62
-61
-64
-65
-68
-69
-66
-67
-41
-26
-39
-49
-48
-54
-48
-44
-50
-58
-47
-48
-55
-58
-60
-56
-64
-71
-67
-64
-52
-43
-35
-37
-38
-27
-25
-20
-30
-20
-1
-9
-14
-33
-46
-50
-53
-46
-30
-17
-9
-3
11
11
22
24
19
25
31
41
32
16
8
3
-1
12
17
13
6
13
8
11
29
40
47
49
35
25
14
8
1
-2
0
4
-7
-11
-9
-3
-11
-6
1
0
16
21
35
48
48
39
51
55
36
30
8
-1
-16
-19
-1
1
-9
-4
7
16
15
19
31
42
36
17
5
9
12
19
11
-3
-11
-10
-10
0
17
35
45
41
21
13
6
12
22
14
6
0
11
12
-1
28
29
25
17
23
37
29
31
20
16
28
26
20
-6
-9
-3
8
11
-3
1
17
17
33
44
45
43
40
31
12
12
18
-4
2
8
-2
-2
-9
-12
-28
-26
0
5
7
12
28
28
16
17
13
22
26
11
4
-9
-9
2
-2
-5
9
24
14
8
29
30
23
34
29
11
10
13
15
17
14
24
23
11
7
4
3
9
9
13
22
28
43
43
54
51
35
28
22
5
-11
-8
-8
-10
-15
-17
-7
4
-10
-9
-7
20
38
62
69
65
51
45
36
34
33
32
24
10
-9
-8
-7
6
17
23
34
49
53
45
41
29
29
26
33
32
32
40
33
23
13
11
24
23
19
11
23
39
42
49
58
51
42
31
28
7
-5
-11
-18
-2
1
25
26
10
6
10
21
19
22
22
20
27
48
52
56
53
36
20
18
2
-7
2
11
22
32
42
34
34
46
46
52
60
41
39
35
21
35
36
25
10
5
12
15
13
12
26
38
43
54
43
44
47
43
32
15
7
-3
1
3
-1
-5
14
22
38
57
55
41
41
51
45
27
23
22
15
8
16
17
14
-5
-12
3
23
41
56
46
48
55
53
44
29
25
21
16
14
14
16
24
34
25
30
20
8
18
29
37
49
55
53
63
59
55
44
39
22
10
4
-7
-1
-3
-2
17
37
31
32
51
54
60
70
74
73
59
52
48
37
34
26
4
10
6
6
20
23
14
19
26
37
56
54
65
72
64
47
29
17
23
21
22
20
5
22
14
4
17
30
26
22
33
40
47
54
55
62
53
44
32
15
21
36
39
31
28
29
23
27
26
30
54
66
74
74
73
58
57
55
26
35
33
26
25
15
15
13
28
48
52
66
65
51
49
60
56
43
37
55
47
47
36
42
58
51
43
33
33
20
33
45
42
41
42
43
46
48
51
46
27
20
18
26
39
46
45
31
47
53
54
58
51
45
32
29
12
12
35
36
18
12
13
18
20
14
5
15
35
51
61
57
44
43
40
40
37
24
6
1
-4
-15
-14
1
-1
2
-11
-8
8
5
22
29
26
46
55
45
33
25
32
27
16
1
-2
3
-5
-17
2
18
17
12
5
-2
13
27
35
32
44
35
17
13
4
-15
-18
-19
-29
-46
-33
-31
-37
-25
-21
-16
-6
8
16
15
21
8
-3
9
1
-8
-13
-24
-50
-69
-49
-49
-58
-42
-40
-30
-7
9
-1
7
21
25
14
8
-10
-24
-23
-16
-1
-10
-15
-21
-31
-39
-40
-30
-36
-28
-12
-19
-14
7
5
9
-1
10
-3
-5
-19
-26
-31
-39
-38
-49
-58
-43
-38
-35
-37
-17
-24
-18
0
5
25
36
37
36
21
2
-11
-23
-34
-52
-59
-65
-66
-74
-84
-64
-52
-51
-41
-22
-23
-28
-13
-1
-6
-14
-7
-2
-10
-15
-9
-18
-31
-43
-48
-47
-36
-16
-21
-12
-8
-10
-16
-36
-24
-21
-15
1
-3
-34
-43
-29
-8
-12
-15
-29
-32
-28
-28
-23
-26
-30
-25
-13
3
8
15
5
-5
-14
-15
-34
-58
-53
-36
-35
-40
-40
-24
-15
-14
-14
-10
-9
-4
-8
-12
-3
0
-3
-21
-33
-43
-50
-42
-50
-47
-45
-53
-39
-42
-41
-43
-26
-2
10
6
16
22
35
24
3
-21
-31
-35
-36
-39
-42
-48
-48
-45
-35
-33
-28
-22
-8
0
-7
-15
-7
-2
-18
-31
-25
-29
-31
-31
-27
-39
-51
-53
-57
-44
-14
2
15
4
2
17
19
19
16
15
14
8
14
24
13
0
-10
-18
-21
-11
-22
-27
-18
-6
-16
1
31
24
9
27
38
48
65
54
26
23
37
34
12
5
-3
-26
-28
-21
-16
-23
-24
-21
-4
11
18
24
44
54
54
67
69
51
51
42
28
37
44
22
12
11
14
9
-15
-6
3
11
10
17
37
40
32
1
2
-3
-23
-30
-31
-37
-34
-30
-14
6
52
85
114
130
163
200
211
223
214
221
247
256
268
277
281
300
326
346
335
318
331
346
372
392
409
444
476
474
468
496
533
576
644
681
690
703
672
549
335
88
-130
-298
-434
-620
-800
-975
-1126
-1201
-1231
-1204
-1172
-1140
-825
-176
683
1790
3122
4491
5115
4707
2422
-2538
-10940
-21935
-28498
-25290
-17152
-11130
-9480
-10519
-11439
-10540
-9002
-6870
-5216
-6873
-10230
-13588
-16816
-19882
-21925
-20627
-13597
-857
14004
26843
35066
38940
39910
38702
35646
31548
26936
22156
17556
13417
9152
4994
1226
-1974
-4341
-5727
-6210
-6196
-6086
-5884
-5555
-5168
-4750
-4347
-3938
-3513
-3117
-2782
-2491
-2263
-2060
-1881
-1713
-1564
-1436
-1291
-1166
-1060
-956
-853
-755
-637
-505
-404
-320
-213
-138
-78
-10
29
66
111
146
179
207
237
249
261
270
272
263
252
244
221
203
192
184
164
144
124
97
68
34
7
-5
-30
-60
-70
-83
-95
-112
-124
-143
-139
-121
-131
-136
-126
-115
-95
-88
-63
-41
-32
-20
-20
-29
-26
-17
-12
-8
3
7
14
21
22
27
29
28
18
28
42
42
38
32
35
51
47
42
51
58
63
70
63
70
94
120
114
98
69
81
98
107
109
108
93
85
66
65
55
47
38
34
46
51
58
72
80
78
68
92
110
107
97
91
92
87
83
96
102
117
125
134
153
170
187
199
204
202
192
190
194
201
192
174
174
169
175
167
160
158
174
176
170
165
165
147
147
135
126
92
42
28
19
10
-8
-11
-2
-10
-4
4
28
71
113
154
195
244
308
341
373
406
435
439
437
476
526
560
581
603
664
743
805
841
838
812
765
694
615
560
501
431
310
161
20
-105
-191
-224
-223
-227
-259
-296
-341
-398
-406
-376
-360
-371
-439
-472
-477
-463
-447
-441
-427
-405
-373
-368
-417
-478
-530
-570
-556
-517
-477
-439
-389
-335
-294
-281
-284
-308
-346
-381
-390
-377
-332
-263
-210
-181
-169
-170
-180
-189
-180
-182
-159
-113
-80
-47
-23
3
18
15
26
45
62
59
52
63
74
94
97
105
127
137
150
142
158
155
148
150
141
124
106
96
98
89
75
58
44
45
28
11
11
13
5
6
16
15
12
9
6
16
34
53
42
37
58
65
70
80
82
78
86
94
111
121
131
130
126
106
106
123
135
146
146
154
162
155
159
159
149
158
150
125
108
119
119
113
104
93
102
126
135
136
118
140
125
106
112
103
89
85
86
84
71
68
68
78
89
73
60
77
78
77
71
78
80
74
78
70
67
59
49
31
28
27
20
25
23
19
15
19
23
23
31
42
36
20
7
6
20
4
-14
-32
-30
-27
-35
-29
-19
-22
-28
-21
-17
-14
5
-13
-12
-10
-20
-18
-29
-42
-43
-43
-26
-28
-42
-55
-67
-73
-54
-54
-38
-44
-30
-20
-11
-14
-27
-36
-40
-43
-50
-58
-76
-88
-79
-69
-68
-76
-79
-56
-51
-50
-41
-26
-5
4
3
16
-2
-18
-34
-43
-45
-40
-35
-35
-40
-42
-57
-64
-63
-45
-44
-25
3
5
3
0
-17
-36
-45
-43
-50
-57
-43
-39
-28
-5
-6
-15
0
3
-9
-12
-10
-3
3
15
15
-1
-9
-14
-10
2
12
12
-1
-11
-5
15
38
42
31
42
51
36
29
23
30
19
-4
-18
-17
2
12
5
20
27
37
39
51
45
51
47
28
47
54
40
31
25
12
5
-1
-8
-21
-23
-6
4
26
38
46
57
60
68
59
46
39
25
27
38
34
10
12
17
-9
-19
-13
5
11
12
17
24
46
57
48
38
35
24
21
22
6
10
9
-4
-5
-4
-6
-15
-27
-31
-28
-15
1
5
5
22
33
20
-5
-9
-6
2
8
-17
-22
-31
-45
-56
-43
-33
-48
-42
-34
-26
-24
-25
-13
-1
8
-8
-26
-40
-46
-53
-47
-43
-52
-61
-55
-48
-64
-53
-43
-40
-31
-42
-51
-43
-44
-58
-59
-57
-65
-65
-46
-40
-41
-58
-69
-61
-46
-39
-39
-39
-45
-48
-46
-51
-59
-57
-60
-65
-79
-71
-57
-52
-48
-58
-49
-43
-46
-52
-53
-56
-76
-81
-85
-70
-63
-72
-69
-62
-55
-54
-57
-45
-42
-37
-41
-56
-57
-62
-71
-67
-60
-59
-76
-74
-83
-87
-79
-86
-75
-55
-50
-45
-49
-52
-61
-69
-68
-74
-64
-60
-82
-91
-94
-78
-70
-77
-71
-67
-49
-24
-17
-10
-6
-3
-10
-6
-7
-5
0
-14
-17
-21
-37
-49
-47
-48
-40
-22
-12
-4
2
-4
-7
-12
-25
-21
-14
-18
-26
-21
-29
-40
-42
-31
-31
-29
-38
-28
-17
-4
26
30
29
34
26
10
-1
-6
-14
-19
-32
-37
-39
-47
-41
-35
-24
-11
13
8
-11
-14
-1
1
-4
-15
-19
-9
-22
-35
-52
-46
-31
-32
-30
-47
-39
-17
5
7
-7
-11
4
-2
-16
-18
-26
-26
-19
-17
-25
-41
-49
-44
-26
-41
-41
-31
-34
-30
-12
4
7
-7
-14
-32
-37
-36
-38
-43
-47
-50
-41
-35
-21
-21
-14
-13
-26
-33
-40
-43
-49
-52
-62
-64
-59
-46
-34
-34
-21
8
12
20
19
18
9
-4
-13
-30
-30
-25
-43
-51
-49
-50
-40
-29
-32
-47
-40
-21
-9
6
9
17
14
2
-2
3
3
-7
-11
-14
-38
-48
-54
-48
-37
-44
-29
-27
-8
8
11
20
16
13
11
-4
-15
-39
-32
-21
-28
-29
-37
-30
-31
-25
-22
-20
-20
-25
-24
-17
-23
-16
-12
-1
7
-8
-16
-31
-33
-21
-9
1
-14
-15
-19
-26
-10
-6
-9
8
22
26
11
14
17
7
9
1
-15
-14
-15
-1
3
-5
4
3
5
22
33
25
14
3
-1
11
3
3
7
7
8
4
-7
-6
-9
-11
-19
-16
-18
-12
7
21
20
7
13
18
7
7
1
-16
-11
-2
-11
-27
-15
13
16
23
24
17
29
30
33
30
33
30
3
1
-11
2
17
23
14
11
27
29
43
59
62
67
59
38
20
32
38
24
22
12
9
-4
-10
2
14
22
28
33
24
24
20
43
61
63
46
45
24
18
22
23
28
43
33
20
14
16
13
9
8
6
12
28
24
20
30
42
26
25
39
26
13
5
-2
-3
10
22
15
10
16
29
47
46
25
13
28
19
-4
4
0
-4
-2
11
31
37
44
63
63
63
46
35
41
32
23
10
13
31
29
43
35
42
64
73
80
65
56
52
50
34
26
24
14
16
11
5
16
17
5
14
33
49
43
29
26
22
33
50
41
32
36
32
24
48
52
38
37
26
19
22
21
40
56
49
56
72
81
69
60
55
50
55
50
43
29
20
31
26
28
34
47
56
43
41
56
80
76
70
72
70
71
67
50
52
46
32
17
9
12
18
27
40
48
35
25
38
48
57
56
56
70
94
85
58
60
54
44
34
16
2
11
10
1
-10
21
55
65
80
67
62
70
67
66
71
75
66
69
74
69
59
59
49
47
52
62
64
79
89
80
87
77
57
53
54
50
49
54
52
44
57
73
83
67
67
68
66
67
63
58
50
34
36
28
40
45
41
48
64
52
45
39
39
25
31
51
45
52
58
51
47
39
28
10
5
9
1
25
30
38
44
36
43
42
63
72
60
49
47
52
53
26
9
-1
-10
-20
-20
-16
-23
-10
7
3
6
8
39
34
27
38
25
23
22
22
10
3
-8
-21
-33
-42
-36
-21
-24
-23
-39
-29
-8
-4
1
4
-6
2
-2
-18
-37
-32
-47
-66
-50
-47
-52
-64
-72
-65
-72
-68
-75
-70
-57
-62
-56
-49
-49
-68
-76
-63
-71
-85
-89
-90
-93
-84
-69
-69
-81
-76
-70
-60
-72
-88
-89
-102
-115
-128
-117
-123
-131
-123
-133
-162
-163
-180
-201
-215
-224
-240
-245
-230
-220
-218
-213
-194
-192
-195
-168
-147
-132
-123
-117
-122
-110
-112
-111
-96
-81
-76
-67
-46
-27
-13
5
14
5
20
44
54
57
57
47
45
47
37
31
36
21
6
3
-27
-39
-49
-72
-92
-115
-140
-165
-190
-227
-268
-311
-329
-360
-400
-437
-455
-483
-486
-473
-476
-475
-453
-446
-448
-456
-458
-472
-464
-446
-442
-456
-450
-444
-444
-445
-454
-465
-455
-425
-394
-367
-354
-369
-381
-399
-429
-486
-544
-570
-601
-642
-670
-676
-670
-646
-628
-641
-652
-676
-715
-767
-837
-892
-955
-995
-1024
-1045
-1043
-1048
-1066
-1045
-1056
-1098
-1140
-1159
-1173
-1208
-1247
-1262
-1274
-1304
-1341
-1363
-1405
-1441
-1464
-1489
-1512
-1516
-1505
-1484
-1446
-1401
-1362
-1311
-1247
-1197
-1151
-1096
-1022
-940
-855
-773
-697
-606
-522
-415
-322
-213
-106
3
128
262
387
511
599
690
784
888
979
1062
1148
1240
1334
1438
1524
1599
1660
1708
1786
1858
1906
1912
1933
1958
1925
1878
1844
1825
1835
1845
1853
1856
1887
1920
1931
1929
1910
1919
1935
1922
1901
1908
1921
1897
1869
1842
1808
1762
1695
1610
1520
1400
1326
1249
1163
1074
996
949
899
848
821
805
779
721
679
663
657
663
693
728
742
723
687
645
594
485
318
192
79
-60
-250
-438
-605
-703
-725
-680
-597
-493
-510
-491
-242
239
913
1881
3186
4303
4712
4564
3713
1506
-4420
-14999
-22530
-19996
-14479
-15194
-20341
-26453
-31067
-31449
-27020
-17987
-8962
-6425
-8838
-12458
-14533
-12275
-4256
8498
22015
32062
37054
37831
36128
33027
29196
25161
21265
17518
14005
10983
8291
5477
2712
103
-2132
-3787
-4806
-5168
-5042
-4847
-4627
-4379
-4094
-3780
-3438
-3122
-2792
-2479
-2176
-1919
-1708
-1524
-1374
-1259
-1136
-1007
-900
-821
-729
-633
-556
-488
-416
-348
-270
-193
-90
-2
64
134
201
240
266
298
326
343
344
347
350
344
330
320
312
298
273
238
207
176
151
129
119
101
76
60
57
42
22
4
-4
-19
-10
-10
-20
-18
-15
0
10
21
38
43
54
65
68
70
77
79
79
93
105
106
98
77
81
95
91
94
113
132
139
153
154
154
172
181
190
174
163
173
177
187
179
176
186
189
193
200
222
212
195
211
220
222
231
251
251
246
256
258
246
248
236
221
245
243
239
247
254
260
260
261
267
278
293
303
311
325
334
323
310
299
273
269
267
249
241
259
263
255
265
275
283
304
312
301
290
294
298
281
289
299
301
302
287
280
276
286
287
281
287
311
333
332
332
332
331
339
333
306
308
298
280
285
292
295
281
282
293
303
291
288
301
306
287
282
279
268
259
273
278
260
245
253
249
239
233
250
258
249
245
242
249
254
240
224
221
218
202
184
180
172
153
152
164
151
151
142
133
137
149
153
139
130
122
102
100
89
90
103
94
76
63
49
39
32
32
26
6
0
2
-3
-4
-23
-33
-57
-69
-61
-54
-45
-52
-65
-81
-116
-145
-161
-151
-159
-166
-188
-204
-204
-198
-220
-237
-232
-238
-249
-263
-277
-291
-279
-282
-294
-315
-308
-315
-344
-367
-381
-386
-390
-407
-422
-428
-415
-412
-424
-438
-449
-450
-459
-453
-472
-489
-480
-486
-490
-491
-482
-486
-480
-469
-470
-489
-497
-494
-483
-473
-466
-471
-487
-502
-509
-509
-501
-499
-481
-455
-451
-438
-416
-407
-407
-388
-364
-351
-348
-364
-383
-357
-349
-342
-342
-347
-334
-322
-322
-317
-304
-284
-270
-264
-262
-250
-241
-248
-251
-239
-230
-226
-209
-195
-186
-170
-157
-144
-129
-135
-125
-110
-105
-107
-108
-119
-115
-103
-94
-95
-82
-71
-60
-68
-57
-43
-50
-47
-49
-58
-43
-27
-18
-19
-36
-48
-55
-50
-33
-24
-11
-2
13
16
25
26
31
31
15
4
20
31
18
5
16
31
24
39
36
32
34
46
46
44
60
57
52
45
32
29
25
13
4
-1
15
15
27
46
45
58
49
47
34
24
27
19
6
7
-11
-20
-8
5
22
28
28
24
27
35
43
37
42
53
50
42
35
24
10
-10
-28
-14
-17
-34
-51
-62
-49
-35
-40
-50
-40
-26
-17
-9
-6
7
-3
-9
-2
-19
-17
-18
-43
-65
-92
-102
-114
-113
-100
-116
-113
-104
-90
-94
-101
-128
-150
-159
-182
-218
-229
-233
-231
-230
-235
-220
-206
-202
-199
-184
-177
-175
-161
-163
-182
-194
-188
-192
-194
-195
-207
-223
-243
-275
-287
-295
-308
-327
-347
-357
-361
-370
-379
-392
-402
-432
-459
-480
-510
-533
-555
-593
-640
-679
-724
-779
-832
-896
-949
-989
-1042
-1080
-1127
-1189
-1244
-1283
-1291
-1293
-1295
-1296
-1276
-1250
-1234
-1208
-1197
-1202
-1190
-1185
-1195
-1196
-1197
-1193
-1176
-1191
-1222
-1224
-1218
-1217
-1214
-1218
-1216
-1205
-1224
-1255
-1293
-1324
-1332
-1346
-1353
-1366
-1397
-1459
-1524
-1570
-1625
-1680
-1714
-1743
-1752
-1739
-1714
-1685
-1668
-1649
-1632
-1587
-1532
-1478
-1412
-1377
-1368
-1362
-1345
-1311
-1254
-1171
-1096
-1045
-988
-923
-866
-795
-703
-612
-523
-413
-327
-233
-129
-28
80
176
279
388
509
655
801
933
1083
1237
1425
1621
1809
1946
2072
2195
2298
2358
2393
2449
2510
2563
2631
2694
2744
2785
2784
2785
2789
2780
2745
2709
2681
2643
2606
2562
2540
2508
2462
2420
2389
2347
2325
2313
2273
2214
2147
2061
1991
1921
1831
1734
1614
1500
1402
1292
1179
1081
972
872
787
716
637
569
513
449
393
356
328
304
270
231
209
212
219
212
207
218
220
217
213
212
216
204
178
146
140
138
139
130
130
132
118
123
107
76
78
88
75
73
87
99
100
101
104
88
75
64
71
58
50
52
53
62
66
74
70
55
49
60
59
60
61
62
51
29
28
16
10
2
7
8
2
7
22
31
31
35
35
35
39
44
48
51
45
39
51
50
44
40
37
29
26
23
27
32
18
27
27
33
42
58
69
78
76
81
75
68
65
62
50
37
50
59
57
63
45
41
50
44
44
53
72
75
86
84
75
81
83
77
70
70
68
52
59
62
49
53
66
72
71
78
104
106
118
140
141
132
119
105
94
91
92
77
80
78
64
70
65
69
73
86
85
85
98
93
104
120
128
137
129
109
95
88
84
92
99
90
87
85
82
88
92
106
120
124
127
130
140
133
128
121
115
127
132
143
143
138
141
134
120
111
115
140
148
152
142
154
176
170
160
146
141
162
148
137
138
153
155
134
145
155
172
182
178
182
184
179
189
206
202
189
184
192
173
164
135
119
134
148
155
174
196
204
195
185
199
210
207
196
189
157
159
167
151
149
152
157
166
160
162
149
160
172
166
155
167
167
165
155
135
129
132
125
122
125
122
126
132
153
161
164
175
170
169
152
152
140
124
111
98
95
98
86
85
84
72
70
75
93
97
101
95
73
51
45
38
28
25
25
12
13
29
25
17
25
41
44
24
12
9
11
-4
-21
-26
-46
-53
-72
-72
-85
-95
-99
-112
-118
-136
-149
-145
-147
-124
-119
-122
-115
-139
-158
-159
-161
-186
-209
-227
-239
-225
-217
-228
-244
-265
-282
-291
-306
-319
-330
-334
-329
-316
-326
-332
-342
-348
-372
-375
-377
-386
-384
-387
-389
-386
-374
-374
-391
-399
-397
-386
-371
-383
-400
-418
-426
-417
-422
-413
-413
-407
-383
-386
-378
-360
-332
-333
-323
-316
-317
-309
-308
-309
-310
-313
-292
-286
-296
-282
-278
-269
-272
-276
-275
-250
-248
-249
-239
-246
-228
-207
-205
-199
-181
-160
-140
-138
-128
-122
-128
-124
-116
-115
-124
-127
-127
-125
-115
-106
-100
-105
-102
-88
-70
-42
-37
-38
-39
-39
-37
-52
-58
-65
-56
-54
-64
-82
-94
-79
-63
-55
-51
-53
-32
-8
-21
-32
-10
3
3
-1
-8
-26
-16
-17
-25
-36
-47
-53
-56
-40
-28
-7
-3
9
8
2
0
1
0
0
-7
-8
-7
-17
-12
-7
-21
-31
-33
-23
-9
-7
3
19
22
10
1
5
7
8
-6
-11
-12
-9
8
-5
-13
-9
-4
22
21
31
28
6
0
-1
-2
7
6
-6
-25
-28
-29
-9
9
17
23
20
13
17
15
27
31
19
15
8
20
10
8
4
-2
11
22
44
49
52
51
40
32
20
7
2
6
0
-16
-33
-38
-27
-12
1
20
25
24
35
41
57
67
73
78
70
53
46
42
36
5
-14
-19
-24
-4
0
0
-9
-11
-1
17
34
43
40
44
46
43
34
41
41
29
28
27
19
10
2
12
23
31
32
27
45
58
65
61
54
42
28
34
35
21
9
3
9
-1
3
11
11
25
11
-6
8
31
47
44
48
57
55
49
32
27
28
4
-11
-13
-17
-6
6
16
14
35
44
38
28
23
22
19
26
42
53
50
43
37
24
33
29
9
14
22
30
35
25
27
37
52
58
59
67
58
23
8
1
0
-8
-14
-2
7
3
4
12
22
21
18
29
41
44
45
46
38
23
20
20
15
-7
-5
13
2
-7
14
32
38
43
42
48
53
49
50
60
46
40
45
46
27
15
11
2
9
-4
-5
22
44
62
78
84
72
54
56
41
26
21
6
22
25
29
30
24
0
-18
-21
7
29
25
13
27
24
9
6
-5
4
7
-7
-3
2
17
16
19
25
30
19
33
26
17
8
16
11
7
-4
-6
-7
-2
23
28
45
60
50
59
69
56
67
65
54
27
11
9
6
10
-4
-36
-31
-31
-17
0
15
34
36
40
34
24
33
42
28
16
11
-11
-15
8
3
3
13
1
-12
-7
4
5
-3
1
9
24
28
25
19
23
21
2
-6
6
-3
-9
3
10
5
-8
-6
-14
-24
-20
-12
-7
8
17
25
30
16
4
13
0
-11
-5
-5
3
-12
-23
-12
-11
0
-4
-3
10
2
1
-3
5
13
9
-1
-15
-27
-31
-25
-16
-20
-11
2
26
33
14
10
10
13
25
25
17
3
-20
-41
-56
-39
-17
-15
-25
-10
-15
-32
-18
-7
-12
-14
-14
-23
-34
-29
-30
-22
-8
2
11
30
48
79
109
133
146
159
191
190
186
190
201
229
236
251
266
266
261
257
279
289
297
314
338
351
334
318
316
335
383
449
488
517
518
485
387
228
48
-115
-214
-278
-353
-431
-526
-604
-580
-476
-385
-311
-287
-116
429
1184
2280
3734
5198
6043
6143
5968
4768
247
-10255
-25292
-34205
-30158
-21638
-17630
-17421
-18424
-19086
-18239
-13871
-7803
-5379
-7467
-10414
-13352
-16134
-18463
-19376
-16909
-9090
3483
17738
29466
36679
40104
40630
38783
35342
31015
26173
21461
16793
11673
6794
2436
-950
-3115
-4245
-4631
-4602
-4435
-4256
-4019
-3775
-3549
-3329
-3064
-2788
-2531
-2317
-2131
-1989
-1862
-1737
-1632
-1507
-1396
-1302
-1185
-1066
-954
-833
-732
-613
-493
-390
-296
-227
-159
-109
-34
39
88
134
166
189
228
249
254
266
279
288
290
283
268
266
263
249
224
207
194
180
151
110
84
67
41
25
16
1
-18
-32
-49
-63
-69
-67
-84
-89
-117
-110
-80
-55
-17
9
11
31
46
50
58
72
86
105
117
121
111
120
114
113
111
114
109
112
127
130
133
146
139
152
169
179
160
144
145
142
122
120
124
111
104
105
102
99
106
105
100
112
120
124
113
118
132
144
124
122
129
108
98
98
102
99
97
95
81
90
98
98
101
88
83
97
97
99
89
82
90
69
49
39
42
40
42
46
40
41
47
43
51
61
87
67
58
49
19
19
30
9
-22
-17
-8
-8
-8
-3
-4
5
21
43
64
91
122
150
177
193
201
207
206
209
204
218
225
214
206
202
185
169
141
135
118
114
100
90
99
102
111
127
113
107
92
82
66
59
35
-2
-9
-12
-37
-66
-69
-51
-56
-75
-67
-49
-4
26
60
107
161
219
265
301
333
363
387
388
395
435
468
495
521
574
630
693
743
735
685
602
541
475
414
376
321
223
111
-19
-143
-249
-288
-277
-277
-304
-383
-448
-480
-471
-442
-421
-416
-445
-476
-492
-511
-511
-494
-497
-480
-430
-406
-452
-506
-554
-585
-582
-542
-484
-446
-410
-335
-246
-202
-202
-224
-259
-285
-311
-331
-289
-205
-134
-86
-67
-69
-71
-86
-110
-138
-130
-92
-40
13
60
79
87
100
96
88
86
84
89
103
104
110
103
94
91
104
126
131
144
147
146
170
188
184
165
151
149
146
130
85
52
35
33
18
-13
-32
-38
-40
-31
-29
-32
-27
-19
-23
-15
6
16
19
42
59
47
56
53
63
58
77
87
80
98
90
83
92
88
86
67
54
38
31
42
31
40
47
52
53
48
55
49
35
27
22
16
24
14
-5
-22
-31
-31
-32
-39
-51
-46
-36
-28
-20
-17
-14
-13
-4
2
1
-1
-17
-31
-42
-56
-60
-58
-38
-27
-30
-23
-27
-24
-19
-18
-15
-8
2
-8
-2
-3
-18
-34
-65
-65
-62
-72
-63
-54
-47
-36
-24
-10
-20
-2
0
4
9
-3
-16
-13
-12
-14
-21
-16
-12
-6
-2
3
16
25
20
14
18
22
0
-7
-15
-27
-22
-8
3
7
13
7
-2
3
7
18
35
35
35
24
8
-3
-16
-13
-28
-44
-28
-26
-23
-26
0
5
5
19
16
25
40
39
28
5
8
13
10
10
8
-7
-13
-27
-32
-22
-11
0
17
36
38
42
50
58
47
36
36
43
46
33
37
38
28
21
5
7
19
17
18
13
26
47
52
62
59
71
67
57
41
38
25
14
1
-2
-3
1
6
18
28
24
32
38
55
64
49
31
38
35
24
22
23
9
12
7
7
17
28
29
28
17
33
52
57
46
38
35
35
28
5
1
5
-3
-16
-26
-17
-13
-6
-3
3
23
30
18
20
23
29
29
21
17
5
6
0
-16
-27
-15
5
16
19
24
22
18
9
12
22
19
16
9
-4
-1
-4
-1
-2
-13
-29
-40
-34
-25
-14
-1
4
-7
-10
2
5
-14
-25
-28
-33
-36
-36
-32
-30
-31
-43
-44
-38
-43
-41
-34
-31
-26
-12
-3
-20
-22
-17
-22
-36
-46
-60
-51
-69
-69
-65
-65
-62
-55
-55
-43
-38
-29
-24
-30
-63
-48
-37
-31
-34
-36
-40
-36
-53
-57
-52
-63
-72
-76
-70
-60
-56
-67
-53
-29
-30
-39
-48
-39
-32
-52
-63
-75
-83
-86
-75
-72
-94
-84
-69
-57
-59
-60
-44
-28
-33
-53
-67
-70
-69
-71
-70
-89
-86
-74
-74
-71
-56
-24
-10
-8
-8
-33
-51
-45
-50
-45
-57
-59
-58
-65
-66
-70
-73
-57
-52
-48
-42
-41
-50
-39
-29
-21
-28
-28
-23
-21
-22
-31
-38
-54
-61
-48
-43
-35
-34
-37
-25
-9
12
25
23
19
21
27
42
43
37
34
16
11
9
6
2
9
5
-13
-20
-10
2
7
17
24
4
1
7
6
-1
-13
-17
-2
7
-7
-13
0
-11
-18
-21
-10
5
11
19
18
18
12
5
2
-9
-13
18
23
13
-12
-14
-8
-5
4
10
3
-3
10
8
-10
-7
-4
-10
-6
-14
-10
4
-14
-15
-13
-12
-11
-4
3
13
14
7
-1
-28
-39
-27
-20
-34
-32
-15
3
7
13
8
18
14
0
1
-8
-11
-9
-12
-26
-31
-14
-1
5
12
16
9
13
1
2
-11
-19
-11
6
3
-2
-9
-3
-4
-1
-7
9
17
22
28
18
5
13
34
32
29
34
4
-23
-27
-19
-14
5
18
13
16
25
21
22
34
37
42
38
30
27
28
28
10
-8
-12
-4
-10
-21
-16
-12
0
5
6
16
14
10
27
43
52
49
51
41
26
19
18
23
25
6
-10
-17
-17
-20
-23
-30
-30
-1
17
14
11
16
28
38
44
42
33
31
32
22
18
5
-3
-21
-39
-35
-31
-20
-18
12
35
45
62
69
72
66
55
39
39
55
59
54
64
51
33
23
18
19
20
22
12
20
26
29
44
51
49
50
41
37
30
34
32
11
10
-9
0
15
12
6
12
14
2
10
16
11
13
25
35
38
34
36
40
50
46
10
-2
-7
-6
-9
0
19
22
21
25
42
49
43
51
60
59
67
65
66
41
18
23
11
2
-3
7
10
8
12
11
5
9
8
23
49
60
57
43
31
23
29
23
14
13
14
7
-8
-28
-25
-13
9
19
24
39
49
54
51
68
73
58
60
60
59
47
27
28
32
31
23
6
9
6
4
8
25
32
28
48
58
77
81
57
52
29
23
23
30
36
27
23
33
40
26
20
32
21
18
25
28
42
56
58
64
58
60
66
50
43
36
23
21
17
17
24
26
13
20
34
42
54
59
54
26
30
50
58
60
48
32
19
24
22
15
23
28
21
29
34
40
42
33
29
37
52
57
47
39
31
27
12
-6
7
4
17
41
42
36
42
46
51
76
82
65
55
59
64
57
52
39
13
-3
-10
-3
-11
-19
-13
-4
5
31
34
28
35
44
38
38
45
34
21
41
43
29
7
2
-12
-16
-11
-15
-11
4
5
23
33
49
43
27
40
34
23
22
23
27
24
13
-16
-31
-34
-30
-23
-12
1
8
20
30
33
38
49
53
48
43
34
29
14
9
5
9
18
6
-4
-6
2
6
9
25
41
30
24
31
34
13
4
-23
-25
-22
-19
-5
-17
-13
5
10
9
17
42
42
17
22
25
31
24
9
9
2
-4
-16
-13
-16
-27
-37
-21
-6
-12
-16
5
10
18
23
24
31
22
4
-11
-13
-8
-13
-13
-19
-38
-38
-38
-21
-12
-15
8
22
28
19
8
12
5
11
3
3
3
-26
-35
-32
-34
-34
-39
-41
-31
-15
-4
3
9
8
20
20
7
-5
-18
-1
-8
-17
-25
-37
-46
-45
-34
-40
-52
-45
-38
-16
-9
-9
-7
-1
-10
-23
-25
-30
-43
-47
-54
-48
-38
-40
-28
-13
-8
7
3
-4
-16
-28
-8
3
3
-11
-12
-15
-22
-37
-36
-30
-34
-31
-21
-22
-11
-7
-1
-1
-27
-33
-29
-26
-26
-13
-17
-23
-32
-49
-63
-39
-37
-49
-36
-22
-18
-15
-8
6
2
6
-1
-11
-23
-36
-27
-30
-33
-36
-37
-33
-34
-32
-24
-27
-13
-2
15
18
18
22
18
15
5
4
4
-8
-32
-54
-58
-59
-59
-35
-19
12
26
34
51
50
49
46
42
42
50
42
35
31
11
-12
-33
-38
-48
-53
-56
-49
-29
-18
-4
-5
-4
1
-17
-17
-12
6
26
31
21
-4
-23
-32
-39
-49
-49
-56
-53
-32
-14
5
30
33
24
15
27
29
23
20
-4
-29
-30
-41
-40
-54
-47
-36
-28
-11
0
15
26
25
16
19
18
12
-6
-22
-40
-50
-58
-66
-60
-52
-39
-29
