0
-28
-15
-8
-8
-14
-18
-6
-2
10
22
6
3
1
-9
-6
-8
-35
-63
-64
-69
-80
-70
-72
-78
-62
-57
-51
-36
-17
-21
-20
-15
4
10
4
11
15
8
12
-8
2
21
13
3
0
-2
-12
-12
-8
-19
-15
-4
-2
15
22
34
23
13
11
1
0
-20
-51
-51
-48
-48
-55
-48
-45
-44
-27
-21
-26
-23
-18
-6
-2
-7
-8
-6
12
-2
-21
-23
-25
-28
-36
-22
-19
-2
21
18
29
40
30
14
3
20
3
-24
-23
-23
-13
-18
-19
-28
-25
-21
-32
-16
7
-4
6
21
17
10
2
-17
-30
-20
-19
-31
-48
-53
-35
-28
-29
-29
-27
-6
6
18
20
25
19
7
23
18
1
-2
-5
-9
-12
-16
-30
-38
-43
-55
-69
-61
-51
-42
-16
1
12
18
30
13
12
9
4
-1
-4
-4
-9
-10
-28
-53
-48
-38
-41
-31
-26
-26
-10
-17
-21
-21
-7
-3
17
43
27
16
5
-2
-11
-18
-32
-42
-37
-21
-16
-16
-33
-36
-24
-9
1
2
14
32
25
21
18
13
-2
-12
-18
-14
-13
-3
4
-4
-18
-20
-37
-38
-31
-21
-5
-6
-12
-7
-23
-15
-8
-3
-13
-29
-26
-23
-29
-36
-32
-31
-36
-30
-28
-26
-5
-1
-7
-7
6
11
20
4
-5
-1
-3
-10
-16
-37
-33
-35
-33
-4
23
27
21
17
0
-15
-14
-18
-29
-30
-24
-28
-26
-30
-47
-38
-20
-21
-28
-31
-33
-10
10
15
17
23
19
21
-2
-12
-30
-37
-38
-35
-43
-46
-30
-16
-10
-27
-30
-18
-6
4
1
22
40
47
31
18
18
7
-7
-10
-24
-25
-38
-49
-43
-35
-10
-10
-10
-6
6
8
1
9
14
6
2
10
8
-15
-28
-22
-28
-34
-32
-36
-45
-44
-16
-6
17
20
12
22
22
5
-5
1
2
-19
-16
-10
-18
-35
-43
-46
-33
-21
-1
-12
-19
-15
-3
15
26
16
8
-9
-2
-13
-7
-22
-22
-16
-21
-26
-35
-39
-35
-39
-40
-30
-19
-3
7
7
15
25
24
4
6
-1
0
-6
-26
-17
-23
-31
-32
-25
-4
-1
9
18
9
0
-2
19
17
21
12
-2
2
-11
-18
-17
-40
-53
-54
-46
-32
-33
-27
-18
-18
5
6
-5
-17
7
24
20
4
-12
-14
-10
-6
-9
-21
-19
-23
-26
-22
-30
-12
-3
12
18
22
35
34
20
10
-13
-36
-67
-61
-52
-49
-43
-32
-21
-19
-21
-1
13
28
23
25
32
23
16
9
5
-11
-12
-25
-37
-30
-27
-28
-22
-20
-15
1
-9
2
2
6
7
6
8
11
13
0
-17
-37
-54
-28
-22
-48
-45
-33
-24
-11
-5
-3
2
12
8
2
-3
-2
-3
-5
-2
-10
-16
-26
-26
-16
-28
-29
-22
-21
-18
-10
5
16
16
25
17
-8
-8
-8
-18
-29
-19
-23
-35
-34
-36
-37
-30
-26
-18
-13
7
25
29
26
21
9
15
17
3
-13
-11
-14
-22
-21
-27
-36
-49
-43
-26
-11
-3
-18
-18
2
8
5
9
6
1
14
20
4
-18
-38
-43
-30
-30
-39
-54
-55
-49
-43
-11
8
19
23
19
11
19
27
17
9
13
2
-1
0
-2
-3
-21
-26
-28
-24
-18
0
5
13
7
-2
-10
-16
-8
-5
-6
-26
-26
-31
-40
-47
-36
-36
-38
-8
2
2
9
18
18
15
6
14
20
18
6
0
9
-4
-25
-51
-53
-60
-54
-33
-4
7
24
28
31
29
11
7
6
7
-5
-10
-2
-5
-2
-16
-3
-2
-7
-21
-34
-30
-6
9
6
6
12
5
3
-7
-30
-29
-15
-12
-25
-39
-44
-31
-31
-33
-14
6
5
-3
-19
-5
14
12
15
-11
-18
-24
-16
0
-6
-5
-23
-29
-31
-31
-15
-6
-10
-10
-22
-16
-8
5
28
32
23
19
8
-3
0
3
-17
-29
-34
-27
-22
-30
-30
-34
-41
-35
-14
1
20
31
26
35
21
-9
-24
-10
-20
-28
-35
-25
-21
-14
-16
-11
-1
1
-1
3
9
7
12
23
23
-3
0
-1
-7
-23
-47
-51
-44
-27
-11
-10
12
21
25
30
8
-4
20
12
13
-2
-10
-18
-19
-12
-26
-19
-22
-23
-32
-25
-19
-24
-11
2
-11
4
26
2
-13
-10
-6
-9
-11
-17
-20
-24
-28
-26
-28
-29
-22
-27
-16
-1
16
48
39
27
0
3
12
-6
-17
-21
-35
-36
-27
-28
-36
-24
-27
-29
-14
-14
-6
3
9
10
8
3
-6
-13
-11
-20
-23
-10
-13
-25
-23
-13
-9
6
38
35
25
18
18
12
6
10
24
24
26
9
-6
-19
-12
-6
-2
-12
-4
18
10
9
7
-4
-9
-14
-7
-14
-26
-8
9
11
23
25
21
10
27
28
27
38
16
4
14
48
95
110
124
142
145
158
156
168
188
193
204
233
259
254
242
254
268
265
261
272
275
260
237
214
226
250
274
309
348
373
397
420
411
399
398
413
406
341
234
109
-53
-219
-391
-660
-987
-1215
-1283
-1182
-940
-583
-24
805
1659
2578
3642
4759
5527
5485
4415
2191
-2622
-12204
-27598
-39584
-37858
-29006
-20945
-14248
-8729
-2854
4440
12750
21422
28126
28617
23618
16758
9556
2837
-2417
-5872
-8000
-9910
-11323
-12504
-14166
-16386
-19181
-21586
-20600
-14511
-5230
3548
9433
13039
15922
18711
20942
22497
22410
21178
19595
17489
14513
11077
7655
4478
1683
-543
-2191
-3324
-4049
-4440
-4573
-4566
-4410
-4138
-3809
-3484
-3162
-2833
-2541
-2275
-2025
-1791
-1570
-1367
-1183
-1020
-870
-718
-600
-510
-422
-349
-279
-218
-182
-157
-118
-78
-49
-21
3
16
48
77
104
114
145
172
180
183
184
196
208
213
216
214
212
202
187
189
162
141
145
145
131
89
73
64
61
61
29
7
0
-14
-45
-60
-48
-58
-57
-60
-79
-78
-71
-59
-66
-75
-69
-58
-46
-36
-33
-25
-21
-23
-19
-13
-14
-16
-19
-35
-53
-55
-39
-22
-12
2
10
2
16
14
0
11
9
-9
-26
-36
-49
-65
-63
-64
-67
-58
-68
-81
-73
-50
-38
-58
-62
-64
-71
-77
-73
-85
-107
-98
-109
-119
-104
-104
-73
-48
-29
-34
-39
-26
-45
-49
-49
-64
-60
-56
-55
-73
-80
-59
-55
-36
-8
6
23
16
19
20
29
21
26
40
37
27
19
22
42
50
69
96
103
132
151
170
209
214
209
202
194
179
178
168
151
148
157
149
131
120
126
132
124
124
127
139
141
134
117
82
49
12
3
3
-3
17
24
27
36
60
83
129
188
228
268
321
358
382
400
432
437
428
438
466
510
558
590
632
694
768
822
841
816
755
684
615
536
454
356
244
127
10
-114
-217
-289
-291
-253
-242
-295
-359
-408
-418
-386
-381
-378
-398
-448
-474
-472
-469
-459
-445
-429
-389
-337
-351
-414
-502
-550
-528
-482
-408
-357
-324
-278
-228
-181
-187
-213
-287
-335
-356
-374
-335
-261
-217
-189
-156
-99
-88
-109
-125
-145
-144
-109
-64
-16
33
69
76
86
103
95
82
85
103
91
90
100
108
113
128
130
116
135
161
174
189
205
188
185
189
176
177
181
177
152
137
129
102
77
61
43
32
21
31
38
35
25
23
37
54
69
75
67
74
88
103
102
104
127
129
124
138
143
132
127
146
142
141
138
137
139
158
162
142
106
103
118
130
140
131
123
118
125
125
153
167
157
142
123
103
93
100
104
95
109
110
101
102
92
72
70
64
66
66
76
85
94
101
107
115
126
108
100
83
76
53
17
10
12
16
20
9
4
18
35
55
65
74
55
42
38
45
57
68
65
46
23
20
15
5
10
14
19
31
41
43
48
45
39
52
55
56
52
41
31
24
34
24
4
-3
-7
-10
-11
5
18
19
20
31
42
66
65
73
57
50
36
35
48
50
38
29
22
9
9
15
13
3
0
11
27
31
23
30
53
87
104
96
81
67
51
39
18
4
16
19
16
9
-7
-12
11
34
40
57
69
62
54
67
56
39
31
27
21
16
15
9
1
8
31
34
38
49
42
16
10
17
14
6
-12
-11
-3
1
4
1
3
-10
-7
7
5
18
30
32
25
15
21
19
25
12
3
22
31
16
-11
-8
8
25
55
64
53
57
58
36
13
4
-8
-5
7
13
13
15
6
-6
-14
-15
-6
-8
0
2
29
47
35
38
16
24
25
11
-2
-1
-5
-19
-34
-28
-22
-6
9
7
-1
-3
13
38
37
27
30
40
31
23
20
11
5
-21
-48
-59
-61
-57
-53
-44
-36
-35
-37
-26
-24
-42
-49
-31
-16
3
3
-12
-10
-12
-26
-43
-47
-49
-60
-54
-54
-39
-25
-20
-18
-12
8
5
-9
-18
-32
-41
-37
-35
-44
-54
-45
-53
-68
-67
-72
-67
-74
-62
-52
-57
-48
-49
-52
-41
-36
-38
-48
-68
-82
-86
-76
-81
-80
-71
-80
-77
-67
-67
-83
-85
-85
-81
-81
-80
-81
-87
-96
-107
-113
-119
-127
-134
-119
-125
-127
-91
-67
-63
-65
-68
-68
-79
-91
-96
-100
-112
-116
-121
-114
-103
-99
-81
-82
-87
-79
-64
-65
-58
-41
-42
-37
-48
-55
-55
-52
-59
-61
-75
-92
-105
-100
-87
-85
-82
-77
-68
-74
-64
-38
-27
-26
-23
-17
-24
-9
5
-9
-28
-28
-25
-27
-30
-43
-59
-51
-56
-42
-26
-34
-36
-24
-16
-14
-11
-2
6
9
2
-12
-33
-42
-43
-49
-39
-43
-53
-54
-43
-30
-31
-29
-13
-6
1
-3
-13
-4
-3
-10
-17
-27
-19
-10
0
-7
-26
-37
-33
-18
-13
-11
-11
6
21
32
33
21
7
5
-11
-15
-22
-16
-19
-39
-33
-24
-8
5
22
28
36
22
17
16
32
26
20
21
21
9
-4
-7
-20
-23
-10
-9
-2
11
21
22
20
21
21
21
19
7
-4
-7
-2
-15
-17
1
2
2
-11
5
16
3
5
8
18
16
9
14
23
14
2
-8
6
-1
3
-2
-10
-9
2
12
28
34
23
31
44
41
46
44
48
52
29
37
23
17
10
8
19
12
-8
5
19
20
24
49
71
74
70
72
57
46
35
36
32
27
19
5
14
8
2
9
14
35
31
28
35
31
45
60
83
102
86
65
36
21
18
20
2
-6
-2
-6
-2
21
28
37
46
37
32
34
39
57
70
68
46
45
56
54
41
23
21
19
3
13
21
21
29
42
40
44
50
68
82
74
41
37
37
36
37
33
43
29
18
17
31
39
34
37
48
62
66
70
69
57
57
53
48
43
34
34
43
41
53
63
62
65
45
47
47
63
73
69
61
49
46
46
48
31
29
34
21
17
25
21
17
37
59
56
54
66
78
77
47
19
29
15
5
9
6
2
-13
3
13
29
39
42
51
45
44
51
53
49
27
34
50
55
42
20
7
11
35
48
29
31
40
35
43
37
46
62
62
56
51
53
49
23
3
-2
4
-6
13
23
21
28
51
65
61
51
52
57
53
43
25
25
26
38
35
41
35
29
35
41
47
49
55
67
64
52
43
35
31
34
31
24
20
21
28
29
30
25
46
46
41
51
60
41
21
41
30
32
25
5
5
12
13
17
13
16
15
22
16
3
21
39
52
50
41
44
29
21
9
9
14
18
14
8
6
5
4
12
17
30
43
47
52
49
69
77
74
64
47
29
9
1
-4
-6
-8
-7
-1
15
23
51
68
68
58
50
51
43
24
20
42
45
36
25
28
44
60
60
56
57
58
58
45
52
50
70
79
75
85
73
61
63
59
50
32
38
49
50
63
88
92
97
93
91
93
107
99
91
85
76
71
85
96
98
101
95
78
80
74
55
61
90
102
93
87
88
73
57
40
55
63
41
29
24
22
29
35
48
49
50
66
58
58
46
49
59
54
45
39
30
41
50
45
28
24
15
8
25
41
55
55
44
45
50
72
70
58
39
24
18
19
5
-4
0
-3
-14
-22
-10
2
13
18
10
27
40
45
47
41
9
0
7
1
-13
-28
-30
-29
-25
-16
-13
-2
1
6
12
-2
9
22
27
28
20
12
6
-8
-12
-33
-43
-45
-51
-42
-49
-45
-30
-37
-26
-22
-21
-7
-6
-6
2
-3
-10
-23
-43
-45
-29
-29
-39
-42
-49
-48
-43
-36
-29
-16
3
0
-12
-17
-20
-34
-46
-30
-22
-26
-19
-26
-28
-35
-52
-45
-25
-24
-22
-7
0
-16
-22
-25
-27
-17
-13
-23
-44
-62
-62
-48
-29
-34
-33
-8
-2
-4
-5
-8
-25
-30
-42
-52
-47
-33
-24
-41
-52
-44
-53
-53
-39
-40
-36
-34
-31
-29
-14
-16
-27
-41
-55
-51
-39
-37
-41
-44
-47
-60
-56
-46
-45
-39
-9
-15
-34
-58
-50
-33
-33
-26
-20
-25
-33
-49
-70
-82
-69
-57
-53
-44
-25
-3
-9
-10
-7
-2
-9
-7
1
-2
-27
-36
-50
-59
-54
-41
-35
-42
-47
-47
-33
-7
-12
-24
3
6
-8
-17
-21
-34
-51
-55
-52
-54
-66
-61
-60
-60
-35
-27
-36
-32
-15
4
-7
-4
-2
-7
-11
-7
-9
-19
-27
-30
-41
-23
-19
-47
-47
-31
-11
-11
-8
18
26
26
19
10
20
27
6
-10
-13
-24
-23
-15
-19
-32
-30
-23
-25
-18
-15
-28
-14
3
18
38
26
7
1
-2
-10
-16
-20
-23
-43
-37
-24
-23
4
22
26
23
31
31
28
17
3
10
14
6
-4
-7
9
15
13
13
-5
-2
7
38
47
29
28
31
33
23
4
-21
-32
-34
-51
-42
-36
-56
-52
-37
-31
-18
-8
-4
-8
4
12
1
4
4
6
12
-1
-2
-17
-37
-45
-42
-20
-6
1
25
21
14
13
26
32
29
38
27
23
25
31
24
-4
-17
-37
-35
-25
-32
-36
-24
-24
-27
-24
-20
-14
-4
18
25
29
14
8
1
-14
-16
-25
-27
-22
-32
-36
-24
-20
-23
-9
6
15
10
10
22
27
19
19
2
-7
-13
-22
-17
-2
-3
10
11
10
0
8
16
22
26
21
6
28
16
-7
-25
-20
-16
-22
-20
-21
-20
-23
-31
-33
-34
-23
-8
1
6
-2
1
1
7
6
5
8
-11
-13
-17
-37
-40
-34
-39
-37
-26
-21
-16
-3
9
21
23
17
8
-7
0
15
5
-1
-19
-38
-32
-33
-17
-21
-20
-12
-15
-12
-6
-7
14
27
27
10
14
19
21
14
-11
-21
-33
-44
-41
-28
-5
-1
-1
4
-9
-17
-17
-21
-19
-11
-12
-14
-15
-4
-8
-15
-14
-9
-22
-38
-35
-30
-11
-9
-19
-22
-17
1
8
22
21
38
44
32
22
27
16
-10
-23
-30
-30
-45
-39
-34
-26
-24
-20
3
9
10
2
-9
-19
-24
-16
0
-18
-46
-58
-45
-39
-38
-29
-25
-31
-22
-2
-6
-3
25
37
37
31
16
7
-2
-8
-20
-25
-19
-23
-21
-14
-17
-5
2
-11
-19
4
9
7
12
6
14
15
4
-12
-26
-28
-34
-50
-53
-42
-26
-19
-22
-26
-25
-18
-8
5
7
0
0
5
1
3
8
16
1
-28
-23
-29
-19
-22
-25
-29
-24
-6
0
15
18
13
19
20
13
4
-1
-14
-30
-41
-47
-36
-23
-31
-31
-49
-31
-16
-14
-15
-16
-11
-2
-10
-19
-5
-3
-9
-19
-29
-47
-35
-20
-16
-18
-9
18
29
23
21
16
26
21
-1
-16
-43
-46
-55
-45
-37
-36
-32
-25
-6
-6
-10
-4
6
16
21
31
15
14
4
0
6
-10
-20
-13
-30
-46
-39
-37
-24
-29
-18
5
17
31
31
21
19
21
15
-9
-13
-15
-12
-1
-10
-28
-37
-48
-45
-34
-10
9
5
12
-1
-6
6
5
-3
-15
-13
-21
-22
-24
-27
-21
-27
-30
-26
-25
-19
-14
6
22
12
9
-3
-10
-8
-7
-4
-36
-58
-56
-36
-20
-20
-27
-39
-37
-27
-7
6
10
12
16
21
11
-9
-6
-9
-20
-13
-17
-32
-29
-25
-24
-29
-25
-15
2
14
15
8
7
17
7
-14
-20
-17
-18
-21
-38
-39
-42
-48
-45
-33
-13
9
23
25
22
19
14
11
13
8
9
1
-17
-26
-36
-25
-21
-16
-17
-13
-5
0
5
11
11
6
2
-6
-32
-22
-23
-32
-20
-24
-38
-37
-39
-27
-5
9
3
1
0
-2
2
15
13
-18
-27
-21
-38
-34
-29
-43
-38
-13
11
15
16
21
16
4
6
14
9
1
-3
-23
-16
-7
-17
-24
-38
-43
-44
-37
-24
-14
0
14
26
16
11
9
17
10
-1
-21
-23
-29
-36
-29
-19
-16
-24
-21
-10
-20
-9
4
12
15
2
3
18
10
-13
-29
-35
-30
-39
-33
-40
-49
-40
-14
-11
-8
1
6
1
-9
-21
-23
-13
-9
-5
10
-9
-31
-30
-47
-49
-17
-18
-18
-7
18
31
27
27
12
9
19
8
14
-4
-1
-1
-2
0
-22
-31
-29
-27
-18
-10
-6
-14
-25
-13
-11
-3
5
7
8
-3
-11
-18
-15
-17
-32
-16
-20
-23
-19
-24
-30
-31
-21
-17
0
15
11
21
20
20
22
8
8
-7
-21
-30
-32
-41
-44
-48
-43
-29
-16
-5
-1
4
8
7
3
15
15
5
5
6
6
7
-12
-32
-33
-33
-19
-30
-32
-29
-9
-1
-1
1
19
28
23
12
-3
-4
1
-5
-21
-31
-42
-35
-24
-18
-23
-30
-35
-21
-12
-12
11
19
8
19
21
29
28
7
-2
-14
-22
-46
-47
-37
-34
-30
-19
-15
-18
-18
-11
-9
-14
-24
-19
-13
-7
7
3
5
0
-18
-28
-30
-27
-2
16
13
4
0
6
5
20
12
0
12
27
41
39
43
34
8
-5
-10
-13
-9
1
4
-5
16
28
29
47
46
53
69
57
44
18
5
-4
-11
-23
-53
-65
-47
-39
-41
-47
-60
-65
-59
-25
0
14
26
46
46
36
43
50
59
68
53
54
64
78
89
91
99
88
96
106
98
104
105
105
121
151
160
162
165
170
174
189
193
204
222
216
191
169
193
211
217
234
257
281
320
334
341
311
304
286
246
193
125
48
-70
-180
-284
-455
-727
-943
-1017
-994
-815
-538
-231
290
968
1667
2526
3555
4752
5810
6045
5232
3418
-209
-8921
-24970
-39567
-41486
-35207
-26420
-18280
-11789
-4885
3470
12118
20188
27601
29733
26810
22178
16278
8585
303
-6487
-11371
-14752
-17075
-19136
-21122
-22638
-23086
-22637
-21451
-18221
-11773
-2432
6426
12183
15856
19351
22225
24189
25260
25462
24919
22928
19459
15482
11643
7996
4676
1955
-265
-1943
-3058
-3718
-4093
-4263
-4233
-4048
-3805
-3545
-3286
-3029
-2746
-2469
-2223
-1982
-1782
-1590
-1391
-1190
-1013
-866
-718
-591
-488
-403
-326
-261
-195
-125
-78
-33
8
42
81
111
165
215
238
264
273
302
335
344
376
407
415
415
431
435
420
413
416
411
403
388
369
327
291
275
239
213
179
148
136
119
101
94
89
80
72
69
76
63
59
61
69
74
76
82
96
126
141
134
133
136
132
119
125
122
114
117
104
85
84
91
112
97
91
86
78
81
71
58
64
69
72
86
76
52
46
38
0
-17
-10
-18
-23
-31
-39
-36
-36
-39
-59
-61
-76
-88
-91
-79
-58
-71
-62
-62
-72
-65
-47
-33
-29
-34
-43
-44
-34
-47
-46
-11
3
0
-23
-1
17
20
37
62
77
104
123
132
110
131
143
142
147
138
149
146
134
120
102
111
115
103
106
115
113
122
117
111
97
86
83
73
37
-12
-26
-34
-28
-35
-50
-64
-56
-26
-13
14
68
107
149
189
229
282
323
354
365
354
365
381
418
459
498
523
577
673
756
802
832
798
748
687
630
573
502
410
297
205
85
-61
-167
-235
-227
-186
-183
-241
-324
-383
-418
-417
-417
-421
-449
-507
-532
-517
-513
-503
-502
-494
-454
-410
-430
-482
-556
-601
-610
-562
-487
-422
-385
-353
-310
-257
-223
-247
-301
-310
-331
-338
-298
-217
-170
-121
-81
-78
-85
-96
-119
-112
-118
-85
-46
-8
29
45
51
41
34
44
47
55
56
72
71
58
67
71
69
75
80
87
101
111
103
96
108
117
104
76
74
73
65
68
57
50
48
59
65
56
67
67
63
70
63
58
63
67
76
70
78
89
86
78
59
48
59
84
103
118
126
119
129
129
126
128
130
130
139
134
140
122
116
120
115
109
110
116
114
118
122
120
110
113
115
114
113
112
99
93
95
92
88
84
80
91
85
78
66
81
86
102
92
81
78
81
91
86
72
71
80
67
60
77
81
76
72
68
61
74
75
73
77
75
64
62
52
45
47
54
43
40
36
20
14
20
30
22
2
1
0
8
5
-7
-4
15
16
-7
-19
-30
-36
-39
-42
-49
-30
-19
-12
1
12
10
11
18
6
-9
-7
-9
-15
-19
-22
-34
-52
-42
-35
-33
-9
2
1
6
20
6
14
31
33
25
20
21
8
-10
-9
-5
-17
-21
-15
-2
12
20
10
4
7
11
22
29
29
35
30
14
29
30
11
-9
-17
-24
-34
-23
-11
-4
-8
17
47
41
24
13
23
11
-7
-12
-25
-10
-3
2
-1
-11
-14
-15
-6
7
6
21
32
35
30
34
34
28
14
7
1
2
-30
-34
-2
-8
3
28
33
36
46
52
43
43
35
11
15
19
6
-5
-15
-19
-21
-26
-10
-5
20
31
36
33
34
26
24
34
25
24
10
-4
-6
-6
13
17
23
34
43
39
32
31
25
31
40
38
40
41
28
11
15
2
-16
-22
-13
-2
12
0
-8
8
22
25
24
26
23
21
21
11
18
12
0
-7
-3
0
4
-4
-1
-11
-5
9
1
1
-15
-11
0
2
4
3
0
0
-10
-18
-30
-2
1
-15
-25
-36
-25
-24
-23
-23
-16
-5
-5
10
18
17
17
31
11
-20
-44
-65
-71
-83
-85
-91
-88
-88
-90
-82
-62
-46
-51
-59
-49
-60
-72
-68
-61
-69
-69
-70
-83
-89
-95
-92
-82
-90
-66
-62
-48
-35
-47
-53
-50
-57
-60
-54
-57
-63
-67
-69
-83
-101
-115
-106
-92
-89
-99
-84
-80
-69
-64
-56
-49
-38
-37
-56
-68
-85
-95
-94
-84
-75
-73
-58
-56
-44
-35
-43
-48
-59
-55
-53
-57
-48
-48
-54
-48
-42
-31
-19
0
1
-6
0
-9
-15
-20
-15
-24
-32
-39
-40
-40
-18
-4
-8
-20
-22
-25
-3
7
-2
1
-6
-6
-17
-31
-39
-43
-48
-39
-42
-46
-42
-46
-50
-30
1
-1
-14
-21
-19
-17
-17
-16
-26
-40
-46
-56
-55
-57
-50
-40
-32
-29
-11
-6
5
-7
-10
-5
-11
-26
-56
-69
-69
-58
-55
-49
-44
-48
-51
-42
-55
-56
-66
-58
-66
-66
-52
-57
-54
-56
-64
-64
-52
-56
-57
-69
-66
-57
-55
-50
-35
-36
-40
-25
-21
-32
-42
-52
-54
-48
-51
-59
-58
-53
-43
-35
-26
-20
-30
-39
-54
-54
-36
-29
-34
-22
-30
-41
-55
-60
-47
-41
-26
-18
-24
-24
-13
-4
2
2
0
-13
-9
-5
-5
-2
-20
-32
-35
-34
-34
-37
-23
-16
-15
-13
-3
5
9
19
42
53
68
68
64
57
33
22
3
-16
-19
-14
-12
-18
0
14
12
19
36
45
47
44
33
25
29
31
36
42
34
24
7
2
7
17
25
24
31
40
34
45
52
63
53
47
35
27
28
27
17
-3
-24
-26
-24
-47
-41
-32
-15
11
23
30
41
53
53
57
57
59
72
60
50
46
46
56
47
43
38
42
45
38
19
9
21
41
38
38
36
39
47
49
59
45
37
35
18
12
6
4
17
24
27
26
11
5
13
27
28
35
36
33
12
-8
-4
5
12
16
7
4
24
40
54
68
72
67
59
61
66
66
48
32
17
10
16
24
18
18
22
37
50
54
66
78
56
40
56
57
56
49
38
34
15
13
12
0
19
35
27
33
45
41
39
51
67
70
72
69
57
53
38
23
14
30
24
12
11
1
-1
8
9
18
25
42
39
46
62
55
58
63
54
40
28
25
17
-1
-18
-6
16
9
10
19
20
31
34
54
56
44
47
40
21
10
23
34
19
36
23
7
7
7
7
12
28
42
43
31
16
23
35
46
51
57
57
48
53
46
33
12
-6
-3
-10
-18
-5
7
7
21
32
53
57
53
45
48
48
44
41
23
8
12
11
25
22
16
26
26
25
30
20
24
38
46
41
30
27
10
10
-5
-15
2
-1
-11
-5
12
13
15
19
24
45
49
42
43
53
54
45
53
37
8
8
9
9
-11
-26
-22
-5
-1
-2
10
26
38
46
56
56
58
55
50
33
26
26
8
4
-11
-21
-10
-1
5
8
7
11
31
47
52
73
78
68
74
57
47
32
25
19
22
21
13
6
7
16
24
33
34
28
34
60
48
31
26
25
23
25
15
9
12
15
9
40
55
48
57
55
49
48
45
39
18
10
0
3
15
12
10
14
27
26
36
57
67
58
63
64
57
43
43
39
29
9
-4
-11
-7
-3
-8
2
7
16
26
37
34
29
42
48
40
35
33
28
27
21
1
-14
-6
7
-5
-15
8
17
23
15
12
30
42
35
34
15
16
4
4
0
8
12
-2
-1
2
-3
-26
-33
-23
-6
3
14
13
13
11
23
4
-27
-40
-39
-42
-31
-45
-56
-66
-53
-34
-21
-18
-18
-24
-22
-28
-21
-23
-15
-23
-42
-47
-53
-36
-40
-55
-65
-57
-34
-33
-13
-5
-8
-12
-13
-9
3
3
10
6
-5
-19
-34
-36
-48
-49
-58
-69
-68
-60
-48
-44
-46
-40
-40
-34
-31
-8
-12
-11
-25
-47
-62
-64
-74
-86
-83
-71
-71
-67
-43
-31
-17
-14
-11
-16
-13
-4
-11
-23
-37
-55
-45
-43
-49
-73
-82
-70
-66
-59
-53
-48
-32
-26
-21
-9
1
-18
-29
-28
-41
-51
-39
-40
-57
-71
-68
-69
-80
-68
-61
-57
-47
-37
-25
-21
8
24
29
34
18
7
4
-12
-21
-21
-29
-51
-59
-65
-75
-85
-83
-67
-52
-45
-28
-17
-5
-8
-28
-36
-6
-9
-16
-9
-19
-35
-40
-44
-53
-56
-46
-32
-33
-31
-21
-19
-11
-4
-7
-11
-22
-33
-39
-31
-34
-40
-46
-64
-66
-56
-48
-42
-51
-45
-30
-25
-23
-38
-34
-27
-36
-31
-40
-35
-46
-66
-74
-75
-64
-59
-43
-34
-28
-20
-25
-28
-13
-4
8
38
32
3
-9
-21
-24
-36
-49
-62
-61
-40
-37
-47
-54
-51
-47
-33
-21
-14
-1
5
14
12
4
1
-13
-19
-27
-27
-32
-42
-37
-39
-30
-23
-19
-22
-22
-17
-10
-13
-5
3
2
2
2
-4
2
1
-10
-17
-27
-29
-24
-27
-24
-25
-27
-27
-10
14
30
34
37
50
50
31
7
8
3
-7
-29
-32
-36
-36
-21
-14
-16
-3
15
23
9
11
10
19
42
37
22
19
-1
-17
-26
-23
-27
-18
-1
7
7
6
13
21
25
24
16
8
-17
-28
-22
-21
-23
-32
-47
-47
-50
-31
-18
-16
-1
-2
-14
-20
-13
-10
-8
0
-14
-43
-38
-12
-9
-32
-32
-13
-1
5
-2
5
23
22
8
-2
16
23
23
21
-8
-22
-22
-32
-37
-35
-30
-26
-23
-11
11
24
15
6
-5
-10
1
8
17
8
-2
-10
-26
-26
-24
-12
4
-6
-3
-3
6
10
-1
3
16
26
29
-1
-38
-43
-43
-24
-23
-13
-17
-18
-25
-12
5
-3
-23
-17
-13
-13
-28
-24
-14
-21
-29
-50
-41
-24
-25
-19
-17
-15
-11
2
1
-5
11
26
18
8
6
9
-4
-9
-24
-52
-58
-54
-47
-29
-25
-17
-5
6
13
11
13
21
29
29
25
23
18
0
-16
-37
-35
-44
-61
-68
-53
-39
-30
-5
3
-8
4
8
11
-6
-12
-22
-26
-34
-36
-32
-31
-13
-8
3
21
5
6
16
27
26
21
9
-5
-13
-18
-28
-39
-21
-7
4
3
-8
-17
9
28
10
7
13
13
13
-7
-17
-19
-16
-36
-45
-51
-51
-51
-58
-64
-59
-46
-45
-29
5
23
23
17
28
26
16
2
1
-11
-8
4
-7
-28
-28
-45
-42
-32
-15
-10
-13
-16
-8
11
34
25
16
0
-11
-15
-5
-8
-28
-36
-31
-27
-46
-37
-22
-36
-31
-23
-31
-28
-27
-14
5
16
4
0
4
-20
-30
12
28
17
-15
-36
-49
-62
-43
-34
-30
-28
-35
-22
-13
2
1
-4
9
25
32
15
6
6
6
0
-10
-26
-20
-34
-47
-33
-20
-3
-6
0
-6
6
20
16
24
23
13
3
-8
-13
-12
-7
-24
-49
-48
-46
-44
-58
-53
-34
-28
-4
8
21
37
47
42
28
28
1
-20
-16
-7
-16
-11
-27
-31
-35
-37
-39
-43
-32
-15
-4
-2
1
3
9
5
-2
6
-17
-45
-37
-30
-25
-38
-43
-30
-28
-21
-4
0
-1
0
-11
-16
-17
-8
-13
-6
-21
-35
-40
-35
-30
-37
-24
-8
3
19
23
37
57
49
44
19
1
-4
-22
-29
-38
-53
-39
-28
-20
-28
-3
4
-10
-4
6
15
21
10
1
-1
8
-12
-12
-13
-30
-33
-41
-59
-58
-34
-11
2
13
2
-2
2
5
14
11
3
0
-7
-5
-15
-12
-13
-11
-9
-27
-21
-18
-28
0
19
29
31
34
37
34
27
11
-3
8
-6
-22
0
1
-14
-19
-20
-19
-15
-19
-8
1
24
48
58
48
50
48
21
17
5
-23
-32
-23
-35
-52
-54
-46
-26
-19
-28
-19
-4
6
-8
-9
-5
13
40
40
32
34
28
26
2
-10
-16
-19
-17
-14
-15
-9
6
9
8
14
23
14
2
1
6
19
21
19
5
-5
-20
-32
-39
-43
-39
-21
6
37
56
88
108
146
182
191
199
221
221
212
222
251
263
277
279
277
284
302
295
292
283
308
334
349
331
315
321
335
360
401
465
492
492
498
470
398
277
150
33
-87
-171
-243
-337
-427
-486
-431
-325
-218
-114
-85
40
474
1158
2178
3558
5003
5840
6101
6173
5761
3638
-3361
-15671
-25708
-24647
-19848
-18787
-21056
-23716
-24741
-23849
-19704
-12685
-8514
-9864
-12891
-15483
-17921
-19207
-16925
-8851
4798
20208
32547
39860
42895
42781
40341
36356
31240
26024
21118
16541
11855
7412
3426
-8
-2963
-5263
-6633
-7198
-7223
-6978
-6541
-6046
-5587
-5118
-4633
-4143
-3644
-3181
-2748
-2387
-2115
-1880
-1684
-1531
-1370
-1221
-1086
-983
-878
-779
-695
-609
-530
-456
-381
-298
-234
-192
-131
-62
0
52
82
114
139
166
182
199
222
232
230
234
219
204
181
186
184
149
116
98
77
61
50
33
-5
-39
-64
-84
-96
-130
-145
-147
-168
-187
-202
-199
-192
-195
-200
-189
-164
-156
-146
-152
-145
-118
-115
-98
-77
-80
-77
-62
-59
-76
-75
-61
-47
-34
-19
-21
-17
-27
-27
-26
-38
-44
-52
-60
-71
-69
-47
-40
-32
-20
-14
-27
-44
-34
-15
-17
-16
-30
-43
-72
-56
-40
-59
-72
-82
-76
-72
-72
-74
-87
-79
-77
-74
-56
-67
-75
-68
-53
-63
-74
-57
-36
-23
-10
-9
-32
-32
-17
-14
12
40
58
82
104
109
113
123
136
146
143
134
130
138
131
116
110
97
113
108
107
96
106
125
114
101
110
112
90
69
68
32
-1
3
-5
-9
-6
-11
-17
-7
22
46
74
119
168
235
287
326
362
383
424
445
450
451
476
517
570
625
647
709
797
861
907
903
859
796
729
651
567
479
391
267
156
21
-103
-177
-206
-164
-115
-116
-188
-265
-309
-310
-299
-294
-307
-343
-418
-443
-438
-450
-464
-465
-442
-410
-427
-500
-580
-659
-706
-701
-671
-626
-564
-532
-500
-454
-421
-389
-423
-477
-502
-546
-569
-523
-456
-404
-347
-309
-275
-265
-294
-317
-311
-303
-277
-244
-185
-126
-81
-33
3
19
39
46
52
53
46
41
54
62
48
25
34
42
60
56
61
57
65
59
48
35
15
19
21
23
15
-3
-14
-42
-54
-55
-59
-59
-74
-69
-64
-68
-47
-23
-25
-14
-6
14
13
26
33
41
52
54
60
64
73
86
87
89
97
102
104
99
83
86
86
65
57
73
75
78
95
105
113
125
119
121
115
112
86
87
78
75
71
64
61
66
47
43
40
46
61
65
84
96
93
84
79
90
95
91
77
78
87
81
71
86
89
94
92
79
82
81
81
75
65
51
81
93
102
96
91
87
81
77
70
52
56
46
43
50
38
32
38
44
43
48
68
71
67
77
63
66
74
57
49
34
47
42
39
60
65
61
54
62
67
63
68
67
65
72
74
72
57
56
50
43
47
44
31
40
51
57
64
66
62
88
95
84
86
74
61
45
36
27
23
43
56
61
74
68
67
86
84
88
81
89
95
93
86
82
62
64
84
79
79
78
64
50
49
49
54
62
75
85
94
95
83
77
76
64
57
46
60
59
50
31
25
36
41
57
60
47
65
71
88
95
81
71
67
62
61
54
38
28
38
46
45
52
35
26
33
46
54
53
61
74
91
92
88
74
63
49
37
24
25
27
33
39
36
40
57
69
60
60
73
68
66
73
75
83
78
69
88
81
54
49
56
45
39
43
46
55
59
70
80
86
86
70
68
65
49
47
41
47
50
50
42
30
16
28
22
4
5
25
37
57
57
51
66
63
55
48
34
21
-3
-14
-2
-13
-19
-14
-8
-13
6
6
-5
1
-3
1
7
18
24
10
-11
-11
-4
-18
-37
-33
-13
-21
-23
-19
-9
-6
-9
-11
-4
12
8
11
11
-7
-14
-10
-23
-21
-19
-15
-22
-24
-35
-30
-19
-3
-7
-15
-13
-14
-20
-19
-28
-36
-35
-27
-21
-27
-53
-42
-31
-15
-23
-51
-34
-20
-4
-7
-24
-40
-41
-28
-38
-59
-56
-60
-56
-53
-57
-47
-56
-60
-66
-62
-37
-32
-30
-29
-39
-34
-31
-53
-72
-81
-91
-100
-93
-78
-57
-49
-48
-33
-20
-8
-18
-12
-4
-7
-30
-30
-16
-18
-26
-27
-30
-36
-35
-37
-28
-32
-37
-37
-12
5
14
21
6
0
13
22
19
1
3
8
-12
-22
-15
-29
-29
-26
-30
-28
-9
7
14
20
34
38
56
58
45
31
45
50
40
20
6
-6
-11
-11
-3
9
20
14
3
13
19
28
47
40
33
26
42
34
41
44
27
18
13
10
9
9
21
30
36
38
44
60
58
72
74
72
76
52
60
57
34
27
20
17
20
18
-3
-3
21
20
30
43
49
56
48
45
36
25
29
29
40
45
33
22
31
44
47
57
66
67
65
64
47
40
69
84
65
45
43
40
41
39
37
38
39
48
69
87
77
76
79
86
95
101
89
64
43
50
48
38
47
52
52
52
53
54
63
85
82
81
95
90
110
109
108
102
80
73
69
79
73
64
60
62
64
81
89
84
67
65
76
73
71
55
50
42
56
74
77
88
76
60
51
48
44
34
44
47
51
51
50
63
63
65
73
73
78
82
93
99
100
96
97
84
60
52
46
23
16
37
58
74
78
81
77
90
104
97
100
89
78
74
72
64
42
26
36
40
37
43
52
59
54
49
60
81
81
78
93
100
83
58
48
54
62
55
29
21
33
40
48
31
38
41
27
29
37
47
59
47
52
59
56
61
45
34
18
18
32
31
29
14
14
16
15
22
31
51
67
71
60
42
55
68
61
58
51
64
50
30
26
28
41
29
39
65
65
83
88
95
100
85
56
50
63
58
42
49
59
65
49
49
64
40
31
42
46
62
67
59
49
46
44
46
53
40
29
35
38
48
63
63
57
61
59
58
57
64
60
44
37
42
33
32
44
43
59
55
44
38
38
55
52
58
54
40
47
40
36
44
29
26
6
-15
0
11
25
24
32
45
63
71
80
86
84
79
88
97
88
73
62
59
33
20
14
1
5
5
14
22
33
38
36
38
44
61
71
64
64
59
59
44
27
31
23
4
4
5
-4
-4
14
17
25
34
47
45
59
71
64
51
56
39
34
43
47
30
22
15
8
4
-14
-8
-2
-9
-1
27
46
53
54
78
76
57
49
34
19
14
8
4
4
-6
-21
-8
15
16
9
26
30
31
30
18
25
16
15
17
36
30
26
17
2
-9
-15
-21
-12
-4
10
18
20
28
45
55
49
27
30
33
26
9
5
2
16
2
-15
-6
-1
-3
-7
-5
5
11
30
37
32
36
27
35
41
35
23
25
19
14
11
5
11
15
28
29
39
41
41
41
45
47
52
52
45
13
0
5
1
-8
-2
-15
-1
20
26
22
20
16
20
21
23
4
-8
-13
-7
-4
-11
-6
2
2
-4
-19
-12
11
16
4
-24
-18
1
-7
-8
-1
10
7
-6
-23
-37
-40
-43
-30
-8
4
8
5
16
16
4
-1
2
9
8
-2
5
12
21
-1
-12
-17
-23
-25
-11
3
21
18
24
28
37
29
13
9
3
9
0
-33
-56
-73
-64
-57
-63
-63
-58
-53
-48
-58
-55
-54
-54
-60
-47
-33
-35
-42
-36
-35
-43
-67
-71
-83
-85
-77
-54
-30
-34
-28
-17
-28
-19
-9
-17
-36
-46
-37
-30
-29
-56
-52
-56
-55
-52
-50
-46
-39
-42
-47
-47
-35
-33
-52
-45
-51
-44
-32
-42
-47
-53
-53
-62
-56
-46
-54
-60
-52
-55
-35
-31
-39
-30
-20
-28
-34
-35
-34
-52
-70
-79
-78
-75
-68
-69
-82
-68
-47
-30
-13
-12
-23
-22
-2
-9
-33
-40
-39
-47
-61
-62
-57
-78
-85
-85
-90
-70
-45
-29
-30
-22
-24
-14
-6
-23
-32
-39
-51
-59
-54
-49
-70
-72
-51
-26
-10
-13
-32
-26
-29
-35
-37
-25
-21
-30
-51
-63
-70
-56
-57
-43
-28
-20
-27
-30
-16
-21
-10
-20
-20
-22
-29
-32
-32
-38
-44
-44
-44
-48
-58
-68
-72
-64
-46
-48
-38
-22
-10
5
15
2
-6
-15
-21
-18
-1
-15
-32
-46
-45
-59
-70
-55
-43
-42
-47
-33
-25
-27
-14
-7
-9
6
15
10
-1
-15
-31
-45
-48
-51
-41
-45
-51
-37
-21
-33
-32
-30
-36
-42
-31
-28
-27
-25
-29
-47
-48
-41
-36
-43
-56
-51
-48
-34
-14
-4
-18
-18
-15
-21
-18
-27
-20
-21
-38
-46
-52
-47
-35
-36
-32
-36
-30
-11
-3
11
4
10
4
-13
-14
-15
-27
-27
-37
-46
-49
-54
-52
-44
-39
-28
-5
2
22
27
36
25
-2
-13
-5
-4
-10
-21
-22
-21
-25
-16
-13
-3
11
18
24
26
40
25
14
19
18
13
7
8
17
21
6
-18
-22
-28
-28
-21
-23
-8
6
12
6
-7
4
26
39
39
28
9
13
6
-17
-29
-32
-29
-33
-38
-47
-38
-25
-5
5
9
7
4
17
18
-3
7
12
13
-5
-2
7
12
12
-5
-12
-7
-20
-15
-12
-8
-12
-13
3
25
23
11
6
8
-5
-12
-32
-46
-40
-55
-41
-18
-17
-27
-30
-32
-36
-25
1
3
6
11
2
-6
-13
-7
-13
-30
-38
-41
-39
-41
-28
-29
-13
19
22
13
13
17
22
39
39
18
-10
-15
-21
-15
-18
-14
-21
-28
-10
5
4
13
12
18
25
3
-9
-21
-26
-37
-34
-36
-48
-48
-42
-32
-17
-11
7
9
12
9
21
34
23
14
18
19
1
-12
-10
-8
-12
-14
-13
-15
-18
-13
-12
-3
-2
-3
3
-3
-11
-16
-10
-14
-23
-26
-30
-41
-18
-12
-12
3
-1
2
5
14
-7
-4
-1
-12
-19
-5
13
11
-9
-18
-14
-15
-17
-29
-24
-1
-11
-22
-17
-1
2
13
20
9
-5
-11
-25
-36
-28
-14
-14
-6
-18
-37
-26
-18
-24
-15
2
22
23
14
1
-5
6
6
-17
-56
-67
-47
-50
-43
-42
-27
-11
-6
4
8
10
16
22
17
6
-1
1
1
-4
-22
-25
-33
-31
-20
-30
-47
-33
-22
-11
-4
-10
-15
-11
6
16
-4
-9
-8
-2
-6
-19
-21
-22
-25
-26
-11
-16
-27
-22
-10
4
18
24
15
23
42
37
18
-6
-16
-34
-35
-31
-35
-36
-33
-36
-43
-45
-23
-15
-10
-3
5
18
32
35
20
-2
0
-15
-20
-24
-30
-28
-13
-12
-20
-6
17
25
43
43
19
21
29
27
20
13
15
1
-11
-24
-31
-26
-16
-20
-40
-28
7
36
25
24
26
40
33
49
47
45
38
5
-1
-23
-43
-29
-20
-24
-36
-32
-28
-29
-24
-22
-12
5
7
15
23
31
36
40
44
43
22
11
-3
-11
-15
-5
-3
-4
-7
-17
-13
0
5
13
22
30
26
22
21
6
1
-9
-22
-46
-66
-52
-53
-22
14
39
63
81
97
126
168
185
192
198
205
213
232
244
272
296
324
331
355
377
366
354
382
412
436
448
468
467
447
458
486
501
549
610
647
651
630
561
454
302
119
-51
-210
-348
-485
-635
-778
-863
-840
-783
-669
-597
-525
-131
591
1610
2948
4461
5646
6022
5743
3910
-386
-8404
-18935
-24830
-22077
-18452
-19805
-24685
-27354
-24883
-19393
-13057
-6282
-4062
-6608
-10490
-14218
-17151
-17976
-13126
-1270
14104
28082
37193
41251
41939
40306
36789
32157
26925
21623
16806
12489
8513
4636
1151
-1798
-4254
-6162
-7312
-7647
-7454
-7053
-6556
-6022
-5523
-5026
-4524
-4008
-3524
-3089
-2694
-2350
-2073
-1840
-1655
-1496
-1335
-1191
-1068
-957
-863
-751
-672
-617
-528
-441
-372
-293
-212
-152
-100
-51
5
61
105
121
127
151
155
164
173
176
166
140
129
120
99
102
93
90
67
58
39
9
-22
-41
-63
-80
-106
-144
-151
-154
-172
-181
-185
-200
-192
-190
-187
-191
-182
-172
-159
-147
-140
-148
-131
-120
-105
-98
-85
-93
-99
-93
-98
-93
-81
-86
-82
-86
-68
-56
-53
-39
-36
-45
-40
-30
-26
-21
-20
-26
-27
-34
-40
-37
-34
-33
-42
-53
-52
-53
-37
-25
-36
-7
3
4
11
4
-7
-14
-15
-29
-47
-56
-64
-74
-82
-75
-66
-51
-57
-59
-59
-24
-12
7
3
22
37
35
23
7
8
26
34
47
58
80
95
111
121
114
111
127
125
97
93
108
108
106
99
99
100
117
137
135
135
151
158
146
140
118
106
108
88
42
7
-11
-23
-22
-11
-8
0
6
13
35
79
138
182
244
297
329
371
405
441
460
489
501
533
566
591
620
672
725
785
830
888
910
897
838
751
650
569
482
392
288
185
49
-76
-169
-239
-246
-192
-157
-208
-289
-339
-373
-360
-345
-339
-365
-416
-458
-458
-451
-464
-473
-473
-444
-424
-451
-531
-607
-680
-715
-696
-646
-585
-553
-543
-487
-418
-381
-409
-464
-517
-542
-570
-553
-488
-409
-353
-308
-276
-237
-251
-281
-291
-285
-257
-211
-177
-145
-96
-56
-24
-7
-8
-4
16
36
48
48
33
47
56
52
52
54
67
71
92
97
97
89
83
77
54
35
35
34
27
-1
-7
-12
-20
-22
-27
-36
-32
-24
-20
-30
-23
-25
-18
3
-8
0
13
13
14
-5
27
53
69
81
81
82
95
112
112
114
117
126
142
152
147
128
125
128
111
86
79
74
69
75
67
85
107
119
122
143
142
137
136
108
81
77
72
68
72
77
77
63
59
55
59
70
79
73
70
69
75
91
99
97
87
96
92
80
51
58
66
66
72
59
61
74
77
81
99
108
114
108
113
110
114
108
104
98
81
79
62
60
61
52
72
80
69
60
75
78
58
70
89
75
71
75
82
71
85
74
49
45
34
15
21
36
50
47
54
68
78
87
88
84
83
79
60
36
48
51
56
53
38
41
55
59
37
32
51
64
74
81
65
57
65
57
57
52
55
49
38
41
32
24
28
50
56
75
84
94
91
90
70
61
52
54
42
40
48
48
51
58
78
88
81
75
55
47
65
62
64
73
69
78
76
77
60
46
39
32
50
55
65
78
80
86
92
105
102
93
86
78
82
83
73
63
38
35
34
28
24
9
12
27
34
37
44
67
88
85
76
86
87
71
59
33
41
55
54
62
62
61
59
45
36
44
45
35
36
58
71
77
86
78
70
57
54
46
49
36
30
53
60
40
32
36
47
54
52
56
51
51
63
71
84
94
91
73
54
44
27
26
12
-1
-5
-10
-9
-2
0
0
-2
22
28
38
25
23
34
42
43
44
36
24
-10
-27
-31
-28
-36
-50
-37
-31
-23
-12
-11
-9
-9
-10
-23
-17
-8
-10
-16
-14
-38
-49
-56
-62
-51
-51
-37
-34
-34
-34
-29
0
5
-3
-5
11
20
7
8
-11
-33
-44
-49
-44
-59
-63
-67
-75
-61
-49
-43
-42
-43
-37
-39
-24
-20
-37
-42
-47
-56
-73
-73
-74
-69
-59
-67
-70
-69
-73
-64
-57
-51
-46
-39
-30
-45
-44
-51
-59
-64
-68
-69
-65
-75
-94
-101
-99
-94
-79
-69
-63
-52
-44
-37
-39
-29
-15
-21
-34
-51
-59
-56
-59
-63
-69
-83
-74
-79
-83
-82
-69
-39
-39
-41
-34
-25
-6
-12
-30
-38
-19
-16
-26
-15
-36
-49
-48
-43
-24
-16
-11
-14
-13
-4
15
12
3
5
0
-11
-12
-8
-4
-12
-18
-20
-16
-13
-13
-21
-17
-13
-6
-9
5
20
17
13
7
1
-9
-32
-23
-18
-36
-37
-46
-41
-33
-39
-35
-30
-18
-23
-6
9
11
18
6
0
-5
-28
-49
-34
-28
-26
-19
-17
-7
17
27
26
18
8
1
-5
-6
-20
-39
-39
-48
-43
-28
-23
-10
6
8
-6
-14
0
8
19
27
33
33
39
31
6
-9
-22
-16
-12
-14
-17
-18
-3
0
-5
-10
-1
5
10
1
0
12
18
9
4
8
6
13
20
10
-17
-44
-58
-58
-33
-11
-5
-3
9
19
27
18
22
41
45
39
36
22
9
2
4
11
19
13
6
12
-3
3
-1
4
21
18
17
11
28
22
15
16
2
-1
9
-1
-1
-3
4
10
12
22
21
23
27
25
28
16
27
22
3
4
2
3
5
3
1
16
26
27
33
38
26
30
39
28
27
23
26
27
28
25
15
11
7
24
39
32
34
33
42
52
57
70
62
47
23
2
15
27
30
14
14
28
43
57
48
46
51
32
28
24
20
27
29
37
49
49
45
31
41
32
33
27
40
47
47
51
51
39
32
26
38
36
21
-6
-6
10
18
16
24
40
55
51
49
42
42
47
44
33
17
25
38
32
44
57
46
45
32
28
22
28
49
51
49
50
40
24
19
23
15
18
30
34
50
49
61
73
63
47
45
39
39
25
7
3
10
12
13
25
35
35
28
36
39
43
60
69
75
81
66
68
62
58
41
45
55
46
41
32
19
14
-1
-3
-5
9
40
43
56
45
47
57
58
48
38
44
59
46
31
15
9
17
4
0
-6
-4
-4
2
27
39
32
39
31
32
29
36
41
37
34
18
12
16
8
9
13
26
36
28
34
47
75
68
48
37
25
21
15
21
15
-1
7
12
17
23
30
34
27
29
17
15
29
43
47
27
21
26
31
33
36
26
19
25
29
16
16
19
24
30
38
37
35
38
37
23
11
16
14
23
15
23
30
18
11
19
32
27
8
-4
12
39
41
48
50
52
48
33
27
13
8
15
18
13
11
7
-1
-10
6
13
29
58
67
65
58
69
66
62
54
40
27
17
8
14
0
-14
-6
9
14
23
38
49
59
47
37
45
43
43
35
15
8
4
11
9
15
23
23
34
25
38
60
74
83
85
85
82
82
71
42
26
31
21
16
0
16
27
19
37
41
34
51
59
57
51
74
81
70
80
73
43
32
27
26
17
16
15
40
54
42
49
63
64
72
79
94
79
53
47
41
39
39
38
39
41
64
73
65
53
61
60
54
54
68
78
81
67
51
32
26
39
48
45
32
35
39
56
59
46
39
34
34
41
39
37
23
17
29
17
9
10
28
27
11
5
13
15
8
11
10
6
7
12
5
-16
-18
-14
-6
-10
3
18
31
24
10
13
-3
-3
5
-2
-11
6
5
-29
-49
-30
-26
-28
-26
-4
25
37
31
8
19
31
23
7
-10
-10
-18
-32
-37
-49
-50
-42
-24
-13
-13
-8
-13
-11
-12
-8
2
-5
-22
-26
-37
-30
-11
-23
-34
-39
-47
-51
-50
-42
-41
-32
-27
-12
-13
-11
-7
-6
-24
-31
-29
-33
-48
-44
-49
-66
-81
-83
-71
-58
-57
-45
-45
-42
-37
-24
-16
-24
-9
-4
-17
-23
-30
-17
-37
-37
-39
-35
-33
-55
-73
-58
-44
-33
-36
-36
-41
-28
-13
-19
-24
-20
-11
-13
-14
-38
-56
-57
-56
-54
-57
-55
-55
-62
-60
-41
-27
-15
-17
-23
-30
-29
-30
-30
-28
-28
-39
-35
-50
-68
-51
-37
-42
-42
-16
-8
-9
-6
-6
-10
6
-8
-26
-50
-50
-58
-47
-41
-61
-76
-78
-67
-50
-50
-40
-43
-31
-15
-27
-17
-14
-31
-28
-30
-42
-38
-33
-31
-43
-47
-41
-54
-50
-30
-4
0
-8
-15
-3
-8
-3
0
-14
-31
-39
-40
-37
-31
-41
-33
-25
-22
-18
-2
-5
-3
16
10
4
9
5
-5
-14
-22
-19
-29
-29
-31
-28
-26
-14
-7
3
28
26
16
7
6
17
15
-3
1
17
13
-2
-11
-9
-22
-14
11
26
23
26
28
36
55
54
39
39
50
36
25
6
-2
-15
-7
-1
3
4
5
10
8
7
25
24
38
33
32
47
35
29
13
5
-2
-8
-16
-22
-34
-22
-11
-6
-8
-7
8
31
44
19
20
34
39
32
17
25
31
24
20
9
4
-16
-39
-53
-28
-11
1
18
18
18
13
22
23
18
32
32
18
13
4
1
14
24
7
-13
-13
-20
-24
-21
-16
7
26
19
15
7
6
2
2
-6
-15
-15
-7
4
5
4
6
2
17
12
2
19
27
29
19
21
25
17
19
8
-10
-7
-4
1
0
7
11
16
11
17
26
37
33
34
16
10
1
-7
-12
-21
-21
-10
2
-1
-25
-36
-51
-55
-16
7
6
1
-4
7
16
17
18
19
15
7
9
8
6
9
-10
-4
-10
-17
-24
-36
-11
8
-2
1
9
18
30
45
41
31
43
48
40
28
25
21
14
10
0
-3
-19
-28
-15
-17
-8
-3
-8
9
26
19
18
21
32
36
47
36
21
11
4
-18
-13
2
-6
-6
13
2
3
8
3
-3
3
9
14
0
2
-11
-6
-2
-2
5
28
23
26
22
22
21
36
47
36
32
20
6
-7
-3
12
12
14
2
4
22
38
47
39
31
26
21
17
9
-2
-17
-18
-7
-19
-19
-8
1
32
45
76
118
129
151
184
208
210
218
228
218
227
245
240
242
243
257
272
280
290
301
340
378
382
373
367
344
314
315
335
387
442
496
531
513
466
410
314
190
43
-107
-209
-311
-420
-542
-610
-594
-502
-400
-353
-327
-249
122
791
1737
2996
4536
6138
7477
8443
8512
7374
4914
-1320
-12442
-22380
-27780
-32429
-38818
-47141
-52955
-51608
-42461
-28803
-15774
-8826
-8836
-10820
-11936
-10258
-4335
6238
19643
31562
39310
43114
43965
42769
40407
37131
33318
29448
24916
19709
14168
8718
3874
-57
-2743
-4275
-5032
-5332
-5302
-5194
-5138
-5016
-4772
-4427
-4035
-3664
-3313
-3038
-2823
-2662
-2508
-2348
-2204
-2040
-1872
-1717
-1568
-1419
-1286
-1141
-997
-867
-730
-593
-475
-355
-262
-185
-102
-34
40
117
181
225
244
272
301
313
321
345
355
358
353
350
348
345
338
306
270
242
228
220
203
181
170
159
145
130
109
109
105
89
92
92
80
86
82
90
96
104
104
108
124
111
87
83
86
92
90
100
102
94
105
117
133
152
158
153
149
168
176
176
172
167
165
157
157
151
144
151
144
139
141
140
144
147
164
156
150
145
138
121
98
84
87
81
65
56
50
54
59
56
56
48
32
19
14
2
4
11
10
21
22
30
38
36
44
49
60
61
68
71
70
74
86
97
98
93
96
103
126
147
139
131
127
133
127
125
127
129
125
136
148
159
158
148
124
115
103
88
83
68
63
83
61
32
2
-9
-20
-25
-6
-6
-16
-8
0
10
31
84
120
173
247
310
361
400
431
439
437
435
445
488
541
564
608
670
734
771
790
796
761
722
658
589
565
530
447
329
213
87
-40
-120
-145
-125
-121
-173
-249
-327
-357
-367
-369
-367
-399
-449
-486
-487
-475
-469
-452
-423
-367
-316
-334
-394
-447
-489
-477
-453
-411
-364
-313
-294
-269
-245
-244
-250
-286
-365
-422
-466
-444
-359
-284
-226
-164
-118
-98
-98
-126
-150
-143
-117
-71
-10
11
-6
-51
-85
-91
-100
-99
-99
-105
-103
-93
-51
-38
2
27
54
71
63
82
112
113
130
138
147
153
163
159
142
123
129
129
128
119
114
101
84
71
64
76
95
98
88
75
94
100
110
113
113
121
125
136
125
116
115
101
101
96
77
79
92
106
107
115
132
156
163
161
160
165
168
169
162
173
169
155
142
122
109
105
90
95
95
97
109
119
151
137
115
111
100
105
74
69
67
61
60
57
51
62
68
70
57
79
92
84
72
62
75
87
81
64
59
51
34
26
21
5
3
9
16
14
16
15
25
36
39
28
30
21
24
19
3
-13
-27
-35
-41
-40
-25
-24
-22
-40
-42
-38
-26
-22
-31
-31
-30
-35
-46
-53
-54
-66
-68
-55
-66
-84
-77
-76
-81
-79
-65
-49
-46
-57
-62
-62
-59
-63
-74
-84
-79
-88
-101
-99
-111
-104
-108
-115
-108
-85
-66
-63
-61
-61
-59
-26
-26
-20
-41
-48
-58
-67
-61
-60
-75
-90
-89
-83
-78
-48
-43
-47
-33
-38
-33
-28
-20
-17
-28
-30
-32
-38
-33
-40
-60
-77
-67
-68
-67
-67
-60
-44
-26
-24
-16
-15
2
3
7
22
20
3
-21
-42
-44
-60
-58
-52
-46
-52
-39
-22
-26
-23
-6
1
2
-8
-11
-8
-16
-8
-1
-7
-9
-5
5
-4
-5
3
7
31
33
30
32
38
42
56
61
31
19
7
-6
12
20
8
11
12
17
21
26
27
25
39
44
32
15
15
22
31
28
15
-10
-26
-34
-30
-15
12
19
-11
0
16
28
43
31
22
17
26
29
11
-10
-29
-32
-10
-22
-33
-31
-16
-6
-8
-7
4
7
6
13
8
11
4
-4
-19
-31
-47
-39
-36
-36
-28
-39
-37
-21
-7
-4
-6
0
-2
-15
-28
-23
-30
-47
-43
-45
-59
-61
-54
-40
-46
-47
-53
-48
-30
-26
-26
-6
-14
-22
-36
-54
-55
-76
-97
-86
-79
-70
-86
-87
-80
-56
-49
-50
-46
-40
-36
-31
-26
-34
-62
-69
-64
-69
-73
-82
-89
-86
-68
-58
-65
-70
-51
-47
-42
-38
-36
-45
-62
-78
-73
-71
-80
-83
-92
-95
-97
-107
-108
-104
-110
-93
-73
-47
-45
-41
-40
-37
-45
-47
-48
-54
-75
-75
-78
-85
-64
-71
-79
-87
-80
-75
-78
-80
-77
-78
-68
-61
-56
-55
-54
-53
-42
-42
-63
-68
-72
-80
-88
-92
-83
-66
-39
-25
-35
-30
-21
-10
-13
-23
-18
-13
6
-13
-13
-8
-26
-47
-69
-62
-53
-58
-38
-39
-33
-25
-38
-26
-16
-4
1
-10
-18
-23
-32
-38
-40
-39
-56
-63
-64
-72
-59
-44
-40
-33
-34
-36
-25
-17
-10
-15
-18
-27
-26
-11
-29
-35
-36
-39
-44
-52
-49
-45
-44
-42
-48
-51
-33
-20
-23
-29
-22
-27
-30
-45
-40
-56
-68
-67
-69
-65
-70
-73
-65
-59
-53
-53
-40
-24
-28
-26
-21
-13
-3
-6
-20
-36
-54
-77
-82
-64
-59
-55
-56
-62
-66
-53
-25
-11
-1
-18
-33
-41
-42
-65
-75
-59
-40
-41
-42
-41
-52
-47
-52
-75
-74
-54
-42
-19
-3
10
4
8
7
-6
-21
-22
-24
-42
-45
-51
-56
-50
-31
-12
-28
-34
-40
-48
-22
-14
-22
-11
-7
-9
10
22
24
8
-7
-20
-23
-26
-25
-30
-38
-41
-22
-8
-13
-17
-3
15
27
26
22
13
14
17
17
2
0
-10
3
-8
-16
-13
-9
-7
-2
5
25
29
43
34
16
24
29
28
23
23
24
29
9
-2
2
2
-16
-19
-33
-13
11
8
15
38
59
75
63
53
46
34
23
32
40
27
6
0
-1
2
-13
-27
-20
-5
17
28
37
34
36
41
43
44
46
27
24
31
24
7
14
17
3
17
9
12
16
28
35
30
46
47
48
42
27
27
31
43
38
18
17
7
9
9
8
8
24
37
29
35
53
42
67
89
79
76
75
75
72
52
41
23
16
13
25
32
21
6
18
28
35
57
80
79
80
64
68
67
56
44
24
14
19
13
22
31
43
48
42
13
12
32
37
28
25
36
38
49
47
44
28
12
6
2
15
25
26
30
42
61
66
58
47
35
36
52
54
46
43
52
41
37
37
50
50
21
3
4
22
30
33
32
33
47
52
55
60
48
44
42
33
28
20
11
2
13
24
16
27
31
33
49
42
21
10
21
43
41
36
21
19
9
10
0
3
21
35
44
48
49
57
65
54
58
56
54
42
42
41
35
22
18
-1
-7
-6
-6
12
29
43
42
51
66
74
65
51
44
44
49
35
12
13
18
17
9
15
19
18
3
24
43
38
27
22
13
19
16
4
1
-7
-25
-22
-11
-6
8
19
30
32
45
50
48
48
40
39
41
43
17
3
10
16
14
20
33
25
24
55
60
55
46
29
22
20
14
7
20
18
16
23
13
-12
-1
3
18
38
46
48
41
57
74
74
79
62
63
57
56
62
51
31
24
30
39
53
55
54
55
58
76
104
105
102
108
119
118
116
99
82
75
64
46
42
56
60
42
40
52
43
42
54
62
82
94
73
63
78
94
84
63
33
25
27
27
22
1
9
20
27
43
59
76
76
79
84
67
67
69
71
80
58
52
63
52
37
26
42
53
40
37
51
61
74
70
60
63
67
39
34
42
41
59
58
42
31
22
27
37
46
36
35
32
43
60
46
33
39
30
38
43
48
36
35
30
26
32
25
16
21
34
40
40
30
37
31
25
21
27
37
29
20
12
0
1
-8
-13
-8
3
8
14
24
39
28
10
5
3
-23
-26
-16
-9
-12
-22
-33
-45
-49
-39
-28
-16
-13
-7
-2
-12
-13
-2
17
19
4
-11
-35
-31
-18
-37
-63
-62
-47
-29
-24
-21
-25
-17
-2
-15
-29
-46
-42
-24
-14
-22
-40
-45
-43
-42
-56
-52
-44
-60
-71
-69
-60
-37
-19
-22
-29
-28
-23
-27
-19
-32
-49
-45
-36
-44
-49
-48
-37
-21
-19
-20
-30
-14
-13
-12
-30
-38
-36
-28
-28
-44
-69
-78
-65
-59
-61
-49
-36
-47
-43
-45
-54
-41
-31
-22
-16
-19
-19
-26
-30
-42
-48
-54
-54
-59
-72
-81
-77
-68
-43
-18
-17
-11
-5
-7
-8
-4
-6
-8
-2
-13
-14
-10
-16
-31
-37
-50
-42
-30
-26
-6
-5
-18
-20
-36
-37
-43
-37
-29
-42
-47
-45
-47
-50
-65
-72
-62
-49
-38
-37
-28
-15
-16
-18
-35
-40
-47
-30
-28
-36
-37
-30
-37
-49
-53
-50
-58
-48
-41
-27
1
14
10
4
10
29
37
18
-1
-8
-6
-18
-38
-45
-54
-54
-50
-38
-31
-32
-19
7
18
11
18
15
0
-1
8
12
5
0
-1
-12
-8
-7
-19
-13
0
-6
8
13
13
10
10
0
-2
0
6
-6
-2
-3
-8
-13
6
-2
-3
-7
-7
13
30
26
31
31
21
23
12
-9
-25
-7
3
13
23
20
27
43
52
40
37
47
42
20
3
11
5
-11
-14
-17
-6
12
27
24
14
11
5
2
12
23
25
20
22
8
-2
8
7
1
-7
-19
-9
7
11
14
1
-4
-7
2
17
17
25
22
31
25
39
54
63
68
50
28
15
1
-15
-24
-16
10
10
10
16
1
6
22
38
34
24
7
-5
10
7
0
-2
-10
-16
-41
-41
-40
-33
7
16
39
71
122
158
182
