0
-17
-22
-19
-8
16
23
9
-12
-8
12
19
28
22
-5
-25
-20
-16
-8
5
17
13
24
35
43
54
69
80
78
83
69
54
44
29
1
-32
-66
-89
-106
-106
-112
-109
-91
-90
-63
-35
-9
-12
2
13
23
46
63
61
39
18
16
8
0
0
-9
-3
17
20
40
38
20
16
35
38
32
35
28
15
-20
-49
-61
-69
-91
-96
-88
-66
-60
-53
-25
-3
29
30
38
54
76
85
57
26
1
-18
-27
-36
-36
-49
-47
-41
-25
4
8
-6
1
33
48
62
76
73
72
79
35
8
-20
-39
-44
-49
-54
-66
-63
-50
-56
-31
-4
17
25
29
51
67
70
72
44
1
-32
-39
-47
-50
-29
-29
-45
-37
-23
-13
-3
27
31
53
72
66
70
49
11
-29
-46
-39
-57
-53
-51
-61
-44
-13
5
16
31
44
48
48
51
40
41
40
-2
-29
-37
-47
-57
-58
-49
-50
-43
-28
-7
10
27
54
68
68
55
51
58
35
2
-32
-56
-63
-70
-67
-73
-50
-34
-15
-1
13
26
29
62
73
68
77
87
61
10
-17
-34
-39
-43
-45
-53
-60
-36
-18
-24
-10
1
8
23
31
38
57
54
34
-15
-43
-44
-42
-60
-57
-45
-20
-5
-2
-10
25
41
50
72
81
63
57
52
42
6
-12
-37
-45
-34
-49
-63
-48
-41
-40
-14
-11
-25
-6
22
33
52
62
66
66
38
14
-10
-41
-79
-80
-71
-56
-47
-42
-17
2
12
23
25
30
40
50
53
38
17
-6
-17
-15
-31
-47
-35
-29
-22
-14
3
6
13
20
27
23
30
35
34
16
-2
-27
-36
-47
-43
-28
-30
-23
-16
-3
1
8
25
39
46
65
66
57
53
48
21
-5
-31
-59
-74
-68
-60
-57
-53
-28
-19
-31
-14
3
30
50
61
63
65
52
31
25
7
-28
-65
-61
-60
-66
-79
-58
-34
-11
18
28
31
47
46
54
47
44
23
-2
-12
-18
-28
-36
-41
-41
-34
-27
-29
-13
-8
-3
14
33
44
59
59
37
2
-16
-29
-52
-64
-67
-72
-61
-44
-37
-23
-3
18
35
54
62
57
61
66
51
18
-4
-17
-33
-23
-22
-21
-28
-35
-33
-15
-6
0
16
51
61
44
42
47
38
0
-24
-46
-48
-46
-32
-33
-31
-22
-13
-1
22
29
34
59
66
44
37
34
20
1
-23
-53
-56
-71
-76
-70
-56
-45
-32
-21
-4
16
35
59
78
88
91
96
78
36
-17
-38
-30
-46
-53
-53
-41
-40
-32
-27
-17
19
49
58
55
47
58
35
32
6
-26
-53
-57
-49
-44
-43
-41
-39
-26
-12
-20
-25
-8
27
54
63
74
82
61
32
-2
-21
-37
-28
-39
-56
-50
-42
-43
-42
-19
1
21
52
63
69
62
59
64
36
5
-11
-20
-42
-49
-42
-31
-10
-2
-5
-5
15
25
22
13
32
43
51
50
14
-11
-40
-71
-85
-82
-72
-77
-75
-70
-54
-30
6
44
60
70
80
86
78
56
35
21
-2
-8
-26
-24
-23
-33
-27
-21
-22
-9
13
19
8
41
60
40
44
24
-7
-43
-68
-73
-72
-65
-64
-44
-9
2
7
28
60
66
52
63
73
72
66
45
12
-15
-27
-38
-61
-56
-70
-61
-60
-54
-31
-21
-25
-10
15
29
32
39
45
40
28
-8
-36
-48
-49
-44
-37
-30
-31
-17
10
24
40
34
49
50
46
46
39
25
0
-24
-32
-41
-45
-49
-51
-47
-42
-28
-3
0
17
29
39
43
43
54
41
38
10
-14
-27
-52
-52
-44
-44
-36
-24
-10
1
13
31
46
44
38
48
60
59
56
23
-24
-52
-53
-62
-54
-48
-56
-54
-35
-21
-18
-21
18
33
37
41
48
63
70
48
9
-35
-44
-46
-55
-51
-34
-27
-30
-16
13
36
40
59
73
74
64
59
57
30
11
-17
-31
-46
-62
-62
-75
-77
-46
-10
-13
-5
18
24
33
41
56
60
63
38
3
-28
-56
-69
-44
-48
-52
-30
-27
-22
-22
14
30
35
35
47
48
49
39
11
-11
-21
-38
-60
-65
-77
-66
-41
-18
-8
-2
22
31
44
64
63
65
70
50
24
-6
-24
-31
-47
-61
-67
-36
-21
-24
-22
-5
21
38
48
66
60
60
50
40
9
-22
-33
-45
-60
-61
-56
-44
-44
-42
-31
-19
-17
0
21
43
46
52
63
52
7
-2
-18
-38
-54
-61
-63
-60
-49
-19
-4
21
38
56
76
66
65
79
73
65
39
17
-4
-15
-28
-38
-41
-35
-36
-44
-26
-2
20
22
19
40
48
46
60
45
4
-33
-59
-53
-61
-72
-64
-64
-50
-34
-16
-9
-2
24
46
53
64
76
82
58
57
21
-11
-15
-16
-19
-1
-8
14
42
63
86
106
114
122
142
166
172
191
218
254
293
313
328
332
360
377
397
420
410
351
294
301
355
424
466
526
557
557
592
614
667
838
970
873
328
-577
-1470
-2015
-2140
-2574
-2962
-3075
-4007
-6775
-11088
-14160
-12926
-7076
-466
3384
5325
6438
6303
5348
4319
4311
4740
3647
1516
109
37
1393
3605
4842
4839
4307
3637
2881
1982
954
49
-563
-928
-1100
-1119
-1104
-1065
-1001
-945
-862
-759
-651
-535
-435
-368
-324
-365
-421
-441
-474
-498
-509
-494
-455
-430
-386
-358
-327
-305
-267
-213
-187
-163
-136
-104
-72
-34
11
35
56
67
63
54
56
71
75
69
60
63
77
86
79
79
85
79
63
76
81
63
36
30
16
0
-33
-37
-37
-13
-8
-16
-4
20
40
53
73
70
55
61
56
48
34
-6
-34
-24
-30
-44
-58
-30
-6
8
14
28
49
73
74
75
65
72
82
56
16
-17
-32
-48
-48
-47
-54
-51
-44
-43
-36
1
23
27
27
18
33
43
30
27
11
-18
-33
-36
-52
-74
-62
-61
-51
-40
-36
-27
-8
17
33
39
63
87
69
55
22
-12
-34
-51
-69
-71
-62
-57
-41
-24
-21
-13
29
34
42
43
61
88
82
66
45
36
31
3
-19
-28
-27
-31
-31
-16
-3
2
12
18
17
36
56
57
52
22
-12
-31
-37
-50
-62
-62
-52
-43
-38
-30
-18
-7
26
45
41
61
56
52
65
57
36
31
28
19
32
53
45
45
57
63
91
122
125
133
138
145
128
127
113
80
39
24
0
-31
-35
-17
-8
-4
3
37
64
86
89
64
42
33
30
39
31
11
10
17
26
26
43
63
71
76
88
99
89
54
17
-22
-43
-64
-90
-83
-84
-97
-94
-97
-81
-39
6
30
45
38
-19
-67
-115
-150
-186
-242
-305
-369
-401
-359
-293
-224
-162
-85
-65
-109
-153
-165
-125
-71
-46
-5
3
-36
-93
-113
-117
-141
-186
-174
-113
-86
-158
-249
-342
-387
-336
-231
-129
-38
28
57
102
204
338
390
295
142
36
-2
49
79
55
27
11
16
-25
-73
-73
-58
-53
-22
6
56
105
144
209
263
276
275
264
246
202
148
112
82
39
13
-10
-46
-64
-70
-63
-56
-32
-34
-41
-44
-37
-22
-10
-32
-46
-45
-43
-37
-40
-37
-36
-23
7
20
30
28
46
67
77
95
96
94
87
61
25
-8
-11
-14
-23
-21
-23
-23
1
21
27
41
66
73
88
84
57
71
77
46
9
-13
-20
-25
-33
-35
-51
-44
-15
-9
-8
4
16
34
51
65
72
72
78
61
30
20
1
-14
-18
-38
-58
-47
-28
-8
-5
25
36
44
44
46
67
82
81
49
-4
-16
-24
-35
-44
-44
-60
-57
-38
-16
-6
-1
5
18
35
43
51
53
42
29
7
-9
-29
-40
-53
-60
-63
-36
-20
-21
0
34
50
43
46
54
66
72
74
64
42
31
-2
-18
-32
-38
-27
-39
-40
-46
-37
-24
-14
5
28
39
49
58
81
67
41
-2
-37
-54
-61
-47
-30
-25
-18
-8
7
33
52
53
52
63
68
76
64
40
21
-6
-22
-35
-60
-69
-71
-72
-54
-8
11
4
3
24
36
42
36
50
51
47
31
-2
-24
-45
-60
-56
-55
-46
-29
-9
-9
0
28
35
52
65
68
70
55
38
10
-9
-25
-44
-51
-55
-63
-71
-74
-45
-36
-32
-16
-4
8
31
46
45
34
30
11
-9
-22
-37
-38
-40
-36
-30
-6
1
2
21
29
13
31
45
52
64
68
47
7
-11
-33
-60
-66
-64
-65
-69
-50
-32
-22
-19
-7
16
49
66
78
75
78
48
17
-16
-35
-27
-36
-52
-49
-49
-41
-34
-27
-8
-7
-5
16
24
28
44
55
34
9
-11
-36
-48
-57
-66
-69
-52
-37
-32
-15
-7
2
14
16
14
11
17
23
25
9
-1
-37
-61
-78
-89
-106
-95
-72
-70
-52
-31
4
23
45
62
55
73
78
58
29
10
-7
-16
-22
-28
-36
-47
-51
-41
-29
-26
-15
14
36
46
42
59
65
54
26
-11
-31
-45
-57
-64
-66
-61
-41
-22
-7
3
16
30
37
35
47
59
67
59
33
16
-4
-39
-57
-54
-63
-66
-58
-44
-34
-13
14
34
47
47
52
48
59
56
20
-8
-46
-75
-98
-79
-50
-42
-38
-28
-18
4
23
37
44
62
81
79
68
45
-5
-36
-42
-40
-36
-24
-25
-36
-37
-19
-1
12
22
20
21
17
28
27
31
24
18
-2
-31
-44
-50
-52
-45
-26
-13
11
17
36
48
47
59
76
75
92
82
40
-5
-21
-31
-48
-75
-67
-60
-57
-56
-60
-57
-41
-21
4
24
34
34
56
75
56
23
14
0
-28
-47
-38
-30
-14
-10
-15
4
18
21
34
45
58
54
61
52
22
5
-15
-43
-59
-63
-73
-62
-50
-52
-48
-32
-29
-19
10
34
40
40
51
49
29
4
-20
-24
-33
-39
-57
-73
-77
-65
-50
-45
-30
2
30
44
56
72
79
81
65
30
17
11
-17
-42
-41
-33
-33
-33
-28
-31
-34
-19
24
42
34
44
68
67
45
22
-5
-25
-30
-45
-46
-35
-47
-47
-37
-41
-24
7
31
58
50
46
53
58
47
9
-26
-43
-45
-52
-54
-57
-48
-29
-17
-5
-18
-11
6
16
37
57
68
68
50
20
-13
-50
-61
-63
-56
-55
-44
-34
-29
-17
2
32
41
46
65
72
69
74
50
28
-9
-16
-26
-34
-35
-55
-64
-43
-26
-20
-12
3
28
34
30
27
34
32
39
14
-26
-43
-43
-40
-38
-31
-32
-17
-6
4
27
43
40
52
62
68
71
67
49
28
-4
-20
-47
-75
-85
-89
-84
-74
-76
-74
-35
-5
20
46
53
61
75
75
46
11
-4
-30
-36
-45
-53
-61
-52
-45
-37
-19
9
25
40
62
71
74
72
59
32
-1
-26
-41
-51
-55
-54
-49
-54
-50
-31
-1
9
11
18
46
68
57
63
60
50
10
-15
-37
-33
-48
-65
-57
-42
-15
-8
7
12
21
19
23
34
50
56
56
48
13
-10
-37
-63
-69
-65
-63
-57
-45
-26
-13
-19
1
38
58
77
81
94
101
75
38
1
-20
-37
-51
-38
-44
-46
-56
-54
-42
-29
-2
4
7
20
32
43
52
48
21
-10
-14
-18
-33
-45
-57
-59
-42
-19
-8
8
23
18
38
72
73
57
40
34
16
-9
-18
-34
-51
-56
-52
-43
-39
-29
-24
7
33
37
44
58
61
67
69
62
33
-14
-38
-46
-47
-33
-35
-44
-37
-29
-17
-12
3
21
36
44
51
67
70
55
18
1
-33
-53
-52
-48
-38
-19
-5
-3
-16
-12
6
33
57
74
72
56
57
54
17
-12
-21
-26
-47
-61
-69
-57
-56
-54
-41
-36
-18
11
30
46
52
52
55
52
28
-2
-39
-56
-66
-66
-51
-38
-25
-24
-19
-8
7
21
19
31
37
57
55
35
16
-9
-41
-53
-50
-53
-57
-55
-51
-38
-28
-27
-11
19
23
32
30
54
77
82
60
24
2
-19
-36
-44
-56
-55
-51
-33
-15
13
33
42
66
68
70
61
53
38
12
7
7
-23
-63
-86
-69
-62
-39
-28
-36
-34
-11
4
31
39
64
77
79
62
26
-1
-20
-34
-36
-30
-33
-36
-44
-46
-49
-33
7
35
35
21
38
42
38
38
9
-12
-26
-38
-50
-65
-61
-55
-37
-26
-20
-8
14
29
40
50
67
69
74
64
42
18
-18
-39
-49
-41
-42
-36
-28
-20
-12
-1
8
10
10
33
51
55
57
33
3
-12
-34
-47
-60
-46
-17
-10
-22
-24
-11
8
23
28
31
47
46
49
53
28
-3
-27
-45
-50
-56
-58
-70
-54
-28
-16
-4
15
32
36
43
51
52
55
50
26
-1
-25
-36
-38
-49
-48
-46
-42
-37
-42
-31
-13
22
29
47
56
56
64
66
37
11
-32
-61
-73
-61
-48
-46
-39
-30
-13
10
20
38
48
50
55
60
56
50
32
7
-17
-42
-56
-61
-59
-56
-55
-62
-53
-37
-22
-12
3
22
43
62
79
76
65
30
4
-16
-24
-42
-61
-57
-59
-50
-34
-14
3
8
22
34
31
55
61
57
53
27
-7
-32
-41
-58
-54
-49
-48
-39
-12
-3
2
12
27
32
30
46
45
41
18
-3
-17
-50
-75
-69
-62
-60
-50
-37
-26
-16
4
43
48
66
73
80
79
69
45
4
-27
-34
-36
-54
-57
-60
-66
-61
-48
-38
-47
-31
-6
21
43
50
55
51
34
18
-9
-23
-59
-62
-54
-60
-46
-40
-19
8
26
42
52
54
55
59
50
63
53
20
1
-6
-20
-33
-44
-66
-60
-52
-44
-30
-20
3
22
36
52
58
65
62
40
6
-28
-37
-42
-45
-49
-54
-37
-30
-26
-15
13
20
34
48
50
70
87
76
51
7
-14
-27
-35
-32
-43
-52
-33
-36
-32
-5
11
13
17
42
48
36
46
45
31
8
-18
-45
-58
-62
-64
-56
-36
-21
-25
1
34
46
55
59
64
64
68
61
31
-4
-29
-38
-38
-58
-62
-45
-44
-37
-13
0
-1
19
36
37
53
65
58
66
28
5
-29
-53
-64
-65
-47
-28
-19
-21
-24
-17
10
32
35
43
57
59
47
24
11
-8
-30
-45
-42
-52
-47
-52
-64
-67
-58
-28
-9
16
30
26
35
48
53
45
36
5
-19
-24
-35
-32
-11
1
-3
-3
4
12
29
45
41
38
33
29
29
24
14
-30
-56
-64
-75
-72
-66
-66
-62
-41
-8
3
9
38
52
44
45
62
69
68
61
26
6
-6
-27
-36
-36
-27
-38
-33
-6
3
16
33
42
42
33
37
39
46
28
-3
-23
-39
-49
-46
-51
-54
-59
-46
-27
-10
7
12
19
31
46
61
62
84
60
21
-6
-39
-49
-45
-49
-50
-40
-21
-9
-16
-9
6
18
37
35
34
35
38
18
-6
-15
-28
-29
-40
-56
-71
-64
-68
-68
-55
-32
-10
5
31
42
51
77
90
75
36
-3
-18
-29
-27
-28
-38
-32
-30
-33
-15
12
30
35
38
42
29
39
32
8
-14
-36
-37
-42
-49
-53
-52
-36
-26
-10
7
10
20
24
40
38
37
56
70
46
7
-22
-23
-26
-32
-44
-40
-22
-21
-15
-1
8
17
31
45
39
54
40
21
18
-7
-30
-37
-46
-62
-67
-51
-36
-30
-18
-15
-14
28
66
67
71
84
82
79
49
15
-9
-25
-54
-67
-59
-62
-48
-38
-22
-23
-16
4
28
29
36
56
65
75
51
9
-9
-9
-14
-38
-41
-41
-38
-29
-25
4
10
5
7
11
34
57
61
54
28
9
-5
-31
-45
-49
-61
-56
-55
-45
-37
-29
8
18
13
18
28
35
42
44
16
-5
-27
-61
-75
-72
-48
-49
-48
-24
-2
13
29
50
52
51
44
52
63
54
30
15
-9
-31
-44
-54
-50
-47
-38
-35
-32
-18
12
35
39
54
36
36
51
59
46
4
-26
-39
-55
-73
-76
-69
-65
-47
-23
0
6
20
36
45
52
60
66
76
65
19
-7
-34
-45
-36
-41
-64
-63
-43
-16
1
2
-2
14
35
54
81
88
73
47
10
-10
-36
-48
-53
-74
-76
-58
-41
-30
-33
-21
4
39
55
56
55
55
56
46
27
13
-20
-47
-62
-55
-41
-29
-21
-28
-28
-12
20
27
48
52
48
62
68
42
11
-7
-28
-39
-65
-60
-56
-60
-42
-25
-20
-5
20
36
45
60
60
61
65
46
12
-23
-32
-28
-42
-50
-43
-35
-17
-11
-8
-2
34
42
47
51
62
49
36
10
-10
-38
-49
-49
-49
-40
-32
-39
-41
-28
-20
-12
13
31
43
67
72
69
68
48
-1
-28
-41
-60
-71
-72
-75
-59
-46
-30
-22
1
22
19
46
66
65
67
58
30
13
-11
-26
-39
-48
-57
-69
-54
-33
-14
-9
17
30
42
58
61
57
59
59
47
14
-12
-37
-56
-64
-74
-85
-71
-48
-30
-21
18
46
43
42
46
48
56
49
25
3
-9
-33
-42
-34
-44
-59
-53
-43
-31
-26
-12
13
42
51
48
40
60
68
38
16
-5
-42
-44
-47
-39
-34
-30
-26
-25
-11
0
20
55
59
42
54
54
56
31
10
-20
-33
-44
-42
-45
-50
-43
-39
-25
-4
11
17
20
10
27
49
56
47
11
-27
-60
-56
-56
-52
-31
-23
-24
-20
10
16
30
32
38
57
54
49
45
26
8
-5
-13
-23
-43
-51
-51
-60
-52
-37
-17
1
18
37
34
47
61
54
55
49
32
11
-3
-34
-54
-47
-53
-43
-48
-50
-32
-27
-10
10
26
43
69
76
68
59
47
22
3
-20
-56
-53
-45
-44
-55
-41
-21
-16
3
22
15
25
43
35
30
43
36
18
3
-25
-54
-64
-72
-78
-64
-36
-10
13
28
37
38
47
49
44
28
34
23
2
-18
-48
-56
-53
-57
-46
-40
-22
-19
-7
14
41
71
77
82
91
102
97
60
32
2
-30
-45
-52
-40
-38
-10
1
-14
-28
-21
7
32
39
34
37
66
73
56
29
-6
-48
-73
-84
-85
-81
-63
-56
-53
-46
-39
-21
-10
2
1
15
39
39
36
19
2
-23
-37
-33
-45
-58
-36
-12
-7
13
38
71
102
115
116
127
146
147
142
125
97
93
94
95
91
133
201
248
275
294
324
380
403
440
474
490
449
417
402
436
457
472
504
539
541
579
612
656
840
949
789
213
-579
-1231
-1582
-1693
-2260
-3065
-3500
-4919
-8514
-13263
-16657
-16174
-11088
-3868
1868
5523
8174
9352
8423
7078
6730
7070
6382
3878
1460
674
1564
3682
5567
5922
5258
4417
3380
2276
1155
7
-949
-1531
-1751
-1730
-1634
-1575
-1522
-1455
-1318
-1154
-1011
-856
-728
-663
-724
-840
-854
-802
-748
-682
-649
-596
-516
-446
-386
-332
-301
-269
-227
-203
-212
-219
-208
-183
-156
-121
-52
8
54
93
115
139
183
212
213
216
218
212
205
184
169
154
115
69
35
19
4
-9
-14
-20
-42
-67
-68
-64
-77
-69
-62
-56
-45
-49
-75
-91
-111
-119
-136
-121
-105
-94
-68
-32
1
14
17
23
28
28
34
53
65
60
32
13
-9
-35
-54
-59
-62
-57
-59
-58
-34
-11
3
-6
14
41
47
41
32
38
32
14
-25
-46
-55
-52
-35
-20
-18
-7
17
37
57
47
59
59
55
73
79
86
58
23
-16
-64
-80
-99
-93
-75
-70
-59
-53
-39
-22
-19
1
39
48
62
70
80
47
24
6
-13
-29
-47
-53
-46
-27
-14
-17
-1
28
42
44
58
62
69
62
72
42
3
-22
-32
-31
-32
-14
-4
-2
10
24
36
44
70
82
92
123
138
172
178
148
120
81
54
31
35
30
25
37
41
45
52
62
79
94
110
116
112
121
109
74
53
49
49
40
4
-47
-82
-84
-65
-37
-18
5
41
51
74
119
151
183
193
165
131
97
60
15
-19
-62
-111
-153
-159
-155
-144
-112
-92
-62
1
76
140
167
126
56
-45
-106
-169
-231
-276
-335
-397
-433
-411
-338
-272
-182
-75
-38
-53
-63
-66
-54
-17
-10
6
-13
-84
-155
-170
-200
-241
-289
-262
-193
-166
-194
-259
-298
-310
-256
-152
-60
22
51
70
115
186
303
320
213
91
9
-12
7
37
40
47
57
52
50
30
6
10
0
1
-3
13
24
49
101
135
147
158
166
188
195
197
173
151
137
129
102
74
26
-10
-43
-61
-80
-94
-89
-78
-67
-62
-56
-50
-31
-7
21
23
41
56
67
68
40
19
5
11
-1
-14
-16
-18
-16
-15
-7
6
21
41
57
62
81
87
82
73
63
30
8
-4
-33
-44
-49
-57
-40
-33
-18
7
30
44
42
45
61
71
64
61
25
1
-1
-8
-23
-30
-25
-19
-17
-13
-12
0
44
76
95
98
92
78
62
74
34
3
-21
-51
-53
-49
-37
-28
-32
-32
-24
-19
-5
11
24
54
72
80
69
80
64
32
8
-18
-35
-39
-44
-47
-21
-10
0
8
33
40
55
77
61
56
57
56
17
-11
-29
-51
-51
-56
-62
-62
-48
-30
-19
-15
-8
2
23
49
65
65
74
56
21
15
-4
-22
-33
-35
-45
-44
-47
-44
-50
-42
-12
15
35
47
48
49
74
71
41
13
-13
-43
-43
-55
-57
-52
-42
-35
-12
5
2
22
49
51
54
62
57
46
27
6
-34
-43
-53
-60
-76
-83
-69
-41
-19
-3
30
68
68
78
66
68
70
64
40
12
-18
-44
-60
-60
-55
-39
-23
-26
-21
-14
-9
18
30
21
19
32
53
56
34
10
-24
-39
-42
-45
-42
-35
-37
-32
-15
5
37
60
64
68
77
87
81
65
27
-13
-28
-43
-65
-85
-85
-59
-48
-43
-33
-14
8
19
36
40
66
61
43
35
11
-19
-39
-59
-69
-78
-64
-40
-18
0
2
8
38
47
60
74
66
58
52
37
6
-15
-31
-57
-77
-78
-77
-87
-83
-58
-29
-10
1
6
19
33
42
37
44
56
42
5
-12
-16
-20
-52
-60
-71
-57
-49
-47
-38
-8
14
28
55
53
45
59
61
43
15
-20
-40
-54
-39
-36
-54
-54
-49
-30
-11
-6
5
17
29
44
50
60
64
34
6
-33
-55
-56
-49
-44
-44
-32
-41
-28
-16
3
11
28
49
54
61
65
55
23
-9
-33
-34
-47
-57
-64
-75
-72
-61
-44
-33
-13
-4
9
30
49
49
47
50
33
12
4
-25
-48
-72
-86
-82
-73
-58
-44
-24
10
28
45
42
44
62
71
66
47
24
2
-23
-39
-47
-47
-58
-62
-44
-39
-37
-35
-6
27
50
66
82
84
74
46
23
-1
-9
-17
-18
-28
-55
-53
-29
-19
-19
-11
23
51
48
45
46
44
46
24
-16
-54
-45
-49
-73
-69
-66
-49
-35
-38
-31
-8
17
25
38
48
43
44
59
45
14
-16
-28
-38
-57
-58
-41
-30
-21
-1
2
15
35
51
64
64
69
65
56
31
8
-11
-31
-52
-40
-47
-70
-66
-42
-36
-32
-16
19
43
59
74
92
95
81
58
10
-19
-28
-41
-43
-52
-45
-34
-31
-31
-28
-4
12
27
34
30
36
42
55
33
0
-20
-32
-38
-44
-58
-55
-42
-43
-25
-7
5
2
19
40
54
71
82
81
56
30
-5
-33
-52
-56
-63
-50
-40
-46
-31
-11
16
41
44
49
46
51
46
26
-3
-11
-23
-41
-43
-53
-74
-71
-66
-58
-42
-25
-13
9
36
48
56
60
81
90
58
40
-2
-30
-50
-56
-56
-47
-33
-30
-34
-44
-22
6
28
36
43
49
62
57
33
11
-18
-30
-35
-43
-38
-42
-35
-12
6
1
10
33
41
43
43
32
38
36
13
-22
-50
-50
-52
-59
-57
-62
-49
-33
-23
-23
3
34
25
33
48
54
48
57
30
-4
-8
-5
-14
-34
-49
-43
-39
-29
-15
-12
-5
10
17
28
41
70
79
82
45
-7
-9
-23
-41
-58
-58
-75
-90
-69
-45
-27
-9
12
31
65
83
88
81
79
35
2
-24
-52
-57
-53
-46
-53
-52
-23
-3
5
-4
-5
29
50
50
46
39
42
32
31
2
-16
-35
-49
-48
-53
-35
-28
-18
-9
14
36
41
55
51
40
39
30
-3
-17
-34
-49
-45
-41
-49
-64
-48
-37
-23
-6
6
9
21
30
47
50
66
68
39
15
-8
-15
-18
-24
-32
-31
-32
-21
-17
-17
-4
16
27
27
29
38
46
35
12
10
-18
-44
-46
-57
-62
-71
-60
-28
-26
-27
-23
-3
8
26
32
53
53
35
23
11
-5
-13
-30
-35
-40
-33
-20
-22
-11
1
21
32
34
40
43
51
55
51
20
-3
0
-8
-25
-31
-26
-31
-25
-8
-2
-8
3
20
40
51
53
64
72
59
24
-3
-21
-34
-60
-75
-72
-69
-56
-43
-38
-28
-4
-1
15
31
65
71
57
57
28
-8
-16
-25
-41
-54
-46
-48
-34
-20
-15
-6
-6
-4
15
51
74
90
103
87
49
14
-14
-22
-39
-35
-46
-47
-52
-57
-44
-25
12
26
16
23
38
43
37
35
-2
-13
-18
-38
-57
-53
-27
-23
-14
3
15
26
22
30
35
41
40
33
32
31
-8
-39
-43
-48
-67
-62
-58
-45
-15
-13
-2
15
25
40
53
61
63
57
62
54
23
-8
-38
-34
-45
-73
-70
-54
-41
-30
-13
8
24
30
38
51
65
75
71
62
17
-13
-40
-62
-63
-46
-46
-50
-52
-38
-3
4
33
54
70
61
47
42
31
17
-4
-28
-54
-65
-37
-35
-44
-34
-35
-16
5
6
0
10
31
34
44
44
46
42
12
-32
-60
-53
-44
-52
-56
-47
-38
-27
-6
16
31
44
65
79
79
66
45
41
21
-10
-42
-55
-60
-59
-58
-67
-80
-65
-33
-24
-36
-13
16
39
56
57
62
60
27
-1
-25
-25
-34
-38
-34
-31
-22
-5
13
25
33
35
44
59
62
63
50
40
9
-27
-40
-45
-49
-49
-42
-34
-13
8
11
17
34
36
35
41
46
41
50
46
5
-27
-40
-62
-73
-59
-55
-47
-33
-31
-29
-13
17
26
41
37
35
42
33
25
9
-22
-32
-46
-53
-61
-58
-51
-59
-48
-37
-25
-1
28
53
59
53
61
69
60
21
-2
-29
-48
-56
-50
-43
-25
-9
-6
-11
-16
8
29
53
80
75
80
75
69
32
-8
-26
-41
-39
-50
-71
-68
-61
-46
-49
-38
-18
5
20
44
61
68
63
50
20
-1
-18
-23
-35
-49
-65
-64
-57
-50
-37
-18
4
26
45
55
65
79
69
45
24
8
-27
-34
-47
-70
-56
-43
-30
-24
-14
-20
-17
16
33
45
52
59
65
65
42
9
-8
-19
-44
-64
-80
-83
-60
-43
-18
1
15
37
47
54
66
75
78
64
52
23
8
-18
-46
-55
-60
-72
-78
-67
-38
-34
-40
-38
-24
15
56
64
57
55
31
10
-13
-32
-55
-47
-38
-39
-39
-43
-27
-4
20
20
25
43
43
52
54
69
38
10
-19
-52
-66
-54
-52
-38
-21
-12
-5
-2
5
16
20
37
53
72
76
75
43
6
-11
-35
-55
-57
-62
-76
-69
-43
-25
-19
18
36
44
52
59
59
56
51
20
-6
-32
-55
-72
-64
-40
-34
-29
-14
-8
-3
5
19
35
32
31
42
64
57
26
4
-23
-32
-49
-74
-82
-67
-41
-26
-31
-9
23
33
40
52
50
57
55
36
32
24
4
-12
-23
-50
-61
-73
-60
-40
-24
-7
11
33
41
55
57
64
54
42
9
-20
-46
-49
-48
-40
-31
-39
-34
-35
-33
-23
2
24
44
51
50
70
63
55
25
-5
-41
-51
-56
-49
-55
-51
-28
-8
6
5
-3
16
19
44
58
60
55
49
43
13
-5
-11
-31
-32
-40
-46
-42
-29
-22
-4
41
50
30
27
38
50
57
51
17
-20
-29
-33
-30
-44
-65
-60
-51
-21
-11
-16
-14
17
39
48
76
69
49
45
-1
-37
-44
-64
-78
-77
-63
-57
-55
-35
-38
-32
-16
2
32
47
54
74
94
81
51
36
8
-1
5
-1
-12
-37
-47
-45
-31
-17
-5
23
31
37
40
35
40
31
-8
-23
-37
-49
-53
-41
-39
-34
-17
-14
-3
22
43
45
50
54
59
54
58
56
29
-2
-31
-57
-60
-49
-49
-50
-57
-56
-22
6
1
19
35
42
26
16
40
43
16
-19
-40
-44
-40
-37
-52
-50
-44
-43
-23
12
43
49
45
47
44
48
53
51
27
6
-16
-20
-36
-56
-74
-70
-52
-45
-29
-14
2
13
30
51
57
64
66
50
19
-20
-48
-56
-42
-32
-36
-31
-36
-31
-27
-30
-13
10
43
47
31
52
68
59
32
0
-28
-52
-49
-47
-47
-51
-45
-29
-16
1
-5
14
33
46
60
65
71
63
35
4
-30
-30
-36
-47
-32
-35
-49
-32
-28
-25
-9
15
21
34
49
48
41
40
13
-14
-24
-22
-48
-69
-66
-56
-34
-18
-13
-11
-16
10
27
38
57
70
73
82
41
0
-13
-18
-36
-51
-81
-73
-55
-44
-31
-4
23
23
25
35
33
40
53
49
23
-3
-14
-25
-39
-32
-22
-17
0
-6
-10
-7
7
28
36
49
31
24
30
30
9
-31
-46
-69
-76
-59
-67
-70
-51
-42
-24
7
37
51
63
76
84
83
60
50
14
-10
-32
-59
-52
-45
-49
-44
-43
-31
-32
-30
-12
22
45
57
54
55
58
31
-11
-36
-51
-51
-46
-46
-51
-37
-31
-16
-21
-7
20
25
39
48
48
61
57
45
19
7
-24
-56
-62
-57
-62
-59
-46
-15
10
21
20
28
32
44
58
69
73
76
62
32
-10
-31
-35
-27
-35
-47
-38
-39
-26
-1
19
32
41
37
35
42
48
55
29
2
-18
-18
-36
-56
-54
-60
-55
-41
-22
-29
-13
24
35
40
53
50
54
43
19
-11
-31
-28
-32
-27
-20
-12
-12
-3
-2
13
37
47
40
35
37
50
48
31
9
-12
-12
-23
-53
-73
-85
-77
-70
-53
-25
5
24
69
95
94
79
53
36
33
-2
-41
-59
-73
-77
-75
-84
-80
-65
-58
-56
-40
0
23
31
45
56
72
70
65
22
-12
-25
-30
-10
15
22
23
64
115
119
111
108
138
178
222
229
227
245
284
288
304
316
307
316
325
336
349
405
476
558
631
685
745
779
801
843
914
1086
1287
1377
1427
1514
1624
1540
1174
669
108
-426
-1465
-3272
-5158
-7728
-11486
-16543
-20602
-20651
-15881
-7094
549
4018
5637
6454
5934
5132
5280
7119
10795
15307
18531
18615
15550
10599
5236
1053
-1709
-3588
-4806
-5234
-5192
-4897
-4418
-3853
-3309
-2895
-2539
-2246
-1965
-1626
-1316
-1032
-794
-610
-416
-251
-131
-44
50
118
145
152
133
88
49
8
-23
-39
-18
14
46
93
111
130
161
182
188
188
201
201
181
138
107
92
86
80
69
56
49
41
58
68
58
46
60
59
41
30
43
62
69
37
-11
-37
-50
-67
-70
-82
-81
-82
-75
-52
-25
16
34
33
45
69
81
78
76
54
58
42
16
0
-10
5
16
21
33
32
30
31
42
31
23
15
12
16
20
-14
-32
-28
-49
-74
-86
-78
-58
-36
-24
-22
5
50
50
53
72
72
84
90
76
56
39
18
-11
-40
-42
-33
-23
-11
6
27
29
26
32
35
52
63
66
50
43
8
-16
-48
-56
-65
-53
-56
-51
-26
-12
3
19
43
51
66
72
68
53
30
5
-33
-54
-73
-77
-62
-39
-38
-28
-4
13
31
49
56
60
104
127
131
143
150
143
110
76
42
26
21
31
18
3
-5
-8
3
34
57
43
40
43
66
86
92
103
98
69
47
13
-15
-53
-79
-83
-63
-31
-1
10
26
44
65
89
121
145
149
148
112
56
-19
-76
-92
-109
-163
-187
-171
-162
-143
-128
-94
-39
11
56
109
105
71
33
-40
-94
-122
-175
-256
-328
-352
-365
-325
-244
-168
-84
-17
10
-16
-55
-66
-50
-5
26
20
-15
-92
-143
-168
-181
-220
-261
-241
-192
-171
-228
-278
-312
-310
-229
-127
-15
69
107
98
118
192
289
292
210
115
30
-2
45
65
49
45
56
73
69
34
-1
15
22
-5
-17
5
33
85
136
152
162
182
188
170
155
149
129
118
101
84
66
28
-1
-32
-71
-81
-78
-84
-98
-95
-82
-84
-69
-45
-36
-24
14
48
88
83
92
102
85
54
12
-26
-51
-64
-50
-44
-43
-40
-25
-30
-17
13
18
36
50
48
56
65
65
30
12
-12
-33
-36
-46
-40
-20
-15
-6
13
16
26
54
76
76
62
67
75
70
42
23
-4
-9
-8
-16
-27
-35
-46
-37
-22
0
9
12
32
42
56
78
79
72
52
28
4
-11
-14
-12
-2
-10
-9
-13
-3
5
15
44
55
57
61
75
77
58
21
-5
-33
-37
-51
-61
-48
-37
-35
-23
-5
16
40
45
60
72
87
95
79
43
13
-11
-16
-17
-39
-47
-39
-28
-21
-29
-14
-4
14
20
18
29
27
41
43
17
-14
-28
-41
-43
-41
-27
-15
-29
-32
-15
2
9
38
47
41
40
34
44
41
41
16
-10
-22
-46
-64
-72
-74
-61
-40
-16
0
2
15
33
55
87
81
74
65
49
19
2
-11
-40
-54
-51
-59
-60
-68
-53
-55
-33
9
14
16
39
49
42
37
30
-20
-30
-21
-9
-18
-43
-39
-22
-10
-6
0
21
35
35
33
37
36
37
45
21
-15
-39
-56
-67
-62
-41
-35
-30
-13
-6
6
26
24
25
40
59
66
76
66
40
9
-2
-31
-49
-51
-67
-84
-68
-52
-44
-24
-9
11
46
60
71
87
90
84
70
44
16
-16
-28
-41
-54
-51
-41
-26
-35
-39
-25
-5
21
32
38
33
44
47
24
0
-17
-33
-43
-71
-75
-50
-35
-27
-22
-7
6
18
33
46
58
58
58
55
45
17
0
-20
-41
-50
-55
-69
-57
-41
-44
-31
-12
13
27
43
68
79
77
62
36
0
-25
-35
-46
-58
-66
-49
-49
-58
-48
-51
-37
5
20
19
24
46
62
48
35
28
15
-18
-25
-39
-68
-69
-62
-51
-33
-24
3
36
53
60
60
68
55
48
45
6
-4
-11
-34
-60
-61
-57
-61
-62
-65
-62
-40
-16
-1
-3
15
32
58
80
72
47
24
-9
-35
-36
-47
-54
-43
-32
-36
-37
-14
3
18
11
14
33
45
40
30
-1
-16
-24
-52
-83
-86
-78
-62
-45
-22
-1
17
20
30
28
31
47
45
51
32
13
-11
-40
-49
-50
-43
-38
-34
-34
-31
-23
-11
12
33
45
50
44
52
69
65
30
-10
-24
-54
-60
-69
-65
-51
-35
-27
-10
-8
7
12
29
47
67
85
86
70
32
7
-21
-40
-51
-70
-78
-59
-50
-35
-22
-13
7
15
27
31
30
27
40
37
11
-8
-27
-44
-59
-56
-38
-44
-42
-14
-12
-12
7
22
41
49
57
63
77
67
23
-3
-25
-39
-51
-61
-54
-42
-27
-12
-9
-13
8
32
36
38
47
47
53
45
3
-18
-31
-46
-57
-63
-55
-58
-40
-24
-17
-8
7
38
51
55
61
64
70
56
22
-3
-20
-38
-54
-65
-59
-40
-28
-23
-27
-22
0
14
23
34
37
40
41
41
11
-21
-43
-43
-44
-32
-21
-29
-29
-13
-4
1
11
26
26
40
52
58
60
45
18
-1
-12
-32
-41
-42
-56
-56
-39
-26
-5
27
48
46
47
54
61
71
63
31
-6
-15
-15
-31
-45
-52
-53
-52
-44
-38
-31
-13
-6
9
37
67
68
62
64
45
11
-6
-24
-39
-50
-58
-60
-54
-54
-36
-16
5
25
28
37
50
42
58
71
60
13
-22
-28
-31
-47
-42
-42
-37
-17
-6
0
-5
-4
17
25
30
36
33
40
25
-21
-45
-58
-62
-66
-59
-52
-43
-39
-30
3
46
63
67
65
73
75
69
70
52
18
-8
-23
-18
-25
-46
-58
-61
-46
-24
-11
-15
-26
-2
14
37
60
63
66
50
27
1
-25
-41
-58
-58
-67
-64
-61
-54
-44
-21
10
34
52
57
57
68
65
61
41
19
4
-16
-32
-35
-46
-53
-52
-35
-33
-36
-19
2
9
28
55
66
39
28
1
-28
-48
-54
-49
-48
-36
-29
-26
-13
1
7
39
55
65
65
53
55
40
31
-1
-20
-21
-25
-53
-57
-63
-58
-41
-13
-6
-13
-4
2
23
37
52
53
49
52
35
12
-4
-34
-40
-41
-52
-57
-52
-53
-38
-28
2
15
41
53
63
53
45
43
31
22
-18
-33
-41
-46
-36
-29
-27
-27
-22
-6
-8
9
23
37
32
29
23
17
-11
-20
-32
-58
-56
-57
-67
-59
-37
-30
-14
1
25
43
67
83
72
74
77
68
46
14
-12
-19
-29
-48
-55
-57
-53
-36
-18
-5
8
27
35
40
27
45
54
47
14
-16
-33
-42
-43
-34
-50
-36
-12
-3
13
21
36
45
56
57
64
69
71
51
40
-4
-44
-47
-50
-63
-67
-47
-28
-10
-5
-1
21
39
65
79
68
74
79
57
17
-9
-27
-36
-47
-63
-75
-69
-60
-40
-18
-6
31
49
36
33
61
69
61
48
14
-11
-12
-13
-28
-54
-59
-62
-46
-25
-13
-3
-2
-1
10
11
32
46
56
51
28
10
-28
-49
-44
-39
-47
-58
-44
-16
1
16
34
41
36
41
56
72
72
52
11
-12
-11
-22
-31
-51
-46
-30
-30
-26
-33
-27
-18
-6
-2
29
47
54
53
46
41
27
-5
-23
-50
-51
-49
-61
-55
-44
-34
-25
14
35
35
33
38
50
60
38
6
-12
-30
-42
-64
-69
-65
-42
-27
-23
-15
-4
15
31
44
52
51
55
59
54
32
8
-28
-47
-47
-48
-66
-70
-53
-43
-22
3
25
36
40
36
46
65
58
46
27
0
-17
-37
-38
-43
-52
-52
-36
-13
-8
-10
-21
-6
9
18
49
68
67
53
31
5
-27
-52
-54
-51
-61
-60
-61
-54
-27
0
5
20
34
31
52
65
49
32
15
-15
-45
-54
-46
-49
-39
-28
-27
-4
10
12
1
15
37
44
47
48
53
54
12
-20
-59
-84
-87
-64
-48
-55
-59
-38
-10
7
17
35
56
77
77
67
74
67
30
-5
-13
-20
-41
-44
-47
-45
-39
-33
-15
-10
-8
0
21
40
48
52
47
34
1
-19
-16
-29
-49
-43
-51
-56
-57
-47
-38
-19
15
31
36
54
61
66
72
46
15
-1
-8
-22
-33
-48
-47
-29
-26
-6
3
-9
-3
0
9
25
29
44
65
51
15
-14
-32
-48
-51
-51
-74
-54
-41
-33
-34
-22
12
34
47
54
90
106
93
68
18
-10
-35
-55
-54
-36
-44
-42
-55
-64
-52
-38
-19
10
46
47
49
72
62
43
2
-14
-37
-56
-61
-51
-33
-35
-15
-9
-11
7
34
51
66
58
39
35
49
43
13
-2
-25
-24
-46
-70
-68
-69
-60
-48
-31
-19
13
24
21
25
32
36
35
27
-4
-21
-37
-41
-50
-52
-48
-44
-33
-6
7
7
16
45
53
51
65
59
43
21
-3
-32
-39
-38
-46
-43
-36
-26
-23
-24
-15
-14
-7
20
45
66
79
83
82
48
18
-19
-44
-39
-52
-73
-72
-57
-40
-28
-2
17
34
14
9
33
36
57
53
54
26
-5
-28
-49
-48
-48
-59
-45
-25
0
16
14
34
48
50
63
58
52
55
56
10
-36
-51
-58
-58
-41
-56
-50
-31
-10
-10
10
22
37
36
40
48
51
55
28
-4
-33
-44
-52
-50
-69
-76
-63
-45
-29
-5
9
20
18
37
56
67
65
72
49
1
-21
-43
-49
-51
-56
-61
-60
-29
-4
-4
21
40
41
53
41
39
40
54
31
-4
-47
-80
-68
-48
-54
-64
-59
-46
-49
-43
-34
-11
21
40
57
60
62
72
60
35
2
-12
-20
-33
-38
-51
-49
-31
-25
-22
-9
18
34
47
55
35
54
61
23
-22
-34
-52
-58
-60
-43
-51
-42
-29
-23
-6
5
17
47
60
65
71
66
64
38
8
-6
-21
-36
-37
-27
-37
-32
-42
-29
-16
12
25
21
25
38
64
78
70
60
17
-21
-30
-40
-47
-61
-62
-50
-37
-9
-3
-4
13
25
40
45
50
58
69
54
18
7
-9
-22
-37
-46
-40
-32
-24
-25
-20
1
27
22
31
43
58
66
63
56
23
-9
-35
-45
-46
-49
-52
-59
-44
-46
-40
-25
-8
-4
13
37
45
45
58
48
0
-27
-59
-69
-74
-58
-39
-33
-27
-11
1
24
29
35
34
68
68
56
43
36
7
-12
-31
-48
-53
-45
-38
-20
-5
-10
-4
3
12
18
30
49
51
53
69
62
21
0
-14
-53
-59
-62
-67
-52
-40
-32
-25
-12
7
15
23
36
42
65
67
48
24
-6
-37
-42
-44
-43
-42
-36
-38
-28
-3
-2
-3
10
32
40
52
71
80
70
27
-10
-26
-50
-55
-59
-58
-53
-47
-37
-19
-3
29
47
63
66
72
89
88
67
27
6
-33
-57
-56
-64
-61
-59
-62
-43
-14
-2
-17
-9
21
45
62
82
87
71
28
0
-25
-25
-24
-34
-34
-47
-50
-35
-16
0
28
44
43
50
47
39
42
36
10
-9
-26
-30
-40
-31
-52
-64
-44
-21
-20
-20
3
23
13
2
-4
-2
22
20
-20
-51
-63
-67
-61
-49
-53
-45
-26
-19
-17
12
42
54
70
99
134
153
168
169
154
112
79
59
51
75
93
107
122
155
207
243
282
331
371
413
463
502
536
566
612
648
700
748
799
783
733
757
828
975
1192
1331
1419
1530
1678
1657
1234
454
-581
-1679
-2952
-4740
-6736
-9676
-13421
-16259
-15995
-12812
-7221
-1478
2613
4059
2827
1219
1219
2958
5935
10032
14236
16983
16572
13195
8486
3982
422
-1694
-2899
-3733
-4240
-4246
-3969
-3508
-2946
-2397
-1929
-1628
-1440
-1256
-1055
-836
-650
-476
-354
-242
-120
-29
53
141
193
225
249
254
239
211
175
132
109
131
152
155
139
125
109
93
94
94
89
71
70
75
88
96
103
112
142
165
182
187
176
136
87
36
-3
-11
-27
-42
-43
-39
-33
-19
3
9
20
55
76
87
90
82
76
63
51
29
11
-11
-31
-21
-15
-16
-6
-6
27
46
68
89
89
91
90
82
70
66
32
-7
-9
-19
-40
-58
-68
-82
-88
-77
-63
-53
-27
6
30
47
42
36
33
21
-30
-59
-67
-59
-65
-74
-82
-74
-59
-34
-16
-10
7
13
12
26
32
37
35
23
-3
-25
-31
-52
-52
-39
-28
-21
-11
4
0
1
7
20
43
67
57
33
42
34
-7
-17
-38
-63
-68
-63
-61
-54
-55
-53
-24
13
37
45
57
55
70
88
102
85
67
54
33
18
9
12
21
32
70
92
94
100
104
124
146
151
141
153
153
112
59
20
-4
-27
-37
-31
-27
-18
16
38
44
75
91
91
99
83
46
35
22
-7
-16
-6
-2
2
8
8
13
44
77
110
130
110
77
70
23
-20
-58
-74
-96
-137
-159
-179
-167
-162
-140
-68
-4
53
70
43
12
-38
-79
-101
-153
-207
-254
-292
-329
-314
-270
-231
-162
-73
-34
-67
-113
-144
-140
-96
-57
-28
1
-26
-85
-95
-102
-128
-185
-179
-164
-169
-209
-288
-348
-369
-332
-242
-148
-49
25
54
115
209
337
402
364
256
168
104
92
99
80
48
18
16
3
-54
-95
-86
-60
-49
-21
15
67
119
177
230
254
248
214
175
138
103
87
82
76
46
18
-10
-29
-35
-42
-40
-34
-47
-46
-31
-17
-18
-34
-51
-64
-54
-53
-48
-38
-33
-18
6
16
8
5
29
46
58
70
72
72
44
18
-4
-38
-51
-47
-20
-11
-6
14
23
45
51
57
70
79
61
50
54
50
28
3
-18
-21
-43
-73
-86
-83
-73
-53
-31
-5
23
38
46
54
78
84
105
96
61
36
13
-11
-22
-25
-22
-36
-21
-19
-16
5
32
47
38
47
45
43
49
47
21
9
-22
-51
-66
-60
-48
-41
-31
-28
-4
9
1
8
44
61
67
94
113
100
72
41
6
-26
-40
-39
-43
-49
-48
-44
-32
-16
16
35
53
41
29
42
44
33
29
2
-19
-39
-40
-49
-59
-68
-73
-54
-14
3
15
30
50
74
71
56
60
78
68
19
-23
-49
-51
-57
-55
-54
-53
-34
-18
-7
7
20
35
42
36
35
45
47
14
-16
-21
-28
-49
-72
-72
-51
-51
-42
-22
-5
-9
15
32
36
43
50
49
53
42
8
-24
-43
-57
-58
-52
-65
-66
-49
-36
-15
9
23
28
40
61
77
68
61
35
1
-26
-27
-26
-39
-45
-38
-22
-21
-19
-5
-9
30
47
42
33
38
46
56
33
7
-8
-23
-67
-72
-60
-67
-51
-32
-19
-18
7
25
34
39
40
55
74
77
61
21
9
1
-21
-24
-23
-33
-51
-56
-47
-25
-9
2
6
29
58
63
65
53
17
-31
-51
-55
-47
-47
-42
-23
-27
-21
-8
7
36
41
39
51
46
46
50
47
19
-12
-22
-41
-48
-65
-76
-63
-46
-39
-29
-17
3
21
43
51
44
48
70
79
36
13
-6
-28
-36
-52
-48
-57
-67
-63
-40
-26
-14
-13
3
16
34
40
38
39
33
11
-21
-43
-37
-43
-55
-49
-44
-26
-18
-14
-20
-11
19
36
60
62
62
64
38
4
-30
-46
-55
-61
-45
-36
-38
-46
-38
-20
1
32
31
21
30
39
41
34
31
10
-2
-19
-24
-26
-24
-30
-32
-32
-9
-20
-21
11
16
22
35
45
52
41
20
-7
-38
-63
-73
-73
-73
-65
-63
-47
-24
-11
4
26
32
35
34
38
47
63
61
29
2
-16
-19
-21
-27
-26
-26
-15
13
13
18
30
39
48
44
25
26
31
6
-22
-52
-71
-74
-72
-63
-62
-53
-36
-32
-38
-11
7
19
48
63
78
91
89
51
27
11
-13
-28
-43
-54
-58
-49
-36
-34
-35
-32
-25
-9
5
27
38
54
68
55
42
17
-14
-36
-43
-44
-50
-39
-20
-10
-2
2
25
52
54
54
41
52
61
48
22
-6
-12
-29
-46
-41
-54
-65
-59
-45
-24
7
28
37
44
55
56
63
58
51
21
-10
-34
-34
-42
-53
-53
-45
-30
-15
-5
21
52
61
48
28
32
42
30
16
-3
-23
-51
-61
-55
-72
-70
-43
-42
-43
-22
-7
25
35
44
57
64
71
71
49
5
-12
-28
-33
-38
-37
-44
-50
-41
-19
-9
8
23
38
44
48
59
62
59
37
-4
-18
-26
-54
-81
-77
-52
-42
-38
-9
13
19
16
11
11
27
47
53
51
44
7
-19
-31
-46
-55
-49
-58
-48
-16
-6
3
33
48
38
40
38
47
41
43
24
-3
-32
-53
-61
-75
-64
-69
-80
-60
-38
-25
-17
-5
20
41
55
61
66
70
46
20
1
-19
-36
-53
-55
-37
-24
-25
-22
-5
8
11
9
43
62
57
53
59
38
-8
-21
-35
-44
-59
-59
-54
-46
-46
-46
-24
-6
6
18
35
46
60
70
59
27
14
0
-22
-51
-49
-48
-52
-56
-55
-26
-3
20
40
48
56
64
68
83
83
62
37
-1
-33
-39
-38
-57
-59
-49
-43
-33
-18
8
29
34
31
40
46
41
40
28
-6
-40
-60
-75
-77
-78
-69
-56
-40
-18
10
33
48
58
51
56
71
70
58
22
-1
-27
-46
-41
-55
-53
-39
-50
-40
-19
-1
-13
-13
27
57
72
63
52
49
28
-7
-39
-54
-42
-37
-37
-39
-38
-14
10
18
21
31
27
35
26
25
26
45
28
-8
-31
-36
-49
-77
-78
-64
-46
-25
-20
-13
-5
10
37
45
55
60
64
75
57
19
-19
-42
-49
-48
-53
-62
-55
-37
-23
-18
-6
34
47
49
44
45
44
36
22
0
-24
-42
-61
-74
-73
-63
-48
-41
-23
-9
-10
14
31
44
53
58
73
84
64
32
23
6
-19
-38
-67
-68
-47
-36
-24
-4
10
37
46
50
44
56
66
65
37
9
-10
-31
-42
-51
-60
-52
-36
-26
-37
-44
-12
2
23
41
46
46
74
81
44
7
-8
-26
-41
-38
-46
-25
-7
-12
-23
-21
9
33
40
44
39
35
41
32
28
20
-1
-31
-39
-43
-42
-45
-49
-46
-31
-5
7
24
51
68
80
78
73
62
24
-5
-29
-45
-40
-41
-33
-32
-32
-34
-36
-15
0
20
30
46
60
73
61
46
13
-17
-30
-47
-59
-64
-49
-44
-44
-30
-24
-12
-1
18
27
34
38
48
68
58
45
2
-39
-51
-58
-58
-54
-56
-56
-49
-46
-30
1
38
37
55
66
76
67
60
51
29
18
-6
-31
-30
-41
-57
-62
-52
-46
-47
-38
-19
8
8
30
45
61
59
39
18
-13
-39
-50
-43
-37
-22
-21
-26
-25
-20
1
31
53
79
77
89
71
63
54
28
12
-13
-57
-86
-71
-54
-45
-32
-20
-7
5
28
36
46
63
67
74
88
64
16
-8
-37
-47
-51
-40
-45
-47
-47
-36
-23
-2
8
11
24
53
65
51
43
3
-20
-30
-48
-59
-69
-65
-57
-56
-48
-22
6
3
-9
10
20
38
45
57
54
18
5
-1
-19
-37
-44
-42
-42
-27
-16
2
15
24
29
33
35
31
38
55
52
22
-12
-32
-43
-36
-41
-45
-46
-42
-32
-14
-10
-4
2
13
39
40
37
53
59
51
6
-41
-62
-73
-74
-65
-56
-36
-27
-20
-19
-3
28
39
55
52
60
63
64
52
26
-1
-19
-30
-45
-46
-44
-46
-40
-28
-33
-27
-4
10
19
16
16
31
42
19
-9
-29
-46
-54
-60
-72
-63
-57
-47
-15
0
22
40
48
64
78
74
68
68
48
24
-10
-33
-48
-79
-83
-71
-53
-18
-23
-26
-3
19
39
43
46
35
40
57
27
-8
-27
-54
-70
-99
-83
-75
-62
-37
-10
4
13
19
30
51
72
88
89
71
34
-3
-18
-33
-44
-39
-43
-55
-45
-28
-22
-25
-20
-16
-15
17
46
58
66
74
49
19
3
-14
-41
-45
-32
-40
-32
-24
-22
-21
-11
-8
-6
20
48
55
55
40
20
14
-4
-31
-50
-28
-34
-45
-43
-26
-12
-12
3
9
11
32
43
54
50
29
18
-10
-37
-44
-54
-60
-76
-73
-68
-47
-10
8
16
27
48
54
55
69
87
80
65
25
-18
-47
-43
-58
-66
-53
-36
-41
-37
-42
-27
-1
28
55
67
68
66
52
35
13
-2
-16
-17
-32
-50
-56
-56
-42
-20
5
18
36
56
74
67
60
54
51
39
13
-26
-39
-41
-51
-63
-63
-62
-44
-34
-32
-27
-5
11
35
55
65
71
70
40
17
-6
-15
-21
-41
-31
-22
-19
-14
-7
0
7
23
40
63
79
78
79
76
50
32
-9
-45
-63
-66
-60
-74
-68
-48
-35
-37
-26
-3
1
7
15
20
33
61
56
27
-4
-25
-44
-36
-27
-32
-13
-2
-13
-15
15
33
32
43
56
55
44
30
23
-14
-24
-35
-48
-66
-79
-70
-47
-37
-37
-27
2
13
25
40
54
73
82
77
48
11
-17
-47
-52
-51
-41
-31
-12
6
5
-8
20
31
30
48
47
48
37
29
16
-1
-30
-53
-43
-34
-60
-65
-44
-19
-10
6
16
51
80
81
77
67
60
56
22
-13
-48
-73
-75
-78
-73
-71
-67
-48
-21
2
22
43
46
40
32
51
57
55
38
16
-12
-34
-38
-59
-55
-40
-38
-13
-4
6
0
7
16
26
47
73
96
88
75
72
41
16
-28
-60
-71
-83
-86
-89
-85
-79
-69
-40
-38
-19
26
45
48
39
29
-3
-37
-45
-41
-49
-58
-48
-36
-25
-3
22
46
77
110
146
162
160
160
163
145
124
128
140
132
145
171
224
273
308
357
414
475
501
490
506
558
628
688
749
795
800
782
806
833
885
1066
1266
1346
1425
1624
1780
1542
559
-754
-1814
-2971
-4748
-7085
-9003
-11285
-14757
-17171
-15992
-10656
-3779
2055
4262
4338
3522
2114
1922
3775
7033
11667
16485
19294
18582
15082
10041
4991
942
-2163
-4324
-5430
-5671
-5427
-4919
-4279
-3662
-3195
-2969
-2779
-2481
-2115
-1710
-1340
-1016
-717
-442
-231
-64
36
105
155
198
216
201
176
144
103
89
132
186
219
236
255
258
252
241
221
187
153
122
107
90
76
77
89
110
110
115
108
121
156
166
155
150
165
161
109
51
18
1
-26
-46
-61
-89
-88
-87
-95
-78
-68
-60
-64
-64
-75
-74
-60
-59
-67
-79
-72
-54
-44
-41
-36
-46
-54
-44
-14
-10
-21
6
32
47
54
66
71
81
47
4
-29
-37
-53
-63
-59
-59
-73
-54
-37
-41
-20
9
23
32
39
54
60
50
42
19
-5
-24
-39
-73
-82
-62
-46
-19
-1
-16
-14
-6
6
25
40
47
55
62
48
12
-12
-17
-40
-42
-50
-53
-52
-29
-24
-8
30
40
44
40
50
58
67
81
63
37
16
-9
-30
-44
-29
-29
-21
-11
11
32
47
52
59
79
109
114
102
104
95
94
77
60
42
37
42
46
50
62
82
105
115
120
122
122
125
127
150
134
96
63
53
46
22
10
5
-15
-9
10
31
50
31
14
18
34
34
57
79
87
70
50
36
37
42
84
79
51
68
82
54
24
4
-16
-71
-102
-109
-94
-70
-73
-70
-36
31
93
93
62
2
-45
-85
-118
-151
-208
-293
-378
-429
-435
-404
-323
-233
-143
-111
-156
-216
-266
-264
-229
-172
-102
-76
-110
-127
-116
-103
-114
-136
-126
-82
-31
-67
-138
-210
-285
-264
-192
-98
-42
-24
-26
8
99
237
323
251
127
23
-38
-15
42
81
112
103
87
40
-17
-68
-89
-71
-35
-13
34
81
125
155
175
184
206
213
222
223
212
180
143
96
66
36
5
5
-2
-17
-22
-33
-45
-50
-40
-22
1
-2
-7
6
25
-9
-47
-69
-58
-58
-45
-22
-21
-2
35
37
34
56
82
89
98
104
104
101
98
81
38
-6
-18
-14
-30
-43
-41
-23
-15
-3
-6
-1
7
17
27
40
54
64
60
30
-7
3
-8
-42
-31
-22
-19
-10
6
16
39
65
69
61
87
89
83
78
55
26
8
-10
-39
-46
-45
-30
-25
-27
-7
18
29
37
35
41
42
46
68
77
76
31
0
-17
-41
-52
-45
-47
-46
-21
8
21
31
35
39
52
51
54
71
74
64
29
-1
-33
-57
-71
-84
-83
-79
-62
-33
-21
-9
20
45
57
59
58
70
72
64
51
32
-3
-29
-34
-45
-55
-51
-45
-41
-34
-9
8
10
14
29
34
37
40
42
29
8
-31
-50
-58
-72
-59
-61
-31
-13
-17
-14
-8
12
25
35
52
67
72
68
63
38
19
-5
-35
-51
-74
-84
-72
-57
-38
-38
-22
1
18
43
60
56
47
30
15
6
-11
-12
-43
-53
-44
-30
-28
-27
-25
-18
-9
7
23
52
63
72
86
74
47
12
-3
-31
-64
-70
-53
-34
-34
-27
-11
-6
11
31
50
67
58
60
52
54
37
12
-2
-29
-52
-51
-51
-56
-63
-37
-15
-7
-7
4
19
46
62
54
60
70
40
7
-17
-34
-40
-28
-30
-23
-15
-16
-14
2
29
29
34
49
59
61
54
46
19
-12
-31
-46
-67
-73
-68
-73
-64
-42
-21
-4
2
7
32
32
40
35
35
45
29
9
-16
-39
-58
-69
-75
-83
-62
-38
-16
4
17
31
50
63
68
60
60
57
29
-4
-16
-23
-32
-42
-48
-55
-51
-39
-33
-27
-29
-13
7
21
17
38
57
70
33
-1
-26
-44
-56
-56
-66
-71
-53
-38
-21
-3
20
44
42
39
25
26
38
41
19
-15
-34
-51
-55
-61
-82
-69
-55
-49
-27
-18
2
21
30
26
33
41
50
59
28
-4
-26
-58
-71
-68
-61
-58
-58
-65
-37
-22
5
21
35
39
66
88
74
61
43
6
-17
-40
-55
-68
-65
-68
-63
-43
-19
0
-4
15
32
25
47
56
66
65
35
-5
-34
-47
-43
-52
-47
-48
-39
-36
-28
0
21
29
31
45
60
71
63
51
16
-9
-18
-29
-37
-43
-36
-42
-29
-13
-4
14
25
34
37
49
47
61
69
74
37
11
-19
-28
-36
-39
-46
-58
-50
-44
-32
-22
-4
30
45
48
55
69
70
70
49
31
5
-4
-34
-57
-53
-46
-53
-48
-43
-33
-22
-7
13
29
48
53
63
60
40
29
9
-10
-22
-25
-42
-58
-54
-47
-32
-23
-5
6
19
20
17
19
24
40
38
18
4
-11
-20
-30
-38
-34
-31
-27
-30
-26
-22
-28
-10
32
47
60
62
69
48
18
2
-25
-42
-45
-63
-61
-61
-55
-40
-16
6
10
30
39
54
72
71
64
46
20
0
-23
-46
-55
-47
-37
-48
-40
-27
-8
8
23
46
39
37
42
49
43
33
9
-32
-44
-61
-65
-64
-67
-65
-41
-18
-16
4
32
46
44
49
53
51
51
37
19
-1
-29
-54
-65
-67
-64
-34
-12
-10
-10
-9
13
25
30
35
28
50
71
46
6
-25
-41
-65
-63
-52
-56
-45
-33
-31
-28
4
20
29
31
29
59
78
77
53
2
-14
-16
-27
-50
-64
-66
-49
-36
-24
-13
7
23
28
25
31
45
56
67
45
13
-1
-12
-35
-60
-77
-82
-61
-42
-17
8
37
43
45
63
62
72
70
58
38
5
-15
-41
-34
-42
-62
-59
-39
-23
-4
2
-6
0
4
4
20
42
49
52
20
-4
-40
-71
-79
-85
-67
-39
-18
-10
-14
-1
8
22
31
42
57
71
73
58
41
16
6
14
10
-18
-45
-59
-67
-64
-48
-25
-13
-1
5
17
36
63
70
68
41
19
-14
-24
-41
-58
-49
-49
-46
-30
-18
-26
-21
0
8
13
24
29
42
42
22
-10
-43
-61
-62
-61
-56
-57
-30
-17
2
29
51
64
37
27
39
45
45
37
21
-15
-32
-35
-42
-51
-53
-56
-55
-31
-15
-3
19
40
55
66
77
88
71
60
38
-5
-32
-48
-52
-55
-55
-54
-40
-15
-12
2
22
24
26
39
42
45
46
51
14
-25
-50
-68
-74
-70
-64
-50
-30
-8
7
14
30
41
44
46
47
55
54
59
35
8
-1
-27
-41
-44
-41
-56
-52
-41
-26
-4
4
14
47
52
53
67
71
64
25
11
-13
-25
-29
-37
-61
-68
-57
-42
-32
-19
-6
7
21
29
37
48
67
56
32
18
-4
-14
-22
-31
-34
-47
-32
-21
-17
-9
-4
13
22
37
44
55
58
62
34
9
-13
-36
-53
-51
-69
-83
-60
-44
-38
-20
11
49
57
56
46
62
62
38
20
7
-6
-24
-59
-73
-62
-45
-34
-27
-1
9
6
24
37
50
61
80
89
86
56
15
-25
-45
-55
-54
-71
-58
-53
-46
-47
-47
-26
-13
3
24
38
46
54
55
49
19
4
4
-4
-22
-42
-55
-61
-42
-33
-31
-15
0
16
38
57
69
75
78
51
18
2
-18
-32
-59
-62
-62
-57
-44
-42
-29
-1
2
6
20
41
50
46
50
30
6
-3
-5
-19
-50
-38
-30
-33
-26
-31
-13
1
1
4
20
58
63
48
59
35
7
5
-15
-42
-42
-30
-43
-47
-33
-32
-27
-1
6
14
27
51
57
51
53
18
-9
-31
-30
-29
-39
-43
-47
-28
-14
-21
-18
-5
21
25
36
46
53
67
61
34
19
-6
-44
-67
-64
-65
-62
-48
-36
-29
-16
19
52
55
56
60
63
58
62
38
17
-14
-31
-44
-51
-60
-56
-47
-27
-4
3
-5
0
5
21
45
61
70
58
21
-22
-40
-44
-49
-38
-60
-46
-22
-14
0
20
33
34
45
59
61
67
53
21
8
-13
-27
-47
-63
-58
-52
-49
-56
-40
-14
-8
-11
5
19
26
40
56
65
71
53
17
-14
-28
-53
-48
-42
-39
-35
-35
-35
-22
-1
37
47
50
47
45
38
38
19
-3
-26
-29
-48
-77
-78
-61
-57
-40
-34
-21
-27
-6
18
26
51
63
69
65
46
13
-19
-20
-32
-35
-30
-26
-35
-47
-52
-43
-20
3
15
22
43
68
70
55
19
-16
-30
-23
-18
-19
-26
-36
-29
-14
3
-7
5
12
39
56
52
41
51
51
4
-39
-49
-66
-77
-66
-59
-44
-26
-25
-30
-21
4
12
22
48
62
65
71
40
-8
-19
-28
-40
-54
-56
-58
-59
-47
-21
-6
-6
10
26
29
36
42
62
66
66
42
17
-2
-24
-45
-45
-47
-45
-37
-34
-29
-18
8
26
34
29
39
55
41
18
-20
-30
-30
-42
-35
-47
-54
-51
-44
-33
-25
-3
8
33
47
56
71
86
74
66
31
-8
-28
-33
-50
-63
-50
-33
-35
-42
-36
-3
21
37
53
43
36
43
55
42
20
-12
-20
-43
-67
-69
-60
-50
-36
-14
7
15
35
62
63
66
91
82
71
42
10
-23
-43
-53
-83
-78
-58
-43
-38
-34
-11
-8
15
37
43
53
67
65
62
60
45
20
-20
-39
-55
-56
-50
-57
-61
-42
-23
-18
-12
12
37
53
64
70
75
98
95
41
-2
-22
-45
-67
-80
-89
-82
-69
-60
-62
-35
-6
7
26
35
41
47
62
51
15
-18
-38
-48
-57
-54
-39
-39
-17
3
48
94
114
122
155
172
177
167
