0
-12
-26
-18
-4
-10
-17
-4
-1
-6
4
21
26
38
35
14
-4
-7
-3
-1
17
37
36
57
68
59
71
76
67
60
61
56
42
42
12
-41
-62
-86
-101
-111
-109
-106
-84
-62
-40
-37
-27
-3
16
22
47
47
44
65
65
54
43
3
-24
-25
-22
-23
-19
-3
-6
-6
16
35
30
31
46
42
51
44
22
-9
-22
-45
-75
-91
-83
-68
-64
-46
-28
-7
-8
-4
16
18
33
43
62
80
68
39
10
-7
-25
-25
-33
-44
-27
-21
-32
-30
-26
-24
-2
46
52
42
51
49
28
-2
-27
-46
-47
-61
-64
-53
-55
-44
-28
-21
-16
-5
22
54
67
69
76
78
61
33
9
-17
-18
-42
-68
-78
-55
-35
-18
-9
-1
15
30
28
23
34
40
32
27
2
-19
-49
-53
-59
-78
-74
-64
-52
-25
-1
20
20
33
35
42
45
36
42
18
-6
-14
-25
-42
-48
-49
-46
-46
-37
-24
-6
8
26
36
31
27
25
29
45
41
23
-7
-42
-62
-88
-88
-62
-50
-40
-23
-4
0
17
33
31
40
51
68
68
53
22
-15
-35
-44
-48
-51
-67
-64
-46
-33
-11
-6
14
23
33
49
54
62
61
48
4
-18
-23
-49
-75
-79
-73
-63
-37
-13
-11
-16
-11
1
44
76
82
79
79
67
32
6
-21
-33
-50
-66
-82
-68
-64
-61
-54
-26
-5
0
16
22
21
52
63
49
26
8
-6
-16
-35
-48
-50
-41
-45
-28
-23
-16
2
7
20
30
35
40
48
32
2
-15
-36
-54
-60
-59
-52
-35
-27
-14
7
32
51
46
43
57
74
88
66
46
34
2
-32
-56
-62
-65
-64
-70
-59
-44
-22
-2
4
20
27
28
47
61
71
45
17
-9
-30
-40
-58
-60
-47
-42
-31
-25
-12
17
54
63
56
44
48
49
50
30
2
-13
-26
-34
-39
-50
-54
-48
-48
-44
-34
-32
-21
0
20
39
52
69
68
47
15
-2
-13
-24
-50
-73
-64
-49
-38
-17
0
0
23
39
47
52
55
51
40
25
2
-22
-31
-32
-49
-43
-40
-30
-19
-12
-5
-7
-3
17
35
53
48
38
48
45
3
-30
-41
-39
-35
-25
-18
-22
-26
-19
-14
9
28
38
42
40
50
60
58
38
-4
-35
-62
-77
-60
-46
-48
-45
-31
-29
-28
-21
-9
7
42
51
55
53
57
54
25
-3
-28
-33
-39
-44
-38
-28
-32
-24
-14
-11
8
31
70
77
54
49
39
34
25
14
-17
-34
-51
-64
-71
-60
-46
-43
-28
-24
-16
10
11
19
30
48
68
64
29
-11
-34
-42
-61
-74
-70
-59
-35
-27
-6
10
38
39
44
34
49
65
68
36
-1
-19
-23
-16
-40
-54
-50
-37
-31
-14
3
7
13
42
57
59
52
48
44
18
2
-16
-31
-46
-54
-57
-48
-40
-32
-11
2
23
34
36
53
66
66
74
65
48
18
-6
-14
-34
-52
-63
-56
-59
-52
-29
-43
-32
1
20
29
28
53
55
54
57
32
7
-7
-29
-48
-33
-26
-28
-35
-26
-20
-15
15
44
55
65
80
70
45
31
8
-16
-45
-57
-69
-73
-80
-71
-48
-39
-28
-7
16
37
42
57
60
60
74
80
31
-4
-42
-64
-67
-65
-62
-51
-41
-39
-20
9
23
32
43
58
48
50
59
39
4
-24
-41
-45
-47
-41
-42
-54
-44
-24
-10
9
16
29
42
52
60
66
70
50
29
3
-35
-52
-50
-48
-58
-46
-33
-34
-37
-2
14
22
28
22
29
35
33
34
11
-29
-49
-43
-48
-48
-49
-44
-36
-26
4
21
30
64
96
78
62
59
61
62
24
-8
-30
-51
-64
-64
-58
-45
-42
-22
-5
6
36
34
37
56
66
67
62
62
33
-6
-33
-46
-66
-65
-53
-34
-22
-17
-6
3
8
27
46
53
70
78
67
49
17
-14
-33
-39
-50
-59
-52
-42
-31
-10
13
31
54
68
50
40
31
28
17
6
-7
-18
-34
-28
-40
-53
-54
-47
-20
-9
-6
1
17
33
34
39
56
68
76
50
12
-18
-34
-45
-61
-58
-51
-47
-30
-26
-14
-4
17
27
32
43
55
75
74
47
13
-10
-31
-45
-54
-57
-61
-45
-25
-5
4
-14
-6
17
30
47
68
82
80
74
41
-2
-25
-38
-40
-43
-45
-37
-15
-15
-22
-25
15
37
53
59
57
78
69
29
-18
-23
-32
-71
-63
-45
-43
-47
-42
-38
-38
-25
-16
13
45
45
49
64
52
35
8
-20
-39
-49
-66
-80
-60
-26
-33
-46
-42
-10
12
21
31
32
48
64
72
52
23
14
-8
-18
-26
-43
-43
-42
-51
-34
-9
3
9
29
49
48
56
75
72
44
23
-15
-39
-51
-63
-62
-52
-47
-41
-33
-19
-3
7
19
18
19
34
31
32
19
-8
-29
-49
-51
-63
-60
-41
-35
-47
-34
4
15
17
44
61
62
54
39
35
17
-13
-29
-34
-39
-50
-57
-54
-57
-48
-19
-10
10
34
48
52
62
60
63
55
30
0
-30
-35
-45
-70
-69
-53
-44
-49
-34
-10
8
14
25
49
63
73
61
41
29
-1
-19
-36
-60
-64
-51
-42
-40
-28
-14
-4
7
25
36
48
60
68
53
34
22
2
-17
-43
-73
-76
-73
-61
-62
-52
-35
-34
-15
-1
26
59
60
49
49
65
57
30
0
-24
-41
-53
-46
-36
-29
-26
-33
-24
-15
-1
2
25
45
53
52
60
42
8
-21
-40
-48
-50
-31
-30
-44
-30
-17
-14
3
25
37
35
38
44
53
54
35
14
-4
-36
-46
-33
-54
-66
-52
-43
-33
-21
-15
11
45
57
63
74
87
77
48
35
4
-23
-25
-47
-52
-68
-53
-35
-29
-15
-12
-3
11
26
43
43
64
85
60
23
-9
-13
-26
-54
-78
-79
-70
-44
-30
-8
-8
1
24
42
40
36
54
79
83
51
15
1
-12
-24
-35
-46
-42
-40
-21
-32
-38
-14
3
27
42
40
34
34
28
0
-18
-31
-43
-38
-30
-25
-11
-12
-17
-3
13
37
36
35
19
22
24
27
18
-14
-52
-62
-62
-76
-84
-74
-68
-61
-51
-37
-12
15
34
48
78
104
122
150
160
151
150
126
111
95
113
134
148
152
163
191
227
255
312
368
406
441
480
538
569
595
624
611
628
655
656
689
709
787
990
1202
1316
1486
1713
1809
1690
1274
782
436
-169
-1699
-3492
-5093
-7363
-10342
-12985
-14007
-11966
-9209
-6784
-2844
1009
2741
2703
1917
1285
1710
3640
7069
11222
14069
14191
11639
7641
3733
866
-878
-1713
-2174
-2534
-2818
-2881
-2710
-2381
-1995
-1593
-1283
-1058
-906
-801
-651
-504
-377
-268
-159
-66
22
108
175
222
248
258
250
230
207
148
100
91
105
116
113
120
117
93
64
47
53
58
57
71
80
77
84
96
111
112
98
101
105
97
66
31
5
-5
-4
-15
-39
-57
-57
-60
-42
-25
-16
-10
15
27
33
43
29
14
-17
-36
-55
-62
-50
-44
-46
-46
-32
-1
7
0
4
28
43
50
54
67
80
73
36
-16
-33
-29
-42
-46
-41
-30
-25
-12
10
29
46
57
71
81
75
70
66
45
17
-27
-49
-72
-77
-71
-58
-51
-43
-26
3
19
21
21
49
76
83
79
69
53
29
-1
-11
-24
-32
-25
-34
-27
-4
-3
-14
-21
2
17
32
42
50
66
69
51
14
-13
-36
-59
-76
-68
-56
-46
-27
-4
10
6
18
37
66
75
71
88
112
102
70
65
68
52
46
39
33
47
49
68
81
118
128
111
103
89
75
71
60
41
4
-25
-36
-32
-14
5
11
10
28
52
64
63
51
46
37
19
14
6
27
36
3
-15
-20
-15
7
34
50
65
67
67
56
31
0
-33
-67
-110
-116
-97
-110
-127
-127
-108
-77
-21
14
25
17
-21
-41
-69
-92
-136
-192
-251
-303
-335
-295
-232
-178
-144
-108
-63
-81
-118
-164
-175
-142
-103
-62
-35
-48
-86
-85
-84
-104
-125
-123
-79
-56
-102
-175
-244
-275
-268
-236
-166
-83
3
35
71
151
246
338
317
236
187
132
135
160
133
70
40
12
0
-34
-83
-105
-81
-69
-48
-34
0
59
121
191
224
237
253
234
206
174
138
92
39
16
12
1
-21
-30
-24
-45
-64
-62
-52
-35
-19
-13
-25
-27
-31
-62
-77
-81
-77
-78
-51
-36
-31
-22
7
23
51
72
64
83
100
112
109
96
67
39
6
-19
-41
-41
-44
-48
-61
-55
-37
-29
-24
-18
1
25
21
22
32
51
31
-7
-14
-20
-30
-20
-3
-11
-11
-5
7
36
70
75
89
103
100
87
77
79
62
33
-5
-35
-48
-59
-56
-59
-60
-46
-27
-3
13
16
36
49
63
76
75
77
68
31
-2
-27
-20
-26
-38
-35
-13
3
17
23
26
40
54
60
66
64
71
58
38
11
-14
-35
-35
-43
-53
-48
-45
-44
-34
-13
3
18
26
45
49
50
69
69
54
20
-22
-48
-42
-45
-44
-16
5
9
12
13
19
31
34
37
37
36
47
43
30
-3
-17
-14
-39
-64
-79
-63
-57
-49
-24
-3
16
28
29
36
50
61
63
60
41
-17
-40
-46
-38
-39
-46
-41
-42
-32
-16
-15
10
40
44
41
58
71
60
36
16
-12
-22
-24
-47
-69
-54
-44
-38
-21
-13
-6
-1
13
36
38
43
51
40
44
25
-1
-6
-28
-50
-66
-50
-46
-52
-63
-44
-21
-6
27
47
50
67
78
80
82
54
13
4
-18
-36
-48
-52
-53
-60
-54
-44
-19
-7
0
14
35
53
50
59
54
37
15
-16
-45
-56
-61
-64
-57
-35
-21
-29
-15
12
36
35
32
37
28
42
49
38
32
15
-24
-49
-52
-60
-70
-60
-55
-37
-16
-7
14
29
55
61
58
62
67
49
1
-31
-39
-53
-57
-64
-55
-41
-51
-42
-26
1
15
29
50
64
60
46
44
38
3
-23
-60
-64
-51
-45
-37
-34
-23
-13
-3
6
15
42
49
56
63
52
51
44
16
-12
-24
-37
-61
-68
-57
-56
-65
-49
-25
2
1
15
29
34
36
37
43
37
4
-17
-31
-38
-63
-64
-40
-33
-33
-36
-26
-14
8
26
14
22
32
34
39
27
5
-30
-47
-58
-74
-62
-46
-24
0
12
17
34
63
56
56
78
68
62
61
35
7
-15
-32
-56
-67
-60
-68
-80
-57
-33
-21
-18
-12
-7
6
21
19
29
48
40
4
-17
-4
-26
-35
-33
-46
-46
-46
-39
-29
-10
3
20
39
53
55
48
55
34
-6
-8
-11
-37
-53
-56
-44
-39
-37
-25
-33
-23
-12
8
36
43
46
54
69
56
14
-3
-12
-9
-20
-34
-55
-53
-59
-45
-27
0
20
28
46
39
41
52
48
29
-4
-23
-49
-56
-49
-43
-40
-38
-25
-15
-2
6
23
41
55
56
75
73
68
50
19
5
-2
-24
-54
-54
-50
-46
-40
-45
-40
-5
24
45
56
52
49
55
48
34
12
2
-11
-29
-57
-67
-65
-59
-32
-10
-6
-8
-5
13
44
50
45
44
38
24
11
-18
-45
-63
-61
-49
-50
-67
-67
-41
-18
-7
11
34
49
56
47
47
58
52
29
2
1
-3
-15
-27
-35
-33
-30
-7
5
-5
18
26
38
41
40
36
44
34
15
-1
-15
-36
-60
-60
-52
-55
-51
-37
-16
6
20
21
34
38
40
52
59
52
23
-6
-29
-46
-43
-43
-35
-31
-33
-24
-12
-20
-17
1
18
41
65
72
61
53
5
-33
-44
-48
-48
-56
-58
-60
-51
-42
-19
11
39
50
56
55
48
31
40
34
-4
-17
-29
-43
-51
-55
-44
-42
-39
-33
-15
2
6
28
35
34
24
16
25
26
1
-20
-43
-45
-39
-31
-37
-14
-5
-7
10
35
53
57
60
61
53
60
50
23
-5
-33
-50
-57
-70
-76
-85
-75
-67
-49
-35
-18
15
41
50
48
43
57
81
72
43
10
-1
-20
-50
-60
-39
-32
-35
-17
8
22
31
34
46
51
54
59
52
41
25
-18
-45
-33
-25
-34
-42
-39
-36
-52
-53
-46
-19
7
33
36
43
39
35
35
12
-16
-35
-36
-35
-37
-34
-26
-13
-16
-23
-1
38
55
64
56
60
58
57
44
3
-19
-24
-46
-63
-69
-73
-62
-45
-26
-23
-18
8
30
44
53
57
78
90
59
15
-15
-31
-42
-58
-52
-46
-52
-42
-33
-33
-7
21
39
51
54
42
35
50
46
25
8
-6
-24
-51
-71
-73
-64
-34
-24
-19
-9
-5
14
18
42
50
58
73
56
31
-3
-21
-45
-54
-41
-35
-36
-23
-31
-31
-2
35
31
25
9
12
22
41
32
-5
-33
-57
-75
-60
-37
-28
-18
-25
-15
6
13
28
32
50
73
72
64
64
45
31
-11
-41
-62
-70
-58
-48
-33
-24
-27
-3
14
20
17
35
46
37
59
75
62
27
3
-32
-44
-33
-37
-48
-32
-8
12
23
28
39
52
52
50
63
68
67
54
8
-27
-38
-31
-42
-42
-30
-23
-32
-34
-16
4
34
44
49
41
48
51
33
10
-8
-9
-35
-57
-68
-73
-70
-72
-45
-18
0
14
23
33
40
44
53
69
86
74
40
-10
-43
-39
-54
-69
-59
-59
-69
-64
-32
-14
3
24
32
48
40
37
45
38
8
-14
-23
-30
-43
-60
-60
-56
-40
-25
-17
-24
7
21
21
46
55
76
87
86
49
5
-15
-32
-38
-32
-33
-41
-26
-20
-27
-35
-7
12
29
12
1
22
33
22
-4
-20
-32
-51
-59
-59
-61
-58
-34
-12
1
11
28
44
75
95
107
97
79
68
21
-3
-35
-62
-62
-57
-46
-51
-58
-50
-48
-33
-11
17
45
46
37
50
59
42
12
-8
-30
-52
-63
-61
-52
-25
-9
-1
-2
19
25
37
45
47
48
54
45
16
-10
-27
-43
-56
-54
-72
-76
-59
-46
-47
-29
15
31
41
46
41
60
73
56
35
1
-10
-10
-19
-26
-33
-42
-39
-38
-46
-30
-18
8
33
41
47
46
32
35
24
9
-18
-55
-69
-68
-63
-36
-30
-42
-41
-23
1
22
38
44
61
56
65
59
41
20
-4
-21
-18
-27
-37
-34
-51
-50
-18
-4
-2
9
22
25
30
29
34
55
41
2
-30
-53
-71
-84
-68
-57
-36
-34
-20
-22
-1
46
61
79
89
74
68
52
38
7
-23
-36
-46
-56
-50
-41
-33
-22
-15
-20
-24
-6
5
22
44
60
69
65
55
15
-19
-37
-51
-64
-66
-66
-70
-52
-28
-19
-5
9
14
41
59
68
69
60
49
19
5
-17
-46
-48
-43
-39
-55
-50
-40
-37
-19
2
25
51
43
45
36
41
21
-8
-10
-20
-33
-36
-38
-57
-56
-44
-26
-2
15
23
27
47
60
56
61
64
48
34
20
-9
-32
-43
-54
-55
-49
-48
-56
-48
-34
-24
5
32
58
69
76
78
74
54
23
-13
-23
-44
-56
-62
-52
-51
-57
-53
-39
-26
-2
18
39
49
75
75
54
34
2
-18
-20
-39
-46
-41
-41
-32
-20
-17
-21
-10
16
42
64
69
72
73
57
37
14
-16
-27
-32
-35
-46
-45
-52
-48
-41
-24
-19
-14
-9
1
23
39
32
12
-14
-36
-42
-45
-42
-52
-59
-61
-57
-26
-1
6
21
37
63
77
99
117
133
145
131
117
83
63
88
127
158
161
168
194
203
214
276
343
401
456
473
472
513
560
581
604
636
709
715
696
701
705
803
1038
1235
1401
1629
1858
1863
1586
1073
514
-79
-1372
-3139
-4809
-6872
-9857
-12877
-14531
-13662
-10328
-7374
-4028
580
3683
3582
2223
1045
558
1721
4659
9094
13518
15991
15073
11550
7127
3331
732
-814
-1867
-2746
-3349
-3565
-3416
-3017
-2562
-2115
-1737
-1530
-1414
-1255
-1088
-914
-714
-554
-409
-251
-110
-9
85
157
193
213
217
209
162
111
63
39
60
91
114
117
103
89
84
89
86
80
80
89
110
121
95
90
93
126
128
127
138
125
95
74
56
46
23
12
10
-5
-20
-20
-5
1
3
-3
-13
-10
-4
-10
-11
-4
2
-29
-61
-79
-76
-85
-87
-81
-76
-56
-30
-10
-11
-9
18
33
46
62
69
55
44
23
7
-18
-41
-61
-75
-72
-51
-37
-19
-3
13
5
12
25
51
68
72
67
43
21
13
-1
5
-6
-19
-32
-38
-27
-3
4
-11
-13
0
-1
19
40
53
51
46
25
-9
-39
-53
-41
-30
-37
-42
-17
-8
-21
-12
19
39
49
66
57
54
55
39
11
-21
-40
-43
-58
-67
-76
-67
-44
-25
26
47
59
70
75
81
109
120
129
125
96
59
46
30
42
54
35
34
71
104
104
114
130
125
139
152
150
145
111
64
27
9
-11
-12
-2
13
14
10
14
25
39
68
68
45
41
35
40
50
58
54
31
18
11
-12
1
32
36
48
69
91
87
64
35
-9
-28
-62
-86
-75
-72
-84
-105
-102
-67
-13
22
22
-15
-56
-109
-158
-190
-216
-279
-331
-362
-363
-313
-248
-173
-136
-120
-135
-174
-191
-190
-169
-116
-48
-12
-43
-94
-107
-91
-98
-145
-167
-146
-106
-122
-205
-268
-315
-321
-268
-195
-115
-47
-23
18
114
248
322
304
208
121
82
96
152
181
155
119
76
53
14
-18
-33
-42
-34
-21
-10
14
59
123
183
212
220
209
196
181
164
140
114
84
57
21
-11
-29
-30
-43
-48
-53
-64
-54
-37
-26
-3
4
3
1
-6
-13
-33
-39
-37
-39
-35
-24
-6
20
29
36
50
55
54
55
83
93
87
68
56
19
-2
-23
-49
-51
-44
-25
-17
-6
7
-8
-23
-14
7
43
67
74
71
75
64
33
17
-9
-38
-32
-21
-19
-31
-19
-22
-31
-6
30
49
75
67
69
74
77
64
42
44
10
-13
-26
-45
-40
-13
1
8
17
15
23
51
69
77
66
58
66
40
14
-16
-43
-58
-60
-45
-51
-54
-45
-41
-34
-16
12
37
50
54
68
70
70
54
23
8
-15
-16
-18
-26
-52
-58
-45
-21
14
6
15
46
55
64
50
59
54
41
5
-23
-37
-37
-43
-44
-50
-41
-39
-28
-11
7
40
55
51
49
54
52
42
30
3
-25
-35
-35
-54
-59
-42
-29
-35
-14
-5
-5
11
22
17
26
39
45
41
39
22
7
-1
-27
-62
-77
-57
-38
-16
-10
-14
-8
10
10
29
41
64
93
86
67
23
4
-9
-36
-48
-57
-53
-64
-54
-30
-8
1
13
15
13
29
45
73
82
60
16
-2
-11
-27
-57
-49
-32
-34
-42
-43
-27
12
49
59
54
47
40
40
40
32
9
-4
-27
-33
-53
-66
-73
-69
-43
-38
-35
-17
-2
4
20
59
67
87
93
74
39
9
-4
-12
-35
-43
-59
-71
-62
-54
-32
1
10
-9
14
23
11
18
39
38
28
9
0
-17
-19
-15
-30
-28
-25
-18
-14
-7
9
31
46
48
53
67
59
25
-9
-44
-57
-50
-50
-56
-64
-43
-27
-24
-14
14
35
48
71
73
62
57
50
53
28
-7
-28
-45
-46
-54
-53
-59
-68
-47
-31
-30
-39
-17
13
18
44
60
70
64
34
0
-39
-59
-60
-59
-53
-60
-50
-27
-19
-21
1
26
41
47
51
48
54
61
44
4
-23
-45
-50
-48
-46
-56
-50
-26
-15
-14
-6
12
23
26
21
28
39
33
12
-19
-49
-48
-45
-42
-35
-41
-50
-42
-32
-21
0
28
42
37
40
43
50
37
5
-15
-30
-53
-71
-77
-81
-79
-56
-28
-20
-38
-10
16
38
72
78
65
69
73
52
19
-18
-45
-65
-60
-61
-45
-29
-34
-31
-15
8
25
31
22
17
31
32
23
2
-24
-24
-38
-68
-73
-70
-58
-39
-21
-3
4
31
56
67
66
66
78
67
45
16
-18
-29
-31
-41
-34
-36
-25
-14
-5
-7
-1
19
25
31
52
50
49
56
48
13
-11
-22
-53
-69
-69
-59
-44
-17
-3
2
-2
-5
21
55
70
67
67
82
82
42
-2
-32
-43
-56
-41
-43
-58
-57
-58
-44
-13
7
9
21
33
41
55
66
35
7
-6
-10
-20
-33
-44
-27
-20
-1
4
26
26
24
23
28
39
39
22
6
-2
-32
-61
-70
-57
-62
-63
-58
-53
-40
-29
-15
4
26
28
41
54
65
72
76
54
20
-9
-21
-33
-50
-38
-41
-41
-43
-34
-33
-34
-10
17
25
40
43
46
45
30
6
-14
-39
-51
-53
-44
-51
-52
-44
-14
-1
13
33
46
65
63
64
67
52
42
8
-26
-25
-25
-36
-44
-58
-56
-38
-31
-23
-7
16
36
38
34
35
43
39
25
-12
-38
-39
-40
-45
-58
-51
-27
-10
5
16
26
46
48
55
73
76
77
67
44
7
-17
-42
-68
-74
-68
-68
-72
-49
-26
-25
-14
3
28
59
69
70
81
86
64
18
-21
-45
-45
-45
-45
-49
-41
-37
-53
-53
-37
-20
10
48
64
60
64
58
34
12
-3
-22
-36
-44
-53
-58
-49
-20
-7
5
16
18
31
32
49
63
62
64
52
14
-28
-55
-38
-33
-26
-38
-45
-45
-34
-33
-24
11
38
40
43
38
57
54
28
6
-12
-29
-48
-57
-59
-70
-73
-58
-39
-8
3
6
6
21
41
48
54
53
48
20
-9
-26
-39
-52
-67
-60
-46
-40
-36
-9
6
9
18
45
54
58
70
59
35
4
-20
-28
-47
-55
-57
-40
-44
-37
-11
2
7
24
35
48
68
74
67
59
52
26
-8
-31
-45
-47
-59
-49
-34
-39
-43
-42
-11
23
29
32
40
48
53
53
37
9
-11
-19
-41
-61
-58
-46
-49
-38
-24
-6
3
18
36
48
53
58
56
60
45
-1
-22
-42
-44
-71
-83
-74
-62
-64
-55
-21
5
22
35
50
67
63
62
55
30
-3
-25
-31
-48
-55
-54
-48
-29
-21
-4
-3
9
26
37
62
76
80
84
83
52
16
2
-23
-69
-77
-77
-81
-65
-57
-48
-35
-15
12
27
35
47
67
76
84
64
21
3
-8
-23
-42
-49
-39
-32
-18
3
7
9
18
28
52
58
44
48
53
35
8
-13
-41
-59
-73
-69
-52
-39
-29
-19
-15
8
26
30
53
52
57
64
52
41
18
-11
-43
-44
-51
-50
-39
-34
-35
-22
0
10
16
45
55
59
61
48
44
30
-2
-10
-24
-34
-41
-62
-61
-54
-51
-42
-25
-18
-1
31
44
56
65
71
73
52
17
-10
-22
-20
-41
-50
-51
-62
-60
-51
-39
-29
-26
6
22
44
52
55
52
53
26
-11
-26
-36
-41
-30
-26
-22
-17
-28
-19
-4
29
29
25
49
56
52
40
22
-9
-18
-32
-48
-66
-65
-56
-37
-25
-31
-23
-10
32
56
66
80
79
98
98
75
30
-5
-22
-41
-49
-48
-70
-71
-65
-55
-43
-32
-13
8
19
27
31
61
57
34
3
-15
-30
-50
-66
-75
-82
-66
-47
-21
-14
12
39
52
62
62
65
77
82
59
21
-9
-38
-48
-43
-42
-65
-56
-51
-54
-57
-30
-19
-22
-5
1
8
29
24
26
4
-21
-33
-34
-43
-58
-39
-19
-5
-4
-1
-6
-2
6
23
32
16
14
22
20
-3
-40
-74
-93
-104
-120
-115
-126
-137
-144
-124
-103
-73
-36
-10
2
5
25
63
76
64
47
29
30
14
2
6
9
21
42
52
47
57
72
85
98
114
128
132
107
73
46
29
9
-36
-63
-70
-74
-53
-31
-14
-21
-18
-9
2
3
8
-2
-35
-83
-140
-168
-188
-191
-195
-211
-223
-239
-274
-280
-280
-277
-244
-188
-123
-70
-44
-18
-9
-32
-49
-48
-44
-60
-85
-71
-64
-57
-58
-72
-76
-31
50
99
145
172
148
100
32
-56
-135
-196
-242
-277
-287
-278
-243
-193
-169
-161
-137
-84
-19
21
59
106
133
150
158
141
99
60
-1
-53
-52
-39
-43
-30
44
112
144
166
171
176
201
221
249
278
309
306
284
296
341
412
442
454
436
407
389
377
404
424
435
442
430
412
386
365
342
321
300
252
228
233
251
264
260
243
231
194
150
126
98
69
56
43
26
22
15
-14
-57
-89
-128
-131
-143
-173
-204
-215
-223
-234
-245
-264
-249
-210
-176
-140
-118
-82
-37
5
16
2
9
39
52
45
37
56
85
118
132
130
131
133
122
108
93
106
111
134
137
131
141
170
222
307
400
474
539
598
609
594
626
736
943
1177
1303
1385
1504
1632
1614
1258
631
-270
-980
-1687
-3081
-4765
-7005
-10257
-14871
-17946
-17253
-11676
-2948
3365
5040
4516
3179
1268
107
-59
1262
4229
8332
13233
16694
17117
14432
9997
5546
2051
-493
-2439
-3742
-4336
-4398
-4135
-3716
-3203
-2749
-2419
-2200
-1992
-1734
-1454
-1189
-955
-731
-495
-308
-159
-43
35
94
119
123
123
111
64
-15
-59
-89
-86
-43
17
44
58
90
116
139
144
146
160
155
164
174
186
192
171
140
123
106
97
81
68
40
12
-11
-12
-10
-11
2
-8
-4
6
3
2
4
-17
-49
-83
-95
-102
-97
-92
-94
-85
-62
-43
-28
-16
-1
2
27
69
75
92
92
62
44
20
-13
-31
-36
-38
-51
-57
-56
-58
-44
-26
2
10
18
17
11
9
22
25
-7
-26
-45
-45
-42
-58
-60
-38
-30
-12
8
12
21
32
59
75
86
95
94
81
51
12
-30
-36
-35
-36
-49
-46
-24
-10
-5
-3
7
23
36
29
46
83
109
91
50
29
11
-17
-47
-53
-43
-39
-18
2
5
7
9
29
36
37
50
48
49
49
27
16
-3
-14
-19
-34
-44
-45
-36
-34
-13
9
21
32
39
44
47
56
56
51
22
-10
-13
-2
-8
-20
-32
-41
-34
-30
-4
1
27
45
45
44
48
46
59
42
-3
-40
-49
-47
-68
-62
-67
-59
-47
-36
-27
-6
17
30
54
55
48
43
39
29
6
-23
-30
-48
-68
-74
-68
-56
-44
-40
-33
-32
-18
-7
11
19
23
45
52
32
-7
-32
-43
-58
-74
-75
-72
-51
-44
-37
-39
-8
13
12
17
20
21
29
30
12
-20
-40
-53
-68
-90
-101
-117
-116
-98
-93
-85
-45
-22
-17
-8
15
16
5
3
1
-34
-60
-78
-94
-95
-92
-90
-96
-94
-86
-86
-70
-43
-17
-4
6
14
21
28
16
-7
-41
-67
-97
-116
-118
-92
-93
-96
-82
-55
-34
-37
-37
-21
9
21
17
27
22
-1
-36
-52
-50
-51
-50
-48
-47
-38
-29
-20
-2
15
29
49
56
64
71
55
42
19
-16
-25
-32
-51
-50
-40
-36
-42
-32
-13
1
23
47
44
50
64
80
90
87
61
28
5
-18
-38
-26
-20
-22
-20
8
25
34
50
38
34
52
66
70
56
68
54
29
14
-2
-16
-19
-15
-9
11
15
20
30
50
64
61
61
59
63
74
64
28
5
-8
-29
-43
-55
-55
-50
-38
-30
-21
12
40
46
66
81
93
97
85
69
45
36
26
9
-4
-12
-16
-22
-17
1
16
7
1
34
62
61
61
56
76
77
39
8
-15
-27
-35
-39
-47
-35
-26
-25
-11
8
19
28
51
66
51
43
71
70
27
4
-7
-27
-31
-36
-30
-30
-13
7
21
17
21
42
53
54
36
31
38
25
1
-9
-36
-46
-71
-73
-63
-42
-48
-38
-24
-15
4
25
45
49
47
59
55
47
25
-4
-9
-26
-50
-61
-62
-60
-59
-61
-39
-11
5
25
24
31
52
54
33
22
12
-3
-11
-16
-42
-65
-71
-96
-111
-102
-93
-84
-60
-40
-22
-2
29
41
51
53
35
28
20
2
-12
-31
-34
-44
-50
-34
-21
-13
-7
-4
-9
8
30
29
38
21
-18
-48
-86
-113
-117
-118
-119
-138
-146
-155
-156
-143
-129
-122
-107
-96
-99
-133
-176
-212
-245
-274
-282
-271
-283
-305
-304
-280
-256
-225
-206
-186
-144
-104
-64
-18
12
22
25
4
-43
-91
-111
-101
-104
-119
-124
-102
-72
-32
20
66
95
76
50
36
12
-19
-27
-15
-16
-10
-8
-10
-24
-24
0
42
97
127
146
164
180
220
253
296
356
433
503
543
540
520
514
488
446
426
410
402
396
361
332
341
377
388
399
406
396
384
371
357
355
337
298
267
251
240
227
211
196
165
149
124
119
134
141
136
124
121
114
87
52
19
-23
-45
-58
-75
-68
-70
-91
-88
-83
-88
-75
-75
-81
-71
-76
-63
-48
-53
-80
-121
-160
-180
-180
-180
-180
-196
-223
-212
-202
-204
-211
-204
-188
-159
-140
-125
-106
-109
-133
-142
-135
-136
-143
-141
-144
-136
-123
-114
-125
-131
-112
-99
-72
-54
-54
-42
-34
-22
-31
-43
-77
-95
-113
-126
-116
-109
-81
-52
-45
-38
-11
19
36
54
56
50
70
66
25
-7
-21
-34
-62
-73
-88
-82
-69
-43
-30
-36
-12
0
6
22
23
18
30
39
0
-27
-50
-64
-75
-78
-62
-45
-27
-13
-2
5
21
39
47
52
47
44
47
41
3
-37
-53
-62
-64
-51
-53
-56
-40
-17
13
31
45
33
43
53
71
74
57
49
7
-20
-45
-66
-58
-65
-55
-31
-36
-33
-20
2
22
28
43
58
68
66
48
32
-1
-24
-29
-40
-42
-42
-54
-44
-39
-32
-24
-14
12
24
31
34
41
50
68
67
32
6
-8
-31
-56
-57
-49
-30
-8
-9
-11
-7
12
31
48
45
55
57
63
60
28
11
-12
-36
-45
-55
-47
-35
-18
-20
-25
-11
0
11
34
54
58
66
70
56
17
-16
-42
-35
-34
-45
-48
-61
-52
-33
-20
-9
-6
13
32
58
68
58
61
49
16
-8
-28
-37
-51
-57
-65
-58
-39
-25
-10
7
41
58
68
75
75
85
75
52
33
-7
-33
-45
-60
-57
-56
-49
-45
-24
-10
-1
14
24
34
32
36
57
59
48
15
-17
-40
-56
-44
-38
-38
-27
-11
5
10
33
58
49
53
49
55
53
51
50
11
-15
-42
-57
-64
-56
-39
-46
-43
-52
-54
-37
-18
6
27
41
56
74
74
53
11
-17
-47
-56
-51
-48
-60
-73
-53
-36
-24
0
16
22
18
35
36
40
52
34
-5
-40
-55
-56
-60
-57
-78
-83
-57
-40
-23
-28
-20
12
28
31
28
37
35
18
2
-21
-56
-69
-73
-67
-81
-92
-86
-57
-32
-16
-3
20
25
22
22
42
37
16
-19
-48
-65
-80
-80
-94
-110
-100
-92
-81
-71
-67
-60
-34
-19
4
17
24
29
19
-20
-56
-79
-89
-103
-98
-84
-67
-57
-63
-46
-33
-4
15
22
41
57
77
73
56
23
-15
-48
-65
-69
-81
-67
-54
-51
-41
-6
-2
-5
2
17
35
54
74
72
81
52
23
10
-18
-32
-46
-51
-60
-52
-34
-25
-4
35
58
67
60
89
97
87
71
36
25
10
-4
-19
-25
-24
-31
-14
-5
-4
5
6
5
26
44
51
54
62
58
24
0
-21
-37
-40
-22
-22
-26
-2
9
21
50
73
79
83
75
57
55
78
77
49
19
-14
-19
-17
-26
-46
-46
-30
-22
-5
22
44
49
25
36
46
47
46
36
-2
-19
-30
-47
-58
-52
-43
-24
-4
6
13
31
49
51
56
70
68
75
45
29
13
-5
-34
-52
-76
-91
-89
-65
-42
-34
-21
-10
-2
5
22
42
56
72
62
58
34
11
-10
-33
-44
-44
-47
-45
-44
-43
-25
-7
16
37
50
47
55
77
67
53
14
-21
-37
-36
-45
-41
-36
-34
-32
-22
-11
-11
-9
10
38
51
62
60
66
58
15
-1
-15
-33
-38
-30
-34
-33
-37
-41
-30
-5
12
19
45
49
52
56
53
55
43
27
4
-7
-17
-32
-38
-48
-45
-22
-22
-8
20
37
32
43
56
49
50
52
22
-5
-36
-51
-52
-50
-61
-65
-45
-42
-45
-32
0
15
28
43
70
93
101
86
50
7
-15
-25
-52
-56
-53
-56
-45
-37
-21
-22
-11
-3
16
47
66
75
79
73
51
19
-10
-21
-31
-32
-60
-75
-68
-58
-42
-27
5
19
43
58
52
51
55
55
32
15
13
3
-20
-36
-48
-36
-18
-12
-11
-16
-4
4
33
55
57
55
66
73
53
22
-29
-56
-65
-68
-76
-64
-55
-33
-30
-5
16
27
39
43
49
58
50
47
23
3
-11
-26
-47
-63
-52
-39
-37
-33
-28
-5
13
33
44
60
63
69
80
79
44
19
-16
-36
-49
-63
-68
-67
-71
-55
-30
-8
-2
2
9
26
39
40
40
35
9
-5
-19
-35
-45
-48
-45
-40
-21
-27
-7
1
13
32
34
30
33
55
58
42
19
-11
-39
-46
-70
-78
-64
-66
-54
-36
-11
19
47
52
52
61
60
45
30
24
0
-36
-34
-33
-45
-53
-36
-28
-12
3
6
-2
11
28
48
67
82
89
92
65
32
0
-35
-59
-69
-66
-61
-53
-49
-33
-29
-26
-3
16
33
46
41
52
47
48
21
-1
-8
-25
-28
-34
-37
-44
-46
-33
-22
-13
8
27
51
57
52
45
45
52
19
-7
-33
-40
-40
-41
-49
-65
-57
-42
-30
-7
19
27
43
49
60
73
65
57
27
10
-15
-35
-47
-50
-30
-13
1
-2
-11
-11
-2
6
34
44
45
36
52
42
19
13
-38
-60
-61
-74
-79
-69
-50
-38
-25
4
28
38
40
42
51
66
62
44
19
-14
-47
-58
-85
-94
-94
-83
-68
-61
-39
-34
-38
-13
26
47
53
61
60
65
70
63
55
63
84
100
96
95
91
121
166
202
230
246
262
282
299
370
399
422
426
417
430
460
506
575
624
667
730
785
813
808
833
982
1228
1398
1534
1691
1747
1564
1130
655
283
-319
-1524
-3045
-4663
-7050
-10784
-14935
-18579
-19481
-16344
-9417
-1800
3337
6153
6217
5032
4118
3340
3753
5853
9742
14707
18174
18114
14606
9647
4845
1345
-1001
-2822
-4146
-4813
-4941
-4679
-4199
-3647
-3121
-2758
-2524
-2291
-1985
-1669
-1360
-1080
-828
-594
-371
-189
-33
105
187
228
241
229
195
137
84
29
23
62
81
89
99
108
113
127
134
154
165
148
146
163
170
167
172
180
158
133
115
77
67
60
57
62
61
78
85
82
84
81
62
25
0
-34
-36
-45
-65
-93
-117
-136
-142
-155
-155
-153
-152
-130
-108
-94
-65
-46
-45
-32
-4
6
34
59
58
44
10
-4
-22
-24
-12
-18
-23
-10
-7
-5
-2
21
27
37
34
23
42
35
15
3
-21
-59
-71
-63
-69
-64
-53
-46
-29
-15
-9
-3
15
50
57
50
57
75
95
77
48
25
3
-12
-47
-73
-89
-75
-54
-46
-34
-18
6
35
37
38
50
58
55
16
1
-20
-31
-35
-44
-46
-38
-25
-7
10
2
-7
38
67
70
71
66
63
66
31
-1
-34
-48
-63
-57
-55
-57
-54
-41
-29
-15
13
45
49
62
57
41
56
61
34
9
2
-14
-27
-34
-33
-41
-37
-5
19
22
26
27
35
58
61
55
58
67
40
6
-17
-9
0
12
15
29
51
62
65
73
113
120
118
136
149
148
123
104
59
32
14
3
-6
-4
1
14
21
29
37
42
57
78
96
97
64
57
57
65
45
33
18
-4
-4
14
27
58
91
101
106
112
124
117
93
64
30
6
-34
-67
-95
-117
-148
-157
-142
-104
-49
-6
3
-28
-94
-115
-142
-156
-178
-231
-296
-326
-313
-284
-253
-220
-191
-153
-141
-159
-184
-199
-164
-120
-82
-41
-22
-41
-53
-55
-90
-127
-175
-180
-167
-200
-273
-323
-357
-367
-323
-238
-147
-45
44
110
153
254
356
390
309
198
142
108
103
113
100
101
73
51
47
18
-10
-34
-26
-12
0
17
39
84
127
159
174
166
144
128
109
104
84
64
46
32
24
11
12
7
-1
4
-7
-14
-14
-14
5
17
2
-8
-17
-31
-37
-30
-41
-23
-3
-3
1
9
37
50
52
59
58
69
81
77
43
15
-2
-15
-21
-17
-18
-12
-14
19
29
33
47
49
64
89
97
97
93
112
76
36
18
-6
-19
-27
-21
-19
-31
-26
-13
0
21
27
45
66
69
71
52
48
30
12
-18
-36
-27
-40
-51
-58
-50
-34
-20
-5
-1
15
40
48
45
49
50
47
23
-8
-49
-60
-41
-28
-34
-42
-28
-21
-10
9
17
26
40
36
31
43
62
54
22
1
-18
-38
-47
-58
-71
-80
-62
-32
2
21
11
18
26
41
57
80
72
54
35
13
-23
-39
-48
-60
-68
-55
-43
-22
-1
1
7
25
33
36
58
71
53
34
21
3
-12
-26
-48
-55
-46
-38
-44
-42
-30
-35
-26
-3
11
32
32
54
62
60
41
16
5
-20
-39
-51
-52
-37
-25
-10
-13
-2
29
44
39
18
2
24
43
49
26
8
-3
-23
-46
-57
-46
-53
-54
-30
-3
6
20
38
35
26
33
50
58
54
17
-18
-33
-45
-41
-49
-48
-44
-32
-22
-1
28
52
55
57
52
49
26
17
10
-5
-36
-63
-76
-84
-94
-73
-74
-54
-14
4
17
31
39
40
61
76
76
68
68
41
14
-12
-39
-64
-64
-68
-61
-54
-46
-39
-12
24
47
47
53
61
43
27
15
-2
-10
-21
-32
-39
-55
-61
-58
-60
-47
-28
-14
-13
10
21
38
57
67
67
64
43
28
2
-14
-28
-36
-58
-69
-41
-30
-32
-17
6
17
15
29
57
68
61
44
14
-8
-16
-31
-53
-65
-61
-59
-49
-16
3
-4
19
29
40
58
65
59
57
42
8
-15
-33
-53
-68
-70
-67
-52
-50
-53
-47
-33
-14
10
39
45
71
77
55
43
21
3
-12
-49
-58
-60
-64
-59
-51
-46
-34
-17
1
11
24
40
64
77
77
59
33
-2
-20
-32
-56
-51
-52
-39
-29
-18
-12
1
25
38
48
51
50
61
73
61
18
-7
-20
-19
-25
-32
-40
-52
-56
-42
-19
-10
-6
5
19
32
33
27
41
36
-6
-37
-54
-63
-73
-63
-49
-39
-26
-11
-2
16
33
41
51
49
28
13
29
26
18
-8
-26
-51
-71
-78
-78
-59
-36
-15
5
4
2
8
21
47
55
74
74
73
42
1
-27
-39
-51
-55
-63
-60
-49
-44
-37
-16
24
37
35
38
40
63
66
52
14
-21
-22
-25
-31
-44
-58
-50
-28
-25
-17
-2
24
34
35
53
44
44
44
46
32
18
-4
-33
-50
-57
-74
-69
-55
-31
-28
-13
26
49
69
63
64
75
79
72
44
10
-9
-20
-33
-56
-55
-42
-41
-41
-32
-9
-7
4
15
42
66
61
47
22
-8
-21
-47
-62
-67
-51
-32
-22
-21
-26
-13
-1
28
55
65
61
64
66
51
36
4
-20
-44
-62
-59
-61
-59
-61
-62
-56
-34
-23
-21
10
25
43
59
63
69
67
55
29
-2
-23
-44
-48
-47
-42
-42
-29
-1
0
2
13
28
46
48
52
49
52
26
-14
-46
-53
-45
-33
-42
-45
-36
-34
-30
-18
6
24
20
17
10
27
48
46
33
4
-23
-37
-46
-52
-46
-43
-42
-22
-2
3
29
50
72
69
53
39
31
41
31
8
-12
-29
-50
-50
-51
-58
-48
-46
-51
-42
-41
-23
22
52
43
50
53
48
25
6
-6
-26
-33
-39
-38
-37
-45
-36
-26
-6
8
18
30
44
40
46
65
74
44
28
-2
-24
-29
-34
-29
-35
-36
-35
-32
-19
-12
-7
-2
19
45
60
75
66
27
-15
-44
-59
-50
-45
-50
-48
-37
-38
-32
-10
0
11
26
29
28
27
25
26
25
30
2
-34
-48
-53
-54
-55
-50
-34
-16
10
35
50
49
52
58
71
87
77
42
20
3
-17
-44
-42
-54
-59
-44
-39
-17
-6
17
36
33
31
25
34
26
10
-7
-14
-13
-22
-29
-45
-58
-56
-37
-12
-4
-9
12
49
51
57
79
100
102
84
47
8
-15
-32
-52
-54
-53
-54
-50
-38
-18
-15
1
15
25
33
54
58
47
59
35
5
-10
-37
-52
-42
-45
-53
-49
-27
3
10
12
16
32
41
44
33
28
28
8
-9
-14
-28
-44
-46
-52
-53
-41
-23
-13
9
42
52
54
63
65
53
57
62
22
-6
-19
-35
-54
-70
-73
-59
-41
-21
5
14
7
-1
6
35
58
69
67
47
22
9
-23
-47
-48
-53
-57
-54
-37
-19
-17
-6
19
40
39
41
40
57
56
48
26
13
1
-25
-39
-37
-38
-41
-44
-36
-22
-17
-11
11
12
16
40
60
56
43
22
5
-10
-34
-57
-57
-51
-47
-32
-30
-24
-13
11
29
31
27
33
56
54
71
51
18
-6
-30
-51
-58
-53
-44
-38
-22
-3
3
8
21
31
30
51
62
64
63
28
-10
-32
-55
-67
-56
-50
-35
-22
-28
-26
-15
6
24
36
29
34
43
41
33
6
-24
-40
-45
-34
-35
-30
-29
-27
-19
-10
4
-3
9
25
43
54
52
52
44
15
-16
-58
-73
-85
-89
-66
-55
-44
-25
-17
0
28
41
49
62
70
75
64
48
12
-15
-35
-32
-36
-52
-62
-57
-49
-36
-32
-14
2
30
39
47
49
57
71
69
34
-1
-32
-52
-60
-57
-72
-73
-47
-31
-7
-22
6
23
41
62
59
60
68
52
23
7
-8
-31
-33
-24
-31
-47
-57
-44
-36
-29
-16
6
23
33
31
43
72
68
37
5
-28
-43
-38
-43
-65
-66
-58
-47
-48
-39
-12
3
26
49
56
64
80
77
33
-4
-24
-44
-51
-51
-47
-29
-27
-15
-13
0
0
20
44
61
71
74
72
76
51
24
-10
-45
-67
-75
-74
-76
-89
-85
-68
-50
-27
-8
30
55
62
71
80
80
57
43
15
-17
-26
-26
-29
-31
-48
-57
-34
-19
-6
12
33
33
52
62
55
55
29
6
-29
-35
-41
-57
-59
-71
-51
-40
-28
-15
12
35
46
57
70
77
81
76
56
24
-7
-23
-21
-30
-39
-46
-45
-46
-35
-33
-28
-7
12
15
18
28
38
36
31
22
5
-10
-19
-16
-25
-38
-34
-13
8
2
12
31
47
44
35
27
25
36
11
-27
-39
-48
-57
-69
-74
-76
-66
-55
-45
-16
6
14
4
13
24
33
19
30
0
-41
-58
-67
-72
-72
-61
-36
-4
23
16
5
24
45
62
74
64
63
61
71
63
