0
14
24
9
-17
-35
-58
-76
-76
-88
-88
-76
-74
-70
-56
-32
-17
17
28
27
39
53
59
62
49
23
3
-15
-18
-25
-33
-37
-29
-19
4
10
24
61
101
143
179
182
174
160
165
158
130
120
135
151
172
201
250
292
336
379
430
471
504
560
639
696
732
778
802
810
804
858
1041
1229
1356
1493
1608
1575
1292
817
386
194
-94
-1242
-2761
-4297
-6757
-10782
-15476
-18753
-18437
-13987
-7403
-1763
1780
4318
4918
4621
4441
4242
4738
6428
9844
14496
17617
17427
13945
8962
4130
662
-1481
-2979
-4001
-4496
-4604
-4430
-4034
-3507
-2996
-2631
-2312
-2031
-1765
-1485
-1196
-932
-692
-518
-374
-241
-137
-41
52
117
137
148
143
135
102
86
63
44
79
130
159
167
183
177
144
129
119
115
111
108
108
90
85
100
101
112
110
109
130
136
116
92
92
66
21
-13
-45
-62
-60
-77
-99
-116
-105
-104
-94
-85
-74
-68
-55
-48
-62
-38
0
-10
-32
-34
-38
-51
-71
-78
-77
-66
-32
-9
3
9
32
61
76
81
77
83
72
56
34
-5
-41
-45
-55
-58
-50
-30
-21
-32
-18
1
18
49
73
90
91
87
80
56
33
8
-13
-21
-31
-37
-35
-16
-19
-9
-10
2
20
33
37
49
49
46
39
29
-1
-25
-19
-8
-13
-26
-39
-49
-57
-31
-22
-9
32
53
64
53
63
78
64
38
13
-12
-30
-16
-2
-20
-40
-32
-24
-4
32
39
40
55
84
104
106
109
127
127
110
97
91
72
73
67
64
62
60
64
56
47
51
54
71
76
90
101
107
89
70
55
49
40
27
21
26
7
-12
-33
-51
-38
-14
8
14
18
54
93
115
110
99
96
76
64
61
59
13
-49
-70
-101
-149
-158
-148
-132
-123
-98
-81
-33
28
51
60
44
-11
-45
-96
-142
-185
-228
-287
-336
-374
-368
-328
-265
-181
-77
-3
28
2
-85
-139
-136
-108
-102
-92
-83
-127
-158
-158
-149
-163
-172
-141
-96
-80
-116
-146
-176
-210
-186
-137
-83
-41
-16
23
68
154
255
285
201
95
37
23
49
85
91
89
118
126
92
19
-47
-52
-60
-52
-31
-5
42
106
167
197
215
235
231
234
226
205
178
141
104
57
5
-38
-71
-91
-110
-132
-146
-153
-134
-115
-104
-102
-93
-52
-12
5
10
40
45
33
22
2
7
23
29
26
27
33
47
48
64
65
57
52
53
61
58
43
26
-13
-27
-42
-57
-75
-82
-76
-74
-67
-43
-30
-22
4
47
59
70
77
74
91
76
48
32
28
13
-14
-22
-9
-7
-12
-8
-4
-4
20
46
48
57
75
81
82
50
21
-19
-28
-41
-40
-46
-61
-49
-18
-8
2
-7
9
29
46
79
86
92
106
87
47
6
-38
-55
-53
-40
-32
-28
-8
-4
3
35
56
55
56
63
68
82
70
43
5
-21
-34
-48
-67
-85
-85
-49
-34
-22
-5
9
25
54
60
60
63
87
86
47
-9
-15
-31
-44
-41
-48
-49
-34
-20
-14
-5
23
38
36
37
42
51
59
50
32
7
-13
-39
-51
-48
-40
-39
-34
-42
-28
-9
2
7
25
50
54
71
79
70
34
-4
-34
-41
-47
-57
-64
-53
-47
-40
-45
-40
-9
8
25
40
41
58
59
62
29
8
-18
-34
-34
-40
-40
-32
-38
-41
-37
-20
-17
-4
24
36
38
42
66
77
52
3
-40
-60
-51
-41
-40
-42
-25
-23
-14
-1
12
29
42
47
69
69
48
31
19
15
-7
-25
-39
-62
-47
-38
-33
-26
-27
-17
-6
21
41
56
66
60
58
42
27
14
-24
-60
-72
-77
-55
-43
-45
-55
-40
-35
-18
-2
26
48
63
89
87
72
47
9
-21
-42
-71
-74
-71
-57
-43
-33
-21
-4
-1
-3
2
22
40
49
65
64
48
32
3
-33
-41
-30
-40
-57
-68
-57
-42
-28
10
21
16
33
42
56
44
31
5
-17
-19
-31
-37
-26
-28
-34
-33
-15
-17
-14
10
16
36
54
52
54
64
63
41
9
-31
-49
-52
-66
-64
-74
-57
-27
-25
-16
-5
12
27
43
42
21
17
19
6
-22
-34
-23
-22
-30
-36
-48
-35
-19
-9
-2
-1
10
16
29
39
25
25
29
17
-3
-28
-48
-50
-48
-44
-43
-31
-38
-15
14
34
61
70
72
66
67
61
39
8
-22
-56
-64
-44
-37
-54
-65
-49
-33
-34
-36
-13
8
10
29
22
37
44
63
53
20
-18
-42
-44
-57
-69
-66
-52
-54
-37
-7
6
27
39
55
67
62
58
61
34
1
-32
-44
-53
-57
-57
-61
-59
-42
-22
-7
6
12
20
23
26
36
48
46
31
5
-13
-17
-34
-41
-49
-46
-41
-28
-1
6
14
30
33
24
29
46
48
41
37
19
1
-25
-48
-58
-70
-71
-43
-20
-17
2
17
19
31
47
49
57
67
61
22
-14
-13
-21
-30
-49
-50
-44
-50
-40
-19
5
18
27
23
25
47
57
34
19
0
-20
-34
-61
-87
-85
-81
-74
-57
-38
-26
-1
22
41
47
58
66
65
54
46
43
34
10
4
-20
-22
-28
-46
-45
-43
-38
-16
20
31
29
36
47
52
41
32
-2
-12
-26
-41
-37
-28
-27
-34
-46
-42
-6
5
2
20
34
52
75
72
79
72
34
8
-22
-54
-71
-60
-59
-49
-36
-32
-12
12
29
39
49
65
51
48
55
53
33
3
-20
-42
-58
-69
-63
-48
-27
-12
-6
-1
12
21
36
44
46
55
62
52
30
-3
-37
-57
-58
-50
-67
-74
-68
-47
-40
-29
-13
-3
16
22
39
61
75
69
48
19
-13
-31
-35
-57
-73
-58
-34
-24
-21
2
18
27
29
33
54
57
57
69
51
15
-24
-37
-57
-79
-69
-54
-39
-35
-34
-22
-5
11
39
38
39
58
75
75
54
12
-13
-18
-34
-46
-60
-68
-33
-15
-20
-5
-3
12
22
53
66
67
64
56
30
6
-25
-39
-46
-49
-65
-74
-54
-52
-40
-16
10
28
26
47
58
56
51
42
26
3
-17
-30
-50
-69
-93
-99
-75
-52
-29
1
14
33
54
72
56
56
69
54
19
-11
-20
-32
-43
-53
-59
-50
-27
-18
-10
-7
16
25
29
41
30
47
52
46
16
-13
-35
-46
-49
-51
-48
-38
-41
-37
-23
-15
-16
-9
19
46
43
56
60
61
30
10
-3
-24
-37
-58
-77
-71
-47
-44
-39
-12
12
14
14
28
51
65
80
74
42
18
1
-15
-25
-42
-32
-27
-33
-25
-27
-22
-12
9
29
42
62
71
51
41
20
-8
-29
-30
-35
-42
-45
-54
-54
-53
-37
-11
16
21
24
33
55
58
55
63
47
25
-8
-19
-34
-49
-56
-60
-41
-18
15
28
16
19
27
38
50
51
53
61
35
2
-37
-66
-76
-70
-77
-66
-49
-41
-25
-6
27
44
45
59
66
70
64
58
37
21
8
-20
-32
-45
-60
-61
-59
-44
-15
3
16
24
27
49
60
73
73
63
35
17
-2
-21
-35
-41
-47
-54
-65
-69
-63
-34
12
26
34
44
46
39
34
35
14
-3
-15
-26
-44
-51
-38
-19
-18
-13
-1
19
26
32
43
52
78
83
88
92
57
14
-27
-52
-57
-36
-40
-56
-49
-27
-21
-4
17
22
35
46
52
73
73
61
38
21
3
-18
-35
-57
-72
-84
-71
-44
-20
-6
1
24
33
20
13
11
20
34
20
6
-13
-21
-29
-39
-57
-58
-36
-24
-18
-21
-7
4
10
31
37
54
57
54
28
0
-24
-26
-39
-59
-61
-38
-23
-27
-10
2
17
40
50
54
60
73
73
51
22
-9
-19
-33
-50
-56
-77
-79
-66
-53
-35
-17
11
36
34
24
18
39
39
42
28
3
-13
-31
-46
-51
-46
-41
-30
-17
-1
13
13
26
39
29
28
39
40
42
22
-3
-22
-46
-63
-62
-41
-42
-19
-10
10
33
48
34
15
27
54
60
58
62
36
-10
-23
-34
-41
-52
-52
-58
-62
-60
-45
-26
-22
-13
0
22
30
27
40
35
3
-5
-29
-38
-37
-30
-34
-39
-36
-26
-30
-21
3
19
33
55
81
92
89
76
38
7
-12
-38
-51
-42
-46
-52
-46
-40
-32
-17
-4
3
6
20
30
28
52
44
23
16
-1
-22
-46
-56
-62
-60
-52
-56
-43
-12
22
40
43
59
66
70
58
44
24
7
-21
-42
-47
-48
-58
-62
-58
-44
-32
-15
-6
19
48
71
86
85
57
52
20
-14
-35
-56
-54
-46
-43
-37
-43
-38
-27
-12
14
35
49
50
45
52
63
43
15
0
-21
-47
-61
-86
-82
-64
-38
-20
-16
-9
-11
-2
14
21
32
51
47
29
4
-15
-21
-28
-37
-31
-27
-32
-36
-36
-29
-23
-3
20
48
64
80
77
75
85
58
16
-32
-32
-32
-38
-32
-40
-39
-25
-12
-5
-8
22
36
59
59
47
51
52
21
-7
-35
-57
-73
-73
-83
-75
-49
-23
-17
-7
7
24
35
53
67
67
69
58
20
-6
-4
-9
-30
-43
-52
-41
-39
-28
-35
-40
-38
-14
21
49
55
65
86
82
53
19
1
-21
-40
-56
-56
-51
-38
-23
-21
-23
1
7
8
27
40
53
59
57
27
7
-13
-33
-38
-39
-28
-29
-28
-33
-20
-11
11
39
50
58
60
55
53
55
25
1
-29
-42
-55
-78
-90
-75
-60
-57
-58
-41
-1
26
61
79
70
81
87
82
41
11
-10
-25
-36
-41
-44
-35
-32
-18
-16
0
-6
-7
24
39
48
68
69
50
1
-24
-33
-49
-48
-50
-63
-63
-52
-33
-25
-16
-1
11
18
22
18
32
51
52
50
19
5
-5
-18
-37
-44
-41
-38
-26
4
17
15
34
47
53
80
100
98
78
56
27
-2
-17
-41
-60
-65
-62
-62
-76
-68
-73
-63
-34
-5
10
19
51
55
52
40
21
14
4
-10
-21
-5
-9
-12
-6
7
-10
-1
27
43
50
44
44
49
49
3
-22
-28
-41
-47
-39
-42
-31
-25
-26
-31
-21
19
35
38
47
38
45
40
26
-8
-56
-79
-79
-84
-87
-84
-76
-69
-43
-14
8
9
5
30
57
69
68
86
112
102
83
80
80
85
81
72
71
97
136
154
172
199
229
260
282
314
345
393
423
421
413
416
439
491
547
605
677
737
747
745
767
874
1086
1281
1420
1558
1704
1696
1439
917
387
-44
-906
-2322
-3799
-5552
-8385
-11904
-15114
-16359
-13687
-8793
-3869
478
3170
3103
1857
1412
1514
2897
5793
10037
14594
16988
15921
12070
7286
3089
160
-1480
-2541
-3305
-3723
-3788
-3594
-3194
-2722
-2234
-1852
-1625
-1464
-1301
-1109
-908
-699
-527
-380
-243
-104
-6
65
139
206
231
231
208
170
116
70
28
3
-9
11
53
76
75
92
101
112
116
110
99
118
143
147
158
175
187
172
141
109
86
61
35
18
16
21
19
20
8
6
18
19
1
-7
0
9
-10
-16
-43
-82
-92
-103
-119
-127
-118
-99
-88
-70
-61
-43
-7
27
45
57
80
100
100
97
75
51
44
32
8
-15
-8
0
-7
-4
5
6
12
13
3
15
42
45
38
29
3
-14
-21
-43
-61
-66
-39
-32
-13
-5
-5
3
11
22
35
52
62
63
67
61
41
28
4
-19
-48
-43
-49
-58
-56
-35
-22
-14
12
36
60
74
70
69
73
63
35
8
-13
-42
-52
-28
-26
-24
-18
15
37
37
24
23
31
55
75
86
92
99
62
35
15
20
11
2
6
42
63
68
81
103
130
122
124
126
108
110
115
97
74
50
35
14
0
5
16
16
4
10
38
65
72
71
75
62
40
26
7
6
-3
-17
-33
-49
-39
-30
-11
11
25
37
61
78
84
69
33
-11
-37
-48
-66
-71
-104
-120
-140
-139
-106
-44
8
40
34
-11
-57
-96
-146
-177
-237
-304
-345
-352
-328
-263
-223
-173
-130
-74
-64
-99
-156
-155
-100
-67
-36
-10
-14
-46
-55
-60
-77
-114
-141
-124
-126
-178
-253
-304
-329
-303
-247
-173
-103
-21
28
64
119
234
328
309
208
140
112
136
152
121
76
43
35
46
17
-28
-45
-33
-23
-23
14
56
102
168
194
206
218
221
192
150
138
101
64
46
30
-9
-33
-50
-60
-76
-76
-78
-71
-44
-37
-38
-21
-1
-18
-36
-35
-45
-36
-22
-29
-28
-18
-7
-7
9
38
56
54
55
62
63
71
50
11
-4
-8
-40
-60
-56
-38
-29
-21
-12
-3
4
16
38
65
64
69
93
100
89
38
13
-4
-14
-29
-42
-47
-47
-46
-46
-50
-28
1
7
16
28
46
67
89
91
57
40
12
-3
-10
-10
-5
-2
-2
2
20
23
13
16
26
49
61
83
98
79
36
-10
-35
-30
-40
-40
-33
-35
-34
-24
3
28
34
43
49
40
59
58
53
30
10
-7
-12
-25
-50
-52
-38
-33
-33
-30
-1
12
13
31
47
48
62
88
84
63
33
-7
-31
-39
-43
-31
-21
-31
-22
-15
-12
-2
15
13
39
60
54
54
41
31
5
-11
-32
-51
-62
-68
-57
-51
-42
-17
3
18
36
43
50
66
67
63
77
64
32
-1
-14
-32
-49
-51
-57
-60
-54
-24
-7
17
37
24
28
33
38
34
34
14
-20
-35
-51
-67
-58
-42
-42
-24
-3
9
9
16
26
39
65
65
75
67
56
40
13
-9
-39
-59
-67
-57
-58
-60
-36
-33
-25
4
20
12
35
55
59
64
51
35
0
-13
-37
-53
-44
-51
-41
-42
-28
-26
-21
-8
-5
18
52
65
49
45
47
21
-1
-14
-33
-49
-55
-57
-68
-60
-47
-36
-21
-2
19
35
46
68
83
94
86
72
57
19
-12
-35
-33
-49
-59
-54
-58
-49
-31
-28
-10
3
13
30
41
42
52
59
43
10
-17
-29
-48
-45
-59
-54
-38
-27
-4
23
47
45
39
27
25
47
46
32
11
-24
-37
-31
-55
-66
-68
-73
-70
-39
-23
-11
-5
-6
-1
8
12
27
34
29
-5
-28
-39
-38
-36
-39
-34
-22
-20
1
8
13
30
36
51
50
49
47
44
37
-3
-24
-49
-72
-69
-84
-78
-61
-55
-36
-21
-4
18
21
31
30
37
43
37
22
-11
-15
-36
-48
-61
-54
-55
-49
-25
-3
20
26
27
33
46
42
38
47
62
54
14
10
-9
-32
-47
-39
-51
-63
-42
-13
9
27
29
40
35
36
29
44
47
29
-13
-22
-33
-51
-70
-63
-66
-69
-59
-42
-22
-3
10
23
35
56
71
76
59
33
11
-21
-38
-50
-59
-71
-61
-49
-35
-28
-14
-7
7
22
33
64
77
65
51
50
29
-2
-30
-49
-64
-75
-78
-57
-61
-60
-30
-6
11
18
45
46
21
40
52
46
37
12
-29
-35
-38
-48
-49
-39
-27
-18
1
-5
9
30
57
80
73
70
66
52
30
3
-36
-47
-46
-52
-52
-62
-53
-34
-18
4
13
24
35
38
54
67
64
66
36
18
-19
-35
-54
-56
-62
-60
-43
-28
-19
-14
-3
30
50
72
80
61
64
54
21
-3
-21
-37
-52
-60
-60
-67
-57
-46
-40
-19
16
31
37
50
60
73
78
62
12
-27
-52
-62
-71
-69
-78
-68
-45
-34
-27
-5
-1
13
41
54
52
57
81
64
36
8
-14
-36
-45
-42
-40
-26
-6
-7
-8
12
43
37
27
32
34
56
68
39
4
-11
-30
-55
-73
-75
-74
-75
-60
-43
-37
-28
1
21
41
61
75
93
90
72
46
22
-1
-31
-56
-68
-68
-50
-36
-36
-31
-16
26
30
28
35
47
62
60
41
4
0
-12
-30
-52
-67
-72
-80
-69
-43
-22
-5
15
27
42
48
52
67
86
65
17
-21
-37
-38
-47
-59
-60
-47
-21
-24
-32
-3
14
31
44
47
50
49
42
22
-24
-34
-34
-48
-64
-58
-56
-54
-44
-14
5
19
30
43
43
47
56
61
66
49
5
-29
-42
-44
-42
-39
-32
-27
-7
-6
0
3
20
37
47
74
73
65
50
30
8
-20
-30
-35
-51
-55
-69
-62
-57
-49
-13
13
28
40
46
64
64
55
51
42
5
-26
-37
-44
-44
-42
-43
-35
-21
-16
-13
-7
21
15
21
37
54
76
54
5
-32
-58
-62
-61
-59
-60
-62
-58
-36
-3
14
24
41
34
25
23
31
42
38
21
-7
-25
-28
-31
-36
-25
-24
-25
-18
-20
-17
19
48
60
72
70
73
64
47
20
-6
-28
-51
-46
-61
-75
-70
-78
-66
-53
-41
-27
-17
5
42
54
68
80
79
64
34
6
-31
-43
-43
-57
-60
-46
-28
-6
7
26
43
48
55
49
50
51
45
46
34
-7
-41
-47
-60
-65
-46
-40
-38
-35
-25
-9
0
19
18
32
45
44
49
30
11
-2
-30
-41
-42
-36
-41
-38
-32
-19
-2
22
36
42
50
55
55
53
55
38
9
-30
-58
-56
-69
-71
-74
-65
-40
-18
-9
-8
7
34
31
29
29
36
41
35
10
-4
-12
-17
-28
-36
-31
-29
-25
-9
1
15
38
50
55
56
72
73
74
66
26
-9
-27
-49
-50
-38
-20
-14
-10
1
-1
9
12
6
9
22
41
53
61
37
9
-20
-40
-50
-54
-57
-47
-35
-25
-14
-3
16
50
69
85
76
66
59
58
27
0
-24
-35
-44
-53
-56
-44
-39
-26
-9
-14
-11
7
15
22
35
54
63
64
45
8
-20
-28
-46
-64
-39
-33
-28
-19
-17
-14
-5
4
23
37
55
64
68
55
12
-25
-45
-68
-83
-80
-69
-58
-47
-34
-23
-13
-9
1
13
35
60
57
59
62
47
23
9
-4
-26
-39
-40
-55
-49
-28
-9
-3
9
23
30
47
65
73
75
54
38
7
-37
-41
-49
-58
-56
-43
-37
-37
-8
-10
-16
-5
0
25
50
52
48
43
20
-2
-19
-34
-57
-67
-60
-47
-24
-4
10
23
36
47
42
66
70
69
54
37
12
-2
-14
-33
-42
-44
-61
-67
-58
-55
-43
-29
-32
-11
18
40
62
70
74
76
61
25
-3
-33
-49
-53
-48
-49
-63
-59
-38
-24
-1
12
26
35
40
40
43
57
46
21
-12
-44
-55
-60
-56
-45
-22
-8
-6
-11
-6
1
38
41
33
43
43
48
27
2
-22
-20
-29
-57
-57
-51
-44
-36
-31
-21
-4
20
25
38
64
74
74
64
13
-13
-32
-43
-57
-72
-63
-46
-35
-29
-25
-30
-32
-6
21
32
46
44
55
69
56
43
10
-15
-36
-57
-61
-67
-66
-50
-49
-40
-24
2
37
48
39
37
42
60
40
2
-8
-19
-9
-9
-29
-54
-57
-44
-44
-30
-7
27
36
44
47
59
58
49
23
-13
-21
-22
-37
-42
-54
-47
-39
-31
-21
-22
9
23
21
41
51
58
64
48
23
-4
-10
-36
-54
-56
-74
-81
-61
-41
-28
-15
2
6
23
38
49
60
79
68
40
18
3
-17
-25
-36
-53
-55
-46
-40
-34
-31
-18
-5
13
27
31
57
72
58
22
-7
-20
-28
-28
-48
-45
-26
-30
-24
-13
-4
-2
16
27
37
45
54
43
38
34
21
8
-22
-45
-61
-55
-51
-53
-44
-31
-18
12
38
30
31
57
74
78
57
28
5
-8
-29
-44
-44
-42
-41
-28
-40
-31
-1
11
26
34
32
52
68
80
68
38
1
-37
-48
-61
-55
-56
-47
-47
-42
-21
-16
0
11
16
38
44
49
49
36
24
11
-6
-7
-14
-27
-47
-54
-58
-39
-5
1
5
23
24
44
54
46
40
45
35
21
-13
-36
-43
-45
-48
-55
-47
-16
-1
0
24
33
41
56
52
53
39
31
10
-22
-46
-52
-72
-78
-86
-84
-91
-81
-64
-47
-41
-28
-3
16
40
58
71
86
52
19
30
49
66
96
109
105
100
110
104
114
153
193
218
231
250
278
310
338
362
372
379
389
391
377
415
462
534
591
647
745
787
764
800
876
1014
1254
1442
1514
1596
1741
1778
1426
706
-357
-1295
-2322
-4144
-6359
-8641
-11426
-15364
-18496
-18197
-13114
-4839
1909
4899
5489
4598
3115
2381
2944
5378
9442
14400
18139
18875
16268
11566
6472
2335
-714
-3060
-4600
-5253
-5248
-4848
-4313
-3758
-3254
-2967
-2794
-2557
-2242
-1894
-1522
-1208
-920
-634
-384
-190
-32
83
160
204
247
232
167
104
33
-12
3
17
48
90
114
143
179
191
176
169
191
209
205
204
210
206
213
190
167
156
153
138
125
119
114
99
74
77
80
88
82
63
31
4
0
-11
-17
-49
-86
-120
-135
-147
-161
-159
-152
-136
-132
-115
-100
-74
-60
-56
-47
-22
3
20
42
34
14
17
10
-4
-16
-21
-31
-19
-10
-7
-1
18
50
68
54
43
42
48
40
7
-25
-48
-70
-83
-66
-55
-63
-65
-56
-46
-42
-29
1
20
33
49
63
78
80
61
42
24
-5
-51
-47
-58
-67
-56
-48
-40
-21
0
9
21
50
45
49
58
53
29
4
-16
-29
-39
-51
-44
-48
-47
-42
-39
-10
5
6
31
61
63
53
62
80
82
77
43
1
-9
-4
11
30
40
39
58
75
107
120
124
135
137
166
170
150
122
89
62
22
15
10
10
19
28
55
71
73
67
54
67
82
103
112
90
55
5
-27
-51
-44
-24
-6
1
13
28
62
87
117
141
157
152
150
126
101
78
44
-25
-98
-138
-137
-134
-165
-170
-134
-70
-2
24
22
-7
-27
-47
-77
-109
-173
-259
-333
-389
-378
-361
-306
-234
-156
-139
-162
-187
-195
-191
-129
-68
-10
0
-35
-72
-73
-91
-124
-182
-208
-177
-163
-216
-281
-333
-377
-318
-201
-114
-57
-8
30
98
215
339
382
305
187
66
-8
5
46
59
50
55
64
52
20
-2
-15
0
26
42
80
99
108
140
178
177
143
135
124
99
95
82
45
41
39
15
0
15
21
22
32
52
53
45
31
2
-20
-37
-47
-44
-36
-30
-28
-17
-5
14
47
75
70
70
65
52
62
60
59
36
-1
-29
-58
-68
-67
-69
-60
-47
-12
5
8
18
10
18
20
37
61
80
94
69
41
8
-22
-25
-22
-29
-14
-7
-14
-12
13
34
54
73
88
89
76
65
56
21
3
-9
-31
-45
-44
-37
-30
-39
-31
-15
-11
-1
19
32
57
82
87
97
102
86
45
6
-18
-18
-17
-18
-29
-39
-24
2
0
7
21
32
51
65
69
60
27
1
-16
-27
-37
-47
-55
-55
-62
-28
-3
10
6
12
38
45
52
61
55
57
52
24
-12
-37
-46
-53
-52
-41
-26
-26
-31
-8
14
24
35
49
56
53
61
60
52
49
23
-14
-27
-35
-44
-47
-60
-71
-47
-28
-26
-15
6
17
49
44
43
47
52
49
17
-1
-26
-44
-51
-65
-72
-76
-52
-33
-10
10
32
59
65
55
72
84
75
38
-4
-23
-28
-29
-37
-44
-48
-48
-30
-11
1
-1
-5
12
28
41
36
42
44
22
1
-42
-59
-58
-63
-52
-46
-24
-11
-4
19
52
57
59
56
48
60
78
79
43
1
-32
-46
-45
-66
-59
-52
-41
-35
-35
-39
-30
-17
14
36
52
63
75
65
38
7
-12
-26
-37
-50
-43
-44
-48
-39
-19
-6
-1
28
36
43
54
74
84
79
43
12
-17
-39
-53
-54
-66
-61
-60
-53
-37
-30
-19
7
13
20
28
48
66
66
44
8
-11
-16
-28
-39
-57
-73
-70
-32
-11
-11
20
46
44
50
57
67
64
59
29
-8
-29
-33
-39
-59
-73
-80
-69
-29
-7
-10
-13
-6
8
35
56
74
63
62
36
-14
-34
-53
-60
-57
-38
-35
-27
-23
-29
-22
7
18
15
23
27
24
20
31
9
-11
-25
-43
-61
-61
-59
-48
-37
-27
-13
0
18
26
25
31
37
46
51
61
16
-17
-35
-53
-66
-40
-41
-51
-42
-37
-26
0
13
24
27
33
43
46
35
28
-10
-23
-41
-55
-73
-63
-48
-39
-25
-16
2
13
18
41
61
72
68
59
57
63
26
1
-34
-61
-79
-82
-77
-72
-55
-43
-28
-5
23
46
45
47
42
41
49
58
31
6
-7
-13
-10
-20
-31
-36
-58
-65
-42
-26
-21
4
34
56
58
51
48
40
27
-13
-33
-38
-50
-56
-67
-68
-57
-39
-11
-5
14
28
42
44
44
59
42
28
22
3
-4
-15
-32
-38
-45
-45
-29
-5
0
3
9
23
53
58
65
62
66
65
34
20
-14
-48
-64
-72
-71
-70
-65
-45
-37
-30
-4
25
33
34
43
53
57
65
37
3
-12
-18
-32
-46
-58
-57
-46
-18
1
12
-5
1
16
44
62
61
67
62
31
2
-11
-29
-42
-53
-62
-55
-48
-43
-27
-28
-4
18
36
58
68
73
78
79
46
4
-26
-37
-40
-45
-48
-51
-35
-16
-16
-19
-4
18
22
36
29
27
44
31
7
-10
-39
-60
-68
-63
-57
-47
-20
0
6
8
27
36
55
75
77
75
59
50
12
-33
-51
-64
-73
-65
-70
-53
-32
-14
-14
-8
-7
12
22
18
19
28
37
36
3
-25
-34
-45
-29
-18
-17
-35
-21
-8
6
18
49
53
55
66
64
72
62
40
11
-13
-45
-53
-69
-88
-90
-78
-51
-37
-29
-10
7
24
34
32
32
49
59
71
47
30
3
-16
-29
-43
-54
-50
-55
-44
-33
-11
13
31
40
51
63
60
50
35
0
-17
-27
-28
-32
-46
-56
-70
-54
-42
-29
-19
-33
-14
19
49
79
78
74
78
61
30
2
-4
-31
-45
-47
-60
-55
-62
-43
-31
-3
4
22
54
63
57
53
65
55
19
-1
-27
-53
-58
-36
-40
-55
-50
-24
-23
-5
22
53
63
58
73
76
65
36
13
1
-23
-57
-75
-76
-62
-63
-52
-36
-19
11
31
37
50
53
63
74
69
38
0
-30
-60
-67
-56
-46
-61
-50
-24
4
13
6
20
34
37
40
48
53
57
18
-14
-35
-49
-58
-66
-63
-56
-52
-31
-5
8
25
51
74
85
76
55
45
47
16
-9
-44
-61
-48
-51
-58
-44
-21
-20
-22
-9
18
36
45
64
78
77
79
77
35
5
-34
-43
-50
-56
-72
-79
-65
-59
-48
-28
-9
14
30
37
33
29
27
30
7
-12
-21
-23
-25
-30
-47
-50
-34
-13
3
3
15
27
39
34
20
41
65
64
45
23
4
-16
-34
-44
-45
-36
-44
-51
-45
-34
1
19
21
13
11
44
73
64
38
-8
-28
-28
-36
-44
-52
-38
-18
-11
-6
-8
-4
13
13
37
58
67
64
58
42
6
-18
-48
-60
-52
-48
-50
-34
-9
-3
10
33
50
63
59
55
70
68
57
17
-15
-14
-15
-29
-28
-30
-42
-59
-58
-43
-30
-13
-3
11
35
47
44
41
40
23
-6
-22
-45
-58
-54
-52
-58
-45
-29
-17
0
19
22
23
39
65
75
75
77
45
21
-11
-25
-45
-55
-39
-28
-26
-24
-25
-14
-8
4
9
35
47
48
58
58
24
7
-19
-39
-62
-59
-63
-67
-57
-55
-35
-16
6
39
51
71
56
52
53
37
4
-6
-27
-33
-45
-38
-42
-59
-68
-50
-41
-21
1
24
29
53
54
45
41
35
24
0
-30
-46
-54
-37
-46
-41
-24
-10
-7
-9
10
51
62
68
76
73
69
42
11
-15
-37
-59
-63
-63
-60
-57
-53
-45
-21
-28
-47
-22
30
59
70
85
77
64
26
-4
-32
-45
-56
-50
-51
-50
-49
-35
-19
3
22
32
28
30
31
34
43
41
15
-19
-36
-31
-27
-52
-57
-51
-42
-16
15
16
17
37
44
56
54
49
47
65
44
7
-30
-51
-54
-73
-73
-65
-62
-48
-38
-30
-24
4
26
41
63
95
97
76
33
5
-6
-14
-26
-44
-52
-61
-50
-36
-45
-43
-22
7
17
37
49
64
95
101
54
7
-7
-13
-43
-43
-41
-60
-63
-41
-12
1
12
16
28
51
51
54
72
56
20
2
-15
-35
-43
-45
-51
-62
-57
-42
-27
-41
-28
-7
14
32
46
67
75
64
30
-3
-19
-44
-47
-43
-44
-60
-51
-34
-33
-21
1
7
13
34
42
62
81
76
32
-4
-29
-29
-13
-25
-35
-48
-49
-34
-22
0
1
2
19
30
39
56
59
49
13
-14
-14
-10
-26
-51
-58
-43
-57
-49
-40
-13
20
36
42
34
38
51
49
35
-2
-14
-30
-38
-40
-58
-43
-37
-31
-16
-7
13
22
26
38
52
63
58
47
43
23
-10
-51
-64
-69
-72
-62
-49
-31
-28
-11
8
17
53
65
62
53
53
51
43
21
-5
-37
-36
-34
-52
-52
-53
-53
-41
-18
-16
1
20
28
40
59
81
74
65
35
-3
-36
-38
-50
-57
-59
-56
-49
-34
-9
2
19
38
49
56
56
80
89
77
48
19
-13
-36
-52
-64
-71
-66
-54
-28
-22
-4
16
22
35
51
76
101
97
64
18
-3
-29
-47
-54
-44
-56
-55
-43
-29
-16
2
18
20
42
73
71
73
79
78
43
11
-18
-39
-44
-48
-61
-89
-72
-54
-61
-51
-38
-20
3
19
31
31
39
46
25
1
-17
-40
-53
-55
-59
-60
-49
-47
-47
-16
10
34
83
121
154
173
180
190
163
145
136
122
136
141
131
133
158
192
222
254
284
333
370
404
441
465
516
581
612
628
662
700
723
744
781
905
1118
1275
1371
1485
1577
1498
1182
771
445
211
-445
-1803
-3444
-5300
-8402
-12858
-17404
-20135
-18944
-13614
-5492
690
4050
5981
6004
5441
4657
3977
4637
6589
10436
15261
18333
18103
14797
9785
4809
1152
-1490
-3444
-4682
-5132
-5135
-4834
-4375
-3819
-3338
-2979
-2696
-2390
-2062
-1713
-1408
-1150
-920
-688
-476
-310
-154
-22
71
135
167
166
145
108
63
35
25
54
117
161
152
143
147
160
164
134
113
99
97
117
141
164
175
165
168
156
145
151
151
156
106
75
76
66
43
19
1
-12
-24
-40
-61
-61
-55
-54
-67
-65
-55
-52
-54
-51
-77
-94
-100
-116
-121
-102
-94
-97
-70
-43
-26
-11
9
24
34
49
49
63
72
60
24
12
-16
-38
-52
-55
-71
-83
-68
-61
-51
-42
-26
-9
5
29
30
31
56
58
32
12
-14
-28
-31
-18
-15
-18
-20
-27
-21
3
47
57
60
76
65
66
64
47
5
-26
-55
-57
-48
-59
-75
-72
-46
-25
-15
-14
-3
7
20
37
33
50
73
61
22
-7
-11
-36
-34
-19
-20
-18
-22
-14
-2
22
49
53
69
81
89
103
93
81
72
55
44
44
54
45
46
43
54
61
84
101
86
79
82
83
98
106
105
100
59
29
-3
-11
-19
-8
1
19
36
27
17
25
36
52
51
59
77
83
59
56
38
30
23
35
34
34
33
17
-16
-31
-40
-59
-106
-85
-49
-39
-36
-23
-6
51
92
105
108
93
33
-41
-116
-171
-204
-251
-313
-359
-383
-370
-336
-268
-178
-94
-37
-39
-105
-173
-188
-158
-120
-76
-46
-54
-80
-89
-81
-108
-155
-154
-120
-76
-84
-152
-189
-217
-260
-228
-161
-88
-23
26
62
118
223
311
284
169
95
37
30
61
70
74
75
86
54
7
-30
-50
-51
-46
-37
-23
7
63
115
161
196
212
229
242
230
225
218
187
133
102
50
12
-5
-34
-74
-99
-86
-78
-94
-98
-87
-81
-64
-65
-65
-41
-27
2
-10
-20
-18
-27
-22
-15
-15
1
28
45
31
32
35
54
56
56
51
47
53
59
27
15
1
-30
-41
-30
-37
-36
-30
-30
-21
6
30
39
56
78
93
100
98
88
63
27
-3
-20
-23
-32
-33
-32
-33
-28
-15
-10
3
22
21
35
54
67
65
43
18
-6
-26
-40
-50
-48
-39
-38
-20
6
26
43
70
81
90
102
101
101
87
78
57
31
7
-15
-48
-58
-52
-50
-36
-27
-27
-33
-15
13
22
47
68
67
69
80
54
11
-20
-10
2
1
-6
-12
-29
-19
-12
2
26
34
41
51
56
55
64
55
18
-32
-47
-64
-74
-64
-51
-51
-39
-10
4
0
11
27
40
59
58
59
62
49
17
-5
-22
-44
-61
-46
-53
-77
-75
-50
-36
-20
13
20
49
67
69
76
76
56
18
-5
-29
-50
-64
-63
-63
-68
-31
-7
5
23
17
22
34
46
53
63
78
65
22
-3
-27
-53
-53
-43
-41
-30
-21
-27
-28
-11
0
10
28
41
45
63
65
36
-1
-31
-58
-62
-58
-51
-60
-59
-51
-36
-26
-7
-5
21
43
54
59
63
65
44
-1
-35
-42
-31
-30
-15
-26
-20
-16
-4
0
7
38
47
47
43
35
41
40
30
11
-26
-37
-48
-80
-77
-69
-68
-53
-23
-5
2
9
18
38
64
72
72
65
48
20
0
-18
-32
-52
-76
-71
-48
-45
-49
-49
-40
-7
-2
4
14
24
44
55
56
14
-26
-28
-32
-44
-51
-30
-10
-4
-8
12
13
11
6
20
32
42
45
47
24
-5
-22
-44
-76
-72
-59
-56
-38
-26
-15
-7
17
54
52
46
49
48
37
42
40
8
-20
-34
-50
-62
-70
-64
-68
-61
-49
-28
-3
20
50
57
60
51
38
45
28
17
10
-20
-34
-57
-49
-48
-43
-34
-42
-33
-15
-9
19
43
62
61
67
70
44
13
-10
-27
-50
-70
-79
-83
-70
-47
-42
-29
-17
-5
10
17
38
55
58
62
53
39
15
-15
-27
-47
-51
-56
-55
-59
-54
-35
-11
22
17
19
41
40
51
52
21
-13
-40
-67
-73
-66
-66
-62
-48
-38
-25
-7
3
1
13
49
61
64
80
89
63
21
-8
-27
-36
-51
-60
-56
-39
-39
-28
-7
1
17
36
48
51
51
48
35
20
6
-2
-13
-21
-29
-36
-31
-25
-31
-22
-11
-8
4
14
33
50
78
84
71
48
-2
-28
-54
-74
-75
-76
-67
-52
-42
-27
-10
4
22
39
60
74
68
62
64
51
14
-23
-38
-29
-40
-46
-47
-42
-22
-8
-8
-11
2
28
48
66
58
54
46
34
15
-13
-40
-59
-62
-54
-56
-54
-51
-40
-25
-9
19
37
27
44
60
81
79
59
42
8
-15
-13
-28
-36
-48
-49
-47
-45
-37
-28
-15
-3
8
33
42
56
71
62
23
-8
-9
-32
-44
-41
-52
-49
-42
-50
-35
-19
-1
5
34
55
66
72
64
52
25
12
5
-11
-32
-46
-52
-63
-68
-48
-33
-24
-11
10
43
51
49
62
68
49
15
-1
-23
-48
-62
-54
-59
-49
-34
-31
-43
-22
-3
6
35
51
59
60
60
48
20
-1
-21
-40
-50
-65
-68
-60
-41
-22
-10
-4
1
15
27
38
48
48
61
65
38
19
-8
-23
-48
-53
-58
-58
-42
-39
-26
-11
6
29
48
55
50
65
70
39
14
-7
-34
-53
-72
-59
-26
-20
-26
-32
-16
-5
21
28
25
29
41
61
85
77
35
8
-8
-34
-41
-42
-56
-67
-65
-56
-37
-8
19
35
45
61
68
73
66
50
8
-30
-43
-44
-48
-42
-53
-63
-36
-13
-10
-11
13
41
56
71
78
72
52
37
3
-37
-63
-90
-93
-73
-65
-66
-52
-32
-21
-2
33
50
57
67
66
67
63
56
30
1
-43
-76
-66
-61
-62
-64
-59
-27
-6
-2
4
24
43
62
72
63
58
50
25
4
-18
-43
-57
-60
-58
-51
-43
-44
-40
1
29
48
41
49
52
52
49
38
26
19
-19
-43
-51
-46
-53
-61
-50
-44
-34
-27
-26
-8
26
47
55
65
72
52
13
-4
-26
-44
-51
-40
-52
-45
-11
4
9
12
30
40
49
51
45
41
36
47
33
-4
-23
-34
-62
-51
-59
-47
-35
-19
0
6
11
28
46
52
51
63
56
41
27
-3
-20
-30
-57
-50
-43
-37
-43
-41
-5
19
46
51
45
39
27
37
43
35
3
-19
-28
-38
-42
-28
-22
-19
-30
-26
-18
-11
-4
8
17
22
37
47
58
54
21
-11
-34
-54
-65
-69
-47
-34
-29
-12
-3
29
64
73
67
56
72
78
72
68
37
12
-13
-34
-55
-69
-67
-69
-65
-52
-43
-37
-28
-14
15
44
65
69
85
78
35
-1
-22
-25
-38
-52
-41
-30
-30
-34
-19
3
21
27
35
48
61
57
64
45
19
7
-22
-35
-43
-42
-43
-49
-47
-30
-12
-10
-5
2
15
36
44
62
65
53
23
2
-4
-27
-53
-66
-63
-51
-40
-25
-25
-6
15
13
16
37
46
65
78
63
24
-6
-17
-30
-30
-35
-48
-44
-52
-48
-35
-18
0
17
33
52
57
60
53
42
27
-8
-35
-70
-72
-51
-43
-34
-36
-37
-28
-4
20
10
29
53
67
59
44
30
8
-7
-25
-26
-24
-51
-78
-83
-70
-40
-21
-14
-1
24
31
40
47
60
57
51
34
8
-21
-39
-50
-40
-36
-39
-31
-24
-15
1
13
23
21
20
51
60
68
79
43
29
5
-21
-48
-59
-64
-64
-51
-18
-23
-29
-25
-2
28
52
76
80
80
72
28
-10
-34
-49
-70
-68
-64
-69
-52
-35
-14
-3
10
15
15
32
50
55
64
62
16
-23
-29
-30
-41
-53
-58
-39
-26
-20
-9
4
17
33
47
63
69
64
71
52
24
-8
-34
-56
-63
-61
-69
-68
-46
-26
-16
-27
5
21
50
63
61
67
73
64
37
1
-25
-28
-43
-58
-66
-44
-27
-24
-20
-11
15
20
29
46
47
45
45
41
22
-14
-46
-68
-67
-49
-52
-45
-26
-9
-6
15
36
38
57
52
44
64
68
41
2
-29
-47
-66
-77
-82
-92
-91
-82
-58
-41
-16
-12
16
52
72
68
51
50
36
15
1
-20
-18
-26
-38
-31
-12
-17
-17
-13
2
23
42
48
50
64
65
53
29
8
-17
-38
-48
-56
-73
-61
-43
-22
-31
-26
-15
2
21
49
67
62
58
39
12
-8
-17
-30
-35
-66
-65
-67
-61
-45
-35
-14
12
24
30
42
59
73
71
62
48
17
-27
-42
-47
-52
-59
-59
-44
-31
-27
-15
-6
6
25
45
58
61
59
62
51
13
-16
-33
-38
-49
-52
-52
-38
-19
12
10
23
65
79
69
56
61
70
63
43
10
-13
-33
-45
-47
-44
-48
-47
-37
-6
8
5
14
33
39
54
58
38
25
16
-17
-48
-70
-86
-76
-54
-46
-48
-27
-6
4
36
63
70
82
88
86
69
63
45
7
-8
-23
-46
-52
-61
-74
-82
-69
-51
-36
-33
-18
11
25
35
56
67
79
54
9
-6
-17
-37
-50
-59
-68
-65
-58
-51
-63
-59
-36
-5
15
28
33
38
57
61
25
1
-20
-31
-37
-44
-54
-37
1
21
48
72
87
121
167
191
179
171
179
192
214
201
168
170
176
188
186
234
278
321
355
383
435
477
513
570
633
698
756
770
773
763
789
968
1174
1292
1427
1585
1640
1447
1024
540
274
23
-1044
-2583
-4018
-6138
-9496
-13617
-16878
-17085
-12974
-7224
-2189
1090
3074
3477
3039
2842
2725
3323
5050
8452
13035
16564
16928
13989
9265
4566
969
-1149
-2442
-3376
-3958
-4151
-4057
-3721
-3260
-2761
-2339
-2032
-1769
-1525
-1282
-1049
-821
-615
-442
-300
-171
-70
8
77
126
154
159
143
105
65
29
18
34
50
86
112
125
137
142
131
113
119
112
103
96
89
76
69
64
76
80
77
88
101
111
113
98
109
117
79
31
-4
-36
-57
-69
-70
-93
-92
-73
-74
-67
-57
-57
-66
-72
-42
-10
-1
10
11
-10
-29
-34
-47
-62
-49
-43
-41
-16
10
23
39
55
68
72
81
87
86
77
48
19
-4
-8
-26
-38
-31
-39
-36
-31
-33
-22
-13
4
27
49
57
49
64
77
64
38
9
-3
-18
-21
-20
-28
-23
-27
-23
-3
15
21
17
34
45
57
76
72
49
34
17
3
-3
-17
-34
-56
-60
-63
-50
-27
-13
16
50
67
52
56
66
77
58
22
-11
-23
-9
-22
-52
-41
-38
-24
6
29
34
36
60
87
108
136
161
172
160
139
132
101
70
54
56
72
83
65
49
45
46
50
85
90
89
85
86
92
82
49
23
10
3
-10
-34
-55
-86
-81
-43
-23
-8
12
33
42
73
85
108
144
140
114
89
63
18
-37
-89
-125
-157
-165
-177
-170
-158
-131
-110
-73
-13
33
80
120
85
8
-54
-114
-164
-211
-247
-298
-346
-342
-307
-264
-224
-151
-78
-28
-18
-60
-89
-75
-55
-69
-82
-85
-105
-148
-157
-162
-188
-207
-197
-151
-101
-111
-166
-210
-226
-197
-121
-46
17
58
69
82
133
237
302
258
172
86
39
46
67
72
61
58
80
75
55
28
8
-12
-34
-43
-24
13
63
110
153
164
169
155
168
175
176
171
145
123
104
78
32
-15
-48
-77
-97
-113
-127
-133
-123
-110
-105
-96
-88
-72
-28
6
17
31
49
59
44
24
7
0
0
7
16
24
19
24
14
35
56
55
43
41
48
52
49
43
12
-29
-44
-66
-53
-62
-73
-68
-46
-42
-34
-7
9
32
70
96
94
88
85
88
73
59
41
26
16
-4
-15
-22
-21
-17
-10
6
32
46
49
52
57
62
52
34
20
4
-20
-38
-58
-58
-41
-38
-27
-28
-6
10
11
24
33
54
77
92
96
95
69
30
-5
-14
-17
-28
-28
-39
-54
-41
-27
-13
8
30
21
43
54
52
52
50
43
17
4
-11
-35
-58
-47
-28
-40
-41
-28
-24
0
33
47
64
70
70
79
83
65
18
-5
-25
-51
-57
-72
-71
-58
-31
-18
-21
-6
5
20
32
25
33
43
60
41
27
14
-17
-25
-25
-35
-45
-44
-26
-15
-9
-3
16
30
47
49
38
36
37
19
-3
-18
-38
-61
-71
-61
-61
-57
-42
-35
-29
-4
14
39
57
62
60
68
83
67
45
0
-34
-34
-34
-51
-75
-43
-19
-11
-3
-4
9
22
15
24
18
20
20
19
-3
-34
-48
-54
-43
-41
-42
-38
-12
16
21
32
52
67
79
62
59
70
60
37
6
-20
-34
-51
-71
-86
-82
-72
-67
-54
-38
-22
0
29
51
56
60
54
47
22
-9
-26
-25
-30
-34
-44
-46
-51
-53
-44
-25
6
21
31
37
39
54
56
52
39
3
-25
-36
-47
-48
-38
-34
-36
-42
-32
-16
-9
10
26
34
47
59
57
62
54
6
-9
-8
-10
-32
-52
-66
-66
-63
-42
-27
6
18
12
27
47
65
64
68
51
21
6
0
-22
-58
-55
-32
-19
-22
-39
-55
-60
-35
-7
9
30
36
37
52
36
6
-12
-34
-37
-50
-54
-46
-46
-32
-32
-21
-3
18
13
26
52
57
54
51
42
20
-15
-45
-56
-49
-54
-63
-56
-54
-49
-40
-35
-10
21
24
30
34
49
53
42
30
5
-18
-45
-50
-54
-47
-36
-37
-25
3
25
53
61
76
72
64
70
56
40
6
-25
-30
-54
-69
-73
-72
-62
-60
-43
-32
-34
-19
-5
7
27
45
71
71
36
0
-21
-37
-51
-59
-65
-60
-42
-28
-23
-18
-10
3
25
55
56
61
45
37
19
-7
-9
-27
-44
-50
-38
-42
-44
-41
-30
-30
-25
-12
23
39
54
59
58
49
31
22
0
-26
-41
-60
-65
-46
-30
-29
-19
-8
9
20
37
44
57
57
64
72
52
1
-30
-41
-30
-29
-33
-47
-49
-32
-22
-27
-15
15
34
38
50
53
40
34
11
-5
-14
-30
-45
-52
-41
-22
-27
-20
-15
-5
23
62
48
42
48
47
45
62
45
10
-22
-42
-46
-48
-38
-39
-47
-41
-32
-28
-30
-20
0
35
49
52
67
73
46
7
-29
-33
-49
-56
-46
-45
-43
-29
-13
-26
2
22
21
42
48
43
49
43
25
15
12
-1
-13
-27
-50
-66
-69
-51
-29
-13
1
9
22
40
60
65
67
60
33
8
-4
-27
-53
-63
-72
-65
-51
-43
-34
-31
2
22
39
47
34
52
67
71
56
26
-1
-23
-32
-46
-44
-31
-29
-38
-42
-29
-14
18
47
37
45
66
60
56
35
10
-24
-42
-59
-79
-82
-78
-68
-62
-56
-34
-12
7
31
40
44
55
58
57
35
19
1
-12
-22
-45
-42
-29
-13
-19
-14
-9
-10
10
21
39
55
58
69
76
64
34
-6
-32
-58
-58
-58
-58
-58
-59
-31
-5
8
35
51
69
73
69
62
53
34
2
-19
-21
-38
-41
-40
-58
-48
-43
-25
-21
-25
-9
11
41
50
58
68
70
44
9
-26
-41
-44
-29
-16
-24
-40
-45
-44
-35
-1
20
29
66
75
69
60
46
33
-6
-30
-44
-47
-44
-42
-45
-36
-26
-29
-16
11
24
27
31
28
32
29
41
22
-8
-36
-55
-52
-37
-24
-19
-14
-16
-19
-15
9
31
36
47
46
61
72
62
27
-24
-46
-53
-48
-53
-58
-64
-59
-27
-9
-7
-7
5
18
21
23
29
33
49
28
11
-19
-44
-55
-66
-57
-44
-43
-38
-29
6
33
60
80
84
63
56
67
63
41
23
-13
-30
-42
-56
-59
-66
-62
-49
-34
-37
-37
-14
1
4
18
33
48
46
25
4
-7
-19
-23
-30
-51
-34
-18
-9
3
-1
17
48
66
77
76
84
89
70
24
-13
-46
-55
-60
-67
-71
-67
-72
-70
-48
-29
-15
8
19
27
21
41
63
70
57
15
-17
-32
-27
-24
-23
-28
-31
-11
7
19
38
68
87
96
86
76
58
48
36
2
-19
-44
-68
-71
-59
-54
-58
-34
-13
-15
-19
7
32
40
58
74
74
81
56
19
-17
-39
-50
-53
-31
-19
-10
-14
-19
-14
32
57
49
47
49
41
22
26
2
-28
-34
-42
-41
-41
-35
-40
-34
-23
-11
-5
15
30
32
46
52
53
55
66
46
20
-15
-42
-57
-58
-63
-60
-47
-36
-24
-13
8
22
19
29
49
56
50
33
23
8
-2
-16
-31
-50
-49
-54
-46
-34
-23
-4
12
32
35
54
57
53
59
44
13
-17
-37
-38
-46
-50
-63
-65
-46
-39
-28
-16
12
38
55
65
52
41
42
40
22
-18
-42
-60
-46
-47
-61
-62
-42
-12
4
-5
-15
0
14
26
32
45
59
66
53
24
-16
-42
-43
-48
-59
-50
-43
-39
-26
-20
5
14
20
25
36
55
63
56
19
-12
-25
-39
-49
-64
-63
-51
-41
-25
-7
-5
7
33
60
72
50
48
56
73
52
15
-30
-44
-53
-64
-57
-53
-31
-10
-1
15
11
22
35
41
40
56
65
86
61
21
-17
-51
-54
-66
-55
-51
-60
-44
-30
-12
-8
15
32
32
44
44
45
42
21
-4
-34
-41
-49
-46
-52
-59
-64
-58
-54
-39
-17
2
24
50
68
81
73
54
30
4
-16
-38
-44
-38
-28
-28
-38
-51
-48
-46
-36
-15
8
31
45
60
85
91
44
-9
-31
-45
-50
-36
-46
-55
-30
-16
-13
-9
4
5
16
31
44
42
37
30
22
4
-16
-42
-59
-60
-72
-57
-44
-29
-35
-23
0
31
59
68
67
69
71
62
32
19
-13
-35
-46
-34
-52
-61
-43
-28
-37
-25
-2
17
23
22
16
30
50
59
33
11
-22
-49
-50
-41
-42
-47
-34
-24
-11
12
9
22
24
27
38
43
44
51
30
2
-32
-46
-60
-60
-59
-50
-44
-30
-10
14
48
68
59
36
27
30
28
13
-10
-17
-12
-9
-11
-28
-39
-36
-23
-32
-20
-9
-6
-2
31
51
56
48
32
24
11
-14
-38
-38
-55
-58
-45
-38
-34
-27
-14
-8
17
37
25
31
37
43
50
55
32
-2
-20
-36
-43
-41
-49
-52
-47
-20
2
13
26
47
49
61
69
59
59
54
24
-10
-33
-50
-79
-71
-51
-40
-21
-5
-8
-6
35
45
65
70
67
71
57
36
17
-9
-34
-51
-66
-79
-72
-73
-70
-56
-46
-36
-9
24
36
62
83
79
71
70
43
23
16
-6
-16
-11
-22
-35
-42
-36
-31
-28
-9
-3
10
26
40
39
43
30
2
-4
-24
-37
-46
-57
-50
-65
-60
-47
-35
-20
-8
-7
4
24
42
47
67
61
10
-17
-44
-62
-66
-66
-61
-55
-25
7
30
62
84
111
141
164
171
175
192
185
185
186
168
157
152
148
149
155
195
264
332
371
376
412
481
550
619
671
712
753
740
715
709
725
844
1059
1189
1317
1512
1680
1643
1367
887
474
94
-956
-2655
-4167
-6083
-8965
-12168
-14446
-14120
-10913
-7666
-3946
310
2843
2870
1919
1201
1035
2262
4995
9205
13446
15632
14619
11069
6609
2808
149
-1319
-2136
-2725
-3159
-3344
-3252
-2930
-2478
-2047
-1666
-1391
-1190
-1051
-896
-694
-511
-376
-252
-165
-58
43
91
124
167
191
169
147
119
79
46
30
35
48
79
124
153
169
175
166
139
116
99
84
78
87
75
70
78
74
78
84
79
81
97
107
106
90
81
51
25
-10
-35
-52
-70
-61
-77
-77
-60
-56
-62
-64
-46
-32
-18
8
26
48
36
-9
-49
-61
-54
-52
-30
-27
-10
2
8
16
43
60
67
72
86
94
97
92
74
49
18
-17
-33
-50
-48
-68
-73
-63
-55
-32
-16
-13
-3
19
28
28
33
40
41
42
25
6
-12
-16
-19
-31
-32
-32
-19
4
16
23
30
45
56
56
69
87
85
66
40
-2
-33
-40
-46
-37
-27
-25
-27
-24
-26
-31
-8
32
43
48
43
44
66
44
-1
-32
-33
-36
-37
-44
-32
-18
-7
7
15
35
63
85
94
106
112
122
128
107
79
69
56
36
37
47
54
36
30
34
58
73
74
80
84
98
105
106
109
73
36
11
13
17
12
4
1
7
0
-25
-22
-7
21
38
51
52
63
82
96
73
50
46
48
34
12
-39
-89
-107
-135
-172
-192
-189
-167
-133
-102
-76
-26
52
112
129
85
26
-9
-72
-125
-180
-251
-306
-347
-348
-327
-260
-199
-152
-79
-26
-28
-67
-107
-140
-138
-110
-84
-85
-112
-162
-173
-152
-160
-180
-175
-138
-103
-108
-159
-198
-216
-179
-108
-56
-15
27
32
57
119
218
314
300
197
106
46
76
114
111
96
71
61
43
22
-37
-73
-69
-62
-62
-47
-18
34
86
148
174
198
209
208
226
249
233
220
187
135
73
19
-30
-66
-81
-100
-106
-111
-116
-111
-116
-111
-99
-81
-60
-33
-24
-2
34
54
23
18
17
9
11
4
-4
2
22
38
44
53
48
51
55
49
37
47
42
33
19
-6
-19
-36
-50
-65
-69
-58
-56
-60
-46
-27
6
32
57
86
96
95
75
62
51
20
-7
-12
-22
-19
-10
-5
10
14
13
3
4
13
35
57
75
83
76
83
64
26
3
-21
-57
-59
-50
-47
-49
-24
-3
4
17
28
54
74
77
99
94
80
64
39
18
-5
-20
-32
-29
-33
-56
-31
-22
-9
12
31
45
58
56
56
49
58
29
-14
-29
-29
-39
-36
-38
-17
1
3
2
6
34
41
47
64
63
41
32
26
12
-3
-29
-54
-64
-71
-72
-65
-45
-15
-14
-18
-5
21
40
48
63
62
71
67
42
21
-12
-36
-48
-55
-67
-77
-59
-41
-28
-5
24
45
68
83
71
64
67
52
8
-26
-47
-57
-65
-66
-70
-67
-76
-68
-37
-1
14
20
37
35
42
43
66
68
45
24
-20
-35
-35
-37
-46
-45
-24
-1
17
13
23
28
28
43
52
52
60
44
23
-4
-33
-45
-58
-49
-64
-63
-56
-25
3
1
3
33
37
42
34
37
30
23
5
-6
-18
-28
-29
-35
-40
-40
-40
-24
-1
21
28
32
42
49
56
69
65
51
16
-22
-38
-50
-67
-74
-66
-50
-33
-9
14
-2
-9
9
21
37
56
73
80
72
39
2
-29
-56
-69
-74
-75
-68
-59
-40
-35
-7
34
51
54
43
39
45
52
42
21
0
-3
-12
-39
-44
-58
-66
-50
-24
-13
-9
3
6
21
44
58
64
64
59
21
-12
-33
-51
-67
-76
-75
-79
-77
-67
-66
-52
-12
15
31
35
49
62
80
75
58
37
9
-12
-36
-45
-51
-50
-45
-38
-19
-9
-5
15
22
36
35
30
39
30
15
5
-17
-37
-64
-77
-93
-88
-63
-47
-39
-13
5
21
35
49
51
70
68
57
29
2
-30
-58
-49
-35
-42
-59
-36
-25
-6
4
-3
6
21
24
20
37
35
36
28
0
-19
-29
-35
-36
-37
-30
-22
-28
-10
-3
14
12
17
19
28
45
52
43
17
-16
-40
-48
-51
-65
-59
-59
-63
-63
-40
-15
2
26
32
32
43
61
60
71
41
7
-23
-46
-58
-72
-71
-72
-50
-19
-8
1
23
37
35
38
54
60
58
55
13
-1
-4
-15
-25
-51
-61
-53
-36
-20
-25
-29
-23
2
25
63
71
67
63
77
47
6
-22
-44
-54
-50
-44
-45
-31
-26
-24
-33
-18
11
28
42
57
74
69
47
34
16
-17
-42
-58
-51
-35
-27
-21
-13
-19
-26
-11
11
21
34
48
52
54
50
20
-25
-38
-47
-73
-68
-63
-51
-28
-24
-18
-20
16
32
51
71
78
73
67
36
-1
-33
-41
-38
-43
-51
-55
-51
-39
-13
-8
-15
-13
6
36
49
57
84
94
77
31
0
-29
-46
-56
-61
-63
-55
-53
-46
-41
-14
13
24
37
46
53
69
64
51
23
10
2
-12
-22
-34
-56
-54
-53
-41
-22
-8
-11
1
44
67
69
65
58
53
24
-5
-15
-25
-35
-45
-55
-49
-29
-35
-50
-38
-9
8
36
41
46
52
54
52
27
-1
-19
-29
-50
-56
-44
-34
-24
-30
-17
-3
10
22
23
31
39
45
38
29
15
-15
-43
-45
-55
-65
-64
-67
-58
-36
-8
15
40
57
69
63
61
75
75
58
31
8
-10
-30
-49
-67
-67
-79
-85
-54
-14
9
16
40
56
59
67
71
57
49
23
-20
-46
-52
-55
-42
-33
-35
-37
-11
15
18
47
50
55
62
63
52
24
8
-17
-31
-32
-37
-55
-66
-58
-46
-32
-30
-19
-6
3
17
40
56
58
54
49
39
-1
-43
-71
-78
-66
-59
-48
-43
-36
-26
-21
-8
17
29
53
54
45
56
61
64
28
-7
-35
-57
-65
-61
-50
-49
-34
-10
-10
-10
-7
13
23
29
48
47
60
43
12
-11
-39
-47
-42
-48
-54
-38
-31
-24
-10
1
7
24
42
58
61
77
71
48
33
15
2
-18
-29
-41
-49
-45
-42
-43
-33
-30
-12
24
46
62
61
63
65
58
35
11
-19
-42
-58
-57
-57
-50
-40
-41
-22
-4
27
39
46
55
46
46
40
28
11
-24
-44
-49
-51
-53
-52
-46
-40
-16
-1
-2
-1
18
32
38
50
64
56
41
2
-27
-41
-40
-62
-71
-62
-50
-44
-33
-17
-6
21
37
49
62
74
91
77
54
28
11
-5
-38
-59
-77
-75
-64
-45
-24
-12
-7
6
22
35
41
69
78
74
64
36
25
7
-4
-26
-34
-28
-28
-35
-35
-27
-7
20
38
31
28
41
59
54
36
0
-21
-33
-34
-32
-45
-32
-27
-27
-26
-18
1
8
24
37
53
55
54
65
59
18
-10
-38
-38
-46
-38
-40
-49
-55
-44
-38
-15
28
54
42
33
31
31
26
29
21
-4
-16
-37
-52
-46
-39
-35
-32
-28
-8
3
0
14
24
35
55
80
63
34
15
0
-10
-17
-22
-34
-60
-57
-39
-33
-32
-14
39
54
55
60
60
67
57
34
1
-37
-49
-40
-28
-45
-53
-42
-43
-37
-18
-13
6
19
35
36
36
48
55
42
1
-28
-51
-63
-64
-56
-45
-38
-26
-18
0
15
41
57
65
57
73
87
79
63
33
2
-23
-27
-30
-52
-67
-72
-69
-70
-54
-40
-31
12
24
32
52
66
69
65
20
-5
-35
-46
-48
-43
-47
-54
-40
-14
-3
-8
5
31
42
40
30
37
50
43
16
-16
-34
-30
-43
-57
-61
-55
-39
-24
-22
-22
-11
24
43
50
46
56
71
48
0
-23
-49
-47
-35
-32
-35
-26
-18
-19
-9
-19
9
22
39
54
59
56
42
20
-3
-23
-31
-39
-40
-35
-44
-45
-31
-19
-12
-5
15
32
46
55
63
72
70
56
22
-13
-27
-39
-59
-62
-58
-51
-54
-55
-46
-23
-3
6
36
45
32
37
31
32
6
-14
-24
-27
-40
-57
-57
-21
-2
16
1
-7
-14
-3
24
43
48
53
55
59
13
-25
-59
-74
-72
-63
-51
-30
-18
-19
-19
-19
2
28
36
37
52
60
62
42
11
-4
-26
-45
-56
-70
-66
-67
-60
-41
-22
-8
8
31
53
64
80
76
68
55
12
-11
-28
-45
-52
-45
-44
-44
-39
-37
-2
9
19
30
36
32
32
40
36
22
0
-25
-39
-44
-52
-43
-20
-21
-24
-25
-11
-9
-8
7
19
31
41
38
41
36
8
-23
-53
-61
-68
-65
-54
-49
-38
-9
-8
-14
13
20
29
61
79
81
75
61
35
19
1
-29
-36
-42
-58
-70
-66
-35
-8
-3
-4
16
47
68
79
87
73
61
22
-4
-14
-26
-45
-49
-35
-22
-23
-29
-28
-25
8
12
19
28
23
25
36
50
39
15
-17
-22
-14
-14
-24
-37
-24
-16
-9
-3
24
46
50
36
37
41
48
37
7
-7
-31
-58
-55
-52
-67
-65
-44
-26
-6
14
24
31
42
43
46
37
37
32
10
-15
-52
-74
-70
-51
-59
-54
-38
-39
-29
-16
-13
-10
3
12
28
53
74
86
82
76
64
72
86
92
76
71
85
123
174
195
212
233
250
269
295
355
408
431
441
433
436
480
512
547
584
649
721
724
697
691
726
881
1133
1319
1464
1654
1779
1710
1336
782
75
-929
-2039
-3548
-5423
-7928
-11149
-14356
-16815
-16344
-12083
-4969
915
4478
5275
3637
1841
934
737
2122
5337
10089
15081
17813
17069
13298
8535
4259
1190
-1073
-2882
-4057
-4516
-4434
-4048
-3555
-3046
-2644
-2447
-2342
-2153
-1847
-1528
-1219
-949
-695
-477
-288
-137
-3
120
182
192
180
161
129
72
32
-9
-5
42
89
101
108
108
107
119
133
120
119
146
165
165
172
174
169
183
177
165
131
76
53
58
73
62
66
76
68
67
79
75
60
32
24
5
-16
-27
-51
-103
-121
-127
-151
-153
-133
-127
-129
-99
-84
-63
-45
-51
-38
-30
-2
10
35
61
70
41
8
-13
-16
-12
-14
-23
-29
-8
-14
-3
9
25
10
-4
0
0
21
22
12
1
-22
-25
-47
-59
-47
-51
-52
-37
-18
-2
4
9
20
48
67
68
75
83
75
34
6
-5
-23
-62
-84
-81
-79
-68
-60
-34
-9
19
28
47
51
48
62
58
39
29
17
-13
-33
-27
-37
-47
-42
-25
1
20
30
17
22
42
38
43
61
66
68
46
21
-13
-23
-34
-30
-9
16
36
59
78
108
126
146
171
180
198
193
181
158
129
93
56
28
14
12
22
15
7
12
19
9
7
29
58
96
110
85
54
48
9
-32
-55
-45
-36
-26
-5
23
29
47
77
113
157
176
176
158
116
71
29
-38
-104
-150
-163
-157
-168
-170
-133
-67
27
81
67
-5
-48
-85
-105
-119
-176
-238
-306
-360
-384
-380
-334
-245
-164
-125
-149
-175
-172
-160
-120
-67
-9
-5
-31
-49
-32
-37
-83
-147
-187
-167
-157
-209
-287
-348
-380
-332
-237
-133
-76
-39
-3
55
160
295
365
333
227
116
29
18
47
70
77
77
65
60
35
12
-9
4
18
30
69
91
113
133
145
150
126
116
112
94
77
72
77
73
33
0
-12
-9
-2
12
26
32
28
39
54
50
15
-3
-27
-40
-38
-43
-32
-24
-11
-10
1
32
55
57
57
66
67
77
62
43
20
-11
-40
-56
-79
-88
-57
-38
-36
-41
-19
5
24
36
59
66
75
90
93
76
55
31
8
-4
-12
-6
-1
-1
-15
-26
-20
12
35
49
59
74
79
68
47
20
9
-8
-33
-46
-58
-64
-50
-31
-5
12
16
21
33
43
62
80
83
80
69
45
14
-14
-19
-22
-29
-29
-35
-37
-44
-16
7
17
35
50
58
61
74
80
55
38
10
-12
-10
-20
-43
-55
-48
-36
-30
-18
-11
-16
0
35
59
59
66
70
79
70
40
13
-2
-21
-45
-48
-64
-79
-70
-56
-51
-33
-9
-6
9
20
33
53
55
48
42
25
-5
-24
-18
-25
-31
-44
-38
-34
-35
-20
7
24
41
50
58
64
96
79
22
3
-20
-34
-43
-45
-53
-55
-54
-32
-14
2
16
33
47
53
55
65
61
54
15
-20
-43
-43
-39
-43
-48
-47
-42
-31
-23
-14
-6
12
16
24
28
45
54
32
20
-3
-36
-50
-62
-48
-45
-34
-31
-28
-4
7
30
52
62
62
50
64
59
28
13
5
-6
-25
-52
-73
-62
-56
-40
-23
-22
-14
-1
14
18
16
29
35
32
27
12
-4
-16
-34
-53
-44
-37
-24
-11
-6
-9
12
42
50
53
53
54
60
57
55
18
-17
-34
-52
-62
-67
-64
-70
-60
-32
-19
-22
-18
-4
9
18
47
58
71
70
32
4
-26
-31
-31
-34
-40
-39
-36
-42
-38
-15
12
24
44
65
80
78
79
60
16
-22
-53
-47
-47
-55
-62
-60
-32
-18
-8
-1
4
7
7
30
45
44
56
38
1
-13
-17
-29
-51
-64
-68
-55
-32
-19
-6
19
31
40
21
25
29
45
40
9
-7
-16
-30
-59
-57
-48
-44
-49
-54
-49
-19
-4
19
38
54
61
53
54
41
30
12
-12
-36
-58
-51
-42
-48
-46
-40
-20
4
7
6
8
30
42
33
54
57
43
20
-15
-27
-33
-63
-78
-77
-77
-66
-37
2
17
33
54
53
36
40
60
63
55
27
-13
-44
-44
-37
-33
-39
-43
-47
-41
-41
-34
-16
6
28
47
63
58
42
26
0
-24
-32
-41
-52
-43
-40
-44
-35
-23
-19
-18
-2
23
33
48
69
65
62
45
14
-9
-14
-19
-46
-67
-70
-62
-56
-27
-14
-6
16
31
34
51
53
53
49
37
24
10
-13
-21
-44
-74
-93
-72
-35
-12
0
-4
17
35
42
60
78
78
80
61
17
-25
-42
-41
-29
-31
-45
-56
-43
-30
-25
-26
10
30
49
50
49
57
56
41
16
-11
-20
-38
-57
-45
-48
-51
-39
-30
-9
4
12
20
35
40
40
55
77
61
18
-13
-35
-41
-42
-55
-66
-58
-49
-43
-17
10
32
41
54
51
59
53
44
34
6
-28
-40
-50
-41
-30
-36
-36
-42
-38
-26
2
16
27
31
42
59
68
68
52
15
-12
-36
-50
-58
-74
-77
-66
-42
-23
-5
23
42
47
54
48
45
48
50
34
4
-16
-27
-45
-56
-58
-48
-45
-35
-37
-30
-11
-11
12
34
53
58
64
76
62
24
-12
-34
-38
-62
-70
-53
-34
-33
-31
-15
3
14
15
31
52
69
64
63
48
30
0
-31
-40
-64
-69
-56
-34
-18
-8
-2
2
15
24
38
50
46
52
62
43
17
-10
-36
-53
-68
-74
-61
-62
-69
-59
-41
-35
-8
24
38
55
45
50
57
57
58
25
-8
-36
-46
-28
-30
-27
-21
-9
0
3
18
21
15
31
54
61
50
27
-22
-59
-73
-90
-80
-63
-44
-27
-23
-8
20
37
50
47
52
64
74
61
48
28
1
-4
-14
-24
-32
-32
-29
-37
-32
-16
-18
-19
3
36
54
55
49
40
45
35
1
-21
-55
-78
-52
-51
-64
-61
-56
-55
-41
-8
6
21
42
45
54
66
72
48
15
11
-3
-19
-38
-49
-46
-50
-46
-40
-17
1
21
49
54
49
35
49
57
17
-6
-22
-37
-40
-57
-69
-70
-61
-51
-39
-25
0
16
26
39
46
44
61
71
59
34
3
-27
-41
-55
-34
-35
-29
-29
-21
1
-10
-1
11
25
29
19
33
42
34
5
-23
-39
-49
-52
-48
-50
-54
-60
-28
-9
15
40
48
42
37
48
58
42
31
12
-4
-22
-29
-44
-55
-47
-39
-28
-5
6
5
33
53
60
60
67
74
68
49
17
-20
-48
-66
-61
-70
-72
-60
-45
-37
-39
-9
30
39
42
47
76
86
79
29
-9
-15
-20
-42
-62
-49
-24
-21
-4
6
22
36
47
43
38
28
28
44
69
43
-12
-38
-59
-70
-77
-65
-47
-46
-42
-39
-34
-11
17
38
52
62
81
88
92
56
8
-6
-19
-36
-57
-60
-59
-65
-46
-27
-16
-11
-4
19
35
51
60
78
89
64
30
1
-11
-35
-49
-62
-71
-61
-22
3
14
21
25
25
24
29
37
61
66
40
18
-6
-27
-52
-71
-74
-59
-40
-26
-19
-19
-15
16
41
72
76
48
38
57
36
0
-33
-44
-50
-47
-58
-65
-51
-51
-39
-19
-2
17
29
42
32
44
67
72
60
16
-11
-38
-48
-53
-65
-51
-33
-20
1
4
10
12
20
49
60
59
62
48
27
0
-23
-40
-51
-55
-65
-80
-60
-53
-28
-10
6
15
31
46
53
64
68
81
52
6
-26
-39
-48
-64
-57
-41
-55
-52
-36
-16
5
21
27
39
55
61
60
54
27
0
-29
-45
-55
-70
-76
-65
-45
-25
-11
7
22
34
46
58
56
51
45
49
27
-8
-30
-33
-34
-24
-33
-51
-51
-28
-30
-28
-23
15
37
42
38
48
47
53
32
-11
-40
-45
-59
-65
-51
-48
-35
-11
-14
-10
2
23
44
67
72
68
59
56
51
31
-3
-30
-59
-67
-68
-61
-39
-23
-26
-23
-21
4
21
43
56
49
56
78
63
19
1
-6
-33
-52
-56
-72
-66
-41
-21
-28
9
35
41
47
45
51
54
45
27
5
-10
-28
-44
-51
-56
-63
-54
-47
-38
-31
-21
-8
19
42
52
61
70
80
41
3
-15
-34
-50
-57
-59
-43
-44
-43
-29
-12
4
18
39
50
50
61
63
55
33
6
-15
-35
-37
-40
-62
-66
-63
-50
-49
-13
1
16
24
31
47
55
57
57
27
9
-20
-45
-49
-37
-36
-26
-28
-38
-35
-25
-11
18
45
55
58
57
72
64
31
3
-31
-34
-35
-58
-74
-65
-50
-45
-35
-17
6
35
45
44
57
61
57
58
38
17
-8
-22
-38
-35
-19
-13
-21
-38
-25
-13
5
27
18
17
18
28
33
23
5
-7
-16
-17
-25
-34
-32
-27
-29
-24
-7
0
14
38
43
60
65
61
68
62
55
30
8
-30
-59
-49
-51
-54
-45
-31
-27
-14
19
41
40
61
75
54
45
47
29
-4
-13
-26
-53
-81
-96
-99
-97
-72
-66
-58
-36
-17
0
33
53
55
33
40
28
12
-7
-11
10
41
51
52
75
106
101
86
95
121
159
199
210
220
249
268
256
252
275
306
331
357
376
414
461
519
572
612
643
692
751
793
811
883
1081
1283
1382
1491
1592
1599
1400
990
535
228
-157
-1352
-2902
-4401
-6636
-10219
-14533
-17987
-18424
-14553
-7737
-1415
2248
4306
4583
3874
3459
3002
3412
5199
8653
13563
17458
18143
15404
10726
5697
1781
-753
-2548
-3865
-4543
-4716
-4586
-4201
-3706
-3183
-2779
-2494
-2228
-1932
-1617
-1314
-1035
-788
-584
-391
-213
-83
31
133
185
197
175
131
80
28
-22
-57
-56
-18
34
84
126
135
169
194
208
198
212
218
208
175
137
119
111
108
112
113
103
95
106
88
58
60
68
52
47
55
58
51
30
-13
-55
-95
-126
-126
-138
-152
-157
-147
-138
-126
-113
-90
-63
-50
-53
-31
-17
12
31
20
6
-6
-14
-21
-28
-17
-9
-19
-16
-2
0
30
48
44
36
45
52
60
45
12
-23
-48
-57
-59
-77
-78
-75
-66
-37
-10
-3
3
20
33
49
76
82
90
95
62
32
5
-22
-44
-59
-52
-50
-43
-28
-7
10
20
30
29
42
43
54
71
70
43
16
-19
-47
-57
-44
-43
-41
-29
-12
5
13
10
21
38
63
79
77
66
50
30
8
-23
-22
-36
-25
-9
6
12
21
31
62
92
111
122
138
156
169
180
159
120
95
75
50
42
27
24
10
10
30
58
57
42
32
62
69
83
90
101
125
102
53
11
-15
-28
-49
-57
-51
-45
-28
-2
-1
22
53
92
131
139
139
138
119
83
17
-54
-105
-126
-155
-157
-146
-151
-153
-151
-132
-68
11
73
93
95
68
25
-18
-76
-140
-237
-312
-352
-378
-377
-331
-271
-205
-139
-79
-58
-53
-87
-96
-56
-21
17
39
13
-66
-112
-122
-144
-196
-214
-190
-150
-165
-221
-282
-320
-295
-221
-139
-53
20
66
101
152
225
279
260
136
64
31
24
68
68
65
51
62
74
65
42
18
36
59
64
42
42
62
92
111
134
140
127
139
135
130
104
85
62
44
33
13
-12
-17
-7
-24
-60
-70
-80
-95
-102
-89
-78
-48
-27
-14
-2
19
39
52
78
82
92
94
97
67
27
-6
-25
-45
-29
-27
-28
-26
-30
-35
-32
-21
10
38
60
69
82
82
81
47
5
-18
-33
-35
-35
-39
-27
-22
-21
-15
8
25
55
72
61
58
65
75
58
33
34
15
-10
-15
-35
-53
-61
-44
-24
7
25
24
34
50
52
67
87
84
82
67
43
1
-28
-22
-17
-24
-13
-7
-5
-7
10
23
33
41
52
51
42
41
43
17
4
-18
-36
-42
-53
-39
-31
-43
-30
0
15
34
47
49
47
53
57
78
90
81
36
0
-18
-38
-45
-59
-67
-77
-50
-30
-25
12
36
38
46
44
52
55
60
33
3
-12
-16
-22
-38
-40
-33
-25
-8
4
1
-3
13
27
55
63
55
66
66
22
-5
-25
-51
-61
-47
-46
-50
-52
-53
-47
-29
2
27
34
47
56
64
58
59
34
15
14
-22
-35
-34
-63
-89
-74
-46
-24
2
22
17
22
43
52
46
45
53
27
2
-29
-49
-43
-38
-35
-45
-40
-33
-20
-13
5
26
42
57
55
47
51
53
34
1
-36
-61
-70
-76
-81
-78
-59
-56
-39
-11
3
16
44
48
51
44
48
52
34
15
-19
-36
-53
-63
-70
-53
-37
-33
-25
-9
-1
15
30
32
29
46
79
68
31
-9
-32
-43
-49
-50
-64
-58
-32
-4
13
-2
-16
8
20
30
38
52
71
63
26
-8
-19
-11
-38
-54
-65
-57
-49
-32
-12
4
20
30
41
57
40
30
52
67
38
3
-3
-26
-42
-44
-56
-51
-47
-39
-13
11
27
29
39
41
49
42
39
51
31
-7
-33
-60
-75
-83
-88
-73
-61
-49
-42
-23
14
34
34
37
50
62
64
65
29
9
-11
-33
-38
-52
-57
-44
-35
-36
-26
-12
1
16
20
29
47
51
57
53
21
-6
-34
-48
-59
-55
-52
-40
-34
-28
-11
14
47
59
56
48
42
29
23
20
-14
-18
-16
-18
-30
-40
-43
-40
-30
-23
-18
-12
-7
-1
2
19
37
49
61
36
-7
-34
-50
-59
-69
-62
-59
-49
-41
-25
-4
27
41
43
54
64
59
35
18
19
2
-31
-62
-67
-71
-70
-77
-79
-70
-55
-46
-29
-11
18
37
47
40
57
82
88
63
24
-5
-40
-44
-36
-32
-37
-29
-14
-11
-12
23
30
46
55
49
65
59
42
8
-12
-36
-58
-42
-49
-65
-50
-37
-28
-2
1
-11
-10
1
10
22
35
37
41
28
10
-9
-29
-27
-27
-49
-47
-39
-30
-15
3
17
45
64
63
59
55
44
32
13
-9
-25
-40
-40
-45
-55
-53
-45
-27
-8
5
6
15
29
33
46
37
37
45
12
-13
-20
-19
-28
-52
-43
-36
-30
-4
-6
-14
-10
11
29
49
57
56
56
58
32
9
-6
-22
-41
-52
-56
-63
-63
-57
-39
-31
-20
-1
32
56
70
72
80
68
31
8
-28
-41
-35
-39
-49
-50
-40
-31
-16
-13
7
13
33
45
47
45
46
48
30
-8
-36
-60
-73
-56
-48
-48
-41
-19
-21
-20
-11
7
23
48
52
44
41
59
55
22
-4
-21
-35
-45
-64
-56
-62
-60
-42
-17
17
31
31
35
39
48
47
46
11
-15
-36
-53
-44
-30
-36
-32
-30
-27
-12
10
19
15
24
43
70
77
86
71
31
3
-19
-37
-41
-52
-59
-57
-43
-31
-24
-22
-5
24
33
41
48
46
47
50
25
9
-2
-14
-33
-51
-53
-71
-73
-55
-44
-31
-16
21
40
45
45
32
48
55
40
17
-14
-7
-17
-20
-18
-27
-24
-38
-32
-2
29
29
37
47
50
52
49
34
8
-14
-41
-59
-68
-72
-78
-67
-52
-38
-10
7
24
23
39
68
69
57
58
45
19
1
-19
-25
-37
-46
-50
-63
-75
-58
-24
-14
9
32
33
45
48
51
39
39
26
11
-5
-19
-48
-55
-53
-48
-41
-28
-20
-8
3
14
19
34
59
76
67
60
35
1
-24
-39
-40
-34
-32
-45
-46
-26
-16
-9
13
19
27
43
52
52
59
60
44
30
-1
-34
-51
-62
-68
-74
-62
-34
-14
-3
-3
-1
3
24
55
56
56
61
34
14
10
1
-20
-45
-43
-51
-44
-32
-33
-13
4
14
32
45
56
61
76
61
21
-6
-14
-22
-32
-44
-50
-46
-51
-49
-35
-14
12
19
27
24
23
31
44
47
22
3
-15
-43
-58
-50
-39
-40
-32
-24
-1
17
28
38
48
68
67
56
62
50
13
5
1
-20
-27
-33
-47
-44
-46
-46
-24
-18
2
23
28
35
48
60
72
63
29
-3
-12
-27
-48
-55
-56
-48
-47
-24
-6
-4
0
17
29
31
44
71
73
75
45
5
-14
-26
-43
-59
-72
-74
-55
-39
-16
4
3
13
33
43
53
64
80
80
57
32
1
-33
-50
-44
-54
-46
-31
-11
-15
-26
1
28
26
42
59
71
65
41
2
-19
-35
-41
-49
-65
-68
-73
-59
-40
-35
-22
-4
13
24
51
77
77
92
91
44
-1
-29
-45
-75
-69
-57
-48
-35
-23
-14
2
16
31
23
50
63
67
62
46
24
3
-4
-22
-43
-54
-54
-68
-54
-36
-29
-27
-27
-16
17
53
62
66
74
65
34
17
-5
-20
-51
-67
-69
-51
-41
-41
-29
-16
-5
1
19
42
42
43
53
61
50
14
-17
-44
-43
-40
-38
-39
-48
-32
-16
-19
-21
4
41
53
57
73
80
58
18
-20
-36
-39
-30
-32
-47
-53
-57
-61
-61
-49
-23
7
29
42
54
64
69
78
63
37
7
-13
-33
-69
-71
-42
-21
-21
-12
-6
-9
3
13
11
22
30
31
53
34
-8
-34
-45
-33
-32
-34
-30
-41
-40
-27
-11
12
32
39
39
46
63
68
59
21
3
-22
-42
-65
-70
-66
-78
-76
-36
-11
-18
-19
11
31
50
58
47
56
62
32
-4
-21
-25
-39
-40
-45
-44
-36
-28
-35
-38
-10
2
17
34
39
54
67
58
28
10
-14
-27
-38
-56
-48
-47
-37
-14
9
-2
-3
11
16
35
56
60
58
50
14
-22
-40
-56
-66
-46
-39
-26
-15
-26
-29
-21
4
25
39
62
61
54
64
50
10
-20
-42
-49
-43
-37
-40
-47
-42
-25
-36
-37
-33
-12
15
44
52
61
74
83
55
16
-11
-37
-35
-48
-61
-48
-23
-21
-31
-13
15
38
39
41
42
40
40
39
14
4
-15
-39
-46
-48
-44
-42
-41
-43
-32
-21
3
20
33
41
49
60
59
45
11
-1
-15
-31
-38
-42
-38
-30
-27
-24
-14
-15
6
31
44
53
72
77
70
58
36
20
3
-13
-25
-28
-9
-15
-19
-27
-15
-14
-18
-5
8
25
42
34
25
26
9
-13
-22
-35
-59
-65
-59
-49
-41
-23
-10
1
19
37
59
58
64
76
59
32
2
-13
-18
-29
-49
-53
-50
-50
-57
-37
-2
3
6
26
42
53
55
65
70
66
36
-1
-35
-66
-80
-87
-108
-91
-73
-63
-58
-38
-2
14
20
22
19
22
13
29
12
-13
-2
-3
-6
6
17
26
63
105
128
131
127
153
200
249
257
242
261
284
251
230
254
294
330
350
373
401
427
467
525
584
645
699
715
755
770
817
1015
1204
1302
1455
1645
1714
1534
1113
623
358
38
-1163
-2785
-4287
-6488
-9593
-12913
-15202
-14186
-10166
-6240
-2546
471
1998
2298
1989
1630
1635
2550
4819
8746
13011
15638
15091
11782
7261
3227
350
-1241
-2114
-2714
-3168
-3396
-3354
-3079
-2671
-2235
-1836
-1568
-1352
-1176
-984
-799
-638
-499
-358
-211
-77
18
97
159
191
186
165
132
78
23
-23
-34
-30
-11
29
72
90
116
164
169
169
168
173
175
173
157
128
102
103
80
59
47
46
44
44
40
28
31
52
66
70
65
56
33
4
-47
-87
-93
-103
-118
-127
-127
-108
-89
-68
-47
-30
-7
5
17
27
61
78
83
90
66
37
12
0
-11
-22
-5
-1
9
36
30
18
31
44
47
52
51
49
50
30
-7
-48
-74
-79
-78
-73
-60
-48
-32
-11
-6
-2
42
73
71
73
79
92
88
77
51
36
5
-9
-27
-31
-31
-31
-24
-8
-10
-5
11
19
15
27
16
35
53
46
14
-14
-31
-43
-49
-51
-39
-20
-2
-7
6
44
61
57
59
67
58
57
62
57
47
21
-15
-33
-41
-34
-29
-10
-6
-2
22
46
62
84
104
125
122
133
144
149
128
86
52
37
36
38
22
36
51
60
66
59
60
42
78
98
91
84
69
58
63
58
15
-40
-74
-103
-104
-91
-77
-53
-33
-13
21
59
90
114
138
149
152
143
102
30
-50
-98
-132
-156
-177
-177
-175
-171
-149
-121
-52
18
71
96
93
52
8
-46
-112
-179
-255
-321
-367
-385
-362
-317
-248
-171
-109
-57
-65
-75
-104
-81
-40
-10
26
60
23
-55
-114
-140
-179
-220
-221
-184
-152
-164
-211
-239
-263
-250
-202
-124
-52
21
66
100
132
210
276
258
169
100
53
45
87
107
101
71
74
70
38
18
18
32
49
40
26
29
39
81
122
157
171
151
166
174
147
114
110
78
54
43
31
37
8
-18
-51
-86
-103
-121
-125
-128
-128
-111
-87
-65
-46
-14
27
37
46
57
64
85
96
88
48
18
11
-6
-27
-31
-36
-33
-21
-14
-18
9
45
55
71
59
46
46
39
27
0
-17
-28
-43
-48
-59
-50
-26
-18
1
10
14
11
25
50
61
58
78
78
76
40
23
-8
-19
-40
-41
-38
-27
-10
-6
-4
14
38
52
61
65
62
62
56
46
21
9
-7
-16
-17
-31
-43
-50
-45
-20
7
15
22
33
43
66
79
89
97
86
45
23
-6
-15
-14
-29
-35
-33
-34
-37
-31
-12
16
17
31
53
68
80
80
54
25
-12
-44
-37
-40
-39
-35
-29
-20
-7
31
31
32
49
42
48
65
71
68
54
19
-15
-31
-41
-53
-45
-48
-51
-38
-17
1
-5
24
38
40
51
47
48
39
32
1
-37
-54
-61
-54
-55
-51
-36
-35
-19
1
12
23
26
23
39
48
55
48
40
18
-4
-24
-51
-58
-58
-69
-47
-22
-10
-2
2
23
39
57
51
56
67
72
58
22
-3
-25
-31
-44
-55
-61
-70
-67
-56
-42
-42
-38
-10
15
41
58
58
67
60
26
10
-14
-24
-15
-25
-34
-52
-51
-53
-35
-6
19
34
58
62
60
45
45
51
30
-8
-42
-56
-70
-83
-75
-56
-36
-24
-12
3
15
35
59
64
56
44
44
64
43
7
-39
-54
-76
-74
-78
-78
-56
-48
-37
-19
7
26
42
58
52
63
72
49
22
-2
-10
-15
-20
-35
-50
-42
-35
-18
-6
-16
-10
24
24
19
26
52
58
54
18
-2
-12
-23
-43
-68
-86
-69
-59
-33
-12
4
27
45
58
61
47
42
45
30
-6
-27
-40
-32
-34
-37
-43
-36
-32
-35
-22
-7
-4
3
10
34
50
42
41
36
-1
-26
-54
-75
-85
-72
-72
-63
-56
-49
-34
2
47
52
54
53
51
54
54
58
35
12
-18
-45
-59
-65
-57
-62
-59
-52
-49
-23
0
13
34
47
40
41
38
20
-17
-23
-30
-32
-37
-50
-48
-50
-53
-49
-32
-6
15
30
37
49
58
55
54
40
24
-6
-43
-53
-63
-46
-41
-52
-48
-24
-5
-6
-6
2
18
44
56
55
61
43
11
-24
-52
-70
-80
-61
-54
-50
-33
-17
-10
4
21
20
33
44
53
71
73
61
34
15
-12
-33
-42
-43
-57
-60
-57
-58
-43
-16
-2
-1
28
48
59
69
60
50
25
-12
-36
-47
-55
-54
-71
-61
-45
-30
-4
6
18
23
31
47
49
66
61
52
45
11
-28
-45
-34
-34
-40
-48
-30
-15
-4
0
-10
4
37
45
48
66
70
61
39
28
6
-24
-48
-48
-52
-45
-49
-40
-26
-5
-5
11
29
24
37
52
44
43
41
14
-25
-41
-47
-47
-46
-51
-41
-24
-24
-11
-9
0
26
49
63
68
52
45
13
-15
-37
-42
-58
-63
-60
-64
-53
-23
-12
-3
18
26
16
35
53
47
40
35
15
-1
-21
-43
-52
-48
-58
-56
-46
-26
-4
-2
8
38
46
58
53
50
71
72
39
-4
-25
-35
-49
-59
-82
-64
-50
-57
-40
-18
19
26
40
53
69
76
61
40
0
-32
-29
-55
-62
-57
-56
-46
-22
3
16
21
21
26
34
46
34
24
26
31
12
3
-7
-22
-17
-21
-32
-27
-17
-14
-5
2
15
18
29
39
51
69
71
42
-5
-31
-48
-58
-64
-69
-51
-37
-24
-17
-6
-13
-14
12
29
30
32
43
47
33
8
-13
-43
-64
-68
-60
-50
-30
-15
-14
13
34
45
51
55
65
78
76
52
23
8
-2
-25
-25
-35
-51
-49
-49
-38
-26
-7
-15
-8
15
15
30
44
58
59
36
17
0
-32
-42
-49
-58
-54
-46
-23
-8
5
6
10
20
37
57
63
73
67
49
9
-30
-45
-47
-53
-52
-62
-71
-74
-46
-25
-11
2
9
19
41
46
41
39
32
18
-7
-20
-44
-52
-49
-38
-29
-24
-16
5
4
34
53
62
81
78
73
71
66
19
-14
-36
-38
-52
-63
-68
-71
-61
-52
-42
-28
-12
-2
28
56
53
70
82
65
39
11
-10
-31
-37
-50
-58
-46
-33
-21
-29
-23
13
28
32
39
30
52
68
46
8
-15
-38
-33
-46
-57
-53
-54
-40
-16
-11
9
13
19
41
53
57
53
68
62
19
-9
-29
-51
-57
-44
-51
-55
-34
-9
6
21
39
36
48
45
38
46
56
40
14
-19
-43
-39
-44
-59
-60
-38
-28
-26
3
19
18
35
51
49
37
50
54
43
6
-16
-27
-26
-38
-30
-22
-20
-13
-3
3
24
48
45
35
38
34
34
21
21
8
-27
-44
-60
-72
-62
-71
-62
-45
-16
21
26
19
34
51
70
82
101
122
106
58
11
-9
-18
-28
-31
-42
-48
-48
-30
-13
-7
2
8
21
16
32
51
52
42
-9
-51
-65
-70
-53
-30
-21
-16
-20
-11
6
10
26
33
40
43
47
50
53
35
5
-20
-43
-60
-68
-59
-40
-31
-29
-20
-19
6
39
60
60
51
63
63
75
71
27
-16
-32
-46
-68
-74
-71
-60
-52
-36
-33
-19
-18
-7
6
26
29
30
45
43
3
-21
-33
-40
-58
-47
-44
-53
-32
-17
-3
21
36
54
56
61
57
52
47
39
0
-33
-51
-55
-58
-45
-43
-49
-40
-43
-29
-7
16
28
37
49
48
63
65
38
22
-12
-32
-29
-31
-38
-49
-28
-13
-4
11
24
43
21
28
30
41
52
39
23
10
-3
-27
-59
-63
-53
-48
-50
-56
-46
-39
-26
-12
15
27
47
72
69
68
58
37
5
-17
-34
-31
-46
-55
-43
-48
-46
-32
-5
13
16
22
26
37
57
51
30
1
-27
-43
-46
-48
-49
-34
-25
-34
-19
-3
-2
-1
20
43
52
54
66
57
28
-5
-19
-32
-43
-53
-61
-64
-74
-57
-39
-23
2
36
56
60
65
62
73
67
60
28
-17
-44
-52
-51
-37
-29
-27
-34
-36
-30
-25
-12
10
22
37
39
48
49
33
8
-22
-39
-52
-59
-59
-62
-47
-24
-19
-14
-10
33
54
48
46
52
57
69
63
23
-22
-30
-41
-58
-65
-80
-74
-56
-39
-35
-24
-13
-11
12
39
40
44
56
34
-5
-25
-27
-36
-42
-44
-51
-36
-35
-24
-10
6
30
40
45
52
70
77
72
60
14
-13
-37
-52
-42
-41
-46
-36
-26
-11
-10
-1
3
6
19
26
32
48
44
36
12
-8
-44
-54
-49
-37
-34
-34
-46
-37
-16
5
30
44
53
43
33
38
40
21
-26
-33
-29
-21
-32
-35
-46
-52
-41
-33
-10
5
18
29
45
58
67
58
58
38
-2
-39
-63
-47
-49
-52
-36
-36
-19
9
31
54
79
82
83
83
89
75
61
42
25
-13
-47
-45
-62
-65
-63
-63
-62
-61
-35
-29
-15
5
23
51
69
65
35
20
15
2
-14
-16
-24
-28
-34
-29
-16
-11
-14
2
41
54
59
74
80
74
61
54
12
-25
-38
-60
-63
-50
-50
-43
-49
-46
-47
-43
-38
-35
-26
2
-4
8
26
28
6
-13
-31
-47
-55
-63
-66
-69
-57
-20
4
34
67
79
112
143
170
185
186
182
154
128
126
131
138
147
146
148
181
196
218
255
306
359
416
446
476
519
583
618
612
648
685
670
681
678
691
849
1082
1221
1368
1620
1784
1725
1380
870
379
-323
-1761
-3442
-5163
-7575
-10764
-13445
-14463
-12609
-9252
-6374
-2216
2236
3945
2948
1554
437
498
2244
5865
10520
14573
15877
13862
9820
5513
2112
-36
-1268
-2187
-2912
-3350
-3436
-3184
-2754
-2317
-1878
-1526
-1341
-1250
-1094
-899
-726
-573
-438
-301
-169
-56
17
82
142
184
186
177
136
95
66
30
15
42
111
145
151
132
121
104
102
81
67
57
70
79
90
100
105
114
134
143
130
114
118
106
95
61
27
9
-16
-28
-32
-15
-22
-32
-48
-58
-58
-46
-38
-15
-15
3
21
24
5
-34
-56
-63
-71
-82
-81
-76
-60
-47
-32
-25
2
43
48
46
40
61
84
91
83
49
17
-4
-21
-37
-45
-40
-51
-50
-34
-18
-8
-6
6
25
43
49
38
33
24
-3
-4
-12
-21
-26
-28
-29
-37
-31
-23
-8
14
31
56
60
67
70
80
70
34
3
-14
-30
-47
-50
-43
-54
-60
-29
-18
-27
-26
4
18
40
69
64
71
75
45
8
-13
-33
-54
-54
-62
-73
-57
-27
-25
-13
14
41
42
71
106
126
135
136
119
97
89
65
56
49
53
56
54
60
65
72
77
87
92
114
111
97
113
112
101
72
40
25
13
18
18
-7
5
21
33
50
53
43
33
35
32
34
45
56
53
18
-3
2
6
27
31
50
73
84
75
50
8
-19
-35
-58
-88
-78
-63
-56
-66
-72
-58
-8
45
50
16
-46
-89
-126
-157
-208
-266
-347
-400
-428
-386
-310
-227
-148
-88
-82
-119
-172
-191
-182
-146
-89
-53
-20
-31
-68
-73
-71
-90
-133
-144
-110
-75
-88
-142
-220
-304
-314
-240
-165
-104
-63
-37
38
141
261
348
321
216
112
56
75
125
147
112
78
73
56
18
-37
-62
-58
-41
-14
22
56
72
106
145
187
220
215
190
187
168
131
78
52
17
-8
-13
-26
-40
-49
-55
-61
-41
-28
-30
-29
-29
-21
-5
26
12
-25
-41
-41
-43
-39
-38
-50
-28
-6
7
14
30
47
57
53
65
86
90
93
53
2
-13
-19
-32
-26
-37
-46
-23
-14
-11
-3
38
55
81
91
88
90
95
68
36
-3
-8
-25
-42
-55
-63
-60
-50
-31
-16
-14
-4
21
49
77
85
92
91
88
66
33
20
-3
-25
-39
-53
-31
2
1
-22
-6
21
33
51
57
60
47
52
54
29
1
-13
-18
-14
-34
-42
-40
-35
-22
-20
-13
3
27
58
79
88
84
82
70
44
19
-12
-31
-44
-65
-71
-57
-36
-29
-12
6
10
21
37
44
50
57
63
54
48
29
-1
-27
-33
-52
-46
-52
-57
-39
-13
-5
-4
21
30
39
58
76
78
65
50
21
-5
-26
-43
-64
-65
-64
-64
-44
-9
-5
-5
16
38
43
60
66
68
46
37
13
-15
-29
-45
-52
-58
-51
-33
-31
-27
-17
-7
8
11
10
30
50
52
50
43
8
-19
-33
-45
-43
-39
-32
-32
-32
-25
-23
4
32
38
45
60
60
54
45
22
-18
-33
-62
-71
-53
-51
-59
-59
-44
-27
-17
-12
13
23
59
76
73
68
72
59
30
4
-19
-29
-35
-47
-57
-51
-57
-68
-43
-3
7
9
34
52
64
67
75
54
38
18
7
-9
-39
-53
-73
-72
-66
-55
-32
-25
-9
13
25
44
38
61
86
59
31
10
-6
-18
-19
-22
-33
-39
-45
-40
-7
13
12
31
51
48
48
77
73
48
4
-44
-41
-39
-52
-58
-65
-32
-5
0
-3
-12
1
29
35
46
44
46
50
37
8
-43
-58
-63
-81
-94
-87
-74
-49
-37
-23
-7
3
21
37
36
64
76
70
52
17
-8
-41
-56
-68
-65
-41
-31
-41
-28
-16
-12
9
27
37
41
38
33
45
28
-4
-17
-34
-54
-65
-69
-54
-57
-41
-11
11
29
33
25
29
37
53
51
48
27
-9
-7
-1
-19
-41
-45
-46
-54
-31
-1
6
14
17
32
42
61
66
68
71
55
19
-18
-43
-55
-65
-69
-72
-68
-48
-41
-35
-4
28
30
27
32
55
68
55
33
3
-33
-45
-54
-52
-34
-32
-36
-30
-19
-5
-2
-4
2
13
27
33
39
41
22
-1
-28
-45
-56
-66
-65
-55
-50
-47
-29
-10
9
32
40
43
37
27
40
39
25
24
1
-21
-35
-41
-26
-30
-40
-47
-44
-32
-13
14
40
46
47
47
46
45
30
18
-13
-32
-44
-42
-50
-57
-50
-40
-15
-2
18
39
38
45
60
73
75
46
18
4
-11
-11
-38
-65
-74
-63
-47
-44
-14
8
12
27
57
69
71
76
87
75
39
-6
-38
-53
-41
-43
-47
-37
-29
-22
-14
3
19
29
34
44
33
20
22
23
26
6
-41
-62
-65
-71
-70
-72
-53
-22
-4
11
14
37
57
60
51
52
69
81
57
18
-22
-43
-66
-83
-74
-77
-69
-43
-33
-14
2
17
25
29
41
42
42
36
12
-2
-24
-47
-51
-49
-41
-42
-36
-17
-2
3
5
16
37
61
65
59
51
46
31
2
-31
-39
-41
-43
-55
-74
-76
-66
-56
-46
-21
8
30
31
35
64
64
62
46
17
-3
-10
-31
-53
-60
-53
-41
-37
-24
-21
-8
20
37
47
45
41
51
46
21
-5
-12
-24
-41
-56
-53
-53
-40
-29
-25
-26
6
40
37
35
38
66
83
71
39
5
-16
-25
-29
-35
-43
-46
-34
-21
-16
-13
-14
2
21
39
56
49
57
66
46
26
8
-30
-56
-71
-70
-58
-43
-42
-42
-25
18
45
40
55
64
68
66
72
51
23
-5
-19
-20
-42
-40
-35
-44
-41
-37
-19
-9
2
20
24
10
18
33
38
18
-10
-31
-48
-56
-57
-46
-35
-31
-26
-17
-5
5
28
43
52
67
77
83
71
24
-13
-30
-44
-59
-70
-67
-66
-60
-49
-39
-20
-13
-5
16
26
63
88
95
72
32
10
-11
-24
-28
-29
-30
-39
-47
-51
-45
-28
1
26
40
50
51
48
59
67
46
20
-9
-30
-51
-47
-35
-41
-45
-36
-29
-5
2
21
23
18
22
34
52
58
35
-3
-37
-48
-47
-40
-47
-38
-30
-22
-11
10
40
27
19
37
32
39
34
32
18
3
-17
-49
-50
-50
-54
-59
-48
-29
-25
-6
6
24
52
68
71
60
53
50
23
-10
-37
-45
-30
-33
-40
-50
-47
-32
-11
-2
13
15
15
42
57
41
44
31
16
11
-12
-40
-25
-31
-47
-62
-40
-16
5
18
20
27
41
43
50
51
58
66
48
29
8
0
-11
-30
-47
-48
-35
-34
-41
-18
2
31
44
57
52
66
60
44
22
-13
-37
-50
-60
-57
-51
-50
-39
-21
-8
-4
-14
0
14
36
43
46
51
40
29
14
-9
-41
-63
-63
-69
-69
-46
-37
-21
-20
6
35
43
52
59
77
87
80
72
43
3
-16
-12
-15
-27
-47
-56
-46
-33
-42
-17
-3
-5
8
27
30
35
33
13
-13
-15
-20
-37
-48
-60
-56
-26
-3
-2
9
31
50
58
62
68
63
42
36
20
-9
-29
-44
-58
-55
-43
-52
-62
-54
-43
-34
-30
-4
22
28
25
39
57
58
15
-10
-20
-45
-52
-53
-43
-43
-34
-30
-40
-23
24
57
52
64
65
72
81
64
27
-5
-27
-51
-68
-72
-58
-60
-51
-26
-7
-7
-20
-2
10
35
36
27
52
71
65
35
3
-16
-19
-29
-45
-48
-52
-57
-44
-3
28
35
48
53
53
55
51
43
13
-16
-35
-42
-34
-37
-53
-51
-41
-38
-20
-8
-7
17
31
47
56
76
70
42
9
-11
-29
-44
-63
-67
-63
-52
-35
-23
0
20
40
45
61
64
56
60
65
63
43
-8
-27
-39
-48
-68
-85
-76
-47
-27
-16
-8
1
9
14
0
3
30
28
48
43
27
-10
-43
-58
-64
-54
-42
-47
-44
-34
-16
14
48
61
49
55
59
76
79
44
3
-37
-59
-65
-70
-63
-48
-49
-44
-38
-23
-18
4
15
22
38
43
51
62
40
3
-37
-49
-66
-67
-59
-60
-36
-12
-6
-2
20
38
59
70
75
80
68
61
28
-2
-12
-25
-41
-44
-55
-75
-58
-51
-56
-60
-58
-29
-1
24
33
39
50
61
46
15
-17
-25
-45
-46
-29
-19
-15
-32
-30
-19
12
32
44
65
66
61
48
44
25
0
-13
-43
-67
-63
-42
-31
-14
2
9
11
21
30
55
81
88
86
87
68
25
-14
-31
-52
-57
-61
-73
-77
-60
-46
-54
-42
-8
27
47
60
60
67
50
42
15
-11
-23
-46
-36
-42
-57
-39
-24
-18
-7
16
23
29
32
18
24
47
55
57
27
7
-29
-50
-50
-54
-51
-48
-27
-19
-36
-29
-10
11
30
20
32
52
47
30
-6
-28
-33
-42
-53
-75
-70
-59
-35
-42
-33
6
52
92
124
148
174
192
209
195
179
174
160
177
174
172
177
190
230
272
311
353
400
423
419
436
484
549
611
655
711
740
744
719
702
797
1013
1189
1308
1482
1639
1635
1387
975
558
-47
-1020
-2342
-4076
-6156
-9312
-13057
-16732
-18622
-16767
-10621
-2579
2727
5406
5776
4184
2878
1922
1836
3503
6728
11594
16244
18364
16988
12940
8060
3788
686
-1770
-3620
-4661
-4945
-4760
-4344
-3842
-3337
-2944
-2733
-2527
-2236
-1903
-1543
-1217
-929
-689
-473
-296
-159
-25
77
136
151
139
102
50
12
2
14
51
115
142
159
169
181
164
153
143
128
124
129
131
111
100
122
132
137
136
160
190
189
185
167
169
159
114
72
30
-8
-34
-43
-54
-68
-69
-82
-95
-101
-107
-105
-95
-92
-74
-58
-64
-68
-79
-75
-84
-93
-83
-54
-47
-52
-42
-31
-8
8
5
32
50
55
57
55
53
43
18
-14
-41
-36
-37
-39
-43
-45
-30
-22
-10
7
15
33
46
55
33
42
48
36
-3
-55
-66
-58
-69
-70
-60
-58
-55
-40
-34
-22
-7
20
38
52
46
64
88
94
71
26
1
-9
-22
-38
-56
-57
-49
-34
-25
-18
3
20
30
26
37
51
44
48
10
-24
-35
-33
-41
-43
-30
-23
-27
-21
-2
13
34
57
79
90
121
126
104
111
81
47
36
39
44
49
64
69
80
92
81
78
103
110
93
88
91
106
120
109
76
57
44
32
-7
-33
-24
-15
6
39
43
36
21
31
42
46
52
59
90
100
82
72
59
44
33
33
40
52
60
35
-18
-34
-36
-69
-109
-84
-53
-42
-41
-35
-7
48
81
73
54
26
-21
-89
-137
-187
-243
-306
-382
-425
-403
-342
-265
-193
-111
-72
-106
-152
-202
-231
-205
-146
-94
-64
-90
-123
-113
-102
-109
-135
-126
-90
-68
-96
-168
-222
-263
-263
-222
-158
-88
-41
-35
7
92
225
313
273
151
43
-6
30
83
121
141
147
133
92
28
-38
-61
-52
-40
-19
18
48
75
88
113
161
197
209
201
208
197
196
168
122
69
25
6
-13
-25
-43
-57
-50
-35
-47
-72
-69
-56
-33
-12
-5
20
39
21
0
-14
-13
-14
-17
-14
-10
-5
22
34
42
46
70
82
77
63
56
57
57
27
-3
-41
-33
-47
-42
-30
-36
-33
-31
-12
5
12
51
76
83
76
75
80
80
53
28
-2
-29
-37
-41
-44
-32
-30
-22
-4
0
19
43
59
61
77
107
97
87
60
9
0
1
-16
-30
-35
-35
-20
-13
16
32
24
31
39
54
63
75
81
59
22
-5
-28
-66
-83
-62
-40
-31
-19
-8
3
8
34
40
44
64
64
69
81
81
56
25
-9
-45
-48
-49
-57
-57
-54
-43
-40
-12
-1
13
28
35
43
40
51
70
49
31
2
-39
-46
-59
-61
-59
-58
-46
-33
-9
21
45
53
47
46
55
58
52
19
-6
-36
-49
-57
-65
-47
-35
-10
1
-2
-2
-9
15
30
34
49
52
48
49
44
17
-25
-46
-59
-58
-55
-56
-47
-37
-9
2
9
25
30
24
21
34
41
39
23
14
-10
-24
-29
-33
-39
-44
-44
-41
-31
-14
-8
28
47
54
67
61
54
46
37
14
-14
-28
-40
-59
-67
-57
-52
-45
-36
-30
-11
17
31
31
42
73
75
77
60
38
21
2
-11
-33
-48
-39
-27
-20
-18
-13
-15
-6
-4
13
15
26
38
56
51
17
-10
-21
-57
-70
-66
-66
-59
-38
-28
-17
-1
1
18
49
54
67
67
65
40
23
2
-31
-49
-49
-48
-60
-65
-64
-62
-52
-29
0
22
43
34
41
49
49
13
-4
-18
-38
-40
-38
-45
-55
-41
-16
-5
10
28
43
50
53
59
48
62
56
29
-1
-44
-66
-69
-78
-94
-101
-74
-40
-26
1
-14
-9
22
40
40
49
52
46
18
-8
-36
-39
-44
-48
-35
-30
-15
-5
9
7
15
24
35
41
37
48
43
30
0
-24
-41
-37
-23
-35
-45
-50
-27
-16
1
14
12
29
31
35
32
39
42
28
7
-12
-25
-43
-65
-61
-58
-41
-18
-18
-1
6
21
46
61
73
72
63
53
51
22
-7
-35
-63
-81
-92
-86
-67
-55
-46
-46
-40
-21
-6
9
25
52
63
70
65
29
-6
-24
-40
-63
-53
-47
-38
-21
-16
-16
-1
39
33
13
13
23
45
56
62
32
-8
-16
-25
-47
-80
-72
-63
-56
-28
-19
-17
-1
17
31
52
59
57
59
50
24
-11
-37
-46
-61
-54
-44
-37
-33
-29
-25
-19
3
26
43
58
59
62
67
55
23
-6
-16
-18
-18
-26
-31
-38
-37
-30
-31
-27
-12
9
17
43
61
74
72
74
48
36
11
-26
-56
-51
-53
-63
-53
-55
-44
-27
-10
-3
7
35
48
54
60
58
48
25
13
-15
-39
-57
-61
-57
-55
-54
-42
-30
-27
1
42
44
37
42
53
57
36
-3
-27
-35
-42
-40
-41
-35
-36
-35
-6
0
27
26
38
48
72
84
75
77
47
2
-19
-48
-55
-70
-72
-67
-54
-35
-21
-11
-9
13
26
31
45
60
55
57
42
6
-32
-41
-40
-46
-53
-62
-55
-38
-31
-12
6
27
40
43
49
61
59
57
49
18
-22
-53
-64
-80
-69
-50
-34
-20
-18
-17
-5
15
33
47
49
58
59
55
37
23
-4
-11
-30
-44
-52
-51
-40
-30
-14
-14
11
27
39
47
53
60
51
65
46
24
-8
-33
-59
-54
-50
-55
-39
-23
-29
-35
-8
29
42
46
43
39
44
51
36
-2
-22
-40
-58
-65
-72
-53
-20
-19
-12
4
25
36
30
35
25
35
53
52
32
2
-10
-17
-48
-57
-55
-49
-41
-33
-20
-8
18
25
25
47
57
64
52
28
3
-16
-35
-56
-53
-48
-50
-33
-32
-36
-44
-27
5
30
44
51
51
68
77
69
34
16
-6
-32
-29
-44
-49
-51
-31
-5
-1
-16
-35
-32
5
34
53
73
73
68
31
12
-13
-34
-47
-54
-52
-42
-17
-11
-17
-16
-1
23
36
19
22
44
45
39
26
14
-22
-39
-40
-32
-26
-40
-51
-43
-29
-25
-24
4
25
42
44
54
62
60
31
-12
-52
-42
-43
-64
-60
-51
-48
-47
-15
0
12
33
39
50
59
60
58
64
37
20
-6
-27
-43
-53
-49
-47
-44
-50
-30
-14
-14
18
25
45
65
59
47
47
27
5
-16
-28
-37
-37
-44
-50
-53
-60
-45
-9
13
19
29
46
58
75
53
49
35
8
-15
-32
-44
-44
-38
-21
-9
3
1
-5
-6
17
30
52
63
53
48
66
30
-2
-13
-16
-23
-39
-73
-81
-74
-54
-31
-12
11
16
34
46
40
54
69
66
29
3
-2
-6
-15
-42
-57
-48
-29
-21
-18
-14
-6
13
37
43
41
43
53
38
-1
-19
-36
-56
-61
-56
-67
-62
-26
-5
-3
-12
9
37
70
77
67
73
71
57
34
12
-9
-27
-48
-60
-67
-67
-27
-16
-25
-23
-13
5
28
51
52
60
70
62
43
11
-23
-31
-50
-64
-69
-65
-54
-49
-36
-22
-4
5
6
16
27
59
50
50
28
-8
-29
-36
-43
-54
-50
-29
-26
-15
6
2
1
22
30
31
35
54
66
47
22
-8
-18
-29
-52
-60
-63
-55
-49
-27
-4
13
36
50
54
44
51
71
49
41
15
-25
-40
-54
-72
-88
-79
-61
-50
-29
-18
-17
8
29
49
47
70
76
68
48
27
4
-24
-44
-47
-50
-31
-28
-36
-24
-13
-9
15
22
19
40
54
73
80
67
22
3
-19
-50
-66
-67
-64
-66
-60
-46
-27
-12
9
34
30
34
51
71
91
80
31
-3
-23
-28
-32
-35
-36
-36
-35
-32
-29
-9
22
45
53
61
65
69
73
70
32
-9
-34
-68
-88
-83
-75
-59
-34
-30
-23
-7
12
19
37
50
56
60
55
55
31
12
-22
-49
-62
-53
-60
-68
-58
-51
-31
-8
8
16
30
47
60
67
54
30
3
-25
-38
-41
-48
-51
-54
-48
-30
-35
-33
-19
2
7
33
34
36
46
43
42
24
-5
-31
-57
-50
-53
-52
-39
-25
-22
-23
5
29
40
43
47
46
78
73
56
35
-3
-44
-65
-81
-64
-53
-55
-51
-16
7
16
25
32
47
47
42
54
59
55
20
-22
-61
-64
-61
-75
-70
-54
-55
-34
-15
1
9
27
47
61
68
75
70
63
30
-9
-42
-61
-77
-70
-60
-55
-33
-22
-17
-11
1
21
30
41
43
46
47
58
45
16
-26
-48
-40
-19
-25
-22
-23
-27
-24
-8
20
26
29
50
71
84
84
55
16
-12
-29
-29
-23
-18
-41
-59
-54
-36
-21
-31
-27
-3
19
46
51
44
64
50
7
-14
-16
-35
-49
-58
-67
-57
-43
-24
-22
1
52
62
53
52
53
63
64
55
20
-1
-20
-50
-54
-51
-58
-48
-43
-23
-28
-20
-13
11
29
34
29
37
36
20
-8
-26
-52
-78
-85
-73
-73
-56
-51
-47
-36
8
39
42
54
53
47
66
72
66
48
53
46
28
34
48
66
82
89
104
129
180
214
225
231
245
273
302
330
363
364
349
349
368
385
407
452
520
558
590
630
697
757
772
868
1089
1278
1400
1532
1644
1608
1329
890
465
246
-182
-1486
-2938
-4458
-6995
-10933
-15279
-18157
-17218
-12189
-5945
-1077
1890
3798
4170
3901
3619
3372
3870
5635
9139
13778
17073
17098
13894
9087
4281
709
-1407
-2796
-3778
-4309
-4410
-4265
-3892
-3419
-2927
-2527
-2208
-1940
-1692
-1417
-1135
-893
-677
-485
-312
-163
-45
34
122
189
242
254
237
154
66
14
-20
-47
-35
8
50
71
93
96
111
146
144
147
167
182
193
187
196
171
140
129
118
98
73
68
65
46
43
48
31
11
5
1
0
-1
1
-9
-29
-70
-98
-123
-142
-148
-142
-138
-141
-129
-110
-96
-72
-45
-14
18
32
29
29
38
29
9
3
-9
-19
-30
-17
0
-3
-2
1
3
8
29
42
57
57
63
64
78
54
13
-16
-48
-77
-88
-78
-61
-47
-36
-36
-22
15
34
45
63
68
64
88
94
94
73
27
-12
-14
-17
-32
-23
-10
-9
-24
-9
15
23
32
35
44
30
46
50
26
-8
-31
-29
-42
-71
-84
-83
-52
-16
-5
20
22
34
66
77
85
81
94
91
83
55
36
16
6
-10
-10
1
7
11
51
78
82
102
109
113
116
137
150
157
153
112
62
20
17
11
2
7
12
15
36
43
62
101
106
93
79
94
116
114
91
24
-20
-56
-66
-56
-69
-54
-60
-50
-29
-3
36
79
109
130
145
154
137
100
53
-10
-70
-130
-166
-172
-166
-154
-131
-105
-62
0
67
101
66
7
-38
-86
-133
-152
-193
-277
-342
-362
-366
-319
-256
-197
-137
-78
-77
-107
-120
-109
-73
-29
11
37
28
-19
-59
-93
-119
-170
-205
-187
-149
-186
-252
-289
-314
-308
-240
-137
-53
26
87
128
202
296
359
315
208
103
27
28
63
65
53
63
71
84
63
7
-19
-14
-5
-10
13
57
96
136
172
164
136
109
111
99
106
85
68
52
42
42
19
-10
-16
-15
-17
-23
-23
-47
-65
-71
-78
-65
-55
-31
-10
0
-13
-8
12
21
29
41
36
48
58
49
23
-14
-46
-67
-83
-81
-81
-54
-43
-36
-10
-6
6
26
52
70
70
71
94
101
79
45
27
9
-8
-25
-48
-36
-19
-9
-3
-13
-8
9
30
33
31
46
46
49
56
36
7
-31
-39
-53
-54
-32
-22
-7
2
14
44
54
64
72
97
101
89
90
92
63
33
11
-12
-24
-42
-45
-56
-48
-42
-35
-32
-14
22
41
66
83
92
92
79
58
16
-7
-26
-53
-53
-59
-58
-41
-42
-31
6
43
49
43
44
46
45
52
56
31
-11
-22
-30
-40
-34
-40
-37
-16
0
9
15
26
42
48
58
67
74
75
53
18
-5
-26
-49
-64
-70
-76
-51
-34
-20
-21
-14
9
16
24
31
33
54
62
65
47
17
-1
-17
-16
-18
-31
-41
-57
-56
-18
10
1
3
24
39
32
38
53
39
2
-21
-40
-50
-49
-58
-42
-13
-19
-33
-30
-15
4
21
47
71
65
67
56
39
17
-6
-29
-39
-57
-69
-62
-48
-51
-46
-22
-21
-24
1
43
71
67
74
84
72
58
26
-8
-23
-37
-42
-61
-57
-48
-41
-47
-27
2
14
21
12
16
21
21
6
1
-21
-37
-44
-60
-54
-53
-60
-43
-39
-24
-4
7
38
65
79
92
91
85
77
38
-16
-51
-73
-83
-65
-49
-41
-47
-43
-20
-8
12
15
13
24
36
43
39
33
1
-33
-48
-55
-70
-54
-36
-35
-33
-22
-19
-23
-11
13
40
69
70
78
74
63
22
-4
-22
-37
-47
-54
-57
-51
-43
-40
-28
-14
3
12
22
38
53
54
64
64
30
-12
-51
-57
-38
-30
-43
-52
-29
-15
-26
-28
-21
-20
-6
32
58
51
57
58
34
5
-27
-49
-64
-71
-71
-68
-45
-19
-6
1
13
11
25
32
42
53
53
42
27
14
-12
-37
-46
-56
-63
-57
-28
-5
-8
-29
-28
13
41
45
50
57
55
31
4
-19
-58
-67
-65
-59
-53
-40
-28
-27
-14
13
24
27
36
44
31
38
45
45
13
-23
-46
-51
-61
-67
-72
-55
-55
-49
-12
16
34
48
57
61
49
49
50
41
13
-17
-39
-29
-35
-48
-56
-49
-31
-30
-18
8
36
47
60
60
60
63
52
29
-2
-21
-23
-40
-67
-76
-68
-56
-38
-22
-11
11
30
31
28
27
33
37
47
46
28
7
-12
-15
-36
-58
-56
-32
-13
-10
-7
2
16
17
31
59
74
71
55
39
11
-22
-39
-43
-52
-64
-62
-57
-47
-38
-22
-3
5
16
29
49
56
51
47
31
12
3
-17
-28
-34
-31
-25
-27
-30
-19
-4
18
35
45
35
41
43
59
66
45
-8
-29
-41
-42
-48
-38
-35
-40
-21
-11
-11
-4
3
24
42
45
38
38
41
41
13
-11
-31
-50
-64
-62
-64
-51
-47
-45
-15
6
24
37
60
82
75
78
76
56
24
1
-29
-39
-40
-56
-66
-62
-61
-52
-17
-1
1
8
16
30
35
46
53
51
38
8
-16
-30
-19
-15
-28
-28
-25
-20
-13
-1
5
19
37
41
46
70
60
35
5
-18
-37
-53
-53
-63
-65
-60
-39
-19
-14
-5
-1
10
16
23
24
35
51
40
4
-15
-41
-52
-62
-50
-35
-47
-40
-16
-5
-4
5
19
39
56
65
70
69
58
32
-2
-42
-48
-60
-74
-70
-63
-41
-28
-16
-13
-2
34
43
42
50
58
60
47
31
22
18
-5
-39
-46
-38
-44
-32
-22
-12
-10
10
28
29
41
43
53
60
45
15
-20
-37
-58
-67
-60
-70
-72
-39
-21
-3
0
6
13
35
40
55
52
61
41
-2
-28
-32
-41
-62
-52
-42
-23
-10
-16
0
13
35
39
43
52
65
65
40
19
-8
-31
-35
-46
-58
-64
-48
-42
-38
-31
-36
-28
-9
12
37
65
84
83
68
50
13
-4
-21
-49
-54
-54
-68
-71
-53
-27
-10
11
9
2
13
31
49
79
83
72
38
15
1
-18
-27
-36
-38
-38
-42
-32
-30
-37
-23
-3
8
28
49
68
64
47
28
19
-10
-27
-36
-40
-51
-56
-44
-35
-29
0
38
50
37
26
39
50
54
41
19
-2
-38
-59
-70
-63
-64
-41
-33
-24
-8
-14
-11
10
21
53
87
85
88
74
43
7
-23
-39
-54
-61
-58
-52
-47
-49
-43
-26
5
7
11
26
40
43
46
47
35
22
-3
-25
-40
-38
-40
-45
-49
-39
-18
15
29
33
50
62
66
69
47
39
5
-11
-20
-35
-54
-45
-44
-40
-22
-22
-18
-1
36
45
50
65
68
58
44
31
2
-20
-36
-55
-66
-67
-60
-49
-28
-11
-2
11
29
46
55
67
77
82
89
73
33
9
-11
-20
-30
-34
-38
-43
-28
-29
-34
-20
20
47
72
73
63
55
56
33
13
-4
-28
-43
-53
-57
-59
-56
-34
-19
-21
-12
6
28
50
52
43
62
64
48
21
-9
-38
-51
-53
-66
-70
-46
-33
-34
-36
-15
10
36
40
37
44
54
51
32
0
-25
-30
-23
-30
-36
-34
-25
-7
5
5
9
16
21
17
28
16
25
31
23
8
-28
-51
-61
-81
-62
-45
-25
-22
-23
-8
-1
12
27
40
69
73
63
47
33
18
2
-20
-39
-46
-73
-76
-74
-72
-56
-41
-23
-1
12
18
18
30
47
72
64
32
3
-14
-19
-31
-39
-46
-43
-33
-33
-22
8
47
61
59
55
62
60
51
32
-1
-16
-30
-50
-68
-83
-78
-63
-50
-29
-6
-1
9
22
27
40
55
71
79
76
40
8
-10
-16
-45
-48
-49
-51
-55
-45
-39
-11
20
19
25
50
50
51
42
17
-10
-26
-41
-44
-44
-46
-53
-38
-17
-15
-4
16
13
8
10
36
47
58
57
28
-8
-35
-39
-40
-67
-56
-37
-33
-18
-16
-15
-3
23
31
48
54
61
62
58
39
6
-12
-32
-37
-66
-64
-49
-46
-48
-43
-27
-4
13
11
10
41
50
59
61
46
25
8
-6
-9
-18
-27
-32
-35
-41
-47
-47
-37
-18
0
35
50
44
45
46
40
23
2
-22
-37
-44
-62
-56
-49
-47
-26
-15
-12
7
26
40
42
43
49
48
30
3
-24
-44
-55
-62
-61
-41
-35
-32
-17
-5
14
31
55
55
48
53
45
42
32
0
-18
-4
5
-1
-18
-27
-36
-40
-19
-10
-2
6
18
20
26
39
59
55
