0
-21
-42
-82
-109
-131
-150
-164
-174
-186
-200
-222
-230
-249
-296
-326
-343
-347
-360
-356
-356
-370
-357
-340
-330
-319
-296
-259
-235
-223
-191
-157
-158
-169
-209
-217
-203
-198
-203
-205
-201
-196
-213
-238
-242
-220
-202
-229
-252
-251
-241
-225
-226
-243
-268
-295
-310
-317
-327
-322
-324
-326
-321
-294
-280
-275
-261
-239
-203
-171
-176
-180
-195
-210
-206
-202
-220
-244
-240
-234
-240
-239
-235
-238
-228
-214
-187
-179
-179
-178
-177
-190
-209
-226
-243
-261
-283
-297
-326
-344
-330
-302
-279
-265
-257
-268
-256
-227
-205
-200
-198
-175
-158
-152
-165
-182
-207
-213
-203
-204
-203
-209
-223
-203
-185
-180
-182
-166
-163
-161
-143
-159
-183
-208
-257
-274
-292
-306
-307
-292
-274
-283
-287
-263
-258
-261
-241
-209
-182
-164
-166
-165
-149
-135
-147
-181
-216
-209
-205
-201
-192
-197
-189
-189
-167
-165
-155
-142
-140
-144
-145
-154
-169
-196
-223
-251
-279
-283
-298
-289
-288
-297
-288
-281
-265
-251
-232
-213
-186
-170
-168
-149
-128
-127
-153
-171
-168
-171
-176
-164
-163
-162
-155
-165
-172
-157
-144
-139
-129
-126
-137
-144
-138
-172
-210
-238
-252
-260
-274
-279
-283
-282
-267
-248
-242
-250
-239
-210
-174
-159
-153
-133
-104
-103
-141
-169
-181
-179
-167
-168
-185
-178
-168
-154
-152
-144
-142
-141
-132
-141
-152
-155
-161
-185
-218
-227
-228
-238
-248
-265
-259
-243
-227
-205
-203
-201
-185
-163
-143
-136
-118
-98
-97
-96
-142
-180
-201
-198
-188
-192
-192
-178
-153
-146
-145
-124
-112
-125
-130
-143
-145
-144
-152
-165
-193
-208
-228
-246
-244
-261
-256
-248
-230
-223
-216
-208
-177
-159
-144
-123
-105
-91
-86
-104
-138
-148
-154
-152
-155
-155
-138
-134
-140
-157
-151
-125
-119
-116
-109
-98
-106
-110
-128
-157
-182
-217
-245
-269
-275
-257
-250
-249
-234
-214
-210
-199
-165
-137
-137
-120
-92
-72
-63
-57
-79
-102
-119
-143
-146
-121
-126
-130
-135
-130
-115
-98
-91
-102
-107
-110
-116
-113
-127
-151
-180
-204
-227
-238
-249
-246
-240
-244
-232
-209
-191
-180
-162
-146
-124
-116
-87
-60
-74
-73
-92
-116
-128
-147
-145
-136
-129
-108
-115
-124
-83
-63
-63
-67
-75
-90
-88
-99
-102
-124
-169
-195
-205
-224
-232
-222
-214
-211
-196
-187
-197
-200
-168
-135
-119
-94
-72
-60
-53
-57
-67
-91
-112
-114
-106
-110
-124
-118
-106
-118
-120
-114
-112
-100
-83
-84
-97
-107
-103
-116
-140
-159
-184
-204
-222
-227
-221
-208
-187
-179
-172
-168
-149
-136
-127
-108
-98
-62
-43
-51
-60
-74
-83
-72
-77
-82
-99
-97
-97
-105
-106
-98
-83
-68
-78
-80
-81
-87
-87
-84
-116
-146
-163
-169
-184
-184
-192
-181
-167
-168
-162
-162
-137
-112
-100
-81
-69
-59
-82
-88
-98
-115
-114
-102
-110
-118
-112
-115
-112
-104
-87
-64
-53
-57
-53
-59
-56
-59
-83
-102
-128
-150
-171
-176
-180
-186
-181
-166
-148
-142
-148
-136
-105
-103
-92
-75
-54
-29
-25
-38
-54
-72
-82
-86
-95
-90
-94
-86
-83
-82
-76
-76
-59
-50
-43
-39
-22
-28
-36
-65
-104
-119
-135
-161
-179
-165
-152
-153
-140
-135
-147
-151
-127
-101
-86
-60
-57
-40
-25
-46
-79
-71
-71
-84
-102
-105
-106
-94
-70
-75
-60
-33
-40
-38
-35
-29
-38
-59
-74
-85
-110
-134
-145
-141
-152
-148
-148
-144
-136
-141
-134
-123
-110
-81
-69
-42
-37
-17
-7
-17
-44
-75
-86
-95
-92
-74
-64
-67
-73
-71
-47
-35
-11
-18
-20
-28
-42
-35
-49
-72
-95
-121
-144
-161
-163
-163
-169
-169
-158
-147
-136
-128
-106
-82
-67
-43
-13
8
3
-3
-12
-27
-38
-61
-62
-62
-72
-72
-77
-78
-75
-48
-25
-28
-41
-49
-52
-58
-69
-90
-117
-131
-152
-157
-154
-151
-144
-134
-112
-92
-96
-95
-91
-72
-53
-49
-40
-20
-12
-4
-14
-36
-51
-63
-81
-93
-84
-77
-74
-68
-49
-21
-1
-9
-8
-10
-7
-17
-17
-44
-83
-102
-118
-140
-166
-161
-154
-156
-132
-119
-118
-122
-111
-95
-74
-46
-36
-26
-9
-13
-32
-61
-83
-76
-71
-69
-92
-103
-81
-60
-50
-50
-25
-20
-28
-31
-34
-25
-18
-37
-72
-106
-130
-134
-149
-146
-165
-161
-132
-128
-115
-113
-96
-75
-58
-27
-5
5
8
-3
-21
-56
-72
-68
-58
-52
-70
-70
-60
-55
-50
-41
-30
-45
-44
-31
-47
-43
-28
-34
-82
-109
-120
-130
-146
-145
-151
-123
-99
-89
-98
-105
-97
-81
-48
-31
-21
1
6
-4
-27
-35
-53
-56
-56
-66
-65
-56
-46
-39
-22
10
40
49
49
33
29
24
18
-14
-39
-59
-73
-73
-87
-102
-111
-117
-111
-99
-104
-87
-76
-63
-43
-24
-7
-14
-15
-24
-41
-53
-74
-82
-96
-108
-105
-112
-110
-113
-111
-99
-75
-63
-52
-30
-12
-6
-4
-12
-18
-36
-78
-107
-134
-139
-157
-168
-172
-177
-174
-179
-161
-148
-129
-105
-89
-101
-110
-94
-78
-65
-72
-124
-222
-332
-436
-547
-620
-585
-461
-370
-381
-457
-486
-429
-338
-246
-188
-182
-198
-275
-378
-363
-372
-211
164
286
-60
-619
-1186
-1448
-1243
-520
976
3906
9571
15988
19666
20482
19387
15518
10070
4724
90
-3555
-6454
-8821
-10117
-9881
-8578
-7252
-6444
-5963
-5669
-5527
-5400
-5141
-4680
-4085
-3448
-2819
-2275
-1806
-1385
-1025
-744
-523
-335
-178
-61
22
79
138
185
222
215
209
228
232
216
214
204
194
193
210
219
204
195
195
189
196
178
164
168
145
126
109
96
63
-5
-56
-93
-141
-178
-217
-261
-280
-289
-312
-345
-370
-387
-373
-356
-341
-320
-281
-271
-253
-243
-221
-198
-181
-150
-139
-120
-87
-59
-46
-24
-10
-16
-26
-25
-43
-64
-73
-65
-95
-135
-186
-225
-250
-279
-290
-307
-301
-288
-293
-297
-311
-305
-286
-274
-249
-236
-214
-201
-204
-209
-232
-230
-236
-238
-230
-218
-194
-176
-179
-170
-170
-158
-148
-141
-139
-150
-166
-166
-172
-182
-193
-193
-190
-188
-180
-174
-156
-110
-62
-42
-17
34
85
121
164
227
301
339
355
352
347
366
390
404
416
433
446
450
449
432
427
443
426
415
411
392
372
368
352
309
277
248
216
188
177
166
147
147
151
139
135
137
139
134
138
156
146
114
93
70
47
28
8
-17
-28
-42
-53
-56
-58
-68
-48
-36
-28
-37
-28
-12
-2
17
9
-14
-31
-29
-27
-23
-4
10
12
35
45
63
81
83
111
117
126
133
149
142
121
88
73
74
67
52
49
52
64
49
38
58
87
91
66
38
12
-12
-52
-76
-123
-175
-204
-225
-246
-253
-254
-274
-279
-268
-261
-275
-315
-347
-368
-355
-325
-303
-264
-244
-228
-204
-168
-140
-129
-120
-137
-171
-217
-306
-372
-405
-442
-481
-541
-549
-545
-527
-466
-396
-369
-353
-348
-350
-360
-386
-390
-371
-360
-345
-292
-224
-156
-102
-67
11
118
242
290
264
269
313
395
482
573
576
506
444
387
362
375
378
375
362
419
545
692
797
785
688
530
369
216
41
-124
-237
-296
-355
-436
-496
-518
-525
-506
-478
-432
-374
-304
-236
-161
-124
-107
-104
-94
-96
-95
-90
-79
-60
-53
-36
-32
-33
-32
-27
-32
-36
-22
-19
-17
1
-29
-54
-73
-79
-88
-106
-100
-108
-127
-121
-126
-132
-122
-89
-61
-51
-55
-55
-42
-40
-46
-62
-81
-96
-118
-130
-123
-128
-123
-96
-84
-77
-60
-43
-17
-2
3
-7
-8
-3
-26
-65
-90
-99
-108
-103
-104
-100
-79
-82
-93
-100
-101
-84
-74
-65
-58
-51
-25
-23
-31
-54
-63
-65
-82
-77
-76
-73
-58
-50
-33
-15
12
18
25
36
25
18
27
29
-5
-57
-73
-70
-76
-84
-97
-107
-107
-99
-87
-66
-62
-57
-45
-38
-37
-29
1
8
-9
-20
-38
-71
-77
-57
-64
-52
-34
-40
-38
-27
-5
19
32
33
35
55
56
46
23
1
-20
-30
-36
-54
-60
-68
-75
-76
-79
-59
-39
-28
-19
-17
-6
9
25
50
62
40
16
9
21
14
-4
11
30
31
20
33
52
67
77
74
66
69
71
70
45
15
-6
-24
-24
-40
-48
-53
-50
-25
5
6
0
13
32
44
72
85
79
76
68
49
33
34
32
16
17
2
-1
17
46
55
60
73
102
119
129
132
126
110
90
60
29
1
-27
-24
-8
-6
4
2
3
9
-1
14
33
58
95
98
100
96
91
84
73
61
55
53
55
50
54
67
85
103
114
123
120
125
131
108
91
98
56
14
2
-4
-11
-6
-14
-15
3
34
39
33
32
35
37
66
110
135
142
143
116
84
65
42
46
69
78
75
77
90
98
118
122
132
150
158
144
144
146
146
126
96
64
51
36
19
2
-6
9
25
27
32
40
69
87
95
115
136
152
158
159
147
113
90
71
60
65
66
72
75
74
85
106
116
117
113
123
119
123
108
71
15
-13
-4
-2
-18
-11
-19
-12
-4
6
9
24
53
66
59
71
75
95
99
97
64
38
40
40
47
54
68
76
79
88
91
89
98
109
101
80
80
79
68
40
5
-12
-22
-38
-38
-29
-42
-46
-31
-17
-21
-6
19
21
36
34
59
89
101
96
66
57
54
46
34
19
23
28
35
38
31
43
62
57
64
66
82
78
84
53
23
17
-2
-17
-39
-45
-30
-24
-9
-1
-9
13
30
43
71
85
94
109
118
107
88
71
64
46
25
23
29
20
25
26
38
66
84
92
87
74
81
79
75
55
34
18
-1
-29
-40
-37
-38
-28
-16
-12
-1
13
31
42
48
74
93
111
113
80
61
53
26
14
-2
-4
23
38
32
41
56
64
68
64
63
63
69
75
57
18
-4
-30
-48
-66
-74
-65
-95
-93
-85
-78
-56
-50
-27
2
22
46
61
79
89
71
50
21
12
15
26
24
21
38
31
26
26
53
51
36
35
20
15
-5
-5
-6
-20
-34
-52
-66
-69
-70
-64
-55
-44
-29
-22
-1
25
43
56
55
66
74
62
50
36
14
-2
-6
3
-6
3
1
-4
13
31
48
62
70
74
69
62
37
27
-7
-37
-61
-66
-57
-63
-66
-60
-55
-32
-24
-47
-53
-33
-6
29
51
54
62
64
49
27
11
-12
-31
-24
-12
-15
4
16
0
12
14
28
32
37
45
42
17
7
-4
-29
-43
-55
-54
-72
-81
-84
-86
-75
-64
-47
-34
-12
14
36
55
52
64
76
63
29
5
-1
-13
-9
7
18
27
43
26
21
42
55
46
57
60
56
62
75
39
16
9
2
-16
-31
-39
-52
-46
-40
-27
-19
-4
16
38
52
59
76
96
85
67
49
37
25
26
29
18
7
13
23
27
25
41
52
48
57
62
60
63
60
37
10
-1
-24
-49
-72
-91
-90
-70
-45
-39
-36
-44
-33
8
46
55
69
83
90
81
61
50
42
55
48
37
25
8
6
-1
11
36
35
31
38
47
49
46
41
16
4
-9
-40
-58
-71
-63
-55
-68
-71
-44
-24
-39
-24
4
36
69
88
111
122
95
73
55
47
36
15
15
35
35
20
15
21
32
40
45
50
68
75
71
65
47
21
-1
-23
-24
-27
-25
-50
-49
-33
-10
-14
-23
-4
13
35
52
53
76
79
73
75
61
54
30
26
37
36
27
28
31
56
89
94
84
83
92
86
79
83
53
5
-23
-18
-21
-33
-46
-47
-41
-29
-14
0
-4
-3
9
29
55
79
82
73
65
49
36
8
-20
-3
-2
12
11
21
40
45
62
63
70
85
83
76
62
65
44
11
-3
-26
-41
-48
-58
-73
-63
-30
-24
-28
-26
-5
24
49
76
67
53
58
42
27
22
19
30
25
13
20
42
45
41
51
52
54
67
68
80
77
63
56
12
-13
-26
-27
-42
-56
-49
-44
-39
-35
-25
-2
-10
4
33
55
67
49
69
68
56
45
24
20
17
19
31
34
32
42
51
56
69
89
90
86
79
81
82
70
34
2
-19
-37
-42
-43
-69
-90
-77
-40
-35
-39
-30
-13
9
28
23
38
65
66
41
16
3
-17
-12
-12
-8
8
30
17
24
25
47
44
34
41
21
21
37
29
-15
-51
-55
-67
-91
-101
-95
-83
-71
-51
-46
-39
-35
-14
14
25
39
47
58
68
32
0
-2
-4
-10
-19
-17
-13
0
-4
-9
1
27
46
53
41
26
18
12
21
-4
-31
-44
-51
-50
-69
-86
-93
-94
-77
-66
-56
-40
-39
-27
-8
20
49
68
60
21
-2
-5
-15
-20
-21
-13
-33
-31
-2
19
35
33
39
46
50
63
60
50
25
-16
-46
-70
-67
-69
-72
-66
-74
-64
-46
-40
-38
-35
-10
-4
24
41
45
68
76
55
31
8
-9
-13
-1
-8
-18
-21
-15
3
29
45
45
46
40
39
50
48
34
13
-5
-23
-33
-37
-52
-64
-85
-87
-70
-49
-40
-36
-8
-1
14
36
39
49
57
60
31
6
5
7
4
-2
0
12
18
9
9
21
13
38
45
35
38
30
12
-8
-35
-48
-51
-56
-60
-56
-56
-61
-40
-12
-1
2
8
7
20
40
70
76
61
58
46
23
11
6
2
2
1
11
12
7
1
11
30
51
62
72
81
69
69
40
10
-22
-24
-24
-50
-60
-68
-63
-45
-38
-28
-38
-25
17
56
73
87
102
101
73
41
15
16
21
13
8
11
22
30
28
28
44
45
35
38
69
86
67
59
12
-23
-52
-53
-61
-50
-39
-50
-49
-35
-17
-6
-2
15
22
22
32
48
76
71
41
14
-8
-17
-29
-16
3
21
32
35
39
39
69
79
80
71
49
45
59
61
35
-1
-16
-43
-66
-71
-74
-78
-80
-64
-42
-36
-20
-4
16
48
51
75
100
100
80
73
55
22
17
11
22
30
43
44
34
38
56
62
64
65
53
52
45
40
1
-31
-48
-66
-60
-64
-64
-61
-58
-47
-33
-20
-14
5
33
42
64
82
98
103
79
72
57
44
40
34
33
41
36
24
27
43
55
67
82
68
59
78
84
82
46
12
-16
-28
-50
-67
-48
-44
-40
-28
-32
-33
-7
12
16
31
66
90
90
76
67
51
46
38
23
23
31
24
38
37
29
40
53
61
68
82
90
96
91
75
39
7
-9
-8
-13
-30
-31
-37
-43
-42
-11
-1
-8
14
32
48
61
77
95
95
84
64
48
25
9
19
29
40
37
34
44
63
80
82
79
70
60
62
48
52
25
-2
-20
-12
-16
-10
-9
-31
-36
-39
-36
-27
-23
-7
20
56
58
60
73
91
72
55
48
23
14
25
11
11
24
37
31
41
59
69
74
85
89
95
85
87
58
33
20
-5
-19
-25
-28
-44
-53
-46
-47
-43
-13
-4
16
34
50
52
69
86
72
74
66
58
45
34
43
59
61
62
76
80
72
69
73
73
84
87
82
63
22
-8
-16
-31
-44
-34
-28
-41
-43
-35
-31
-20
-6
7
13
33
42
51
75
75
60
48
41
25
12
25
26
26
35
38
26
38
60
71
93
102
103
107
93
81
59
21
-8
-18
-25
-32
-29
-31
-32
-41
-18
-15
-16
17
34
48
57
78
106
112
85
47
24
14
10
21
16
27
43
50
48
54
85
88
82
70
60
73
73
63
21
2
-14
-25
-47
-67
-70
-82
-75
-49
-38
-28
-11
8
39
57
75
82
95
100
70
45
47
57
46
46
39
52
61
59
61
79
80
57
60
68
75
75
69
67
33
2
-21
-38
-58
-60
-42
-40
-38
-13
-7
-20
-11
9
22
33
39
52
71
74
62
51
29
38
45
49
54
55
52
54
45
66
85
89
90
90
73
60
63
72
42
8
-16
-37
-57
-50
-50
-61
-44
-17
-5
-9
-13
-4
32
68
84
93
102
94
69
66
41
31
32
28
26
19
16
22
26
42
66
77
82
89
70
73
62
46
13
-6
-12
-39
-56
-53
-44
-43
-36
-22
5
3
-10
2
27
52
63
75
88
85
74
66
61
38
29
28
21
36
45
64
54
56
71
81
76
61
61
66
65
46
1
-24
-34
-48
-61
-69
-61
-46
-46
-22
-1
-2
1
14
38
59
81
81
77
80
67
54
38
39
38
32
31
31
34
46
46
51
67
104
108
84
72
75
68
57
25
1
-20
-26
-44
-59
-43
-42
-40
-16
-19
-26
-10
21
34
52
66
87
107
112
89
66
28
8
9
27
51
53
49
49
57
61
67
71
63
73
74
77
86
79
49
19
-7
-34
-53
-48
-42
-41
-23
-2
2
-18
-11
17
33
59
68
76
80
85
67
50
53
41
22
24
36
47
49
59
57
76
96
92
78
63
70
92
79
65
13
-12
-27
-32
-30
-34
-25
-24
-29
-21
-16
-21
-20
5
41
65
83
101
129
132
102
81
82
75
61
37
38
58
53
51
64
77
97
103
100
82
67
67
60
64
17
-1
-8
-1
-10
-14
-7
-21
-30
-19
-2
4
-1
-2
15
40
65
80
90
91
80
68
51
32
30
34
38
48
49
39
53
75
81
96
99
100
105
104
94
87
52
25
-11
-25
-29
-33
-27
-30
-18
5
25
16
16
44
54
63
71
70
62
49
50
42
39
43
39
40
47
55
74
71
73
71
69
71
76
76
76
70
71
69
31
-2
-16
-28
-50
-45
-37
-42
-27
-2
29
36
31
34
39
60
91
109
113
104
80
61
50
39
28
39
48
69
68
53
53
68
101
89
85
89
76
84
84
93
44
8
-24
-45
-50
-59
-49
-24
-7
5
15
36
53
66
79
106
125
145
168
167
129
114
83
58
53
52
52
55
49
49
56
66
63
67
83
82
87
78
76
91
83
63
23
-13
-45
-62
-59
-70
-57
-44
-38
-38
-38
-14
-4
-11
-6
-9
21
39
28
19
7
8
27
45
35
35
37
35
35
40
41
33
20
5
-20
-38
-49
-37
-40
-51
-69
-46
-23
-44
-42
-9
50
69
19
-79
-166
-232
-338
-443
-516
-430
-279
-211
-244
-311
-299
-243
-173
-129
-124
-107
-121
-179
-242
-277
-363
-281
-15
55
-245
-618
-795
-492
259
1705
4489
8935
14687
18712
20037
19228
15760
9362
3168
-1412
-4802
-7176
-8508
-9012
-8770
-7980
-6990
-6359
-6151
-6026
-5820
-5469
-4929
-4276
-3632
-3030
-2464
-1954
-1522
-1164
-839
-624
-469
-330
-201
-102
-16
50
73
94
117
121
97
49
42
52
72
124
147
173
193
214
225
249
264
264
265
258
219
194
163
122
88
41
12
-17
-47
-77
-108
-138
-150
-161
-183
-215
-229
-224
-224
-227
-246
-246
-255
-247
-226
-203
-169
-136
-109
-100
-99
-85
-83
-57
-57
-56
-57
-55
-44
-41
-70
-115
-136
-142
-160
-158
-144
-152
-136
-134
-127
-99
-60
-42
-30
-9
12
24
40
52
46
38
12
-11
-15
-6
-19
-20
-15
-12
0
4
18
50
87
117
149
172
182
188
206
215
219
220
231
248
267
292
303
322
351
356
385
399
421
432
435
455
469
477
468
455
444
436
428
414
402
395
409
427
424
419
415
428
429
426
425
420
411
376
318
289
267
232
211
179
143
107
58
47
31
27
17
-3
-17
-21
-18
2
11
10
3
0
-24
-40
-46
-47
-26
-30
-14
25
45
62
83
121
131
168
209
242
279
291
269
243
235
241
231
233
235
222
211
216
204
165
152
151
131
118
126
133
118
97
68
56
40
52
58
41
14
-24
-55
-63
-63
-84
-83
-69
-66
-56
-40
-26
-6
-2
-27
-62
-112
-173
-225
-258
-283
-283
-288
-274
-243
-224
-171
-129
-90
-57
-39
-44
-54
-105
-197
-299
-375
-437
-505
-558
-584
-593
-562
-482
-393
-349
-310
-270
-240
-229
-217
-191
-169
-159
-138
-110
-63
0
47
71
118
205
283
300
269
279
365
444
533
603
620
568
491
415
348
308
272
260
261
312
432
579
683
707
640
534
438
352
242
116
27
-10
-66
-122
-204
-246
-285
-292
-279
-232
-194
-164
-127
-97
-74
-38
-4
11
4
8
4
8
-4
-20
-49
-59
-69
-78
-83
-90
-84
-77
-59
-32
-4
26
36
46
73
116
144
150
151
143
125
102
78
61
34
20
3
-4
-14
-33
-46
-33
-13
-21
-26
-14
0
10
6
-11
-41
-64
-81
-81
-81
-76
-71
-71
-66
-36
6
31
32
45
51
72
75
83
84
75
58
42
37
20
4
-4
-9
-8
-16
-9
-8
7
42
48
52
51
53
42
35
34
-5
-31
-26
-38
-53
-54
-55
-54
-29
-19
-11
1
16
17
38
67
80
94
95
92
63
61
46
28
4
-16
-34
-37
-25
-5
9
29
63
72
76
73
63
65
72
75
42
30
4
-22
-19
-24
-48
-43
-16
5
14
9
20
33
44
60
75
88
103
111
84
68
46
44
49
60
57
63
69
74
70
81
83
66
87
106
109
107
106
83
47
41
20
10
10
0
2
-4
-2
9
33
54
62
94
114
131
129
119
133
140
126
103
74
68
64
57
54
54
54
54
80
89
97
110
120
124
126
131
123
88
69
56
33
31
21
-4
-9
-3
11
26
47
53
56
89
113
135
129
143
156
152
156
136
107
99
101
106
102
111
120
106
98
100
114
117
112
123
122
122
109
102
70
50
41
38
29
13
11
12
19
35
43
48
55
86
106
120
139
140
158
179
154
121
108
103
101
93
101
123
111
115
119
120
130
124
117
116
118
114
114
119
91
54
37
17
1
11
11
9
27
39
45
58
75
81
92
116
118
135
141
145
132
127
118
94
83
87
85
86
94
100
101
116
134
132
123
127
119
129
128
116
81
35
17
14
3
13
13
6
29
38
42
54
57
66
98
116
114
111
107
109
117
110
89
73
70
95
112
103
106
90
84
102
117
114
109
123
120
131
120
98
84
59
21
-3
-7
11
18
4
6
16
26
28
20
45
60
85
93
101
96
99
97
77
60
57
56
63
68
80
75
86
110
128
126
112
106
90
93
107
110
106
77
52
37
14
3
0
2
4
5
26
32
40
50
70
88
91
103
117
114
119
109
93
95
100
105
95
87
70
58
76
89
105
115
123
125
132
121
115
105
99
52
20
3
-1
-10
-16
-16
-10
22
49
45
37
44
66
74
88
101
116
132
125
99
77
65
65
68
80
84
83
83
82
89
85
96
105
114
123
126
127
121
113
91
60
40
26
6
11
2
-14
-6
5
17
29
43
58
68
85
93
112
120
100
69
62
59
56
60
74
70
69
75
75
75
85
102
102
109
104
66
65
79
77
35
-6
-21
-24
-19
-35
-44
-30
-4
14
35
46
63
67
73
78
82
98
114
120
102
84
77
62
59
62
51
63
65
61
71
81
93
87
98
116
113
83
57
52
9
-5
-6
-28
-38
-50
-59
-47
-32
-31
-32
-6
15
41
71
87
100
136
148
145
121
97
89
82
59
46
48
53
58
54
54
63
89
96
98
100
96
76
66
67
36
15
-10
-10
-20
-34
-34
-49
-52
-26
-19
-12
12
45
58
63
69
85
102
111
111
97
75
56
50
55
53
68
70
64
72
77
83
93
105
111
94
89
83
64
20
-2
-14
-25
-47
-45
-36
-43
-33
-20
-16
-13
-4
15
36
59
63
88
99
107
86
66
80
82
64
53
44
59
73
71
81
91
102
89
97
121
117
110
93
75
38
16
9
-3
1
-3
-16
-30
-23
-6
4
6
19
43
60
81
94
106
122
121
104
87
53
32
48
70
58
49
60
70
75
78
95
103
111
98
79
76
68
59
20
1
-14
-22
-26
-26
-31
-33
-14
-2
-12
3
28
43
55
71
91
95
84
75
63
59
64
77
72
43
27
32
43
32
37
53
70
91
107
114
127
128
119
91
61
35
6
-11
-22
-38
-39
-31
-14
7
17
2
8
34
63
81
81
78
90
90
74
62
56
35
20
13
14
24
51
53
57
64
84
100
108
117
119
123
120
113
81
46
20
2
-19
-21
-17
-21
-35
-22
-7
-8
8
21
31
50
67
89
116
126
104
83
84
67
50
50
53
57
57
67
80
93
117
108
115
113
102
112
114
95
49
4
2
-10
-17
-22
-34
-41
-28
-9
0
10
15
24
43
69
85
98
112
114
82
51
45
42
34
33
36
45
65
77
77
75
94
89
76
75
95
86
77
78
37
4
-15
-29
-51
-60
-57
-45
-22
3
10
14
20
38
47
75
86
98
97
86
75
60
58
45
35
35
43
38
39
51
61
69
85
86
95
98
90
92
83
65
40
17
-17
-27
-30
-29
-29
-32
-25
-5
-4
-17
-23
3
32
66
64
79
90
94
84
69
48
44
49
47
37
48
51
63
81
73
80
86
82
69
77
87
77
76
40
1
-19
-35
-46
-63
-59
-45
-46
-32
-6
5
18
27
49
73
83
86
83
84
65
48
44
32
22
30
40
43
38
45
50
54
49
75
100
110
120
120
110
88
44
26
4
-10
-23
-35
-24
-20
-18
8
12
6
-2
11
28
55
86
102
109
105
68
57
49
46
41
34
14
12
28
30
34
54
67
76
70
77
93
94
89
88
58
21
2
-5
-22
-19
-12
-8
-4
3
7
-1
14
33
36
50
56
65
73
71
47
33
25
13
8
12
0
6
26
35
40
42
80
92
89
99
90
78
85
76
45
10
5
-2
-16
-30
-51
-55
-37
-7
1
5
3
20
50
61
64
78
96
88
70
63
41
20
28
39
32
39
67
70
64
74
99
100
99
105
94
84
88
71
26
0
-28
-33
-28
-29
-30
-21
-16
-4
8
12
19
33
48
74
80
94
98
100
76
57
42
38
36
35
37
39
41
54
62
86
106
107
110
101
100
97
92
84
28
-15
-49
-51
-41
-28
-19
-28
-16
14
23
18
22
28
47
50
65
93
100
100
74
57
52
45
30
32
34
34
50
59
66
78
93
92
94
107
104
86
88
75
43
21
3
-16
-24
-22
-23
-26
-20
-11
7
7
17
45
54
85
103
101
94
98
80
63
57
38
24
30
45
55
69
64
71
77
96
107
106
105
91
95
100
99
68
32
-6
-26
-34
-18
-7
-16
-14
-3
6
4
25
52
65
81
83
96
101
107
86
70
55
65
78
72
67
60
56
74
92
99
106
100
97
93
74
61
65
80
40
5
-15
-30
-36
-38
-32
-18
-11
-10
5
16
22
31
50
61
75
104
125
137
98
76
61
45
54
56
50
61
80
74
73
95
117
110
107
106
113
97
108
95
55
31
12
6
-6
-25
-33
-25
-2
4
15
34
32
47
79
99
94
89
102
112
94
82
70
61
66
57
44
49
67
86
89
90
107
118
117
112
113
108
99
86
49
30
18
17
-1
-25
-25
-14
-3
11
29
20
32
62
85
103
96
99
104
111
83
58
34
28
25
35
46
56
60
64
89
90
102
101
94
97
102
104
100
93
63
27
4
-16
-24
-37
-44
-34
-20
-3
9
23
37
53
63
66
89
108
111
120
93
69
55
50
43
41
45
46
50
65
73
95
120
112
94
93
91
88
81
64
23
7
3
-3
-18
-28
-33
-27
-8
-2
15
34
54
68
71
93
110
101
102
104
99
94
66
39
40
48
46
43
59
73
74
74
101
118
110
118
107
95
83
68
31
0
-14
-22
-34
-34
-40
-51
-48
-30
-16
5
37
71
91
91
91
98
112
94
83
77
67
60
57
62
60
72
98
101
97
108
117
117
117
107
111
103
84
73
41
24
10
-5
-24
-23
-19
-35
-33
-15
0
-4
13
34
63
78
82
100
99
89
68
53
51
35
29
33
41
50
47
49
54
57
85
103
112
122
129
112
102
80
41
31
30
23
1
-10
-3
-16
-28
-16
1
14
30
55
77
79
80
101
116
127
106
90
82
64
59
74
88
92
95
98
89
90
84
82
81
87
80
76
77
76
34
12
-9
-20
-33
-26
-12
-9
-3
16
29
25
25
28
54
69
93
112
119
123
96
78
71
62
46
41
47
36
37
40
39
49
100
130
129
112
82
71
81
71
44
17
4
9
1
0
3
-3
-3
-4
8
5
21
51
65
83
101
125
132
125
117
92
74
52
53
75
68
69
76
62
59
73
83
80
98
124
112
105
84
79
47
38
22
-8
-28
-18
-31
-32
-19
-4
5
10
24
43
73
91
91
105
112
106
90
86
89
82
84
77
65
78
79
91
76
74
74
81
93
91
97
111
102
90
41
28
31
10
-8
-21
-21
-12
-3
4
12
31
39
47
59
62
80
95
102
95
68
52
64
62
64
60
59
64
58
67
87
107
107
89
83
92
82
81
86
84
72
53
25
20
11
10
8
-4
0
7
9
12
40
74
94
106
104
99
113
123
100
69
66
67
51
56
79
105
100
92
101
104
116
126
116
94
91
93
73
44
22
-2
-10
1
-16
-32
-48
-61
-34
11
25
24
50
66
79
109
113
101
95
91
74
52
32
21
31
38
32
16
17
15
22
51
78
79
80
87
95
80
45
29
-6
-24
-31
-34
-33
-9
5
4
10
10
-20
-56
-58
-17
45
103
137
132
127
122
64
-10
-71
-127
-130
-125
-163
-266
-409
-500
-560
-582
-568
-593
-674
-909
-1321
-1838
-2329
-2872
-3383
-3695
-3507
-1970
1799
7970
14224
18890
22332
24423
22445
17552
11823
6472
1842
-1923
-5098
-7829
-10024
-11630
-12003
-11314
-10421
-9494
-8341
-7041
-5877
-5012
-4376
-3799
-3207
-2667
-2220
-1835
-1472
-1142
-897
-701
-528
-376
-254
-135
-4
110
158
163
160
176
222
255
268
260
271
304
288
288
283
295
291
290
278
256
217
201
199
169
122
93
87
83
79
62
64
73
36
-1
-19
-34
-57
-78
-122
-167
-187
-195
-222
-240
-260
-256
-238
-224
-201
-206
-188
-165
-147
-120
-92
-60
-35
-27
-48
-48
-26
-16
3
16
24
21
3
11
27
40
58
56
61
45
45
30
16
-10
-50
-61
-60
-72
-82
-89
-69
-48
-16
10
10
32
73
116
159
217
259
302
328
350
342
341
341
344
361
380
392
409
425
432
444
454
453
448
450
445
433
431
432
420
383
354
359
356
345
341
340
333
346
358
354
349
349
354
355
359
345
323
291
253
220
179
127
105
77
74
48
26
23
11
12
13
27
35
39
40
48
58
71
67
39
43
39
43
43
47
53
73
80
85
110
123
144
162
181
229
252
272
286
290
287
280
266
244
206
204
203
201
185
175
160
144
153
156
175
177
179
168
148
145
136
116
101
69
30
5
-19
-33
-32
-36
-58
-82
-91
-80
-59
-33
-19
-4
-10
-26
-61
-110
-172
-200
-195
-204
-207
-184
-170
-150
-116
-86
-54
-17
11
5
-7
-24
-63
-133
-240
-325
-371
-427
-465
-471
-458
-427
-374
-297
-256
-224
-204
-166
-157
-135
-108
-67
-62
-40
-18
36
90
117
121
157
233
316
349
326
341
410
494
565
621
609
534
470
441
414
374
332
320
323
372
501
619
678
677
588
462
327
204
86
-40
-117
-163
-203
-234
-238
-230
-203
-178
-156
-128
-90
-65
-39
-14
15
33
37
40
50
39
29
16
-5
-16
-41
-66
-85
-85
-84
-57
-34
-34
-34
-11
-2
11
34
66
102
116
117
107
121
129
105
73
55
26
4
6
20
-4
1
10
2
-3
-5
-6
-19
6
22
15
9
3
12
-2
-9
-27
-39
-44
-44
-52
-39
-11
-3
-8
-2
12
28
55
67
76
110
117
110
85
77
51
44
46
37
34
39
24
19
17
26
34
39
51
60
68
78
70
53
21
0
-24
-33
-37
-44
-51
-41
-9
1
25
42
36
52
66
81
105
97
106
105
96
66
52
46
27
24
39
43
40
34
56
68
71
94
103
105
105
106
97
62
31
4
-4
-2
-18
-37
-51
-45
-37
-24
-2
11
30
47
52
85
110
118
119
105
76
49
39
39
33
44
51
60
58
67
72
83
89
87
100
110
112
116
114
101
66
22
2
-5
-25
-20
-17
-8
-9
1
16
22
56
81
103
121
117
132
130
126
100
90
84
73
87
100
94
81
71
70
75
86
100
104
112
107
111
112
105
92
63
27
-1
-5
-15
-17
-15
-6
12
20
24
25
48
60
70
82
103
125
140
141
123
124
101
81
80
71
62
65
64
62
85
114
116
98
107
112
115
111
115
93
46
22
8
16
9
4
-6
-13
4
22
39
42
39
55
81
94
97
111
133
133
104
72
57
60
63
73
73
84
91
81
88
122
131
138
156
164
153
143
132
107
81
61
41
31
24
18
10
24
54
65
64
63
73
81
88
104
111
135
141
125
93
65
59
55
50
54
69
95
102
85
94
110
124
119
131
137
134
140
133
109
61
34
13
-1
-3
-10
-10
7
26
29
30
46
52
67
92
114
139
155
148
139
128
96
83
76
82
94
102
111
99
110
116
133
145
147
148
118
107
105
107
92
34
6
1
4
-3
-18
-11
-9
11
27
17
41
78
95
114
122
122
139
140
124
101
86
88
83
84
78
72
75
61
56
84
101
103
104
118
123
112
94
81
70
50
42
29
17
1
-15
-12
-16
9
30
39
44
52
70
86
108
125
120
126
133
104
99
87
59
53
58
66
78
95
95
97
99
113
129
133
124
110
116
113
85
51
22
2
-4
-15
-12
-7
-1
1
-6
12
12
44
72
101
108
113
154
171
175
164
139
123
106
107
111
91
94
92
75
75
83
95
103
101
95
95
101
105
92
65
47
26
11
-10
-10
-5
-1
21
40
44
25
31
69
103
115
118
129
133
135
115
86
65
57
63
44
47
59
68
85
83
90
114
138
126
107
101
104
108
86
64
47
34
31
6
-2
10
4
12
15
19
26
44
67
88
100
105
116
110
95
77
64
54
57
67
86
88
87
89
89
94
105
111
123
123
116
98
94
95
70
26
-6
-18
-9
-21
-21
-24
-8
25
42
49
39
49
73
78
104
118
141
152
133
117
103
85
67
63
85
83
65
53
52
71
91
105
113
104
93
88
102
94
45
33
33
16
4
-11
-15
-27
-16
2
17
27
29
44
66
95
123
120
131
130
124
88
66
80
78
69
70
61
71
86
83
76
77
109
112
121
116
98
96
103
80
51
48
28
12
-19
-34
-31
-30
-18
9
15
22
41
64
94
103
100
118
118
118
104
98
87
75
67
53
56
70
76
76
82
89
91
92
82
101
126
114
98
59
28
17
-1
-12
-27
-25
-7
-7
8
32
45
46
55
68
74
90
110
125
132
126
115
97
65
42
39
56
70
88
97
98
106
120
144
156
127
121
126
127
123
99
67
17
1
-4
-10
-8
-27
-26
-17
-13
-11
-3
21
52
69
75
77
99
115
124
106
74
58
51
61
83
86
90
110
119
120
114
124
113
103
108
109
108
93
74
35
18
6
-11
-12
-1
0
-1
-1
18
31
41
44
61
76
88
91
88
94
104
82
67
57
44
49
54
49
62
74
63
71
92
114
108
128
146
140
131
131
101
47
12
-3
0
-10
-16
-26
-14
1
24
30
33
29
57
82
76
69
85
110
117
93
85
67
75
72
55
55
67
73
71
70
97
118
126
137
140
134
133
131
87
61
47
29
19
8
-2
14
7
0
-6
3
15
46
69
84
101
98
105
104
100
91
75
64
59
52
48
53
72
86
90
86
82
101
114
111
111
110
100
85
81
57
15
-7
-16
-28
-23
-33
-40
-22
-10
-9
-21
15
52
59
60
65
89
103
104
89
80
88
78
84
92
87
77
58
60
82
91
88
84
81
85
89
90
84
64
26
5
-11
-14
-14
-5
3
9
25
34
20
9
32
48
48
58
68
94
105
96
59
43
36
20
18
16
12
23
50
77
88
94
100
100
112
126
111
100
104
88
51
43
37
15
2
-8
-29
-33
-24
-4
12
23
25
45
52
71
77
90
100
88
61
64
51
37
18
30
40
48
56
52
65
76
76
78
67
67
82
84
70
46
23
14
-1
-14
-28
-37
-47
-33
-8
-1
8
28
56
70
84
104
94
109
122
109
94
98
78
55
48
45
32
33
31
42
53
72
79
82
95
98
100
97
85
48
17
-8
-23
-24
-19
-15
-19
-3
-6
3
22
31
45
44
55
83
107
127
130
111
75
56
51
39
47
53
59
79
92
102
107
116
114
115
115
105
98
84
67
63
46
22
8
-8
-3
-7
-7
-13
-17
3
14
30
42
65
86
96
89
107
122
129
100
77
70
72
59
64
68
65
61
55
54
69
94
106
93
89
108
110
103
84
57
26
5
-11
-29
-35
-21
-8
12
13
1
5
36
61
86
108
99
105
120
117
100
88
74
79
81
87
79
70
73
78
95
89
88
91
101
110
105
99
97
72
31
-8
-2
0
-6
-7
-17
-13
-4
10
10
-1
31
53
77
93
107
116
116
108
90
87
60
40
49
56
51
52
61
72
80
94
123
135
137
127
122
106
89
46
14
4
-6
-16
-16
-24
-31
-8
7
9
10
26
45
71
95
106
102
115
102
101
89
88
86
83
75
61
64
77
78
71
65
93
98
95
97
96
97
86
89
63
22
22
4
-25
-47
-43
-23
-8
5
11
19
22
30
27
35
53
78
91
102
94
83
77
73
79
65
55
60
63
58
67
61
70
84
88
104
106
117
119
107
78
53
30
15
1
-18
-23
-20
-15
-7
-1
10
12
21
44
56
75
92
112
134
139
122
104
85
64
44
50
69
78
78
94
97
103
104
105
110
118
112
100
87
69
49
17
-16
-27
-28
-18
-26
-39
-38
-16
7
15
43
60
79
102
87
96
129
129
100
75
61
59
65
70
78
78
68
67
73
101
123
124
125
130
133
120
113
89
40
-3
-22
-33
-53
-48
-37
-29
-26
-19
-20
-7
16
47
75
78
95
97
124
132
114
101
82
63
59
78
76
58
56
65
83
102
95
106
131
120
113
118
103
70
39
22
-4
-12
-26
-15
-24
-16
-10
11
24
32
41
50
65
85
110
126
137
120
102
80
67
61
59
56
54
77
74
79
96
106
114
132
125
120
105
105
95
75
49
27
-1
-23
-25
-17
-13
-1
8
7
12
14
38
58
73
94
98
126
128
112
94
80
82
78
52
53
48
55
72
76
76
97
119
123
122
118
117
122
107
70
25
3
7
-11
-40
-44
-25
4
6
15
25
39
65
78
83
74
87
117
133
128
105
78
67
58
49
61
73
71
77
100
100
102
119
108
105
98
102
106
95
52
16
19
7
-14
-14
-7
-19
-13
2
11
24
32
41
53
76
97
119
132
139
126
95
91
82
70
56
68
66
59
64
51
66
95
95
95
90
91
86
90
100
69
34
29
13
-2
-13
-11
-15
-19
-4
-8
-15
-9
14
51
80
99
121
135
134
120
98
95
81
56
65
71
78
78
68
71
77
93
109
114
100
85
100
111
105
78
47
9
-10
-16
-17
-8
-11
-1
2
20
46
45
50
57
92
116
135
147
136
105
90
76
72
56
64
65
82
88
77
84
96
109
119
135
136
122
117
118
98
57
30
13
-7
-17
-18
-27
-17
-6
0
9
8
5
17
44
79
118
141
161
170
172
157
144
133
112
101
73
69
54
53
57
69
80
73
64
50
54
66
61
53
49
23
-6
-24
-14
-17
4
26
31
31
32
29
20
31
57
64
52
53
61
64
58
33
19
9
1
8
10
5
16
28
34
25
37
52
69
101
120
120
112
109
67
17
-46
-96
-136
-158
-125
-97
-83
-57
-26
-7
-41
-93
-138
-186
-190
-192
-200
-237
-352
-467
-571
-663
-717
-763
-855
-1048
-1402
-1894
-2482
-3148
-3830
-4218
-4145
-3174
-246
5694
13528
20151
24902
27940
27564
23272
16673
9884
3599
-2092
-6481
-9721
-11689
-12440
-12161
-11602
-11205
-10657
-9691
-8437
-7158
-6145
-5336
-4629
-3952
-3386
-2927
-2499
-2070
-1673
-1323
-1044
-778
-503
-224
11
199
342
437
476
489
490
476
433
402
372
337
304
281
269
254
257
258
256
262
275
282
283
283
278
273
266
252
218
186
158
128
97
57
26
-14
-48
-65
-87
-117
-142
-174
-192
-202
-218
-232
-244
-287
-303
-315
-326
-315
-317
-303
-275
-258
-227
-175
-127
-93
-55
-24
4
30
56
75
107
110
86
80
78
58
39
37
47
47
47
30
41
44
30
37
46
37
43
47
52
24
3
1
6
9
33
82
119
150
176
198
230
265
312
332
348
379
414
455
474
477
465
464
470
460
467
473
467
459
467
478
482
466
465
460
446
454
430
419
413
395
376
351
339
317
293
264
227
214
193
188
178
174
178
171
152
140
118
113
115
91
50
35
29
19
23
25
24
30
44
51
59
84
95
113
134
145
167
172
194
178
162
146
128
127
118
113
101
106
131
152
156
185
211
228
259
259
251
247
251
235
202
185
155
146
150
140
125
131
140
144
152
167
169
162
164
150
139
124
117
61
7
-49
-82
-88
-120
-140
-144
-131
-113
-98
-102
-105
-111
-117
-142
-159
-167
-131
-112
-116
-109
-110
-97
-67
-30
-11
2
-3
-22
-79
-138
-187
-237
-285
-316
-346
-378
-372
-334
-304
-253
-221
-208
-209
-224
-224
-236
-246
-237
-197
-186
-160
-88
-1
53
66
105
206
304
347
325
301
367
453
531
597
607
583
527
487
451
439
451
449
453
480
590
721
800
820
731
582
458
332
194
57
-62
-130
-187
-249
-320
-345
-329
-297
-268
-229
-190
-143
-103
-60
-47
-52
-54
-62
-58
-49
-18
-8
21
44
57
85
76
70
71
68
80
77
84
59
27
30
32
15
15
34
31
18
31
41
43
40
41
53
51
55
62
85
99
64
15
-11
-19
-19
-32
-20
-31
-31
-11
0
8
28
49
59
66
69
74
61
69
51
25
8
-16
-34
-45
-40
-35
-31
-13
5
14
19
44
58
71
91
90
112
108
85
53
42
33
17
11
23
24
33
36
45
64
78
95
69
70
70
82
94
92
67
28
-14
-19
-26
-26
-32
-29
-14
2
16
16
29
48
65
101
117
131
144
137
126
107
77
52
41
53
48
50
58
57
61
58
75
76
91
99
109
114
113
99
60
22
-8
-6
-8
-12
-27
-43
-24
12
20
17
17
35
59
105
123
124
122
131
132
115
99
83
91
80
72
86
84
76
84
85
83
102
115
111
100
90
88
97
75
51
36
16
4
-1
-7
-20
-19
-15
18
41
42
67
94
109
118
123
140
163
148
113
83
74
72
62
73
74
80
85
87
95
105
120
129
120
109
96
103
110
78
45
10
-6
-11
-6
2
4
10
23
29
56
76
100
105
107
106
98
107
115
119
94
76
70
77
84
73
71
76
82
88
83
99
113
119
125
118
109
100
82
57
25
8
-4
-11
1
10
-2
-11
-2
16
25
33
53
75
94
112
126
138
142
128
110
96
84
91
85
73
76
78
94
96
99
121
120
107
101
107
114
105
94
65
41
33
27
15
3
-14
-15
-5
14
37
36
42
56
62
89
116
120
138
151
133
106
87
70
61
65
72
71
67
72
76
73
79
80
85
91
92
100
99
116
84
57
23
18
14
4
14
21
25
41
53
58
53
57
79
102
111
112
121
135
122
98
59
67
70
54
60
60
52
51
62
78
104
118
118
111
116
114
113
109
79
50
24
7
-1
-5
-1
-1
7
15
14
22
9
27
50
72
101
112
121
113
107
91
65
60
63
67
69
68
72
81
77
87
105
99
86
86
87
81
73
80
68
29
20
15
12
4
12
10
13
19
42
56
68
90
107
106
108
121
130
120
119
112
90
73
73
84
85
76
76
82
85
91
115
104
98
104
93
109
125
127
82
48
35
9
-3
-10
-20
-25
-30
-22
-16
7
25
52
80
85
87
88
110
136
119
83
58
56
56
61
67
71
86
95
97
98
100
114
130
125
109
98
102
96
58
30
5
-6
-13
-12
-12
-5
13
37
34
37
43
63
76
88
107
120
131
132
124
98
66
47
48
54
52
66
81
75
76
81
99
120
121
114
107
107
107
118
99
58
21
-6
-23
-40
-42
-38
-27
-13
2
8
14
39
64
77
86
95
114
129
130
117
102
92
84
72
67
79
85
76
74
82
101
123
121
107
101
111
111
104
63
26
4
-21
-40
-56
-47
-48
-34
-12
20
27
44
71
77
78
97
126
144
150
134
114
120
116
101
102
109
106
93
92
87
94
89
89
90
84
84
85
81
84
71
39
25
11
0
-2
4
-5
1
28
39
42
54
69
80
102
118
115
117
126
101
77
53
33
18
13
14
29
50
58
65
90
132
149
142
125
130
127
112
109
90
78
75
52
40
12
0
-14
-1
4
25
38
38
56
78
94
100
91
100
100
72
58
51
57
61
62
64
70
59
59
70
79
105
106
91
92
100
105
103
95
67
36
16
16
15
20
22
12
17
40
61
60
62
87
99
111
125
131
148
148
133
114
88
62
53
52
36
45
54
73
89
89
92
100
120
129
120
124
131
133
104
67
30
12
11
-9
-24
-22
-15
4
23
27
27
54
75
95
115
125
134
134
129
115
103
94
88
77
57
51
48
76
96
102
123
117
121
118
112
101
96
108
86
59
32
19
16
8
16
-5
-10
13
20
21
25
42
67
102
110
97
101
118
105
80
61
57
54
61
59
51
53
61
77
96
120
121
106
121
124
115
105
95
56
29
17
25
26
23
32
26
28
42
50
55
51
71
83
84
90
91
92
95
84
74
66
62
60
78
78
81
90
87
88
101
119
120
110
115
115
121
128
116
80
57
60
41
22
6
-17
-10
6
15
17
22
42
57
70
83
92
113
133
134
115
90
79
74
70
59
52
54
62
63
71
83
101
126
124
107
104
108
97
115
97
68
40
6
-14
-20
-6
0
0
9
17
37
53
60
68
70
73
93
111
135
114
88
73
57
60
68
59
55
56
47
38
55
92
120
136
128
117
121
117
110
68
44
25
24
10
-13
-11
-15
-3
1
16
21
34
50
64
76
82
97
124
128
114
94
87
83
80
86
91
82
75
77
86
91
107
133
123
106
98
97
87
65
29
26
7
-9
-16
-14
-9
-10
7
20
28
50
55
60
66
86
108
119
133
143
140
111
87
81
72
64
61
68
62
59
53
57
73
87
107
114
113
108
105
119
92
60
36
24
13
-10
-18
-15
-4
7
1
-9
1
31
47
75
92
99
95
92
78
50
46
44
57
61
55
57
60
64
72
77
81
89
113
110
100
106
112
126
83
50
29
7
-10
-17
-9
-21
-16
13
16
21
29
52
72
84
99
117
139
141
120
90
73
49
29
26
13
19
51
66
72
86
99
109
117
128
118
117
112
109
73
46
24
8
-3
-6
-8
-14
-3
16
23
17
29
50
71
90
85
101
126
140
122
82
63
64
57
52
57
53
71
75
75
83
85
93
114
126
114
119
104
98
67
32
19
11
-10
-25
-21
-10
6
8
15
30
48
74
86
101
109
116
128
132
124
89
74
82
80
76
83
91
86
93
90
91
118
139
129
122
118
110
94
89
56
11
-10
-24
-25
-25
-27
-23
-28
-8
6
26
53
73
105
112
114
122
130
142
134
112
103
79
54
52
69
80
90
101
103
108
116
125
133
119
105
110
92
96
79
40
10
-10
-20
-29
-16
-18
-8
10
20
32
26
30
35
58
88
105
124
123
105
92
84
79
79
80
78
80
73
77
85
111
110
112
121
124
118
129
123
107
54
18
9
0
-21
-10
-7
-10
-16
4
22
21
31
63
87
104
102
106
126
137
126
114
85
57
39
35
29
39
53
52
69
85
115
116
120
126
127
122
119
105
77
50
11
5
-7
-36
-36
-21
-23
-4
23
28
28
38
50
78
103
105
112
117
114
88
77
67
85
93
88
78
56
59
84
86
102
117
106
99
99
98
96
92
61
41
22
21
20
18
6
2
6
18
23
7
17
49
69
93
101
108
116
126
115
86
65
59
52
33
43
65
86
82
64
54
66
86
108
115
116
105
93
104
82
46
22
22
-17
-46
-36
-43
-42
-14
17
24
13
38
64
85
102
119
155
159
124
95
101
111
92
84
76
60
66
62
72
72
90
108
117
120
113
121
113
83
38
21
24
16
-1
-8
-3
-7
1
19
34
29
37
57
73
88
91
96
120
127
113
98
85
70
62
61
65
93
102
97
103
103
112
100
100
117
109
108
115
114
78
65
34
6
-17
-23
-18
0
15
37
36
25
30
54
74
79
88
110
121
119
93
76
59
32
31
41
31
46
65
60
64
91
121
123
134
139
147
161
164
154
115
83
49
33
19
4
-2
-25
-30
-8
6
25
48
59
50
60
82
86
101
102
94
94
92
85
78
59
35
22
43
51
42
51
65
72
75
71
81
84
74
64
32
7
-18
-43
-57
-74
-73
-71
-67
-48
-24
-8
10
49
57
53
51
23
-4
-46
-92
-87
-69
-60
-63
-36
8
6
-32
-100
-167
-210
-213
-231
-307
-440
-596
-700
-781
-864
-1005
-1162
-1402
-1847
-2349
-2750
-3114
-3539
-3636
-2816
57
6032
13277
19610
24320
27587
26592
20638
13207
6413
867
-3225
-5986
-7842
-9236
-10439
-11692
-12148
-11866
-10928
-9422
-7687
-6196
-5064
-4325
-3836
-3440
-3024
-2583
-2188
-1818
-1433
-1089
-825
-629
-442
-284
-138
9
130
190
208
184
157
167
201
242
263
283
322
321
309
309
319
328
343
336
329
317
310
300
306
288
260
255
246
241
212
182
148
94
68
17
-26
-64
-91
-97
-118
-125
-135
-153
-153
-169
-165
-156
-135
-124
-109
-84
-67
-61
-82
-85
-72
-57
-57
-54
-29
-10
-17
-5
16
15
11
14
33
38
51
46
20
-25
-52
-66
-66
-76
-82
-58
-41
-9
24
68
112
152
226
289
340
385
446
490
522
549
568
562
565
592
601
587
587
584
571
566
568
572
553
516
497
488
483
458
425
391
370
347
310
283
255
238
233
226
213
200
187
185
180
175
177
185
183
185
179
141
111
82
71
68
60
62
69
54
60
74
76
96
102
105
101
102
103
77
59
35
24
15
9
-1
-13
-5
-11
2
49
61
53
61
72
96
121
151
177
196
206
189
182
183
181
180
192
201
207
222
226
219
238
256
265
248
225
216
211
195
188
152
126
100
92
77
77
75
60
61
82
110
125
102
89
81
70
44
23
17
25
20
-3
-37
-70
-87
-56
-60
-85
-77
-86
-126
-159
-175
-189
-173
-155
-150
-140
-109
-74
-83
-105
-113
-101
-132
-195
-267
-314
-357
-402
-430
-451
-483
-481
-447
-391
-319
-243
-190
-187
-205
-242
-269
-277
-257
-228
-208
-147
-69
20
69
96
161
225
313
351
327
321
351
432
538
615
617
531
451
404
370
346
338
355
357
392
493
618
730
793
764
682
597
508
387
255
139
49
-43
-145
-224
-255
-286
-305
-312
-321
-319
-291
-232
-171
-137
-103
-92
-64
-68
-72
-70
-57
-47
-52
-41
-34
-19
-13
-8
2
29
51
57
69
97
118
143
153
117
107
97
94
82
78
73
79
86
81
80
82
79
64
77
90
81
63
41
19
-12
-35
-54
-77
-82
-69
-68
-71
-64
-52
-35
-33
-22
-3
23
43
46
53
74
81
70
44
38
31
15
23
39
58
64
72
76
85
99
98
83
83
76
74
65
53
12
-15
-30
-37
-44
-40
-29
-24
-34
-11
11
5
5
20
54
86
102
100
108
123
110
85
57
28
14
13
24
37
45
62
79
101
115
107
85
78
85
101
89
68
20
-1
-18
-6
-1
-25
-40
-42
-27
-16
5
12
18
32
68
88
103
113
112
118
98
78
71
51
48
66
79
86
91
89
96
119
120
112
111
108
113
129
115
106
86
61
47
27
19
14
22
10
11
16
28
31
31
78
103
117
121
113
127
140
141
107
81
75
67
77
76
70
89
88
81
91
95
103
115
134
122
112
107
96
64
37
16
6
-9
-8
-2
-16
-21
-3
28
29
26
46
74
103
113
126
139
145
131
106
103
94
87
100
87
85
89
91
95
98
106
103
109
118
99
95
87
99
81
74
62
35
22
8
-1
-12
-3
17
29
34
41
62
96
109
100
112
130
147
129
115
106
83
84
99
105
101
89
87
87
92
93
86
101
107
99
105
110
107
78
56
47
32
18
11
1
4
12
20
19
40
65
84
94
99
110
122
136
149
131
108
73
57
46
45
54
54
59
58
48
54
89
108
118
127
127
125
115
100
60
42
35
26
7
-2
-1
-7
-3
9
7
13
17
55
95
124
139
145
151
141
123
103
89
86
84
88
80
82
76
67
76
83
91
96
94
93
93
93
99
102
73
46
35
17
-11
-37
-45
-38
-28
-9
13
19
22
46
76
107
129
129
125
113
100
92
87
78
70
70
72
63
63
60
51
66
86
100
90
75
86
89
82
73
32
11
2
-14
-3
-18
-30
-27
-24
-5
-1
2
15
40
81
110
122
111
127
160
137
112
102
89
74
62
66
71
72
75
77
84
99
94
94
103
98
90
87
90
57
33
6
-9
-23
-28
-24
-29
-21
8
26
41
49
69
93
101
108
129
154
146
115
86
66
52
58
63
56
56
80
85
101
132
147
133
114
101
90
82
87
93
45
16
-8
-15
-19
-9
-3
-22
-13
9
20
18
15
27
46
60
82
104
136
143
117
106
101
84
79
81
72
71
67
45
52
75
99
101
100
92
94
109
116
124
97
66
43
39
21
-5
-15
-2
-3
4
21
28
27
39
55
75
101
126
129
115
95
76
71
53
40
46
42
31
29
40
51
58
91
95
104
113
131
141
129
114
92
68
40
22
1
-5
-1
3
13
25
22
23
32
39
43
66
74
68
77
108
98
75
62
64
62
46
44
50
71
89
109
116
120
114
110
107
99
95
82
79
43
17
-10
-13
-6
0
5
2
4
27
32
28
36
60
71
85
91
102
112
116
97
72
41
36
47
68
55
53
71
82
77
89
122
134
127
120
119
106
105
94
61
27
2
-12
-17
-44
-61
-48
-30
-15
-1
8
19
48
64
98
110
123
135
145
128
101
91
86
78
99
90
81
77
73
69
68
95
95
109
118
113
106
92
74
34
19
15
-6
-17
-18
-14
-4
6
0
-9
-12
5
37
66
88
110
127
124
121
118
106
89
74
67
55
60
74
85
80
80
100
110
99
106
107
114
130
126
112
60
40
31
37
34
11
-3
-3
10
17
31
46
45
62
62
63
63
81
94
91
71
53
48
44
46
63
75
79
80
76
87
102
115
129
121
111
115
117
112
104
74
54
17
10
-2
-5
-7
-25
-13
6
25
49
61
97
100
94
98
110
113
129
113
72
45
58
60
67
74
88
87
78
76
78
104
121
129
139
154
146
124
112
78
39
17
2
-22
-36
-35
-19
-10
6
14
3
13
37
60
87
96
122
149
151
135
114
96
97
95
91
80
84
84
82
93
88
112
105
104
111
106
106
106
100
70
46
9
-1
-4
-2
-13
-17
-12
2
20
22
40
57
75
93
97
108
131
142
119
98
73
67
61
67
72
83
95
103
99
116
141
132
122
110
104
100
99
99
60
37
14
10
6
-12
-12
-7
5
33
50
66
58
60
85
104
97
86
85
79
80
86
72
60
48
54
57
46
53
66
71
87
98
125
132
124
117
120
129
127
84
53
28
11
4
8
10
15
28
18
23
27
34
51
73
96
109
131
137
143
132
102
68
55
47
58
50
60
64
65
79
80
97
116
114
109
99
109
106
92
57
27
16
26
17
6
12
15
28
42
55
57
62
75
93
90
96
110
108
110
94
71
52
55
62
69
73
75
75
87
92
102
132
133
124
125
133
135
121
109
76
49
39
22
-2
-6
-12
-27
-10
6
26
28
42
58
75
109
117
114
110
115
82
76
82
81
64
62
61
63
85
87
91
107
124
124
126
115
103
111
93
73
42
27
11
-17
-30
-15
0
-5
9
25
18
24
44
69
88
120
142
144
138
134
123
100
70
55
34
35
42
52
66
74
76
87
102
115
122
136
131
117
106
85
51
30
5
-24
-31
-21
-21
-13
8
21
24
22
32
47
74
103
111
112
132
142
130
117
104
92
81
87
71
69
73
70
72
84
101
102
120
118
110
114
96
77
55
28
6
-25
-22
-24
-24
-29
-14
11
29
26
27
50
71
84
100
117
126
142
124
107
92
79
81
89
85
78
76
77
92
106
109
107
104
114
107
103
96
82
38
7
-22
-18
-25
-33
-24
-25
-23
5
16
11
22
58
86
102
113
133
157
152
135
119
74
58
56
67
70
80
99
104
95
100
118
129
121
114
100
83
72
62
32
3
-11
-27
-40
-30
-25
-37
-12
3
0
-2
23
49
76
91
105
117
139
148
122
81
69
61
74
86
80
73
76
74
74
90
106
103
102
101
99
98
104
101
67
35
20
2
-20
-22
-15
-6
15
20
4
12
30
52
68
91
98
108
113
126
126
116
92
83
78
70
64
74
89
83
73
73
84
98
112
98
84
81
61
56
31
11
-3
-3
-4
-11
-20
-34
-33
-9
-4
11
35
62
87
97
109
138
138
125
108
88
61
48
49
49
58
79
92
100
106
112
117
98
96
114
128
136
122
100
63
49
38
29
9
-20
-7
5
31
39
42
44
49
78
71
82
89
90
94
74
73
61
63
87
66
48
54
56
51
62
83
109
133
136
136
124
110
111
98
74
34
1
-9
-12
-21
-11
-7
-13
-16
4
35
39
40
57
79
93
103
119
133
154
157
133
101
78
58
50
51
62
58
38
23
17
35
34
35
52
50
46
45
50
25
2
-13
-37
-42
-37
-56
-74
-62
-38
-11
11
33
52
66
89
60
18
-7
