0
13
29
45
52
49
68
95
114
144
155
182
211
204
190
148
89
56
29
6
-12
-25
-47
-52
-54
-47
-27
-12
-28
-30
-20
-29
-20
17
8
-24
-27
-34
-14
4
21
5
11
34
37
28
19
37
52
58
73
74
83
96
92
66
34
2
-9
-2
1
13
17
34
31
32
52
59
61
60
71
68
65
53
28
15
-1
-14
-43
-56
-58
-61
-50
-23
-3
4
9
26
45
61
66
84
104
110
92
75
46
42
39
44
30
13
11
23
35
61
53
54
45
45
55
71
86
90
70
37
8
-17
-48
-67
-79
-71
-57
-45
-45
-25
1
5
28
45
54
63
78
74
81
48
20
-12
-12
3
16
27
31
26
37
45
59
65
63
65
69
75
54
33
28
14
-3
-20
-37
-35
-45
-61
-69
-59
-55
-44
-39
-22
5
20
30
48
75
71
56
20
20
24
20
31
39
41
27
16
31
33
37
54
44
23
29
47
53
55
36
8
-22
-41
-51
-63
-64
-51
-37
-21
-7
2
19
30
48
57
75
76
79
74
52
24
-8
-21
-26
-17
-18
-12
-2
7
0
14
29
46
59
65
57
68
71
63
25
-18
-32
-33
-40
-52
-52
-55
-46
-30
-18
-19
-7
23
36
30
43
61
81
83
63
44
41
28
5
7
-4
-13
0
24
30
28
52
76
74
88
88
73
80
79
52
20
-3
-22
-40
-58
-73
-72
-61
-43
-28
-35
-28
-11
6
17
37
50
59
58
41
30
23
9
-5
3
11
22
48
46
54
61
65
68
72
67
53
60
60
60
34
1
-26
-54
-66
-79
-73
-66
-61
-55
-45
-24
-15
1
21
41
62
99
113
112
86
56
39
24
18
12
23
32
17
29
30
31
38
43
52
50
43
42
37
39
20
-23
-51
-65
-78
-93
-89
-65
-61
-56
-43
-40
-45
-7
20
39
58
77
104
113
107
86
74
57
42
34
32
32
25
13
11
23
31
53
65
75
75
71
53
39
14
-4
-37
-58
-70
-70
-59
-64
-67
-62
-37
-20
-11
-3
9
42
57
58
80
80
61
46
49
49
32
25
15
11
22
28
14
11
39
56
48
57
69
66
58
43
26
3
-15
-35
-64
-88
-95
-94
-84
-61
-39
-40
-27
5
20
45
55
53
72
84
81
61
45
25
6
13
17
14
11
12
22
31
40
47
49
49
36
25
28
27
3
-20
-53
-90
-84
-57
-56
-69
-68
-62
-50
-32
-8
1
10
36
64
87
107
111
98
71
50
39
43
26
10
1
17
17
23
52
74
75
66
56
49
43
45
42
12
-16
-34
-46
-58
-79
-82
-83
-60
-51
-31
-15
-11
-9
4
32
38
54
86
90
77
42
10
4
9
22
23
13
16
9
4
20
30
41
49
53
55
56
53
49
27
-14
-49
-64
-73
-79
-84
-76
-60
-37
-23
-18
-15
-13
-2
35
54
69
75
70
67
57
52
44
39
23
14
33
33
19
26
38
42
67
60
61
58
78
89
90
54
13
-21
-54
-64
-54
-49
-64
-69
-51
-48
-45
-28
-8
3
19
38
39
58
80
68
47
39
13
-10
-19
-10
-7
16
34
51
54
79
94
92
86
76
80
65
44
10
-27
-42
-57
-66
-57
-57
-76
-80
-55
-51
-30
-18
-17
-6
15
49
66
69
76
60
40
20
6
-2
4
13
16
18
21
27
35
41
50
62
61
59
60
68
75
43
12
-11
-31
-41
-53
-66
-83
-82
-61
-50
-33
-19
-4
12
36
43
45
66
75
68
49
35
23
14
17
16
12
15
4
21
36
53
73
66
64
52
46
37
33
15
-16
-54
-80
-82
-65
-61
-67
-57
-50
-43
-35
-29
-2
22
61
78
82
82
80
73
49
31
-1
-12
-5
4
18
16
28
47
48
65
90
91
74
61
64
53
34
1
-27
-65
-79
-78
-93
-88
-77
-83
-65
-59
-47
-29
6
40
29
34
44
66
71
72
43
5
0
4
10
23
27
8
11
32
54
66
65
66
58
63
74
73
63
18
-13
-49
-87
-96
-98
-90
-82
-73
-49
-52
-48
-44
-9
19
34
53
56
71
76
76
55
42
31
20
12
7
6
11
19
23
26
46
53
51
49
45
55
53
41
10
-23
-58
-91
-101
-121
-129
-115
-86
-42
-32
-27
-20
-8
12
46
72
83
101
104
97
64
49
51
51
49
38
42
49
45
39
38
55
71
84
78
55
38
35
36
7
-20
-38
-50
-61
-64
-76
-73
-67
-48
-35
-36
-14
2
16
46
47
52
69
76
71
57
36
34
44
42
48
46
47
46
34
28
31
32
50
62
56
62
56
43
15
-11
-10
-34
-56
-62
-65
-65
-59
-43
-34
-16
-7
15
24
37
58
68
91
89
77
68
45
15
11
15
28
25
25
37
47
41
50
59
66
69
65
60
66
56
35
13
-17
-53
-74
-100
-83
-82
-79
-67
-36
-13
-10
11
20
33
60
71
85
95
93
76
57
48
38
33
46
46
27
13
35
60
81
74
56
53
41
34
43
43
36
1
-34
-54
-57
-61
-57
-47
-35
-17
-6
-3
-13
-12
-3
5
29
60
78
85
81
57
37
26
11
19
21
33
29
26
25
39
54
52
55
58
63
59
61
64
56
27
4
-25
-28
-31
-45
-47
-48
-33
-22
-24
-17
-7
15
45
51
44
58
69
71
63
38
18
18
22
6
-22
-22
3
4
21
37
28
40
64
76
75
77
88
54
22
-9
-30
-42
-58
-62
-67
-56
-50
-42
-37
-25
12
39
49
66
75
78
83
66
53
35
24
31
31
20
13
18
22
29
37
59
73
64
61
72
70
52
43
28
-6
-31
-24
-34
-70
-72
-78
-73
-66
-51
-25
-8
13
16
32
50
57
75
71
57
19
10
19
12
11
10
14
17
26
20
15
29
45
37
13
7
6
-14
-24
-23
-60
-73
-77
-97
-111
-111
-116
-109
-92
-64
-44
-28
-1
26
35
59
67
62
52
64
28
-18
-56
-71
-39
7
25
26
28
28
29
30
-37
-96
-101
-103
-83
-87
-147
-221
-284
-379
-486
-524
-513
-475
-564
-841
-1388
-2152
-2855
-3109
-2996
-2665
-2016
-1121
238
2835
7873
14302
19120
21512
20723
17023
11301
4411
-1417
-5321
-7351
-8297
-8508
-8144
-7546
-7049
-6523
-5891
-5267
-4735
-4488
-4460
-4465
-4447
-4393
-4274
-4119
-3891
-3685
-3531
-3477
-3936
-4526
-4177
-2968
-1528
-163
991
1868
2477
2822
2975
2985
2866
2704
2512
2281
2041
1792
1562
1353
1190
1051
907
790
680
600
516
459
415
363
306
254
218
193
159
144
136
121
107
123
136
141
129
123
117
108
91
81
86
97
95
94
98
82
76
96
119
125
150
150
161
186
218
238
243
252
244
245
220
218
203
184
163
136
121
101
91
71
53
45
43
26
17
16
31
40
60
72
76
68
49
21
13
-1
-12
-23
-14
-8
-6
15
37
65
86
94
84
74
62
76
105
107
81
46
27
8
-2
-14
-15
-17
-13
8
8
10
14
26
46
70
100
85
84
82
67
32
7
-9
-6
8
22
25
39
53
29
45
75
92
100
106
106
104
113
105
67
33
10
2
-23
-25
-17
-32
-40
-23
2
18
17
38
42
52
79
99
127
121
107
97
90
77
69
85
94
97
109
121
139
146
173
202
199
197
180
167
184
177
147
102
58
31
7
4
6
4
0
3
13
36
44
47
46
32
15
12
-1
-15
-34
-60
-87
-112
-128
-118
-112
-102
-99
-96
-90
-111
-129
-148
-154
-161
-158
-132
-128
-126
-123
-118
-111
-106
-107
-124
-142
-182
-239
-278
-315
-364
-413
-426
-404
-387
-356
-302
-221
-166
-159
-171
-174
-180
-176
-159
-144
-120
-95
-64
-26
39
98
110
138
195
262
312
312
290
285
317
352
384
384
346
291
238
200
198
218
241
256
298
385
515
615
662
638
533
426
325
224
99
-29
-101
-140
-190
-254
-303
-316
-310
-281
-250
-232
-205
-176
-172
-155
-135
-128
-137
-140
-135
-129
-121
-103
-100
-94
-77
-50
-29
-28
-7
18
49
69
88
120
128
121
106
103
84
56
54
43
28
26
32
16
0
6
19
0
-1
-8
-13
-20
-36
-66
-94
-90
-98
-100
-100
-106
-98
-92
-74
-59
-56
-45
-20
8
25
50
68
87
95
64
14
2
-18
-32
-35
-33
-3
0
-18
-34
-33
-14
11
24
26
47
46
30
21
-5
-28
-52
-70
-86
-103
-98
-94
-90
-66
-58
-51
-39
-26
-25
-4
22
28
55
75
70
70
61
50
39
20
18
1
2
6
18
23
50
72
81
79
73
69
67
58
25
-18
-41
-43
-60
-87
-88
-91
-84
-68
-53
-41
-27
-17
-4
27
62
82
89
97
100
78
40
20
-1
-6
3
27
48
43
46
54
59
54
45
52
54
59
73
74
45
4
-45
-65
-73
-73
-76
-61
-75
-74
-57
-52
-41
-4
26
55
71
79
101
97
87
66
57
55
63
69
65
52
41
28
31
41
55
50
51
57
62
86
71
72
65
29
-4
-44
-58
-60
-33
-27
-36
-16
2
5
4
14
29
43
63
70
78
91
72
43
39
33
26
2
25
46
32
39
55
72
95
99
91
89
78
56
43
45
25
-16
-44
-67
-59
-54
-53
-66
-75
-46
-31
-19
-21
-8
22
45
69
80
89
95
83
60
47
34
32
34
37
26
37
39
35
52
64
73
72
79
79
72
82
69
33
9
-9
-35
-48
-49
-52
-63
-54
-36
-14
-6
-15
-3
9
43
62
59
72
72
60
57
30
8
5
8
7
19
22
8
15
35
57
59
51
54
67
60
60
55
26
-24
-51
-58
-55
-59
-57
-74
-70
-42
-31
-31
-15
1
3
29
47
76
77
73
69
59
51
27
11
18
21
17
13
7
19
14
19
30
47
43
50
47
38
29
3
-17
-32
-31
-41
-52
-63
-60
-65
-45
-28
-20
-9
4
34
40
52
65
94
104
86
61
34
28
9
12
13
7
16
29
31
34
36
27
28
27
39
60
67
56
28
-1
-36
-57
-59
-66
-68
-78
-84
-72
-64
-61
-55
-27
7
21
48
71
91
87
60
30
15
1
-9
-24
-32
-15
8
23
35
48
58
65
71
71
71
77
76
67
34
6
-16
-37
-44
-51
-60
-57
-48
-44
-33
-35
-27
6
19
34
56
75
85
98
91
65
46
36
29
30
14
21
27
26
20
15
33
42
62
74
69
71
77
62
26
-8
-46
-65
-72
-67
-80
-69
-67
-62
-40
-39
-36
-9
13
37
53
60
69
78
72
50
38
30
36
44
49
53
39
21
19
31
59
67
73
72
62
65
57
46
24
-24
-52
-75
-90
-95
-86
-76
-63
-48
-48
-47
-46
-14
27
45
59
67
64
64
76
63
57
58
48
40
40
48
38
26
28
31
35
38
40
49
59
61
56
60
24
-21
-47
-52
-65
-92
-100
-101
-89
-67
-29
-16
-21
-10
0
25
40
57
74
80
66
46
35
30
15
16
22
14
-2
-19
-2
34
71
86
74
69
77
86
78
64
40
1
-29
-50
-54
-61
-62
-83
-83
-65
-32
-22
-25
-2
21
48
69
66
73
84
94
70
51
12
-6
7
14
21
30
32
38
43
57
78
81
85
68
63
59
33
3
-20
-47
-66
-75
-71
-72
-81
-79
-66
-64
-56
-51
-28
-9
12
35
46
63
65
59
55
46
43
40
47
31
33
36
35
22
48
55
60
39
33
43
52
56
63
39
-6
-42
-53
-58
-55
-53
-54
-60
-66
-64
-49
-53
-30
1
28
41
62
84
89
51
24
-2
-8
-1
13
3
0
11
21
36
37
46
62
82
89
73
64
67
65
48
25
-27
-44
-56
-64
-52
-44
-59
-52
-36
-22
-8
1
12
33
43
52
84
97
80
42
23
16
3
10
11
15
26
32
31
32
51
78
85
83
81
81
75
63
30
-5
-40
-48
-68
-87
-96
-100
-83
-49
-30
-45
-30
1
16
37
55
79
93
94
96
75
52
32
27
21
15
10
-9
-17
-11
13
47
67
64
64
52
62
67
55
16
-6
-17
-35
-50
-83
-83
-78
-72
-48
-37
-27
-20
-12
3
24
45
63
100
128
97
62
42
23
27
23
4
-16
-10
4
8
3
24
35
45
70
81
65
56
46
14
-17
-31
-39
-48
-61
-64
-57
-56
-32
-24
-27
-42
-26
7
33
53
63
88
87
67
46
19
12
7
8
8
14
16
18
28
53
53
43
50
59
56
59
48
49
26
-5
-48
-77
-81
-89
-89
-87
-63
-41
-30
-30
-26
-16
8
33
46
47
61
61
52
32
26
13
9
17
21
24
16
11
15
27
46
54
66
88
88
88
67
41
15
-23
-48
-68
-64
-66
-66
-73
-77
-67
-51
-47
-38
-15
5
15
29
41
54
57
64
47
17
3
-3
-1
3
18
35
42
42
48
56
51
48
45
35
30
40
51
28
-1
-43
-61
-72
-80
-74
-72
-74
-61
-45
-43
-33
-5
18
32
44
52
87
116
100
64
40
45
42
31
27
22
21
28
20
20
31
41
41
62
60
46
49
54
7
-32
-41
-49
-64
-98
-107
-104
-88
-62
-40
-24
-29
-28
-1
37
55
77
108
115
97
62
34
19
17
29
35
28
24
28
23
22
51
60
49
56
44
25
22
46
29
-3
-22
-26
-41
-51
-59
-61
-42
-28
-13
-10
-1
14
23
20
22
36
69
75
55
34
33
34
27
26
15
7
20
23
38
60
74
82
94
89
81
75
48
40
2
-43
-56
-59
-45
-45
-43
-36
-38
-32
-24
-7
0
7
41
65
67
61
81
82
68
44
26
14
11
3
7
15
8
18
31
50
59
61
60
46
35
30
28
32
13
-11
-24
-32
-37
-45
-48
-55
-56
-39
-20
3
4
7
23
43
67
73
73
72
65
48
19
8
4
-4
5
2
5
-6
5
20
44
67
57
55
57
58
72
85
53
21
-4
-27
-35
-35
-28
-31
-25
-26
-21
-27
-20
-7
1
14
36
70
92
90
80
39
13
11
6
11
9
-18
-19
1
22
34
55
69
66
57
56
52
50
45
3
-41
-53
-40
-47
-58
-40
-28
-36
-27
-13
-5
-2
13
34
66
68
53
56
76
76
50
38
17
-3
5
7
-1
-2
12
32
53
69
70
58
66
72
68
61
67
50
24
12
-12
-27
-49
-51
-59
-67
-54
-22
-12
-18
-9
20
52
73
73
85
93
86
55
52
34
26
16
10
8
26
23
14
14
23
37
41
55
73
65
50
39
23
11
-1
-10
-17
-32
-53
-73
-65
-40
-25
-30
-43
-24
10
37
58
68
91
86
68
49
27
23
21
6
-12
2
22
29
34
26
27
31
32
31
10
6
4
-8
-21
-46
-67
-82
-96
-115
-124
-131
-129
-106
-89
-81
-81
-63
-38
0
17
42
61
59
46
8
-39
-79
-98
-69
-46
-26
-23
-24
-6
-20
-57
-99
-155
-188
-197
-170
-181
-258
-345
-452
-576
-685
-678
-639
-655
-801
-1069
-1556
-2251
-2828
-3204
-3473
-3488
-3207
-2117
1007
7152
14634
21056
25710
27673
26015
21142
13786
5421
-2966
-9851
-14022
-15746
-15682
-14612
-13108
-11537
-9901
-8305
-6893
-5842
-5101
-4564
-4116
-3774
-3543
-3409
-3345
-3225
-3126
-3140
-3410
-4099
-4193
-3201
-1697
-194
1108
2118
2810
3216
3401
3421
3322
3140
2922
2672
2404
2128
1862
1621
1402
1206
1045
901
784
679
591
508
437
392
359
305
277
251
227
191
162
138
110
92
85
87
74
58
81
82
93
97
101
116
105
107
96
79
76
80
93
87
89
97
108
116
139
166
183
196
206
211
236
250
236
205
164
142
129
120
92
92
78
54
39
33
31
29
23
30
36
43
60
67
68
61
29
3
-14
-25
-27
-25
1
6
0
21
36
55
62
84
98
107
114
114
106
80
49
22
-1
2
-2
-12
-13
-7
15
28
25
20
15
26
48
69
74
69
60
44
25
16
4
4
10
12
16
42
49
46
58
65
77
88
85
103
108
104
117
91
57
35
17
-1
-14
-19
-42
-48
-26
-12
-1
-19
2
26
53
77
106
141
142
119
99
88
92
104
125
161
164
163
177
181
172
174
177
162
169
148
137
141
122
92
63
40
30
35
43
21
-2
5
32
50
51
55
36
13
5
-1
-7
7
9
-10
-53
-83
-93
-104
-109
-112
-104
-99
-116
-139
-169
-196
-214
-214
-195
-185
-174
-156
-148
-156
-148
-143
-139
-135
-131
-163
-240
-301
-335
-392
-431
-471
-487
-479
-444
-375
-281
-209
-157
-146
-187
-222
-233
-230
-208
-172
-143
-118
-70
0
82
120
142
188
263
313
310
262
268
315
382
439
454
424
357
304
260
236
238
251
279
304
376
491
570
634
643
591
516
425
323
202
88
-12
-81
-161
-240
-300
-349
-378
-374
-353
-313
-266
-238
-202
-154
-115
-102
-103
-123
-137
-130
-130
-125
-107
-95
-72
-48
-17
-7
-10
11
34
50
79
90
101
106
114
93
68
69
51
27
31
35
27
11
11
10
22
20
-3
-8
-6
-17
-29
-36
-42
-60
-91
-123
-126
-124
-117
-106
-111
-101
-71
-62
-40
-21
-10
19
34
41
63
55
46
17
5
7
-7
-19
-25
-33
-38
-29
-22
-6
21
31
25
26
29
21
11
14
-10
-40
-55
-67
-70
-86
-93
-97
-94
-65
-67
-63
-61
-42
-16
19
29
25
61
88
80
47
21
9
2
4
17
14
4
18
16
11
35
47
46
61
54
41
33
32
6
-29
-62
-69
-75
-88
-86
-88
-79
-62
-40
-24
-20
3
27
33
51
60
75
80
53
30
11
0
6
6
2
1
26
20
21
41
47
52
54
50
36
30
28
22
7
-25
-65
-84
-83
-93
-84
-68
-56
-52
-36
-34
-31
4
36
61
78
91
105
113
114
80
56
50
32
14
3
14
29
34
33
40
52
61
63
55
58
67
52
42
23
-19
-35
-50
-64
-74
-81
-83
-79
-54
-37
-33
-21
13
31
44
70
85
101
105
87
49
28
33
38
36
36
39
39
36
41
50
62
67
66
67
71
71
65
58
15
-22
-49
-73
-80
-95
-78
-79
-77
-43
-31
-49
-38
-27
-1
32
79
99
113
114
110
77
58
28
12
-1
1
1
-1
6
2
31
41
44
22
29
37
33
17
2
-35
-56
-77
-75
-87
-82
-66
-62
-54
-27
-3
-10
-10
-2
8
20
37
47
76
82
73
58
29
3
-17
-22
-16
-9
1
18
37
46
53
54
50
47
40
44
53
47
21
-2
-32
-53
-60
-71
-77
-65
-58
-68
-69
-67
-59
-42
-16
11
30
51
67
71
63
33
8
-4
-1
4
4
7
12
14
9
9
42
64
58
50
38
54
64
38
3
-31
-57
-82
-89
-90
-84
-71
-49
-31
-12
-18
-29
-16
14
14
13
30
55
59
50
21
11
7
9
-7
-13
-17
-4
8
29
42
39
43
47
45
57
56
35
32
12
-10
-38
-52
-60
-77
-67
-58
-61
-62
-62
-51
-36
-1
23
35
61
77
91
87
64
29
9
4
8
-6
-7
0
17
28
37
53
63
72
61
37
23
35
42
57
39
-10
-56
-82
-91
-102
-106
-107
-95
-75
-61
-36
-16
15
46
62
68
75
90
100
89
54
39
35
36
50
55
50
46
32
23
22
38
56
59
70
69
44
35
26
8
-15
-44
-66
-85
-95
-103
-104
-90
-78
-56
-38
-20
-1
21
38
53
68
88
84
76
57
41
31
22
15
8
14
23
4
-1
8
37
56
59
68
76
82
61
56
27
-12
-57
-83
-76
-94
-111
-88
-78
-76
-75
-75
-57
-25
15
46
51
71
80
81
81
62
33
16
20
17
9
18
21
20
25
43
57
67
69
70
66
54
30
16
-1
-32
-52
-63
-66
-79
-87
-92
-83
-66
-59
-56
-52
-27
-9
11
43
59
84
108
105
89
79
51
39
31
36
33
42
39
43
40
27
34
41
42
41
46
48
50
12
-31
-51
-60
-66
-67
-59
-73
-75
-51
-19
-8
-12
-8
7
27
41
38
53
48
59
33
12
-9
-18
-19
-5
-1
8
12
21
38
50
54
49
53
61
46
38
43
22
-28
-48
-55
-52
-61
-61
-63
-72
-42
-24
-21
-22
-13
5
32
42
51
76
99
95
52
29
11
14
11
-2
-12
-20
-10
7
21
36
54
60
58
44
43
49
52
29
-11
-37
-54
-65
-70
-79
-80
-65
-64
-62
-38
-18
2
20
27
34
36
51
56
47
31
33
21
12
11
21
24
16
-5
-11
12
39
52
63
57
56
54
47
52
39
16
-23
-44
-48
-71
-73
-69
-60
-46
-42
-24
-23
5
32
42
49
47
68
78
73
54
39
27
6
-9
-26
-13
13
2
3
28
50
59
63
59
53
54
54
46
21
8
-24
-43
-59
-65
-82
-75
-71
-61
-43
-43
-38
-17
-10
-3
14
40
63
65
52
21
-2
-10
-14
-10
0
0
9
14
23
36
49
55
55
49
45
54
40
24
9
-15
-29
-40
-53
-56
-63
-66
-62
-53
-41
-19
-10
14
40
50
50
59
53
63
65
44
36
31
8
-2
13
29
20
6
7
24
42
41
36
37
44
58
56
51
31
2
-37
-60
-57
-69
-71
-73
-72
-63
-58
-38
-17
-13
-1
21
45
52
63
59
43
26
18
-6
-29
-23
-10
-2
6
15
28
32
31
40
53
64
70
59
40
36
20
-2
-11
-21
-46
-65
-79
-87
-90
-83
-51
-31
-30
-5
2
19
30
43
56
55
57
33
16
-4
-18
-5
13
11
9
16
15
20
48
64
60
50
30
25
24
25
9
-26
-38
-53
-66
-87
-100
-100
-78
-43
-25
-20
-30
-24
-11
1
7
25
50
56
65
53
43
42
28
16
19
35
36
30
30
32
43
43
34
47
62
72
78
77
47
0
-36
-52
-64
-82
-76
-81
-77
-60
-34
-23
-26
-23
-13
-9
13
36
54
63
52
25
5
-5
3
11
16
11
13
16
12
14
32
46
40
47
58
59
65
68
42
-2
-33
-49
-50
-77
-76
-70
-57
-38
-34
-42
-38
-1
20
34
60
84
104
99
68
36
15
-3
-15
-12
-4
-27
-11
3
16
30
39
50
49
55
61
57
52
63
50
3
-24
-36
-52
-60
-88
-92
-74
-71
-50
-46
-30
-8
14
30
46
62
63
63
65
57
33
26
20
21
17
12
27
33
32
17
23
34
25
40
66
71
46
34
13
-8
-25
-42
-61
-82
-90
-81
-65
-66
-67
-57
-55
-50
-32
-15
-1
14
31
32
27
9
-16
-42
-69
-96
-107
-133
-168
-189
-199
-199
-201
-190
-179
-174
-153
-135
-108
-87
-69
-82
-91
-91
-87
-104
-131
-133
-130
-116
-91
-61
-58
-57
-31
-17
-5
6
38
57
43
-7
-59
-80
-102
-119
-111
-117
-116
-92
-73
-59
-52
-52
-54
-23
3
13
-3
-52
-115
-172
-211
-247
-280
-315
-324
-339
-377
-388
-400
-413
-433
-405
-353
-273
-182
-103
-41
15
66
98
124
148
160
154
152
158
174
202
235
285
358
424
468
513
541
558
537
503
478
452
417
374
331
314
319
355
355
375
426
479
546
627
716
831
949
1021
1025
1010
991
912
810
716
649
593
514
453
402
354
289
232
186
114
52
30
-5
-59
-116
-150
-204
-256
-277
-295
-314
-314
-311
-324
-318
-296
-253
-240
-243
-237
-228
-191
-154
-126
-95
-84
-75
-75
-62
-72
-94
-94
-76
-75
-74
-67
-79
-89
-85
-89
-107
-100
-80
-71
-64
-68
-90
-109
-129
-148
-142
-136
-150
-174
-173
-167
-157
-158
-162
-173
-171
-156
-123
-103
-60
-38
-33
-47
-76
-104
-107
-127
-167
-191
-201
-171
-116
-73
-53
-41
-24
-22
-62
-109
-160
-217
-249
-259
-297
-381
-499
-556
-599
-674
-688
-661
-629
-761
-1138
-1713
-2373
-2854
-3143
-3281
-3143
-2323
349
5955
13126
19306
24112
25922
22369
15048
7938
2276
-2264
-5769
-8335
-10066
-11156
-11715
-11496
-10591
-9176
-7869
-6869
-6075
-5402
-4913
-4611
-4430
-4225
-4052
-3902
-3777
-3860
-4052
-4444
-4427
-3434
-1934
-421
899
1968
2736
3213
3423
3449
3325
3117
2868
2604
2337
2074
1822
1583
1373
1202
1045
904
799
703
622
549
500
437
364
313
271
245
228
239
236
222
216
202
176
149
138
136
121
122
106
106
98
81
50
32
23
29
29
39
49
55
73
92
121
162
198
208
210
227
233
232
221
213
200
168
136
111
95
85
71
58
55
53
55
29
-1
-7
8
33
26
51
61
28
-6
-18
-16
-28
-24
-3
7
15
10
18
45
60
63
77
94
100
90
89
94
74
57
44
22
0
-17
-25
-31
-20
-6
11
13
17
33
42
61
61
68
84
92
82
51
22
3
1
14
10
16
29
28
35
60
75
90
89
97
92
108
111
105
105
80
40
10
-8
-17
-18
-19
-18
-1
23
23
31
40
73
99
107
101
93
101
109
94
79
74
66
46
40
44
44
36
36
42
59
70
68
74
86
78
84
96
74
38
16
-18
-29
-39
-40
-43
-41
-31
-25
-35
-43
-27
-10
8
36
56
85
90
55
35
22
22
18
5
13
14
7
0
4
8
29
54
72
76
77
74
59
56
31
-6
-25
-18
-33
-63
-77
-92
-93
-73
-61
-76
-85
-54
-44
-17
12
26
52
62
59
28
10
2
-9
-19
-25
-11
1
-13
-22
-31
-22
-5
-8
-10
-15
-6
11
15
16
-20
-53
-71
-102
-126
-138
-147
-135
-129
-108
-93
-79
-64
-47
-28
3
10
2
3
-5
-27
-44
-55
-65
-61
-55
-53
-49
-53
-40
-14
8
19
21
18
6
8
-5
-11
-32
-60
-87
-107
-120
-128
-134
-133
-116
-99
-89
-69
-75
-65
-37
-27
-14
0
16
28
30
5
8
-9
-1
0
1
-5
5
19
2
-3
6
9
12
6
19
23
15
8
6
-15
-29
-43
-56
-72
-71
-57
-54
-64
-74
-64
-48
-21
-4
11
36
39
43
48
49
21
9
-9
-18
-26
-18
-17
-23
-14
-5
-3
7
24
30
14
3
10
21
19
0
-26
-60
-64
-71
-84
-72
-70
-81
-73
-58
-44
-28
-21
-21
-1
29
34
38
48
62
25
3
-4
-28
-33
-20
-19
-20
-9
-3
2
3
19
27
28
23
21
34
36
23
-17
-53
-82
-88
-75
-63
-61
-52
-35
-16
-20
-16
-6
-7
-10
16
37
57
79
74
29
1
-24
-27
-27
-22
-1
27
34
46
55
59
65
69
74
72
60
45
32
12
-22
-48
-60
-58
-68
-79
-85
-75
-66
-57
-53
-53
-26
-1
13
20
44
70
63
31
16
13
-1
-4
1
8
4
20
20
23
37
61
73
71
65
47
45
61
51
7
-18
-36
-46
-68
-76
-68
-71
-62
-44
-27
-21
-25
-20
-19
0
20
29
50
53
30
6
-29
-54
-61
-59
-61
-78
-80
-109
-146
-158
-158
-157
-159
-158
-138
-124
-103
-86
-75
-97
-115
-120
-125
-129
-135
-134
-149
-159
-150
-165
-180
-174
-176
-180
-167
-135
-117
-113
-112
-126
-132
-170
-187
-183
-180
-191
-215
-206
-206
-221
-208
-181
-173
-163
-173
-176
-206
-224
-241
-274
-304
-313
-313
-318
-302
-252
-202
-159
-134
-112
-82
-14
61
134
196
231
259
263
243
215
211
218
235
293
345
405
492
588
646
699
753
774
753
722
695
639
592
554
522
492
472
495
536
599
679
752
803
831
826
798
747
704
665
625
603
569
543
495
433
364
304
253
200
135
70
12
-46
-87
-119
-134
-157
-182
-200
-211
-217
-210
-192
-184
-193
-204
-216
-229
-241
-264
-263
-250
-241
-236
-236
-225
-216
-187
-152
-95
-63
-42
6
30
29
11
-10
-11
-1
4
-1
-23
-23
-25
-11
-10
-15
-17
-35
-47
-40
-42
-44
-56
-86
-111
-139
-170
-178
-191
-191
-208
-227
-209
-178
-166
-158
-140
-114
-85
-67
-62
-47
-42
-27
-27
-33
-30
-24
-21
-30
-23
-30
-36
-17
-6
9
7
6
4
1
16
19
17
22
-6
-37
-45
-68
-95
-108
-122
-119
-100
-78
-66
-62
-46
-28
-17
9
21
35
34
35
37
28
17
4
2
13
22
19
24
21
9
23
41
48
40
45
52
46
33
12
-17
-43
-75
-83
-94
-92
-90
-82
-62
-52
-55
-66
-37
-8
28
57
68
96
83
57
49
53
50
34
31
35
19
16
21
29
30
37
54
49
39
31
25
29
34
11
-39
-63
-69
-63
-65
-60
-61
-60
-50
-41
-41
-13
16
27
37
50
68
87
80
67
44
38
11
-29
-21
8
-1
5
3
7
27
60
70
66
68
71
77
63
35
7
-23
-36
-44
-54
-77
-100
-88
-70
-54
-35
-12
7
4
23
35
35
38
61
73
69
51
28
7
-1
8
22
24
19
15
12
27
49
60
73
76
94
89
56
49
37
8
-28
-64
-70
-68
-69
-71
-92
-78
-54
-27
-29
-39
-17
22
52
56
79
100
88
60
47
43
40
29
27
28
45
50
44
38
39
42
33
45
56
65
54
42
23
-12
-29
-32
-48
-61
-67
-79
-82
-75
-56
-52
-47
-30
-2
28
53
56
70
73
73
61
41
39
29
11
18
26
36
28
22
23
32
49
57
61
37
25
23
29
21
-15
-37
-53
-70
-88
-97
-100
-93
-78
-56
-48
-42
-22
-10
7
25
33
55
75
75
38
31
17
0
-2
-2
1
-3
-12
-22
-15
8
17
19
18
17
15
23
25
7
-28
-45
-67
-76
-74
-71
-79
-80
-87
-83
-67
-38
-37
-19
-3
19
14
35
41
20
-13
-42
-55
-51
-52
-41
-31
-32
-9
0
10
8
7
-2
3
-7
-13
-11
-4
-14
-35
-67
-97
-108
-119
-115
-115
-110
-101
-81
-55
-44
-34
-12
2
15
33
57
43
32
21
11
-5
-18
-20
-12
-6
0
-4
-10
4
19
22
33
43
45
49
57
49
25
-17
-47
-55
-59
-76
-86
-71
-58
-52
-51
-44
-40
-17
13
26
55
75
109
116
110
65
34
38
40
21
7
25
34
25
15
13
22
36
41
59
64
75
79
64
44
5
-18
-43
-58
-62
-57
-64
-63
-43
-13
-19
-23
-4
26
26
24
42
79
102
96
70
47
16
-3
-18
-9
6
14
30
35
47
53
46
40
46
37
62
77
90
80
34
-2
-25
-42
-58
-62
-67
-64
-52
-36
-17
-5
20
31
24
43
71
79
78
71
52
29
13
14
20
27
26
38
37
35
54
58
69
67
65
63
64
66
57
33
-15
-54
-69
-72
-84
-74
-65
-63
-51
-42
-32
-24
-10
15
40
59
61
69
69
63
43
25
29
28
30
34
23
22
15
12
38
52
60
57
64
65
72
65
46
42
7
-29
-63
-68
-68
-77
-82
-92
-85
-72
-62
-40
-20
-11
12
34
57
84
78
65
41
35
18
9
10
20
17
21
25
34
41
48
63
68
53
46
64
53
35
20
-20
-40
-50
-42
-51
-87
-83
-86
-71
-29
-31
-32
-2
21
32
34
34
29
48
66
47
29
5
-6
-13
6
19
18
25
41
59
63
75
81
75
51
48
54
50
34
-15
-41
-59
-79
-102
-115
-102
-90
-72
-57
-46
-58
-38
-16
17
43
48
51
56
53
32
26
29
48
32
25
14
32
38
46
41
48
67
65
65
60
65
74
68
51
5
-34
-49
-64
-85
-84
-88
-76
-56
-45
-49
-55
-47
-23
-6
16
43
70
74
69
34
21
17
19
23
13
4
22
29
42
38
38
44
45
41
26
19
15
8
3
-12
-24
-43
-60
-48
-57
-62
-65
-56
-53
-48
-31
-13
5
29
38
44
42
59
48
28
33
22
11
-3
-15
-10
8
0
-1
13
37
59
72
85
71
58
57
51
31
-13
-27
-33
-43
-61
-68
-57
-38
-21
-10
-5
-22
-29
-19
-10
19
43
66
65
56
30
3
-24
-29
-42
-39
-16
-8
8
21
21
47
67
64
72
76
84
72
47
25
11
-4
-27
-45
-61
-60
-54
-57
-64
-55
-40
-37
-14
10
21
59
81
94
94
86
57
39
26
22
17
15
7
18
11
6
22
39
44
51
47
45
44
45
50
34
1
-39
-60
-64
-75
-81
-91
-89
-72
-45
-37
-23
-18
0
24
53
67
81
85
83
53
44
37
34
34
40
35
34
44
40
20
27
47
45
46
44
47
43
31
31
-7
-21
-29
-27
-26
-21
-23
-31
-17
-16
-2
-2
4
6
14
7
3
10
27
36
17
-21
-43
-38
-39
-31
-19
-8
-8
1
20
48
71
73
70
48
39
48
32
3
-53
-83
-105
-113
-107
-101
-100
-111
-106
-105
-107
-120
-99
-83
-65
-41
-13
9
23
29
16
6
-7
4
19
1
-65
-108
-103
-67
-1
55
76
78
75
50
-33
-106
-163
-194
-236
-267
-348
-446
-515
-597
-713
-745
-657
-571
-660
-934
-1358
-1956
-2492
-2776
-3054
-3276
-2943
-1324
2653
8893
14742
19203
22425
24655
23312
18459
12244
5930
179
-4622
-8417
-11212
-13080
-14126
-14414
-13805
-12519
-10898
-9272
-7904
-6968
-6265
-5610
-5008
-4477
-4098
-3818
-3531
-3399
-3419
-3643
-3785
-3085
-1741
-237
1137
2259
3044
3493
3705
3718
3617
3426
3180
2901
2616
2325
2052
1784
1543
1336
1145
965
814
713
614
531
440
334
272
227
213
189
171
163
151
137
133
114
98
83
94
86
85
89
108
129
112
81
71
77
74
56
56
76
95
126
150
171
212
236
234
243
257
266
273
277
263
233
196
170
164
148
125
109
80
51
45
61
50
47
63
62
61
52
64
67
63
33
13
-5
-15
-12
-1
8
26
28
29
41
63
87
87
93
94
88
101
106
96
64
39
16
8
-6
-19
-27
-37
-28
-16
-10
-4
12
12
38
66
64
73
69
68
66
67
73
63
57
49
56
58
53
49
49
64
89
105
99
85
83
81
87
82
45
24
-7
-12
-20
-39
-44
-37
-31
-11
-6
0
14
49
53
51
48
62
70
87
52
26
18
14
18
21
23
12
20
52
64
62
52
46
33
27
34
36
38
38
7
-25
-58
-57
-68
-91
-96
-92
-75
-52
-26
-12
-7
21
46
79
93
104
130
130
107
83
86
89
104
120
140
149
139
138
152
152
176
169
159
168
179
185
164
126
86
65
50
34
6
2
2
13
25
28
24
20
49
80
84
86
76
61
49
32
-15
-44
-58
-89
-99
-89
-86
-84
-79
-76
-89
-97
-88
-108
-149
-205
-235
-223
-217
-221
-224
-216
-218
-206
-188
-168
-165
-164
-184
-230
-281
-312
-359
-404
-428
-430
-438
-423
-386
-308
-253
-220
-209
-203
-202
-213
-212
-186
-152
-121
-96
-64
-34
20
73
85
121
187
262
291
240
198
235
305
354
390
393
349
300
268
245
235
246
317
379
437
546
691
768
773
680
533
387
258
120
-2
-97
-179
-237
-303
-363
-386
-384
-375
-348
-318
-287
-267
-238
-200
-185
-181
-181
-171
-169
-165
-159
-150
-120
-84
-51
-23
-8
8
16
45
83
109
110
126
132
109
94
71
58
63
49
40
48
41
30
17
18
10
13
13
10
1
-27
-34
-66
-92
-100
-100
-114
-120
-121
-128
-114
-77
-64
-64
-55
-49
-32
4
12
28
38
39
29
1
-3
-16
-36
-26
-23
-22
-2
16
14
14
27
25
39
56
41
41
34
21
-21
-51
-70
-88
-112
-117
-96
-85
-85
-68
-64
-66
-56
-49
-19
26
42
49
59
68
56
41
27
21
22
12
20
15
26
28
28
52
55
43
39
49
64
54
55
61
23
4
-30
-53
-47
-58
-78
-76
-75
-76
-54
-35
-26
-8
2
20
18
23
46
60
52
32
12
9
-7
-3
2
22
43
47
38
46
58
63
67
73
79
84
86
63
25
-5
-10
-19
-43
-62
-73
-83
-72
-41
-29
-34
-26
8
16
37
30
56
73
75
55
43
46
35
11
15
29
33
27
34
37
48
64
59
54
58
53
60
61
43
15
0
-9
-31
-34
-41
-62
-64
-48
-20
-9
-11
-7
10
29
50
48
60
63
64
28
19
15
6
8
-1
-11
-10
-8
-4
-1
24
55
61
65
65
63
59
61
56
5
-22
-41
-53
-59
-73
-79
-81
-60
-44
-42
-36
-22
-2
7
25
45
61
83
91
69
42
15
-6
-18
-9
-3
5
12
32
44
56
52
46
44
47
42
27
40
27
-22
-38
-52
-63
-73
-79
-89
-94
-66
-59
-67
-50
-35
-7
5
46
71
77
69
72
52
35
4
-7
3
10
9
11
28
31
34
39
45
41
45
46
43
42
35
22
-13
-47
-59
-74
-84
-80
-67
-69
-67
-55
-38
-23
4
19
30
42
49
67
88
73
44
33
25
17
8
2
-3
6
-3
1
16
30
43
48
56
50
51
62
53
36
-4
-41
-64
-72
-75
-74
-79
-80
-57
-37
-39
-41
-33
-16
7
29
54
69
85
88
56
28
8
12
9
6
-1
3
11
21
32
46
58
51
52
64
82
71
57
53
16
-21
-43
-43
-49
-57
-59
-72
-64
-45
-46
-34
-24
-4
12
17
24
54
82
81
54
34
21
0
-9
4
10
4
11
38
49
49
45
40
54
66
63
50
43
39
20
1
-10
-46
-58
-53
-53
-69
-60
-52
-38
-26
-6
13
24
46
62
60
66
67
49
38
25
19
3
7
7
10
32
36
32
45
62
72
79
71
60
54
41
24
-21
-52
-48
-41
-61
-66
-76
-81
-59
-39
-40
-44
-40
-28
10
40
50
74
86
69
44
38
28
17
2
1
-2
2
4
5
20
37
45
51
65
58
51
65
51
36
27
5
-18
-48
-52
-69
-85
-78
-65
-51
-43
-48
-53
-34
4
28
21
35
53
64
49
37
15
-2
-5
8
20
16
9
26
37
36
45
42
47
43
45
50
54
31
-14
-33
-52
-58
-73
-74
-76
-92
-87
-69
-57
-48
-21
8
26
42
60
77
72
65
58
44
22
26
17
9
-1
2
11
9
12
22
35
52
54
53
59
49
27
21
-13
-36
-51
-62
-74
-87
-78
-74
-62
-53
-47
-32
-7
29
42
58
68
61
59
61
54
25
12
4
-1
9
3
7
30
39
48
60
84
65
54
52
57
57
38
29
2
-38
-54
-52
-64
-64
-69
-83
-71
-58
-40
-16
-8
-4
19
42
47
66
79
82
63
37
19
9
2
5
4
5
9
18
25
50
62
37
36
39
41
29
16
23
-24
-49
-71
-70
-55
-65
-78
-87
-65
-37
-17
-5
-15
16
44
35
25
28
58
88
73
50
13
-8
-7
8
2
7
16
12
32
61
59
67
74
58
50
59
52
26
-15
-41
-71
-81
-91
-106
-90
-76
-64
-49
-40
-33
-17
12
30
44
45
61
93
100
77
35
20
27
9
13
-1
-1
6
7
27
63
84
71
57
58
33
40
29
12
-22
-59
-69
-72
-72
-68
-71
-76
-60
-43
-39
-27
-15
8
28
44
64
88
85
84
62
38
27
5
-7
-4
5
11
4
6
27
37
47
40
32
41
46
54
42
36
-9
-44
-47
-45
-60
-78
-106
-114
-100
-62
-32
-30
-16
-1
6
25
47
55
48
49
23
7
12
-5
-15
-21
-13
-4
-11
6
19
37
60
66
57
54
61
52
51
40
-2
-27
-39
-55
-78
-86
-76
-59
-66
-61
-45
-29
-18
-7
2
14
37
49
71
74
62
51
37
12
0
15
6
7
14
24
15
25
38
46
31
29
45
55
47
41
-3
-24
-33
-41
-48
-62
-74
-63
-61
-59
-38
-43
-39
-12
16
41
34
51
58
50
50
28
19
6
-2
17
31
21
-6
-18
-6
10
27
34
44
65
72
83
76
65
29
-13
-44
-68
-71
-71
-80
-78
-75
-54
-30
-32
-27
-15
0
31
45
61
69
60
51
35
30
29
12
5
-7
3
10
5
7
20
38
39
50
54
60
68
66
61
20
-12
-47
-53
-66
-86
-69
-54
-39
-31
-30
-23
-20
-5
8
18
25
39
49
44
25
7
-11
-19
-26
-29
-9
6
18
34
43
66
80
80
68
65
58
44
48
42
3
-24
-45
-47
-49
-63
-67
-75
-68
-62
-59
-51
-44
-26
-4
15
30
61
73
70
53
24
1
-2
-10
11
24
15
15
14
17
23
63
58
56
59
64
76
73
61
24
-11
-44
-58
-64
-58
-74
-76
-58
-59
-42
-10
0
0
6
35
48
65
74
80
63
31
15
8
15
14
3
3
-3
4
12
24
39
44
58
70
62
50
50
56
18
-20
-47
-62
-60
-65
-70
-61
-51
-39
-42
-43
-26
6
33
65
87
97
96
93
55
50
36
8
-11
-16
-1
4
4
11
28
36
47
60
74
62
65
63
51
43
7
-27
-59
-69
-70
-80
-60
-71
-79
-53
-47
-39
-28
8
35
56
80
88
92
98
85
58
36
21
9
7
9
21
39
22
19
29
58
68
79
88
91
82
80
53
27
7
-9
-22
-52
-74
-81
-77
-71
-68
-48
-42
-35
-6
4
15
22
25
45
50
42
46
53
51
39
48
51
45
40
26
25
33
55
62
52
28
12
7
6
9
-11
-42
-49
-51
-69
-66
-74
-80
-71
-41
-38
-33
-28
-15
-8
4
9
21
32
46
31
2
-31
-60
-75
-60
-68
-62
-38
-25
-21
-9
22
24
19
20
23
30
13
26
19
