0
30
29
18
7
19
24
11
-2
-15
-18
-42
-54
-56
-61
-40
-49
-66
-62
-73
-80
-89
-101
-127
-146
-143
-141
-147
-155
-125
-83
-62
-28
16
38
59
86
118
144
142
137
123
117
106
108
117
104
79
52
34
-15
-78
-138
-185
-195
-205
-234
-304
-387
-476
-569
-653
-630
-579
-540
-619
-878
-1339
-1987
-2481
-2767
-3013
-3143
-2900
-1935
663
5519
11504
16741
20606
23773
24634
21521
15503
8221
1003
-4780
-8439
-10632
-12281
-13286
-13305
-12734
-11634
-10146
-8563
-7249
-6310
-5558
-4887
-4344
-3936
-3593
-3269
-2935
-2616
-2291
-2058
-1924
-1830
-1922
-2126
-1957
-1263
-337
567
1335
1946
2403
2699
2823
2830
2750
2593
2361
2107
1855
1603
1382
1194
1020
848
713
608
503
431
371
316
283
262
258
255
256
234
206
178
152
132
103
95
91
97
112
113
98
98
107
123
166
183
193
212
254
256
239
229
203
203
223
241
248
249
277
293
309
326
330
299
272
249
246
241
230
207
181
158
124
102
72
56
40
20
22
20
26
24
29
64
84
78
62
73
73
44
15
-5
-10
-1
1
-3
6
14
16
32
65
85
87
95
103
110
106
117
106
71
49
21
3
10
10
2
-16
-1
8
9
10
-8
-1
28
47
53
50
74
85
77
63
38
21
14
21
22
8
6
16
39
57
81
97
100
107
102
102
99
67
33
34
29
14
-5
-16
-16
-10
-4
1
24
27
10
43
70
87
97
103
129
155
177
164
143
136
124
137
137
159
179
195
193
172
163
155
139
127
124
127
111
109
108
87
68
50
50
36
31
33
30
17
-8
-22
-30
-45
-40
-42
-52
-56
-64
-44
-50
-72
-84
-109
-142
-157
-173
-204
-226
-235
-241
-227
-202
-200
-181
-144
-114
-77
-51
-21
-44
-86
-132
-199
-254
-318
-371
-419
-450
-458
-442
-418
-381
-310
-246
-209
-179
-154
-122
-115
-113
-93
-72
-62
-56
-26
23
64
92
116
154
239
323
346
298
300
347
414
463
486
440
354
283
224
172
189
198
193
222
275
399
513
577
586
521
436
351
254
147
38
-70
-138
-211
-268
-306
-314
-317
-300
-271
-237
-208
-165
-114
-81
-66
-50
-54
-55
-55
-64
-62
-70
-93
-102
-95
-96
-90
-91
-71
-45
-15
0
20
41
62
90
100
107
113
114
97
72
46
6
-20
-28
-29
-30
-44
-57
-59
-64
-59
-45
-38
-31
-33
-23
-29
-27
-42
-69
-80
-82
-73
-80
-84
-82
-52
-24
0
-7
-6
5
41
64
70
74
72
76
56
24
6
-1
-13
-18
-24
-27
-21
-25
-19
-7
3
4
16
19
20
22
12
10
-10
-31
-61
-66
-61
-76
-76
-74
-72
-49
-40
-23
-15
-15
6
35
54
51
44
61
53
43
19
-4
-17
-15
-3
2
11
5
6
18
40
46
35
50
42
35
33
45
26
-11
-29
-46
-62
-53
-50
-65
-55
-46
-45
-31
-14
8
33
46
50
52
75
83
87
57
41
29
28
29
19
26
32
24
23
24
50
53
41
50
79
102
100
61
21
-7
-18
-31
-37
-54
-66
-75
-66
-47
-17
-2
19
36
33
48
65
72
78
90
81
70
65
43
36
26
13
30
42
46
49
44
58
53
49
57
65
75
70
60
31
14
-10
-31
-35
-59
-56
-57
-57
-36
-12
0
-9
-7
10
19
42
67
90
101
90
76
57
38
31
11
3
21
26
14
13
28
46
66
73
61
74
84
82
57
20
8
-25
-42
-61
-71
-61
-77
-74
-47
-32
-21
-12
22
46
52
81
92
102
96
85
85
65
60
49
51
38
27
30
27
41
55
58
70
68
69
64
54
40
36
20
-12
-34
-51
-73
-78
-60
-69
-67
-63
-53
-39
-36
-8
18
48
65
71
76
84
68
49
39
23
12
6
13
29
40
51
54
62
85
78
73
83
79
77
58
35
4
-14
-25
-31
-31
-37
-48
-62
-64
-53
-44
-43
-23
-4
-1
19
43
55
77
76
67
46
26
8
12
42
31
9
3
4
5
25
50
45
38
50
63
63
63
62
29
9
-17
-35
-27
-27
-40
-54
-56
-18
-12
-10
-13
11
37
36
41
63
60
67
47
26
8
-7
-10
4
7
11
16
-2
-15
10
30
52
63
83
69
66
55
42
9
-9
-34
-45
-60
-76
-86
-92
-79
-61
-39
-45
-35
-3
10
26
55
75
87
85
69
35
17
3
4
13
19
20
18
8
17
26
40
58
50
56
59
65
61
61
29
-3
-17
0
-18
-32
-29
-30
-34
-29
-29
-31
-16
15
27
46
60
66
75
84
71
51
44
30
5
8
16
25
33
40
43
46
64
65
67
67
65
68
66
59
28
-3
-21
-33
-40
-56
-65
-70
-62
-47
-23
-11
0
16
32
47
56
70
77
81
59
30
26
9
1
10
4
4
15
17
20
34
64
68
63
66
78
73
44
28
-4
-11
-23
-50
-62
-86
-89
-91
-75
-60
-52
-36
-18
14
35
62
81
77
76
76
60
62
48
33
27
29
12
5
4
9
22
47
70
64
55
51
45
43
42
39
6
-17
-29
-52
-69
-73
-67
-76
-71
-58
-41
-30
-26
-7
10
30
37
63
96
117
104
77
53
21
1
6
10
15
32
45
58
61
68
72
80
72
49
44
48
40
9
-9
-31
-53
-67
-71
-70
-61
-62
-48
-43
-48
-34
-12
-8
24
44
59
66
57
37
27
15
6
7
16
18
23
35
36
35
39
48
51
55
60
47
53
41
38
28
7
-28
-68
-82
-79
-64
-62
-58
-36
-35
-33
-14
11
27
55
78
87
88
98
86
64
59
57
49
16
-3
-2
7
11
-1
15
49
43
19
15
24
41
39
35
16
-8
-32
-23
-37
-59
-65
-75
-51
-22
-15
-21
-19
-5
12
40
51
55
86
90
64
43
24
13
-3
10
7
-6
-12
-3
8
18
32
44
51
60
56
55
70
60
29
-5
-19
-27
-48
-64
-71
-68
-49
-33
-27
-26
-18
15
31
57
64
86
96
96
78
53
44
39
36
34
19
22
33
13
9
29
46
48
49
56
57
63
57
56
30
6
-7
-34
-57
-84
-92
-76
-62
-51
-46
-44
-27
4
21
30
47
69
73
67
51
42
44
38
14
7
22
32
34
19
12
35
76
74
70
66
59
68
64
51
17
-9
-37
-51
-52
-52
-48
-41
-44
-45
-33
-31
-30
-7
17
39
48
58
72
63
36
23
23
16
11
29
31
16
10
11
24
53
59
64
63
69
82
66
65
44
1
-26
-58
-66
-71
-72
-66
-71
-70
-52
-51
-50
-38
-11
10
35
50
60
78
91
73
51
31
17
10
16
16
11
16
15
20
37
53
71
80
80
68
48
30
18
-4
-20
-21
-44
-57
-61
-63
-76
-71
-63
-54
-58
-31
3
26
51
53
72
94
111
101
62
45
32
26
41
38
33
21
27
30
21
40
42
45
40
34
36
34
15
-33
-62
-74
-82
-74
-55
-54
-63
-57
-31
-13
-18
-8
18
39
58
58
49
62
72
56
24
-1
4
-6
-4
3
26
43
36
22
39
41
41
53
52
46
44
58
64
4
-40
-70
-73
-69
-66
-70
-89
-84
-54
-38
-33
-19
6
38
55
62
76
82
71
53
41
17
10
18
32
28
24
53
57
57
63
71
71
71
55
48
48
41
29
-9
-25
-46
-57
-64
-68
-86
-89
-77
-56
-35
-26
-6
28
28
31
45
64
77
79
80
55
23
29
18
11
9
11
9
8
20
37
66
56
50
48
44
53
54
37
5
-11
-21
-36
-65
-83
-78
-82
-82
-55
-27
-30
-16
9
32
36
47
75
80
74
54
42
41
46
37
28
30
40
50
53
63
69
60
45
52
54
44
44
47
41
-4
-38
-42
-57
-79
-90
-75
-81
-76
-69
-44
-26
-23
1
19
30
47
70
65
64
47
30
23
15
12
20
25
41
45
35
42
72
91
99
90
86
74
69
60
49
4
-23
-60
-65
-64
-71
-70
-66
-43
-31
-21
-16
-5
8
36
63
64
72
102
99
79
58
31
28
26
32
19
18
19
22
33
52
67
86
87
90
83
87
69
45
9
-26
-40
-47
-63
-65
-64
-82
-80
-55
-27
-18
-21
-1
23
48
59
84
103
104
76
42
17
3
9
12
9
22
26
19
22
38
60
66
69
81
72
66
42
19
-1
-18
-36
-65
-73
-76
-70
-56
-30
-19
-26
-31
-23
12
34
48
66
76
87
87
76
66
45
40
40
23
12
16
11
19
45
59
60
59
64
55
57
72
67
38
-14
-35
-54
-73
-87
-83
-80
-76
-65
-40
-31
-31
-34
-5
7
18
41
67
74
89
68
41
24
27
19
21
27
25
25
33
34
41
51
51
73
76
82
91
83
63
13
-15
-49
-50
-53
-49
-51
-61
-62
-59
-54
-45
-20
3
7
22
37
62
74
60
31
9
4
7
-5
18
19
19
24
27
26
22
24
28
52
76
86
88
78
64
30
9
1
-26
-43
-50
-53
-63
-65
-65
-54
-30
-8
5
16
38
46
62
84
86
54
29
21
19
11
13
14
29
42
43
48
41
34
27
43
44
45
60
51
42
7
2
-29
-45
-53
-59
-52
-48
-30
-25
-19
-9
8
25
32
33
45
64
69
79
56
36
11
12
19
23
9
8
12
22
44
67
91
77
57
52
56
53
46
28
-9
-24
-53
-68
-72
-78
-81
-62
-46
-33
-24
-22
-11
5
29
43
63
89
116
120
100
88
71
54
38
22
23
27
28
30
47
51
41
44
32
26
45
71
65
65
43
19
6
-9
-53
-62
-44
-41
-38
-34
-15
-27
-12
9
17
28
50
68
65
51
25
-3
-3
1
-10
-14
-8
8
20
32
34
41
50
40
33
61
67
53
22
-2
-41
-59
-66
-84
-116
-108
-104
-105
-96
-86
-80
-72
-71
-55
-27
6
35
74
99
109
82
68
53
33
6
-34
-81
-91
-87
-36
5
20
27
24
24
-9
-53
-117
-177
-207
-232
-265
-327
-426
-535
-653
-719
-717
-687
-695
-884
-1251
-1828
-2506
-2984
-3300
-3440
-3295
-2685
-1042
2607
8625
15468
20866
24691
26721
25321
19975
12165
4127
-3198
-8800
-12013
-13670
-14398
-13993
-12881
-11590
-10202
-8729
-7347
-6287
-5493
-4840
-4290
-3890
-3606
-3345
-3034
-2756
-2533
-2300
-2108
-1990
-1929
-2133
-2430
-2139
-1286
-258
699
1480
2092
2536
2801
2914
2902
2801
2617
2368
2115
1868
1626
1403
1209
1029
856
696
555
439
342
262
209
183
146
151
142
138
137
134
136
138
131
148
165
180
171
169
178
192
180
156
144
144
138
143
152
170
177
205
235
255
290
298
321
312
287
276
285
266
234
203
180
175
160
145
144
114
92
96
92
76
77
94
97
98
107
117
105
92
74
53
50
22
2
-1
13
23
20
17
18
36
61
69
71
72
81
76
68
61
40
23
3
-14
-15
-22
2
6
15
26
31
36
45
54
49
80
95
105
108
106
74
57
29
18
9
18
28
21
30
32
53
79
89
92
99
95
103
107
112
99
59
31
11
6
-6
4
0
-22
-18
-11
-23
-2
12
32
62
72
80
98
115
119
116
108
89
66
68
87
102
116
130
138
158
181
208
213
209
210
201
189
173
148
116
68
42
14
5
-3
-4
-5
-2
0
18
13
48
80
90
78
54
43
10
-6
-25
-54
-88
-105
-114
-123
-113
-85
-76
-83
-79
-81
-105
-149
-183
-206
-195
-193
-173
-162
-183
-179
-176
-170
-155
-142
-127
-144
-182
-219
-251
-301
-332
-342
-357
-375
-388
-339
-274
-217
-190
-168
-183
-162
-146
-153
-155
-138
-123
-123
-103
-43
45
105
107
103
151
227
273
255
212
219
268
335
386
411
389
316
275
253
246
251
275
293
335
442
585
695
756
723
589
447
316
195
75
-41
-139
-194
-235
-302
-349
-353
-334
-320
-308
-284
-240
-209
-159
-144
-151
-153
-146
-134
-133
-126
-113
-102
-70
-48
-34
-24
-5
22
40
72
92
114
122
120
98
72
51
35
28
33
40
43
44
32
23
42
44
20
12
-1
-5
-24
-20
-29
-70
-90
-103
-107
-114
-108
-104
-94
-79
-68
-48
-46
-35
-23
3
20
16
25
31
44
19
10
6
-3
1
-2
-12
-4
-5
-4
-6
21
35
39
46
57
45
48
35
-2
-34
-44
-59
-77
-91
-110
-113
-100
-75
-43
-43
-36
-16
4
21
39
63
76
81
73
65
39
15
3
4
11
15
35
37
20
8
24
47
55
53
45
40
25
6
-8
-15
-41
-68
-77
-75
-59
-66
-78
-78
-72
-54
-55
-47
-19
1
32
65
91
95
96
87
69
53
50
43
25
21
24
31
27
36
52
71
67
55
52
76
74
65
45
3
-26
-40
-42
-55
-63
-62
-56
-52
-35
-21
-7
28
53
65
66
59
70
73
67
45
39
36
22
-2
5
0
3
6
14
26
53
70
76
77
83
90
92
80
57
14
3
-4
-22
-32
-30
-46
-50
-37
-21
-15
-19
-11
12
41
60
74
89
106
110
95
55
38
29
32
30
27
22
25
42
48
57
74
82
87
61
48
51
57
41
4
-21
-50
-49
-53
-63
-55
-62
-55
-44
-38
-20
-4
10
36
56
64
87
109
110
92
65
45
40
49
55
37
34
43
36
28
32
17
27
54
55
51
50
58
51
22
-14
-52
-63
-65
-59
-54
-45
-28
-26
-8
-7
7
24
34
31
33
56
70
59
45
12
-4
-11
-3
5
0
10
23
31
45
66
89
87
84
74
63
55
55
34
5
-14
-43
-47
-48
-55
-51
-52
-62
-60
-56
-49
-22
6
35
54
59
64
69
67
30
15
28
19
23
15
16
17
16
31
32
37
52
59
53
41
40
64
64
41
10
-19
-34
-61
-82
-81
-75
-63
-41
-27
-29
-30
-3
33
45
49
59
82
86
73
42
26
-2
-16
-9
7
8
17
33
38
41
63
79
72
80
85
85
74
50
17
-16
-23
-56
-79
-100
-85
-91
-95
-77
-57
-36
-31
-8
19
35
34
42
50
71
62
56
54
36
21
22
29
29
38
49
40
40
57
49
48
46
48
54
40
37
5
-39
-50
-53
-57
-61
-52
-60
-61
-40
-20
-7
-1
14
31
45
81
89
107
100
77
64
32
1
-12
5
33
33
25
21
35
56
64
66
69
72
65
69
70
41
10
-12
-25
-43
-57
-57
-66
-70
-55
-42
-27
-27
-32
-14
7
37
53
63
85
94
97
75
47
37
42
40
26
17
8
6
17
30
40
43
35
36
36
44
44
59
45
12
-2
-27
-50
-57
-56
-63
-67
-62
-46
-22
-15
-9
20
36
37
42
46
64
73
47
41
15
6
5
-5
6
4
15
26
33
38
49
64
79
92
103
84
74
49
11
-20
-43
-36
-44
-44
-51
-42
-34
-35
-42
-44
-26
-3
17
40
37
51
61
63
43
31
22
3
-1
6
7
13
21
18
20
39
56
83
89
90
95
88
63
40
-9
-45
-49
-50
-69
-67
-59
-43
-27
-35
-28
-15
12
30
53
62
53
58
77
63
23
0
-5
-6
0
-8
-3
21
31
28
26
40
47
42
60
52
55
60
65
37
-3
-30
-56
-77
-76
-59
-60
-46
-44
-28
-21
-16
7
13
27
34
52
78
80
68
46
36
19
17
28
15
18
17
19
19
31
56
83
81
95
95
80
58
46
25
-9
-22
-50
-70
-84
-91
-93
-82
-62
-52
-52
-28
-10
6
31
50
69
98
99
76
63
46
39
35
22
24
41
36
36
30
37
63
65
43
43
46
56
59
40
9
-9
-34
-49
-57
-52
-50
-49
-53
-52
-53
-41
-24
-5
20
26
45
50
64
80
81
62
48
39
14
13
4
3
18
26
23
28
27
42
49
56
61
61
47
31
6
-9
-12
-22
-40
-51
-32
-46
-61
-59
-52
-38
-10
22
47
55
54
44
59
67
63
47
20
-11
-10
0
23
37
31
17
20
23
35
36
44
63
61
59
59
54
27
-15
-38
-71
-83
-76
-68
-56
-58
-58
-34
-38
-27
1
26
62
79
89
98
106
85
34
6
-1
13
24
10
12
11
24
28
25
39
56
64
53
37
42
42
31
6
-19
-39
-61
-58
-65
-67
-84
-64
-36
-38
-31
-11
16
34
63
84
89
106
114
89
57
44
32
18
13
16
34
44
50
39
54
55
46
45
50
58
51
41
33
-4
-45
-95
-107
-92
-91
-92
-98
-84
-58
-34
-14
-4
15
19
22
28
49
71
71
51
30
28
31
27
33
23
14
27
35
51
54
54
64
66
63
43
32
25
13
-15
-27
-54
-80
-90
-86
-78
-76
-62
-41
-31
-30
-21
15
47
55
60
84
111
114
111
86
68
57
35
24
26
36
34
24
19
9
31
42
37
13
-5
-8
-9
11
1
-24
-34
-40
-57
-67
-72
-73
-59
-32
-31
-21
-6
19
30
36
51
61
76
84
71
37
41
30
12
-3
-3
9
7
9
19
29
43
46
66
91
85
80
75
83
48
8
-13
-23
-38
-42
-58
-71
-64
-46
-33
-26
-25
-9
2
21
63
71
84
95
67
51
41
32
21
15
27
17
11
6
3
24
53
62
61
62
51
49
56
57
23
-3
-20
-30
-51
-60
-77
-77
-66
-45
-42
-28
-15
5
12
32
39
58
99
94
75
61
34
10
5
4
2
7
9
12
24
49
65
69
78
78
57
36
35
36
10
-10
-35
-46
-45
-46
-48
-59
-57
-26
-11
-13
-9
7
13
28
54
83
77
78
75
54
38
26
26
29
16
3
-17
-19
-23
-6
38
50
59
65
61
64
69
82
52
18
-11
-29
-36
-35
-28
-28
-31
-16
-14
-19
-20
-12
-2
1
13
33
64
77
61
38
19
-8
-18
-9
11
21
13
24
39
42
59
72
86
79
69
71
73
76
39
5
-32
-47
-48
-35
-30
-54
-57
-30
-17
-19
-22
-6
-1
20
40
56
83
93
65
46
20
-7
-10
10
8
2
20
32
38
54
58
59
43
46
44
51
41
43
21
-9
-21
-29
-35
-25
-19
-29
-29
-33
-22
-7
-9
1
20
51
44
44
72
88
56
22
5
-6
-1
14
8
-5
5
17
41
47
56
51
51
55
64
68
55
56
29
-8
-21
-31
-44
-55
-58
-63
-47
-36
-11
4
0
6
18
35
47
58
68
76
61
49
31
11
7
0
-2
6
22
28
30
37
59
58
66
68
62
60
55
61
35
5
-24
-33
-43
-59
-57
-47
-32
-12
-20
-22
-19
2
26
47
61
74
79
73
42
15
9
0
-4
-6
0
10
14
0
15
32
39
44
48
44
51
58
57
43
25
4
-27
-45
-53
-70
-79
-88
-79
-54
-20
-17
-19
5
27
49
75
84
103
107
88
69
67
71
48
43
44
33
34
15
16
10
30
51
38
36
47
60
64
55
29
2
-13
-12
-12
-29
-34
-51
-61
-38
-33
-29
-18
-12
4
20
33
47
46
57
48
25
7
9
-3
18
15
17
16
22
35
47
59
55
49
45
26
25
20
17
-13
-41
-56
-63
-61
-58
-73
-107
-116
-95
-74
-63
-58
-54
-35
-1
2
-8
9
31
27
7
3
-3
-17
-5
-10
-27
-53
-92
-124
-112
-71
-59
-37
-3
36
35
5
-36
-117
-216
-279
-296
-342
-438
-578
-706
-775
-812
-817
-815
-863
-1042
-1480
-2005
-2489
-2938
-3292
-3323
-2664
-316
4764
11606
17727
22250
25411
25606
20690
13600
6804
1338
-2733
-5734
-8185
-10230
-11935
-13008
-13392
-12963
-11752
-10220
-8699
-7442
-6558
-5961
-5461
-4970
-4463
-4022
-3605
-3219
-2997
-2790
-2774
-2955
-2713
-1792
-572
620
1615
2388
2898
3160
3239
3214
3103
2951
2736
2478
2229
1968
1731
1509
1297
1115
958
835
732
633
509
387
302
268
244
219
197
194
197
200
192
176
165
172
171
177
178
182
193
193
167
128
107
102
104
115
121
142
167
190
200
216
252
269
269
271
277
285
271
256
230
214
208
193
160
129
124
113
89
81
73
55
52
58
53
65
83
85
94
87
55
24
6
-15
-21
-21
-11
-14
-6
-13
-17
11
51
61
67
92
106
108
117
121
99
69
47
28
16
16
11
16
20
21
31
40
30
41
48
61
72
84
100
94
76
73
53
28
8
19
15
16
29
41
54
82
112
122
128
135
141
142
137
105
56
40
31
16
-1
-2
-24
-41
-37
-27
-3
14
18
29
28
47
77
96
112
108
111
99
94
93
85
102
100
114
127
147
169
169
180
182
200
220
211
214
209
199
170
117
92
72
52
45
39
35
28
27
40
35
37
67
88
123
142
148
125
83
48
1
-45
-64
-68
-62
-75
-89
-110
-110
-104
-98
-74
-70
-74
-101
-125
-162
-188
-209
-234
-243
-255
-252
-229
-207
-197
-178
-143
-103
-113
-160
-213
-240
-281
-340
-359
-370
-388
-381
-381
-337
-283
-232
-199
-200
-215
-226
-230
-219
-202
-190
-157
-79
-9
54
86
90
102
144
209
225
162
143
193
281
401
462
463
414
357
307
263
274
295
323
357
413
525
631
697
700
627
528
415
328
249
137
36
-13
-76
-164
-227
-277
-324
-359
-384
-387
-352
-316
-310
-282
-248
-216
-192
-177
-164
-141
-95
-74
-62
-49
-16
10
20
50
72
89
93
102
104
103
86
77
68
55
51
56
48
52
48
53
60
58
50
33
44
60
42
24
-19
-57
-89
-106
-115
-131
-142
-153
-144
-125
-114
-100
-90
-75
-57
-46
-24
-1
12
23
14
21
18
16
2
-4
6
30
20
15
0
27
42
41
44
39
44
31
18
18
-3
-13
-31
-61
-75
-86
-75
-69
-70
-72
-62
-53
-51
-23
7
29
38
46
70
79
35
6
4
5
-4
-19
-32
-23
3
6
25
46
39
39
38
48
56
47
33
25
-2
-35
-54
-55
-63
-68
-71
-85
-67
-58
-49
-55
-53
-16
18
42
45
47
53
58
41
37
32
32
10
8
12
2
5
6
26
43
66
65
57
70
74
73
55
38
6
-11
-24
-34
-50
-49
-43
-46
-45
-37
-27
-22
-9
12
37
47
55
71
74
79
61
33
3
0
8
8
-1
6
17
35
37
50
68
74
82
80
64
60
53
61
32
-3
-37
-64
-69
-64
-59
-60
-45
-27
-24
-21
-16
10
38
71
98
97
91
110
91
62
53
37
42
43
35
42
32
26
33
37
58
65
58
52
66
71
72
66
27
-3
-29
-48
-58
-63
-67
-88
-81
-77
-56
-57
-51
-19
10
39
45
52
75
93
69
56
35
35
51
66
61
35
16
14
12
17
30
47
60
56
43
41
56
57
37
14
-16
-22
-47
-56
-59
-38
-23
-19
-17
-25
-10
13
27
42
64
68
58
55
51
40
15
-3
-4
12
6
-2
9
18
25
32
41
41
57
71
65
64
67
67
37
7
-19
-34
-47
-62
-74
-66
-59
-45
-45
-37
-24
-16
0
39
51
72
96
99
64
27
18
16
-12
-22
-2
22
38
42
28
36
70
57
31
32
46
52
48
46
20
-10
-13
-27
-68
-85
-86
-78
-56
-22
-1
-15
-10
12
26
42
51
53
56
58
44
33
27
13
4
19
23
16
20
25
41
69
76
67
59
43
42
43
39
24
-15
-34
-57
-72
-76
-61
-68
-71
-66
-59
-41
-20
3
34
49
59
74
86
102
98
66
51
30
24
34
38
19
8
33
32
26
45
53
55
68
63
57
53
33
15
0
-22
-50
-46
-51
-58
-66
-86
-89
-74
-43
-20
-4
7
40
65
72
96
121
120
92
63
48
42
40
44
46
58
45
30
27
43
39
37
55
76
67
71
55
42
6
-21
-41
-60
-68
-67
-71
-73
-59
-35
-25
-24
-23
-7
11
37
62
67
67
67
55
41
16
6
9
19
27
29
42
56
52
43
54
62
73
71
60
63
57
50
4
-29
-58
-67
-69
-71
-76
-90
-78
-57
-40
-33
-31
-2
35
66
97
94
106
112
82
58
28
18
25
19
16
12
26
33
28
37
56
54
70
74
70
52
44
33
2
-43
-64
-53
-63
-74
-70
-58
-57
-46
-35
-30
-8
28
46
60
81
97
98
90
62
34
18
0
-3
12
9
28
32
31
37
39
63
69
49
41
40
45
38
21
-21
-39
-45
-56
-77
-87
-81
-86
-72
-53
-47
-30
-7
34
62
72
70
88
92
77
49
38
31
31
28
35
34
43
57
46
38
53
76
70
76
61
47
54
47
36
-9
-44
-72
-81
-87
-90
-92
-91
-80
-55
-53
-43
-22
17
42
51
44
61
73
94
82
55
45
38
55
46
34
47
47
46
56
69
77
70
49
32
32
31
21
3
-28
-42
-61
-65
-55
-62
-56
-54
-54
-46
-34
-28
-34
3
18
25
23
53
60
51
31
34
25
24
4
0
17
32
31
38
56
69
85
90
78
72
70
68
39
31
13
2
-30
-36
-42
-63
-65
-59
-47
-45
-32
-21
-15
3
26
51
74
91
87
99
82
51
35
34
20
16
17
13
9
19
35
29
51
57
74
77
65
51
33
29
13
-4
-27
-57
-83
-71
-58
-49
-46
-29
-23
-15
-5
12
24
44
61
67
68
92
69
50
30
4
-2
-6
6
19
24
26
20
17
26
28
54
74
76
76
56
26
-9
-35
-50
-49
-44
-44
-53
-57
-36
-25
-30
-31
-18
7
34
52
51
61
69
65
47
50
20
-2
6
6
1
28
41
39
36
46
52
52
61
57
52
40
40
23
-10
-16
-37
-38
-43
-63
-50
-49
-52
-51
-37
-24
-15
-2
11
24
36
62
73
68
52
41
35
23
19
25
34
50
36
6
14
30
39
50
74
80
65
55
42
28
10
-15
-40
-54
-81
-103
-101
-83
-59
-42
-39
-35
-16
14
39
53
56
68
79
93
97
70
45
27
28
24
20
24
17
22
31
30
38
40
41
31
27
33
28
28
-11
-25
-35
-50
-65
-80
-76
-61
-35
-28
-23
-29
-17
-1
15
38
45
61
76
94
63
21
2
2
9
6
19
34
33
37
32
50
77
67
72
70
64
55
34
25
-6
-24
-35
-43
-64
-75
-74
-81
-65
-42
-25
-9
-3
8
18
54
73
69
90
85
48
56
57
33
1
16
24
28
38
17
0
7
34
58
66
67
64
47
56
46
11
-10
-40
-75
-83
-74
-76
-79
-60
-56
-39
-19
-5
26
32
58
68
68
71
84
80
68
57
44
27
24
26
36
37
31
29
45
62
69
73
74
55
47
49
28
-5
-31
-48
-65
-67
-77
-74
-65
-65
-62
-36
-22
-9
15
35
56
66
86
99
106
84
49
31
25
27
17
31
43
35
38
43
37
41
44
47
51
47
45
43
39
5
-27
-45
-64
-78
-80
-72
-73
-67
-51
-28
-18
-3
10
32
44
71
90
96
105
79
56
27
14
23
16
6
12
31
46
32
41
52
64
62
53
58
58
53
37
5
-28
-61
-75
-85
-84
-61
-62
-53
-40
-45
-43
-13
17
18
35
62
82
100
111
81
51
37
35
44
40
38
36
36
41
55
50
65
65
57
54
36
25
18
1
-41
-57
-60
-56
-63
-70
-75
-65
-39
-20
-26
-29
5
32
14
28
49
96
100
85
56
38
34
32
17
20
15
22
22
27
31
32
36
33
50
59
49
57
72
65
28
-6
-37
-49
-52
-66
-79
-67
-50
-48
-46
-33
-5
18
23
33
51
84
93
81
59
39
24
29
31
21
19
19
3
7
11
31
55
48
49
66
69
54
42
40
18
6
-27
-44
-50
-46
-49
-41
-34
-29
-20
-34
-26
-3
17
49
61
66
72
63
33
13
20
15
-8
-16
-20
-16
-2
7
23
38
45
46
48
67
68
74
78
61
34
21
2
-22
-38
-36
-36
-51
-43
-35
-27
-33
-18
19
42
56
81
104
108
79
49
45
35
16
-11
-11
2
19
13
9
20
51
79
84
71
77
79
73
61
56
19
-27
-51
-88
-112
-112
-106
-95
-80
-62
-37
-33
-15
25
68
94
91
91
107
121
111
83
57
44
43
49
32
36
34
27
23
37
48
49
59
56
50
45
36
30
-6
-25
-47
-56
-48
-53
-67
-89
-86
-85
-78
-77
-75
-56
-21
8
29
49
58
47
27
12
-11
-14
-6
-9
-14
-24
-1
2
8
18
43
66
88
73
51
46
58
34
-35
-77
-111
-114
-68
-46
-50
-44
-12
-9
-49
-112
-159
-171
-178
-183
-241
-309
-368
-445
-548
-565
-530
-491
-546
-796
-1264
-1903
-2473
-2798
-2978
-3120
-2832
-1535
1597
7015
12776
17324
20800
23322
22323
17871
12353
6579
873
-4199
-8049
-10569
-12286
-13258
-13247
-12544
-11365
-9948
-8460
-7202
-6396
-5844
-5366
-4885
-4386
-3927
-3569
-3308
-3009
-2811
-2872
-2691
-2010
-1007
60
1040
1862
2444
2790
2952
2958
2850
2671
2463
2213
1957
1715
1493
1273
1085
917
774
670
594
534
487
460
431
407
405
412
429
433
436
395
361
346
319
294
261
232
221
203
185
156
131
135
129
117
110
103
95
85
85
65
71
82
77
89
109
130
147
184
210
223
238
250
272
288
301
323
324
311
302
263
233
193
160
129
102
81
70
43
0
-22
-7
-3
-4
9
13
23
32
24
12
-15
-42
-63
-58
-52
-32
-32
-21
15
47
52
68
82
107
123
151
166
159
165
148
112
91
76
67
54
52
40
33
37
28
24
40
41
39
43
54
59
61
62
52
20
-7
-15
-40
-55
-39
-28
-17
1
6
16
28
22
47
73
96
100
129
130
127
120
93
72
50
43
40
44
52
60
61
72
89
107
110
126
129
123
121
119
127
111
106
100
87
85
88
84
97
109
122
125
131
137
138
143
142
153
171
170
171
134
127
108
94
87
80
78
90
76
61
41
25
23
15
-10
-11
-2
-29
-39
-47
-84
-109
-130
-132
-143
-175
-209
-244
-289
-300
-310
-316
-312
-279
-257
-225
-179
-132
-83
-34
-28
-50
-62
-84
-144
-195
-237
-279
-330
-371
-396
-385
-362
-316
-255
-192
-173
-165
-167
-164
-185
-206
-200
-178
-163
-135
-100
-55
17
37
35
76
157
231
247
251
279
367
444
503
525
488
416
344
303
289
281
294
319
345
410
527
641
679
657
562
442
327
208
56
-90
-189
-259
-312
-368
-399
-417
-418
-402
-375
-325
-281
-217
-166
-120
-76
-32
6
17
15
-1
1
13
15
16
17
28
31
28
28
37
58
77
82
87
83
92
95
84
75
30
-13
-59
-78
-81
-82
-101
-85
-95
-95
-96
-103
-104
-98
-75
-53
-46
-25
-17
-15
-40
-30
-24
-31
-31
-33
-29
-7
3
8
16
43
48
46
61
70
70
63
45
15
-15
-29
-27
-25
-44
-62
-57
-66
-63
-53
-42
-35
-24
-5
9
19
42
48
58
40
17
3
-25
-32
-34
-27
-33
-45
-24
-14
-6
5
30
39
39
50
61
52
33
22
3
-37
-54
-70
-89
-79
-76
-73
-57
-47
-35
-29
3
18
2
11
20
49
58
64
49
24
-8
-10
-19
-5
8
23
26
30
29
41
70
67
60
71
77
79
59
43
16
-9
-35
-66
-84
-84
-71
-73
-58
-25
-25
-30
-11
1
25
45
59
72
69
67
50
40
35
33
39
44
30
18
21
28
44
60
79
85
99
91
76
62
53
34
-14
-37
-40
-65
-71
-49
-58
-74
-42
-29
-24
-2
8
19
38
63
78
91
105
100
57
42
32
27
24
31
41
42
39
51
67
71
74
78
65
49
52
48
31
5
-15
-20
-39
-55
-66
-75
-68
-73
-64
-39
-14
-2
19
48
66
78
76
97
115
117
87
62
42
39
33
41
37
37
42
39
38
41
46
50
58
62
38
32
48
24
-10
-22
-31
-35
-59
-74
-84
-69
-39
-16
-4
-7
-4
9
29
41
48
88
86
65
41
25
12
5
4
15
14
22
25
29
30
52
89
89
66
63
63
61
52
40
5
-21
-17
-28
-48
-68
-60
-39
-23
-26
-30
-35
-3
21
28
37
54
71
76
82
49
25
16
10
7
6
5
17
29
40
49
62
68
56
45
34
44
55
56
22
-33
-60
-64
-73
-81
-74
-73
-81
-72
-70
-60
-41
-18
2
33
59
69
85
87
67
40
38
33
36
27
36
40
42
33
32
41
50
50
50
65
72
65
60
69
38
-3
-30
-49
-52
-61
-59
-62
-60
-54
-51
-31
-11
6
9
20
42
37
49
59
61
43
24
8
-6
-14
-9
5
15
24
32
53
79
83
95
96
95
84
71
65
37
5
-28
-60
-71
-62
-72
-91
-101
-82
-49
-20
-18
-11
2
10
40
65
105
110
92
64
39
30
41
40
15
6
22
31
46
61
67
67
57
58
43
43
43
36
32
15
-8
-28
-29
-45
-57
-62
-74
-53
-27
-18
-10
16
24
48
60
62
58
65
67
44
31
20
34
43
31
36
35
29
48
34
31
41
62
84
71
72
59
51
33
-5
-44
-67
-57
-49
-47
-49
-43
-35
-24
-14
-14
3
26
35
43
54
68
83
90
67
40
18
6
-16
-6
-4
8
12
16
29
46
61
94
89
80
80
73
71
52
24
-9
-37
-50
-68
-74
-85
-91
-75
-72
-57
-48
-19
16
45
61
51
75
86
66
44
36
39
22
9
16
30
45
70
72
64
77
86
77
63
55
41
34
45
28
-25
-33
-37
-54
-64
-72
-83
-84
-61
-47
-48
-40
-3
0
14
40
41
70
79
58
33
27
12
4
9
22
34
54
34
37
35
52
59
54
58
59
69
74
65
41
22
14
-20
-39
-57
-73
-72
-62
-57
-58
-54
-36
-2
28
45
50
64
94
95
70
49
26
15
12
-4
8
25
36
31
30
33
55
65
82
91
81
82
69
48
9
-20
-39
-53
-58
-74
-75
-77
-77
-57
-45
-34
-33
-24
2
29
74
80
80
80
69
43
27
16
9
2
23
40
37
29
35
41
41
49
54
61
61
49
49
54
29
-24
-60
-59
-62
-75
-80
-98
-97
-59
-34
-38
-44
-18
26
65
84
75
77
78
86
52
33
27
23
26
38
40
46
50
52
58
60
67
60
64
64
56
37
32
13
-18
-40
-40
-51
-73
-66
-62
-55
-53
-45
-46
-34
-6
19
35
45
49
59
82
99
75
48
22
17
19
18
18
5
14
25
25
41
55
67
70
70
59
56
54
29
-19
-27
-45
-41
-42
-42
-56
-74
-71
-60
-53
-31
-15
-2
20
44
61
73
85
92
81
62
50
35
27
20
14
30
37
20
28
45
45
53
66
44
35
49
49
21
-14
-29
-34
-44
-57
-55
-55
-35
-32
-35
-32
-38
-37
-21
14
41
52
73
81
65
44
21
8
21
17
6
5
20
22
28
37
37
49
59
52
59
67
71
64
52
26
5
-13
-33
-48
-47
-40
-37
-34
-33
-31
-17
-3
8
17
29
49
67
63
70
35
11
0
-18
-29
-26
-16
-17
-15
0
16
46
61
58
72
71
71
70
55
28
-9
-19
-19
-36
-61
-61
-48
-49
-50
-44
-24
-21
-17
6
17
27
50
72
75
78
41
25
20
-2
-11
5
13
10
14
19
26
44
58
43
43
54
62
56
58
33
5
-1
-16
-31
-41
-48
-65
-63
-35
-20
-14
0
2
1
21
54
60
65
56
44
20
7
4
6
6
0
-3
4
3
7
22
30
30
38
48
63
72
67
61
15
-16
-38
-52
-63
-69
-51
-48
-41
-27
2
4
-10
-2
13
29
51
59
76
80
78
70
34
10
-12
-10
-2
15
27
23
27
60
64
62
53
47
50
62
53
43
28
2
-34
-52
-52
-58
-68
-70
-69
-55
-44
-29
-23
-5
12
44
63
75
91
84
70
47
38
18
2
-8
-19
-8
0
-1
7
22
54
70
51
46
41
45
37
40
36
23
-7
-36
-39
-49
-54
-53
-57
-44
-33
-37
-40
-21
16
46
55
59
79
98
78
39
14
2
13
15
25
21
6
10
24
42
52
58
64
55
63
77
68
62
35
1
-30
-42
-42
-56
-65
-74
-71
-52
-42
-39
-38
-12
8
15
31
45
66
103
91
78
59
44
32
34
44
37
34
42
34
41
49
55
52
59
63
53
35
41
37
4
-36
-52
-55
-58
-48
-51
-44
-26
-9
4
4
25
34
59
79
81
74
67
57
38
23
-1
-17
-8
7
9
20
19
42
63
80
82
77
77
52
43
56
53
8
-23
-37
-48
-54
-64
-69
-72
-59
-50
-35
-30
-13
8
39
41
51
73
94
93
66
49
49
35
18
6
4
8
22
19
15
19
44
66
79
83
69
74
58
52
35
8
-15
-36
-40
-51
-61
-62
-58
-37
-39
-37
-46
-28
0
19
40
75
98
93
74
48
28
14
12
10
3
7
9
20
23
34
51
64
56
43
40
55
44
42
29
-13
-41
-46
-48
-62
-63
-59
-50
-31
-13
-14
-23
-10
6
11
35
58
75
79
64
39
14
7
2
4
25
35
41
41
61
70
77
75
61
51
54
64
71
71
43
18
-18
-25
-40
-56
-62
-56
-36
-20
-14
-9
3
21
48
72
86
85
79
72
52
20
12
12
-1
-22
-21
-8
11
13
21
36
49
57
57
64
69
63
50
43
22
3
-16
-44
-53
-59
-75
-88
-68
-37
-19
-11
11
12
27
40
56
79
91
90
70
55
52
27
6
2
4
10
2
-7
-27
-31
6
19
11
23
22
22
24
12
-37
-73
-100
-127
-126
-121
-104
-107
-98
-74
-42
1
22
27
46
48
42
20
23
40
69
79
62
36
35
30
-11
-74
-102
-132
-152
-139
-123
-176
-262
-333
-412
-509
-540
-518
-524
-629
-894
-1344
-1986
-2625
-2949
-3110
-3184
-2904
-2142
-360
3334
9118
15450
20495
24190
26212
24044
17394
8475
82
-6173
-10012
-12164
-13220
-13171
-12287
-11202
-10034
-8730
-7426
-6319
-5559
-5103
-4772
-4483
-4279
-4053
-3764
-3398
-3075
-2768
-2539
-2674
-2946
-2773
-1991
-925
157
1114
1859
2372
2696
2832
2856
2782
2648
2474
2253
2009
1757
1533
1321
1143
993
864
747
634
555
502
450
409
366
333
300
292
302
294
280
233
168
141
134
104
57
45
23
10
24
39
36
54
70
81
120
143
159
176
198
205
189
191
180
198
222
236
254
266
278
287
294
298
273
256
257
250
236
209
190
143
112
80
51
32
14
-6
-33
-50
-44
-43
-38
-32
-22
-8
15
46
61
78
87
74
63
51
37
30
30
34
42
56
70
82
91
94
90
93
101
98
97
91
84
58
35
-1
-17
-30
-49
-47
-55
-44
-22
-4
9
6
31
50
54
60
82
109
104
87
65
45
33
47
70
73
79
81
84
81
99
111
114
106
94
88
101
78
63
31
-4
-24
-32
-43
-45
-40
-30
-18
-2
14
35
56
73
94
124
141
171
210
228
230
210
193
179
180
183
174
157
148
153
131
105
115
103
108
107
88
83
83
95
81
63
61
51
53
33
-2
-26
-48
-54
-62
-74
-89
-94
-89
-78
-83
-78
-49
-33
-53
-91
-136
-172
-204
-231
-273
-282
-259
-228
-219
-211
-185
-145
-105
-74
-48
-29
-23
-24
-84
-165
-250
-314
-368
-423
-452
-463
-443
-392
-343
-289
-250
-208
-196
-166
-138
-143
-128
-109
-99
-94
-81
-50
3
58
80
113
174
249
292
297
303
361
426
468
515
525
473
412
335
259
226
198
194
203
237
326
461
553
568
507
420
347
243
160
43
-52
-113
-159
-216
-295
-336
-333
-337
-299
-253
-226
-188
-155
-109
-64
-19
-5
-6
-10
-1
10
17
15
-17
-54
-76
-88
-97
-107
-110
-95
-68
-48
-30
-10
20
37
60
86
90
100
96
90
65
32
9
-15
-28
-23
-10
-1
-7
-25
-47
-40
-31
-21
-17
-10
3
16
15
5
-46
-80
-89
-87
-84
-101
-100
-97
-83
-64
-50
-40
-28
-4
15
33
52
75
92
84
64
54
31
3
-9
-28
-27
-26
-28
-26
-21
3
15
24
13
-12
-21
-9
-11
-28
-65
-73
-76
-81
-93
-82
-60
-65
-54
-30
-6
-6
-11
4
16
30
44
58
92
102
89
73
56
36
12
-11
-19
-18
4
-2
7
21
49
54
49
53
45
41
33
31
22
0
-22
-28
-54
-67
-75
-74
-66
-50
-30
-33
-19
2
16
43
66
65
60
65
61
56
30
19
18
25
12
19
30
44
37
42
60
68
73
79
83
84
69
58
17
-11
-29
-43
-45
-42
-43
-38
-38
-33
-28
-21
-14
6
36
66
84
86
101
99
73
49
44
27
12
8
13
28
24
36
41
43
60
72
71
73
73
80
57
44
22
6
-17
-31
-36
-54
-56
-56
-55
-46
-14
-4
-2
28
57
72
75
70
88
103
80
57
34
20
21
36
43
50
55
53
55
62
80
95
81
70
75
86
87
70
27
-8
-57
-77
-85
-73
-59
-66
-64
-47
-22
-15
-15
15
39
49
53
57
74
83
80
56
31
32
25
32
22
23
29
34
30
43
66
79
72
70
61
66
70
46
-7
-40
-39
-45
-78
-101
-88
-81
-58
-24
-12
-22
-26
1
20
38
51
65
97
101
88
60
51
37
20
7
8
13
17
32
47
49
75
78
81
85
79
67
54
48
2
-38
-55
-60
-54
-70
-62
-62
-47
-15
-14
-2
12
10
14
35
60
78
86
77
53
21
12
2
3
4
-3
15
30
39
51
61
73
68
66
71
69
68
60
64
36
3
-22
-31
-57
-90
-96
-79
-56
-43
-35
-15
7
27
34
45
66
67
90
96
72
65
40
28
26
24
14
8
5
-4
8
21
24
43
38
36
31
29
37
49
21
-18
-58
-72
-74
-73
-78
-92
-76
-45
-28
-19
-20
-10
-5
10
33
50
79
87
84
52
26
19
9
4
-3
3
13
11
19
24
41
56
66
87
90
99
73
47
16
-1
-25
-49
-48
-56
-59
-63
-58
-44
-35
-45
-38
-23
7
40
64
79
86
89
81
60
51
28
19
26
27
21
9
13
16
18
36
54
66
61
61
61
62
67
28
0
-26
-40
-47
-73
-82
-70
-60
-45
-16
-15
-18
8
26
24
41
68
92
100
81
50
49
59
49
38
41
20
12
27
35
37
45
54
33
32
34
29
43
62
44
24
-10
-24
-27
-47
-54
-62
-42
-25
-17
-24
-37
-18
15
46
57
56
84
94
76
43
15
2
5
4
-2
12
25
24
24
20
34
51
60
68
81
82
80
72
39
-12
-54
-63
-61
-63
-72
-79
-77
-57
-33
-46
-50
-21
2
22
51
76
90
68
50
41
20
5
17
18
14
6
5
15
23
30
49
53
58
63
63
64
54
53
32
16
5
-32
-64
-77
-88
-79
-64
-35
-22
-26
-23
-9
16
42
49
67
63
65
47
28
24
30
33
14
17
32
41
36
37
41
70
78
69
58
65
63
40
30
-16
-41
-42
-51
-70
-80
-70
-66
-59
-43
-37
-27
-13
13
22
54
82
87
90
91
68
57
45
33
12
3
10
20
20
11
26
41
49
62
60
57
56
60
64
59
13
-3
-37
-47
-57
-69
-77
-87
-78
-67
-57
-51
-41
-11
26
40
50
61
74
77
57
24
5
7
3
10
19
26
34
33
44
52
71
72
61
67
70
68
58
54
15
-21
-42
-67
-88
-87
-85
-86
-60
-28
-19
-9
4
18
42
58
62
79
79
83
84
67
50
28
22
29
29
13
2
-2
7
12
42
63
74
78
53
58
57
51
9
-19
-55
-87
-74
-61
-69
-82
-69
-45
-41
-38
-32
-6
9
35
59
79
107
109
77
62
45
33
36
27
4
-3
24
36
44
40
45
47
54
53
55
57
46
51
11
-10
-36
-40
-34
-35
-44
-62
-62
-61
-48
-34
-45
-10
34
45
46
57
90
85
57
35
22
26
20
10
9
8
27
30
29
27
40
55
67
75
77
78
73
58
22
-10
-36
-25
-42
-63
-74
-93
-80
-62
-33
-23
-20
2
19
27
38
56
67
58
55
39
42
48
35
33
27
32
17
4
9
8
36
58
54
61
72
73
46
25
-8
-27
-25
-46
-63
-64
-60
-56
-45
-26
-21
-24
-28
-13
-7
5
18
44
56
69
47
35
22
-4
-10
-2
4
16
20
34
35
48
63
49
50
48
55
48
47
49
18
-16
-36
-41
-51
-58
-53
-68
-65
-50
-49
-36
-28
-11
8
17
22
27
44
61
45
34
17
19
16
14
1
-16
-5
16
26
39
60
57
48
48
48
40
50
52
15
7
-26
-53
-68
-71
-62
-66
-49
-30
-20
-14
-12
7
9
17
18
41
72
72
65
52
42
31
7
8
4
2
0
-2
10
34
61
60
50
52
39
51
64
63
33
3
-36
-67
-76
-76
-68
-56
-59
-59
-43
-33
-16
10
21
40
53
69
82
81
86
59
24
8
-3
-9
-24
-4
8
14
41
63
77
83
82
65
69
72
53
39
-13
-48
-63
-62
-76
-84
-81
-70
-60
-55
-40
-28
-12
2
16
29
46
60
69
80
65
58
41
41
33
33
52
54
38
38
45
66
70
63
68
76
77
68
70
70
23
-18
-50
-56
-56
-69
-71
-83
-94
-71
-50
-13
18
25
16
37
62
74
91
112
106
78
56
48
43
26
22
8
15
29
26
44
69
77
70
72
89
74
54
43
7
-17
-9
-27
-45
-56
-33
-33
-40
-28
-17
-26
-19
6
35
55
56
75
90
86
69
43
16
-3
-12
-4
10
32
40
48
44
52
78
72
71
88
75
65
68
48
8
-20
-37
-55
-73
-72
-71
-80
-70
-49
-35
-34
-16
0
28
49
56
73
93
86
64
42
16
8
16
36
41
51
48
43
47
50
57
53
59
50
51
65
52
51
21
-8
-25
-47
-83
-96
-85
-66
-61
-45
-40
-23
-15
-11
3
29
51
60
72
84
57
45
38
33
32
23
20
23
17
12
9
24
41
55
79
92
89
75
72
60
19
-13
-41
-51
-65
-75
-63
-57
-41
-40
-35
-37
-39
-15
-8
13
44
71
100
97
77
57
23
22
18
28
34
44
52
48
45
53
62
63
59
49
48
45
37
32
-3
-30
-45
-59
-79
-86
-84
-63
-40
-25
-13
-14
-12
13
42
50
62
89
85
75
55
47
44
37
19
26
21
20
14
8
25
41
62
63
75
89
96
85
62
64
29
-10
-27
-44
-61
-76
-82
-87
-82
-58
-32
-24
2
41
54
80
95
99
101
87
58
29
-1
-6
6
8
7
1
-1
-1
0
25
50
55
48
41
40
54
53
45
-4
-20
-45
-70
-68
-69
-72
-84
-71
-67
-72
-68
-65
-54
-22
13
33
43
57
49
7
-1
-8
-10
-30
-35
-39
-27
-12
-5
15
50
70
72
63
44
4
-33
-49
-50
-44
-39
-55
-73
-66
-59
-89
-143
-195
-224
-225
-230
-227
-213
-256
-306
-376
-474
-519
-510
-487
-533
-733
-1138
-1807
-2576
-3042
-3067
-2915
-2531
-1821
-571
2128
7321
14343
20329
24224
25883
23802
17871
9078
-177
-7287
-11323
-12666
-12739
-12027
-10866
-9669
-8599
-7530
-6490
-5547
-4860
-4478
-4223
-4038
-3905
-3765
-3606
-3377
-3097
-2843
-2570
-2514
-2887
-3224
-2903
-1971
-817
270
1197
1923
2393
2646
2751
2736
2635
2470
2253
1985
1719
1500
1283
1084
908
776
655
562
494
433
392
389
382
378
378
386
393
388
390
367
351
341
311
264
241
219
186
146
118
111
114
120
101
82
73
69
59
48
49
35
30
27
30
53
84
125
141
160
183
211
225
242
276
288
307
303
282
268
264
224
191
152
125
89
91
80
56
24
10
-1
11
20
6
-2
15
23
21
24
7
0
2
-19
-39
-40
-43
-41
-32
-8
12
20
28
43
60
70
91
93
104
119
128
103
75
70
48
29
27
16
12
16
34
48
65
72
57
75
76
72
85
72
55
35
22
0
-17
-19
-14
-15
-17
5
30
28
10
18
47
79
103
105
125
126
115
107
84
50
33
32
22
18
26
39
56
77
100
125
130
117
104
107
107
113
134
125
107
82
94
100
90
96
89
85
89
86
87
78
89
113
136
140
129
124
140
120
99
82
86
70
56
44
18
-2
-3
-6
-16
-30
-50
-59
-72
-84
-83
-86
-73
-79
-85
-120
-133
-154
-185
-230
-269
-273
-266
-244
-225
-211
-170
-136
-94
-74
-52
-11
-3
-43
-96
-161
-230
-288
-332
-383
-408
-406
-421
-412
-355
-265
-196
-163
-156
-157
-153
-140
-138
-160
-168
-166
-138
-96
-38
-1
4
45
105
195
232
224
233
311
379
443
520
552
500
400
330
279
265
264
263
268
304
393
515
598
627
589
495
414
328
224
105
-3
-76
-167
-244
-317
-367
-406
-418
-416
-383
-330
-277
-257
-212
-162
-122
-74
-35
-16
-2
16
22
-8
-16
-9
-2
-1
20
36
36
35
53
47
59
66
77
78
85
95
94
72
58
10
-8
-35
-50
-86
-113
-112
-122
-126
-126
-115
-93
-63
-29
-34
-32
-14
-2
21
24
-1
-23
-26
-9
-9
-12
4
13
19
16
19
37
60
72
81
70
31
7
4
-1
-29
-62
-67
-58
-80
-87
-81
-74
-78
-82
-62
-47
-36
-15
2
17
29
45
63
77
63
32
4
-13
-23
-17
-13
-13
-18
1
23
37
54
50
43
43
43
54
54
38
9
-25
-40
-62
-88
-106
-108
-87
-67
-59
-46
-28
-4
15
22
34
41
62
65
78
69
33
20
20
25
29
23
9
12
29
47
67
90
91
87
102
97
70
48
48
19
-5
-38
-76
-98
-97
-103
-97
-77
-33
-7
10
13
19
41
57
64
88
95
99
72
73
61
49
50
47
37
5
12
27
45
59
73
80
76
69
67
53
54
51
9
-10
-34
-34
-27
-39
-48
-50
-42
-32
-33
-36
-16
22
58
82
91
100
114
106
79
67
50
28
15
20
17
33
39
31
39
53
69
88
95
78
50
51
58
43
15
-2
-16
-14
-40
-44
-55
-51
-35
-18
-15
-6
17
39
39
52
55
80
90
85
66
41
36
29
12
6
21
34
42
28
33
50
65
69
52
51
74
81
61
47
9
-25
-44
-49
-65
-80
-74
-67
-63
-29
-14
-3
9
17
24
43
59
84
85
97
85
55
49
37
18
-5
-3
8
16
17
20
59
86
72
67
51
45
46
29
21
-12
-41
-58
-56
-55
-73
-70
-70
-62
-59
-38
-18
-5
5
15
48
69
92
101
90
60
45
21
19
17
24
18
6
6
3
30
54
69
69
57
43
38
41
39
17
-10
-13
-32
-62
-81
-72
-56
-45
-34
-24
-8
-17
-13
4
21
51
68
78
79
68
60
35
9
0
3
22
21
14
21
23
22
21
26
37
41
45
48
46
34
29
2
-41
-81
-95
-97
-99
-96
-85
-76
-57
-37
-22
-2
20
31
55
68
79
71
80
52
28
9
1
-5
0
13
24
14
9
31
55
74
70
74
53
20
19
14
-17
-33
-68
-92
-92
-91
-102
-112
-106
-84
-62
-51
-32
0
25
36
52
68
86
94
100
68
60
53
45
42
41
40
36
31
36
42
51
54
53
63
60
51
51
23
5
-11
-37
-53
-55
-58
-52
-42
-45
-43
-34
-28
-27
-19
13
27
52
76
87
97
90
53
37
34
30
28
20
12
21
36
38
36
33
50
60
49
42
31
33
39
39
9
-28
-57
-72
-76
-81
-65
-50
-33
-17
-21
-18
7
35
38
57
57
65
68
61
40
18
8
2
1
19
25
10
22
32
59
69
75
73
89
92
73
45
32
23
3
-40
-76
-74
-74
-85
-78
-69
-65
-51
-36
-26
-14
15
22
36
48
69
85
82
58
43
29
13
20
37
41
48
41
27
11
24
52
35
25
24
36
59
57
40
7
-13
-37
-55
-54
-68
-74
-58
-45
-34
-33
-43
-38
-5
31
53
67
85
84
77
54
52
47
34
30
22
19
17
15
28
37
41
54
60
72
60
49
47
41
38
13
-10
-40
-54
-70
-73
-64
-68
-60
-54
-39
-31
-3
8
18
47
56
69
90
86
69
56
22
24
9
13
20
24
30
46
54
66
75
73
53
43
51
40
27
-2
-4
-15
-33
-40
-50
-50
-53
-52
-43
-30
-32
-34
-18
8
37
54
56
64
70
76
62
26
-1
-7
1
21
32
38
30
25
18
20
38
46
55
54
47
29
19
11
-20
-42
-35
-40
-56
-42
-43
-44
-45
-30
-26
-27
-5
22
34
61
69
72
85
90
56
37
11
0
7
7
6
17
25
33
34
52
67
65
78
85
67
54
55
44
-7
-33
-47
-64
-69
-71
-72
-82
-77
-67
-59
-42
-33
-5
21
42
59
73
89
83
67
57
46
25
20
23
28
38
35
19
19
39
51
63
82
65
61
52
26
24
4
-24
-59
-72
-62
-82
-91
-84
-92
-79
-57
-31
-13
10
25
30
30
55
76
73
62
40
38
34
25
43
34
28
38
36
45
55
54
59
47
28
20
35
43
20
-10
-23
-36
-40
-53
-59
-49
-53
-53
-45
-37
-47
-20
13
32
43
62
89
90
83
65
53
38
3
-17
-10
0
13
16
8
8
21
41
45
47
53
48
47
45
33
10
-21
-37
-45
-60
-80
-81
-70
-44
-22
-21
-14
-6
-9
5
31
49
52
47
55
35
17
0
-10
-23
-22
-15
4
9
11
28
58
80
78
74
78
72
61
50
24
-6
-21
-46
-61
-76
-69
-67
-81
-76
-53
-27
-19
-14
-4
12
45
65
74
89
78
44
38
26
6
-8
-10
-4
3
18
20
15
24
31
28
40
64
59
61
58
30
6
-14
-38
-67
-74
-63
-76
-82
-65
-44
-32
-30
-14
9
31
45
51
73
88
85
72
59
38
20
4
4
13
25
27
12
15
21
39
47
56
65
64
64
61
31
-3
-19
-47
-52
-62
-73
-82
-81
-72
-68
-60
-52
-17
1
23
42
44
62
71
98
83
53
39
33
34
33
13
14
9
19
27
28
42
49
62
71
68
52
25
5
-19
-36
-47
-43
-45
-34
-27
-47
-42
-37
-34
-37
-33
7
37
54
74
80
77
84
65
52
27
24
21
11
15
15
18
33
19
24
35
44
65
68
61
51
39
25
-10
-33
-57
-68
-67
-66
-77
-74
-51
-35
-32
-18
14
29
43
54
59
66
74
63
27
8
8
14
15
24
51
49
32
31
45
53
67
57
48
40
41
52
47
19
-15
-46
-63
-65
-71
-78
-99
-84
-53
-43
-48
-48
-24
0
31
56
72
97
120
119
99
80
64
59
53
39
17
12
9
14
22
34
33
37
54
56
47
50
47
41
17
-3
-22
-39
-63
-68
-58
-43
-34
-24
-30
-15
8
21
36
47
57
73
79
74
49
37
26
12
13
14
24
25
10
4
23
41
48
46
61
71
77
61
30
6
-15
-28
-73
-86
-91
-96
-91
-89
-82
-52
-34
-24
-6
18
39
59
81
101
116
104
62
47
33
24
19
14
9
6
8
-5
13
33
39
50
54
44
55
58
58
30
-26
-67
-90
-97
-106
-92
-71
-68
-57
-44
-31
-35
-8
27
50
62
72
88
89
80
57
39
33
16
-2
8
18
22
21
20
32
48
67
67
71
65
64
60
43
33
14
-20
-32
-60
-93
-85
-81
-75
-73
-70
-50
-35
-7
16
25
58
92
106
95
89
79
55
43
24
30
28
18
6
13
13
9
28
42
29
28
33
48
60
63
57
28
4
-10
-33
-56
-59
-58
-49
-30
-35
-43
-20
-15
-29
0
34
46
53
65
66
40
23
30
32
25
6
6
-1
10
26
25
32
28
25
36
16
20
24
7
-15
-49
-65
-86
-102
-114
-113
-107
-103
-93
-84
-86
-94
-96
-74
-35
3
18
32
40
56
52
35
12
5
-23
-52
-98
-129
-120
-88
-48
-17
10
24
7
-26
-85
-151
-228
-273
-284
-310
-384
-477
-562
-654
-748
-775
-716
-656
-749
-1037
-1477
-2071
-2618
-2995
-3271
-3353
-2936
-1107
3475
10413
17053
22267
26217
27565
23663
16847
9777
3340
-2260
-6980
-10804
-13604
-15129
-15344
-14711
-13304
-11508
-9721
-8141
-6965
-6176
-5612
-5146
-4708
-4329
-3988
-3640
-3327
-2990
-2839
-3103
-3296
-2746
-1584
-237
1016
2049
2797
3235
3426
3461
3403
3260
3041
2794
2531
2250
1979
1716
1484
1281
1083
918
770
666
561
466
373
295
261
237
211
169
151
145
137
132
144
144
137
140
148
160
172
180
187
182
167
143
125
103
90
86
107
133
147
162
169
186
202
213
215
228
223
228
235
239
230
196
172
157
145
113
88
67
65
58
58
53
33
28
44
28
42
50
73
73
50
24
24
14
9
8
13
7
4
17
26
51
87
100
101
94
96
91
94
93
71
47
29
12
7
-1
0
-3
1
16
15
17
22
35
42
49
54
51
80
88
89
65
37
30
27
34
29
31
36
27
34
74
96
101
82
94
108
122
114
113
99
59
33
13
0
-3
3
-4
-4
3
25
42
25
17
27
48
59
77
102
105
111
104
93
84
67
53
69
87
92
91
111
143
189
198
212
225
228
217
203
202
190
148
103
69
64
58
50
38
26
22
31
26
12
29
57
83
118
143
137
107
64
17
-12
-54
-73
-78
-81
-82
-87
-83
-71
-59
-61
-61
-64
-81
-121
-168
-205
-212
-235
-258
-274
-261
-229
-229
-231
-229
-210
-147
-124
-151
-215
-260
-308
-335
-347
-365
-374
-375
-363
-319
-271
-232
-192
-168
-179
-221
-238
-219
-205
-183
-161
-97
-33
26
57
64
98
148
213
211
159
123
177
271
374
450
461
414
359
314
286
279
275
293
335
390
505
610
683
688
638
551
444
345
259
136
50
-19
-76
-153
-216
-263
-297
-331
-371
-375
-352
-338
-321
-294
-257
-220
-197
-174
-172
-158
-140
-124
-108
-86
-62
-42
-8
23
57
88
118
115
95
81
76
60
54
60
65
58
59
51
49
42
50
52
47
49
27
27
24
19
-12
-44
-74
-106
-112
-121
-126
-128
-129
-115
-120
-111
-102
-80
-62
-51
-30
-9
8
20
28
22
15
17
27
15
6
-8
-3
15
15
19
36
46
51
58
51
50
48
36
-13
-44
-60
-66
-68
-90
-95
-89
-88
-79
-65
-46
-53
-58
-51
-33
-16
1
14
10
-1
-5
-9
-17
-33
-36
-22
1
25
33
51
58
74
83
61
63
69
58
51
48
37
8
-21
-44
-61
-82
-72
-54
-50
-49
-50
-63
-59
-25
-1
13
18
20
34
42
29
9
1
-18
-27
-3
11
14
22
33
43
52
66
66
56
62
63
53
57
70
46
13
-1
-24
-45
-61
-74
-70
-74
-54
-42
-35
-7
27
50
57
60
64
63
76
70
39
28
27
17
13
21
32
47
38
25
31
53
66
46
31
40
56
54
61
43
2
-31
-56
-68
-67
-56
-61
-65
-51
-28
-15
-22
-3
26
43
50
70
109
122
102
79
52
35
44
44
26
16
34
42
40
52
52
52
67
73
78
58
57
61
42
16
-27
-51
-73
-79
-74
-62
-64
-55
-50
-56
-41
-13
19
50
55
65
79
79
78
65
45
42
52
40
24
26
35
30
30
21
25
34
41
44
51
59
53
37
21
3
-29
-44
-53
-63
-76
-75
-63
-56
-24
-27
-31
-27
-10
25
31
48
75
77
63
35
31
38
26
13
10
7
-2
-6
19
32
45
67
83
89
82
77
82
78
34
-18
-40
-47
-56
-73
-71
-74
-72
-76
-76
-69
-59
-33
-18
-3
29
51
70
93
82
41
25
14
5
3
-1
11
12
6
1
10
39
57
63
62
62
55
53
57
24
4
-22
-39
-54
-62
-49
-50
-50
-27
-22
-24
-12
3
12
41
66
66
82
76
55
39
22
-5
-9
4
18
17
16
24
34
48
59
69
70
61
67
45
30
39
21
-14
-37
-50
-79
-96
-85
-78
-73
-70
-35
-6
-7
6
22
44
45
51
64
64
71
67
34
15
8
-4
12
23
25
32
44
52
51
54
53
57
57
57
69
72
54
10
-20
-44
-49
-56
-66
-79
-64
-20
-2
-8
-17
-13
-6
21
52
83
94
108
102
68
35
24
12
4
0
9
18
23
43
52
42
54
78
93
86
69
45
43
24
10
-15
-36
-35
-31
-30
-45
-56
-64
-50
-25
-10
2
23
35
52
60
78
86
68
48
39
25
4
-4
-15
-17
-5
4
10
30
52
51
56
58
72
87
86
74
53
14
-18
-30
-50
-68
-66
-67
-56
-41
-30
-40
-55
-35
-2
12
20
39
74
84
76
52
24
17
15
2
8
8
11
22
34
51
38
41
52
45
37
38
38
39
23
6
-13
-34
-42
-50
-54
-66
-64
-55
-55
-62
-48
-20
-1
25
45
66
90
92
83
51
27
19
13
19
13
18
29
22
20
25
42
65
72
68
66
51
36
34
36
11
-19
-32
-47
-52
-55
-59
-74
-71
-43
-25
-18
-12
-2
18
44
50
67
74
63
47
31
16
23
18
24
31
24
13
22
36
49
57
47
34
38
48
31
28
-3
-21
-22
-49
-73
-77
-68
-60
-41
-28
-26
-26
-17
6
25
24
24
37
63
82
77
57
38
28
34
44
27
19
17
14
14
20
29
45
48
41
41
42
34
30
8
-5
-27
-42
-59
-64
-52
-54
-47
-45
-24
-15
-21
-20
-15
1
42
62
75
88
73
41
32
36
20
10
15
21
26
8
12
17
24
40
54
67
71
66
57
60
38
15
-8
-18
-27
-34
-42
-48
-32
-12
-20
-30
-20
-1
17
15
17
32
55
63
59
37
17
-10
-11
3
1
12
5
15
14
30
50
48
62
67
70
66
72
65
34
-2
-28
-43
-60
-78
-76
-59
-42
-18
-8
-20
-13
14
40
66
70
69
63
77
73
48
25
8
11
17
6
3
11
14
11
34
56
64
60
54
55
46
36
39
5
-17
-35
-52
-57
-74
-86
-83
-71
-51
-45
-38
-33
-12
9
30
47
59
83
94
82
62
31
7
8
3
1
11
35
44
38
38
55
55
60
59
54
54
34
7
-23
-46
-56
-67
-71
-81
-81
-56
-38
-38
-31
-27
-6
20
36
62
73
79
100
102
90
58
25
13
2
8
17
11
4
7
39
43
58
58
42
43
49
65
70
56
32
-16
-53
-49
-53
-86
-80
-73
-88
-70
-42
-41
-31
10
37
49
64
70
83
89
80
52
44
46
35
13
4
9
16
22
19
24
34
38
45
51
41
55
55
58
18
-29
-36
-61
-76
-81
-77
-80
-85
-55
-35
-33
-33
-17
14
23
60
57
65
92
89
68
59
38
21
23
23
23
28
48
41
35
50
58
55
59
47
27
31
18
-15
-14
-27
-41
-48
-50
-45
-40
-24
-12
-12
-3
11
26
46
59
63
63
80
50
16
-17
-30
-20
-21
-18
-6
19
21
18
20
39
58
73
71
82
81
67
54
56
39
6
-43
-62
-70
-86
-86
-79
-74
-55
-36
-9
6
20
34
69
85
83
102
117
110
77
51
26
12
17
5
5
24
26
14
24
39
31
45
70
79
79
70
57
16
-11
-41
-64
-79
-85
-89
-93
-71
-56
-42
-41
-32
-6
16
30
27
39
62
74
77
68
50
36
33
20
15
30
37
31
43
48
60
57
53
48
51
50
41
58
36
1
-34
-40
-45
-63
-73
-61
-53
-45
-37
-30
-28
8
16
36
57
66
70
71
49
38
14
10
24
27
48
46
41
34
34
26
27
53
54
55
65
63
52
42
17
-12
-42
-58
-71
-68
-66
-63
-46
-37
-15
-17
-18
5
20
53
66
58
85
90
81
60
42
21
10
20
20
19
30
30
37
35
55
63
70
67
69
74
69
56
11
-22
-34
-54
-65
-60
-64
-69
-60
-50
-45
-48
-32
7
28
54
75
86
91
88
72
42
29
15
-2
-10
-2
4
23
45
54
53
75
70
68
70
70
68
57
39
3
-17
-24
-42
-57
-73
-85
-97
-95
-48
-25
-8
-20
-21
3
29
52
70
78
78
63
53
43
21
24
28
24
26
22
29
25
32
40
38
44
72
87
97
79
53
-3
-16
-38
-41
-42
-54
-51
-45
-32
-25
-28
-38
-33
-4
14
51
71
68
76
89
92
64
36
22
-1
9
27
30
34
20
39
47
62
53
51
63
60
60
43
27
10
-21
-44
-50
-58
-57
-39
-19
-15
1
13
20
23
23
21
51
69
74
78
66
54
34
20
3
-13
-13
-17
-22
-20
-18
-11
20
57
61
55
44
44
37
27
29
-7
-43
-51
-64
-80
-93
-107
-102
-99
-89
-91
-79
-56
-37
-35
-10
-8
-15
-4
-2
-9
-11
-19
-8
8
25
35
32
44
34
-14
-47
-33
-21
22
66
76
73
69
52
-9
-96
-169
-219
-245
-256
-279
-369
-433
-483
-585
-652
-602
-528
-505
-620
-880
-1335
-1936
-2367
-2596
-2779
-2909
-2631
-1422
1602
6921
12890
17962
21868
24842
24308
19764
13142
5932
-956
-6518
-10219
-12316
-13566
-13966
-13443
-12407
-11091
-9605
-8164
-7107
-6486
-6051
-5612
-5110
-4627
-4249
-3903
-3477
-3137
-3188
-3178
-2621
-1580
-389
734
1704
2453
2959
3234
3302
3223
3061
2844
2605
2358
2117
1861
1616
1392
1179
1000
870
753
638
533
447
384
314
255
220
207
218
236
251
246
237
242
235
241
246
228
221
221
180
162
143
127
119
118
116
112
114
117
121
117
145
159
166
186
207
223
220
242
242
219
215
200
189
164
155
157
154
165
142
130
136
130
96
88
92
105
118
124
97
81
78
65
57
31
16
20
28
44
37
35
65
73
66
66
77
73
78
71
25
-1
-13
-29
-42
-40
-21
-24
-18
2
7
20
17
30
47
71
98
106
123
133
108
99
78
51
38
28
20
30
36
31
43
58
70
71
66
66
67
57
73
90
62
50
13
-14
-15
-25
-24
-10
10
8
10
32
47
58
64
83
91
95
105
108
81
67
69
64
60
82
93
106
108
96
103
123
147
167
181
175
158
171
182
173
152
114
86
66
66
66
48
47
43
42
54
63
65
49
71
100
102
104
125
137
125
98
79
53
32
3
-21
-31
-47
-68
-73
-80
-82
-89
-84
-82
-71
-65
-74
-88
-142
-207
-255
-269
-279
-297
-300
-292
-271
-236
-188
-128
-94
-72
-62
-70
-88
-126
-171
-202
-260
-341
-406
-434
-431
-405
-353
-286
-236
-199
-196
-169
-153
-147
-147
-137
-106
-88
-67
-26
-5
28
24
33
76
123
174
177
170
212
293
380
428
476
464
420
381
352
343
340
331
318
301
359
485
588
635
614
528
414
300
198
90
-6
-87
-127
-175
-240
-295
-319
-338
-341
-333
-312
-286
-258
-244
-209
-146
-111
-95
-101
-100
-81
-62
-41
-19
0
29
48
34
10
-8
-2
6
15
18
36
61
73
67
78
102
103
108
97
82
82
76
59
12
-22
-53
-77
-96
-106
-111
-116
-125
-128
-121
-110
-93
-74
-55
-40
-25
-8
14
19
6
0
2
-8
-17
-18
-4
17
27
25
20
50
66
61
66
61
47
40
38
27
-5
-28
-55
-78
-91
-100
-105
-100
-91
-72
-62
-47
-31
-7
1
17
22
28
27
37
17
18
13
16
22
6
26
26
13
-6
-5
-1
9
28
30
32
40
46
46
37
19
-10
-56
-67
-68
-75
-69
-72
-65
-64
-51
-41
-41
-11
19
38
42
55
86
95
90
75
60
54
23
20
27
30
26
20
30
49
68
70
65
65
74
72
53
44
16
-19
-47
-56
-64
-71
-65
-55
-43
-33
-24
-23
-22
-6
12
30
42
49
62
68
55
41
28
30
24
32
32
35
52
81
86
88
109
96
74
57
45
36
26
44
27
11
-4
-24
-39
-48
-45
-52
-51
-32
-12
-3
9
38
48
64
67
81
93
110
89
62
32
17
23
22
10
17
33
40
49
55
59
39
36
43
51
66
67
72
35
-6
-28
-38
-50
-51
-46
-36
-28
-23
-23
-20
-4
11
19
46
64
77
98
97
74
55
32
29
20
16
23
26
23
23
25
41
49
47
59
66
57
64
73
63
27
9
-21
-29
-41
-51
-56
-54
-47
-40
-22
-25
-22
3
31
39
48
60
73
82
62
43
30
24
11
-3
-13
-2
25
33
53
60
68
80
75
67
47
65
61
56
28
-14
-32
-46
-60
-76
-80
-84
-67
-48
-16
-9
-3
22
45
56
62
64
80
92
71
49
21
3
4
-6
-8
9
26
24
29
33
59
68
83
68
76
91
64
52
10
-24
-41
-58
-67
-84
-86
-70
-55
-26
-24
-23
-17
7
25
21
36
45
63
73
60
39
25
19
18
20
26
15
15
38
58
70
77
70
65
66
61
56
41
24
-25
-56
-80
-78
-78
-76
-89
-89
-76
-57
-44
-35
-18
3
15
39
56
70
95
92
53
38
33
31
24
19
11
26
41
43
51
70
74
72
69
73
76
69
49
27
-4
-43
-79
-98
-92
-80
-74
-76
-55
-37
-14
11
17
33
51
79
88
99
90
89
76
62
49
35
43
50
36
23
25
35
30
32
45
42
56
75
62
65
66
69
35
-19
-53
-59
-52
-51
-61
-55
-56
-44
-30
-26
-10
1
17
31
50
59
62
89
78
56
46
41
32
35
26
10
3
14
15
16
40
47
46
54
65
72
56
59
28
-2
-33
-41
-38
-45
-31
-43
-59
-51
-57
-49
-29
-8
14
30
38
45
47
57
46
15
-5
-15
-13
-6
13
37
40
42
46
66
87
90
95
88
67
52
49
49
15
-8
-25
-33
-56
-53
-56
-81
-83
-71
-60
-43
-5
13
24
53
66
69
84
83
55
40
40
48
49
39
19
11
13
16
17
23
35
40
60
70
54
41
43
43
18
3
-20
-33
-55
-68
-71
-75
-60
-33
-33
-42
-28
-2
18
33
30
46
69
72
46
24
17
16
10
23
5
6
31
25
19
26
47
53
62
73
59
65
55
39
11
-12
-31
-39
-38
-50
-53
-64
-53
-41
-32
-22
-19
-8
5
24
42
60
70
68
44
30
21
7
4
-3
-9
0
14
0
8
33
58
66
62
50
67
68
62
63
23
2
-19
-36
-52
-72
-70
-63
-49
-41
-27
-31
-35
-12
10
37
59
74
82
90
65
42
18
19
6
-6
9
21
18
15
31
35
47
51
44
52
76
68
49
35
15
-17
-35
-40
-62
-75
-65
-61
-54
-41
-20
-5
5
17
19
39
54
73
77
72
60
49
38
28
12
16
12
-5
2
14
34
44
70
73
67
68
79
86
75
55
31
-9
-25
-41
-57
-65
-80
-74
-56
-42
-37
-31
-5
15
33
56
62
62
76
89
53
27
20
22
17
15
11
20
14
14
19
31
58
67
67
68
57
56
44
36
12
-10
-44
-65
-62
-72
-80
-80
-75
-49
-30
-34
-18
27
66
69
64
77
84
86
62
51
40
34
26
5
-6
-5
6
18
30
52
64
54
52
49
52
45
51
41
8
-21
-40
-45
-60
-66
-61
-47
-19
-22
-42
-33
-22
-1
1
22
46
70
82
68
38
19
3
9
12
10
15
14
26
30
39
55
72
67
55
52
54
56
52
26
-9
-40
-62
-56
-66
-72
-101
-88
-70
-50
-13
-12
-7
34
50
71
81
89
88
89
62
30
16
-7
-12
-9
-21
-16
7
9
22
38
60
65
61
68
62
69
67
62
15
-24
-41
-57
-81
-85
-73
-79
-52
-38
-31
-24
-14
-4
11
19
36
57
63
72
52
22
9
-9
-6
3
9
8
8
29
30
36
55
49
57
52
61
62
54
40
-5
-39
-49
-47
-65
-77
-78
-77
-58
-35
-33
-32
-31
-16
10
40
64
79
95
93
51
36
42
35
18
2
-7
-4
8
26
49
60
62
50
37
45
59
70
64
35
-9
-31
-63
-63
-66
-57
-50
-55
-30
-22
-21
-18
-20
-3
21
33
42
64
82
76
55
35
8
-2
1
15
3
13
27
36
48
63
63
49
49
67
74
67
65
57
24
-4
-34
-52
-69
-76
-84
-79
-69
-46
-39
-40
-21
8
40
51
37
60
75
82
60
46
31
5
11
24
27
26
32
34
28
19
38
53
76
83
78
67
57
48
10
-24
-35
-42
-60
-75
-69
-55
-51
-27
-25
-24
-10
7
15
32
49
73
82
86
69
48
25
32
24
7
19
27
16
12
32
58
76
81
75
73
62
46
43
48
19
-28
-61
-45
-26
-38
-39
-47
-54
-47
-47
-26
-12
21
51
73
76
77
90
99
75
50
29
24
24
29
30
29
28
24
33
53
53
56
64
65
55
57
60
60
34
-6
-51
-74
-79
-64
-60
-66
-43
-31
-23
-37
-24
-1
23
53
64
80
91
86
59
44
41
36
34
38
23
23
31
30
36
52
74
64
68
78
69
69
70
47
10
-9
-19
-30
-45
-55
-71
-64
-58
-39
-29
-28
-9
7
13
28
54
75
80
76
51
17
-4
-8
-2
-7
-1
13
20
32
41
57
64
69
81
81
70
53
40
35
10
-13
-30
-41
-46
-55
-50
-48
-52
-39
-25
-22
-13
14
45
49
52
69
82
70
45
33
19
14
2
8
20
27
22
28
30
32
45
53
67
78
87
89
73
57
23
6
-11
-14
-29
-48
-54
-56
-36
-40
-32
-20
10
53
60
66
72
74
79
70
46
24
11
4
6
22
40
44
28
25
41
58
73
75
70
88
86
65
37
20
-10
-41
-58
-70
-79
-83
-90
-104
-103
-82
-58
-44
-22
-6
13
25
38
57
67
82
56
24
13
-8
-28
-2
9
16
-2
-18
-12
14
36
28
27
34
21
0
-8
-10
-41
-43
-57
-64
-69
-73
-82
-90
-67
-55
-66
-75
-71
-39
32
99
99
96
100
111
40
-51
-104
-136
-146
-154
-165
-232
-276
-319
-414
-500
-520
-474
-412
-477
-678
-1128
-1808
-2492
-2829
-2875
-2830
-2524
-1946
-762
1898
6979
13790
19584
23152
24474
22091
15678
6731
-1327
-6744
-9424
-10507
-10768
-10346
-9526
-8725
-7900
-6966
-6100
-5387
-4960
-4809
-4733
-4662
-4519
-4328
-4102
-3797
-3390
-3031
-3021
-3297
-3352
-2859
-1865
-718
354
1270
1963
2423
2672
2747
2714
2618
2449
2259
2041
1822
1615
1408
1231
1069
905
759
642
554
495
428
374
344
342
345
329
316
296
284
282
287
279
256
242
211
168
126
89
65
66
49
32
22
34
33
39
47
41
76
103
127
148
179
213
241
259
247
237
234
232
220
222
223
226
221
219
221
211
203
189
185
167
166
162
135
95
43
5
-16
-33
-55
-73
-82
-99
-95
-76
-67
-62
-31
-16
-10
-8
26
54
70
72
62
47
41
46
55
50
56
81
85
87
93
112
113
114
110
95
82
87
89
63
18
4
-25
-45
-45
-38
-43
-42
-36
-45
-46
-20
11
35
38
65
93
113
125
107
80
72
62
59
40
48
54
50
61
65
75
100
94
85
71
75
68
66
56
43
17
-2
-16
-23
-27
-19
-16
-9
1
2
25
44
65
95
126
177
195
218
231
221
207
203
178
164
163
157
151
135
115
97
92
102
119
106
108
114
110
106
90
89
85
59
23
-17
-44
-81
-107
-108
-111
-117
-120
-120
-120
-116
-106
-84
-71
-72
-84
-97
-133
-167
-195
-216
-221
-210
-204
-193
-175
-144
-107
-65
-33
-6
0
-46
-67
-118
-181
-239
-323
-393
-433
-446
-453
-447
-399
-334
-276
-236
-238
-223
-213
-199
-180
-140
-95
-55
-34
3
44
84
90
84
132
225
293
301
284
322
400
472
517
530
478
409
358
307
284
265
232
223
227
280
386
493
548
512
423
325
240
129
7
-94
-164
-176
-214
-250
-276
-285
-286
-268
-249
-210
-180
-132
-87
-53
-18
-9
2
-1
19
24
12
20
17
10
-6
-23
-55
-94
-109
-120
-136
-123
-112
-94
-56
-26
-14
3
28
60
81
109
112
112
111
112
86
43
20
1
-22
-30
-50
-56
-56
-60
-60
-55
-29
-22
-10
-14
-33
-25
-14
-14
-50
-74
-88
-90
-81
-75
-78
-76
-51
-22
-24
-21
-12
4
25
44
62
94
100
96
70
44
16
-6
-30
-48
-39
-19
-25
-31
-27
-11
-2
-15
5
5
14
21
25
7
-17
-35
-54
-57
-63
-69
-76
-81
-63
-38
-44
-44
-18
15
42
64
80
79
67
65
50
40
23
24
9
-7
3
18
5
-6
-3
27
48
60
52
26
31
55
75
56
12
-19
-39
-48
-57
-71
-80
-84
-78
-45
-20
-15
-5
12
32
58
74
98
109
84
57
56
35
25
24
37
45
45
32
32
41
60
74
73
72
66
63
55
44
23
0
-25
-25
-23
-33
-28
-41
-55
-53
-32
-15
-2
13
27
50
74
79
105
112
103
74
60
37
22
5
8
18
21
25
38
32
47
71
53
60
63
66
62
43
29
-2
-21
-37
-44
-43
-42
-47
-47
-29
-13
-16
-5
26
33
56
67
67
87
97
82
58
47
21
7
19
23
29
20
20
25
37
57
86
94
96
70
60
62
62
46
9
-18
-46
-65
-83
-80
-72
-71
-40
-36
-29
-20
-12
11
45
75
90
114
126
106
77
56
46
56
40
13
2
21
35
35
34
45
61
64
67
78
77
85
75
47
26
-15
-49
-36
-42
-61
-80
-80
-66
-51
-40
-38
-23
4
22
49
63
79
77
72
61
37
16
19
21
21
15
9
14
32
35
44
73
81
69
56
69
73
49
32
16
-14
-25
-29
-43
-65
-70
-80
-66
-52
-44
-40
-12
5
33
46
63
85
87
89
59
38
18
20
17
10
-8
-4
0
24
36
47
66
60
51
32
56
65
51
32
10
-16
-34
-35
-47
-58
-46
-43
-26
-15
-21
-17
7
19
28
49
55
57
76
77
52
33
17
16
18
23
25
12
5
21
37
46
47
43
60
67
57
44
44
16
-22
-37
-65
-74
-79
-71
-58
-52
-53
-45
-42
-32
-22
8
31
46
48
60
67
56
32
16
12
17
17
6
-7
4
32
39
47
62
70
58
53
59
67
60
53
45
2
-24
-46
-65
-77
-73
-72
-76
-64
-57
-38
-21
1
23
40
73
78
92
99
88
56
40
30
15
16
23
24
44
48
59
59
39
31
38
60
61
66
77
60
30
-1
-29
-53
-58
-62
-75
-81
-68
-35
-30
-41
-29
1
28
50
57
75
90
89
85
70
46
21
11
11
5
18
30
24
24
29
32
53
55
49
46
55
58
48
27
-2
-25
-33
-37
-47
-69
-84
-81
-69
-50
-42
-44
-29
12
32
53
72
90
103
98
64
35
21
22
20
22
22
34
45
36
38
43
56
63
61
59
53
43
42
12
-40
-69
-89
-85
-76
-83
-82
-88
-63
-34
-11
-11
-2
14
34
56
61
89
95
70
48
46
45
35
23
54
48
43
48
41
36
35
41
53
61
62
60
52
31
-4
-20
-23
-40
-45
-49
-51
-58
-54
-39
-36
-30
-18
3
19
28
51
61
73
75
63
48
38
35
17
6
-6
-28
-18
-3
4
2
32
63
61
57
44
37
52
46
20
-10
-35
-43
-45
-36
-51
-53
-52
-54
-42
-32
-17
-11
0
10
23
51
75
78
63
44
29
8
3
10
8
24
31
19
25
22
32
46
53
52
43
43
44
40
31
16
-6
-31
-37
-56
-75
-66
-63
-55
-57
-35
-27
-7
30
49
56
67
84
94
91
84
73
52
44
30
20
14
1
-2
7
15
30
44
48
55
51
45
51
54
28
-3
-34
-36
-41
-57
-72
-72
-66
-35
-17
-6
-14
-6
17
31
41
53
69
80
82
74
47
44
32
13
13
1
6
10
18
25
35
48
43
44
56
62
72
69
52
26
-9
-18
-39
-54
-70
-76
-69
-48
-40
-46
-48
-31
-18
16
49
73
89
90
75
47
43
35
21
27
32
24
28
22
24
26
44
66
72
72
71
69
72
56
37
-5
-22
-43
-60
-64
-64
-68
-91
-74
-54
-42
-33
-17
4
43
66
63
64
64
72
65
60
34
7
4
5
20
30
18
24
39
58
73
74
66
52
37
40
43
17
-12
-36
-67
-76
-92
-85
-74
-60
-41
-37
-34
-40
-25
-4
27
59
66
64
71
68
55
51
41
34
15
14
9
0
21
29
36
53
71
78
64
43
20
13
21
13
-14
-32
-54
-55
-57
-66
-68
-72
-60
-37
-38
-47
-22
9
26
34
46
63
65
59
38
24
13
-1
-6
1
8
18
23
26
29
49
72
69
80
65
52
42
25
8
-28
-46
-63
-78
-86
-85
-84
-64
-42
-39
-46
-46
-16
6
30
38
44
53
45
52
32
10
16
19
19
20
27
29
19
22
35
40
63
80
82
77
69
53
53
20
-26
-36
-56
-71
-91
-87
-88
-76
-64
-56
-56
-50
-40
-18
-6
20
39
69
85
80
67
69
64
45
36
24
11
8
20
19
20
35
41
45
47
53
63
51
44
12
-13
-16
-34
-50
-52
-37
-44
-55
-40
-29
-10
-1
1
15
43
68
77
79
65
57
59
38
13
5
8
15
17
41
45
37
48
57
57
48
47
56
61
66
61
48
29
-7
-43
-68
-71
-75
-69
-57
-54
-51
-24
-14
1
15
43
68
73
74
73
73
49
36
26
9
15
23
30
35
38
38
36
51
58
58
84
85
89
89
72
46
3
-28
-40
-37
-42
-52
-48
-49
-45
-6
1
-18
-18
19
50
67
82
90
101
92
65
36
25
22
21
18
23
30
29
24
18
39
63
80
81
76
84
75
73
36
0
-17
-36
-43
-63
-72
-67
-69
-54
-32
-37
-37
-15
3
6
21
25
52
76
80
54
40
42
44
36
52
40
35
44
50
62
64
65
52
41
45
55
67
76
62
48
21
-11
-23
-38
-41
-50
-52
-39
-33
-18
-13
4
12
34
53
62
64
53
39
29
27
16
-4
-4
2
-12
-23
-4
6
16
52
80
88
88
73
58
62
74
45
14
3
-11
-35
-42
-52
-54
-39
-36
-24
-27
-32
-22
-7
17
33
40
47
47
56
36
24
21
20
18
20
20
21
14
14
32
55
79
68
57
40
45
54
37
2
-25
-51
-59
-66
-62
-56
-59
-62
-41
-23
-11
12
28
49
62
60
66
88
100
81
53
19
18
21
20
12
21
38
38
36
64
78
95
98
103
98
107
84
45
-1
-37
-56
-64
-71
-86
-90
-83
-92
-95
-83
-60
-40
-9
4
31
75
88
105
105
100
79
76
81
77
68
62
52
43
12
3
22
46
51
42
40
56
61
47
31
17
-9
-29
-31
-46
-69
-66
-73
-85
-92
-75
-66
-66
-55
-35
1
25
29
38
43
40
13
-2
-23
-37
-50
-52
-53
-44
-44
-33
-7
0
21
36
52
49
35
21
16
-18
-82
-138
-149
-117
-83
-75
-72
-81
-89
-127
-176
-210
-234
-224
-210
-197
-220
-245
-282
-382
-530
-585
-563
-548
-636
-857
-1260
-1909
-2606
-3017
-3233
-3289
-3076
-2533
-789
3370
10249
17379
23110
26959
27486
24119
17656
9408
668
-7322
-13018
-15530
-15706
-14751
-13358
-11744
-10109
-8536
-7144
-5956
-5106
-4527
-4119
-3812
-3595
-3448
-3333
-3155
-2921
-2692
-2532
-2782
-3339
-3278
-2365
-1111
100
1144
1959
2493
2794
2941
2954
2833
2647
2432
2179
1929
1687
1470
1269
1086
942
827
729
612
524
478
462
449
439
457
448
440
419
393
361
320
274
244
218
210
195
176
148
123
101
88
86
77
88
83
69
47
31
22
23
37
55
53
70
93
123
159
196
202
232
245
272
287
306
320
318
310
272
222
183
150
122
99
90
77
65
46
26
15
13
-2
-5
-7
-15
-28
-21
-29
-39
-43
-40
-42
-53
-39
-14
-3
24
52
74
87
96
96
102
102
97
89
89
93
75
45
32
40
27
27
35
37
49
50
55
74
86
98
92
98
96
86
75
46
12
11
10
-1
-14
-18
-21
-22
-11
-14
-1
25
41
56
61
69
77
95
100
88
65
31
35
52
52
54
60
53
49
44
59
75
85
99
127
116
127
132
130
112
87
74
67
61
66
71
68
87
109
104
119
119
148
176
189
191
175
172
156
134
108
82
64
56
58
56
51
64
66
73
85
88
82
66
48
28
13
-11
-31
-66
-105
-138
-161
-176
-187
-182
-177
-187
-202
-223
-245
-262
-254
-241
-217
-185
-148
-115
-93
-78
-80
-70
-45
-36
-65
-118
-163
-218
-267
-296
-344
-370
-403
-399
-374
-311
-250
-201
-172
-207
-248
-271
-296
-294
-289
-291
-267
-225
-161
-76
-12
3
74
163
261
314
304
306
376
466
540
595
600
534
473
430
389
356
328
316
329
361
451
545
607
657
626
516
394
271
134
13
-92
-170
-239
-310
-382
-417
-427
-449
-445
-441
-373
-291
-229
-178
-122
-58
-14
-18
-5
11
26
22
33
54
52
60
45
41
64
85
82
71
63
70
71
73
67
43
13
-13
-33
-56
-71
-71
-77
-81
-63
-68
-74
-67
-49
-45
-24
-15
-5
25
36
14
-16
-39
-43
-53
-55
-62
-61
-49
-40
-34
-35
-5
16
40
62
51
50
66
78
53
16
-4
-26
-32
-35
-46
-53
-58
-47
-40
-47
-50
-31
-7
12
4
8
38
39
15
-3
-20
-39
-48
-40
-30
-22
-11
-7
4
30
54
53
51
61
63
63
62
60
40
12
-2
-22
-23
-41
-41
-32
-33
-35
-32
-33
-40
-28
-11
18
43
49
56
63
48
23
4
-4
-4
-12
-23
-18
-10
-13
8
20
31
50
58
66
69
61
62
64
36
8
-8
-4
-2
-27
-41
-40
-36
-34
-24
-17
-15
-1
10
28
42
57
77
81
74
52
31
22
3
-16
-15
-8
-11
-17
-4
4
14
30
54
82
89
81
89
85
57
43
16
-6
-13
-28
-41
-48
-43
-37
-24
-6
0
20
40
62
79
91
91
89
79
53
29
14
-4
-1
4
14
11
24
45
51
78
81
64
74
93
92
83
63
22
3
0
-19
-48
-63
-57
-56
-59
-41
-27
-21
-9
23
35
57
73
88
96
94
77
49
22
4
7
19
29
38
29
27
36
48
60
56
50
43
51
65
70
71
37
3
-36
-51
-63
-77
-86
-92
-80
-55
-46
-38
-11
23
42
48
38
47
81
90
79
61
50
44
36
39
34
40
54
52
36
44
56
56
59
48
34
44
56
44
18
4
-21
-54
-61
-68
-59
-56
-52
-49
-34
-18
-17
-7
1
21
39
40
58
72
63
33
10
3
15
8
-11
-7
20
16
27
30
35
50
46
52
48
39
39
55
26
-17
-33
-27
-44
-55
-51
-62
-70
-55
-29
-12
-20
3
27
40
36
49
63
67
37
0
-14
-10
-5
0
3
7
20
29
25
35
74
73
55
55
50
46
29
23
5
-21
-25
-35
-56
-65
-71
-71
-62
-36
-27
-17
-5
3
2
25
55
65
77
80
70
58
53
32
17
2
6
26
34
47
50
32
39
55
59
65
73
57
36
32
2
-21
-44
-59
-67
-70
-69
-68
-61
-28
-18
-18
-11
3
15
40
57
61
80
81
76
48
19
13
6
-6
-24
-7
25
46
38
47
76
72
76
93
76
50
25
18
7
-11
-24
-37
-42
-56
-57
-74
-55
-18
2
7
2
17
40
51
54
69
93
93
57
33
17
14
14
31
29
38
42
34
28
34
37
52
66
67
58
61
58
39
5
-19
-34
-55
-82
-91
-93
-72
-49
-35
-14
-5
-3
19
42
54
45
55
71
69
58
26
18
13
21
41
40
50
34
23
39
43
49
51
60
56
57
57
23
9
-13
-42
-64
-76
-75
-76
-68
-60
-55
-50
-32
-19
-10
15
42
64
83
98
111
102
76
73
64
53
39
17
11
2
22
45
45
52
63
66
64
43
36
35
31
27
-15
-39
-50
-55
-50
-52
-68
-76
-59
-34
-27
-40
-15
16
22
41
60
62
87
102
83
45
25
32
30
21
12
8
18
29
32
24
32
45
43
58
61
70
47
52
30
3
-33
-51
-69
-80
-59
-59
-46
-33
-18
-21
-23
-1
8
9
15
15
35
51
53
36
21
10
-20
-28
-35
-18
12
23
33
42
70
87
87
94
89
95
90
79
47
0
-20
-37
-50
-79
-88
-84
-68
-49
-33
-22
-28
-19
16
34
43
62
78
77
58
36
40
27
13
14
14
23
27
22
30
48
69
76
83
69
54
48
40
31
-2
-26
-45
-52
-49
-52
-59
-67
-66
-45
-33
-32
-31
-7
27
51
67
71
62
64
60
47
40
32
17
26
45
44
33
36
35
42
56
69
78
82
92
85
62
48
16
-6
-34
-43
-67
-97
-95
-96
-77
-62
-48
-38
-34
2
25
46
61
59
73
79
75
42
25
17
26
43
35
16
6
21
30
28
38
62
73
78
76
84
61
37
9
-23
-46
-50
-67
-80
-78
-86
-76
-45
-22
-19
-16
12
35
50
47
57
72
86
89
67
52
52
37
23
15
29
29
16
2
7
32
51
59
62
44
47
44
46
6
-33
-52
-84
-96
-80
-64
-70
-66
-52
-33
-29
-31
-11
18
40
48
58
84
107
86
59
32
16
26
42
49
31
34
41
42
46
66
84
76
53
50
50
50
39
-4
-34
-59
-81
-83
-87
-81
-79
-67
-44
-30
-15
-17
4
18
25
35
50
77
77
62
37
14
9
23
18
7
-1
15
7
6
30
60
72
73
74
66
62
54
46
4
-29
-47
-57
-68
-83
-73
-58
-50
-58
-55
-57
-45
-18
10
41
61
75
85
78
51
27
17
26
20
25
12
-1
15
34
49
48
66
86
73
64
56
54
53
51
-5
-48
-64
-43
-52
-72
-83
-78
-69
-55
-46
-34
-13
28
54
70
79
88
99
106
81
56
54
39
32
14
8
23
32
27
35
54
67
61
62
50
64
53
29
35
9
-11
-21
-46
-66
-71
-67
-77
-86
-57
-48
-36
-26
-5
21
38
42
47
76
92
63
43
49
45
18
16
30
26
24
28
29
36
66
60
61
79
82
71
53
49
22
8
-34
-69
-75
-65
-54
-57
-67
-60
-44
-37
-30
-11
6
40
51
69
87
87
61
49
37
32
17
35
34
32
33
29
37
51
71
76
73
64
64
62
41
38
16
-9
-29
-56
-66
-67
-64
-55
-41
-39
-34
-25
-5
15
26
41
46
55
57
60
48
43
25
17
30
44
28
30
30
32
48
50
59
51
50
65
49
38
32
21
-3
-27
-40
-50
-42
-53
-58
-61
-59
-37
-17
-1
5
21
41
57
69
66
54
60
54
44
38
35
21
19
23
29
21
14
33
58
73
64
48
44
43
56
56
56
27
-12
-42
-54
-62
-66
-54
-57
-55
-48
-50
-39
-19
2
19
49
74
80
100
105
66
42
28
37
34
26
39
30
25
36
47
38
45
54
55
65
67
63
57
59
19
-21
-54
-67
-70
-65
-58
-69
-65
-43
-42
-39
-9
19
40
62
70
57
71
79
63
22
-4
-8
-8
16
18
27
33
28
34
44
63
54
51
59
69
71
70
62
18
-20
-44
-59
-73
-71
-69
-63
-45
-37
-28
-22
-6
22
63
91
89
92
97
86
59
37
31
8
-2
1
7
-1
-3
9
18
24
51
73
83
94
89
83
70
60
28
7
-22
-44
-54
-64
-73
-68
-61
-46
-41
-25
-24
-6
8
29
33
40
42
57
42
39
20
11
13
25
32
33
26
26
18
29
28
30
34
23
24
17
7
19
-8
-26
-67
-90
-103
-113
-125
-138
-128
-113
-90
-64
-47
-34
-15
9
21
5
-16
-61
-89
-71
-54
-35
-33
-19
4
-10
-59
-107
-168
-209
-206
-200
-241
-329
-395
-469
-574
-629
-597
-566
-628
-876
-1285
-1896
-2506
-2891
-3153
-3424
-3277
-1916
1846
8287
14833
20056
23961
26338
24082
18009
11339
5157
-309
-4972
-8865
-11749
-13629
-14398
-14473
-13752
-12295
-10618
-9012
-7677
-6775
-6162
-5655
-5114
-4544
-4056
-3784
-3580
-3360
-3445
-3565
-3020
-1909
-610
639
1717
2544
3079
3382
3464
3383
3221
3014
2786
2533
2286
2007
1749
1518
1318
1134
976
852
737
643
564
506
463
426
395
385
389
374
356
326
298
242
182
150
122
91
59
44
21
15
13
13
9
16
38
51
74
90
96
119
147
142
151
161
170
181
195
201
215
231
244
240
254
265
265
273
267
251
227
216
209
175
125
80
63
46
20
-5
-30
-40
-47
-48
-59
-69
-51
-30
-15
0
22
38
43
47
64
59
45
44
56
58
68
83
80
82
97
124
123
116
118
116
128
118
105
79
38
19
9
-6
-27
-32
-19
13
29
16
9
14
44
81
116
128
126
113
97
84
70
67
62
46
47
35
36
41
47
53
63
73
71
74
83
98
106
100
102
79
43
29
12
1
-26
-39
-47
-53
-33
-13
-10
20
57
89
98
121
141
155
159
150
163
171
174
174
176
188
200
191
197
190
192
197
189
173
155
131
125
129
126
100
87
69
60
43
22
26
28
48
68
68
45
31
5
-18
-11
-16
-29
-38
-55
-81
-95
-106
-110
-99
-98
-117
-128
-143
-187
-214
-216
-202
-197
-200
-183
-172
-149
-123
-93
-101
-106
-107
-122
-174
-234
-297
-357
-407
-443
-462
-473
-465
-443
-397
-331
-261
-186
-156
-176
-222
-221
-224
-212
-198
-176
-135
-53
33
64
88
130
201
273
317
292
249
282
376
466
510
506
427
351
287
224
214
207
202
234
299
382
489
585
654
650
579
502
407
311
191
75
-20
-113
-194
-251
-319
-351
-361
-373
-366
-333
-280
-228
-189
-163
-130
-81
-64
-53
-64
-70
-79
-82
-78
-81
-70
-69
-57
-45
-31
-20
-13
19
26
43
65
86
108
133
125
115
103
81
57
41
28
30
21
18
0
0
-10
-15
-13
-17
-15
-20
-41
-54
-94
-107
-131
-108
-96
-103
-99
-91
-77
-60
-39
-31
-23
-5
25
44
61
82
88
72
52
29
8
-7
-22
-27
-35
-32
-19
-25
-24
-23
-6
9
7
3
2
-2
0
1
-17
-32
-40
-37
-50
-60
-72
-77
-66
-54
-38
-31
-26
-8
23
42
37
48
71
60
37
21
10
-19
-31
-31
-42
-24
-6
-6
-13
-5
18
26
49
63
61
68
64
45
-12
-29
-54
-57
-61
-60
-56
-70
-77
-58
-47
-24
-11
2
28
47
49
63
75
81
38
20
17
3
9
17
14
27
20
24
37
51
63
64
69
66
50
50
52
39
-3
-28
-51
-53
-46
-66
-64
-40
-24
-9
-2
-2
15
34
46
70
91
98
102
95
68
53
34
21
22
15
21
34
32
41
48
50
60
56
48
44
54
60
68
64
24
-9
-39
-41
-57
-75
-70
-59
-46
-28
-15
-5
7
39
47
55
65
74
78
77
71
65
39
34
35
42
32
18
13
17
45
57
76
90
71
45
53
65
67
40
-13
-50
-48
-39
-44
-59
-60
-62
-50
-36
-25
-13
-16
-5
7
16
38
60
75
87
54
13
2
15
22
35
30
33
23
21
23
43
67
60
73
84
71
64
45
34
-5
-24
-15
-20
-21
-9
-29
-32
-16
3
-6
-14
-17
-8
15
54
73
88
91
78
53
37
26
2
-13
-8
-17
-16
-5
4
15
28
49
54
63
75
68
56
61
73
40
30
-7
-29
-44
-63
-61
-79
-81
-63
-49
-51
-45
-9
20
34
42
58
67
49
27
26
15
5
0
7
4
13
46
54
52
60
66
53
58
57
49
31
25
24
8
-16
-56
-74
-99
-95
-72
-58
-39
-27
-14
3
9
25
44
55
46
42
46
55
47
32
35
22
12
8
16
35
31
23
34
53
63
73
76
81
71
56
51
62
24
-8
-33
-39
-58
-71
-57
-49
-53
-53
-40
-33
-27
-17
-2
36
57
68
68
70
53
42
15
-5
6
12
2
9
4
12
21
34
51
56
56
64
69
66
43
39
9
-5
-11
-31
-50
-58
-60
-59
-56
-35
-27
-17
10
38
55
62
75
93
102
101
74
58
48
28
21
22
26
28
31
27
31
44
65
73
65
51
47
54
57
42
-2
-29
-45
-55
-56
-50
-50
-45
-28
-22
-22
-8
-2
6
20
56
80
83
74
59
47
29
14
3
-3
21
23
0
-3
-13
-2
23
57
68
75
76
84
64
58
53
23
-3
-15
-26
-41
-55
-62
-62
-44
-31
-25
-30
-33
-9
18
40
54
75
80
87
65
50
29
8
5
9
3
5
19
19
28
36
51
53
61
66
68
64
58
50
11
-10
-21
-36
-37
-52
-77
-80
-69
-46
-24
-17
-20
-5
19
35
44
68
92
93
60
42
27
13
15
5
-1
-1
15
28
38
45
63
64
71
63
54
58
56
47
13
-34
-64
-79
-81
-78
-64
-44
-38
-20
-15
-19
-8
16
36
48
68
99
119
103
74
54
24
9
17
9
3
5
-3
-2
24
35
60
69
69
61
62
48
39
30
-2
-32
-56
-49
-50
-61
-62
-57
-44
-26
-11
4
15
37
45
55
72
79
79
77
51
34
7
-8
-19
0
17
20
36
34
38
50
54
54
51
51
48
45
42
22
-17
-50
-68
-74
-83
-79
-71
-70
-63
-60
-50
-34
-15
4
19
45
61
72
65
62
60
52
37
30
24
27
43
56
54
61
60
60
63
66
74
62
60
56
53
46
19
-13
-38
-56
-60
-67
-64
-49
-30
-35
-42
-30
-23
-17
8
17
40
78
96
93
65
54
41
24
11
3
-8
-12
-2
10
27
49
65
72
78
79
84
87
74
45
-5
-38
-52
-60
-66
-59
-46
-41
-39
-37
-29
-24
-15
5
26
60
72
70
74
71
47
24
-5
-1
6
11
18
25
18
14
25
37
43
50
39
36
48
49
41
46
30
-2
-22
-25
-40
-56
-53
-47
-40
-38
-29
-23
-6
14
29
34
41
52
52
51
44
25
1
-4
-7
23
29
28
14
15
26
49
67
71
77
79
72
50
34
28
4
-18
-35
-51
-82
-81
-70
-62
-44
-45
-51
-50
-24
-3
18
48
49
62
71
99
86
61
43
26
20
14
4
4
12
18
19
39
61
58
70
71
51
26
22
22
-7
-23
-53
-70
-64
-61
-70
-81
-65
-42
-32
-26
-19
3
16
36
51
52
78
98
71
47
11
1
18
41
48
50
51
48
35
48
62
54
46
28
27
32
45
59
33
-4
-42
-54
-72
-86
-93
-80
-56
-34
-24
-21
-3
25
29
25
28
47
55
63
54
48
31
28
21
12
2
1
13
20
25
42
57
53
52
59
64
69
50
36
9
-6
-33
-63
-79
-79
-88
-74
-58
-47
-40
-48
-21
9
23
38
49
69
87
88
62
50
35
37
22
18
17
12
17
28
40
42
59
77
71
59
61
58
30
16
-26
-48
-53
-70
-71
-79
-74
-69
-52
-27
-11
-16
5
29
43
60
75
86
81
77
52
38
32
29
17
7
15
21
29
43
40
52
80
74
69
65
53
54
55
31
-18
-46
-67
-69
-83
-90
-82
-83
-84
-69
-48
-31
-18
-2
8
29
51
66
86
89
64
41
28
30
38
44
31
25
31
35
46
64
67
60
46
46
47
26
34
38
6
-20
-31
-49
-67
-61
-44
-40
-44
-38
-31
-28
-14
21
46
59
57
66
70
80
61
53
53
33
18
16
4
7
20
23
46
48
62
64
56
53
48
61
63
40
11
-16
-50
-66
-72
-67
-58
-46
-52
-46
-23
-18
-6
20
55
68
70
84
91
80
48
19
7
-10
-11
1
12
12
2
11
31
45
62
72
81
77
78
68
58
36
-4
-31
-36
-49
-61
-69
-62
-71
-55
-30
-26
-28
-8
23
40
58
82
100
96
90
71
46
38
21
27
25
14
4
28
55
56
56
46
53
62
65
65
56
51
42
1
-28
-55
-62
-71
-68
-43
-37
-36
-29
-20
-15
2
14
22
42
37
52
69
69
39
22
10
10
5
14
23
17
37
49
63
75
81
79
87
93
93
85
89
77
43
24
2
-14
-54
-59
-52
-55
-51
-50
-54
-59
-34
-10
15
51
58
66
62
60
42
24
28
31
35
43
45
58
67
70
68
64
70
56
47
51
52
50
31
4
-18
-30
-47
-78
-95
-87
-97
-98
-83
-65
-49
-34
-8
7
16
37
50
74
73
62
40
15
-2
-11
-9
-30
-37
-20
-6
-1
0
9
19
-5
-20
-17
1
17
14
29
14
13
-17
-48
-65
-64
-69
-86
-81
-73
-65
-2
50
74
89
110
99
64
17
-21
-59
-88
-115
-157
-246
-314
-378
-467
-523
-524
-477
-474
-599
-896
-1405
-2044
-2439
-2662
-2943
-3102
-2826
-1731
955
5847
11971
17428
21516
24650
24847
20564
12914
4277
-2925
-7876
-10731
-12278
-12904
-12694
-11895
-10893
-9727
-8433
-7232
-6345
-5796
-5420
-5079
-4754
-4454
-4123
-3761
-3457
-3186
-3174
-3414
-3200
-2306
-1085
141
1222
2075
2670
3019
3149
3101
2981
2815
2599
2355
2106
1847
1612
1419
1222
1045
907
785
692
615
553
495
430
380
348
330
327
335
333
298
274
265
243
240
230
208
186
152
123
98
78
43
20
15
8
21
20
20
15
23
48
72
103
139
167
207
238
265
303
319
326
311
299
274
255
251
253
232
209
186
180
161
136
113
105
106
92
67
36
25
2
-25
-39
-67
-89
-107
-112
-91
-83
-77
-56
-46
-29
7
44
76
99
129
163
177
178
158
132
106
92
82
67
55
59
61
51
67
81
77
84
77
65
52
50
49
38
6
-14
-30
-35
-37
-40
-49
-59
-45
-22
-4
12
42
68
78
92
97
110
107
102
87
83
70
75
87
99
85
82
68
60
65
62
53
56
65
76
70
65
65
56
42
27
20
23
24
23
27
50
69
89
90
79
83
104
118
142
163
183
196
196
157
122
94
73
66
67
74
82
90
99
98
112
133
127
111
105
115
124
124
102
45
-13
-48
-70
-89
-107
-126
-140
-145
-138
-151
-161
-145
-124
-118
-101
-102
-112
-138
-168
-200
-213
-235
-257
-261
-248
-206
-158
-110
-68
-29
-13
-5
-47
-100
-148
-195
-250
-294
-340
-398
-415
-408
-370
-332
-298
-271
-247
-217
-201
-212
-211
-172
-138
-109
-77
-23
56
113
129
123
155
213
292
297
288
321
388
444
471
505
490
442
388
350
323
311
309
307
299
338
436
513
543
511
411
287
187
67
-50
-152
-224
-248
-272
-301
-312
-303
-259
-200
-176
-175
-163
-133
-103
-82
-58
-49
-25
-26
-16
0
6
4
-23
-23
-25
-17
-12
-10
-15
-48
-58
-44
-40
-36
-22
-3
1
8
31
33
26
13
13
28
48
50
53
31
13
-19
-47
-68
-62
-49
-60
-66
-53
-44
-29
-15
-4
-4
7
-1
-4
4
15
28
18
-19
-45
-63
-78
-78
-57
-47
-62
-70
-43
-37
-39
-15
12
20
40
56
58
57
56
31
8
-20
-33
-52
-58
-45
-43
-42
-25
-20
0
17
23
28
36
55
60
51
20
-27
-47
-64
-78
-79
-63
-51
-65
-48
-28
-11
-18
4
17
17
24
38
52
56
55
29
4
-5
-3
-6
-1
3
14
25
35
43
64
87
86
74
72
72
77
81
68
18
-25
-30
-40
-42
-53
-69
-75
-63
-61
-46
-26
-16
10
41
68
72
87
100
106
67
33
12
17
13
12
6
11
21
34
16
31
59
66
71
89
91
64
58
45
7
-24
-56
-65
-62
-59
-62
-48
-27
-10
7
7
9
28
41
36
35
57
64
58
53
67
60
56
45
35
37
39
44
42
40
58
76
63
56
65
80
91
88
70
44
24
-9
-34
-59
-56
-59
-60
-62
-63
-50
-30
-18
7
34
45
58
67
64
65
61
44
22
16
19
22
34
47
45
29
51
77
87
94
94
97
89
68
62
46
22
-12
-39
-44
-53
-43
-45
-62
-67
-46
-26
-24
-14
12
46
68
70
84
86
87
73
45
24
27
34
31
32
32
31
40
45
49
55
51
55
60
65
64
52
29
-20
-35
-30
-26
-59
-61
-51
-46
-35
-28
-19
-14
-8
-10
7
41
57
55
45
56
52
36
30
14
10
10
22
24
29
33
38
58
86
97
97
84
79
78
76
48
-7
-42
-52
-63
-71
-71
-72
-70
-56
-32
-23
-28
-15
15
36
47
50
65
90
80
50
51
30
20
20
12
17
23
29
41
38
52
53
47
47
53
60
59
41
12
-32
-48
-46
-39
-55
-73
-85
-77
-42
-19
-22
-26
-5
19
29
38
37
60
74
68
57
46
13
-1
0
2
15
12
21
26
38
58
61
58
49
57
66
85
72
47
22
-2
-20
-39
-74
-89
-102
-94
-68
-47
-33
-23
2
28
41
41
33
55
62
64
72
61
47
32
8
-6
-5
14
17
26
41
51
63
62
59
59
72
78
81
74
38
-15
-55
-66
-68
-68
-71
-57
-50
-39
-27
-33
-25
-17
15
32
31
73
84
71
51
53
56
40
38
39
32
34
48
56
54
66
87
85
73
74
68
64
48
29
-10
-33
-47
-65
-81
-80
-82
-87
-71
-40
-29
-25
-3
9
14
34
52
70
73
53
30
27
8
2
11
15
31
52
66
51
48
61
69
57
52
56
60
65
54
16
-6
-34
-54
-54
-59
-62
-56
-49
-34
-38
-27
-20
-5
19
32
48
49
63
82
67
37
22
20
13
0
1
2
17
21
27
50
68
67
65
83
81
56
51
44
23
-12
-37
-77
-75
-65
-63
-73
-56
-50
-53
-42
-29
1
13
27
47
68
92
92
101
88
64
47
17
-7
-22
-10
17
23
23
18
29
31
38
49
56
64
62
56
49
26
-10
-52
-75
-77
-54
-51
-48
-55
-34
-17
-9
11
34
53
57
55
63
48
50
25
3
3
6
25
31
29
27
35
44
45
40
43
53
67
62
64
51
46
23
-23
-42
-56
-51
-65
-77
-64
-50
-27
-26
-28
-29
-4
23
41
52
63
75
79
66
31
18
17
20
24
12
14
23
24
32
36
41
60
78
76
69
70
75
65
26
-21
-68
-92
-86
-89
-83
-82
-70
-50
-44
-50
-37
-18
7
26
58
67
82
100
97
67
38
38
21
2
7
8
23
51
61
69
71
74
61
40
38
47
49
42
5
-35
-71
-79
-67
-76
-85
-89
-66
-37
-10
-9
-8
8
27
47
59
76
93
87
63
26
9
3
7
12
-3
-1
12
13
24
44
61
74
57
64
56
56
62
60
35
-4
-29
-56
-77
-85
-87
-86
-78
-78
-61
-44
-35
-15
10
33
64
77
93
96
77
45
48
54
45
35
34
44
48
36
28
37
47
61
58
48
37
41
43
47
32
10
-3
-36
-41
-63
-62
-63
-53
-39
-32
-28
-37
-35
-6
16
38
67
92
81
53
22
15
24
9
3
10
36
45
40
51
66
66
62
60
59
61
56
40
34
5
-21
-42
-57
-45
-46
-45
-54
-65
-59
-27
-18
-13
10
20
38
65
78
96
96
63
36
8
1
-5
-7
-1
1
-4
2
5
16
35
46
44
58
64
56
46
34
7
-19
-33
-44
-62
-69
-75
-66
-62
-51
-35
-29
-37
-13
7
37
69
74
82
79
60
40
30
23
13
14
10
7
11
13
9
6
8
31
47
66
62
61
35
30
8
-33
-56
-54
-58
-62
-70
-60
-47
-34
-26
-21
-9
-5
5
29
53
63
62
55
58
35
16
9
7
10
7
20
18
21
17
30
47
37
44
49
42
41
42
44
26
9
-12
-38
-48
-66
-74
-88
-89
-63
-38
-18
-15
-9
6
9
26
25
56
85
70
40
17
-1
2
-16
-18
-7
0
5
9
29
41
42
57
76
75
67
56
44
17
-11
-18
-33
-48
-69
-59
-54
-44
-42
-35
-18
-23
11
33
57
72
66
84
78
89
73
47
30
36
35
22
5
16
12
23
33
43
58
60
65
55
77
73
70
40
-5
-33
-52
-55
-65
-54
-47
-50
-48
-21
-17
-16
5
23
46
49
55
79
86
70
36
25
22
11
-2
-2
17
29
27
42
47
72
72
61
71
86
85
68
55
37
1
-26
-47
-53
-56
-58
-65
-76
-53
-33
-29
-16
18
46
62
76
85
100
90
72
52
56
39
21
18
32
39
41
45
48
44
55
55
48
53
56
57
62
53
12
-20
-43
-50
-60
-72
-75
-63
-51
-41
-42
-28
-23
-6
18
52
65
61
80
83
62
47
41
41
40
35
19
9
23
14
6
15
42
62
59
71
85
82
68
52
30
10
-14
-29
-55
-63
-72
-68
-58
-36
-25
-44
-40
-17
8
34
47
57
87
91
88
76
66
35
9
28
32
21
32
44
46
64
87
78
59
56
56
65
62
42
20
-15
-37
-56
-62
-53
-56
-65
-69
-62
-43
-30
-39
-30
-5
9
44
65
56
65
