0
-6
-14
-25
-32
-35
-54
-49
-39
-45
-51
-57
-45
-49
-41
-27
-17
-10
1
8
20
39
51
38
33
45
47
58
47
19
-6
-7
-16
-38
-41
-31
-46
-42
-35
-30
-18
-37
-52
-41
-18
-17
-23
-16
-12
-10
-8
-7
-17
-30
-32
-17
-6
-11
-15
-13
-4
15
18
30
29
11
22
14
-4
4
6
4
-12
-26
-24
-16
-4
0
-4
8
19
34
32
18
24
27
33
20
30
28
16
-3
-38
-42
-47
-55
-37
-22
-26
-34
-28
-7
16
8
0
-13
-12
-4
-1
-1
2
-14
-20
-20
-35
-29
-15
-5
0
9
30
36
29
38
31
20
19
6
-8
-20
-14
-14
-18
-27
-27
-24
-14
-6
12
9
8
-10
-19
-13
-4
15
3
-10
-8
-5
-4
-5
-9
8
16
25
27
28
28
39
22
8
19
29
26
42
29
3
-2
2
9
-11
-16
-21
-12
-3
5
25
49
57
51
43
40
26
20
20
10
5
-5
-19
-36
-25
-23
-34
-37
-55
-48
-25
-9
14
5
2
18
23
25
9
0
2
2
3
-13
-21
-22
-37
-27
-23
-20
-3
23
13
9
27
28
23
16
5
2
5
11
-8
-27
-18
-1
13
5
-9
-7
2
21
24
15
32
18
16
16
17
1
-13
-29
-28
-34
-29
-24
-11
-12
-24
-12
-7
-5
5
24
22
9
4
2
10
0
-2
1
-15
-36
-46
-39
-29
-36
-28
-18
-15
-19
0
17
18
25
28
39
49
41
30
21
14
2
-13
-29
-45
-47
-43
-38
-35
-30
-30
-16
-18
-12
-6
0
18
19
4
-11
-13
-13
-17
-16
-35
-45
-23
0
0
8
15
14
13
2
12
20
9
-11
-20
-22
-27
-25
-25
-15
-23
-32
-28
-6
8
21
36
46
42
27
10
9
2
-7
-11
-10
-14
-43
-47
-48
-35
-33
-23
-12
-17
-8
13
-1
-7
-5
-1
1
7
3
-3
-11
-26
-48
-47
-57
-52
-42
-30
-38
-38
-13
1
-11
-13
-13
-18
-20
-19
-11
-7
0
5
3
-8
-17
-15
-29
-38
-18
8
20
18
18
10
7
4
10
17
6
-16
-32
-46
-50
-53
-57
-44
-31
-13
-12
-16
-12
9
21
25
27
30
24
35
21
-8
-25
-39
-27
-40
-52
-44
-31
-17
-26
-28
-10
8
10
18
15
-1
2
0
-13
-19
-37
-45
-52
-58
-45
-42
-16
-9
-9
-17
-23
-4
19
30
27
24
24
22
20
8
-15
-24
-33
-49
-48
-31
-13
-23
-19
0
-1
-1
3
13
18
32
37
13
-5
-2
-20
-21
-40
-44
-32
-12
-12
-12
-8
-25
-20
-11
-3
4
1
2
0
5
8
2
-4
-17
-28
-32
-35
-25
-24
-27
-19
-13
-15
-3
15
20
28
35
33
17
13
4
-4
-14
-13
-12
-14
-14
-31
-40
-47
-41
-34
-24
-24
-12
-3
5
-3
5
26
23
20
1
-15
-24
-27
-34
-49
-44
-31
-18
-17
-27
-26
-10
9
27
19
15
6
9
17
17
8
-11
-35
-42
-52
-34
-28
-15
-10
11
9
5
10
10
3
18
29
22
21
11
4
-19
-28
-41
-28
-4
0
-1
-10
-7
-6
17
37
31
41
31
18
12
-12
-13
-16
-23
-33
-37
-37
-51
-61
-41
-29
-24
-17
-13
6
24
20
18
25
33
34
36
25
16
12
1
-7
-18
-4
-6
-6
2
18
25
33
25
10
-6
-5
-7
-6
4
-4
-6
-24
-41
-40
-46
-30
-23
-30
-21
-5
5
13
17
21
27
37
28
13
12
12
-3
-7
-21
-31
-30
-21
-16
-4
4
11
21
22
15
24
34
34
46
44
43
32
0
-12
-11
-21
-36
-30
-21
-12
-17
-17
-5
9
24
16
13
12
10
-3
-6
-10
-6
-7
-21
-38
-29
-20
-10
3
11
27
30
22
26
21
28
12
8
0
-1
1
-9
-15
-9
-8
-9
-18
-9
4
18
11
12
30
32
24
16
10
11
13
-5
-30
-31
-21
-10
-10
-12
2
18
28
24
15
27
51
52
42
27
24
26
15
20
21
14
5
-14
-6
6
-4
-2
1
7
6
0
6
16
34
27
25
16
19
19
8
-2
-10
-13
-1
-7
-14
-9
6
17
18
26
19
11
12
15
20
15
11
15
9
2
-3
-10
-13
2
3
6
18
8
12
19
21
29
24
18
12
20
1
-20
-33
-34
-33
-32
-26
-11
0
-20
-12
-1
35
44
27
19
21
34
44
35
8
-20
-30
-42
-44
-35
-33
-44
-57
-55
-50
-67
-84
-79
-98
-112
-104
-90
-74
-55
-63
-67
-60
-43
-24
-15
-15
-1
4
0
-16
-47
-60
-87
-84
-41
16
86
149
197
215
233
268
281
278
208
99
-67
-300
-572
-958
-1463
-2047
-2644
-3192
-3757
-4331
-4761
-4843
-4588
-4044
-3419
-2756
-2035
-1242
-425
157
439
531
465
333
299
390
580
838
1124
1441
1733
1894
1967
1994
1990
1960
1923
1902
1865
1808
1729
1595
1429
1267
1153
1067
1001
909
804
732
687
644
585
522
463
376
295
204
104
12
-58
-126
-177
-196
-204
-222
-240
-286
-323
-343
-344
-309
-254
-186
-109
-49
18
77
126
174
213
239
256
295
330
352
351
351
374
381
378
356
335
319
304
302
275
244
231
224
208
162
130
106
61
38
13
-4
-11
-29
-49
-75
-76
-83
-78
-52
-48
-40
-22
-11
-2
19
30
23
20
21
26
31
20
10
11
10
3
7
-11
-14
-18
-22
-11
-9
-4
6
21
19
28
34
29
37
35
12
-21
-47
-38
-25
-32
-47
-55
-53
-47
-25
-27
-29
-23
-26
-27
-30
-10
11
5
19
7
-6
-8
-20
-7
-14
-12
-19
-4
5
16
12
-7
-19
-3
14
11
22
35
49
46
48
50
46
49
60
84
98
127
152
176
210
239
260
248
240
249
231
193
131
87
73
46
5
-31
-60
-49
-36
-31
-16
8
22
36
30
5
-5
9
14
11
5
-9
-29
-56
-57
-74
-89
-86
-94
-121
-137
-126
-106
-95
-86
-80
-71
-52
-17
-3
5
29
45
35
27
32
44
61
61
62
68
56
37
36
33
28
27
30
23
22
12
9
-9
-24
-29
-26
-7
4
10
17
23
39
50
66
97
123
136
158
175
176
204
271
290
290
287
277
267
258
234
178
158
145
125
128
119
136
134
112
92
82
76
58
25
-23
-66
-93
-109
-152
-206
-256
-302
-361
-436
-538
-672
-798
-892
-963
-1020
-1023
-985
-957
-903
-786
-587
-365
-182
-45
79
283
559
800
1041
1290
1536
1859
2237
2544
2718
2809
2857
2772
2600
2360
2035
1588
1085
677
392
165
-64
-267
-480
-747
-1015
-1216
-1264
-1173
-1061
-921
-764
-514
-263
1
294
547
676
670
617
540
387
229
126
46
-24
-90
-117
-85
-24
26
75
136
172
145
82
34
-8
-82
-148
-232
-292
-299
-295
-320
-355
-393
-438
-482
-515
-508
-482
-464
-496
-560
-610
-658
-629
-535
-477
-480
-577
-796
-944
-941
-885
-729
-491
-307
-223
-218
-247
-287
-296
-263
-200
-142
-74
-7
45
87
132
142
119
91
86
74
46
37
28
2
-11
-25
-17
0
14
31
46
61
70
70
80
86
87
85
90
79
51
39
24
14
25
13
-9
-15
-7
-11
-22
-15
-16
-24
-4
10
1
-13
1
6
12
16
7
-1
-10
-22
3
18
13
-5
12
39
45
41
40
47
47
53
54
32
31
22
8
11
11
15
20
36
50
46
41
37
40
51
55
41
38
21
24
37
33
20
20
16
13
25
29
23
33
42
44
24
14
22
28
25
27
28
32
22
38
49
41
45
35
33
33
24
15
10
-3
-2
2
6
25
31
28
58
67
56
60
48
43
30
26
31
28
15
4
0
-21
-26
6
15
11
12
21
49
50
50
62
77
83
72
63
52
43
20
0
15
13
9
7
-3
-5
-2
15
23
44
54
45
30
42
54
51
41
30
12
7
2
-2
-4
-14
0
17
23
31
33
41
54
53
64
62
56
52
45
40
24
15
2
-16
-5
-7
6
21
26
43
45
52
48
56
79
81
67
64
69
62
51
50
43
40
43
45
40
47
57
69
76
82
92
97
105
99
100
90
73
58
37
24
18
16
12
8
10
10
12
16
24
34
41
52
48
37
34
32
41
46
48
38
27
26
7
-7
-21
-17
2
18
33
43
53
83
78
73
72
72
58
26
24
11
10
9
7
10
18
37
61
80
80
74
80
77
56
45
39
23
26
37
43
43
45
49
53
46
31
49
54
56
40
36
63
75
68
68
79
86
74
52
37
22
26
45
48
28
33
47
61
59
70
75
81
85
90
90
95
82
70
62
66
60
58
48
55
55
62
70
76
87
81
80
86
85
79
64
65
60
51
53
38
28
13
7
10
18
49
70
62
40
21
19
19
2
-14
-20
-11
-26
-26
-35
-60
-61
-61
-64
-72
-88
-90
-81
-69
-58
-57
-61
-73
-79
-85
-94
-105
-114
-122
-135
-156
-161
-158
-161
-170
-153
-146
-135
-114
-121
-126
-121
-120
-123
-124
-127
-146
-155
-155
-175
-187
-195
-179
-173
-175
-171
-170
-174
-167
-168
-144
-139
-148
-150
-158
-148
-148
-168
-176
-199
-219
-238
-236
-237
-240
-238
-230
-225
-220
-204
-174
-170
-173
-174
-161
-151
-156
-162
-167
-174
-159
-160
-165
-160
-162
-179
-193
-189
-195
-185
-163
-153
-153
-149
-142
-133
-115
-88
-96
-105
-113
-124
-122
-124
-129
-129
-131
-146
-158
-140
-140
-148
-143
-129
-112
-113
-108
-101
-100
-87
-81
-80
-84
-94
-110
-113
-114
-124
-125
-120
-107
-109
-125
-114
-96
-96
-94
-81
-73
-72
-86
-84
-74
-79
-82
-99
-106
-106
-91
-78
-61
-43
-31
-27
-25
-37
-47
-46
-49
-52
-42
-34
-37
-41
-52
-55
-39
-29
-26
-16
-10
3
14
20
3
-1
5
-12
-22
-21
-23
-25
-30
-36
-36
-43
-38
-31
-19
-22
-12
11
30
27
34
45
37
13
-2
-8
-4
-21
-29
-33
-37
-32
-21
-33
-28
-24
-6
-1
11
22
33
44
35
37
39
28
32
12
-1
-8
-12
-2
4
16
17
8
12
26
30
22
36
40
40
38
32
9
24
19
3
-11
-6
0
-9
-9
4
13
25
26
28
36
46
30
21
14
-6
5
19
19
-10
-37
-40
-25
-17
-20
-14
5
26
26
14
21
25
31
34
31
33
31
13
2
-9
-4
-7
-15
-6
-3
14
18
15
19
17
16
35
40
40
38
28
14
28
24
-1
-10
-8
-1
17
39
51
54
50
50
49
58
50
62
60
50
65
67
56
58
50
48
31
19
20
27
34
51
71
84
104
120
103
84
75
67
78
87
80
65
55
48
32
34
52
59
73
82
88
84
77
94
106
102
89
92
104
91
77
52
45
43
24
22
32
37
57
54
44
57
83
89
100
107
100
91
81
86
81
62
60
56
39
26
31
45
43
45
47
55
60
56
58
72
76
65
54
59
51
54
47
22
23
27
30
36
53
64
72
67
74
78
73
53
46
42
42
38
34
38
43
39
39
30
32
48
67
76
81
80
86
96
84
81
91
90
90
87
65
44
27
27
23
29
40
58
80
71
76
99
124
139
142
144
152
142
116
109
105
98
89
83
63
58
70
65
51
25
14
17
22
36
24
19
37
52
64
62
57
47
37
38
27
3
-17
-28
-32
-39
-33
-31
-22
-26
-31
-33
-29
-32
-30
-14
8
-2
4
-1
-19
-20
-19
-16
-27
-30
-36
-29
-22
-21
-20
-9
2
8
6
8
9
0
12
-1
-16
-25
-19
-17
-17
-17
-14
-31
-27
-6
18
32
31
26
22
16
3
-12
-13
-1
2
-10
-23
-20
-24
-29
-28
-31
-14
13
15
17
48
62
72
81
68
45
36
42
35
24
5
-10
-17
-25
-21
-4
-7
-3
-1
-11
-11
-8
-2
-1
-4
0
-3
-6
1
7
-5
-26
-25
-29
-34
-23
-26
-31
-19
4
12
16
19
6
-11
-14
-22
-25
-45
-54
-56
-55
-45
-37
-38
-50
-41
-35
-24
-20
-21
-33
-28
-23
-12
-21
-38
-44
-46
-48
-61
-53
-40
-35
-41
-46
-40
-24
-14
-10
-13
-18
-12
-36
-46
-64
-74
-78
-77
-74
-66
-75
-75
-79
-64
-71
-71
-57
-37
-31
-41
-45
-65
-77
-94
-100
-104
-98
-107
-102
-104
-93
-79
-74
-69
-55
-36
-26
-16
-28
-46
-57
-58
-48
-57
-52
-58
-72
-76
-74
-71
-60
-50
-33
-24
-12
-6
-2
-5
0
9
7
-18
-31
-35
-30
-27
-44
-61
-61
-52
-48
-34
-11
-20
-40
-31
1
26
19
6
-9
-3
14
-1
-23
-31
-38
-51
-56
-59
-66
-61
-63
-61
-48
-33
-9
-3
-9
-6
-1
18
15
9
15
19
8
-10
-16
-26
-25
-20
-28
-39
-39
-47
-33
-25
-23
-12
-10
3
-3
0
9
6
22
7
-21
-23
-11
-6
-24
-29
-11
-3
-7
-10
-8
-1
15
11
-7
-7
2
29
29
27
22
15
14
8
9
3
-2
-4
-22
-22
-3
-3
4
19
44
48
49
51
51
39
35
34
38
31
26
35
33
26
9
5
13
21
28
23
24
37
48
54
45
35
27
12
10
12
16
2
4
1
3
-4
-7
-4
-13
-5
4
15
33
31
20
27
23
-2
-13
-5
10
4
12
-2
-20
-9
0
-2
-11
-8
3
23
25
25
26
30
30
32
19
17
12
12
6
-5
4
-1
0
1
-7
22
28
32
28
19
24
24
32
21
4
1
7
3
-4
-13
3
9
10
13
13
24
22
26
31
20
2
-5
-4
-1
14
15
5
-7
-10
4
19
27
35
35
34
23
23
22
6
-8
-2
-8
-15
-18
-8
1
11
36
44
49
43
35
24
26
20
4
5
8
-20
-39
-44
-48
-46
-45
-33
-24
-15
-7
-16
0
21
17
22
22
25
37
47
36
29
16
-4
-24
-31
-36
-15
-6
-4
0
16
29
5
3
14
19
25
34
24
12
16
-1
-12
-2
-24
-40
-37
-26
-21
-18
-13
-20
-10
16
28
18
11
11
27
28
23
10
5
6
2
2
6
12
14
5
5
11
24
10
6
15
18
20
12
-8
-7
-21
-28
-43
-51
-22
-8
-15
-15
5
9
-1
0
10
17
29
26
26
2
-2
-2
-13
-3
-24
-26
-31
-17
-2
-1
5
10
8
9
3
12
23
27
29
26
20
9
0
-6
-25
-25
-28
-33
-32
4
24
25
30
32
36
45
43
37
40
17
6
-1
-1
8
12
10
13
26
10
13
24
19
24
23
27
16
11
12
-8
-31
-34
-31
-19
-9
-12
-26
-18
0
-3
5
27
46
37
19
8
2
-6
-9
-9
-16
-18
-13
-23
-24
-14
1
3
3
1
15
5
13
4
-2
6
8
18
2
-5
-8
-18
-17
-16
-5
15
19
18
15
7
18
16
26
23
23
3
-2
2
-8
-22
-27
-31
-24
-29
-21
-19
-2
-2
2
19
21
23
29
27
28
26
14
-4
-30
-37
-53
-62
-50
-38
-21
-3
-3
8
9
28
28
20
31
39
40
28
14
9
3
2
3
15
13
18
16
24
30
13
8
19
21
8
5
8
1
-14
-17
-19
-21
-37
-39
-20
-5
15
17
28
36
20
7
-1
-13
-18
-28
-32
-14
-4
-4
-7
-12
-15
-5
2
5
6
13
20
11
-2
1
-3
2
3
5
2
-4
-8
-4
4
13
-1
9
18
26
28
12
-5
-3
-9
-16
-23
-27
-30
-17
-14
-14
9
10
16
19
20
27
25
33
10
-3
-11
-26
-32
-20
-1
22
22
21
12
14
25
11
18
-1
-8
0
-12
-11
-7
-3
-5
-17
-19
-12
-8
-9
-9
-15
-15
-26
-19
-11
5
-10
-3
-7
-12
-5
-6
-7
-22
-28
-24
-26
-6
13
28
26
31
41
24
16
8
5
6
3
-11
-8
4
-6
-6
2
5
7
13
19
42
52
57
59
51
43
22
10
0
3
12
17
22
11
-13
-22
-25
-16
-2
4
9
21
31
33
43
53
48
40
25
25
7
-3
-1
1
-5
-22
-30
-11
6
23
24
23
26
21
16
8
-8
-1
5
3
6
0
-17
-13
12
17
10
13
18
32
44
38
33
11
0
-7
-21
-23
-31
-12
-13
4
7
-8
-5
5
14
4
12
21
13
12
-19
-16
3
-18
-24
-20
-19
-14
-11
-5
-10
-5
-5
-15
5
14
22
43
41
37
28
17
19
7
3
-4
-15
-19
-30
-32
-32
-40
-45
-38
-21
2
23
26
39
54
56
60
55
48
27
9
0
-4
-16
-26
-28
-17
-27
-42
-27
-5
1
15
23
23
28
28
21
14
19
38
24
19
11
1
-18
-24
-35
-40
-23
-1
16
13
-6
-5
20
22
15
12
13
8
23
36
47
36
24
18
-14
-30
-22
-17
-22
-44
-30
-23
-12
5
12
11
13
10
11
19
19
8
13
1
13
11
-8
-16
-15
-8
-31
-17
11
15
20
38
34
31
33
25
4
-12
-11
-13
-4
-15
-17
-21
-14
-4
-2
3
-6
-3
9
15
10
5
12
9
-1
-14
-23
-20
-10
-10
-9
-2
9
32
49
57
50
40
29
26
12
12
13
-11
-20
-22
-20
-14
-34
-48
-22
-12
1
8
23
35
27
11
12
16
9
11
19
-1
-25
-44
-56
-52
-58
-64
-62
-62
-73
-62
-52
-48
-50
-28
-17
-38
-59
-61
-46
-54
-51
-41
-30
-5
7
0
6
29
34
16
25
21
14
14
0
-26
-40
-42
-42
-56
-55
-56
-40
-11
41
80
107
148
168
190
221
243
262
282
312
340
361
376
410
438
477
510
534
556
578
587
601
645
691
735
774
789
763
674
522
310
35
-280
-709
-1211
-1700
-2117
-2519
-2955
-3405
-3815
-4056
-4116
-4084
-3940
-3704
-3314
-2720
-2020
-1409
-986
-735
-548
-351
-115
139
462
796
1074
1297
1414
1432
1411
1406
1409
1397
1373
1353
1330
1311
1248
1168
1134
1119
1080
1036
991
916
840
790
745
711
697
664
611
526
421
298
199
119
44
-44
-126
-173
-202
-232
-277
-340
-405
-444
-465
-465
-429
-352
-271
-192
-126
-60
14
95
160
215
237
259
264
291
316
341
346
358
362
360
365
338
305
289
273
240
199
149
117
77
41
7
-34
-72
-101
-126
-153
-158
-175
-187
-181
-167
-163
-138
-135
-119
-102
-63
-26
-10
5
10
15
25
43
47
44
58
76
77
84
86
80
57
27
3
-11
-1
15
48
65
70
86
68
49
28
18
17
-7
-26
-17
-29
-34
-33
-32
-27
-8
21
33
36
52
63
83
110
115
98
85
76
38
-18
-74
-124
-165
-199
-215
-232
-229
-235
-221
-166
-107
-19
102
225
328
409
471
485
464
425
385
326
265
198
137
46
-21
-45
-64
-72
-78
-63
-67
-65
-54
-41
-44
-45
-38
-28
-38
-36
-32
-19
-24
-48
-59
-83
-110
-104
-103
-83
-80
-65
-73
-65
-60
-55
-38
-25
4
31
37
50
50
44
33
36
45
39
31
16
14
22
29
42
20
-8
-16
-17
-12
-8
1
-5
-14
9
29
31
23
16
13
21
8
-5
-5
15
28
57
89
102
121
130
145
167
184
190
196
204
192
171
137
101
76
53
48
48
50
61
57
49
50
36
32
4
-32
-72
-95
-114
-160
-192
-214
-238
-266
-331
-448
-582
-732
-872
-997
-1067
-1071
-1047
-1028
-1029
-948
-792
-642
-497
-385
-269
-102
102
306
521
766
1012
1319
1709
2055
2360
2591
2756
2836
2787
2643
2389
2046
1599
1193
904
685
469
247
7
-264
-537
-750
-819
-737
-627
-515
-380
-147
93
253
405
523
555
501
398
287
133
-32
-162
-239
-267
-287
-281
-209
-131
-71
-8
40
135
204
184
135
78
39
1
-86
-207
-261
-224
-172
-167
-182
-199
-164
-153
-135
-61
13
42
35
-2
-45
-77
24
238
384
421
322
67
-177
-282
-427
-572
-655
-717
-778
-860
-930
-953
-913
-826
-715
-578
-467
-364
-273
-195
-129
-99
-81
-72
-81
-80
-89
-117
-122
-109
-101
-110
-129
-138
-146
-136
-127
-106
-105
-121
-117
-91
-60
-30
-23
5
24
46
58
60
53
61
72
73
75
78
74
66
49
37
38
15
4
-18
-24
-15
-15
-26
-24
-11
-10
-12
-4
-9
-9
-4
-10
-30
-33
-23
-21
-21
-15
-20
-14
-26
-22
5
31
47
45
41
43
40
45
43
36
34
30
43
39
24
24
19
27
31
37
45
49
64
65
60
36
25
42
33
22
8
2
-2
-8
-15
-21
-15
-7
-8
9
30
51
76
95
100
80
72
56
60
61
60
54
32
19
4
-21
-11
2
7
9
20
33
42
51
58
66
73
68
55
58
51
57
40
20
10
-8
-13
-13
-7
-5
10
26
29
39
44
40
44
46
37
31
44
42
44
53
39
7
5
5
-2
-12
4
23
31
46
44
46
54
56
63
64
75
74
51
42
23
21
15
17
19
12
16
27
45
53
60
72
69
67
56
48
55
57
62
62
56
57
56
53
38
36
43
52
51
60
76
99
108
107
115
125
117
96
83
65
44
39
26
8
-3
10
9
12
31
32
27
49
68
66
63
64
53
64
89
84
85
83
79
63
49
57
77
89
92
88
96
100
97
98
98
95
68
66
65
49
55
64
68
56
51
55
68
90
88
63
58
64
69
72
80
86
66
67
62
58
67
66
73
84
98
97
94
86
93
115
128
117
112
110
106
95
66
64
56
57
64
64
72
71
57
46
59
65
64
76
94
107
113
109
89
67
55
50
49
47
47
46
45
46
49
36
50
54
49
59
68
61
71
76
64
36
30
33
9
-15
-20
-12
-22
-42
-49
-50
-36
-32
-37
-30
-36
-27
-14
-8
-9
-13
-8
-30
-34
-55
-79
-83
-81
-79
-79
-78
-82
-101
-91
-87
-77
-55
-42
-43
-50
-59
-65
-66
-71
-99
-109
-108
-119
-133
-138
-130
-126
-115
-99
-94
-90
-83
-77
-73
-102
-117
-118
-124
-127
-137
-139
-147
-148
-152
-149
-132
-137
-142
-144
-141
-121
-107
-107
-115
-124
-121
-140
-136
-136
-148
-154
-154
-168
-179
-179
-176
-181
-168
-154
-149
-159
-154
-159
-162
-150
-149
-159
-169
-178
-199
-198
-187
-195
-213
-215
-219
-229
-217
-197
-200
-187
-183
-183
-179
-179
-205
-218
-219
-227
-226
-234
-242
-242
-233
-201
-198
-192
-180
-176
-182
-175
-162
-170
-180
-179
-182
-185
-197
-188
-187
-178
-164
-161
-136
-121
-138
-150
-138
-119
-104
-100
-105
-105
-110
-123
-126
-126
-133
-138
-128
-116
-114
-131
-135
-121
-119
-106
-87
-80
-78
-82
-65
-77
-90
-105
-108
-110
-110
-111
-113
-124
-129
-123
-107
-100
-101
-91
-82
-68
-61
-38
-38
-60
-67
-57
-61
-66
-64
-60
-53
-55
-75
-98
-108
-116
-105
-88
-57
-37
-16
-3
0
6
17
20
14
8
3
-1
-19
-30
-44
-50
-54
-67
-64
-45
-27
-13
-6
-13
-23
-23
-9
-2
-3
-1
-2
-10
-29
-35
-39
-47
-54
-33
-17
-20
-10
-6
7
15
18
19
23
23
-3
-12
-2
3
-11
-31
-36
-28
-39
-26
-27
-38
-26
-18
-14
-16
-9
8
18
13
9
5
5
-1
-10
-17
-29
-50
-57
-48
-45
-46
-27
-9
-8
-6
6
7
24
39
39
33
30
26
8
0
-9
-25
-36
-39
-42
-23
-18
-5
-2
1
7
9
6
-4
0
17
18
0
-27
-34
-19
-19
-18
-22
-27
-11
0
12
19
29
27
30
35
23
10
4
-2
-4
-9
-13
-17
-26
-24
-26
-17
-7
4
15
24
47
43
31
50
52
30
24
41
44
20
3
-1
-5
-10
-3
4
4
8
20
30
44
59
62
42
32
36
44
59
54
70
57
33
28
34
38
17
23
37
34
42
59
61
62
47
54
63
62
59
57
48
30
23
33
38
29
10
6
18
26
37
44
50
64
71
58
45
37
42
39
43
36
36
32
25
16
17
25
28
40
58
60
52
62
84
86
75
78
60
45
48
51
35
13
11
19
32
40
23
20
28
40
63
71
70
79
84
96
100
100
77
57
50
50
46
25
26
41
41
40
38
45
47
47
57
74
87
73
75
68
58
56
42
39
31
31
32
14
14
25
18
27
42
50
62
44
41
49
57
65
58
60
56
50
44
30
11
-8
-3
17
35
47
52
58
60
73
97
92
78
50
21
29
41
44
42
47
35
12
-2
4
37
48
51
45
46
52
62
53
52
56
67
48
32
21
42
58
44
33
23
22
39
40
43
46
38
35
20
6
14
9
0
-4
12
18
8
12
25
34
33
41
51
40
31
39
38
41
36
35
22
24
28
35
39
29
37
30
20
24
24
25
43
44
44
58
57
53
51
34
15
18
17
3
1
3
6
5
-12
-13
-9
9
19
21
43
59
81
78
76
74
50
58
53
47
41
35
28
7
11
15
7
-2
-25
-12
13
37
45
52
51
36
34
32
41
49
35
8
-22
-21
-17
-27
-38
-53
-55
-28
-5
11
1
0
9
8
28
38
32
20
3
0
-3
-9
-26
-39
-23
-22
-27
-23
-10
6
6
4
12
3
-10
-22
-14
-6
-8
-19
-50
-60
-51
-49
-45
-37
-27
-25
-16
-28
-29
-13
-12
-31
-54
-46
-33
-30
-33
-49
-53
-49
-74
-92
-97
-92
-88
-75
-65
-71
-68
-64
-68
-51
-45
-45
-47
-44
-44
-60
-75
-82
-93
-105
-106
-118
-143
-130
-114
-122
-123
-118
-96
-97
-86
-63
-42
-13
-2
-19
-26
-30
-30
-36
-45
-43
-37
-30
-41
-35
-27
-40
-28
-36
-31
-20
-22
-26
-8
10
4
-9
-11
-6
-6
-13
-17
-11
-10
2
13
14
27
23
32
40
41
58
50
42
35
1
-8
-10
2
28
36
44
44
50
64
72
75
57
43
26
17
12
-7
-14
-15
-26
-21
-19
-2
5
-4
-14
-13
11
-3
-24
-25
-36
-26
-19
-27
-17
-16
-16
-12
-10
-5
-6
-7
-9
1
-13
-32
-42
-39
-31
-34
-33
-34
-26
-4
-7
11
2
-25
-21
-22
-17
-10
-19
-25
-21
-16
-28
-30
-31
-35
-28
-29
-20
-23
-28
-27
-27
-30
-16
-15
-15
-9
-5
-4
-6
-18
-19
-18
-25
-48
-62
-56
-54
-52
-44
-24
-18
-14
-18
-27
-4
8
5
-4
0
16
3
-17
-26
-29
-45
-54
-57
-62
-56
-51
-58
-38
-34
-29
-15
-13
-2
8
-3
-19
-4
1
-11
-20
-17
-22
-45
-50
-62
-61
-47
-32
-30
-19
-12
3
3
12
16
8
18
18
1
-11
-29
-44
-29
-34
-37
-46
-50
-52
-55
-46
-38
-42
-45
-31
-8
0
4
-4
-10
-11
-21
-27
-41
-44
-52
-63
-72
-70
-58
-45
-33
-24
-17
-14
-15
-9
7
2
4
-9
-16
-22
-38
-39
-45
-45
-46
-46
-28
-11
-13
-24
-21
-5
-1
12
15
12
-4
-8
-20
-39
-49
-45
-49
-62
-71
-79
-78
-70
-55
-56
-42
-27
-20
1
12
9
-7
-13
-21
-39
-35
-26
-41
-38
-54
-65
-49
-44
-45
-59
-50
-47
-31
-6
-2
-14
-3
14
12
-5
-3
-12
-33
-49
-55
-57
-66
-56
-49
-56
-49
-32
-28
-28
-19
-9
-3
-12
-23
-31
-16
-37
-47
-51
-48
-40
-43
-32
-27
-38
-13
-1
11
3
12
15
-4
-18
-25
-27
-44
-48
-54
-66
-65
-67
-68
-62
-52
-36
-23
-28
-20
-15
-3
-1
-11
6
-1
-18
-26
-28
-21
-23
-25
-24
-21
-29
-39
-34
-24
-7
0
-13
-29
-19
-6
-5
-6
-17
-46
-56
-49
-46
-45
-52
-60
-51
-36
-38
-47
-28
-21
-19
-16
-5
2
4
-3
-12
-13
-7
-22
-28
-35
-38
-32
-22
-15
-16
-18
-5
1
18
40
54
38
12
-2
-14
-36
-49
-53
-49
-50
-61
-69
-72
-63
-47
-43
-32
-25
-15
-1
18
13
-7
-6
-10
0
-13
-25
-25
-21
-23
-34
-33
-23
-24
-2
10
14
22
16
8
13
16
11
7
4
-18
-39
-45
-36
-42
-38
-32
-18
-7
0
-13
3
18
22
6
3
4
-7
-7
8
1
-11
-33
-42
-39
-45
-32
-41
-29
-19
0
27
29
21
9
12
21
13
21
18
5
-8
-3
-5
-11
-20
-25
-32
-39
-52
-42
-18
-9
-9
-6
15
20
25
16
10
-1
-6
-5
-2
-13
-21
-34
-43
-38
-50
-60
-46
-14
-15
-24
-20
-13
-4
3
2
3
-7
-13
-15
-21
-24
-41
-43
-26
-32
-34
-44
-36
-34
-19
10
15
14
8
7
8
1
-3
-12
-22
-12
-18
-9
-11
-10
-8
4
-1
1
22
38
46
42
27
13
4
-13
-12
-11
-21
-35
-53
-62
-55
-41
-25
-14
-4
-12
1
4
11
21
34
19
23
21
3
-9
1
-5
-23
-23
-22
-26
-16
11
7
2
8
1
9
22
38
36
31
40
34
22
4
-16
-25
-28
-29
-29
-14
-4
-2
-3
-9
-2
28
30
18
28
24
17
16
10
-11
-16
-18
-11
0
10
2
1
-3
-2
-1
-4
12
24
17
8
0
-20
-32
-19
-28
-37
-39
-29
-3
13
26
29
24
38
58
71
52
45
46
47
34
1
-25
-27
-34
-31
-29
-30
-20
0
40
69
84
90
101
102
96
84
84
89
69
51
43
26
7
-5
-37
-39
-13
23
32
7
-22
-34
-19
-12
-4
-6
-5
4
-10
-57
-132
-239
-326
-437
-569
-699
-798
-909
-1069
-1255
-1483
-1779
-2079
-2382
-2696
-2938
-3031
-3001
-2863
-2496
-1967
-1459
-1051
-803
-664
-525
-339
-107
111
300
461
671
874
915
856
747
683
718
782
869
979
1088
1152
1198
1240
1263
1247
1217
1239
1316
1386
1448
1441
1359
1238
1122
1029
945
833
680
521
393
279
193
152
147
180
181
161
162
144
103
82
75
71
92
134
140
106
71
15
-41
-70
-97
-118
-108
-86
-71
-67
-37
15
72
92
110
126
107
91
88
88
78
72
77
77
84
97
93
87
71
71
72
65
65
71
83
68
64
74
86
89
80
72
49
37
20
21
28
-1
-20
-34
-56
-64
-61
-58
-67
-71
-71
-67
-64
-46
-37
-34
-30
-24
-23
-30
-23
-24
-19
-13
-24
-37
-29
-20
-13
-8
-8
-9
2
9
13
33
65
80
79
85
84
85
77
61
65
64
60
54
56
48
28
9
16
10
13
16
28
65
117
143
140
148
168
207
221
196
185
183
177
160
126
131
148
145
155
149
147
157
149
119
98
99
93
73
51
35
34
18
15
9
14
19
14
5
8
3
1
-22
-30
-47
-72
-72
-92
-89
-87
-89
-82
-80
-75
-67
-67
-50
-56
-55
-50
-42
-35
-13
-1
2
27
40
33
39
47
50
60
55
46
38
47
55
37
27
22
21
14
14
9
0
5
13
24
35
38
48
35
28
31
21
15
24
33
35
41
76
100
119
136
134
153
180
200
222
236
237
251
252
245
230
205
173
154
156
164
171
176
180
159
142
128
111
100
81
65
37
5
-49
-122
-169
-207
-247
-293
-374
-464
-547
-632
-691
-743
-732
-682
-639
-598
-531
-367
-164
36
206
315
450
643
860
1028
1170
1326
1488
1708
1945
2106
2150
2140
2085
1950
1803
1601
1308
931
553
281
87
-122
-261
-382
-583
-856
-1109
-1266
-1278
-1201
-1120
-1020
-842
-650
-444
-179
136
400
523
571
594
569
489
389
310
242
165
103
65
102
154
179
174
154
97
19
-66
-137
-216
-314
-419
-487
-519
-517
-522
-567
-606
-628
-652
-654
-637
-584
-565
-589
-651
-721
-796
-861
-865
-866
-900
-951
-1066
-1216
-1279
-1226
-1039
-708
-300
51
231
308
324
340
367
382
364
384
445
505
539
547
526
503
454
399
346
276
215
155
117
92
68
50
31
31
18
4
-18
-36
-33
-41
-49
-36
-34
-32
-41
-48
-46
-49
-40
-42
-50
-42
-24
-4
4
5
16
34
38
21
32
44
60
64
52
49
52
55
62
53
49
55
62
53
58
53
34
32
47
51
59
67
71
56
38
28
21
20
35
49
41
23
10
9
36
38
14
17
15
20
42
56
60
50
31
38
45
58
53
48
51
41
24
14
10
15
8
4
-2
-1
6
13
31
36
34
33
32
45
42
40
42
41
33
25
13
9
1
-16
-23
-15
-2
4
8
15
17
33
43
40
38
49
42
32
33
35
32
11
21
25
11
-2
-1
3
6
-3
13
23
24
21
19
39
68
72
63
61
61
47
43
48
49
37
26
40
36
35
32
18
28
22
13
12
15
41
65
63
56
53
53
51
53
62
63
34
11
18
11
5
2
-8
14
31
39
35
19
30
38
43
48
58
74
84
77
62
47
46
23
29
37
27
31
39
45
38
50
70
70
90
97
100
106
129
126
104
94
81
72
63
61
70
72
69
66
63
72
73
66
84
105
126
126
121
117
113
89
71
64
42
25
4
-5
-4
-18
-14
-1
-13
-19
-11
4
19
8
-2
9
28
38
33
32
23
25
31
18
14
13
11
11
-3
14
12
24
45
56
54
55
76
89
85
93
98
107
104
108
101
108
115
99
87
80
76
81
75
76
80
78
82
99
96
88
90
92
92
97
92
80
74
67
63
49
32
22
17
16
20
12
27
38
49
35
33
33
27
42
42
35
50
48
44
27
21
11
-9
-28
-43
-48
-54
-34
-22
-26
-16
11
36
37
50
80
82
78
76
60
57
50
34
6
-12
-14
-31
-49
-55
-59
-57
-61
-57
-58
-47
-30
-29
-36
-28
-33
-47
-62
-53
-51
-67
-82
-117
-136
-150
-167
-170
-173
-178
-163
-161
-168
-173
-144
-131
-118
-121
-134
-145
-171
-185
-175
-173
-182
-187
-192
-190
-183
-182
-203
-208
-189
-189
-165
-152
-153
-147
-144
-133
-134
-148
-160
-168
-187
-200
-187
-184
-185
-185
-194
-196
-185
-171
-161
-162
-152
-147
-134
-129
-146
-163
-175
-145
-143
-144
-148
-169
-180
-177
-168
-159
-151
-149
-143
-116
-108
-115
-113
-109
-99
-106
-119
-132
-139
-145
-141
-136
-137
-137
-129
-106
-90
-62
-61
-58
-58
-64
-62
-58
-56
-64
-73
-75
-85
-81
-88
-90
-89
-76
-56
-46
-27
-21
-28
-36
-37
-27
-43
-52
-65
-77
-81
-81
-85
-85
-77
-68
-52
-27
-22
-45
-48
-47
-41
-38
-55
-42
-51
-69
-65
-50
-45
-42
-37
-29
-41
-35
-34
-22
-41
-51
-37
-36
-37
-32
-35
-36
-43
-57
-64
-64
-57
-53
-60
-57
-45
-44
-54
-42
-44
-28
-9
-9
7
-5
-14
-29
-29
-25
-38
-51
-57
-72
-69
-66
-63
-58
-43
-35
-40
-22
-4
3
33
44
36
25
25
22
24
7
-16
-23
-35
-44
-52
-47
-51
-47
-34
-8
-10
-15
-18
-19
-28
-23
-11
-19
-30
-32
-27
-31
-19
-11
-15
-24
-24
-25
-11
16
26
39
31
20
9
7
-2
-32
-33
-35
-46
-48
-38
-41
-49
-48
-36
-23
-11
-10
2
2
4
8
6
15
25
6
-6
-26
-35
-42
-36
-24
-20
-16
-26
-14
-24
-32
-2
23
32
20
12
12
-2
-10
-17
-25
-28
-44
-53
-57
-68
-56
-54
-42
-33
-37
-26
-18
5
8
25
17
7
19
21
13
23
17
2
-13
-33
-32
-33
-26
-36
-30
-7
3
-1
3
15
20
7
2
-1
-5
-14
-33
-30
-26
-25
-32
-35
-25
-25
-20
-12
-9
-9
7
3
-12
-11
-3
-18
-24
-15
4
-2
-17
-34
-54
-54
-46
-36
-18
2
16
3
9
30
24
22
18
7
4
-5
-12
-14
-6
-12
-18
-17
-27
-30
-18
-5
-1
6
22
7
-16
-11
-13
-27
-33
-32
-42
-46
-37
-32
-18
-6
-1
1
7
14
6
16
27
26
11
-2
-4
1
-5
-6
-23
-29
-33
-40
-46
-29
-7
9
16
19
29
48
53
53
48
33
6
-4
-11
-5
-7
-15
-31
-52
-55
-54
-41
-29
-12
7
9
-2
5
24
33
32
37
59
59
43
10
-4
-18
-33
-39
-40
-40
-46
-46
-40
-22
-18
-6
-7
2
6
14
20
15
14
16
16
3
1
1
-14
-14
-15
-5
8
7
14
12
23
30
28
41
33
27
20
4
-18
-20
-24
-23
-16
-20
-11
2
1
17
32
42
48
33
23
28
22
25
20
17
9
-7
-20
-23
-25
-30
-12
-3
13
6
0
27
33
34
33
32
48
52
50
40
5
-13
-38
-29
-34
-50
-70
-63
-51
-37
-36
-16
-1
0
-3
-21
-27
-3
16
26
21
23
16
-8
-19
-29
-33
-37
-33
-6
12
29
25
15
4
10
17
18
-1
-23
-38
-43
-38
-26
-26
-15
-17
-20
-21
-7
-7
15
26
19
11
3
-8
-18
-12
-18
-26
-46
-48
-40
-34
-47
-46
-34
-19
-16
5
20
24
29
29
27
23
19
20
18
20
10
-4
-22
-32
-22
-28
-32
-33
-16
4
15
16
15
15
20
20
23
24
31
17
1
17
10
-5
-21
-8
17
19
20
29
26
43
49
58
45
29
8
-17
-21
-1
21
6
1
-5
-16
-14
9
20
22
17
18
31
27
21
-11
-23
-31
-34
-33
-34
-31
-21
-4
-3
-7
-1
4
9
20
28
25
22
17
-1
-24
-33
-45
-39
-26
-15
-14
3
27
24
23
11
-3
1
9
6
1
-15
-7
-18
-24
-21
-29
-26
-10
-1
9
5
6
-7
-12
-18
-25
-26
-37
-38
-12
-11
-18
-30
-30
-19
-13
-11
-21
-28
-27
-24
-29
-46
-39
-38
-37
-35
-48
-49
-25
-10
-13
-1
2
-5
-11
-20
-29
-20
-21
-13
-20
-27
-29
-29
-22
-14
-22
-11
6
16
16
25
25
12
3
9
4
-4
-19
-31
-34
-36
-28
-21
-23
-18
-23
-28
-24
-9
3
23
34
35
28
-2
-11
-11
-11
-21
-34
-26
-29
-45
-43
-28
-7
6
10
24
32
34
22
26
37
44
22
-6
-9
-16
-12
-30
-51
-42
-30
-40
-37
-26
-3
3
-1
-8
-9
-1
-1
-8
4
15
16
7
-5
-17
-37
-34
-27
-15
-14
1
11
13
24
15
1
11
10
1
1
4
-22
-40
-49
-57
-62
-49
-25
-22
-17
-9
1
13
26
38
28
17
19
7
-6
2
-12
-29
-26
-22
-24
-27
-32
-24
-17
-13
-18
-20
-8
-1
10
9
11
16
20
5
-13
-12
-17
-46
-49
-54
-43
-47
-41
-23
-16
-21
-24
-25
-13
-1
11
23
23
16
9
3
1
-5
-17
-24
-27
-20
-20
-36
-35
-28
-28
-15
0
-3
-14
-15
-12
-18
-22
-37
-40
-30
-48
-57
-40
-25
-13
-7
-13
-9
-12
-6
-5
-8
-20
-26
-14
-26
-46
-42
-52
-54
-59
-53
-41
-22
-1
9
12
8
9
31
21
5
-1
-1
-11
-32
-28
-35
-46
-49
-48
-53
-44
-11
4
-1
5
8
13
3
-17
-9
14
21
13
16
8
-10
-22
-28
-9
-13
-24
0
9
9
11
11
16
5
-1
-12
-7
3
-26
-35
-27
-28
-21
-23
-15
-18
-17
2
23
31
23
8
7
-4
-4
-7
-10
-17
-25
-20
-25
-49
-47
-50
-52
-41
-25
-13
-15
-9
-2
9
24
24
37
46
24
-6
-14
-6
-22
-44
-54
-51
-34
-34
-21
-19
-28
-1
23
39
40
40
42
47
75
45
30
27
8
6
-7
-11
-13
-12
-14
-25
-21
-13
5
21
25
12
5
4
8
-3
-12
-14
-15
-13
-35
-41
-30
-5
6
-5
-2
10
22
29
42
47
40
38
34
36
30
3
-12
-22
-31
-23
-10
-8
-26
-42
-21
-2
14
10
2
0
5
6
2
2
-6
-20
-29
-15
-17
-16
-17
-12
-4
12
26
21
13
16
21
16
11
20
15
16
11
4
-15
-33
-15
1
-11
-11
-12
-3
-12
-1
19
10
24
47
50
15
0
-10
-22
-11
-24
-29
-27
-35
-41
-48
-23
-18
-33
-14
-12
7
15
17
26
29
32
36
39
31
24
6
-7
-8
-17
-22
-22
-8
7
4
1
3
9
9
17
25
27
14
9
13
9
2
-4
-3
-22
-55
-52
-33
-6
0
0
9
21
37
34
21
31
22
25
19
14
6
-9
-14
-12
-24
-31
-39
-29
-38
-41
-44
-19
-6
0
14
7
-1
4
12
8
3
11
28
29
32
39
33
29
14
12
6
-8
-21
-31
-18
-21
-12
3
4
14
35
53
57
58
51
37
27
22
5
-29
-59
-79
-125
-157
-177
-227
-254
-288
-290
-281
-285
-310
-352
-378
-379
-393
-390
-381
-387
-400
-428
-497
-612
-737
-874
-1019
-1152
-1229
-1295
-1348
-1357
-1328
-1352
-1444
-1577
-1718
-1780
-1687
-1456
-1178
-854
-461
-49
300
513
673
904
1216
1496
1642
1665
1613
1544
1513
1325
1024
716
459
304
243
254
323
427
525
585
635
699
746
784
852
975
1079
1126
1090
990
879
783
707
637
571
435
286
162
54
-36
-73
-88
-80
-57
-37
-10
11
25
24
23
32
63
115
154
159
116
77
40
-13
-71
-95
-113
-99
-100
-117
-126
-123
-95
-62
-29
-12
-15
-22
-22
-34
-37
-29
-20
-8
0
14
21
15
13
24
19
30
43
36
51
61
62
65
66
66
66
69
73
73
83
65
39
25
12
-6
-21
-26
-35
-57
-66
-69
-79
-70
-61
-59
-61
-61
-75
-75
-85
-93
-87
-70
-67
-76
-78
-67
-71
-71
-71
-51
-28
-19
-22
-18
0
28
41
56
39
29
28
40
50
30
15
-1
-11
8
32
51
53
55
39
14
12
14
33
64
89
122
134
139
153
181
188
172
163
133
102
87
72
52
35
33
51
64
76
80
81
93
96
82
61
43
33
-3
-31
-37
-35
-49
-60
-74
-77
-86
-96
-104
-94
-89
-99
-104
-104
-107
-109
-106
-108
-106
-93
-110
-104
-108
-105
-98
-94
-74
-56
-43
-21
-4
12
3
1
14
21
24
23
22
13
3
-1
3
5
12
20
36
42
36
34
36
24
12
6
-5
-34
-37
-28
-18
-25
-25
-6
9
12
7
18
31
40
57
95
139
155
166
184
202
226
232
244
269
274
245
211
199
181
171
162
137
112
117
126
137
139
107
79
47
39
21
-2
-38
-55
-73
-128
-171
-206
-234
-249
-296
-386
-490
-598
-683
-761
-792
-771
-741
-665
-597
-492
-299
-74
127
274
394
555
770
1002
1191
1342
1490
1659
1873
2081
2184
2158
2107
2016
1855
1683
1463
1161
774
414
165
-27
-215
-349
-470
-672
-922
-1150
-1313
-1331
-1262
-1174
-1080
-965
-789
-573
-276
43
316
470
556
613
625
579
510
452
393
327
276
296
343
375
400
402
398
343
254
173
106
23
-54
-137
-237
-307
-332
-374
-426
-476
-513
-547
-585
-603
-596
-592
-617
-662
-721
-783
-843
-880
-917
-950
-990
-1040
-1129
-1205
-1182
-1058
-830
-509
-144
110
227
293
317
313
331
345
349
389
430
461
474
459
422
386
364
324
278
234
207
184
143
96
63
43
33
14
-5
-14
-31
-42
-55
-43
-47
-49
-49
-51
-51
-55
-58
-61
-68
-65
-68
-61
-35
-23
-33
-41
-35
-17
-8
-3
9
34
55
64
66
76
83
85
80
64
62
50
45
36
18
14
27
37
53
70
81
87
73
52
29
30
38
28
9
1
-9
-28
-37
-41
-45
-45
-23
-8
17
24
33
20
4
-7
-11
-1
-1
-4
-14
-17
1
-4
-11
4
9
19
26
23
27
34
40
37
28
17
11
7
10
8
8
-2
-2
5
3
7
20
25
37
40
38
26
18
-1
0
-5
-22
-18
-34
-34
-19
-5
2
9
12
5
7
16
2
19
27
37
31
31
27
17
17
24
12
3
-5
-21
-20
-2
6
1
-1
13
40
34
26
22
51
68
65
75
66
51
54
46
26
24
28
19
9
5
-8
-16
11
15
9
23
34
38
41
57
65
54
57
63
62
56
38
34
27
16
-3
-28
-17
-11
-18
-15
-4
3
8
24
20
21
29
18
14
20
20
16
23
25
0
-21
-9
-4
-1
19
44
50
54
58
48
36
25
34
30
29
33
49
41
34
43
51
49
46
42
57
66
68
71
87
99
106
116
130
125
121
128
113
106
93
81
86
88
96
105
102
110
113
123
126
139
151
138
122
135
143
133
133
151
145
135
129
129
127
125
134
136
130
133
130
143
157
165
166
166
174
164
166
166
137
124
127
135
162
160
165
170
172
181
179
179
152
139
134
133
121
97
77
73
57
53
35
53
54
53
53
46
64
77
64
52
39
35
38
47
43
31
31
15
10
15
12
37
55
77
82
75
61
44
56
54
51
54
40
28
29
31
39
49
46
43
22
1
2
17
11
7
9
-1
-3
2
4
-5
-28
-51
-74
-73
-72
-93
-105
-123
-128
-127
-125
-125
-121
-113
-116
-98
-86
-90
-110
-124
-125
-125
-133
-139
-146
-153
-141
-136
-135
-121
-119
-117
-108
-87
-90
-101
-100
-113
-123
-123
-128
-117
-125
-146
-190
-203
-203
-201
-195
-197
-188
-165
-154
-150
-167
-168
-175
-176
-175
-189
-206
-229
-219
-214
-229
-238
-243
-243
-228
-226
-216
-207
-191
-174
-156
-159
-161
-161
-168
-157
-143
-151
-157
-159
-174
-173
-175
-176
-167
-164
-153
-144
-137
-139
-135
-114
-103
-106
-114
-111
-118
-114
-106
-119
-134
-147
-153
-155
-145
-122
-106
-102
-101
-90
-83
-90
-94
-59
-52
-58
-70
-67
-72
-77
-92
-108
-110
-117
-116
-96
-76
-48
-41
-42
-39
-50
-56
-38
-32
-36
-53
-68
-70
-81
-76
-71
-65
-58
-58
-64
-57
-52
-47
-33
-34
-51
-46
-26
-24
-29
-28
-42
-50
-53
-62
-63
-65
-57
-53
-58
-38
1
7
6
9
9
8
18
34
34
16
2
2
6
-15
-28
-25
-17
-24
-24
-9
-5
-2
6
15
14
14
16
13
8
6
13
5
-11
-26
-12
-2
-13
-35
-41
-21
-10
-5
0
16
23
34
56
41
16
17
9
-5
-12
-24
-42
-58
-58
-54
-33
-22
-28
-20
-8
16
17
13
22
37
42
35
35
38
37
32
14
3
-14
-26
-17
-18
-7
12
16
18
20
9
5
19
38
35
10
-7
-19
-24
-22
-15
-9
-6
-18
-30
-30
-15
-1
19
19
22
-1
-6
-8
-17
-25
-19
-14
-12
-10
-7
-10
-3
7
-2
6
22
35
39
44
24
3
-3
-11
-12
-3
0
-9
-21
-31
-16
-3
8
9
25
40
32
39
47
34
7
-18
-24
-25
-4
1
9
15
6
9
3
-9
-2
12
19
12
14
14
21
24
-5
-11
-5
-30
-31
-37
-45
-52
-42
-16
-2
7
14
12
16
18
24
25
18
18
22
13
1
-7
-3
-3
-15
-13
-12
-15
-8
-7
-1
-10
8
25
23
24
27
20
21
12
6
-1
-30
-44
-43
-37
-26
-22
-19
-15
-8
3
20
17
19
22
28
30
34
31
25
22
16
12
5
-6
-23
-24
-22
-23
-15
1
-6
-9
1
5
12
23
14
14
6
-5
-19
-38
-40
-23
-13
-20
-18
-30
-31
-15
-5
4
-5
-18
-9
-2
-1
-5
-10
-19
-22
-22
-18
-11
8
9
0
0
12
30
30
30
22
25
13
8
-6
-23
-22
-22
-23
-17
-25
-22
-24
-17
-6
-12
-17
-12
-3
2
15
23
26
11
-12
-22
-8
3
7
-11
-16
-25
-34
-30
-22
-18
-14
-7
6
12
29
42
44
37
22
21
33
28
26
26
16
-2
-24
-33
-45
-35
-26
-22
-24
-23
3
20
24
31
33
32
30
26
46
55
38
5
-6
-15
-18
-12
-16
-33
-28
-8
10
16
23
29
15
23
35
28
8
-7
-5
-10
-10
-31
-32
-15
-19
-11
-1
8
2
19
34
25
27
35
39
27
26
18
8
2
10
0
-19
-21
-13
0
3
19
25
43
56
62
59
57
70
82
82
78
53
45
55
55
57
57
57
77
93
95
96
97
98
101
104
118
118
117
112
87
62
65
60
59
55
54
54
64
59
57
82
93
85
81
61
53
56
50
45
37
22
21
-4
-20
-28
-29
-18
-10
-14
-11
3
20
25
27
15
4
8
10
16
9
-12
-25
-51
-48
-53
-48
-63
-51
-35
-20
-4
-7
-20
-16
-24
-40
-39
-32
-29
-41
-45
-51
-64
-82
-85
-64
-58
-50
-48
-33
-17
-22
-8
1
-10
-20
-34
-49
-52
-46
-33
-31
-48
-67
-72
-59
-54
-49
-44
-40
-34
-29
-46
-45
-32
-16
-24
-27
-47
-59
-59
-60
-63
-72
-83
-74
-70
-55
-49
-45
-56
-62
-48
-50
-68
-88
-88
-85
-95
-105
-102
-84
-74
-76
-68
-66
-69
-63
-49
-35
-41
-46
-55
-63
-85
-89
-83
-91
-96
-101
-112
-102
-115
-124
-106
-95
-97
-91
-82
-70
-76
-80
-78
-81
-92
-93
-92
-112
-131
-138
-143
-125
-116
-105
-97
-101
-94
-85
-75
-63
-49
-29
-28
-28
-22
-20
-25
-36
-38
-47
-45
-57
-72
-62
-42
-37
-41
-31
-10
-7
8
16
21
30
31
35
33
29
26
-1
7
-3
-14
-9
-3
1
-15
-7
-2
-12
5
23
37
36
39
39
35
29
15
13
2
-10
-22
-10
-18
-25
-24
-22
-19
-12
5
-1
13
33
48
38
39
44
28
7
11
20
9
1
-5
-6
3
18
16
9
18
38
48
44
53
41
28
24
11
4
12
12
-20
-18
-13
-13
-11
-9
-16
-2
0
19
39
39
33
23
26
24
19
5
-14
-21
-16
-7
2
-2
2
15
11
18
8
1
-9
5
19
22
7
-11
-17
-24
-16
-21
-20
-18
-12
-5
-4
5
17
14
-7
2
21
30
18
15
25
23
10
-10
-3
4
13
1
-15
-23
-8
10
26
19
38
57
67
60
48
36
32
13
-5
-13
-14
-5
-8
-17
-16
-17
-2
10
13
5
12
18
29
27
6
6
-9
-15
-18
-26
-32
-22
-13
-15
-12
0
-9
-7
-6
0
5
2
4
4
-1
-13
-27
-40
-55
-63
-61
-63
-41
-28
-27
-23
-20
9
12
12
13
18
37
34
21
-1
-3
7
-22
-43
-43
-42
-50
-56
-51
-46
-38
-32
-22
-27
-34
-27
-16
-14
-19
-18
-12
-26
-25
-22
-34
-41
-42
-45
-38
-56
-51
-35
-33
-18
-12
2
5
19
21
12
-4
-12
-1
3
-9
-16
-31
-36
-44
-52
-40
-46
-51
-40
-27
-25
-17
-11
-21
-26
-10
-21
-24
-15
-10
-30
-50
-62
-75
-69
-67
-53
-43
-49
-52
-48
-52
-39
-34
-14
9
36
57
50
45
36
28
20
9
14
3
1
-11
-27
-40
-63
-59
-58
-59
-46
-19
17
29
43
64
91
108
112
121
149
162
176
180
187
192
197
199
194
225
271
307
345
362
366
357
354
343
345
362
392
456
548
606
635
642
627
607
567
531
496
403
233
-7
-212
-373
-494
-642
-926
-1289
-1700
-2077
-2354
-2492
-2589
-2683
-2763
-2852
-3005
-3128
-3111
-2950
-2676
-2327
-1922
-1538
-1169
-812
-526
-299
-60
196
433
643
804
891
960
1101
1228
1286
1276
1261
1284
1320
1351
1352
1324
1267
1207
1163
1132
1048
911
781
669
563
488
417
364
338
312
280
231
182
129
102
72
36
10
9
22
3
-18
-45
-89
-137
-170
-196
-201
-183
-163
-126
-84
-20
34
82
116
141
167
154
129
110
93
87
78
80
79
73
69
55
51
44
40
24
12
5
3
13
21
26
33
26
15
24
27
58
110
174
219
251
266
261
252
227
220
225
211
205
185
181
174
173
184
180
191
191
184
183
189
199
199
203
211
198
200
204
214
221
200
188
164
125
89
38
-2
-33
-60
-69
-76
-79
-81
-78
-84
-75
-74
-80
-67
-41
-38
-41
-43
-33
-40
-50
-62
-101
-130
-155
-190
-231
-244
-218
-222
-218
-165
-103
-22
75
179
271
372
459
529
570
581
544
494
433
374
300
211
131
46
-38
-104
-146
-155
-154
-158
-157
-149
-133
-121
-103
-95
-93
-70
-56
-41
-20
-12
-26
-28
-16
-29
-44
-55
-63
-67
-80
-74
-78
-84
-86
-77
-48
-17
-9
4
6
24
21
27
36
42
61
55
58
68
48
32
34
30
21
7
3
-17
-17
0
9
3
1
11
24
21
36
43
33
26
19
12
17
38
52
65
91
126
154
187
217
230
220
215
225
242
241
234
225
206
170
166
161
146
116
101
102
100
92
71
59
25
-9
-46
-87
-121
-169
-226
-290
-341
-389
-453
-495
-561
-667
-780
-902
-1031
-1144
-1218
-1234
-1234
-1254
-1250
-1197
-1061
-899
-762
-607
-459
-312
-149
53
308
590
877
1130
1419
1767
2070
2285
2433
2533
2564
2499
2355
2127
1800
1415
1060
803
641
442
163
-104
-331
-498
-642
-712
-639
-503
-381
-240
-28
173
297
369
406
406
390
321
228
122
2
-47
-37
36
146
229
274
306
314
354
415
454
459
425
331
246
182
111
9
-141
-213
-230
-268
-327
-377
-382
-355
-308
-238
-131
-21
31
40
6
-23
-41
33
282
487
541
496
290
48
-43
-167
-341
-437
-507
-622
-763
-882
-971
-971
-915
-814
-664
-526
-417
-314
-239
-169
-136
-120
-97
-107
-132
-139
-148
-150
-156
-154
-181
-199
-199
-199
-198
-207
-202
-206
-196
-171
-157
-142
-118
-97
-92
-76
-43
-25
1
14
15
27
41
43
29
14
25
17
15
20
20
27
32
15
-2
-25
-24
-17
-12
-26
-50
-53
-50
-43
-36
-24
-22
-33
-31
-43
-32
-26
-32
-38
-42
-37
-30
-42
-43
-25
-19
-17
-27
-17
-2
1
8
14
22
11
9
12
7
0
2
-7
-15
-9
-3
1
10
11
16
20
25
28
8
-18
-35
-32
8
32
18
5
10
11
14
12
-9
-15
-9
-9
2
-18
-31
-35
-43
-40
-24
-5
2
11
14
14
27
38
28
27
11
-12
-22
-29
-31
-29
-23
-23
-25
-22
-19
-21
-9
-2
0
0
6
16
22
4
-20
-32
-34
-28
-28
-20
-15
-32
-22
-8
4
24
30
49
52
39
31
21
21
24
25
39
45
27
-11
-33
-25
-30
-30
-31
-18
-2
8
19
18
32
33
36
40
21
17
32
30
29
14
-1
-13
-14
-14
-21
-17
11
38
48
60
46
33
47
53
55
57
46
29
12
18
34
25
17
15
23
39
31
33
37
38
43
48
63
55
43
46
38
36
34
38
23
13
23
10
8
8
27
55
69
70
80
73
70
65
57
57
56
41
25
24
21
16
20
18
33
49
66
79
82
86
85
87
102
102
103
108
106
74
69
58
38
32
27
27
44
53
60
62
52
54
49
69
72
72
80
79
66
27
6
8
20
10
5
10
3
-7
3
7
11
27
35
50
59
62
56
61
64
61
59
48
35
18
15
35
44
44
27
28
57
75
88
86
85
97
85
77
73
58
53
44
35
28
22
6
-6
-7
-10
-10
-1
-9
13
23
18
23
26
43
43
36
17
3
-3
-22
-33
-33
-43
-51
-35
-4
-5
-1
14
9
7
-3
-3
5
-5
-31
-47
-38
-38
-41
-28
-23
-28
-29
-27
-34
-32
-30
-42
-59
-69
-68
-63
-77
-82
-72
-86
-91
-86
-84
-81
-74
-83
-96
-105
-91
-86
-72
-77
-82
-86
-86
-74
-77
-69
-67
-74
-96
-93
-75
-59
-52
-46
-42
-24
-8
-5
-19
-34
-30
-26
-14
-12
-13
-10
2
5
-3
-10
1
-3
-14
-17
-7
-10
-10
2
-8
-15
-7
-17
-28
-40
-48
-58
-90
-127
-136
-149
-140
-131
-134
-149
-149
-136
-129
-123
-142
-140
-140
-148
-149
-151
-172
-188
-199
-201
-201
-221
-234
-232
-253
-258
-252
-244
-238
-203
-169
-146
-121
-96
-78
-73
-56
-61
-61
-68
-68
-58
-52
-60
-57
-58
-59
-57
-51
-42
-44
-26
1
20
19
38
59
76
87
76
69
67
68
79
76
71
66
61
62
43
24
31
34
36
44
58
65
58
45
28
38
46
44
45
41
31
27
28
30
31
13
4
11
2
0
23
28
21
21
29
31
38
33
31
14
12
12
13
16
0
9
16
20
19
22
27
25
19
4
-5
-13
-20
-26
-41
-40
-15
0
-1
-5
4
6
6
2
7
11
9
-6
-6
-14
-20
-21
-17
-33
-39
-43
-53
-60
-45
-46
-30
-16
-14
-18
-13
-1
-1
2
-4
-22
-31
-52
-66
-57
-64
-61
-66
-51
-41
-45
-26
-23
-13
-5
-15
-19
-40
-43
-46
-51
-58
-80
-70
-71
-81
-69
-53
-20
-5
1
10
17
12
5
-13
-24
-38
-35
-29
-28
-41
-43
-49
-37
-19
-13
-12
4
19
29
28
18
8
14
32
32
23
37
46
42
19
-4
-21
-21
0
-6
0
-9
-38
-43
-37
-39
-36
-20
-1
11
29
39
48
58
56
49
27
15
-8
-30
-34
-40
-38
-36
-49
-44
-32
-27
-35
-31
-13
-11
-14
-5
17
30
34
37
36
41
63
70
81
80
70
63
52
37
12
1
-6
-13
-7
-16
-10
-7
1
-3
-22
-5
7
8
14
5
13
24
19
1
1
-2
-4
-23
-26
-33
-29
-30
-23
-21
-10
7
13
6
17
40
50
39
28
25
25
29
13
12
10
-11
-34
-31
-29
-28
-27
-21
-13
-15
6
27
22
20
30
29
20
23
14
8
3
15
4
-7
-24
-45
-48
-29
-14
-10
-9
1
0
2
10
-2
-8
-6
-6
-9
-17
-28
-48
-62
-85
-101
-85
-78
-82
-77
-72
-70
-80
-78
-63
-66
-70
-56
-54
-50
-51
-58
-59
-58
-75
-83
-92
-104
-97
-90
-82
-83
-86
-70
-53
-47
-49
-32
-29
-41
-43
-49
-44
-47
-68
-63
-58
-66
-86
-97
-85
-84
-85
-57
-64
-70
-53
-34
-28
-20
-15
-37
-49
-42
-48
-47
-59
-66
-62
-48
-59
-82
-73
-72
-63
-48
-42
-38
-46
-47
-43
-54
-47
-55
-49
-36
-40
-58
-53
-38
-41
-49
-58
-62
-50
-48
-49
-49
-48
-34
-27
-17
-19
-35
-32
-35
-43
-71
-70
-53
-55
-65
-62
-66
-58
-52
-44
-39
-33
-16
-20
-37
-45
-52
-56
-64
-81
-79
-69
-53
-59
-65
-70
-65
-52
-50
-39
-13
-3
-4
8
12
-20
-39
-40
-49
-50
-50
-62
-74
-69
-54
-47
-28
-21
-17
-3
-10
2
-18
-25
-24
-17
-17
-34
-45
-35
-30
-35
-47
-45
-30
-24
-11
-7
-5
8
23
33
25
18
15
0
-5
-13
-18
-18
-22
-24
-27
-8
-5
-2
19
24
34
35
37
39
14
13
3
-6
0
-5
-12
-21
-36
-43
-44
-39
-33
-33
-36
-27
-9
0
10
1
-8
-5
-23
-23
-34
-46
-48
-52
-54
-62
-58
-55
-60
-41
-35
-19
-15
-3
18
26
10
-7
-6
-1
-14
-23
-36
-51
-49
-59
-69
-68
-56
-49
-44
-43
-39
-31
-37
-54
-41
-39
-44
-45
-61
-84
-101
-109
-93
-98
-106
-114
-94
-94
-86
-59
-48
-47
-48
-44
-47
-57
-64
-71
-80
-82
-90
-100
-114
-125
-109
-111
-105
-87
-70
-70
-71
-77
-83
-92
-81
-73
-68
-81
-87
-75
-82
-86
-90
-87
-91
-90
-70
-53
-37
-31
-22
-26
-21
-21
-36
-51
-67
-78
-96
-87
-80
-79
-66
-56
-54
-40
-39
-29
-5
1
0
-8
-14
-23
-40
-55
-56
-52
-46
-45
-37
-51
-67
-62
-54
-37
-30
-27
-20
-16
-16
-25
-35
-44
-48
-48
-57
-59
-56
-57
-50
-58
-64
-70
-65
-37
-23
-11
-13
-17
-19
-26
-32
-49
-68
-93
-99
-89
-84
-95
-117
-118
-109
-111
-81
-56
-36
-14
3
-5
-18
-14
-15
-32
-30
-31
-53
-49
-47
-38
-40
-36
-24
-22
-18
-9
4
11
12
15
18
11
11
12
15
12
8
-2
-26
-37
-54
-50
-59
-51
-41
-43
-27
-4
6
3
3
5
-9
-9
-11
-4
-3
-21
-44
-49
-50
-38
-49
-30
-24
-33
-30
-21
-2
2
-3
-5
-29
-35
-23
-17
-13
-20
-32
-46
-46
-51
-56
-44
-33
-18
-3
0
2
-7
-16
-25
-32
-28
-23
-25
-37
-53
-70
-78
-73
-73
-73
-76
-83
-80
-66
-37
-34
-34
-25
-21
-10
0
9
24
32
42
25
-3
-14
-20
-15
-34
-42
-52
-65
-53
-49
-52
-40
-36
-16
15
36
65
86
113
133
148
158
174
200
215
232
252
277
286
282
283
328
380
441
504
553
600
628
639
625
611
628
675
730
814
928
1028
1103
1141
1182
1219
1204
1164
1101
978
750
414
158
-50
-226
-442
-795
-1305
-1905
-2475
-2935
-3253
-3462
-3608
-3734
-3807
-3891
-3967
-3910
-3675
-3296
-2867
-2393
-1923
-1507
-1113
-770
-475
-195
