0
56
126
215
334
462
597
741
892
1028
1183
1320
1403
1492
1578
1649
1625
1587
1653
1791
1967
2172
2342
2336
2138
1815
1324
621
-150
-816
-1421
-2005
-2551
-3115
-3631
-4005
-4242
-4308
-4239
-4081
-3809
-3475
-3092
-2691
-2294
-1948
-1636
-1377
-1178
-1027
-870
-619
-310
-56
116
218
302
354
372
378
371
369
385
401
406
397
327
243
178
147
155
174
208
240
277
306
331
301
258
266
272
281
280
263
239
203
166
108
29
-58
-140
-185
-213
-246
-263
-270
-265
-263
-249
-214
-204
-187
-161
-138
-106
-83
-76
-54
-14
39
74
115
115
127
133
123
127
129
143
146
138
120
102
87
98
99
89
56
42
29
5
-18
-21
-12
-29
-41
-55
-59
-48
-35
-23
-31
-19
-5
6
9
5
15
34
39
45
63
56
54
51
41
32
30
42
19
6
-2
0
6
17
16
7
10
8
20
31
19
17
25
18
22
11
-5
-11
-9
-5
-11
4
29
7
-50
-125
-192
-245
-308
-371
-478
-591
-679
-768
-861
-894
-859
-741
-477
-70
402
868
1234
1456
1565
1541
1429
1252
1034
814
590
370
161
-18
-145
-217
-261
-296
-303
-295
-282
-260
-238
-218
-201
-175
-126
-105
-81
-62
-49
-31
-14
-13
-15
-24
-40
-55
-53
-46
-26
-43
-52
-61
-70
-64
-63
-58
-46
-35
-16
-10
1
14
19
33
30
40
57
51
39
44
51
35
33
23
9
23
-1
-5
0
5
12
9
20
40
49
63
71
60
79
102
145
173
190
208
226
265
298
321
350
377
387
384
369
330
294
258
217
177
124
82
60
42
32
-4
-42
-62
-77
-109
-183
-270
-354
-418
-483
-577
-657
-722
-774
-858
-1008
-1212
-1449
-1711
-1936
-2118
-2213
-2265
-2311
-2358
-2404
-2391
-2347
-2318
-2270
-2164
-2016
-1852
-1669
-1453
-1111
-587
17
908
2026
3111
4118
5126
6168
7061
7486
7476
7256
6853
6220
5503
4828
3932
2964
2128
1214
280
-495
-892
-964
-1015
-1342
-1719
-1752
-1631
-1627
-1853
-2184
-2481
-2709
-2733
-2517
-2269
-2188
-2207
-2212
-2089
-1926
-1842
-1757
-1554
-1304
-1088
-878
-577
-26
726
1479
2156
2767
3314
3767
4056
4263
4418
4450
4290
4009
3633
3086
2391
1592
768
102
-333
-571
-688
-708
-609
-443
-316
-310
-383
-430
-426
-457
-782
-1433
-2151
-2691
-2920
-2967
-2913
-2780
-2593
-2419
-2213
-1999
-1873
-1809
-1735
-1653
-1560
-1453
-1335
-1201
-1072
-941
-828
-704
-604
-511
-438
-352
-273
-230
-189
-144
-122
-120
-110
-99
-95
-108
-108
-115
-108
-80
-67
-55
-56
-63
-67
-57
-47
-58
-58
-56
-56
-52
-53
-52
-49
-44
-40
-34
-17
-5
5
10
32
46
51
39
19
10
15
-8
-29
-26
-19
-14
-9
-3
-3
-23
-17
-13
18
7
6
12
-1
-13
-26
-11
-4
-28
-44
-44
-32
-16
2
11
-10
-21
-14
-2
7
10
35
66
89
104
106
118
122
113
122
138
135
124
121
124
107
113
107
115
125
140
145
137
144
129
120
127
105
99
115
104
96
89
83
79
73
74
52
57
61
59
64
65
58
52
63
61
52
57
51
46
61
53
49
26
14
17
16
23
22
17
24
21
44
63
63
44
36
44
52
58
68
80
74
55
72
76
73
84
94
90
85
85
95
94
102
100
104
117
133
134
144
155
147
138
150
133
129
136
139
131
123
116
111
113
128
127
143
147
154
178
194
198
180
191
190
176
176
171
174
181
171
162
156
159
156
149
165
170
174
185
197
204
209
215
221
227
216
203
222
235
225
200
192
174
167
171
179
177
160
161
182
180
176
188
174
181
176
177
171
170
166
167
165
168
144
136
129
116
132
145
148
149
159
167
177
188
188
193
204
209
210
200
196
171
166
162
155
143
161
164
159
144
174
191
209
212
211
223
252
267
270
278
256
235
238
234
222
202
196
204
196
197
202
180
183
180
164
159
158
166
171
174
191
195
192
167
148
154
149
145
123
118
112
105
109
115
110
114
119
130
124
110
115
122
124
120
118
105
111
123
127
130
121
131
121
111
122
140
144
145
164
182
166
150
149
150
137
126
137
127
116
112
101
110
124
128
115
116
119
103
108
119
95
92
93
81
80
66
35
9
18
28
15
-3
-19
-32
-44
-51
-62
-73
-71
-71
-77
-71
-75
-72
-55
-38
-34
-33
-49
-54
-59
-66
-75
-80
-86
-91
-100
-112
-119
-131
-98
-90
-100
-94
-78
-50
-46
-37
-30
-52
-71
-64
-46
-50
-44
-38
-53
-55
-48
-70
-61
-60
-62
-72
-74
-68
-73
-50
-39
-52
-68
-74
-82
-84
-79
-68
-73
-83
-102
-122
-135
-144
-135
-136
-129
-124
-128
-110
-105
-107
-102
-97
-106
-112
-120
-147
-169
-157
-158
-158
-175
-168
-155
-151
-157
-161
-147
-147
-158
-147
-165
-163
-142
-137
-137
-141
-154
-158
-161
-163
-172
-164
-149
-163
-180
-174
-145
-136
-135
-127
-130
-118
-125
-130
-128
-136
-125
-114
-110
-117
-126
-111
-113
-103
-103
-108
-86
-75
-91
-103
-110
-105
-93
-100
-109
-99
-81
-100
-92
-85
-88
-63
-58
-77
-77
-87
-85
-92
-69
-63
-79
-80
-100
-82
-69
-68
-69
-76
-61
-45
-34
-21
-39
-48
-45
-35
-36
-52
-63
-74
-96
-99
-72
-59
-56
-32
-18
-18
-11
5
25
34
44
34
29
27
12
9
8
0
-4
-8
-18
-21
-27
-14
-19
-12
6
19
29
32
36
28
29
23
14
10
19
22
9
-3
1
-18
-30
-13
-4
3
10
15
17
38
32
19
14
11
9
16
19
11
19
10
-10
-25
-19
-24
-26
-13
-20
-22
-15
4
20
26
35
27
31
39
21
15
14
-3
-10
11
11
2
6
-7
-16
-10
-1
5
-9
-23
-13
-8
-6
-20
-7
-1
-11
-11
-39
-46
-43
-36
-26
-11
-5
-7
-6
-13
-23
-21
-12
-22
-32
-43
-43
-25
-19
-25
-29
-15
-4
7
12
17
20
15
7
-3
-24
-36
-40
-30
-8
-2
4
-2
13
30
38
55
49
65
57
57
52
26
-11
-42
-62
-49
-47
-13
28
62
99
110
105
79
58
38
14
2
0
3
2
14
26
17
-1
-29
-16
19
38
42
34
42
49
30
15
3
10
16
9
14
32
61
80
91
90
74
65
50
44
44
21
37
47
65
81
80
113
107
93
96
104
112
97
83
86
60
44
23
12
12
10
21
34
48
41
48
54
58
80
104
97
73
48
49
36
23
31
13
9
23
44
62
68
62
45
41
33
47
56
57
57
49
42
44
55
50
45
48
45
48
60
45
36
30
20
36
43
39
48
54
60
64
73
83
66
65
62
73
74
61
63
52
48
34
30
35
52
72
74
67
65
65
78
91
106
123
121
110
106
92
59
33
31
23
14
2
-1
6
18
19
17
32
26
24
31
25
35
55
45
24
3
2
15
13
7
-4
-14
-8
-5
13
12
11
17
10
18
12
3
0
-15
-18
-27
-19
-5
-6
0
7
2
19
26
44
54
46
35
28
24
13
-4
-14
-15
-21
-26
-17
-24
-19
-12
-6
-9
5
26
23
5
15
21
18
2
-7
1
1
-8
-35
-38
-28
-29
-17
-20
-13
2
13
16
9
0
20
16
12
8
12
0
-16
-38
-46
-45
-36
-29
-20
-22
-21
-15
-4
12
23
41
38
18
21
23
25
31
25
-2
-18
-19
-27
-26
-33
-41
-18
-13
-6
-18
-16
-7
-1
15
18
32
41
37
26
-12
-19
-25
-27
-23
-26
-33
-26
-23
-12
-15
-13
5
5
24
23
22
30
28
15
12
-2
-20
-18
-12
-14
-13
-24
-20
-2
2
11
9
19
32
17
9
0
6
-2
-13
-2
-2
-8
-10
-13
-21
-32
-18
-5
-1
24
24
42
45
31
32
28
25
14
11
4
-14
-17
-17
-15
0
0
11
6
15
36
18
23
41
46
52
53
45
25
14
10
-17
-25
-19
-5
-2
1
-10
-16
-19
-12
-2
-12
-24
-19
-32
-27
-14
-9
3
5
-3
-14
-16
-16
-7
-4
-27
-31
-14
-35
-28
-14
-19
-18
-16
-20
-9
-15
-20
4
34
30
29
36
35
50
42
34
26
9
15
5
-5
-13
-21
-11
-16
-15
-17
-8
8
18
16
26
39
42
23
8
-5
-9
1
-7
-10
-16
-25
-44
-36
-25
-19
-17
-9
-9
-16
-11
0
2
6
28
32
48
40
30
17
-9
-10
-11
-17
-22
-35
-28
-22
-20
-9
-3
16
17
20
18
20
23
23
35
36
25
18
12
9
-8
-33
-22
-14
-17
12
34
36
26
30
27
26
19
12
7
9
26
35
43
25
-2
11
17
20
21
12
25
31
25
25
8
17
12
10
16
17
14
9
13
11
-1
6
21
17
3
4
19
2
0
3
-7
-22
-22
-9
-22
-19
6
13
4
-4
-5
0
-10
-12
-18
-17
-6
-4
-6
-10
-12
-7
0
4
4
-4
-11
-12
-18
-21
-19
-20
-3
13
12
10
9
4
26
37
35
24
16
13
9
11
-3
-17
-7
-17
-7
-10
-19
-6
-5
14
13
11
5
-11
-8
0
-1
-11
-19
-22
-17
-6
-22
-42
-56
-52
-28
-5
2
-5
-7
-3
-8
-7
0
-20
-29
-35
-31
-38
-35
-19
-22
-16
-12
-3
-11
-8
7
-4
-15
-7
-14
-13
-6
-13
-20
-17
-31
-39
-45
-20
-19
-3
0
4
5
12
10
-3
-8
-30
-39
-37
-25
-27
-18
-5
-13
-23
-4
-9
-10
-16
-22
-38
-49
-50
-52
-61
-55
-54
-41
-37
-35
-39
-35
-21
-27
-40
-30
-43
-46
-41
-37
-36
-38
-35
-48
-49
-26
-21
26
51
64
79
87
85
68
59
60
34
34
29
9
-1
-16
-20
-19
-36
-36
-22
3
29
44
63
96
116
119
129
130
134
165
167
160
169
194
202
193
199
215
256
313
375
444
482
516
553
588
633
672
715
778
863
971
1082
1204
1314
1437
1580
1693
1804
1898
1968
1943
1775
1608
1507
1499
1545
1529
1316
770
24
-835
-1733
-2629
-3503
-4303
-5012
-5619
-6268
-6786
-6919
-6723
-6334
-5816
-5182
-4466
-3693
-2939
-2241
-1586
-920
-331
144
557
868
1077
1336
1641
1825
1889
1915
1947
1941
1899
1865
1842
1758
1666
1584
1515
1424
1255
1048
844
690
602
519
472
449
441
430
427
397
318
277
258
205
197
193
182
153
108
38
-53
-128
-196
-247
-258
-281
-291
-289
-264
-221
-167
-115
-83
-44
-12
19
38
44
58
67
82
125
150
156
156
152
133
126
134
145
129
106
78
66
57
43
39
27
22
3
-14
-25
-55
-84
-96
-105
-113
-131
-124
-124
-123
-113
-124
-104
-82
-66
-57
-41
-44
-51
-40
-45
-61
-66
-82
-78
-79
-66
-54
-76
-79
-59
-49
-42
-31
-39
-53
-48
-55
-72
-79
-86
-87
-66
-66
-72
-76
-65
-56
-52
-43
-40
-37
-26
-15
-28
-80
-153
-222
-273
-339
-405
-470
-545
-581
-560
-493
-364
-186
41
325
623
878
1047
1090
1072
1022
927
816
668
507
362
232
96
-34
-142
-199
-216
-224
-219
-221
-211
-184
-157
-160
-157
-133
-113
-97
-82
-70
-42
-21
-33
-59
-67
-53
-59
-84
-103
-113
-94
-95
-90
-72
-61
-41
-29
-22
-12
-10
10
13
28
37
29
36
31
36
35
21
30
28
18
22
20
19
12
15
6
8
30
36
42
49
63
57
49
70
73
80
96
110
137
181
217
239
255
294
321
366
417
438
459
464
462
457
426
392
340
314
269
226
200
176
163
145
103
53
16
-2
-65
-164
-248
-332
-406
-483
-533
-579
-619
-660
-738
-872
-1066
-1277
-1493
-1705
-1856
-1914
-1944
-1988
-2051
-2066
-2013
-1939
-1887
-1808
-1675
-1499
-1273
-1041
-752
-302
268
921
1830
2903
3938
4874
5825
6760
7410
7597
7343
6858
6149
5338
4645
3990
3091
2171
1376
527
-318
-973
-1244
-1242
-1272
-1549
-1787
-1719
-1564
-1525
-1693
-1925
-2168
-2351
-2367
-2250
-2137
-2159
-2229
-2208
-2060
-1918
-1850
-1746
-1516
-1281
-1081
-878
-517
-3
581
1077
1527
1967
2367
2713
2906
3032
3170
3232
3182
3043
2837
2539
2089
1535
926
399
7
-224
-313
-333
-214
28
229
312
243
134
92
64
-205
-822
-1565
-2245
-2685
-2858
-2911
-2832
-2687
-2528
-2327
-2127
-1985
-1908
-1826
-1737
-1631
-1503
-1370
-1231
-1096
-978
-867
-759
-657
-550
-473
-418
-343
-281
-245
-214
-180
-157
-153
-149
-143
-130
-124
-133
-127
-120
-121
-122
-111
-99
-71
-55
-35
-20
-16
-14
-17
-15
-4
-15
-21
-23
-16
-5
-24
-5
13
6
11
1
11
37
56
53
43
44
46
50
55
53
55
55
56
60
45
43
42
35
47
56
70
78
86
94
93
85
74
77
71
69
68
65
65
57
49
53
44
45
25
15
16
22
23
8
19
30
8
8
29
41
38
26
18
4
-4
-3
-8
-23
-37
-46
-54
-52
-45
-61
-55
-51
-50
-21
-5
-2
5
7
2
1
24
38
20
3
-5
-2
-6
-3
-9
-13
-7
0
9
-5
-5
25
53
55
55
59
69
65
66
72
82
80
80
77
62
56
66
64
79
97
103
117
111
111
115
116
135
139
153
146
144
145
143
134
116
115
108
91
86
78
86
109
124
128
128
138
139
147
142
126
126
143
153
155
137
131
119
123
128
132
133
130
144
151
131
133
147
164
159
156
174
184
195
183
160
166
169
173
178
173
156
131
132
132
146
171
159
174
184
186
189
183
190
190
200
203
196
204
182
169
170
173
176
147
141
151
167
172
164
155
163
173
189
185
173
168
164
160
155
150
157
153
153
146
149
133
124
133
156
162
160
164
166
159
163
159
160
153
143
145
153
159
142
121
122
120
124
132
137
149
164
161
162
168
167
162
170
162
137
135
153
160
139
130
127
110
116
141
155
161
167
158
136
141
136
143
141
124
114
113
126
130
119
111
112
114
102
105
128
127
134
111
98
93
76
84
73
59
59
58
46
18
5
7
2
10
26
39
52
42
58
59
62
56
37
23
14
13
16
6
4
-5
-3
-11
-34
-38
-34
-36
-41
-36
-41
-41
-17
-24
-36
-34
-20
-3
-4
-2
2
-3
-3
-2
-5
-23
-30
-34
-41
-42
-48
-44
-51
-56
-42
-34
-31
-21
-15
-5
-24
-30
-36
-44
-49
-46
-60
-69
-78
-73
-87
-88
-104
-128
-130
-130
-120
-121
-127
-124
-130
-126
-132
-135
-135
-135
-129
-117
-82
-74
-84
-74
-92
-111
-109
-110
-125
-133
-141
-152
-135
-96
-97
-97
-84
-69
-56
-57
-64
-78
-85
-92
-107
-85
-76
-76
-66
-74
-63
-75
-85
-79
-89
-88
-83
-106
-126
-135
-127
-129
-120
-99
-110
-108
-125
-139
-146
-140
-138
-146
-144
-135
-128
-122
-130
-136
-135
-143
-163
-178
-175
-172
-157
-158
-145
-131
-131
-120
-117
-114
-101
-104
-99
-107
-108
-83
-75
-89
-88
-92
-91
-101
-105
-93
-69
-52
-54
-43
-53
-43
-43
-25
-18
-16
-19
-29
-33
-44
-49
-42
-50
-54
-48
-35
-24
-19
-12
-6
-5
-8
-18
-9
-2
-25
-28
-30
-13
-20
-50
-51
-38
-17
-22
-21
-7
4
7
-7
-8
12
13
17
22
30
15
2
0
-8
-8
-15
-34
-32
-27
-20
-8
-3
2
13
10
8
6
12
13
15
20
23
30
22
27
18
5
-2
4
3
2
-11
-6
1
16
14
28
41
39
40
23
31
37
26
23
0
-22
-28
-23
-21
-19
-31
-39
-26
-8
2
6
10
0
-4
0
6
6
3
-9
-30
-27
-41
-52
-52
-47
-25
-11
-3
1
14
41
35
21
18
21
19
9
-4
-8
-16
-12
-30
-44
-50
-58
-62
-65
-54
-36
-17
-27
-22
-8
6
8
4
-4
-22
-32
-26
-25
-38
-51
-51
-39
-56
-65
-51
-39
-37
-26
-15
-6
-2
10
15
-10
-17
-44
-45
-65
-67
-61
-54
-50
-49
-35
-20
-21
-10
-4
13
16
20
29
15
5
-2
-12
-29
-67
-87
-90
-77
-60
-28
17
50
74
75
59
32
20
18
8
-3
-12
-7
14
13
1
-6
-12
-6
-1
2
18
23
27
26
9
4
-1
-3
-6
-8
-1
-17
-21
-25
-21
-1
11
21
24
26
37
38
33
18
18
26
28
28
10
3
-4
-16
-38
-34
-30
-20
-17
-21
-13
-7
-3
-9
-9
-1
17
30
5
-11
-18
-35
-57
-46
-48
-56
-52
-53
-38
-42
-44
-24
-25
-20
-23
-25
-14
-6
-1
-15
-24
-15
-27
-30
-36
-37
-32
-31
-10
9
19
17
22
45
42
37
47
48
30
11
8
1
7
19
16
20
21
21
22
15
21
32
36
35
39
35
49
54
43
36
26
5
7
8
4
10
11
33
34
21
39
47
36
23
16
22
25
45
42
24
23
6
0
-17
-22
-17
-17
-9
-21
-20
2
12
21
21
25
31
24
18
-17
-19
-25
-19
-15
-37
-58
-54
-48
-44
-35
-20
-17
-23
-19
-25
-18
-13
-10
-7
-14
-4
-10
-23
-37
-52
-56
-68
-69
-66
-60
-57
-52
-41
-45
-44
-30
-24
-17
-23
-38
-46
-52
-44
-43
-51
-70
-83
-82
-96
-100
-99
-100
-103
-105
-76
-64
-60
-51
-54
-44
-63
-73
-68
-71
-64
-74
-100
-109
-115
-96
-74
-61
-52
-64
-66
-56
-42
-27
-14
-14
-25
-30
-26
-16
-13
-22
-30
-46
-51
-59
-63
-55
-41
-37
-36
-29
-10
4
3
6
22
27
31
23
23
20
9
-4
-4
-10
-30
-33
-26
-19
-3
3
20
19
19
29
27
18
35
44
29
23
16
3
8
20
30
27
16
3
8
40
49
53
70
54
49
43
35
34
35
32
19
18
7
-4
20
21
29
40
44
52
44
49
51
48
54
44
29
39
28
25
30
39
33
18
5
4
15
36
39
30
27
38
41
39
40
31
36
30
27
22
11
2
4
-3
5
16
30
24
21
1
5
30
29
37
32
22
15
24
32
25
24
19
-11
-12
-15
-13
-13
2
17
12
26
34
38
40
35
35
20
15
19
15
3
8
17
17
6
3
9
28
29
31
35
45
37
29
13
6
13
17
8
-15
-17
-9
0
6
-3
2
13
32
52
51
47
51
54
47
42
47
45
37
22
8
13
4
10
5
3
5
5
24
28
39
37
43
47
37
33
30
42
54
33
13
3
7
11
1
7
10
18
6
-7
14
26
37
30
1
-9
6
19
8
8
-16
-45
-38
-44
-62
-49
-50
-43
-49
-46
-15
-18
4
15
10
7
6
15
15
4
2
-22
-25
-26
-33
-34
-26
-11
-2
2
0
4
18
18
5
2
-1
-9
-22
-17
-23
-31
-36
-42
-55
-37
-26
-30
-41
-40
-40
-38
-46
-38
-33
-32
-27
-27
-37
-56
-61
-66
-71
-69
-63
-63
-56
-69
-63
-54
-53
-54
-58
-68
-75
-90
-91
-95
-94
-82
-87
-68
-49
-42
-46
-38
-31
-47
-62
-80
-88
-101
-119
-120
-106
-97
-86
-87
-86
-79
-78
-62
-60
-48
-43
-43
-54
-63
-46
-46
-50
-45
-38
-32
-33
-49
-74
-56
-36
-39
-30
-34
-29
-23
-29
-27
-27
-14
4
10
19
25
18
29
38
38
32
20
20
10
11
-3
-2
3
-1
-14
-17
-5
1
10
22
22
25
40
53
63
77
95
99
102
108
98
105
127
150
150
155
177
186
199
209
229
268
324
369
422
482
530
555
582
592
619
655
698
778
852
940
1014
1080
1169
1219
1241
1237
1239
1216
1117
1034
1054
1130
1243
1344
1389
1343
1188
980
687
263
-199
-582
-899
-1215
-1542
-1870
-2194
-2428
-2559
-2628
-2662
-2634
-2509
-2349
-2164
-1949
-1725
-1531
-1381
-1260
-1133
-1025
-932
-813
-603
-370
-195
-91
-12
31
23
36
35
40
63
107
172
163
136
138
147
176
195
201
239
286
308
307
321
320
294
286
279
274
273
271
263
230
173
109
57
11
-32
-56
-79
-96
-113
-124
-134
-134
-104
-73
-72
-72
-79
-71
-71
-76
-60
-42
-7
15
28
46
63
84
85
68
81
68
52
53
34
-32
-108
-195
-303
-393
-460
-499
-514
-525
-532
-515
-497
-466
-469
-493
-511
-528
-550
-578
-613
-603
-554
-470
-396
-347
-297
-258
-197
-146
-120
-100
-80
-56
-36
-14
9
26
57
76
89
99
110
107
114
133
135
133
136
131
128
135
123
111
101
97
86
94
95
91
92
107
103
87
56
17
-51
-100
-155
-244
-340
-424
-531
-678
-841
-1005
-1158
-1290
-1415
-1486
-1416
-1125
-481
412
1482
2404
2913
2985
2721
2299
1814
1289
785
392
135
-53
-196
-304
-375
-400
-407
-398
-398
-374
-334
-292
-242
-187
-158
-133
-115
-85
-76
-57
-42
-41
-39
-50
-58
-51
-50
-62
-76
-67
-73
-76
-73
-59
-52
-47
-50
-28
-11
7
21
35
59
66
70
73
69
76
71
58
49
35
14
-1
-14
-20
-20
-14
-22
-3
-2
-1
-13
-5
19
29
42
51
80
109
131
153
172
183
210
215
199
198
197
188
146
92
28
-30
-79
-120
-172
-233
-268
-306
-368
-428
-509
-592
-673
-784
-928
-1065
-1161
-1253
-1365
-1485
-1575
-1655
-1755
-1866
-2014
-2237
-2527
-2845
-3165
-3497
-3758
-3914
-4034
-4174
-4328
-4461
-4522
-4628
-4783
-4909
-4945
-4917
-4938
-5015
-5015
-4857
-4586
-4186
-3358
-2307
-1257
-219
945
2318
3629
4758
5836
7007
8245
9134
9199
8884
8616
8058
7124
5637
3973
2671
1681
954
300
-606
-1703
-2252
-2563
-3137
-3894
-4660
-5103
-4988
-3984
-2401
-1102
-443
-153
83
500
1095
1839
2742
3628
4565
5700
7174
8717
10010
10708
10697
10159
9349
8552
7877
7430
6998
6428
5752
5014
4201
3260
2282
1257
202
-850
-1933
-2799
-3303
-3476
-3431
-3326
-3192
-3182
-3207
-3195
-3198
-3124
-2942
-2840
-2761
-2736
-2867
-2970
-2911
-2727
-2520
-2312
-2137
-1992
-1876
-1755
-1658
-1585
-1522
-1452
-1393
-1327
-1246
-1141
-1026
-923
-829
-711
-602
-494
-401
-295
-213
-145
-77
-33
8
39
42
36
23
3
-19
-32
-66
-103
-132
-164
-172
-198
-227
-252
-265
-282
-287
-294
-295
-278
-250
-235
-213
-185
-171
-136
-109
-82
-41
-14
13
42
63
71
73
67
81
82
61
59
73
65
60
54
43
29
14
-4
-9
-19
-40
-61
-82
-108
-105
-106
-94
-92
-93
-88
-83
-77
-67
-63
-37
-16
-6
-8
-11
0
2
4
9
-6
0
12
18
25
20
8
-7
-9
-6
-26
-22
-25
-22
-24
-16
-1
4
18
16
14
-6
-32
-34
-21
-13
-13
-30
-36
-52
-59
-44
-42
-38
-19
-2
-4
-3
18
18
31
39
33
28
39
36
27
17
17
-5
-6
-23
-25
-10
-11
-4
-19
-20
-11
-10
3
-3
-3
4
5
0
-18
-10
-23
-44
-41
-48
-59
-67
-44
-31
-31
-16
-19
-35
-26
-15
-21
-17
-3
-7
-23
-26
-38
-35
-40
-61
-64
-46
-29
-28
-43
-39
-37
-28
-29
-10
3
15
13
5
1
-7
-17
-26
-43
-50
-65
-86
-82
-90
-96
-91
-102
-109
-82
-67
-50
-35
-12
-23
-21
-13
-34
-35
-46
-49
-44
-57
-66
-73
-72
-78
-98
-103
-118
-113
-98
-72
-62
-64
-56
-60
-54
-58
-66
-71
-72
-78
-90
-106
-109
-114
-118
-127
-138
-139
-126
-115
-108
-109
-92
-83
-79
-93
-105
-112
-118
-126
-142
-149
-158
-172
-174
-173
-172
-162
-176
-163
-181
-199
-200
-196
-191
-184
-182
-193
-205
-211
-205
-182
-177
-195
-209
-226
-243
-260
-270
-276
-293
-290
-288
-305
-307
-303
-291
-292
-292
-296
-297
-295
-285
-273
-257
-270
-287
-289
-279
-287
-303
-303
-311
-298
-294
-293
-281
-286
-275
-257
-236
-227
-222
-211
-195
-194
-189
-202
-196
-203
-216
-227
-237
-229
-204
-174
-184
-190
-199
-197
-185
-178
-181
-180
-185
-198
-199
-202
-190
-178
-164
-170
-169
-166
-169
-176
-164
-152
-157
-162
-128
-107
-96
-75
-62
-49
-43
-35
-17
21
51
45
56
73
83
88
87
84
85
101
115
121
130
129
136
148
153
153
142
160
174
176
189
212
223
223
228
227
240
258
265
276
288
286
300
291
274
243
219
225
230
246
267
286
300
304
310
319
317
332
325
322
329
339
311
286
290
288
283
286
266
270
283
285
289
298
309
295
304
325
311
323
322
327
340
315
302
299
307
321
307
313
321
329
338
347
363
379
380
381
377
377
378
386
375
358
333
315
309
311
315
307
290
297
309
322
321
315
314
322
333
321
317
326
311
303
263
244
258
249
245
242
229
230
218
211
204
208
218
200
201
211
211
214
213
213
208
207
187
158
135
132
132
121
118
115
121
124
115
113
102
83
83
94
101
105
114
108
88
73
60
45
39
54
66
55
43
54
66
73
80
85
76
79
88
61
40
46
38
38
37
23
34
31
35
30
23
28
29
34
40
44
53
53
49
39
34
10
-8
-17
-19
-14
-17
-9
1
-14
-27
-14
0
5
-8
-3
17
25
34
36
39
26
21
27
17
21
37
52
51
48
34
24
34
55
83
100
103
104
92
100
116
123
128
122
109
105
109
100
88
89
101
89
92
83
75
87
98
87
94
120
149
137
132
126
108
92
70
61
52
42
31
16
13
14
10
7
24
39
44
65
52
56
57
64
62
48
43
27
12
-2
-7
-12
-15
-21
-22
-43
-35
-50
-44
-46
-59
-85
-89
-100
-119
-140
-158
-176
-201
-214
-222
-210
-212
-210
-190
-164
-135
-101
-79
-61
-62
-62
-52
-51
-58
-55
-44
-43
-38
-39
-51
-63
-68
-57
-54
-53
-66
-67
-69
-74
-64
-39
-13
0
-13
-10
-7
-20
-31
-58
-77
-96
-116
-129
-150
-170
-191
-195
-197
-218
-230
-239
-246
-229
-219
-202
-198
-186
-159
-162
-153
-147
-146
-137
-129
-122
-124
-123
-130
-125
-115
-99
-96
-88
-87
-89
-93
-95
-110
-120
-121
-132
-129
-122
-107
-106
-100
-84
-91
-90
-84
-63
-54
-36
-31
-51
-58
-53
-76
-89
-112
-121
-122
-136
-127
-121
-118
-140
-147
-147
-137
-125
-106
-99
-94
-75
-80
-79
-81
-72
-58
-66
-77
-73
-70
-79
-84
-85
-96
-92
-95
-95
-76
-53
-40
-44
-41
-39
-35
-31
-40
-32
-7
-14
-42
-45
-38
-49
-55
-53
-56
-47
-36
-19
-2
0
-1
-20
-16
-7
-9
-20
-29
-16
-31
-50
-59
-59
-54
-59
-64
-50
-30
-14
-16
2
27
27
23
22
17
19
5
-6
-11
-14
-20
-22
-23
-33
-38
-33
-26
-11
7
20
22
17
28
35
37
41
29
27
44
53
34
21
15
25
20
16
25
37
40
51
44
44
34
35
44
54
62
67
73
75
61
58
61
52
60
62
53
47
48
52
53
71
77
66
75
103
109
99
105
109
110
107
83
71
69
61
54
49
59
58
50
59
56
44
38
49
75
94
104
91
70
65
69
43
36
46
29
29
36
18
4
5
9
17
20
19
18
24
54
65
68
50
40
37
36
33
25
28
13
9
9
11
4
20
24
14
13
27
49
65
70
66
51
54
59
50
52
34
17
9
3
-3
1
3
-3
18
19
11
13
15
16
27
50
37
42
40
31
35
22
28
27
18
9
6
3
4
8
30
42
46
38
45
44
43
50
32
14
-19
-40
-54
-55
-69
-81
-70
-68
-72
-58
-58
-61
-62
-57
-28
-27
-27
-30
-41
-40
-35
-26
-31
-39
-27
-4
-6
-32
-36
-32
-20
-24
-17
5
21
13
26
45
62
76
72
74
81
83
74
81
93
86
77
65
55
58
61
74
57
22
18
27
50
59
59
55
64
58
41
42
40
23
41
42
39
32
24
26
20
34
51
37
26
22
25
33
49
67
73
76
71
71
51
45
33
33
29
16
3
-5
-10
-3
-1
-25
-3
15
22
26
41
45
49
53
60
60
76
65
28
7
16
29
12
-3
-10
-21
-8
0
15
14
10
1
-7
0
-3
-9
-1
2
-2
-7
-6
-1
-6
-12
-24
-29
-15
-3
-2
-3
-2
-1
8
10
-4
-4
4
-7
-7
-14
-19
-45
-50
-38
-38
-39
-41
-39
-28
-5
11
13
19
12
-4
-11
-19
-27
-31
-32
-35
-44
-35
-37
-38
-34
-21
-27
-26
-28
-28
-12
11
15
13
6
-15
-22
-9
-7
-9
-17
-21
-35
-21
-23
-20
-19
-22
-27
-10
1
18
13
8
-1
0
16
5
-7
-3
-13
-9
-27
-45
-56
-53
-50
-35
4
1
-5
0
5
30
30
17
17
28
23
12
-6
-16
-32
-42
-47
-31
-31
-24
-29
-24
-23
-31
-26
-26
-17
22
53
58
61
65
80
72
43
34
27
31
21
13
10
9
7
-12
-4
-4
8
24
20
35
55
84
91
88
95
98
119
138
137
140
136
155
184
192
193
182
183
192
204
217
244
276
315
345
383
424
450
480
493
518
548
594
642
709
786
860
941
1008
1059
1062
1033
999
945
872
807
805
865
964
1056
1092
1052
963
833
628
319
-4
-279
-538
-824
-1130
-1450
-1766
-2006
-2123
-2209
-2270
-2259
-2172
-2044
-1912
-1765
-1613
-1489
-1384
-1309
-1221
-1120
-967
-795
-617
-449
-276
-143
-78
-55
-16
5
22
58
103
158
174
149
117
81
107
156
178
220
270
294
312
319
310
276
267
264
267
267
264
258
232
207
156
113
73
18
-37
-83
-94
-106
-127
-133
-140
-121
-90
-79
-64
-82
-93
-81
-77
-45
-19
-8
3
10
5
-12
-13
-3
-1
7
-1
-9
-7
3
18
23
11
-11
-14
-13
-14
-6
-6
-6
-17
-26
-24
-27
-29
-22
-15
-10
4
10
7
10
18
16
22
12
-10
-21
-20
-10
-2
-13
-23
-24
-13
-15
-8
-3
0
15
17
4
8
14
-2
-11
-18
-14
-15
-22
-17
-8
-7
-2
2
-1
0
3
13
35
39
10
-27
-79
-138
-210
-274
-360
-459
-562
-663
-771
-922
-1055
-1133
-1162
-1101
-905
-533
-74
490
1068
1570
1909
1982
1911
1709
1429
1122
809
496
227
23
-107
-202
-276
-332
-353
-364
-361
-339
-320
-294
-256
-229
-208
-165
-119
-92
-64
-49
-47
-53
-41
-39
-31
-37
-33
-26
-31
-36
-57
-63
-48
-49
-49
-34
-27
-22
-5
25
36
41
49
47
76
85
72
54
32
18
-12
-42
-96
-146
-189
-222
-217
-199
-172
-128
-107
-70
-51
-39
-31
-33
-32
-8
17
42
73
104
127
168
230
285
333
354
377
395
403
385
351
315
265
221
166
99
59
17
-38
-95
-163
-252
-341
-397
-467
-566
-695
-836
-964
-1072
-1183
-1300
-1398
-1486
-1604
-1724
-1902
-2187
-2518
-2872
-3229
-3542
-3745
-3871
-4030
-4205
-4360
-4478
-4562
-4657
-4703
-4722
-4747
-4755
-4775
-4784
-4646
-4314
-3882
-3043
-1805
-541
703
2042
3659
5361
6703
7742
8851
10036
10751
10618
9978
9186
8164
7172
5753
3980
2519
1558
1008
526
-282
-1456
-2201
-2475
-2926
-3575
-4286
-4776
-4847
-4297
-3115
-1935
-1293
-1117
-1105
-965
-649
-381
-50
465
1052
1648
2450
3533
4880
6290
7349
7863
7999
7907
7742
7495
7091
6637
6119
5428
4569
3629
2642
1621
543
-564
-1483
-2089
-2392
-2469
-2461
-2386
-2351
-2304
-2239
-2214
-2184
-2065
-1940
-1892
-1990
-2282
-2597
-2773
-2761
-2640
-2489
-2335
-2187
-2067
-1931
-1812
-1774
-1775
-1753
-1702
-1616
-1523
-1403
-1266
-1142
-1002
-859
-721
-597
-479
-386
-320
-248
-178
-118
-64
-21
19
46
49
47
23
14
7
-17
-33
-45
-61
-88
-99
-117
-149
-194
-231
-246
-264
-282
-267
-252
-235
-235
-233
-215
-186
-148
-121
-85
-66
-43
-9
24
44
54
60
63
65
66
54
60
55
39
40
48
37
29
36
34
5
1
11
5
5
1
13
8
-2
-4
12
30
31
34
50
49
28
28
41
54
40
30
22
18
23
29
34
36
46
44
41
53
47
26
18
16
26
19
17
25
33
24
12
35
34
26
36
36
22
14
18
21
29
36
42
50
55
50
57
64
70
84
75
65
58
55
61
60
48
42
54
62
57
69
76
78
85
79
70
56
55
40
44
48
41
36
37
52
51
54
64
62
58
71
85
85
90
96
88
58
48
36
51
56
52
58
67
76
68
66
61
79
100
98
91
73
72
60
53
55
46
31
25
25
20
34
43
44
49
61
77
90
97
94
94
91
82
82
80
78
79
71
57
57
67
47
32
41
50
51
58
61
63
77
91
104
109
91
98
99
81
87
94
95
89
76
65
49
41
47
51
61
60
61
86
99
121
120
125
148
143
143
127
112
104
109
107
98
85
72
74
101
100
94
104
125
125
119
123
117
108
107
106
108
118
115
95
98
89
67
49
48
56
49
62
75
65
78
93
94
102
111
107
102
95
72
54
54
47
30
28
19
21
21
12
1
10
23
21
18
32
42
40
41
35
47
50
48
24
3
7
13
13
5
-2
-3
-6
17
23
23
19
4
29
65
89
96
87
89
77
73
73
69
58
69
70
69
81
89
96
97
96
99
118
122
138
135
135
137
121
124
106
85
65
64
79
73
69
43
37
47
45
36
43
43
39
35
38
30
37
62
62
66
72
87
90
64
54
61
54
55
53
82
96
106
106
100
114
122
125
134
147
157
168
182
188
191
201
174
167
159
141
142
153
162
144
138
147
145
148
138
142
145
124
108
93
99
102
101
83
78
83
79
73
70
59
49
52
62
73
79
80
69
53
51
26
36
39
33
25
11
29
51
34
23
25
36
41
41
35
14
11
14
5
-15
-25
-25
-9
-12
-21
-19
-22
-16
-7
-8
-17
-13
-30
-26
-49
-48
-45
-61
-77
-88
-70
-41
-34
-17
-18
-16
3
-5
-22
-39
-47
-44
-41
-35
-25
-25
-22
-15
-10
1
10
0
14
19
21
28
36
28
8
-15
-8
-16
-18
-23
-30
-29
-14
3
-7
-2
0
-6
13
27
18
11
14
2
-6
-6
-10
-15
21
18
6
-5
-7
8
0
-8
-9
3
21
25
29
35
32
4
-9
10
15
7
5
-13
-26
-28
-25
-24
-18
-22
-18
-8
10
14
19
33
26
19
27
25
0
-9
-10
-23
-34
-37
-18
-11
-7
-5
-18
-8
21
25
32
35
36
16
-4
3
-3
-16
-25
-46
-55
-61
-38
-26
-34
-37
-27
-10
-16
-1
21
27
20
6
-14
-28
-23
-11
-24
-35
-46
-49
-62
-57
-57
-58
-41
-42
-49
-40
-7
11
9
12
17
-4
-5
-22
-30
-32
-57
-68
-66
-68
-65
-74
-71
-46
-45
-37
-31
-21
-28
-17
-10
-19
-11
-14
-26
-29
-36
-49
-50
-52
-53
-54
-50
-52
-38
-25
-17
-16
-24
-23
-13
-18
-36
-61
-56
-58
-63
-76
-87
-79
-90
-94
-91
-94
-93
-82
-80
-79
-75
-52
-45
-41
-54
-60
-56
-54
-39
-39
-33
-20
-20
-19
-43
-73
-92
-112
-113
-111
-95
-47
-17
6
37
43
47
44
42
25
4
0
-11
-20
-21
-5
8
-8
-26
-50
-46
-46
-45
-40
-41
-44
-40
-39
-35
-47
-61
-74
-65
-53
-50
-39
-45
-49
-48
-32
-24
-29
-25
-43
-38
-16
-20
-39
-57
-50
-37
-38
-31
-54
-61
-37
-19
-10
-28
-48
-52
-44
-20
-7
-9
-2
-7
-12
-17
-17
-22
-25
-27
-48
-46
-52
-60
-68
-72
-67
-61
-52
-40
-49
-64
-52
-41
-29
-31
-25
-45
-66
-58
-65
-70
-68
-45
-50
-63
-52
-62
-45
-32
-27
-25
-14
-14
-35
-44
-43
-37
-36
-32
-31
-33
-31
-26
-33
-14
-15
-17
-24
-17
-1
2
6
11
-4
-23
-30
-36
-48
-65
-69
-61
-48
-26
-15
-14
-22
-22
-7
-1
0
-6
4
-8
-23
-31
-34
-43
-50
-67
-72
-79
-74
-84
-77
-70
-66
-47
-37
-32
-17
-19
-27
-26
-35
-45
-42
-44
-55
-74
-73
-62
-56
-67
-75
-74
-79
-77
-60
-54
-45
-29
-18
-26
-31
-51
-69
-67
-69
-71
-65
-61
-56
-46
-30
-30
-30
-25
-7
9
-7
-7
-16
-27
-26
-17
-20
-14
-21
-36
-52
-47
-43
-22
4
0
-1
7
12
12
10
16
1
-1
0
-9
-8
-10
-20
-23
-28
-22
-20
-16
-8
0
12
27
14
19
29
8
-9
-13
-27
-49
-38
-38
-35
-11
-2
-6
15
18
8
-6
8
8
1
0
-4
1
-8
-12
-16
-26
-35
-18
3
14
33
35
40
42
23
17
7
9
5
9
6
-4
-17
-31
-43
-27
-17
-22
-3
20
21
31
51
45
35
38
24
34
38
32
19
-12
-19
-25
-23
-28
-32
-19
5
16
20
31
50
47
53
52
47
43
46
54
53
55
49
39
30
10
10
15
29
44
32
43
63
46
42
46
28
27
26
40
38
21
14
13
16
0
3
9
19
18
17
19
18
32
48
32
17
17
20
27
15
9
-4
-22
-36
-32
1
9
9
17
9
17
24
52
70
61
30
37
49
44
34
20
12
14
10
9
15
21
39
28
21
23
29
40
40
33
38
33
35
29
33
31
9
7
17
17
16
31
43
52
48
48
28
20
7
15
30
52
50
17
7
9
15
20
9
16
25
26
22
17
32
38
44
38
20
11
2
-3
-11
-28
-36
-40
-43
-53
-47
-44
-33
-25
-22
-24
-24
-25
-6
-11
-13
6
15
10
-7
-20
-26
-43
-44
-51
-67
-79
-67
-40
-40
-31
-12
-13
-8
9
13
13
11
25
8
6
1
-1
-1
-13
-21
-25
-33
-46
-42
-44
-41
-32
-20
-9
13
26
27
18
11
12
7
12
-1
-15
-16
-24
-9
-5
-10
-11
-22
-1
25
29
25
28
14
3
10
18
-6
-24
-41
-29
-25
-29
-30
-25
-7
-1
-11
2
13
20
28
35
29
9
11
-2
-14
-12
-15
-10
0
-4
-31
-24
5
4
3
1
1
-9
-10
9
9
-10
0
-6
-12
-17
-6
3
-5
-1
-7
-15
-26
-25
-9
2
-12
-10
-21
-11
-5
1
-4
-17
-4
13
-3
9
43
52
42
55
75
72
67
45
42
31
18
4
-16
-14
-4
0
-2
1
24
40
63
87
97
124
152
166
187
200
217
240
262
260
244
241
240
247
238
254
304
350
390
438
502
566
620
652
666
687
715
759
802
853
955
1092
1219
1349
1488
1622
1714
1779
1804
1815
1768
1665
1645
1776
1945
2067
2072
1898
1510
948
217
-662
-1617
-2610
-3611
-4588
-5424
-6001
-6163
-6063
-5825
-5467
-4920
-4227
-3548
-2918
-2258
-1646
-1177
-792
-452
-212
-14
230
516
746
898
1017
1118
1169
1184
1195
1192
1118
1056
1001
961
898
777
640
531
432
401
373
360
370
383
370
359
327
285
267
258
245
248
239
211
177
129
76
2
-63
-123
-180
-206
-226
-242
-281
-288
-256
-200
-161
-138
-100
-80
-76
-69
-41
-16
20
28
37
45
66
88
98
102
103
98
95
89
104
89
79
65
67
72
63
65
53
38
34
13
-6
-30
-28
-31
-46
-35
-28
-36
-28
-32
-37
-33
-17
-9
-18
0
6
3
-19
-38
-41
-47
-48
-56
-59
-53
-62
-68
-51
-41
-31
-32
-23
-25
-11
-2
-15
-13
-7
-17
-23
-27
-26
-43
-34
-19
-22
-12
-3
-1
-5
-12
-47
-130
-211
-278
-340
-416
-512
-589
-653
-709
-727
-690
-557
-360
-54
323
689
1004
1189
1243
1228
1162
1043
879
690
510
349
202
51
-84
-181
-230
-244
-263
-281
-267
-253
-230
-214
-194
-172
-154
-130
-119
-93
-80
-84
-81
-76
-73
-73
-85
-83
-92
-98
-122
-117
-99
-92
-89
-94
-92
-85
-63
-51
-48
-16
-1
-5
4
16
28
26
16
24
29
20
20
26
26
2
-5
-10
5
8
8
26
32
42
36
31
36
42
48
48
54
66
91
139
162
203
249
273
308
338
379
419
440
462
478
481
483
442
421
394
372
333
300
277
236
217
199
156
135
127
115
78
7
-91
-176
-228
-284
-350
-390
-418
-458
-527
-650
-834
-1034
-1222
-1379
-1496
-1567
-1607
-1674
-1757
-1802
-1762
-1694
-1644
-1567
-1457
-1316
-1100
-847
-553
-101
455
1078
1970
2962
3898
4748
5568
6344
6836
6920
6616
6100
5424
4658
4008
3392
2581
1706
962
183
-626
-1241
-1512
-1490
-1496
-1664
-1779
-1579
-1306
-1202
-1305
-1472
-1660
-1835
-1911
-1892
-1896
-1999
-2077
-2079
-1966
-1841
-1801
-1698
-1463
-1235
-1037
-823
-498
-62
383
760
1090
1407
1692
1933
2063
2166
2278
2317
2321
2315
2281
2216
2001
1621
1194
806
475
239
117
107
233
535
786
875
797
679
613
578
297
-348
-1137
-1862
-2356
-2584
-2688
-2680
-2569
-2425
-2248
-2043
-1898
-1823
-1759
-1696
-1602
-1503
-1390
-1278
-1151
-1026
-914
-789
-671
-562
-477
-414
-361
-321
-265
-234
-213
-190
-181
-171
-166
-165
-160
-139
-115
-111
-88
-67
-54
-39
-31
-12
-11
-9
20
23
18
15
16
7
9
16
17
-2
-16
-16
-16
-20
-2
11
8
4
16
19
29
28
35
49
50
45
62
64
46
41
22
18
9
5
14
25
29
28
45
70
66
74
60
59
62
51
33
8
-2
12
14
30
37
54
62
67
71
70
78
88
87
90
88
100
113
114
106
118
124
137
136
151
157
164
166
186
193
182
185
191
206
207
205
217
231
245
252
241
232
231
240
240
225
213
210
208
197
183
171
143
145
142
136
129
131
126
115
97
85
78
77
69
73
84
91
78
63
66
74
72
93
104
93
93
99
104
97
89
97
97
103
96
103
113
118
107
101
111
115
119
117
123
126
134
155
151
129
127
111
117
107
88
101
124
127
98
102
127
128
136
138
134
136
140
130
118
116
110
83
65
55
59
82
106
119
116
115
128
135
136
138
137
146
142
134
121
142
143
120
112
95
79
78
91
97
94
106
117
110
117
139
147
146
145
132
124
129
135
137
132
105
91
102
120
115
95
104
110
128
134
163
191
213
217
204
200
201
187
174
178
189
185
174
180
181
186
189
189
193
207
215
208
196
202
192
175
155
160
180
190
202
216
215
219
208
211
208
211
211
203
186
167
151
146
153
161
173
171
168
172
187
191
201
193
183
188
172
166
158
148
159
165
167
161
163
164
143
148
161
156
156
152
150
157
153
149
155
146
143
157
157
141
123
123
108
103
129
141
123
104
96
99
113
120
131
131
130
125
107
100
99
94
90
69
65
71
68
56
48
49
37
37
29
35
48
35
47
44
55
62
57
62
54
34
38
29
41
23
14
27
36
23
9
9
17
25
18
23
15
11
6
10
14
11
-3
-4
-9
-32
-44
-42
-52
-65
-72
-84
-100
-91
-100
-120
-132
-144
-150
-162
-181
-199
-206
-196
-183
-186
-193
-195
-169
-175
-181
-176
-177
-183
-180
-183
-184
-185
-178
-181
-190
-201
-223
-223
-213
-189
-188
-197
-197
-180
-168
-167
-164
-146
-145
-138
-135
-144
-155
-175
-173
-187
-191
-184
-200
-214
-208
-208
-203
-184
-178
-170
-170
-172
-175
-174
-185
-189
-195
-191
-192
-209
-199
-188
-181
-172
-171
-172
-170
-152
-136
-139
-138
-158
-173
-180
-172
-176
-191
-202
-202
-218
-217
-202
-198
-188
-178
-143
-136
-133
-124
-108
-102
-118
-113
-102
-81
-75
-94
-102
-89
-86
-90
-114
-121
-110
-98
-98
-102
-85
-97
-93
-83
-84
-70
-49
-37
-38
-41
-29
-37
-53
-70
-70
-78
-92
-89
-97
-81
-73
-72
-67
-55
-48
-49
-39
-20
-21
-21
-7
-8
-1
0
-10
-11
-8
-19
-37
-50
-59
-53
-35
-34
-40
-32
-19
-4
1
7
21
26
26
16
25
25
12
-3
-7
-15
-27
-33
-39
-29
-22
-27
-15
-2
7
10
5
7
-4
-2
7
-3
-12
-14
-15
-2
-7
1
5
19
26
21
26
23
28
30
13
-3
-4
-4
-26
-28
-21
-9
4
-10
-19
0
4
6
15
11
10
1
1
6
-9
-38
-48
-39
-26
-10
-10
-16
-10
-7
3
8
2
-7
-14
-12
-15
-19
-23
-38
-26
-28
-30
-23
-19
-4
19
22
-2
-30
-24
-26
-38
-62
-77
-71
-69
-59
-51
-45
-14
11
33
42
43
38
38
35
27
16
33
56
80
70
50
29
9
20
39
65
90
79
52
18
-17
-29
-37
-23
-9
17
60
95
117
118
111
84
56
36
-4
-19
-45
-44
-47
-60
-47
-33
-30
-21
-21
-6
5
11
19
37
69
72
62
61
58
52
42
48
39
39
58
63
64
64
64
57
46
34
46
54
54
52
51
53
46
45
51
58
52
54
57
60
57
44
44
51
29
24
11
5
-2
9
39
49
64
62
58
69
70
63
64
72
62
44
42
52
58
62
55
48
31
39
44
41
44
51
66
70
58
52
57
51
51
41
26
32
29
26
28
24
33
61
76
71
69
51
43
46
46
38
20
12
3
16
19
8
-7
10
25
20
37
70
73
92
98
87
76
66
66
60
57
48
30
27
9
-4
4
28
36
37
43
51
53
59
64
58
63
59
74
73
73
75
60
45
24
12
17
14
18
21
35
35
37
33
41
60
64
59
58
52
30
4
3
15
7
2
7
7
-9
-7
13
12
14
9
4
-6
-8
3
1
3
1
-18
5
12
12
22
31
42
49
50
42
46
38
23
21
17
17
8
5
-1
-9
-11
-2
4
7
3
14
24
24
35
21
24
16
8
-6
-23
-25
-39
-37
-26
-35
-32
-33
-50
-47
-35
-25
-17
-12
-1
9
11
-4
-12
-7
-2
4
-7
-12
-11
-5
23
10
-7
-8
0
17
13
19
15
3
14
28
34
37
25
3
-5
8
12
6
5
4
-1
-10
-11
-13
-28
-25
-27
-22
-16
-10
-3
-4
-3
3
2
10
1
-17
-40
-51
-36
-31
-31
-57
-61
-35
-34
-32
-15
-3
-5
9
14
-2
6
6
-10
-19
-34
-43
-44
-48
-48
-55
-64
-52
-49
-42
-43
-35
-28
-13
-14
-11
12
16
1
-8
-13
-21
-30
-38
-60
-66
-58
-55
-53
-39
-40
-35
-17
-4
11
13
19
31
43
37
19
5
-7
5
-16
-30
-31
-52
-74
-74
-55
-42
-34
-29
-36
-30
-30
-31
-20
-41
-42
-24
-25
-34
-45
-47
-56
-57
-60
-64
-64
-70
-51
-50
-63
-61
-55
-44
-26
-28
-26
-38
-35
-32
-41
-44
-63
-71
-67
-58
-44
-37
-20
-19
-14
-2
-17
-1
-2
-7
-7
-11
-21
-35
-43
-33
-23
-3
12
22
33
51
39
26
37
26
-15
-10
0
1
-6
-17
-13
-1
12
16
12
25
19
37
56
53
26
-1
-2
-14
-11
-9
-17
-5
-13
-6
2
3
25
27
37
44
40
40
36
21
4
-5
7
-5
-2
-22
-25
-19
-9
-8
-19
-8
17
18
16
20
32
42
36
26
14
9
9
-6
-3
1
-6
-7
-10
-10
-6
6
11
-8
-10
-10
-8
19
19
12
-13
-8
-2
2
-10
-10
-15
-26
-22
-23
-20
-7
-7
-10
-21
-28
-21
-9
-3
2
10
9
12
30
14
-8
-12
-23
-18
-39
-48
-42
-42
-22
-18
-11
6
20
24
18
11
-2
-19
-12
-5
-13
-32
-39
-45
-43
-54
-59
-54
-45
-48
-41
-48
-55
-49
-52
-56
-59
-67
-67
-75
-74
-70
-47
-61
-71
-67
-74
-57
-47
-41
-44
-51
-56
-59
-61
-57
-63
-44
-48
-52
-43
-14
26
18
9
17
26
42
31
23
8
-6
-18
-34
-26
-17
-22
-26
-23
-10
-5
12
39
60
66
60
60
65
67
83
108
131
133
143
160
153
150
145
131
132
157
221
275
326
382
443
506
575
616
646
676
715
752
787
869
950
1083
1213
1346
1504
1625
1671
1686
1693
1668
1487
1288
1213
1255
1271
1186
889
372
-313
-1148
-2047
-2953
-3892
-4870
-5826
-6627
-7112
-7051
-6580
-6067
-5499
-4812
-3978
-3172
-2484
-1791
-1034
-414
54
430
737
931
1112
1345
1573
1734
1804
1823
1808
1776
1776
1794
1751
1678
1606
1552
1442
1267
1057
841
694
610
570
547
517
490
468
441
410
327
271
249
223
223
226
203
164
141
93
12
-80
-155
-210
-250
-278
-299
-318
-295
-253
-194
-121
-73
-36
-25
-9
13
45
77
71
87
111
124
133
129
124
126
134
140
130
113
99
98
102
97
89
83
66
38
10
9
10
-12
-41
-58
-62
-77
-92
-82
-84
-80
-97
-107
-102
-86
-64
-56
-39
-24
-30
-27
-37
-53
-68
-73
-73
-89
-106
-113
-100
-71
-71
-73
-68
-57
-38
-31
-25
-42
-60
-78
-97
-111
-125
-138
-147
-148
-155
-165
-150
-152
-148
-132
-110
-101
-101
-108
-140
-222
-291
-354
-410
-442
-490
-534
-539
-475
-349
-200
1
201
432
664
840
934
927
887
819
731
647
540
421
309
197
67
-50
-120
-143
-158
-162
-168
-160
-134
-104
-79
-76
-60
-54
-26
-10
-12
-12
-4
-12
-18
-23
-28
-56
-85
-91
-90
-79
-85
-87
-93
-80
-54
-40
-22
-28
-6
16
26
36
31
43
42
21
24
19
12
19
11
0
-12
-16
-12
7
16
8
17
33
46
45
44
66
65
57
45
37
52
63
81
61
40
52
73
118
167
202
270
333
379
414
444
464
472
465
437
400
353
306
273
238
208
192
163
134
87
34
4
-22
-63
-157
-259
-336
-404
-451
-501
-544
-565
-573
-613
-731
-911
-1107
-1289
-1447
-1560
-1608
-1603
-1628
-1665
-1670
-1587
-1479
-1369
-1225
-1083
-891
-603
-251
138
638
1278
1929
2781
3763
4691
5539
6325
7054
7547
7621
7270
6590
5664
4670
3891
3294
2514
1558
709
-70
-837
-1526
-1886
-1897
-1792
-1830
-1940
-1814
-1483
-1211
-1093
-1105
-1140
-1253
-1389
-1458
-1500
-1618
-1747
-1788
-1738
-1660
-1640
-1637
-1509
-1319
-1144
-956
-682
-307
34
288
495
672
827
953
982
948
910
869
788
729
700
703
679
571
437
311
193
90
-17
-14
55
253
571
805
886
816
695
648
588
203
-415
-1063
-1613
-1936
-2102
-2221
-2209
-2098
-1957
-1756
-1551
-1414
-1345
-1266
-1212
-1159
-1061
-965
-884
-812
-751
-668
-569
-483
-416
-370
-335
-332
-325
-298
-297
-282
-277
-272
-252
-236
-226
-209
-192
-185
-172
-147
-132
-113
-95
-83
-52
-40
-10
20
32
36
51
60
49
62
61
49
51
54
59
67
66
74
66
70
68
68
74
72
73
88
82
63
57
50
75
91
88
78
74
74
80
82
70
79
78
84
99
114
97
95
109
100
86
83
76
67
60
47
53
52
46
28
41
56
34
36
42
48
63
87
110
91
79
77
49
39
36
44
42
31
22
13
3
-16
-19
5
18
18
28
42
50
52
71
64
58
59
42
41
38
38
36
22
25
24
33
22
18
18
26
36
44
50
53
52
59
51
53
57
41
18
2
4
8
8
20
18
16
19
26
36
34
36
54
39
44
46
64
70
71
65
42
24
11
14
32
38
46
57
56
68
69
90
95
98
105
99
108
104
101
97
82
68
49
50
43
41
54
67
90
89
88
95
95
99
117
121
118
113
111
100
98
94
68
66
71
73
82
86
87
80
79
99
87
93
86
82
95
93
97
93
99
95
72
72
64
61
65
74
89
82
84
93
100
107
101
106
126
127
138
134
143
130
122
109
93
90
94
101
110
119
124
126
142
153
145
140
160
190
199
189
186
171
152
136
128
125
127
123
114
116
124
117
140
136
128
135
138
159
161
151
138
129
112
106
88
90
101
105
104
108
113
107
113
125
127
126
129
124
128
136
122
102
90
76
71
58
51
64
77
90
83
83
99
110
116
122
137
122
104
109
94
86
81
73
66
65
60
57
69
76
64
82
90
90
96
111
130
134
131
109
86
85
93
96
97
95
90
63
71
65
78
88
89
96
107
117
125
119
117
97
89
99
108
107
106
91
89
82
61
39
31
23
25
34
21
11
7
5
11
16
26
31
41
40
13
8
3
-3
-19
-34
-44
-60
-73
-77
-72
-86
-126
-147
-140
-133
-131
-125
-121
-117
-100
-99
-119
-115
-123
-119
-115
-113
-116
-132
-138
-149
-147
-121
-130
-135
-134
-136
-129
-117
-113
-113
-114
-99
-93
-80
-91
-95
-86
-104
-110
-127
-126
-123
-126
-121
-116
-120
-109
-99
-72
-63
-62
-60
-85
-95
-108
-133
-148
-148
-144
-159
-161
-162
-170
-164
-170
-169
-160
-151
-142
-158
-152
-146
-153
-153
-142
-142
-157
-165
-179
-179
-163
-170
-185
-196
-210
-191
-164
-148
-152
-154
-146
-160
-138
-131
-130
-132
-145
-152
-160
-150
-142
-151
-148
-146
-132
-120
-113
-107
-118
-119
-87
-71
-63
-67
-83
-77
-78
-91
-88
-75
-77
-91
-95
-84
-73
-62
-61
-62
-54
-36
-31
-37
-40
-42
-62
-70
-63
-67
-68
-56
-56
-52
-44
-42
-49
-37
-31
-41
-26
-20
-38
-54
-71
-92
-91
-76
-64
-68
-59
-63
-68
-64
-58
-59
-58
-61
-60
-68
-58
-72
-89
-85
-81
-77
-87
-102
-96
-85
-79
-66
-49
-28
-22
-23
-23
-22
-22
-22
-27
-41
-55
-52
-51
-48
-56
-62
-53
-47
-35
-26
-13
-10
-1
19
30
30
22
22
23
-7
-4
-7
-4
-6
-23
-38
-53
-58
-45
-37
-21
-19
-9
3
10
1
-13
-23
-14
-15
-28
-37
-27
-15
-17
-18
-17
-17
-23
-32
-36
-22
-19
-29
-15
-19
-33
-47
-44
-39
-27
-30
-37
-34
-44
-42
-35
-42
-70
-83
-64
-54
-55
-66
-62
-76
-72
-54
-59
-67
-82
-96
-102
-82
-49
-42
-45
-49
-51
-50
-56
-33
-11
-7
-5
-37
-53
-83
-112
-108
-102
-96
-60
-7
30
45
64
85
101
110
91
79
63
44
17
-8
-10
-27
-44
-40
-36
-44
-47
-49
-58
-44
-35
-28
-25
-25
-10
2
3
6
0
-4
-10
-29
-21
-5
1
10
20
16
16
15
17
21
29
17
32
60
52
45
27
29
47
46
30
33
34
24
12
12
9
21
33
32
38
33
31
30
22
13
6
24
9
1
9
-8
-19
-23
-29
-30
-34
-37
-29
-5
3
0
-11
-24
-6
1
-11
-22
-48
-52
-65
-83
-80
-83
-79
-70
-74
-71
-73
-46
-35
-28
-10
-4
-10
-26
-31
-26
-29
-45
-52
-46
-31
-26
-39
-56
-39
-24
-23
-25
-17
-27
-22
-18
-11
-21
-14
-22
-36
-42
-37
-23
-9
-7
-5
-4
-7
-22
-27
-42
-45
-15
0
0
-5
-21
-14
2
-10
-9
-2
13
19
4
-6
6
7
5
30
19
10
21
33
55
50
37
22
-7
-11
-10
4
30
63
70
58
48
48
49
51
39
41
43
65
69
61
57
54
48
46
41
44
58
80
92
82
84
81
70
61
59
61
69
58
36
33
35
36
43
49
56
61
50
49
49
49
66
72
68
49
46
38
23
15
14
21
26
9
17
26
15
15
24
14
-3
1
4
-7
-8
14
2
-18
-28
-29
-38
-36
-43
-54
-70
-87
-85
-82
-91
-97
-97
-92
-95
-109
-124
-121
-125
-130
-116
-123
-132
-146
-158
-161
-144
-139
-144
-146
-137
-135
-123
-116
-130
-126
-145
-137
-118
-125
-133
-141
-133
-113
-104
-86
-85
-82
-81
-61
-58
-80
-82
-82
-68
-54
-38
-37
-30
-4
7
-9
-4
-1
19
26
24
29
37
24
26
13
-3
-15
-14
-20
-20
-11
10
22
21
29
28
33
48
55
63
68
58
46
26
24
30
8
0
-5
-14
-31
-30
-34
-37
-16
-2
8
15
13
19
36
49
55
47
34
30
32
29
23
20
26
34
14
4
15
12
12
11
11
23
32
33
41
44
61
55
53
29
18
3
-10
-3
-8
-19
-28
-26
-1
3
-3
3
14
22
35
48
45
40
46
52
54
55
54
36
21
26
34
12
25
32
18
22
38
51
55
79
81
72
77
66
47
43
38
24
16
28
20
11
21
22
25
18
25
26
22
39
36
40
36
33
32
31
18
5
-6
-6
-9
13
20
17
41
48
58
58
53
31
9
19
22
24
24
25
20
1
2
1
-7
-9
1
1
-16
-22
0
11
20
26
33
30
14
-1
0
1
-19
-32
-28
-28
-32
-32
-11
7
-14
-15
-5
-6
14
12
22
11
-1
-2
6
14
1
-1
2
-10
-17
-19
-11
-9
-2
2
-16
-10
1
-4
-5
-10
-19
-21
-14
-6
-19
-22
-36
-34
-28
-32
-22
-17
-18
-21
-4
7
11
16
-10
-44
-52
-61
-57
-58
-55
-35
-38
-46
-34
-17
-9
-5
-4
-13
-14
10
-1
-8
-25
-38
-40
-35
-31
-42
-45
-29
-38
-33
-6
15
19
24
42
44
42
26
25
14
-3
-9
1
-7
-18
-40
-44
-40
-38
-23
-5
22
32
35
43
35
29
47
79
101
113
129
145
175
183
181
190
178
171
194
230
271
317
372
407
446
500
529
556
566
579
596
616
652
703
779
886
1005
1116
1189
1261
1294
1288
1257
1180
1055
943
959
1091
1222
1325
1375
1356
1228
1000
731
327
-200
-692
-1161
-1613
-2034
-2365
-2584
-2698
-2715
-2720
-2686
-2580
-2429
-2196
-1961
-1735
-1566
-1438
-1299
-1206
-1108
-944
-753
-558
-391
-228
-82
25
70
76
83
105
140
197
247
241
190
147
139
150
187
216
242
285
314
336
338
327
311
301
312
316
303
292
276
234
188
128
58
-10
-43
-88
-138
-166
-182
-188
-179
-143
-132
-116
-98
-104
-104
-98
-78
-57
-37
0
29
42
43
56
73
85
90
73
66
81
78
77
64
48
20
4
-5
-12
-17
-15
-28
-40
-58
-41
-20
-2
9
9
-1
-21
-21
-19
-5
16
28
41
38
9
13
24
26
30
31
32
27
31
42
51
57
66
68
42
-34
-165
-320
-452
-565
-629
-655
-674
-674
-676
-695
-701
-669
-582
-492
-412
-343
-303
-249
-219
-194
-153
-115
-84
-113
-151
-183
-236
-276
-322
-400
-498
-579
-686
-834
-1004
-1168
-1299
-1394
-1475
-1471
-1339
-985
-313
598
1695
2609
3079
3106
2789
2320
1812
1285
758
372
109
-85
-236
-355
-431
-481
-506
-522
-520
-504
-479
-444
-392
-346
-299
-259
-228
-184
-137
-91
-57
-50
-31
-2
7
13
13
25
31
41
49
22
18
17
22
24
10
2
1
-3
0
5
-4
-8
-8
-12
-20
-2
7
12
8
10
15
13
7
-1
-13
-41
-51
-29
-22
-21
-7
-4
10
30
55
79
105
146
162
192
228
257
274
273
266
256
245
243
221
182
122
48
-6
-59
-117
-187
-229
-257
-314
-379
-438
-497
-577
-684
-796
-899
-1007
-1114
-1218
-1311
-1420
-1494
-1567
-1677
-1798
-1983
-2244
-2524
-2788
-3091
-3389
-3569
-3674
-3782
-3938
-4114
-4201
-4315
-4478
-4596
-4649
-4651
-4667
-4719
-4707
-4525
-4229
-3911
-3286
-2323
-1295
-295
732
1984
3324
4494
5456
6395
7448
8470
8969
8788
8471
8065
7354
6329
4822
3372
2224
1364
737
46
-932
-1822
-2219
-2637
-3305
-4137
-4807
-5096
-4690
-3434
-2068
-1228
-897
-672
-349
169
779
1582
2341
3081
3941
5105
6497
7897
9041
9610
9575
9113
8504
7902
7430
7076
6609
6026
5336
4610
3778
2865
1951
989
3
-1024
-2009
-2713
-3094
-3177
-3131
-3015
-2894
-2877
-2854
-2833
-2818
-2723
-2583
-2503
-2456
-2528
-2712
-2828
-2797
-2684
-2521
-2327
-2142
-1985
-1855
-1724
-1623
-1554
-1496
-1445
-1375
-1288
-1190
-1081
-967
-855
-745
-630
-535
-443
-334
-251
-180
-109
-61
-18
8
23
5
-5
-10
-38
-62
-92
-107
-121
-146
-166
-186
-217
-243
-263
-264
-281
-290
-284
-270
-249
-249
-233
-203
-180
-146
-111
-83
-53
-27
7
24
25
35
52
79
78
67
67
86
78
52
47
28
14
-2
-18
-23
-40
-41
-37
-64
-80
-104
-127
-129
-124
-118
-103
-83
-57
-47
-37
-48
-39
-34
-28
-21
-3
8
10
27
38
14
-1
-5
-19
-24
-28
-29
-32
-32
-24
-34
-27
-15
1
9
12
22
7
-15
-23
-25
-25
-28
-29
-41
-46
-46
-43
-33
-40
-44
-45
-37
-17
-1
17
24
32
33
20
6
-3
-1
0
-10
-10
-22
-16
1
-12
-8
-12
-10
1
0
2
5
11
15
11
31
27
7
-4
-12
-27
-37
-30
-32
-27
-30
-37
-32
-25
-11
6
4
10
13
4
-1
2
4
8
7
-7
-29
-36
-30
-31
-56
-67
-58
-49
-51
-46
-38
-35
-24
-9
-1
-1
7
16
21
-9
-14
-20
-46
-50
-50
-67
-76
-81
-84
-79
-65
-50
-59
-47
-37
-33
-19
-8
-17
-34
-40
-44
-54
-49
-56
-73
-79
-93
-90
-88
-67
-67
-84
-73
-65
-48
-27
-7
-10
-18
-8
-27
-34
-47
-49
-48
-60
-66
-83
-74
-87
-82
-92
-105
-103
-95
-101
-85
-88
-90
-73
-68
-66
-73
-87
-96
-93
-84
-98
-108
-110
-124
-133
-139
-145
-143
-145
-141
-134
-119
-113
-113
-119
-125
-130
-113
-116
-127
-143
-150
-155
-174
-189
-202
-212
-204
-183
-175
-166
-164
-171
-167
-182
-196
-182
-180
-186
-185
-180
-193
-204
-214
-238
-242
-217
-215
-201
-191
-190
-184
-183
-171
-152
-160
-155
-157
-174
-182
-183
-187
-205
-198
-190
-203
-208
-197
-194
-175
-171
-175
-163
-145
-141
-135
-115
-92
-95
-102
-89
-111
-126
-134
-131
-131
-124
-106
-111
-118
-117
-132
-137
-120
-117
-114
-98
-83
-76
-82
-68
-74
-82
-83
-90
-91
-105
-98
-84
-71
-60
-44
-15
5
13
13
3
11
5
18
48
55
66
93
106
110
124
142
152
183
202
210
220
226
237
240
240
249
257
261
269
266
272
277
288
294
308
317
303
301
303
305
302
297
291
299
307
313
312
313
309
324
332
319
310
304
321
316
301
294
290
314
324
309
301
298
297
294
295
299
291
276
261
269
282
274
262
248
239
244
241
233
219
215
212
225
228
214
209
197
189
199
199
206
208
188
171
161
165
170
165
159
150
142
152
160
171
170
175
162
156
153
147
151
139
137
132
135
148
154
159
155
147
160
167
183
184
185
184
178
157
148
138
139
140
133
116
106
101
98
119
129
131
136
140
147
147
144
142
142
143
131
112
105
105
75
67
53
45
52
55
46
33
31
56
57
71
90
84
81
79
69
58
49
50
35
18
10
-4
-4
4
7
26
44
60
61
71
72
66
78
90
87
96
113
112
95
87
74
63
53
68
79
78
82
78
75
85
92
108
113
102
103
96
92
66
51
67
68
64
64
63
65
57
52
54
57
74
44
44
56
58
64
67
82
70
63
51
44
45
23
6
16
10
13
3
18
41
39
33
42
54
50
33
18
17
21
0
-21
-9
-5
-6
-1
-7
-7
-10
-4
-7
-13
-23
-28
-21
-20
-15
-15
-29
-45
-55
-61
-44
-34
-33
-59
-66
-70
-79
-85
-116
-141
-147
-143
-136
-137
-146
-145
-145
-132
-111
-110
-113
-88
-55
-48
-34
-13
-14
-23
-29
-43
-41
-36
-44
-55
-79
-84
-72
-65
-58
-44
-52
-36
-30
-21
-9
-11
-8
-9
-8
-8
-11
-6
-2
-24
-61
-72
-91
-107
-120
-141
-147
-145
-152
-154
-159
-156
-138
-132
-135
-127
-114
-102
-88
-84
-88
-88
-76
-81
-101
-102
-107
-114
-118
-109
-117
-114
-122
-127
-132
-132
-120
-119
-115
-132
-143
-133
-134
-136
-134
-152
-160
-165
-168
-179
-190
-191
-193
-194
-189
-177
-173
-162
-137
-130
-135
-136
-129
-141
-146
-151
-141
-132
-126
-127
-118
-108
-119
-111
-113
-100
-74
-57
-53
-62
-68
-74
-84
-71
-68
-77
-80
-70
-63
-59
-62
-54
-36
-29
-25
-21
-22
-19
-15
-33
-54
-55
-54
-52
-57
-60
-49
-40
-39
-38
-36
-37
-35
-25
-22
-23
-13
8
-4
-27
-32
-36
-38
-37
-37
-31
-18
-5
5
3
-3
-25
-22
-8
3
20
22
13
16
3
-9
-28
-28
-10
-20
-22
-9
8
17
21
24
28
26
28
25
28
30
22
14
2
-1
1
-5
-6
4
0
6
19
31
37
41
55
59
48
43
34
30
29
17
11
14
18
5
-4
5
24
42
40
49
77
82
83
85
95
97
84
72
54
53
43
14
-1
-4
-6
-10
-6
5
16
22
13
12
22
35
43
46
45
43
38
48
43
26
30
12
-3
-9
-8
-19
-2
18
28
35
46
48
46
63
75
79
71
82
78
80
60
42
35
26
32
35
38
32
32
33
21
32
54
62
66
53
50
46
38
42
30
19
23
22
18
11
29
29
20
30
25
32
50
73
87
95
97
99
90
89
91
67
56
60
54
50
40
32
28
42
45
44
51
69
75
73
79
69
78
81
87
87
79
70
49
50
65
74
68
54
43
39
39
43
35
45
62
47
45
67
41
34
37
30
12
-3
-19
-13
-19
-26
-35
-21
-11
-32
-48
-46
-44
-34
-31
-31
-27
-32
-32
-22
-19
-22
-28
-40
-51
-48
-45
-36
-22
-17
-22
-12
4
30
12
7
15
-1
-12
-11
-8
-10
-12
-13
-9
5
10
11
15
4
-2
16
42
48
45
46
35
13
23
20
6
6
8
10
5
-5
5
11
4
0
5
-2
8
26
30
25
28
23
10
9
22
11
-2
-19
-28
-29
-13
4
8
13
27
27
30
23
28
25
19
19
10
11
19
11
20
23
27
5
-10
6
9
23
25
16
6
7
-10
-4
-17
-16
-7
-6
-6
-11
-5
-9
1
9
9
5
4
14
6
-7
-25
-51
-64
-64
-42
-30
-29
-21
-26
-34
-34
-44
-30
-9
2
2
8
29
6
-5
-6
-12
-28
-29
-18
-19
-33
-43
-32
-22
-19
-1
4
4
4
4
12
17
22
17
7
7
4
-7
-12
-10
-23
-39
-34
-22
-16
-18
-14
-22
-16
-13
-2
-10
-6
7
7
-7
-18
-4
-1
-20
-26
-27
-28
-39
-38
-26
-26
1
12
12
35
28
32
42
41
44
37
23
8
11
8
-20
-32
-47
-42
-31
-24
-14
-11
4
18
19
45
64
85
110
134
148
155
172
180
177
172
160
154
155
179
208
232
264
289
328
366
388
411
438
463
471
490
524
559
617
698
800
900
994
1090
1159
1183
1181
1148
1119
1023
939
963
1055
1150
1220
1252
1220
1079
895
634
247
-150
-511
-863
-1251
-1666
-2039
-2300
-2430
-2478
-2510
-2504
-2432
-2299
-2100
-1904
-1719
-1546
-1406
-1301
-1225
-1101
-942
-759
-585
-443
-311
-146
-20
54
91
102
114
132
161
201
204
172
119
102
123
168
204
227
261
309
322
346
319
279
280
265
273
287
280
243
200
166
107
57
-3
-64
-120
-169
-181
-202
-231
-244
-228
-205
-208
-212
-209
-205
-185
-159
-149
-124
-95
-77
-70
-29
-11
-18
-17
-15
2
1
9
10
8
5
-2
-8
-6
-17
-21
-30
-35
-56
-53
-45
-64
-65
-55
-49
-39
-34
-44
-37
-19
-15
-25
-24
-23
-30
-37
-39
-28
-30
-34
-37
-55
-71
-84
-76
-49
-41
-51
-49
-24
-10
-19
-23
-28
-32
-37
-26
-10
-12
-20
-38
-50
-44
-45
-45
-42
-48
-45
-31
-17
-14
-4
20
18
-3
-53
-103
-175
-257
-333
-425
-507
-582
-670
-791
-919
-1019
-1060
-1021
-862
-573
-154
324
820
1258
1595
1745
1724
1599
1393
1154
892
606
318
93
-68
-174
-243
-291
-333
-358
-336
-317
-315
-295
-268
-222
-196
-154
-125
-94
-62
-45
-31
-44
-35
-14
-7
-23
-25
-40
-53
-73
-85
-88
-93
-80
-57
-36
-20
-9
-6
-11
-10
-6
2
16
25
36
31
34
37
39
62
64
55
35
16
3
-18
-28
-50
-90
-133
-167
-216
-250
-275
-328
-381
-399
-380
-337
-244
-151
-70
3
78
150
216
270
312
341
353
354
337
303
267
211
141
86
25
-20
-80
-127
-162
-197
-238
-297
-340
-363
-415
-509
-616
-686
-745
-834
-930
-1004
-1037
-1083
-1190
-1345
-1591
-1893
-2189
-2492
-2749
-2952
-3077
-3192
-3360
-3516
-3652
-3761
-3870
-3958
-4029
-4078
-4066
-4056
-4032
-3844
-3445
-2917
-2026
-785
496
1761
3094
4702
6417
7748
8575
9225
9867
10189
9893
9104
8080
6809
5749
4557
3043
1726
857
404
46
-567
-1501
-2148
-2331
-2622
-3166
-3846
-4377
-4581
-4334
-3553
-2674
-2157
-1999
-1927
-1741
-1451
-1211
-951
-556
-84
368
918
1656
2673
3932
5085
5852
6274
6459
6543
6524
6321
6032
5687
5189
4523
3765
2942
2048
1080
54
-881
-1537
-1904
-2037
-2051
-2022
-1982
-1936
-1867
-1856
-1858
-1782
-1705
-1667
-1721
-1988
-2339
-2593
-2647
-2570
-2421
-2252
-2082
-1912
-1755
-1611
-1527
-1498
-1469
-1435
-1383
-1319
-1232
-1127
-1009
-906
-807
-688
-576
-476
-389
-320
-235
-197
-175
-144
-120
-106
-104
-99
-99
-98
-102
-101
-111
-126
-146
-141
-148
-146
-149
-159
-158
-150
-151
-160
-170
-155
-154
-139
-141
-140
-113
-91
-77
-62
-45
-36
-33
-23
-16
-12
-10
1
10
9
18
16
13
6
-2
5
22
54
67
46
53
49
54
53
36
37
31
25
12
9
29
44
58
66
73
87
87
77
60
40
36
22
5
-9
-6
-17
-33
-19
-32
-45
-31
-43
-36
-27
-37
-38
-36
-24
-19
-32
-18
-2
14
14
18
10
-6
-1
10
10
5
-5
12
11
15
29
63
86
91
104
116
110
105
86
97
111
108
95
84
80
66
62
48
42
38
36
39
27
25
35
37
44
51
49
61
65
81
68
48
29
9
0
-5
-19
-33
-27
-17
-20
-13
3
8
28
22
41
72
99
120
116
133
124
129
130
133
118
118
129
134
134
149
147
137
148
160
169
193
188
181
178
179
161
167
174
173
179
183
192
196
199
205
217
224
220
215
222
242
252
240
240
251
236
229
224
210
218
230
225
226
243
257
253
261
270
276
280
269
249
228
214
205
194
190
179
164
153
144
156
162
171
159
150
161
168
177
178
198
200
194
219
221
223
207
189
179
178
183
182
171
177
176
183
182
191
211
207
213
225
251
257
245
229
219
217
209
193
201
188
169
163
168
185
179
169
172
171
179
173
177
183
198
218
210
213
216
210
205
183
155
154
164
160
148
153
163
178
184
182
173
165
178
180
177
188
196
188
161
148
150
146
147
145
160
169
173
188
206
203
211
209
199
181
167
160
165
168
141
118
119
106
98
98
99
97
111
119
126
124
130
145
157
147
138
145
129
117
109
98
82
68
65
55
63
71
85
90
83
85
78
85
98
109
104
98
80
72
54
51
33
33
23
18
18
14
38
57
76
80
69
61
44
14
-1
-6
-3
-34
-60
-59
-70
-66
-64
-76
-73
-60
-47
-49
-31
-16
-21
-25
-23
-25
-24
-20
-29
-47
-68
-82
-86
-92
-110
-113
-116
-113
-116
-120
-112
-113
-96
-81
-81
-77
-64
-70
-83
-94
-93
-109
-118
-124
-134
-151
-162
-174
-189
-189
-184
-170
-148
-138
-117
-112
-120
-116
-124
-118
-130
-138
-139
-146
-150
-146
-153
-169
-175
-181
-162
-158
-144
-152
-151
-157
-162
-161
-171
-177
-185
-185
-187
-203
-204
-188
-181
-196
-197
-165
-152
-152
-160
-173
-187
-182
-182
-182
-161
-151
-185
-175
-170
-166
-159
-143
-130
-124
-121
-107
-105
-97
-97
-93
-90
-87
-80
-95
-104
-89
-97
-115
-123
-119
-114
-118
-111
-101
-89
-92
-96
-82
-70
-68
-67
-75
-87
-72
-69
-75
-79
-90
-101
-116
-117
-100
-96
-100
-93
-88
-75
-45
-30
-28
-19
-22
-32
-41
-39
-49
-28
-34
-45
-29
-37
-50
-50
-55
-58
-66
-58
-47
-50
-52
-55
-42
-37
-34
-36
-41
-30
-29
-41
-44
-39
-35
-41
-44
-50
-50
-39
-32
-22
-3
13
22
27
29
12
-2
-4
12
19
9
1
-8
-21
-31
-27
-19
-15
-12
-2
4
12
9
9
27
24
39
31
12
-10
-16
-15
-25
-26
-29
-41
-29
-20
-12
-9
-8
-2
9
6
10
15
-1
-9
-17
-5
-24
-42
-28
-14
-26
-38
-25
-22
-18
-18
-22
-10
-4
11
3
-10
-7
-7
-21
-30
-14
-2
-21
-43
-44
-45
-22
-23
-17
-20
-11
-5
-15
-5
8
37
61
66
61
47
21
-9
-2
20
46
72
55
32
-14
-51
-69
-73
-52
-27
6
52
88
107
130
124
97
68
64
36
1
-18
-15
-2
1
-1
11
11
-4
-9
-13
-15
-26
-1
2
8
10
19
22
8
-5
4
-10
-20
0
27
26
29
41
36
51
58
56
56
54
47
28
36
38
25
29
32
27
25
38
30
23
47
61
79
93
79
58
56
60
54
50
51
36
30
30
24
42
55
57
55
55
66
68
78
73
72
86
104
102
107
87
54
18
29
40
41
34
35
51
43
52
60
43
42
44
51
61
63
58
43
42
37
16
13
7
12
19
12
20
21
25
31
43
54
35
31
31
25
28
28
28
19
1
9
-4
-25
-20
-2
7
1
10
22
27
14
11
10
23
43
31
28
33
12
8
2
-12
-10
-3
10
13
25
15
5
16
33
39
33
14
12
0
-3
-1
-18
0
-17
-35
-41
-25
3
15
30
23
8
3
-7
-24
-41
-45
-63
-68
-43
-42
-51
-49
-55
-67
-70
-52
-41
-42
-28
-40
-45
-57
-67
-77
-71
-81
-97
-113
-115
-129
-114
-81
-50
-56
-70
-52
-31
-12
-18
-26
-10
-7
-14
-15
-26
-34
-39
-20
-19
-28
-14
-20
-27
-27
-13
-10
0
31
24
17
23
16
26
24
5
-9
-28
-36
-37
-29
-24
-6
-9
-10
8
2
-7
5
-6
-1
14
16
8
4
14
-4
-31
-26
-34
-29
-43
-49
-43
-24
-7
-2
10
5
2
3
19
15
-6
-23
-33
-37
-43
-53
-56
-52
-44
-33
-16
-6
16
15
15
19
18
32
32
18
20
14
-4
-26
-25
-10
14
17
17
18
15
32
51
37
40
33
32
37
34
34
35
44
37
12
6
-19
-4
-6
-7
3
11
11
10
24
43
45
39
32
35
33
46
40
14
6
11
-5
-13
-13
-21
-25
-21
-23
-38
-32
-21
-13
-3
-17
-16
-10
5
18
6
-6
-12
-3
-15
-22
-27
-33
-44
-55
-57
-51
-42
-42
-35
-23
-1
11
-1
-4
-1
-4
-23
-23
-19
-18
-32
-40
-32
-30
-38
-39
-40
-37
-45
-26
17
43
37
24
30
28
19
14
0
-27
-41
-36
-31
-44
-34
-11
6
9
0
12
18
24
30
35
39
35
32
43
47
34
25
25
9
12
25
16
14
31
22
8
18
25
18
12
44
35
50
44
25
20
19
11
-17
-31
-32
-44
-41
-46
-54
-39
-5
6
-20
-20
-7
5
18
19
15
2
-16
-1
-6
-24
-36
-49
-39
-36
-22
-8
-4
6
11
10
-3
4
15
10
2
14
21
12
-9
-27
-44
-46
-27
-16
-12
-17
-2
0
-2
17
23
38
29
9
-5
-9
0
-11
-11
3
-17
-19
-29
-30
-10
-6
-15
-23
-2
2
1
19
34
32
22
31
12
1
8
4
-14
-34
-52
-55
-51
-43
-26
-20
-15
-21
-17
-18
-14
13
18
11
0
-8
-12
-33
-39
-25
-31
-23
-15
-2
3
21
47
47
50
55
59
67
66
63
54
56
52
44
43
12
4
7
8
20
27
36
39
42
82
105
127
143
156
168
179
203
231
249
249
216
196
193
197
201
227
278
316
368
432
512
583
627
659
675
692
748
804
849
931
1073
1253
1426
1591
1729
1852
1935
1979
1993
1934
1735
1540
1497
1553
1559
1419
1090
516
-247
-1161
-2096
-3049
-4083
-5197
-6313
-7253
-7822
-7754
-7262
-6704
-6042
-5245
-4302
-3428
-2665
-1882
-1094
-437
67
491
826
1051
1262
1510
1720
1864
1926
1967
1954
1909
1910
1908
1847
1748
1646
1557
1449
1280
1057
854
698
606
543
481
451
439
410
393
356
287
248
226
206
190
182
167
135
108
41
-45
-114
-185
-243
-284
-285
-289
-307
-295
-257
-177
-114
-76
-39
-25
-6
13
25
46
58
74
104
125
127
123
123
114
105
85
76
90
81
71
68
57
54
39
38
26
11
-4
-10
-5
-33
-50
-59
-60
-61
-72
-78
-66
-58
-49
-46
-48
-49
-57
-45
-38
-34
-23
-21
-20
-31
-42
-54
-64
-53
-56
-52
-48
-49
-48
-57
-54
-47
-45
-34
-13
-15
-14
-5
-5
-28
-42
-63
-67
-78
-96
-105
-98
-86
-67
-62
-62
-85
-76
-107
-144
-200
-254
-326
-401
-470
-530
-566
-542
-483
-379
-219
-9
224
478
734
913
967
946
884
798
694
577
435
304
186
71
-54
-179
-246
-250
-244
-243
-237
-220
-176
-163
-152
-128
-99
-75
-46
-6
8
25
45
24
2
0
-9
-24
-42
-61
-81
-90
-86
-100
-82
-92
-84
-74
-74
-66
-59
-25
-21
-20
-4
5
20
35
37
41
32
28
1
-38
-65
-87
-103
-106
-120
-130
-146
-138
-135
-122
-116
-117
-118
-100
-79
-64
-52
-20
-1
17
29
48
99
148
172
198
248
316
352
398
417
437
448
447
435
412
370
351
320
300
272
254
233
200
151
124
118
108
66
-14
-112
-178
-233
-285
-331
-367
-395
-442
-516
-623
-801
-1011
-1220
-1408
-1563
-1648
-1650
-1666
-1715
-1706
-1627
-1496
-1339
-1148
-967
-746
-430
-52
383
956
1653
2384
3306
4386
5403
6335
7209
7979
8471
8517
8064
7211
6039
4838
3915
3212
2357
1273
356
-453
-1282
-2070
-2508
-2535
-2401
-2394
-2443
-2238
-1830
-1474
-1188
-1016
-923
-968
-1109
-1216
-1318
-1483
-1656
-1717
-1671
-1628
-1644
-1644
-1527
-1370
-1224
-1068
-848
-541
-275
-105
4
96
171
223
191
115
54
-7
-74
-115
-127
-93
-60
-77
-96
-65
-37
-55
-82
-19
107
354
629
843
923
872
758
721
624
177
-423
-983
-1416
-1656
-1795
-1854
-1832
-1745
-1627
-1427
-1239
-1154
-1083
-1019
-990
-925
-849
-779
-713
-650
-587
-537
-483
-415
-372
-336
-318
-306
-280
-264
-276
-279
-268
-284
-279
-263
-242
-221
-193
-154
-122
-105
-85
-63
-33
-8
20
46
44
56
64
77
93
93
123
137
136
119
102
95
82
64
47
31
52
58
48
31
14
21
27
46
45
34
22
32
28
26
35
31
19
42
52
55
58
51
49
36
35
41
21
10
-4
-5
-14
-29
-31
-22
-13
-15
-5
7
33
60
60
58
66
61
53
39
31
34
18
19
11
3
3
3
-2
-6
13
31
12
14
8
17
62
75
79
78
70
66
67
71
52
27
7
5
13
2
18
27
31
40
35
40
23
37
55
62
79
82
75
66
49
52
61
66
53
47
35
30
37
41
52
60
55
66
74
98
106
93
115
118
116
116
117
121
106
96
83
43
34
39
45
48
63
80
73
77
87
84
101
99
86
94
109
104
83
77
59
57
75
71
62
58
53
57
74
92
99
104
108
100
116
132
123
103
93
90
102
95
67
71
88
97
110
110
116
107
90
99
126
139
145
141
123
100
106
120
110
121
112
109
104
103
96
101
114
114
129
158
158
151
148
151
158
159
165
167
159
149
140
152
168
190
176
168
174
177
179
184
191
185
183
197
211
222
221
215
226
210
192
197
203
211
202
196
200
193
186
183
179
182
201
220
213
203
206
194
214
212
225
226
222
216
203
196
189
181
173
156
159
165
165
165
161
177
187
193
187
183
192
205
194
178
161
169
161
171
177
154
145
138
146
154
151
151
145
157
161
169
173
162
163
162
162
153
134
131
114
87
71
64
66
73
78
83
76
74
76
78
88
87
77
60
54
64
65
65
66
69
68
72
68
58
66
77
60
53
60
77
86
98
105
108
109
109
116
117
101
81
86
98
99
77
66
53
52
45
41
45
57
70
62
66
70
46
38
35
23
6
-7
-14
-32
-39
-40
-59
-69
-75
-71
-79
-81
-72
-72
-67
-60
-72
-86
-92
-97
-111
-113
-111
-117
-117
-123
-134
-138
-146
-137
-124
-128
-135
-127
-116
-137
-155
-156
-159
-155
-170
-185
-201
-192
-183
-193
-172
-166
-178
-170
-155
-164
-167
-161
-154
-162
-171
-187
-204
-199
-209
-207
-220
-221
-207
-205
-198
-194
-201
-200
-202
-199
-205
-206
-212
-206
-200
-220
-238
-240
-239
-247
-249
-236
-214
-181
-163
-172
-181
-169
-144
-143
-152
-155
-161
-163
-177
-171
-155
-153
-163
-187
-190
-171
-166
-152
-151
-130
-110
-97
-86
-90
-93
-93
-78
-60
-75
-96
-88
-95
-108
-114
-111
-101
-95
-82
-75
-62
-38
-28
-32
-35
-21
-9
-14
-15
-6
8
11
6
-1
-16
-35
-56
-64
-30
-28
-24
-18
-14
-5
-10
-11
-6
-3
0
4
-6
1
7
3
2
7
3
-1
-17
-23
-20
-11
-6
-8
-8
-7
-8
9
13
24
49
56
58
45
38
30
17
8
2
10
8
1
14
4
-1
-5
0
29
36
24
32
44
33
22
21
9
7
8
5
15
13
12
2
-1
2
-10
0
10
20
28
40
45
33
22
35
32
35
28
17
25
20
9
-10
-19
-26
-21
2
20
33
29
38
47
38
40
47
36
29
29
27
19
17
10
-8
-10
-19
-17
-12
-2
4
10
25
29
19
16
5
15
24
28
33
30
35
20
14
7
11
15
34
49
61
58
61
59
62
65
50
58
69
72
72
71
79
79
84
95
75
50
9
-29
-31
-15
5
7
23
64
101
120
131
133
117
89
81
51
49
45
31
29
40
48
39
24
19
2
2
2
21
36
50
60
58
63
72
71
63
54
53
47
60
67
61
59
55
60
68
66
79
94
94
86
90
107
113
100
104
77
71
72
82
69
64
95
102
113
125
139
152
151
143
126
115
115
104
100
104
98
85
72
84
110
132
142
144
163
170
158
151
134
130
126
115
102
103
117
107
107
99
99
106
116
132
119
133
142
135
132
109
80
76
83
70
54
76
93
78
75
78
84
81
85
94
97
97
84
72
71
74
60
56
56
49
39
48
45
47
58
73
71
67
78
70
64
67
62
62
60
49
41
63
73
57
41
53
42
46
55
64
77
89
97
90
97
105
95
90
74
51
32
28
28
26
15
19
11
21
30
26
32
51
61
58
69
75
66
55
47
51
39
33
32
17
13
17
7
8
28
28
38
60
65
64
68
62
57
75
66
49
40
33
25
25
23
16
30
34
25
31
37
38
33
46
54
47
53
42
30
29
20
27
19
2
4
7
35
42
42
42
42
47
45
49
54
33
9
15
30
29
11
-15
-26
-10
-3
-10
-14
-14
4
14
1
-10
-8
-4
4
8
10
-5
-15
-19
-23
-41
-49
-53
-52
-20
-40
-33
-16
-15
-16
-17
-1
3
10
21
12
-2
-7
-12
-18
-40
-50
-41
-52
-50
-43
-46
-44
-38
-22
-21
6
-2
-10
7
24
33
29
19
14
-1
-7
-16
-15
-21
-26
-31
-34
-41
-41
-36
-37
-35
-21
-18
-22
-14
-2
16
18
21
32
15
10
-6
-12
-27
-24
-31
-51
-61
-67
-69
-49
-28
-32
-17
-13
-9
-32
-24
1
-9
-21
-14
-11
-23
-32
-40
-30
-19
-17
-23
-25
-27
-27
-18
-6
-20
-31
-24
-23
-23
-38
-40
-30
-31
-27
-32
-13
2
-5
-22
-15
-5
-12
-17
-15
-32
-34
-26
-55
-50
-46
-44
-42
-31
-12
-2
16
27
14
9
-12
-12
-14
-24
-29
-47
-46
-37
-57
-60
-63
-71
-55
-30
-27
-35
-34
-29
-29
-21
-32
-28
-32
-39
-57
-58
-49
-48
-54
-45
-29
-12
2
9
-3
-2
-1
-3
-17
-15
-13
-16
-26
-34
-41
-41
-20
-14
2
-1
-22
-18
-5
10
8
0
3
-10
9
0
-10
-14
-21
-25
-37
-25
-14
-15
-17
-26
-36
-37
-36
-44
-40
-22
-15
-20
-13
-10
-9
-1
6
-4
-11
-9
-26
-34
-39
-44
-49
-55
-43
-34
-26
-22
-30
-15
7
17
30
39
57
58
55
55
36
33
29
27
40
57
64
48
31
34
19
19
2
12
17
24
23
7
27
27
25
17
22
15
15
16
6
-12
-29
-45
-57
-72
-90
-98
-94
-77
-67
-70
-56
-56
-47
-56
-54
-34
-20
-24
-20
-6
-7
-25
-25
-29
-47
-56
-54
-40
-50
-43
-32
-46
-30
-20
-13
0
18
45
46
43
47
43
49
34
21
21
27
25
-3
-6
0
-8
-16
-35
-57
-67
-49
-39
-32
1
20
33
55
79
111
129
153
170
192
223
228
233
224
200
212
233
249
277
323
366
394
452
509
562
616
650
673
689
718
769
814
903
1052
1224
1374
1510
1678
1786
1820
1849
1849
1770
1572
1468
1552
1708
1803
1768
1567
1166
548
-239
-1157
-2182
-3289
-4406
-5475
-6340
-6801
-6742
-6480
-6119
-5640
-4965
-4156
-3431
-2767
-2049
-1357
-821
-400
-47
225
417
655
925
1155
1296
1385
1441
1433
1414
1441
1444
1403
1370
1342
1309
1213
1023
831
681
585
544
498
468
431
415
402
368
327
259
234
226
215
208
199
180
150
125
65
-32
-114
-179
-229
-257
-270
-296
-330
-295
-235
-180
-127
-77
-50
-42
-49
-30
-23
1
39
56
61
76
90
86
78
80
74
83
86
86
84
70
70
50
38
29
12
6
-25
-37
-53
-67
-78
-109
-106
-85
-91
-94
-99
-102
-100
-94
-87
-80
-68
-55
-63
-52
-38
-52
-46
-32
-26
-42
-51
-67
-71
-64
-58
-64
-57
-35
-17
-5
7
-1
-2
4
0
1
-6
-18
-23
-37
-40
-58
-58
-54
-44
-19
-5
17
15
3
-5
-7
-14
-76
-161
-236
-280
-343
-427
-510
-582
-668
-760
-796
-746
-605
-368
-20
378
798
1149
1372
1505
1548
1476
1330
1147
939
720
508
282
79
-56
-146
-202
-243
-273
-279
-268
-246
-240
-238
-228
-197
-164
-124
-89
-77
-52
-41
-50
-44
-55
-68
-81
-105
-112
-122
-149
-160
-166
-175
-192
-168
-135
-109
-95
-99
-76
-56
-74
-131
-195
-249
-294
-315
-346
-378
-395
-393
-407
-420
-410
-379
-328
-272
-212
-178
-139
-129
-106
-88
-86
-64
-52
-36
-33
-30
-1
14
42
96
153
191
228
280
314
361
412
427
451
473
480
450
413
363
298
232
185
144
104
52
-5
-66
-134
-212
-293
-358
-447
-568
-708
-828
-911
-1000
-1106
-1204
-1268
-1321
-1428
-1558
-1765
-2049
-2323
-2593
-2847
-3047
-3152
-3226
-3337
-3440
-3477
-3490
-3550
-3603
-3625
-3588
-3474
-3394
-3320
-3105
-2692
-2176
-1462
-368
811
2035
3325
4773
6374
7770
8670
9128
9405
9542
9421
8827
7965
6792
5524
4488
3251
2047
1172
669
418
110
-473
-1098
-1342
-1470
-1820
-2379
-3004
-3456
-3578
-3250
-2644
-2191
-2055
-2006
-1851
-1592
-1321
-1038
-732
-409
-80
266
754
1421
2295
3170
3804
4213
4444
4579
4660
4696
4632
4452
4189
3848
3395
2866
2289
1658
978
225
-535
-1129
-1469
-1581
-1567
-1495
-1383
-1243
-1124
-1085
-1121
-1144
-1115
-1139
-1261
-1551
-2007
-2424
-2686
-2753
-2703
-2597
-2464
-2329
-2166
-1984
-1850
-1781
-1713
-1617
-1518
-1413
-1294
-1185
-1056
-905
-781
-655
-536
-429
-332
-258
-188
-127
-84
-44
-36
-10
-1
12
13
-5
-30
-72
-98
-118
-138
-154
-177
-198
-226
-244
-251
-250
-245
-250
-250
-241
-229
-196
-185
-167
-133
-115
-71
-53
-40
-24
-14
12
20
21
29
33
44
49
41
27
19
20
11
-2
-1
10
6
-13
-20
-26
-21
-23
-26
-22
-25
-31
-38
-36
-7
-1
19
25
23
28
32
48
34
33
43
27
28
28
32
18
25
28
9
7
18
31
45
49
58
59
62
66
63
51
43
47
36
9
-2
1
5
-2
4
29
44
32
25
37
40
30
33
38
46
54
53
49
42
40
40
28
30
18
11
25
39
46
56
72
90
89
100
95
101
99
87
74
76
65
70
71
92
97
95
108
93
98
110
114
112
107
90
82
76
61
66
68
79
83
75
69
78
77
83
71
51
51
39
50
66
87
88
73
69
66
78
78
56
37
39
58
58
50
51
43
40
38
51
56
32
24
26
45
41
43
47
32
32
30
25
5
-25
-28
-13
-15
7
7
7
28
38
39
51
69
60
39
45
30
14
8
14
18
5
5
8
10
0
-2
13
22
19
9
5
17
23
20
26
16
10
13
15
13
23
23
-10
-28
-47
-47
-33
-25
-15
-12
16
33
26
29
20
10
12
13
27
2
-20
-23
-33
-33
-45
-52
-50
-46
-40
-51
-58
-58
-55
-46
-43
-38
-36
-38
-40
-66
-72
-67
-52
-33
-34
-29
-31
-44
-55
-59
-52
-56
-52
-34
-28
-14
7
22
26
17
14
6
14
33
34
22
11
10
7
1
-6
-7
-6
2
24
27
24
28
26
25
23
0
-10
-22
-20
-23
-37
-54
-67
-60
-60
-60
-57
-68
-60
-46
-37
-42
-39
-50
-53
-48
-46
-48
-49
-62
-58
-58
-64
-56
-58
-49
-47
-45
-49
-51
-33
-34
-32
-12
-3
13
-5
-18
-6
2
-10
-24
-26
-31
-48
-51
-57
-70
-66
-73
-59
-49
-38
-27
-20
8
13
25
43
54
49
22
17
24
13
-1
-9
16
37
36
38
23
21
14
19
37
41
63
80
96
97
82
85
100
106
107
109
104
104
104
92
79
87
91
109
112
111
119
129
140
142
153
169
164
163
147
135
143
147
149
121
97
74
59
52
50
56
61
59
63
68
70
76
80
85
88
88
80
57
65
62
47
29
42
42
36
30
31
41
43
55
69
63
58
79
87
79
64
59
57
66
66
44
46
48
52
65
72
85
83
84
84
81
109
121
110
105
87
66
47
48
60
78
85
81
77
81
75
82
77
93
95
100
101
90
83
88
71
42
31
34
23
20
18
22
16
24
35
36
58
67
68
61
59
62
66
72
68
52
39
34
18
13
20
24
35
37
36
37
44
49
45
44
44
28
9
1
10
15
16
3
-13
-14
-16
-14
-12
-10
-25
-17
16
11
8
25
26
12
-7
-15
-28
-29
-33
-49
-44
-30
-32
-41
-43
-26
-22
-20
-11
7
17
21
27
27
12
13
-3
-9
-16
-32
-31
-31
-43
-59
-65
-62
-55
-40
-24
-38
-37
-28
-35
-38
-20
-4
-19
-22
-34
-43
-44
-49
-43
-26
-30
-49
-71
-71
-68
-62
-45
-32
-25
1
-1
-2
-3
5
-5
-3
-13
-32
-36
-39
-40
-44
-61
-55
-60
-82
-85
-80
-77
-85
-76
-77
-78
-64
-76
-84
-92
-89
-71
-60
-58
-51
-50
-61
-77
-76
-81
-81
-81
-79
-72
-65
-58
-46
-42
-47
-47
-56
-59
-62
-76
-75
-65
-69
-68
-55
-54
-43
-41
-24
-17
-16
-16
-39
-69
-87
-102
-118
-125
-127
-138
-137
-131
-143
-148
-140
-139
-121
-107
-88
-79
-83
-84
-95
-111
-106
-108
-112
-116
-119
-132
-121
-103
-116
-95
-64
-52
-58
-57
-61
-81
-85
-106
-120
-125
-125
-116
-114
-127
-120
-116
-115
-117
-122
-107
-98
-98
-86
-87
-115
-128
-117
-124
-144
-145
-143
-144
-137
-132
-128
-122
-114
-113
-111
-121
-125
-103
-112
-118
-119
-116
-122
-124
-116
-107
-106
-102
-84
-73
-77
-68
-60
-57
-50
-44
-48
-60
-66
-62
-59
-53
-63
-66
-55
-54
-55
-52
-44
-39
-39
-37
-34
-38
-38
-25
-26
-23
-24
-33
-50
-56
-55
-62
-45
-47
-42
-28
-12
-8
-7
-1
-17
-3
4
-6
-10
-8
-9
-17
-18
-25
-23
-19
-18
-6
15
28
23
27
51
48
34
49
53
42
39
47
36
18
36
41
41
54
55
58
79
97
105
98
91
91
87
78
61
81
94
92
86
74
60
71
99
110
105
107
128
140
134
135
135
124
133
114
91
95
89
87
75
77
99
102
107
114
115
114
117
114
98
98
92
79
60
52
45
32
27
33
41
47
73
78
68
63
66
62
57
41
37
32
22
20
26
16
10
4
11
9
7
13
17
32
50
62
84
85
69
43
26
29
4
6
18
27
28
29
22
9
-5
-3
0
22
36
47
34
25
20
-7
-17
-20
-19
-12
-27
-28
-14
-14
-15
-2
5
24
25
19
19
33
46
44
26
6
7
6
9
21
12
3
10
23
12
12
33
40
36
34
26
39
47
53
45
33
27
20
28
9
-11
-15
-4
-4
-8
2
14
18
25
33
24
26
41
51
52
54
41
36
50
42
20
6
17
17
16
32
39
26
36
67
79
86
98
112
105
107
98
73
50
44
50
60
71
88
95
112
105
99
107
103
103
91
90
69
60
77
76
91
91
81
72
73
84
72
68
72
66
52
39
51
59
70
77
62
51
44
42
58
51
53
56
62
70
66
49
36
28
26
20
32
39
43
34
17
13
29
46
49
30
15
24
26
15
14
4
-18
-24
-28
-27
-11
-1
16
27
18
17
7
4
13
38
52
31
13
-1
0
9
-14
-22
-29
-16
1
1
-11
-28
-19
-6
0
4
5
13
20
48
43
21
-3
-29
-33
-32
-35
-54
-53
-43
-42
-37
-17
-8
-8
-9
-17
-12
-20
-22
-30
-31
-29
-34
-33
-30
-30
-23
-8
9
5
-16
-22
-25
-16
-22
-24
-2
-1
-24
-53
-61
-60
-63
-51
-47
-44
-45
-35
-14
-14
-11
0
11
26
35
34
38
33
30
20
9
7
7
-2
-29
-39
-30
-18
-20
-25
-8
1
5
10
30
43
38
32
42
36
42
64
89
118
137
160
183
211
205
191
185
178
184
207
224
235
268
308
341
385
432
451
477
497
513
534
550
589
652
725
803
874
937
960
966
914
822
716
572
426
343
335
360
345
302
223
104
-45
-195
-348
-565
-778
-948
-1119
-1289
-1414
-1518
-1576
-1553
-1505
-1459
-1401
-1338
-1223
-1102
-1011
-913
-849
-775
-704
-658
-579
-470
-352
-250
-184
-111
-60
-35
-3
9
15
19
59
98
120
127
125
108
119
140
154
169
191
219
230
222
202
183
183
190
199
194
196
186
161
135
105
81
45
25
6
-25
-44
-50
-60
-60
-55
-35
-36
-19
-12
-13
-7
-2
9
10
18
15
8
13
16
20
17
7
-7
-17
-7
13
13
15
27
37
31
22
37
60
52
45
37
38
17
3
4
6
6
0
3
5
9
12
26
32
44
54
57
51
52
49
51
61
47
27
11
9
0
3
11
17
34
24
33
51
57
85
97
107
94
80
73
63
43
28
13
9
0
-18
-21
-21
-21
-14
1
7
23
31
-13
-61
-116
-166
-190
-204
-202
-218
-245
-267
-291
-339
-404
-465
-513
-582
-684
-767
-800
-743
-560
-300
7
366
650
825
924
910
842
737
620
513
425
362
289
196
149
129
108
75
37
18
21
38
48
67
94
108
115
117
129
126
111
101
86
77
72
62
42
29
33
13
-9
-11
-24
-34
-31
-15
0
1
15
27
45
57
71
84
78
80
75
69
81
64
51
54
57
47
42
45
26
14
-3
-50
-95
-136
-172
-191
-210
-230
-235
-247
-261
-269
-273
-298
-292
-287
-305
-349
-377
-391
-408
-448
-508
-586
-683
-767
-839
-890
-943
-984
-1075
-1160
-1216
-1274
-1357
-1450
-1583
-1747
-1957
-2125
-2273
-2425
-2559
-2677
-2793
-2890
-2987
-3132
-3307
-3557
-3891
-4270
-4666
-5079
-5409
-5623
-5753
-5905
-6115
-6327
-6474
-6646
-6922
-7197
-7367
-7449
-7642
-7977
-8293
-8476
-8571
-8417
-7627
-6404
-5237
-4224
-3153
-1995
-936
164
1723
4000
6322
7853
8136
7766
7485
6804
5306
3453
2106
1372
400
-755
-2037
-3227
-3620
-3428
-3320
-3615
-4146
-4879
-5412
-5922
-6472
-6455
-3936
1944
9128
14744
19114
22788
25979
29300
32018
32609
30570
26930
22553
18047
13920
10391
7528
5278
3593
2382
1571
813
-71
-1080
-2110
-3101
-4062
-4907
-5547
-6008
-6396
-6712
-6782
-6568
-6134
-5649
-5203
-4889
-4780
-4686
-4483
-4182
-3815
-3431
-3095
-2725
-2315
-1951
-1625
-1356
-1149
-940
-812
-718
-641
-569
-486
-419
-372
-357
-370
-373
-340
-307
-273
-244
-210
-166
-113
-62
-5
52
74
95
115
103
96
79
42
-1
-20
-46
-97
-127
-150
-196
-237
-252
-254
-266
-250
-254
-247
-241
-233
-216
-181
-145
-104
-75
-37
-9
16
51
83
115
138
150
141
131
142
144
145
130
118
99
79
67
43
5
-37
-69
-75
-87
-90
-90
-93
-86
-90
-100
-95
-94
-93
-89
-77
-64
-58
-59
-66
-50
-29
-26
-9
4
13
19
11
17
27
33
32
41
48
50
48
54
46
47
59
65
74
70
72
64
62
62
69
78
82
94
107
130
132
133
168
198
218
232
276
312
327
348
384
413
437
447
468
464
463
464
448
433
403
370
347
320
281
228
188
165
118
98
87
63
56
58
56
37
14
4
17
28
33
25
10
3
-4
-18
-24
-44
-51
-44
-43
-39
-18
4
8
-6
-10
-2
0
-13
3
9
1
-8
-12
-16
-26
-29
-24
-31
-12
4
3
6
6
12
3
-7
-14
-29
-21
-16
-29
-27
-55
-72
-59
-54
-42
-41
-44
-40
-38
-23
-11
-12
-9
-12
-3
-10
-12
-22
-29
-46
-65
-70
-76
-88
-85
-70
-74
-70
-68
-74
-73
-62
-55
-44
-28
-34
-41
-43
-48
-63
-78
-88
-93
-98
-104
-106
-93
-91
-83
-74
-72
-67
-57
-49
-60
-66
-65
-77
-78
-80
-99
-125
-140
-140
-142
-150
-154
-149
-154
-156
-147
-135
-125
-120
-132
-132
-128
-138
-148
-150
-142
-152
-141
-141
-144
-145
-131
-129
-149
-159
-146
-144
-145
-145
-140
-125
-135
-138
-140
-162
-161
-164
-170
-182
-190
-191
-189
-186
-181
-174
-158
-141
-140
-142
-152
-153
-155
-157
-177
-176
-175
-178
-161
-154
-162
-155
-148
-152
-147
-119
-132
-146
-143
-140
-133
-118
-96
-90
-98
-85
-90
-87
-80
-76
-85
-97
-86
-72
-69
-58
-60
-72
-65
-56
-48
-39
-24
-32
-46
-44
-57
-59
-58
-37
-22
-23
-17
-14
6
16
13
24
28
15
16
32
52
41
42
48
47
59
62
46
29
42
66
80
96
104
121
145
163
172
193
195
193
195
203
204
217
220
221
218
203
203
195
199
207
203
230
236
238
245
253
253
249
260
272
253
244
246
253
246
235
233
230
244
255
243
250
258
260
267
265
271
264
256
246
243
252
262
251
235
208
205
221
235
241
224
213
211
219
224
230
220
211
226
233
219
211
206
199
199
184
167
162
187
194
185
179
164
155
152
166
167
154
170
178
199
189
188
185
180
173
168
180
183
158
140
146
145
143
141
146
150
162
175
173
182
175
175
183
169
172
167
164
152
144
146
144
130
130
128
117
115
117
110
113
125
129
132
137
136
131
136
136
106
85
83
80
84
74
78
78
68
67
68
74
88
89
97
109
109
84
71
67
52
58
65
65
62
47
48
46
51
62
82
99
101
92
93
93
76
56
54
38
23
16
18
18
14
5
7
21
25
31
48
60
64
67
67
69
41
17
14
13
15
10
-1
1
25
47
27
12
15
26
40
30
23
18
3
1
8
5
5
4
-5
1
-3
-2
-4
-2
-7
-5
-7
-19
-7
8
14
10
-3
-7
-11
-7
-20
-38
-41
-43
-41
-48
-31
-30
-35
-22
-17
-13
-24
-31
-17
-17
-9
-21
-33
-26
-14
-19
-38
-51
-46
-59
-50
-47
-58
-51
-51
-31
-11
-4
-1
0
-10
-21
-13
-13
-43
-52
-63
-79
-95
-106
-110
-109
-104
-101
-109
-110
-109
-96
-69
-47
-33
-28
-11
-15
-10
-5
-10
-8
-21
-40
-59
-67
-61
-44
-26
-16
-23
-33
-39
-47
-51
-56
-59
-67
-51
-26
-19
-19
-12
-19
-26
-43
-68
-75
-64
-72
-73
-57
-45
-50
-71
-84
-88
-103
-88
-87
-92
-81
-90
-105
-112
-107
-101
-91
-88
-92
-100
-100
-103
-104
-122
-130
-145
-163
-161
-152
-163
-181
-180
-177
-193
-203
-204
-193
-184
-171
-156
-142
-149
-141
-137
-135
-134
-112
-112
-118
-109
-105
-111
-120
-124
-116
-112
-111
-98
-97
-89
-79
-79
-85
-70
-69
-92
-101
-97
-93
-90
-87
-91
-95
-115
-120
-108
-83
-80
-74
-65
-64
-62
-64
-57
-50
-64
-78
-84
-90
-87
-78
-84
-85
-83
-79
-67
-46
-39
-46
-35
-25
-30
-23
-23
-38
-41
-53
-65
-64
-65
-56
-55
-59
-59
-57
-56
-57
-43
-18
-4
9
-1
-9
-2
-9
-17
-26
-46
-56
-66
-82
-81
-79
-70
-50
-39
-48
-38
-31
-24
-4
0
-1
-13
-36
-42
-25
-24
-16
-9
-21
-34
-34
-42
-40
-24
-22
-15
-7
-15
-7
-1
17
16
25
19
23
47
45
35
26
27
15
-6
-10
-16
-11
-3
0
3
-4
7
31
35
48
48
31
24
19
16
13
8
-12
-20
-19
-36
-31
-30
-18
-8
-1
2
-9
7
16
26
23
26
49
42
27
24
20
15
22
11
1
5
-11
-16
-4
19
11
13
28
38
39
47
59
57
49
46
39
46
20
0
7
6
15
10
2
-12
-5
-1
8
15
17
27
41
46
47
31
27
32
19
21
24
10
7
6
14
16
32
53
73
66
61
76
91
86
77
66
72
70
54
43
61
83
90
69
64
54
58
72
72
80
96
104
98
98
93
76
76
76
78
64
57
47
43
51
56
46
41
48
43
48
68
92
89
68
55
47
52
43
17
10
5
-16
-23
-24
-29
-21
-18
-19
-17
-10
-8
-12
-3
5
5
11
12
3
6
1
-19
-43
-50
-46
-60
-51
-39
-31
-26
-33
-13
0
16
19
14
23
-7
-19
-28
-36
-37
-35
-15
-22
-37
-44
-42
-26
-12
-7
3
7
13
9
1
-7
-6
6
21
22
20
-10
-12
-12
-9
-6
-13
-16
-2
14
6
6
8
9
19
11
5
8
6
7
1
-5
-10
-27
-37
-28
-29
-30
-29
-17
-2
-10
-12
-14
5
9
8
3
3
3
3
16
6
-5
-14
-22
-36
-53
-55
-59
-61
-54
-56
-39
-20
-8
1
-2
-9
-11
-13
-7
-22
-24
-30
-28
-37
-56
-77
-78
-68
-58
-38
-30
-33
-39
-41
-35
-8
1
-1
8
-9
-23
-30
-40
-58
-69
-67
-72
-69
-55
-53
-39
-38
-29
-19
-20
-5
-6
11
17
18
-1
-2
0
-7
-4
-12
-29
-37
-43
-32
-33
-44
-29
-11
-18
-19
-17
-10
-7
-10
1
19
20
9
-9
-25
-37
-33
-34
-17
-5
-3
11
8
35
49
66
66
51
56
59
46
50
47
30
13
6
3
-7
8
17
34
55
62
77
85
96
113
133
171
191
190
186
182
180
157
156
160
178
215
245
288
343
402
437
475
519
539
558
568
590
610
646
727
813
931
1059
1161
1273
1376
1424
1435
1419
1403
1291
1198
1244
1375
1520
1635
1681
1621
1425
1133
724
129
-516
-1111
-1681
-2240
-2784
-3224
-3505
-3615
-3628
-3580
-3427
-3201
-2907
-2561
-2210
-1902
-1651
-1440
-1257
-1124
-963
-754
-529
-336
-210
-75
71
216
311
357
363
357
350
368
363
335
285
201
161
186
205
233
272
317
351
377
396
361
335
348
332
350
374
368
339
298
251
165
103
51
-31
-78
-113
-126
-143
-176
-204
-202
-188
-175
-185
-169
-156
-136
-110
-77
-61
-56
-28
12
36
48
47
60
83
103
90
93
111
118
121
108
89
81
63
47
28
12
13
-6
-19
-38
-43
-31
-34
-26
-22
-12
-1
-9
-1
17
21
30
35
41
14
5
23
25
24
14
-2
-1
-5
-3
-5
3
-1
-7
-3
-7
-6
9
29
25
7
-6
-18
-14
-8
-19
-25
-28
-24
-24
-39
-32
-9
27
24
4
6
18
-18
-67
-127
-193
-272
-336
-440
-544
-639
-733
-822
-920
-931
-864
-722
-420
3
490
955
1278
1445
1510
1458
1335
1161
983
790
584
366
150
-15
-132
-193
-242
-294
-308
-326
-316
-298
-282
-253
-242
-222
-188
-149
-113
-84
-67
-47
-18
-19
-41
-37
-47
-52
-44
-52
-59
-78
-70
-71
-82
-78
-80
-75
-64
-38
-24
-11
0
1
16
22
14
27
27
26
33
45
41
9
-5
6
3
-7
-21
-27
-19
0
19
13
16
22
34
47
50
69
103
124
152
179
213
230
244
268
309
348
368
408
417
414
408
380
347
313
259
203
163
159
147
126
122
92
46
-5
-34
-49
-81
-155
-264
-347
-413
-509
-576
-637
-682
-740
-839
-976
-1184
-1432
-1679
-1906
-2089
-2193
-2265
-2353
-2470
-2566
-2594
-2571
-2527
-2456
-2358
-2253
-2076
-1874
-1619
-1193
-613
72
1075
2263
3405
4504
5630
6817
7786
8244
8217
7960
7530
6926
6222
5474
4439
3339
2491
1553
531
-291
-704
-764
-858
-1224
-1628
-1686
-1625
-1771
-2120
-2549
-2942
-3171
-3152
-2882
-2617
-2536
-2548
-2545
-2406
-2259
-2197
-2070
-1796
-1496
-1250
-1000
-613
-13
770
1525
2196
2792
3316
3750
4014
4166
4275
4263
4070
3721
3281
2727
2059
1286
495
-121
-548
-761
-818
-805
-687
-495
-341
-296
-337
-348
-331
-350
-611
-1191
-1881
-2471
-2799
-2885
-2851
-2721
-2550
-2383
-2220
-2039
-1908
-1867
-1805
-1731
-1634
-1504
-1383
-1254
-1126
-1008
-866
-751
-640
-538
-450
-363
-302
-241
-192
-173
-146
-124
-97
-62
-49
-46
-46
-51
-62
-73
-89
-98
-83
-84
-97
-108
-121
-116
-107
-114
-127
-120
-112
-106
-97
-99
-82
-58
-61
-48
-41
-59
-72
-68
-76
-90
-101
-98
-95
-73
-73
-65
-44
-34
-37
-39
-25
-8
3
23
4
-24
-63
-66
-53
-49
-41
-45
-31
-11
10
37
53
86
101
128
153
162
187
211
216
212
206
214
218
211
202
191
184
178
172
175
170
161
154
149
152
151
152
161
165
173
176
176
171
166
177
169
154
133
120
107
111
113
111
90
79
73
70
77
74
73
75
89
108
124
128
133
153
175
177
176
182
194
193
181
143
143
148
159
171
168
167
172
179
191
182
197
197
195
201
209
221
220
219
217
190
183
191
190
196
199
213
197
181
196
196
219
228
219
219
203
198
190
191
185
176
155
135
141
151
161
159
133
124
126
129
145
156
153
138
153
172
195
216
202
204
203
190
182
174
166
149
138
132
117
121
119
129
137
148
164
157
152
157
166
154
145
137
131
130
136
123
112
120
108
109
119
118
117
115
124
126
124
110
108
118
107
100
100
102
101
96
109
104
87
93
101
135
148
158
167
157
146
134
136
130
131
143
150
142
134
125
129
124
144
150
142
162
164
178
179
191
187
168
163
149
143
135
113
120
107
118
124
111
115
124
129
147
156
158
155
160
170
157
155
147
152
153
151
140
131
142
141
142
160
178
192
193
192
185
187
177
160
148
153
147
144
155
151
119
108
131
145
150
137
131
146
152
165
166
158
158
159
171
156
138
127
128
117
103
101
90
75
71
82
78
65
80
97
85
84
89
86
99
113
130
129
129
125
109
89
77
56
28
3
-1
4
10
3
-3
-5
-18
-14
-4
1
12
20
24
15
-5
4
-10
-11
-19
-7
5
9
2
-34
-49
-36
-35
-42
-67
-51
-38
-34
-27
-48
-59
-65
-70
-82
-105
-112
-102
-107
-103
-104
-109
-112
-127
-140
-154
-152
-159
-159
-158
-155
-150
-140
-125
-111
-118
-133
-142
-144
-155
-179
-183
-181
-167
-164
-165
-155
-159
-143
-135
-139
-130
-137
-124
-120
-122
-129
-136
-138
-132
-138
-154
-184
-200
-204
-197
-181
-170
-162
-172
-177
-175
-175
-160
-152
-139
-134
-145
-157
-168
-171
-180
-180
-175
-202
-214
-217
-216
-226
-232
-221
-224
-224
-203
-179
-171
-165
-167
-161
-159
-161
-170
-178
-183
-181
-175
-183
-182
-187
-191
-176
-180
-173
-167
-162
-145
-122
-122
-125
-130
-139
-146
-134
-138
-135
-129
-116
-106
-130
-133
-151
-158
-151
-149
-128
-108
-85
-66
-54
-41
-35
-42
-44
-47
-58
-61
-60
-75
-93
-81
-94
-113
-118
-117
-110
-102
-94
-86
-91
-70
-52
-33
-24
-34
-24
-19
-14
-21
-40
-41
-45
-44
-58
-69
-72
-58
-36
-34
-39
-29
-29
-9
1
5
13
1
-5
-4
-9
-33
-47
-34
-17
-27
-40
-42
-48
-64
-46
-32
-26
-21
-32
-33
-29
-13
-13
-16
-21
-39
-47
-41
-29
-33
-43
-47
-43
-20
-2
-11
-11
-2
-8
-16
-14
-3
7
7
-8
-30
-30
-22
-26
-22
-36
-42
-39
-35
-20
-9
2
10
11
16
-4
-17
-33
-48
-44
-40
-31
-38
-49
-39
-41
-34
-29
-33
-22
-19
-19
-13
-3
1
2
-3
-13
-13
-52
-60
-54
-67
-90
-103
-89
-88
-79
-44
-32
-8
-2
-8
0
5
23
15
21
27
10
-1
-9
-18
-12
-5
10
17
18
11
-15
-28
-41
-36
-19
-5
7
41
70
93
111
120
98
64
49
33
-2
-26
-40
-50
-48
-40
-40
-24
-4
9
11
7
16
10
21
36
28
25
44
46
51
41
36
35
46
60
72
73
64
80
74
70
61
44
42
45
41
56
73
76
45
29
40
47
58
63
65
76
80
76
71
57
48
25
29
28
29
34
33
48
48
71
74
75
80
89
92
92
78
56
42
30
10
20
28
30
35
49
59
53
49
66
68
77
76
75
72
59
51
31
31
29
24
22
19
3
-4
6
44
42
34
46
38
40
50
34
39
54
32
25
21
14
-1
6
11
27
44
54
62
62
64
64
54
44
23
31
30
33
36
25
23
16
16
30
59
54
53
54
45
45
53
35
28
26
48
52
44
43
44
38
41
34
40
53
56
53
49
42
40
38
37
30
26
27
25
24
27
28
22
28
41
58
73
59
50
35
36
33
16
-4
-29
-36
-27
-9
-3
-8
-3
6
12
27
20
24
31
28
38
55
55
50
37
42
32
26
15
10
28
39
47
26
27
32
35
37
7
-3
17
23
25
4
0
-14
-26
-29
-35
-35
-30
-28
-27
-42
-52
-54
-76
-79
-83
-67
-48
-50
-48
-39
-36
-21
-2
-4
-15
-21
-22
-9
-21
-26
-19
-31
-28
-13
-12
-12
-6
0
5
13
18
-14
-4
-7
4
8
16
31
-4
-17
-20
-32
-20
-26
-27
-8
-11
-3
-3
7
8
2
-2
-9
-24
-34
-23
-20
-37
-34
-38
-41
-36
-29
-16
-13
-6
-8
-9
-1
-2
11
21
20
4
2
9
9
-10
-17
-24
-32
-20
-6
-7
7
19
13
17
35
19
11
-1
1
9
4
-20
-19
-30
-45
-60
-54
-60
-53
-46
-20
-5
-22
-23
-25
-25
-5
-10
-37
-35
-40
-24
-26
-39
-54
-47
-44
-49
-40
-35
-24
-22
-41
-43
-47
-30
-37
-47
-55
-59
-62
-76
-75
-75
-76
-72
-60
-63
-65
-58
-32
-27
-30
-21
-32
-35
-45
-44
-50
-32
-21
-24
-31
-33
-37
-27
-33
-48
-33
-9
12
6
8
27
27
31
19
4
9
8
-13
-28
-26
-25
-9
13
26
26
23
36
20
4
25
37
46
45
51
43
36
16
15
17
5
-5
-5
-14
-10
2
7
17
8
1
19
31
49
62
56
62
59
60
51
33
28
-1
-5
-6
-1
-3
-13
-25
-17
5
20
26
37
32
41
55
46
32
19
30
23
-2
-7
-19
-14
-1
7
-15
-20
-8
-15
-9
11
11
12
25
36
33
25
20
14
13
-2
4
1
-14
2
3
12
17
2
14
22
35
39
30
30
24
26
