0
2
9
12
1
9
39
48
35
42
36
37
29
23
30
11
-10
-24
-35
-33
-41
-54
-63
-57
-49
-50
-57
-70
-59
-20
-5
-6
-2
24
33
31
36
24
30
29
28
27
23
7
-15
-30
-14
-15
-14
-11
-15
-1
6
4
11
25
24
27
19
14
-10
-23
-25
-12
-11
-2
-42
-61
-43
-44
-33
-2
14
21
25
29
17
11
13
23
26
9
8
1
-2
-3
-3
12
4
-6
5
28
51
47
24
1
-16
-20
-9
-2
-1
-15
-36
-35
-15
-15
-42
-38
-23
-4
22
23
27
23
17
15
12
10
1
-1
0
7
14
15
17
4
14
21
19
25
23
36
39
29
36
27
20
22
25
27
23
25
28
28
44
54
37
38
43
54
64
84
75
74
71
60
56
41
29
34
43
42
32
33
41
47
88
109
101
109
128
145
151
141
123
111
114
112
113
112
109
100
85
87
90
85
73
58
60
81
101
112
122
122
118
105
96
87
85
71
76
69
61
49
17
25
67
94
98
89
86
79
80
81
79
94
84
66
64
50
31
36
47
49
44
48
30
26
45
64
72
59
43
52
50
39
33
25
20
18
-6
-27
-29
-39
-47
-32
-18
4
11
21
19
22
19
9
9
22
15
-8
-28
-38
-61
-67
-65
-62
-56
-62
-74
-88
-87
-62
-59
-57
-46
-47
-64
-90
-90
-79
-80
-96
-119
-126
-103
-97
-89
-98
-92
-79
-67
-62
-70
-61
-64
-65
-57
-70
-83
-80
-76
-86
-90
-73
-67
-59
-62
-74
-82
-99
-88
-79
-73
-77
-87
-88
-88
-102
-113
-112
-112
-121
-121
-118
-110
-101
-98
-92
-65
-48
-54
-70
-79
-67
-53
-50
-63
-99
-99
-91
-88
-105
-105
-92
-105
-106
-75
-51
-46
-29
-23
-31
-22
-10
-13
3
3
-7
-27
-58
-84
-95
-73
-63
-75
-83
-83
-72
-49
-36
-29
-32
-34
-26
-15
-22
-30
-20
-4
-14
-24
-33
-31
-33
-40
-51
-28
-13
-19
-12
-2
11
26
24
24
17
-4
-3
-2
-20
-27
-1
3
-11
-6
0
3
11
23
27
33
39
29
17
23
10
-1
-9
0
4
8
14
11
7
10
31
43
22
20
16
24
35
38
39
29
27
23
12
10
4
3
7
-12
-8
11
16
-4
-4
28
51
49
46
45
43
30
13
20
9
16
12
9
1
-29
-29
-17
-4
-1
17
24
23
18
29
35
46
39
34
46
46
27
0
3
5
2
10
-5
-12
2
18
30
43
48
48
47
56
55
26
29
39
16
6
7
1
5
13
8
15
26
28
9
5
13
16
22
30
23
11
7
10
10
6
7
-4
-7
-14
-14
-4
2
-14
1
37
46
40
35
28
27
29
19
1
-14
-4
10
5
-13
-13
2
18
27
5
-15
-13
18
39
49
53
60
57
39
23
2
-11
-34
-48
-35
-36
-39
-47
-43
-30
-2
20
11
21
17
22
28
27
29
9
5
4
-7
17
23
16
1
7
18
11
-15
-28
-5
30
31
13
11
15
4
-18
-24
-27
-27
-21
-20
-16
-15
-17
-17
-10
15
28
30
20
2
3
-1
3
-8
-26
-17
-18
-14
-10
-26
-17
-15
-1
18
40
31
19
47
65
58
46
43
53
25
7
1
-5
-8
-7
-2
0
0
10
16
17
34
63
70
60
42
30
30
23
11
11
24
36
25
15
6
10
22
16
19
41
34
15
33
41
63
54
47
42
46
40
17
18
6
-18
-30
-17
-16
-22
-22
-24
-9
11
17
29
44
41
52
48
52
40
42
40
37
22
-1
-7
-10
-4
9
7
-10
-19
3
24
24
43
44
50
38
10
-14
-15
-13
-5
-3
-17
-16
-22
-19
-22
-13
6
12
31
40
45
44
38
35
20
2
-8
-7
-8
-16
3
12
14
18
10
-9
-27
-9
11
15
6
-1
17
14
3
-13
-19
-16
-29
-27
-24
-19
-34
-43
-41
-20
-5
-7
7
16
-4
-17
-21
-13
-21
-32
-50
-55
-52
-60
-53
-32
-17
-17
-9
-3
-15
-14
1
27
25
10
-11
-29
-41
-53
-58
-59
-67
-74
-81
-82
-81
-74
-54
-26
4
-1
11
16
13
1
-15
-4
-1
-30
-36
-41
-46
-48
-45
-36
-7
-10
-4
-30
-40
-25
-5
14
19
16
13
-11
-34
-44
-45
-51
-46
-55
-53
-43
-51
-34
-27
-31
-21
-28
-12
2
3
10
9
-7
-27
-30
-32
-34
-34
-49
-61
-75
-75
-59
-60
-70
-62
-32
-18
-12
-17
-29
-41
-29
-23
-33
-45
-55
-56
-57
-70
-63
-61
-56
-59
-45
-21
-12
-19
-25
-27
-25
-35
-47
-49
-52
-57
-57
-48
-49
-56
-65
-40
-20
-20
-39
-47
-34
-31
-24
-24
-26
-27
-47
-46
-50
-47
-47
-45
-48
-54
-67
-63
-53
-37
-10
5
5
-21
-32
-16
-28
-43
-48
-55
-48
-40
-42
-56
-66
-64
-52
-41
-38
-25
-30
-37
-39
-25
3
-1
-4
-13
-27
-38
-54
-77
-86
-78
-84
-96
-76
-57
-54
-43
-17
17
3
-14
-25
-33
-25
-29
-13
5
-13
-24
-33
-49
-66
-73
-67
-56
-47
-45
-48
-47
-38
-33
-20
-13
-27
-32
-29
-34
-38
-46
-53
-56
-79
-100
-77
-51
-58
-71
-42
-32
-27
-14
-6
-19
-33
-36
-34
-34
-31
-31
-30
-36
-72
-70
-64
-56
-57
-51
-54
-61
-58
-50
-37
-35
-44
-39
-38
-41
-50
-68
-64
-63
-75
-68
-58
-57
-41
-25
-10
-10
-10
-7
-16
-21
-15
-10
-5
-19
-28
-33
-25
-26
-37
-29
-26
-16
2
12
-4
-28
-19
-14
-14
-15
-17
-3
-3
-27
-42
-54
-61
-71
-55
-47
-37
-30
-17
4
34
60
55
64
83
79
75
92
96
94
79
76
58
29
-3
-23
-50
-69
-81
-86
-110
-116
-106
-100
-91
-76
-74
-64
-64
-87
-92
-118
-154
-184
-209
-254
-289
-320
-338
-355
-362
-396
-440
-465
-497
-543
-582
-639
-689
-762
-834
-887
-928
-938
-938
-968
-995
-1015
-1054
-1149
-1254
-1363
-1449
-1505
-1559
-1557
-1481
-1337
-1158
-907
-596
-319
-105
86
319
607
982
1373
1754
2072
2380
2664
2903
3126
3307
3433
3436
3261
2983
2633
2258
1886
1537
1225
947
683
405
108
-176
-407
-613
-788
-933
-1078
-1194
-1234
-1168
-1096
-1048
-1010
-972
-940
-859
-749
-632
-537
-411
-275
-183
-113
-46
-23
-8
8
8
16
17
8
23
40
31
31
56
90
129
185
230
252
275
293
286
262
251
221
193
153
128
112
88
63
36
33
-4
-32
-53
-80
-102
-124
-135
-135
-123
-98
-103
-125
-123
-104
-87
-85
-61
-12
5
22
48
64
71
80
82
92
95
107
88
67
69
65
48
35
29
22
12
-10
-27
-36
-43
-51
-48
-50
-54
-49
-39
-54
-44
-27
-25
-23
-28
-20
-33
-42
-24
-24
-13
-5
5
7
17
28
25
26
35
37
35
34
50
68
81
83
55
54
46
16
5
3
5
18
27
48
63
79
84
77
103
121
116
106
88
67
52
32
21
4
-5
-15
-14
-8
0
-4
-13
5
12
33
29
23
29
27
-1
-27
-42
-40
-49
-53
-59
-71
-73
-67
-50
-52
-48
-50
-61
-49
-38
-49
-48
-21
-11
-16
-9
-5
-21
-47
-73
-79
-72
-66
-73
-69
-67
-60
-63
-60
-72
-61
-41
-20
-17
-10
-3
-5
-17
-37
-63
-77
-73
-74
-89
-104
-88
-85
-83
-66
-44
-23
-20
-5
-15
-13
-14
-23
-16
-8
6
16
30
41
35
23
13
21
54
63
54
55
83
99
94
85
79
67
75
69
41
24
25
63
93
109
114
100
91
94
109
112
102
80
48
19
-9
-47
-73
-108
-140
-182
-230
-277
-314
-326
-328
-316
-274
-224
-183
-117
-15
100
225
341
415
484
582
651
688
699
709
730
761
783
774
714
613
527
449
389
301
187
45
-81
-195
-258
-310
-363
-434
-550
-695
-820
-895
-923
-913
-851
-798
-791
-783
-712
-599
-488
-377
-298
-194
-83
-1
50
96
159
222
277
368
446
517
589
607
607
583
518
427
369
306
223
147
73
16
-38
-74
-96
-145
-201
-258
-291
-303
-326
-325
-319
-344
-372
-423
-462
-479
-508
-549
-581
-601
-613
-622
-614
-592
-530
-450
-378
-292
-239
-218
-198
-153
-123
-113
-99
-76
-41
10
23
47
73
92
102
101
95
89
91
79
72
63
55
35
-8
-25
-10
-8
-32
-39
-49
-44
-55
-74
-99
-115
-136
-152
-145
-152
-161
-143
-114
-93
-83
-70
-69
-73
-76
-69
-62
-48
-46
-38
-46
-35
-37
-32
-20
-26
-38
-48
-54
-71
-57
-20
6
6
-4
-5
-2
-4
-7
-13
-21
-37
-46
-37
-28
-29
-27
-15
9
21
34
38
43
31
15
12
12
18
21
-3
-27
-39
-69
-60
-58
-51
-30
-13
5
-25
-37
-8
14
40
45
34
25
6
1
-5
-20
-34
-44
-51
-52
-47
-53
-42
-35
-26
-14
-18
-12
10
15
14
20
41
40
38
23
-7
-22
-26
-34
-42
-29
-18
-28
-44
-44
-25
-25
-15
-9
0
9
26
34
29
14
-12
-1
2
-22
-32
-31
-26
-28
-7
9
1
-3
-16
-18
-5
3
21
26
29
0
-8
-3
-1
1
-15
-23
-26
-27
-40
-41
-24
3
20
24
23
31
36
18
3
-11
-14
-8
-21
-38
-36
-33
-29
-11
15
11
-7
0
12
26
21
32
26
0
-10
-19
-11
-6
-22
-37
-32
-19
-11
-15
-21
-21
-5
-6
17
31
39
52
36
37
26
0
-9
-24
-34
-31
-13
-7
-11
-18
-22
-6
12
31
47
48
35
8
8
8
-4
1
13
9
4
3
4
14
25
33
6
1
15
21
21
37
51
52
30
7
-9
-10
0
5
4
6
21
18
23
20
34
56
57
78
80
65
60
52
49
34
34
39
45
39
38
46
63
63
93
110
92
72
82
98
123
124
110
113
112
89
70
53
37
42
43
33
18
10
21
24
43
57
73
78
61
80
88
79
74
66
67
72
84
69
49
43
37
43
50
46
31
24
46
62
75
77
82
104
89
66
70
67
66
50
39
26
13
0
-17
-5
9
19
6
2
17
41
49
52
53
38
34
47
52
46
24
8
0
2
10
6
-10
-16
-12
3
17
12
34
65
84
87
68
43
34
36
31
22
5
8
-4
-7
-8
6
12
7
-11
-4
-3
-2
2
13
16
1
-6
-8
-5
-24
-31
-47
-66
-52
-75
-88
-74
-77
-56
-43
-31
-16
-19
-35
-56
-66
-79
-86
-96
-106
-102
-118
-112
-100
-79
-57
-67
-62
-70
-74
-77
-85
-65
-64
-78
-81
-79
-79
-99
-97
-81
-84
-92
-92
-107
-109
-102
-89
-71
-61
-54
-67
-84
-92
-90
-88
-97
-96
-94
-101
-98
-124
-136
-127
-86
-75
-67
-59
-61
-50
-29
-17
-18
-19
-15
-17
-26
-38
-50
-41
-61
-64
-72
-71
-73
-67
-40
-34
-21
-30
-24
-9
-9
-16
-18
-15
-5
-13
-21
-31
-35
-47
-51
-43
-37
-24
-20
-18
-6
4
6
0
-3
-19
-17
7
13
-16
-18
-10
-25
-22
-20
-4
-24
-37
-18
-9
3
17
24
38
40
23
13
12
-13
-16
2
-6
-7
-7
-6
10
22
31
31
36
24
32
57
38
17
25
23
25
22
16
-1
-16
-14
-10
-8
-10
-11
3
22
25
35
31
55
63
46
41
18
9
4
-2
-9
-5
-1
-4
0
0
7
29
33
32
37
40
45
31
35
21
23
12
-4
-16
-31
-16
-16
-6
11
22
20
22
34
48
41
24
17
34
47
41
32
15
1
-5
-11
-19
-15
-7
-10
-7
16
30
37
39
30
29
31
29
20
28
38
19
9
-4
-6
2
10
15
15
10
-6
-6
13
29
39
46
36
38
35
22
-1
-11
-22
-31
-29
-33
-34
-27
-19
-14
-1
16
28
36
30
28
29
26
26
21
14
24
27
16
-9
-20
-23
-28
-13
3
-3
-12
1
-1
15
28
17
1
10
18
4
-18
-32
-27
-23
-44
-53
-55
-53
-55
-35
-17
-13
-17
-3
23
39
34
28
9
-1
6
18
23
7
-11
-15
-20
-27
-40
-42
-31
-36
-25
-8
-5
6
25
29
26
13
8
11
8
1
-19
-7
-11
-17
-19
13
28
16
6
-7
-15
-9
0
9
12
15
32
57
57
39
24
-2
8
0
-9
-17
-27
-14
-13
-22
-21
-22
-1
7
8
10
1
0
8
15
20
30
36
31
12
14
12
-9
-24
-40
-35
-20
-12
-8
10
34
60
60
39
34
50
58
49
50
49
21
7
-5
-16
-8
-7
-4
23
25
15
-2
10
26
42
47
42
31
14
19
29
41
42
16
9
-7
-15
-19
-20
-14
-10
-6
-4
12
18
23
28
21
17
23
35
6
-13
4
-2
-5
-11
4
9
-7
-10
13
16
2
7
24
27
29
12
4
5
30
32
5
-13
-14
-16
-21
-40
-32
-14
13
10
5
0
4
12
-3
2
5
-1
-18
-38
-35
-45
-43
-34
-26
-24
-29
-40
-35
-41
-39
-18
-11
-8
-1
5
1
-11
-6
1
-12
-10
-17
-23
-16
-10
-11
-15
-4
-5
5
7
7
-2
-13
-13
-13
-17
-34
-31
-11
-14
-10
-16
-29
-20
-32
-21
-14
-31
-36
-31
-22
-18
-23
-27
-41
-41
-22
-19
-23
-21
-10
-29
-41
-37
-29
-20
-24
-48
-46
-36
-25
-22
-17
-4
-12
-2
-16
-19
-12
-10
-6
-6
0
2
-9
-7
-21
-35
-33
-41
-42
-45
-32
-30
-42
-40
-16
2
-3
-4
-7
-3
-5
-20
-15
-15
-9
-17
-32
-49
-46
-45
-53
-48
-35
-39
-61
-67
-60
-31
-3
5
3
12
7
-19
-29
-38
-48
-45
-50
-52
-45
-58
-57
-50
-24
2
-10
-21
-40
-36
-21
-36
-39
-38
-37
-31
-32
-49
-53
-48
-58
-66
-59
-45
-34
-32
-21
-25
-33
-31
-36
-40
-47
-61
-60
-63
-64
-75
-77
-77
-88
-69
-58
-44
-23
1
3
3
7
12
13
6
-19
-37
-47
-34
-25
-39
-43
-39
-49
-49
-35
-31
-50
-55
-49
-26
-10
2
-8
-5
-14
-17
-13
-28
-31
-33
-34
-33
-29
-25
-34
-23
10
15
17
21
18
15
20
7
1
10
25
24
22
10
13
29
26
25
25
21
-7
-23
-21
-8
4
10
13
17
16
23
16
22
28
11
3
-14
-27
-37
-42
-38
-18
-18
-9
18
16
25
43
23
9
16
24
19
7
7
1
-19
-24
-21
-3
4
-8
-21
4
29
48
46
33
41
56
73
58
30
4
1
9
17
20
31
38
25
35
56
61
40
27
45
35
26
22
3
-14
-30
-30
-41
-50
-38
-20
-8
1
3
-1
0
16
18
30
36
19
26
27
21
-1
-11
-20
-24
-2
-10
-24
-11
1
7
17
41
49
39
27
37
38
35
48
60
59
51
40
9
-12
-35
-43
-43
-45
-55
-91
-92
-73
-87
-84
-83
-74
-45
-45
-53
-70
-92
-99
-123
-154
-174
-182
-202
-216
-249
-291
-323
-368
-408
-457
-504
-565
-638
-717
-774
-821
-856
-886
-908
-923
-939
-982
-1051
-1142
-1290
-1458
-1598
-1704
-1815
-1878
-1881
-1807
-1649
-1410
-1046
-652
-340
-110
150
475
910
1400
1874
2255
2549
2789
2971
3117
3258
3307
3257
3065
2761
2417
2046
1695
1339
1037
768
520
305
91
-79
-194
-309
-415
-518
-586
-653
-666
-598
-541
-517
-530
-533
-520
-499
-460
-416
-354
-265
-200
-163
-151
-142
-137
-146
-148
-143
-133
-96
-87
-95
-81
-52
-5
47
79
102
126
159
159
161
150
143
121
97
94
81
58
46
52
69
72
57
32
5
-14
-40
-54
-69
-81
-100
-124
-117
-110
-100
-98
-106
-108
-93
-75
-51
-25
9
40
59
74
81
93
103
96
110
111
92
44
28
48
68
71
52
29
6
-7
-8
-14
-25
-40
-44
-33
-34
-43
-68
-91
-88
-69
-30
-31
-41
-39
-35
-29
-35
-24
-12
-10
0
19
6
12
34
31
34
50
21
-3
-14
-4
10
18
27
21
19
22
17
4
-19
-26
-17
-2
36
68
77
86
79
95
115
96
82
56
31
4
-15
-19
-20
-24
-17
4
12
14
32
46
65
77
51
20
18
28
13
-8
-24
-33
-40
-61
-61
-63
-70
-72
-79
-96
-109
-103
-80
-74
-62
-29
-28
-54
-54
-58
-68
-68
-62
-47
-47
-47
-37
-33
-37
-49
-42
-38
-18
-7
-10
-36
-60
-40
-22
-8
-5
-8
-11
-20
-19
-28
-47
-64
-59
-61
-71
-78
-68
-77
-51
-23
-22
-8
-1
-9
-11
5
5
-11
-7
-4
9
28
34
38
43
50
62
75
81
57
48
60
71
76
59
52
50
45
54
55
49
54
75
76
71
73
66
77
61
42
37
22
6
-19
-47
-84
-132
-169
-218
-262
-306
-366
-424
-480
-484
-489
-480
-445
-409
-366
-284
-120
55
202
305
401
503
631
740
847
919
982
1042
1093
1131
1140
1080
1013
936
843
749
626
466
276
109
-36
-146
-219
-306
-429
-561
-682
-777
-834
-843
-841
-779
-712
-642
-568
-461
-337
-224
-140
-73
6
68
108
146
169
202
228
228
262
321
355
400
453
466
464
420
322
233
172
104
27
-69
-170
-226
-240
-253
-280
-342
-409
-471
-510
-515
-480
-438
-437
-459
-497
-549
-584
-595
-585
-579
-606
-642
-680
-723
-745
-705
-585
-441
-275
-160
-84
-7
62
114
148
160
159
169
217
244
255
267
292
303
303
296
291
279
278
242
194
168
131
93
63
58
42
27
-1
-27
-57
-70
-94
-118
-131
-131
-142
-142
-158
-172
-172
-163
-121
-103
-106
-88
-59
-64
-45
-39
-21
-2
10
10
17
24
12
26
44
44
40
36
13
-14
-19
-20
-27
-29
-27
-11
-12
-13
-16
-20
-3
-3
-15
-22
-26
-13
-16
-30
-19
-14
-37
-44
-41
-29
-5
11
36
29
19
20
30
36
41
47
33
29
30
17
3
-11
-11
-4
12
27
28
41
44
46
29
20
29
18
4
-4
-4
0
4
-5
-5
5
-3
-18
-11
4
11
15
18
6
0
14
10
-3
-17
-20
-30
-35
-25
-15
-35
-29
-7
3
12
1
-6
11
29
29
5
-3
-3
-7
-13
-30
-39
-39
-36
-45
-50
-8
-10
-7
-18
-13
-8
0
25
9
-8
5
8
-3
-37
-60
-56
-42
-32
-28
-39
-44
-48
-33
-20
-9
10
15
-1
-7
-5
-4
-20
-21
-13
-12
-7
7
-3
-14
-1
13
21
12
-3
3
14
16
8
3
11
3
-5
-1
4
1
-3
12
13
5
9
12
25
31
39
29
23
34
14
6
13
-7
-16
-10
5
9
4
1
5
3
28
51
56
40
29
40
55
49
46
40
29
11
7
10
18
12
10
39
56
48
37
49
77
90
93
100
92
74
51
47
36
23
16
14
22
16
15
29
34
42
64
84
66
55
56
61
81
63
50
36
25
12
2
2
2
12
26
22
20
39
20
39
77
89
97
103
107
108
115
105
95
91
90
89
92
89
91
93
99
106
147
174
161
165
157
142
140
130
136
136
137
135
137
120
113
116
106
113
118
109
88
100
134
153
163
178
167
162
144
147
132
107
104
99
86
73
66
46
61
67
97
101
100
129
127
117
113
103
119
101
96
103
112
110
108
109
118
112
98
82
64
52
59
75
85
74
62
76
74
67
59
54
64
71
66
61
55
44
38
35
47
47
31
23
29
34
35
47
46
45
40
37
35
29
15
-6
-13
-15
-7
4
-16
-27
-22
-28
-34
-32
-22
-10
-25
-39
-52
-61
-71
-91
-93
-87
-98
-117
-116
-115
-111
-99
-99
-93
-89
-98
-97
-97
-86
-95
-107
-114
-115
-123
-134
-129
-118
-118
-112
-98
-99
-92
-71
-68
-81
-93
-85
-82
-81
-76
-83
-88
-102
-100
-95
-81
-73
-71
-62
-63
-60
-45
-35
-26
-38
-48
-32
-41
-47
-59
-53
-41
-42
-42
-47
-40
-59
-60
-29
-4
-14
-12
3
-2
0
14
22
22
21
21
11
-10
-20
-10
-4
11
12
25
51
47
52
70
75
76
76
76
77
66
60
50
49
39
41
35
33
31
23
38
66
69
59
60
77
79
96
96
74
87
87
85
95
91
79
72
69
56
50
50
50
65
98
129
142
146
151
144
132
114
112
94
84
106
116
113
118
131
150
160
154
154
139
129
126
112
108
98
97
87
83
73
85
115
114
100
97
107
107
110
110
128
166
167
153
146
125
114
103
102
114
110
104
96
94
95
90
92
98
110
127
143
136
130
138
150
164
169
163
170
151
141
137
125
105
108
89
84
95
103
120
123
131
144
136
143
159
178
186
180
168
147
143
149
134
120
122
121
110
111
124
136
124
110
111
130
142
144
135
149
146
126
112
97
86
70
69
77
73
59
57
73
88
83
70
72
74
89
88
77
66
51
37
24
33
33
12
-10
-9
12
22
28
9
-10
4
22
48
34
22
23
9
-2
5
-4
-30
-46
-40
-44
-47
-62
-60
-46
-25
-12
-16
-11
-3
3
14
15
-11
-23
-29
-45
-52
-49
-44
-41
-41
-38
-36
-29
-47
-75
-65
-40
-22
-40
-49
-58
-59
-67
-87
-83
-92
-103
-106
-107
-99
-91
-88
-99
-92
-76
-75
-53
-41
-49
-45
-68
-77
-89
-98
-101
-115
-110
-99
-94
-95
-94
-74
-66
-71
-85
-94
-76
-56
-48
-54
-51
-64
-88
-97
-107
-107
-105
-111
-117
-104
-94
-99
-92
-61
-46
-54
-59
-68
-56
-44
-41
-67
-84
-92
-109
-115
-112
-107
-94
-79
-80
-77
-68
-76
-83
-65
-61
-52
-35
-44
-49
-55
-62
-73
-89
-79
-73
-73
-79
-71
-75
-83
-75
-54
-24
-23
-15
-8
-9
-25
-43
-51
-64
-88
-93
-91
-90
-98
-95
-101
-89
-61
-46
-43
-48
-32
-33
-28
-19
-33
-42
-44
-55
-60
-77
-100
-100
-84
-69
-61
-76
-69
-42
-16
8
3
-2
-4
-27
-50
-63
-60
-68
-84
-80
-71
-60
-59
-69
-79
-72
-52
-33
-31
-36
-15
-1
17
12
5
4
8
-17
-27
-34
-64
-78
-79
-69
-69
-78
-81
-83
-63
-37
-33
-27
-16
6
13
-3
-11
-19
-22
-22
-9
1
-10
-24
-43
-49
-51
-52
-51
-57
-46
-23
1
7
13
19
21
7
6
1
4
-13
-21
-19
-33
-48
-55
-51
-23
-7
-15
-3
10
17
14
17
13
11
27
15
-3
-2
-4
-7
-17
-21
-23
-15
-39
-62
-41
-3
31
12
6
11
25
14
12
-6
-23
-42
-33
-36
-34
-38
-55
-55
-48
-26
-22
-20
-22
-22
-15
-18
-11
-6
-24
-28
-18
-17
-23
-32
-32
-32
-25
-25
-43
-41
-32
-15
0
-9
12
26
32
28
25
46
45
38
37
33
36
34
42
38
57
87
103
92
88
104
119
148
192
226
254
291
317
349
369
384
382
378
388
395
376
354
362
360
370
368
358
353
350
329
304
283
260
239
224
206
174
139
114
91
78
60
42
40
38
36
34
4
-26
-41
-45
-54
-81
-145
-217
-277
-370
-462
-569
-686
-819
-958
-1072
-1175
-1285
-1387
-1460
-1500
-1543
-1585
-1619
-1637
-1615
-1599
-1582
-1545
-1513
-1502
-1533
-1557
-1583
-1631
-1717
-1807
-1909
-2032
-2183
-2345
-2501
-2588
-2611
-2628
-2717
-2850
-2905
-2858
-2795
-2747
-2600
-2298
-1815
-1107
-65
1331
2684
3618
4178
4242
3984
3647
3290
2885
2431
1952
1500
1075
727
442
203
24
-105
-167
-186
-123
1
124
262
378
482
605
719
832
944
1058
1196
1385
1606
1861
2127
2360
2552
2671
2745
2793
2809
2786
2704
2570
2401
2192
1954
1703
1439
1180
939
714
494
256
46
-120
-247
-356
-445
-511
-577
-605
-594
-561
-521
-483
-442
-408
-397
-426
-479
-533
-583
-614
-635
-645
-665
-706
-699
-678
-656
-622
-598
-582
-548
-506
-461
-418
-365
-316
-269
-196
-124
-54
9
63
113
141
150
160
158
168
196
209
230
237
229
243
260
254
255
225
159
108
77
13
-85
-185
-255
-355
-482
-641
-816
-1005
-1206
-1413
-1631
-1855
-2024
-2166
-2314
-2447
-2540
-2615
-2658
-2593
-2359
-1953
-1478
-1000
-516
-119
181
375
529
703
888
1052
1151
1189
1151
1046
918
826
800
768
715
710
733
738
714
712
737
760
728
734
745
716
667
645
634
620
618
604
549
479
408
333
242
148
82
49
31
15
17
2
-25
-46
-70
-61
-34
-22
-19
10
29
33
27
20
25
32
24
3
-7
-1
15
22
32
66
105
145
163
176
199
198
177
149
158
166
140
123
100
88
70
49
37
7
-11
-22
-23
-23
-33
-14
7
21
29
35
44
53
78
95
94
85
79
86
85
104
101
84
79
68
59
42
28
3
-20
-3
23
25
33
27
33
49
59
50
54
53
44
46
56
52
48
32
22
42
67
85
66
54
66
85
117
136
142
149
146
146
127
119
109
116
137
146
145
141
128
121
135
145
154
168
173
162
153
151
151
152
148
139
131
128
118
133
148
142
167
196
195
187
193
196
196
192
191
191
174
170
174
165
140
139
160
168
179
175
158
140
154
176
158
155
146
153
144
133
138
130
131
127
104
94
98
101
89
95
116
124
108
87
94
110
131
140
138
138
123
115
99
84
78
74
68
69
61
53
46
39
68
76
78
69
76
68
71
62
34
26
31
26
13
4
0
-5
-33
-36
-34
-24
-36
-48
-31
2
1
-8
6
16
4
6
5
0
-7
-2
4
-14
-21
-9
-13
-2
36
45
34
22
24
25
23
9
-11
-6
-13
-25
-28
-25
-36
-55
-62
-51
-63
-72
-76
-81
-70
-54
-63
-76
-76
-73
-88
-81
-91
-109
-126
-144
-162
-172
-160
-171
-203
-211
-204
-190
-200
-210
-201
-194
-192
-186
-179
-182
-176
-153
-150
-163
-170
-169
-182
-190
-176
-187
-195
-202
-191
-172
-155
-145
-140
-139
-129
-125
-133
-128
-120
-127
-149
-157
-139
-139
-127
-108
-91
-74
-89
-94
-104
-113
-108
-101
-99
-115
-119
-125
-124
-119
-125
-113
-97
-85
-68
-64
-89
-113
-90
-88
-81
-72
-83
-86
-81
-91
-107
-113
-111
-113
-105
-86
-87
-79
-72
-62
-33
-4
-3
-22
-14
-9
-10
21
40
30
35
42
49
35
16
4
-10
12
24
20
-3
-24
-11
-13
0
10
-1
17
14
7
5
21
3
-27
-35
-50
-52
-66
-86
-85
-79
-77
-100
-108
-103
-103
-93
-97
-109
-125
-111
-89
-81
-74
-65
-72
-71
-68
-67
-84
-103
-125
-119
-112
-112
-118
-106
-94
-84
-70
-61
-62
-64
-62
-63
-81
-88
-97
-99
-97
-97
-90
-107
-117
-135
-141
-126
-139
-143
-125
-106
-91
-87
-73
-77
-89
-97
-89
-79
-74
-106
-132
-109
-98
-101
-106
-107
-97
-70
-59
-69
-72
-78
-71
-69
-73
-64
-68
-68
-65
-66
-53
-62
-87
-111
-94
-90
-88
-66
-56
-45
-46
-39
-29
-42
-37
-27
-13
-1
3
-16
-49
-52
-42
-23
-9
-2
4
-3
-10
-14
-11
9
22
34
39
64
95
104
106
124
135
125
120
106
115
126
120
105
107
111
115
119
115
144
188
196
207
227
255
254
259
292
307
321
320
289
260
270
288
278
271
262
232
224
224
219
243
262
269
289
311
311
333
364
363
353
327
299
259
227
193
149
117
84
69
61
83
81
42
-16
-50
-64
-107
-147
-208
-261
-299
-319
-355
-375
-388
-408
-407
-434
-473
-511
-556
-619
-686
-769
-861
-977
-1078
-1165
-1193
-1159
-1107
-1051
-1024
-994
-967
-982
-1027
-1081
-1097
-1138
-1191
-1240
-1325
-1417
-1546
-1682
-1801
-1918
-2050
-2198
-2252
-2244
-2233
-2273
-2304
-2224
-2044
-1860
-1708
-1490
-1168
-665
77
1138
2349
3406
4138
4528
4742
4901
4963
4926
4809
4636
4442
4228
4007
3814
3665
3493
3298
3099
2873
2625
2343
2109
1869
1598
1378
1197
1019
819
611
393
184
-21
-211
-366
-503
-617
-694
-761
-817
-854
-890
-941
-1006
-1062
-1096
-1119
-1137
-1130
-1122
-1117
-1104
-1075
-1056
-1034
-991
-944
-879
-812
-758
-736
-695
-617
-546
-503
-464
-427
-382
-347
-302
-283
-262
-223
-190
-160
-151
-159
-153
-147
-158
-166
-145
-164
-205
-234
-252
-256
-260
-251
-238
-225
-223
-229
-230
-215
-208
-221
-221
-219
-211
-199
-200
-210
-211
-200
-209
-221
-223
-225
-224
-243
-251
-259
-264
-258
-273
-282
-290
-297
-304
-292
-263
-270
-287
-292
-295
-284
-270
-275
-286
-268
-247
-226
-202
-189
-197
-196
-176
-155
-158
-168
-169
-136
-117
-97
-84
-75
-58
-51
-43
-34
-54
-62
-66
-58
-48
-47
-49
-56
-51
-36
-20
-24
-14
-25
-38
-26
-37
-41
-38
-27
-23
-30
-36
-49
-58
-55
-40
-38
-21
-25
-30
-16
-13
-6
-10
-12
5
2
2
-6
-31
-38
-44
-35
-44
-41
-51
-63
-53
-32
-11
-2
15
8
6
8
-11
-16
-7
-7
-2
-7
-23
-36
-31
-29
-30
-22
-19
-21
-18
1
20
8
10
6
6
5
19
12
5
-1
-9
-11
-9
3
-7
-16
-5
25
64
69
57
57
68
64
47
45
43
51
60
58
41
42
70
84
88
94
80
55
47
53
58
57
62
61
74
88
88
92
105
114
119
118
129
138
161
169
159
155
161
157
146
128
116
117
132
131
134
148
155
178
191
178
192
183
196
215
220
208
179
188
188
172
180
188
185
170
150
144
147
155
149
159
167
181
201
207
199
196
208
193
181
166
151
158
171
170
155
148
146
137
139
139
148
150
147
157
178
184
180
206
199
196
205
211
216
201
199
188
175
161
161
171
165
172
171
161
177
197
230
237
221
231
229
226
205
201
205
202
197
191
195
190
177
180
179
175
169
167
156
164
176
202
226
234
260
264
275
259
228
211
207
208
202
200
182
163
173
190
205
197
190
185
198
210
205
227
239
245
243
230
223
204
192
192
182
182
173
154
143
153
151
154
167
160
159
148
140
143
140
138
121
107
101
93
84
73
72
79
85
69
59
44
47
54
48
69
68
52
35
14
4
-13
-32
-45
-44
-33
-33
-38
-44
-38
-46
-43
-35
-37
-27
-30
-38
-57
-64
-59
-76
-96
-98
-83
-85
-99
-102
-90
-55
-38
-36
-34
-40
-56
-61
-45
-59
-66
-70
-83
-88
-86
-88
-109
-100
-77
-78
-87
-90
-80
-66
-46
-52
-61
-59
-60
-88
-106
-90
-93
-109
-116
-122
-109
-114
-125
-125
-100
-68
-75
-76
-86
-107
-86
-77
-65
-73
-74
-65
-62
-66
-95
-106
-121
-128
-114
-110
-107
-122
-132
-116
-103
-90
-99
-91
-94
-115
-128
-147
-138
-135
-133
-131
-138
-143
-154
-151
-127
-115
-121
-116
-106
-116
-121
-133
-122
-129
-135
-133
-148
-140
-136
-128
-128
-128
-102
-79
-76
-100
-103
-108
-109
-111
-101
-75
-95
-130
-134
-138
-131
-132
-119
-108
-98
-75
-78
-67
-41
-30
-26
-32
-50
-55
-64
-77
-77
-84
-93
-96
-102
-104
-103
-101
-96
-77
-69
-68
-103
-119
-87
-68
-60
-53
-55
-46
-57
-61
-77
-100
-94
-91
-98
-104
-103
-89
-82
-65
-46
-13
-19
-32
-40
-36
-2
-12
-35
-53
-51
-62
-78
-74
-67
-66
-66
-72
-48
-54
-87
-105
-77
-53
-43
-48
-55
-57
-61
-67
-78
-82
-76
-85
-81
-77
-62
-57
-70
-91
-86
-43
-24
-31
-41
-49
-51
-57
-54
-69
-89
-81
-72
-57
-78
-92
-93
-79
-60
-59
-62
-69
-57
-44
-36
-41
-55
-44
-49
-60
-61
-61
-62
-67
-69
-69
-59
-53
-55
-50
-14
12
-5
-29
-34
-35
-28
-42
-67
-77
-73
-73
-78
-81
-94
-73
-72
-65
-59
-52
-38
-35
-34
-23
-11
-14
-26
-12
-20
-37
-49
-71
-77
-89
-69
-59
-60
-57
-68
-52
-26
1
20
14
2
4
-1
-18
-31
-46
-51
-33
-39
-41
-44
-55
-64
-57
-52
-40
-52
-58
-52
-30
-29
-35
-30
-30
-42
-58
-77
-77
-77
-82
-76
-72
-84
-81
-64
-53
-47
-35
-21
-26
-29
-47
-57
-71
-68
-74
-83
-82
-78
-70
-84
-79
-58
-57
-46
-46
-63
-66
-47
-47
-64
-78
-77
-59
-56
-70
-81
-74
-67
-66
-80
-74
-49
-51
-46
-34
-22
-7
-16
-23
-42
-48
-51
-77
-65
-61
-65
-64
-57
-53
-68
-59
-48
-42
-27
-26
-25
-29
-20
-24
-31
-32
-46
-46
-48
-57
-57
-58
-67
-59
-38
-21
-30
-31
-36
-37
-18
1
-14
-47
-63
-60
-58
-65
-80
-85
-90
-76
-52
-40
-46
-48
-36
-30
-35
-47
-68
-80
-64
-73
-85
-88
-98
-101
-106
-93
-78
-61
-43
-47
-31
-32
-46
-38
-38
-35
-29
-19
-26
-42
-53
-54
-59
-74
-71
-54
-46
-53
-58
-50
-40
-45
-35
-23
-13
-10
-16
-39
-41
-58
-60
-66
-61
-54
-47
-40
-49
-52
-38
-20
-21
-36
-37
-43
-51
-65
-69
-56
-77
-85
-82
-76
-62
-54
-43
-28
-11
3
5
-4
-24
-22
-8
1
3
-31
-63
-92
-94
-98
-92
-100
-106
-98
-92
-90
-74
-78
-87
-77
-61
-44
-50
-54
-62
-84
-71
-54
-71
-94
-129
-150
-189
-229
-243
-240
-234
-236
-247
-258
-271
-269
-284
-306
-317
-326
-381
-494
-607
-737
-898
-1055
-1261
-1484
-1716
-1898
-2025
-2116
-2160
-2119
-2045
-2066
-2130
-2175
-2176
-2039
-1734
-1223
-609
53
690
1272
1814
2254
2578
2796
2821
2726
2581
2382
2145
1806
1452
1141
909
758
614
502
460
441
412
340
277
268
286
314
363
376
327
285
258
204
173
169
159
139
106
82
24
-20
-44
-55
-38
-37
-19
-6
-13
-24
-33
-21
-27
-12
6
42
79
80
41
-2
-47
-68
-80
-96
-111
-84
-66
-79
-77
-47
-26
-27
-8
3
-15
-19
-23
-38
-29
1
-1
0
-29
-55
-52
-48
-45
-31
-13
7
41
72
80
88
93
99
118
127
120
92
89
92
75
65
46
30
8
-8
-22
-43
-51
-56
-74
-84
-73
-55
-56
-60
-63
-55
-62
-61
-46
-44
-34
-32
-33
-19
-11
-16
-9
-4
0
12
23
27
22
9
6
-12
-3
7
20
22
21
35
43
47
49
31
29
20
22
13
20
-1
-33
-17
10
22
29
16
13
20
34
15
-1
7
14
34
55
55
29
3
-25
-13
-5
5
-16
-35
-29
-33
-21
0
16
24
39
54
30
-5
-36
-39
-20
4
51
72
68
78
109
162
142
119
107
84
71
56
47
23
3
9
24
47
38
48
60
76
83
66
53
37
22
17
8
-7
-32
-43
-69
-95
-95
-100
-101
-93
-73
-73
-78
-85
-93
-101
-80
-67
-77
-73
-71
-65
-82
-93
-74
-69
-74
-77
-65
-47
-39
-27
-27
-9
5
-2
-7
-7
-20
-27
-17
-26
-37
-26
-30
-40
-33
-18
-5
4
16
-6
-11
-6
-20
-52
-47
-24
-32
-40
-49
-55
-51
-43
-45
-61
-54
-16
-5
13
53
79
84
98
105
131
126
97
87
76
91
96
93
107
89
57
25
6
-6
0
9
11
35
44
29
32
34
46
31
1
-39
-59
-65
-70
-93
-128
-149
-177
-216
-246
-285
-330
-372
-417
-450
-446
-445
-424
-368
-311
-241
-123
27
190
317
380
429
508
620
711
768
811
878
939
992
1004
958
896
812
727
624
514
405
244
76
-62
-158
-249
-334
-409
-539
-650
-746
-794
-792
-753
-692
-633
-559
-474
-380
-287
-187
-95
-36
26
69
88
86
75
83
102
110
128
171
228
285
335
342
322
254
155
78
36
-24
-101
-172
-219
-235
-228
-224
-235
-280
-308
-324
-343
-341
-328
-298
-308
-338
-387
-455
-505
-538
-538
-539
-576
-602
-661
-688
-688
-632
-519
-397
-286
-173
-95
-49
-20
13
42
63
78
111
166
220
263
288
303
313
300
278
265
246
214
170
126
101
94
73
47
11
-24
-40
-39
-35
-50
-79
-85
-84
-100
-113
-129
-133
-129
-117
-96
-108
-92
-63
-55
-39
-37
-29
-25
-27
-28
-18
-1
-3
1
3
5
-3
-9
-2
-30
-21
-11
-13
-15
-23
-23
-15
-10
-9
-21
-24
-18
-18
-26
-1
-9
-5
13
22
31
12
4
-19
-53
-55
-60
-48
-50
-53
-50
-38
-18
-24
-9
-1
4
23
18
18
3
7
20
26
34
35
42
30
15
-9
-32
-35
-35
-25
-14
-5
6
10
10
32
47
63
54
41
32
18
8
8
14
12
11
2
-9
-15
-21
-36
-31
-12
11
2
-22
4
26
54
60
41
43
41
42
30
3
-5
-14
-13
-15
-16
-21
-35
-47
-38
-12
7
12
9
0
25
30
25
12
3
13
0
-10
-6
-3
-4
-12
-7
7
-12
-29
-4
22
30
31
43
39
23
21
18
7
-4
-14
-13
-8
-1
-6
2
5
14
42
39
31
20
18
24
16
15
1
0
10
-4
5
17
15
17
16
19
25
14
11
16
19
21
31
29
39
37
26
17
7
-13
-12
-8
-5
10
24
24
6
3
26
35
48
48
50
68
52
35
20
17
10
0
-11
-31
-23
-6
-11
-15
-14
-3
1
24
48
63
58
41
41
40
43
47
35
35
23
18
26
30
5
-25
-22
-2
31
56
67
54
41
39
38
47
53
45
32
25
23
11
10
27
45
39
45
46
25
13
12
-1
7
24
36
31
25
14
3
3
-9
-16
-19
5
30
34
39
46
60
49
40
27
13
14
0
-5
-21
-33
-34
-29
-23
-33
-22
-7
-9
0
9
-2
-15
-20
-15
2
-3
-17
-9
-13
-12
-25
-22
-25
-32
-32
-22
-10
-3
-1
20
39
57
49
54
48
37
34
34
31
21
10
-13
-16
3
-1
6
17
10
46
62
53
38
47
63
75
72
54
48
34
1
-18
-29
-28
-30
-30
-34
-32
-23
-7
-16
0
26
26
2
-22
-36
-34
-43
-56
-72
-83
-84
-93
-94
-102
-84
-89
-74
-50
-43
-40
-69
-61
-45
-36
-31
-38
-33
-38
-43
-37
-52
-61
-63
-57
-61
-71
-59
-53
-51
-45
-10
6
18
23
11
8
-2
0
-2
-20
-14
-14
-33
-43
-53
-62
-44
-40
-36
-33
-44
-24
-8
-3
18
27
19
12
-5
-2
-11
-31
-49
-36
-28
-11
-6
-23
-20
-11
17
31
22
10
16
19
6
-4
-14
-20
-13
4
11
-13
-8
3
22
51
48
30
27
51
56
56
52
62
65
51
40
29
21
29
54
67
59
62
70
62
62
98
134
119
91
86
88
95
96
102
85
70
61
54
55
54
65
57
54
50
50
80
85
114
139
139
145
136
125
110
111
111
105
117
84
67
63
68
88
91
87
106
127
135
130
132
140
140
142
142
126
109
112
111
104
75
66
61
59
61
66
66
62
77
84
90
88
93
112
124
130
128
101
66
57
54
51
58
54
46
44
66
96
90
87
78
59
56
51
57
39
17
37
51
58
58
54
64
60
52
51
49
28
32
36
34
47
50
63
64
56
55
43
22
11
21
23
27
26
14
14
30
51
41
32
39
37
52
54
43
24
14
5
-8
-3
-26
-35
-21
-14
13
22
12
-7
5
13
19
38
43
41
38
29
22
10
5
-32
-60
-43
-31
-37
-44
-46
-28
13
28
17
5
26
37
21
16
8
23
17
-1
-7
-13
-8
-19
-24
-12
-7
-25
-49
-36
-33
-22
-14
-8
3
2
-9
-9
-34
-46
-46
-28
-41
-60
-67
-66
-67
-52
-19
7
8
-7
-25
-16
-20
-11
-16
-26
-20
-15
-21
-34
-40
-40
-29
-27
-30
-27
-44
-34
-9
7
24
17
28
21
7
-16
-28
-34
-46
-50
-55
-57
-40
-55
-60
-44
-10
6
1
-4
-16
-18
-19
-30
-29
-21
-8
0
-13
-27
-34
-26
-20
-2
-1
-22
-43
-41
-28
-10
2
-10
-12
-19
-19
-26
-39
-60
-75
-60
-71
-67
-58
-49
-52
-39
-7
-9
-21
-25
-16
-5
-17
-31
-36
-34
-43
-57
-61
-74
-60
-54
-52
-38
-21
-23
-43
-39
-35
-42
-35
-28
-27
-21
-20
-29
-48
-58
-60
-49
-39
-48
-56
-82
-82
-67
-34
-21
-29
-37
-48
-48
-37
-22
-21
-21
-25
-30
-54
-83
-87
-93
-75
-64
-52
-56
-93
-87
-66
-50
-33
-34
-52
-76
-71
-57
-62
-59
-75
-75
-68
-63
-83
-89
-81
-67
-54
-60
-51
-45
-48
-39
-42
-45
-40
-42
-65
-94
-106
-115
-103
-101
-90
-75
-54
-58
-62
-49
-43
-29
-15
-23
-23
-29
-28
-54
-87
-103
-114
-105
-96
-84
-88
-92
-83
-68
-33
-48
-54
-45
-49
-45
-41
-46
-58
-63
-54
-61
-58
-58
-63
-66
-61
-58
-59
-66
-80
-74
-44
-27
-4
-21
-23
-18
-18
-24
-34
-48
-51
-48
-75
-91
-76
-76
-97
-82
-45
-33
-35
-49
-48
-27
-23
-23
-17
-13
-14
-32
-40
-46
-48
-70
-85
-74
-59
-40
-71
-74
-67
-65
-58
-48
-17
-6
-9
-11
-43
-61
-55
-35
-60
-88
-98
-114
-116
-102
-79
-69
-55
-60
-74
-68
-57
-55
-48
-34
-25
-25
-29
-43
-53
-57
-49
-68
-83
-87
-86
-86
-79
-65
-57
-58
-47
-36
-30
-31
-40
-65
-74
-63
-77
-69
-61
-72
-84
-89
-71
-55
-53
-56
-69
-65
-71
-66
-56
-47
-30
-34
-28
-34
-44
-64
-87
-81
-77
-69
-84
-83
-56
-32
-27
-17
-12
-4
2
-6
-11
-18
-26
-48
-66
-65
-73
-73
-83
-80
-45
-39
-48
-39
-42
-38
-50
-43
-38
-45
-41
-33
-31
-57
-62
-70
-68
-67
-66
-70
-65
-57
-42
-31
-24
-31
-37
-34
-39
-20
-15
-20
-41
-63
-68
-51
-31
-43
-62
-58
-44
-51
-60
-77
-64
-53
-59
-39
-30
-28
-21
-19
-17
-29
-31
-51
-53
-52
-56
-65
-76
-71
-66
-51
-35
-35
-13
4
25
37
36
54
41
41
43
37
26
3
-8
-12
-2
-20
-55
-75
-87
-85
-96
-95
-101
-102
-73
-67
-53
-69
-88
-112
-141
-150
-155
-169
-224
-250
-265
-287
-308
-336
-375
-420
-443
-473
-523
-611
-693
-753
-820
-866
-906
-922
-944
-973
-966
-1008
-1113
-1251
-1413
-1584
-1746
-1906
-2030
-2092
-2048
-1936
-1759
-1498
-1122
-733
-446
-215
44
379
831
1362
1894
2349
2745
3051
3323
3539
3671
