0
-11
-14
3
-3
-19
-32
-16
-17
-11
22
34
46
39
26
10
-9
1
-13
-16
-29
-46
-55
-53
-53
-43
-37
-38
-37
-25
-14
5
25
33
24
16
19
20
24
15
10
21
19
8
8
-15
-26
-19
-22
-6
6
28
31
27
29
6
-1
-2
-14
-9
-21
-35
-41
-44
-29
-15
-6
-7
7
-1
0
17
14
27
23
-3
-15
-21
-15
-18
-29
-32
-40
-25
-18
-36
-28
-14
-12
-13
-5
11
45
60
50
28
12
-24
-36
-27
-34
-50
-62
-48
-32
-10
10
-8
-11
-12
10
23
11
14
23
26
6
-15
-17
-18
-34
-53
-51
-29
-29
-35
-48
-33
-16
-12
3
16
27
28
14
9
-6
-16
-20
-10
-14
-22
-14
-36
-58
-52
-37
-24
-21
-12
-3
-6
-4
-6
-13
-6
-6
-8
-15
-27
-18
-27
-29
-28
-26
-44
-66
-54
-40
-14
-1
19
18
0
-1
-20
-32
-37
-38
-26
-36
-45
-58
-71
-49
-27
14
21
13
0
2
-1
-18
-12
-2
16
14
-2
-7
-15
-16
-7
1
-2
-3
-17
-34
-18
11
25
29
33
25
10
17
-5
-31
-46
-54
-42
-55
-64
-63
-53
-41
-18
10
6
8
15
15
8
-1
5
5
1
-3
-6
-1
-14
-14
-10
2
8
-6
-19
-27
-6
24
24
18
1
-19
-10
-17
-21
-38
-49
-40
-39
-50
-48
-47
-36
-24
-8
19
17
22
27
32
35
23
6
-16
-15
0
11
14
-11
-28
-41
-40
-20
-10
-22
-40
-23
-14
-2
5
1
8
20
17
-7
-20
-19
-33
-30
-30
-32
-37
-46
-34
-28
-8
5
4
10
17
5
8
9
-8
-13
-16
4
-21
-34
-20
-19
-18
-10
2
-6
-11
-3
-1
7
9
3
11
10
12
5
9
-5
-38
-46
-55
-57
-47
-39
-32
-8
15
9
-4
-11
2
7
8
-10
4
4
16
10
-12
-38
-49
-38
-39
-32
-26
-28
-26
-27
-18
4
14
26
39
32
20
2
2
1
3
-4
-28
-30
-28
-20
-19
-12
-11
-16
-7
-6
-4
9
9
3
12
25
10
-10
-20
-25
-19
-13
-14
-1
-7
-29
-36
-34
-24
-11
11
19
19
8
-4
-17
-36
-30
-19
-32
-43
-48
-40
-37
-34
-18
5
7
13
5
17
24
32
20
-2
-18
-19
-7
-13
-29
-20
-19
-12
-4
-26
-45
-33
-9
14
30
44
33
18
7
-4
-7
-25
-32
-37
-30
-30
-33
-31
-35
-39
-11
9
5
4
11
9
20
24
26
20
4
-2
-3
-5
-5
-8
-15
-17
-13
-3
3
-13
-9
-5
19
30
34
27
3
-16
-27
-25
-12
-14
-12
-32
-31
-24
-17
-6
-1
8
-16
-41
-28
-22
-12
-15
-6
-1
1
-13
-12
-7
-5
0
0
-1
-12
-2
-7
-28
-34
-19
-1
-10
-11
7
19
16
19
31
28
17
11
1
-4
-16
-16
-29
-20
-4
-14
-5
-2
6
16
17
13
7
10
2
-3
7
-7
-6
-19
-30
-42
-43
-49
-56
-42
-27
-27
-18
10
53
51
33
27
22
6
9
-5
-6
-7
-16
-27
-42
-34
-37
-32
-29
-30
-38
-17
-1
17
7
-1
-2
4
11
-5
-10
-16
-12
-26
-32
-47
-67
-47
-29
-19
-18
-12
8
21
16
14
14
4
-15
-17
-19
-18
-36
-49
-38
-24
-4
-13
-28
-25
-16
6
7
9
13
8
5
11
10
0
-2
-5
-11
-3
9
-20
-36
-27
-24
-21
-7
-12
-3
18
20
9
10
6
7
6
-20
-28
-32
-40
-36
-23
-2
3
5
5
11
11
-5
11
8
2
-5
-12
-5
-9
-11
-21
-18
-9
-15
-22
-13
-16
-7
-2
3
-2
10
10
-15
-32
-34
-35
-42
-36
-25
-10
4
2
-10
24
44
28
35
43
37
12
-1
4
-6
-7
-9
-17
-29
-49
-46
-46
-32
-13
-11
-21
-40
-13
8
26
28
26
40
36
23
12
-2
-12
-20
-40
-54
-56
-55
-66
-43
-2
17
16
18
26
27
3
2
-7
-15
0
-3
-12
-15
-22
-12
-13
-8
-10
14
5
-9
-4
-1
13
3
-11
-13
-24
-26
-40
-32
-29
-37
-42
-53
-39
-34
-35
-20
2
20
29
25
18
15
13
6
-2
-15
-21
-10
-11
-19
-28
-33
-30
-27
-10
0
-8
-16
0
10
11
15
16
8
7
0
-22
-22
-26
-27
-25
-46
-46
-47
-23
-27
-28
-10
-12
-6
-15
-27
-21
-32
-24
-44
-50
-35
-33
-42
-51
-57
-60
-50
-9
5
-21
-40
-36
-31
-35
-48
-55
-48
-60
-89
-102
-108
-134
-167
-163
-169
-192
-194
-180
-175
-158
-160
-171
-178
-180
-181
-205
-249
-298
-336
-386
-447
-520
-616
-700
-770
-850
-909
-978
-1034
-1100
-1169
-1235
-1287
-1301
-1299
-1297
-1284
-1298
-1297
-1262
-1230
-1163
-997
-723
-425
-142
137
450
840
1323
1781
2167
2491
2748
2957
3084
3014
2741
2346
2005
1720
1366
950
574
262
-4
-249
-421
-498
-516
-498
-497
-520
-514
-464
-347
-222
-122
-16
54
93
107
124
134
115
107
65
25
-14
-32
-34
-73
-99
-116
-147
-168
-179
-156
-135
-132
-123
-92
-33
27
62
93
117
131
146
147
137
152
176
192
193
196
191
192
190
181
167
139
98
58
34
31
28
23
17
25
37
31
36
29
19
28
48
63
72
78
84
81
72
64
61
50
47
39
20
-7
-22
-24
-17
-17
-25
-24
-9
5
23
10
2
-1
-4
-14
-18
-23
-28
-20
-10
16
17
7
1
9
13
23
38
47
64
67
53
46
37
33
44
37
23
25
27
28
23
33
26
45
67
76
79
76
55
37
40
32
22
27
22
5
1
10
-7
1
23
28
34
35
22
29
47
50
39
25
30
43
44
29
14
15
21
51
57
48
56
90
100
98
93
94
91
80
67
48
37
30
51
84
84
83
75
72
83
92
91
79
78
47
40
29
14
10
-13
-12
-28
-45
-32
-30
-34
-45
-48
-39
-48
-65
-58
-54
-54
-49
-34
-43
-33
-27
-21
-36
-50
-49
-32
-26
-24
-24
-29
-23
-19
-2
11
29
44
34
20
17
9
-1
-14
-8
-13
-23
-32
-29
-38
-41
-50
-56
-61
-63
-54
-12
-2
3
0
-7
7
-3
-7
-3
-19
-11
-9
7
24
44
67
65
66
83
102
123
130
123
129
123
102
85
44
14
-2
-5
-2
0
22
40
23
0
-4
-26
-33
-23
-23
-24
-64
-94
-139
-185
-218
-276
-350
-433
-509
-589
-644
-659
-666
-639
-562
-488
-407
-288
-137
43
198
288
370
499
641
763
846
875
925
999
1076
1112
1079
1032
965
840
723
632
519
366
189
31
-75
-178
-248
-305
-408
-584
-742
-849
-898
-887
-861
-807
-744
-647
-548
-439
-268
-113
-1
93
177
282
354
390
415
438
453
499
574
647
721
790
773
702
615
521
431
368
289
190
86
-19
-100
-134
-161
-185
-237
-305
-349
-391
-412
-413
-392
-385
-402
-457
-505
-549
-562
-574
-601
-615
-650
-655
-657
-656
-606
-502
-396
-270
-150
-97
-43
-2
4
35
62
73
89
128
169
185
188
199
208
203
198
196
196
181
160
132
141
145
132
116
105
83
52
30
12
-9
-24
-15
-1
-8
-32
-38
-32
-40
-50
-63
-75
-91
-91
-80
-71
-43
-35
-12
2
-4
7
10
12
16
22
37
42
54
47
35
38
34
28
9
9
18
22
18
7
16
29
28
34
35
49
61
49
37
22
25
17
-19
-36
-26
-29
-23
-17
-5
-10
7
5
8
15
27
37
37
39
40
24
15
11
9
18
25
15
-5
1
11
4
17
18
33
35
23
9
19
38
32
24
24
27
8
-6
13
13
4
14
18
13
2
-12
-11
-13
-1
14
25
7
2
12
16
20
42
47
54
36
24
23
4
-11
-11
-14
-11
-20
-15
-16
-21
-11
4
10
18
25
30
20
29
43
35
18
-5
5
1
6
9
6
-2
-14
-3
3
22
24
16
29
64
71
59
49
33
33
28
18
1
0
3
27
26
24
23
8
3
4
5
0
-8
-1
33
65
81
60
46
37
10
-3
1
-4
-19
-31
-25
-24
-30
-30
-23
-14
3
17
19
24
19
5
20
36
50
49
49
28
10
4
-17
-22
-15
-21
-25
-23
-26
-7
23
34
35
35
40
52
52
63
73
52
55
57
52
58
59
65
64
73
101
103
87
89
83
101
115
107
120
111
105
111
103
94
93
89
96
107
131
143
133
120
112
116
105
96
89
97
100
88
62
46
47
46
64
63
73
84
93
107
119
117
122
116
105
94
79
77
89
85
76
68
82
86
69
67
65
78
97
104
83
73
81
76
84
80
72
84
87
89
67
62
71
75
75
87
101
91
69
62
66
79
50
33
24
28
31
21
34
41
31
40
46
46
51
50
43
49
47
26
-9
-30
-22
-2
8
6
19
28
19
6
14
19
24
36
38
38
35
23
3
-2
14
18
-6
-16
-29
-28
-26
-10
-11
-21
-19
-9
4
19
22
29
37
40
31
11
-7
-33
-34
-23
-10
-14
-16
-16
-26
-30
-40
-50
-50
-35
-21
-21
-14
-6
-4
-18
2
13
13
10
-4
-15
-36
-45
-42
-51
-52
-31
-22
-24
-16
-3
15
35
21
28
15
15
30
27
28
23
23
20
6
8
-2
-11
-19
-26
-27
-7
4
-2
-1
14
41
58
41
29
16
12
11
5
7
1
-1
-11
-20
-17
-16
-6
8
16
25
37
27
33
46
67
79
78
79
73
72
72
75
66
56
55
51
43
59
57
54
65
88
108
111
123
122
128
138
130
134
138
127
120
96
78
79
76
74
85
102
105
92
77
92
111
117
128
146
171
158
138
126
120
98
100
88
75
73
101
127
119
148
167
151
144
137
141
142
142
138
120
128
135
136
135
126
115
105
101
112
131
127
114
128
146
151
150
145
159
164
151
138
128
119
117
113
113
113
108
92
97
135
161
149
155
156
148
151
155
151
160
150
124
112
110
107
110
104
118
110
115
95
102
127
147
164
173
179
159
132
119
120
106
79
51
56
58
60
68
64
78
97
117
109
110
107
124
131
111
109
116
102
96
91
84
73
73
76
73
75
83
65
45
39
40
62
87
96
89
84
78
59
33
12
28
38
29
26
-10
-23
-17
4
15
34
40
33
34
48
54
65
68
66
76
84
75
61
44
24
25
26
17
-1
-3
-5
-2
14
15
20
15
15
20
12
9
14
17
23
21
18
12
-4
-16
-7
-2
-9
-28
-34
-24
-14
-8
7
7
16
26
30
0
-27
-39
-32
-22
-28
-25
-52
-73
-73
-68
-53
-45
-51
-46
-51
-38
-14
-7
-10
-19
-14
-26
-30
-23
-33
-48
-32
-32
-50
-55
-53
-64
-63
-60
-66
-65
-53
-43
-31
-40
-59
-53
-40
-36
-44
-58
-87
-101
-101
-100
-101
-95
-82
-64
-68
-82
-68
-47
-71
-84
-90
-101
-79
-81
-95
-91
-67
-63
-70
-78
-81
-87
-73
-74
-77
-68
-57
-62
-64
-57
-58
-84
-88
-83
-79
-67
-93
-102
-91
-70
-68
-72
-61
-59
-73
-78
-74
-73
-95
-84
-96
-108
-85
-87
-95
-100
-80
-76
-71
-71
-79
-61
-61
-75
-82
-99
-113
-112
-120
-129
-148
-152
-158
-145
-119
-111
-126
-127
-104
-94
-97
-92
-84
-84
-91
-86
-86
-83
-89
-107
-109
-101
-101
-107
-116
-125
-114
-94
-93
-83
-87
-77
-84
-83
-67
-56
-57
-60
-65
-81
-90
-94
-102
-98
-84
-74
-89
-101
-91
-80
-77
-59
-46
-46
-60
-70
-69
-62
-60
-75
-86
-101
-98
-87
-100
-96
-76
-54
-43
-49
-48
-34
-30
-38
-46
-58
-67
-66
-71
-80
-85
-93
-106
-102
-93
-96
-118
-118
-107
-91
-79
-76
-60
-62
-62
-73
-98
-92
-84
-85
-87
-109
-99
-104
-127
-140
-119
-101
-106
-89
-76
-64
-53
-62
-58
-64
-50
-33
-45
-58
-65
-83
-87
-83
-76
-85
-85
-87
-81
-54
-38
-47
-56
-49
-48
-36
-26
-33
-46
-50
-61
-63
-59
-74
-87
-93
-63
-50
-57
-54
-73
-64
-41
-34
-46
-62
-61
-63
-62
-69
-71
-76
-87
-92
-85
-71
-88
-99
-85
-79
-74
-72
-57
-37
-36
-38
-49
-55
-43
-45
-64
-72
-73
-73
-86
-83
-66
-60
-50
-46
-44
-32
-32
-44
-42
-32
-26
-25
-29
-38
-49
-61
-68
-71
-49
-51
-72
-69
-45
-35
-9
-10
-6
-14
-24
-35
-61
-58
-55
-70
-70
-66
-71
-75
-63
-49
-34
-25
-27
-38
-41
-21
-1
-15
-37
-42
-42
-50
-60
-64
-58
-59
-45
-36
-36
-38
-52
-45
-43
-34
-26
-10
1
-14
-37
-45
-66
-79
-77
-65
-69
-80
-98
-104
-98
-80
-50
-37
-44
-40
-30
-23
-28
-33
-35
-39
-38
-34
-32
-39
-39
-52
-68
-49
-36
-51
-60
-41
-33
-27
-6
12
16
24
23
8
8
0
-21
-27
-14
-23
-37
-48
-54
-52
-31
-15
-22
-30
-42
-40
-21
3
-1
2
0
-8
-9
-16
-23
-38
-38
-35
-55
-71
-83
-66
-55
-56
-53
-50
-46
-35
-22
-23
-20
-22
-18
-21
-18
-16
-17
-29
-39
-38
-28
-42
-55
-42
-47
-44
-31
-37
-44
-37
-28
-19
-9
-8
1
7
1
0
-10
-24
-56
-72
-76
-80
-66
-67
-64
-45
-40
-33
-48
-65
-51
-29
-27
-35
-26
-51
-54
-34
-10
-13
-21
-23
-41
-54
-76
-75
-54
-41
-35
-35
-25
-22
-37
-40
-45
-48
-24
-22
-51
-60
-54
-57
-67
-65
-44
-42
-36
-32
-36
-41
-42
-36
-48
-54
-40
-52
-53
-49
-25
-8
-13
-8
-20
-30
-39
-57
-59
-63
-57
-40
-33
-43
-56
-43
-32
-29
-22
-27
-41
-45
-29
-23
-6
0
-12
-32
-50
-63
-61
-54
-41
-58
-71
-73
-74
-71
-69
-74
-49
-42
-32
-17
-2
7
-8
-5
-13
-21
-11
-12
-27
-61
-88
-92
-72
-54
-60
-63
-79
-92
-83
-72
-62
-61
-58
-45
-37
-42
-44
-35
-38
-24
-23
-42
-40
-47
-55
-53
-53
-62
-62
-59
-52
-36
-24
-15
-24
-32
-21
-4
-9
-21
-22
-27
-25
-16
-18
-37
-54
-51
-55
-50
-37
-39
-30
-8
13
22
16
-2
-27
-28
-14
-20
-45
-54
-53
-45
-16
-15
-28
-26
-16
-16
-13
-23
-13
-2
6
0
-7
-24
-44
-64
-50
-48
-34
-32
-50
-42
-21
-9
-10
-11
0
7
-10
-12
-11
-30
-38
-22
-17
-29
-34
-35
-32
-25
-4
19
13
10
-15
-7
13
15
20
8
-10
-16
-25
-42
-42
-47
-45
-29
-32
-35
-39
-51
-35
-37
-27
-22
-12
-12
2
10
-6
-33
-32
-28
-44
-51
-52
-61
-57
-60
-44
-27
-18
-13
-9
-6
-9
-4
10
15
17
4
7
-20
-36
-41
-49
-38
-38
-40
-56
-40
-25
-36
-28
-27
-14
-12
-16
-8
-20
-41
-42
-38
-42
-55
-50
-33
-24
-20
-9
-10
-19
-22
1
4
-3
-11
0
-4
-11
-21
-31
-35
-43
-43
-43
-43
-44
-37
-43
-30
-18
-1
16
3
-11
-8
-7
-13
-16
-21
-40
-54
-62
-71
-61
-66
-65
-57
-31
-19
-30
-24
-2
-2
-5
8
24
22
24
8
-4
-31
-44
-41
-50
-51
-49
-47
-53
-40
-18
-10
-11
-21
-8
16
-1
-22
-24
-24
-40
-49
-59
-58
-46
-52
-55
-42
-1
0
0
4
3
6
4
-4
-15
-14
-12
-27
-12
-17
-25
-28
-31
-26
-29
-17
-15
-19
-11
-5
-2
-2
-13
-7
-7
-12
-21
-36
-36
-25
-11
-38
-54
-54
-51
-31
-19
-4
27
25
16
13
0
-8
-5
-11
-23
-36
-47
-62
-63
-54
-46
-46
-35
-43
-63
-57
-38
-12
31
45
44
23
4
11
11
12
-6
-19
-25
-31
-41
-51
-58
-65
-45
-27
-28
-27
-12
1
4
2
14
6
-9
-21
-23
-32
-28
-35
-37
-23
-29
-34
-55
-56
-20
5
7
-6
-7
12
24
10
-2
-7
-11
-7
-28
-30
-31
-30
-29
-32
-6
5
7
5
8
19
18
3
-10
-25
-16
-28
-39
-51
-56
-49
-41
-36
-37
-39
-38
-49
-34
-24
-9
1
0
-7
-18
-24
-33
-52
-69
-62
-57
-72
-66
-55
-41
-30
-1
-12
-29
-35
-34
-24
-16
-12
-12
-13
-8
-23
-23
-30
-34
-42
-46
-49
-57
-39
-32
-26
-13
-6
8
-5
-1
21
19
3
-28
-40
-50
-48
-44
-44
-42
-46
-48
-33
-13
-15
-16
2
18
3
-23
-34
-32
-39
-39
-47
-53
-55
-64
-60
-41
-20
1
5
-8
-15
-4
4
3
9
14
13
-17
-23
-33
-37
-29
-27
-30
-31
-43
-52
-44
-26
3
10
-4
-22
-34
-40
-27
-21
-27
-31
-39
-43
-49
-44
-38
-29
-32
-22
-21
-23
-20
-22
-7
0
4
8
-7
-10
-12
-23
-40
-45
-61
-71
-68
-51
-52
-63
-37
-8
15
16
10
12
14
2
-11
-13
-26
-39
-27
-13
-19
-53
-42
-36
-38
-13
-1
-26
-36
-30
-9
4
18
23
21
16
-20
-25
-37
-37
-28
-29
-40
-46
-44
-43
-39
-15
5
-3
-4
-7
-22
-34
-25
-6
-3
-2
8
15
11
-7
-25
-43
-55
-43
-22
-21
-35
-24
-17
-5
-1
-2
-9
5
12
16
1
-9
-22
-41
-58
-50
-39
-59
-65
-65
-31
-16
-17
-11
-20
-31
-24
-30
-20
-3
-5
-16
-19
-22
-16
-19
-24
-30
-28
-19
-30
-32
-23
-1
18
14
9
1
-4
-11
-27
-44
-60
-52
-52
-52
-44
-43
-34
-27
2
21
16
0
-15
-3
1
5
-1
-1
1
-20
-36
-49
-48
-36
-38
-33
-35
-36
-59
-56
-30
-13
-18
-28
-46
-54
-67
-81
-87
-108
-124
-115
-101
-99
-110
-96
-91
-82
-68
-55
-53
-51
-29
-7
8
27
29
19
-9
-17
-28
-60
-80
-109
-137
-164
-198
-227
-261
-262
-260
-264
-258
-265
-254
-215
-188
-196
-215
-199
-215
-239
-258
-289
-334
-385
-433
-479
-555
-620
-698
-795
-880
-972
-1054
-1134
-1219
-1337
-1433
-1476
-1527
-1612
-1734
-1852
-1907
-1936
-1942
-1860
-1637
-1259
-848
-456
-45
356
799
1291
1775
2169
2470
2693
2789
2712
2480
2205
1947
1732
1475
1201
974
749
551
402
269
212
207
223
214
209
181
163
171
212
253
288
320
336
320
290
259
249
237
221
168
104
58
38
35
7
-17
-55
-86
-96
-116
-126
-145
-155
-151
-143
-92
-51
-20
-2
-5
2
6
17
43
82
123
143
158
159
157
170
165
159
136
105
56
28
20
1
0
12
17
24
24
16
22
20
22
36
49
66
68
64
63
70
92
92
87
80
67
57
44
20
14
26
26
25
5
0
14
18
2
-5
-11
-15
-37
-37
-23
-29
-18
-8
9
-4
-10
-9
-17
-15
-10
7
0
3
12
7
-3
4
19
26
13
4
-6
-5
-9
-8
3
11
29
42
45
47
46
43
43
31
34
35
13
8
-6
-20
-9
-4
4
18
52
80
89
90
89
108
100
93
85
63
49
36
44
38
26
29
42
59
58
61
77
69
69
69
65
34
21
5
-23
-23
-12
-31
-53
-45
-43
-41
-25
-30
-32
-30
-28
-28
-33
-43
-66
-46
-29
-27
-32
-36
-40
-43
-20
-14
-29
-16
-1
6
-6
-2
12
-11
-9
-6
5
5
18
12
10
23
30
25
4
-12
-14
-17
-10
0
21
33
29
26
8
0
2
13
-9
-33
-38
-42
-51
-38
-24
-4
22
41
45
77
91
105
116
124
129
134
144
133
137
127
108
92
87
73
30
11
8
24
44
33
43
50
37
19
2
8
14
33
25
4
-28
-74
-106
-138
-156
-201
-256
-304
-387
-458
-505
-533
-561
-560
-511
-462
-394
-313
-183
-25
118
219
284
377
483
602
712
783
847
926
1038
1104
1109
1061
1016
970
879
792
673
517
322
144
34
-51
-90
-140
-236
-399
-551
-633
-692
-686
-634
-568
-507
-450
-357
-258
-154
-48
37
102
161
206
214
225
241
251
250
250
291
347
393
431
457
453
419
356
271
202
127
46
-37
-118
-189
-223
-241
-265
-267
-288
-352
-372
-383
-384
-375
-357
-344
-370
-428
-500
-569
-599
-603
-622
-663
-671
-694
-739
-748
-708
-605
-437
-271
-143
-75
-13
40
91
129
150
166
193
238
269
318
346
355
366
352
341
317
292
266
245
218
207
172
130
102
67
46
38
6
-31
-60
-71
-89
-94
-81
-95
-100
-107
-115
-118
-122
-118
-109
-92
-80
-64
-36
-31
-14
-5
36
52
58
57
70
77
75
72
76
78
73
65
60
36
13
9
14
25
31
15
-24
-37
-34
-24
-1
15
27
25
17
-5
-3
1
-8
3
-5
-6
-18
-24
-22
-10
14
12
12
11
10
38
35
35
31
28
12
-11
-13
-4
-1
6
7
2
14
21
3
3
26
34
35
37
45
42
36
22
-14
-29
-40
-27
-17
-29
-42
-39
-30
-17
13
32
55
61
51
54
42
65
65
52
34
23
18
-6
-6
8
24
17
17
17
-12
0
15
19
20
9
19
35
44
35
9
5
-2
-5
-2
1
-4
-13
-23
-6
16
11
6
16
19
20
29
39
36
29
32
29
27
12
2
-4
-18
-19
-22
-22
-11
9
24
45
60
43
60
71
69
54
47
39
19
12
8
2
-9
-20
-22
-29
-14
-18
-28
-22
-18
-1
27
50
55
74
93
91
74
46
34
31
35
24
27
23
-3
-11
-13
-10
-7
5
35
49
42
37
40
42
44
55
58
59
62
81
77
68
80
74
71
41
27
41
42
30
20
30
47
52
62
61
73
85
90
106
116
109
77
65
66
59
73
64
57
42
21
23
29
37
48
46
39
41
45
51
59
65
91
99
90
79
67
64
43
27
20
24
24
15
12
2
18
25
33
41
45
44
18
29
30
32
50
64
81
74
57
37
9
6
15
17
15
11
24
16
18
18
38
44
37
43
63
66
26
18
22
30
36
24
2
-17
-30
-44
-44
-14
-8
-27
-40
-10
18
26
32
43
39
28
33
46
38
28
16
20
13
23
13
7
9
6
15
7
20
33
26
30
26
10
-9
-17
-18
-22
-36
-62
-70
-79
-86
-69
-55
-63
-78
-68
-54
-40
-38
-54
-48
-54
-70
-77
-85
-104
-119
-122
-130
-130
-128
-125
-123
-94
-73
-83
-86
-76
-76
-77
-93
-100
-94
-106
-115
-118
-112
-120
-105
-94
-86
-74
-77
-74
-99
-101
-101
-103
-100
-90
-88
-104
-115
-112
-122
-117
-106
-90
-79
-67
-87
-103
-77
-47
-26
-21
-35
-48
-56
-50
-62
-65
-58
-74
-75
-66
-61
-61
-50
-42
-35
-26
-11
-9
-24
-2
21
32
33
24
18
23
24
13
4
4
-8
-3
1
13
19
11
23
57
84
100
101
104
102
93
94
98
102
83
73
82
90
92
95
82
84
89
93
93
87
101
99
101
122
120
116
115
115
103
87
84
88
81
74
90
99
101
111
126
156
163
177
182
165
154
147
157
154
140
147
150
139
121
125
121
110
123
133
129
120
132
126
117
134
139
129
121
117
102
94
71
68
81
84
66
52
54
62
74
98
111
114
112
128
134
117
111
98
90
73
75
80
61
59
35
42
59
65
57
39
60
87
103
121
111
92
89
97
100
90
81
67
73
66
53
50
61
65
62
82
98
90
101
97
90
82
77
80
76
73
69
79
73
58
49
70
86
87
81
61
66
71
88
111
111
111
108
109
96
80
80
63
48
30
22
18
6
12
45
80
66
59
56
49
77
74
71
73
74
74
59
47
38
48
69
62
35
28
29
17
16
18
23
21
34
55
57
49
45
31
21
-7
-8
-8
2
7
-11
-9
25
47
34
19
9
16
27
22
24
25
32
40
33
22
6
31
28
17
22
24
9
-34
-12
11
3
20
33
35
46
61
64
47
24
4
-7
-8
-3
-15
-34
-39
-40
-29
-43
-36
-32
-24
-20
-21
0
-2
-6
10
9
-7
-25
-5
-4
-24
-26
-22
-23
-48
-39
-19
-15
-18
-30
-3
13
21
20
6
-16
-39
-33
-41
-48
-32
-15
-5
-17
0
15
12
15
2
-3
-7
-20
-7
-3
-6
0
-9
-28
-50
-65
-45
-21
-5
-8
-11
-18
-32
-11
14
15
23
22
-3
-17
-25
-42
-55
-31
-32
-48
-48
-55
-77
-82
-47
-35
-32
-24
-24
-14
-1
10
1
2
-2
-15
-33
-47
-53
-58
-61
-55
-42
-38
-27
-28
-19
-3
-1
-13
-6
-19
-21
-26
-45
-51
-52
-47
-58
-63
-59
-53
-72
-57
-19
-9
-10
-24
-29
-36
-29
-6
-2
-12
-33
-62
-55
-62
-61
-49
-52
-53
-48
-38
-36
-10
4
-10
-15
-27
-26
-36
-28
-29
-52
-70
-89
-101
-105
-84
-64
-78
-70
-41
-28
-44
-40
-35
-30
-48
-52
-41
-36
-35
-54
-68
-61
-68
-64
-58
-52
-40
-28
-39
-54
-32
-34
-38
-38
-36
-41
-55
-41
-48
-67
-73
-77
-66
-67
-54
-44
-47
-44
-37
-15
-10
-16
-15
-12
-14
-33
-45
-50
-51
-49
-59
-68
-83
-84
-75
-81
-74
-49
-53
-65
-62
-47
-36
-30
-27
-17
-14
-21
-39
-61
-77
-76
-63
-59
-68
-86
-108
-120
-92
-53
-51
-55
-52
-50
-47
-50
-67
-73
-68
-56
-44
-47
-60
-67
-82
-93
-64
-39
-57
-76
-68
-63
-43
-21
-21
-24
-36
-45
-48
-24
-26
-40
-54
-69
-73
-66
-53
-70
-65
-47
-52
-38
-23
-28
-23
-21
-18
-33
-31
-17
-28
-41
-68
-56
-60
-59
-70
-60
-55
-74
-72
-60
-37
-16
-7
4
-3
-21
-34
-42
-49
-49
-60
-69
-69
-57
-70
-72
-53
-33
-32
-42
-48
-28
-10
-3
0
3
11
8
-11
-7
-17
-42
-62
-62
-61
-54
-58
-71
-64
-56
-55
-55
-54
-43
-50
-38
-36
-21
-10
-24
-18
-23
-38
-52
-61
-66
-70
-55
-55
-63
-60
-45
-16
-15
-7
5
5
12
13
5
-7
-15
-29
-34
-35
-36
-50
-57
-36
-24
-32
-40
-45
-32
-16
-18
-38
-35
-36
-38
-42
-63
-64
-57
-55
-52
-56
-37
-29
-35
-41
-33
-20
-27
-7
-10
-26
-29
-38
-40
-44
-34
-46
-57
-53
-66
-75
-79
-62
-37
-13
-2
-8
3
6
-5
-22
-33
-33
-43
-39
-50
-43
-31
-38
-39
-39
-19
-10
-18
-21
-17
-12
-13
-26
-41
-39
-35
-33
-33
-54
-63
-65
-59
-57
-47
-35
-49
-44
-38
-31
-8
-8
1
-9
-30
-34
-24
-29
-55
-62
-57
-63
-76
-81
-79
-55
-35
-31
-32
-27
-28
-12
-19
-20
-13
-5
5
1
-22
-27
-44
-51
-50
-33
-26
-45
-58
-43
-19
-11
-19
-13
2
2
-15
-34
-27
-29
-41
-56
-82
-79
-78
-88
-69
-42
-11
-17
-26
-26
-27
-20
-16
-7
-8
-8
-12
-18
-10
-5
-11
-18
-29
-41
-49
-68
-76
-71
-44
-32
-33
-28
-9
1
-15
-18
-21
-30
-24
-20
-47
-60
-53
-52
-44
-34
-47
-66
-63
-77
-71
-60
-45
-23
-22
2
19
20
11
-5
1
-8
-18
-27
-24
-32
-64
-58
-60
-60
-33
-30
-11
-1
8
-1
-22
-20
-8
-2
-11
-28
-26
-23
-25
-28
-12
-9
-12
-25
-30
-41
-52
-46
-16
-4
-17
-34
-30
-31
-31
-29
-24
-16
-5
-16
-37
-24
-34
-21
-8
-11
-15
-20
-22
-30
-47
-40
-38
-28
-31
-31
-23
-28
-15
10
31
18
6
-6
-20
-15
-33
-29
-17
-14
-22
-24
-18
-34
-38
-29
-36
-44
-36
-41
-49
-33
-6
24
30
21
24
25
6
-19
-28
-38
-56
-55
-53
-55
-56
-45
-39
-24
-4
-13
-9
8
19
32
38
32
15
16
-5
-34
-31
-30
-35
-27
-10
17
6
-5
-17
-14
-9
-7
-5
-7
2
3
-10
-17
-23
-22
-25
-34
-37
-20
-4
-16
-10
3
16
28
27
18
10
8
7
9
14
-8
-25
-32
-34
-37
-23
-22
-20
-23
-30
-27
-23
3
2
10
27
26
30
12
3
3
7
-9
-47
-46
-37
-40
-39
-51
-36
-12
-3
-9
8
22
27
39
42
35
25
19
12
3
-23
-42
-55
-78
-76
-55
-38
-41
-54
-35
-20
5
25
43
50
30
24
8
0
-4
-8
-14
-33
-44
-45
-34
-29
-16
10
21
24
10
0
-1
-7
-1
1
5
7
-16
-30
-30
-19
-26
-29
-12
-2
-13
-25
-10
12
12
3
4
3
9
1
-17
-21
-23
-26
-21
-34
-29
-32
-41
-45
-21
0
-3
-4
-11
-9
4
17
17
6
5
13
11
0
-23
-16
-22
-26
-13
-13
-30
-59
-55
-39
-16
5
10
27
23
-2
25
46
34
26
34
23
-1
-18
-21
-33
-26
-17
-21
-26
-29
-24
-24
-25
-25
-20
-10
-6
8
13
7
5
-7
-2
-6
-7
-27
-54
-28
-15
-6
0
9
12
21
22
12
17
29
29
32
17
7
-14
-40
-22
1
32
37
36
37
32
38
14
6
32
16
-3
-7
-14
-27
-34
-35
-32
-22
-19
-44
-40
-21
10
7
2
-3
-11
-2
-4
-23
-29
-48
-62
-62
-54
-47
-45
-36
-24
-8
50
57
45
45
46
45
33
37
16
8
24
20
2
-26
-20
-12
-1
9
-1
-19
-24
-26
-5
-1
1
9
18
17
1
-5
-14
-22
-38
-36
-46
-49
-44
-59
-56
-18
4
14
13
4
8
6
2
18
9
2
1
6
-11
-38
-33
-31
-24
-24
-22
-35
-59
-36
-6
11
7
3
10
0
-6
-6
-9
3
5
22
19
3
-8
-8
-15
-13
-5
2
-13
-41
-46
-48
-37
-39
-49
-39
-16
-26
-41
-35
-21
-21
-30
-48
-67
-94
-133
-153
-186
-223
-276
-336
-379
-437
-502
-582
-635
-672
-720
-752
-804
-827
-826
-827
-826
-814
-832
-896
-982
-1092
-1202
-1291
-1394
-1465
-1463
-1393
-1286
-1131
-882
-628
-411
-242
-132
4
211
511
829
1148
1446
1730
1996
2203
2394
2580
2786
2928
2915
2773
2519
2217
1861
1469
1058
670
335
67
-160
-331
-420
-473
-520
-543
-572
-584
-558
-501
-382
-237
-60
104
164
110
-5
-90
-132
-159
-161
-135
-111
-111
-115
-120
-130
-148
-134
-114
-95
-79
-56
-10
31
33
40
71
95
145
179
201
185
175
169
116
65
33
19
7
-14
-45
-82
-110
-113
-123
-126
-119
-93
-90
-131
-124
-124
-111
-88
-85
-72
-69
-59
-68
-53
-21
-13
26
57
62
65
80
96
122
148
160
152
148
149
143
119
104
84
71
62
35
17
0
-7
-12
-20
-31
-38
-63
-72
-71
-85
-75
-79
-87
-62
-35
-29
-40
-27
-7
2
4
-5
-1
16
23
21
54
85
66
57
48
33
30
32
24
16
20
29
33
20
13
21
26
31
46
59
68
65
54
64
60
80
78
81
85
96
101
109
81
64
64
55
42
27
15
11
10
16
16
32
59
74
77
81
88
88
84
82
78
60
25
2
-12
-12
3
-12
-22
-40
-44
-54
-54
-58
-40
-15
-8
-5
-9
-19
-19
-29
-37
-44
-30
-32
-42
-35
-25
-3
20
30
35
42
52
38
26
-3
-7
-5
4
-16
-16
-1
9
22
31
31
4
-14
-1
5
13
29
21
12
-5
-12
-10
-26
-48
-52
-39
-22
-3
-12
-13
-1
7
29
38
45
39
51
81
76
78
88
95
97
88
82
77
77
85
69
75
76
50
32
29
34
56
73
84
103
85
70
50
55
42
17
1
-27
-50
-69
-110
-161
-200
-219
-263
-321
-377
-412
-437
-453
-441
-413
-357
-287
-215
-93
64
211
300
371
470
579
665
721
773
802
826
868
905
897
842
773
687
574
479
400
299
168
28
-94
-191
-280
-306
-338
-459
-621
-746
-845
-877
-872
-818
-752
-704
-666
-583
-453
-327
-210
-109
12
121
212
242
251
296
347
405
466
543
618
657
680
645
559
480
398
355
296
232
157
62
-5
-19
-30
-69
-107
-149
-195
-249
-289
-292
-276
-270
-282
-323
-365
-398
-438
-466
-482
-494
-505
-522
-527
-494
-453
-383
-292
-179
-78
-25
20
29
26
17
26
52
78
114
144
165
187
203
220
223
226
217
199
196
173
153
133
96
85
81
64
37
22
19
4
-4
1
-12
-44
-52
-49
-41
-38
-34
-30
-26
-33
-42
-38
-31
-21
-19
-17
-19
-34
-13
8
31
45
32
29
32
21
14
-15
1
9
-2
5
15
17
-2
3
6
22
44
42
32
19
13
22
23
14
-1
0
-13
-41
-45
-43
-39
-43
-58
-53
-40
-28
-25
-33
-19
6
10
-2
-12
-7
-10
-28
-37
-53
-57
-49
-41
-44
-38
-45
-50
-36
-19
-7
-2
-13
-10
-3
1
8
-12
-17
-36
-50
-49
-50
-55
-47
-32
-29
-32
-12
-8
-2
9
37
35
18
8
1
-10
-24
-35
-51
-48
-41
-47
-48
-49
-57
-59
-50
-32
-20
-19
-39
-41
-43
-46
-47
-43
-39
-38
-34
-45
-59
-72
-69
-61
-59
-45
-48
-57
-52
-30
-10
-14
-11
-3
3
8
-9
-23
-15
-1
-8
-23
-25
-49
-68
-58
-57
-52
-53
-49
-33
-7
8
20
12
22
31
8
3
-2
-16
-10
-3
-16
-17
-19
-36
-49
-39
-17
6
2
-22
-24
-10
-14
-27
-26
-16
-7
-8
-12
-24
-41
-34
-33
-30
-25
-30
-39
-52
-26
3
18
40
38
12
-6
-4
-4
-12
-1
3
-24
-27
-24
-62
-81
-62
-17
3
16
31
27
30
39
59
67
62
66
62
55
64
67
63
60
54
56
52
47
16
20
35
62
79
80
99
113
106
89
91
89
89
83
88
91
88
90
100
99
97
82
62
46
33
39
58
67
59
46
44
39
44
48
44
35
32
40
37
23
2
-13
5
32
29
36
51
57
39
28
19
2
-8
4
18
41
45
55
55
82
94
62
68
97
93
89
80
79
69
66
62
46
45
43
27
25
43
75
72
48
46
59
69
71
65
61
56
44
29
-9
-35
-50
-61
-52
-53
-57
-45
-29
-17
0
17
17
13
-10
-14
-8
-15
-15
-39
-50
-41
-57
-71
-81
-83
-77
-66
-83
-76
-82
-106
-89
-59
-44
-34
-41
-40
-62
-71
-72
-98
-113
-123
-136
-149
-164
-168
-166
-156
-138
-109
-113
-120
-117
-102
-84
-82
-78
-78
-82
-82
-88
-77
-78
-90
-102
-113
-111
-95
-102
-101
-86
-82
-75
-48
-31
-39
-46
-47
-69
-84
-87
-83
-80
-89
-103
-116
-123
-125
-108
-93
-96
-100
-86
-59
-40
-48
-43
-37
-45
-32
-34
-54
-72
-73
-78
-66
-44
-46
-62
-63
-44
-34
-30
-30
-27
-22
-24
-51
-67
-65
-58
-55
-53
-48
-47
-56
-49
-38
-5
20
11
8
4
8
2
-20
-26
-40
-45
-35
-32
-25
-40
-40
-42
-30
-3
4
-8
-24
-5
-2
-7
3
-3
-5
2
-2
-3
-15
-19
-15
-7
-37
-48
-28
-13
-10
13
36
44
56
65
49
43
32
39
44
39
27
15
11
3
2
-9
-1
5
12
-4
-13
0
16
24
39
49
55
48
33
13
10
1
-11
10
15
11
-7
-26
-28
-6
29
41
59
57
35
31
40
39
47
41
43
19
-4
-11
-4
-5
-1
7
27
25
4
22
38
49
40
47
44
17
-6
-13
-19
-17
-5
11
17
31
26
24
28
46
66
43
39
41
37
38
16
10
-3
-13
-24
-28
2
16
13
23
22
32
51
52
39
43
36
18
19
27
31
34
26
18
17
8
-9
-12
-21
-17
-4
10
34
48
69
75
60
48
62
74
51
37
26
16
2
-10
-2
-8
-11
-16
-26
-12
1
-8
-18
9
20
24
40
44
39
26
28
33
6
-16
-26
-30
-22
-12
-14
-15
-15
-5
26
44
24
34
39
28
26
29
17
10
2
12
10
-6
-16
-16
1
10
7
-7
-3
11
6
8
9
18
35
39
29
14
-1
-11
-19
10
10
-20
-35
-40
-33
-28
-15
5
22
39
40
38
21
19
32
35
24
30
27
10
8
8
16
25
17
8
-1
2
11
49
61
50
50
54
42
23
18
-3
-17
-14
-19
-18
-15
-22
-27
1
40
44
43
47
42
35
29
41
52
49
37
27
27
33
49
32
23
9
14
-6
-16
8
42
59
61
40
41
43
38
38
14
-3
-20
-38
-52
-41
-29
-18
6
26
33
29
38
28
36
41
38
35
26
18
33
39
19
-5
-11
-8
-12
-26
-19
-23
-31
-20
-8
23
42
37
47
51
56
39
18
16
6
-3
-21
-23
-11
-23
-30
-23
2
11
6
7
6
18
23
28
22
16
31
27
8
-9
-17
-20
-21
-1
-1
-34
-37
-15
-15
7
7
0
22
12
8
12
-5
-10
-16
-11
-12
-21
-33
-31
-37
-18
3
-6
-6
-12
-8
9
3
-9
-12
-20
-9
-13
-27
-33
-29
-27
-18
-7
-13
-47
-55
-28
-4
10
3
13
39
36
7
-6
-29
-46
-50
-64
-68
-61
-37
-7
-16
-15
8
7
-6
-16
-6
9
11
2
1
6
-10
-34
-42
-45
-35
-21
-20
-16
-8
-4
-4
10
17
19
24
27
25
23
9
-6
-24
-24
-34
-58
-71
-52
-34
-32
-21
-9
6
11
7
0
2
7
5
-5
-3
-4
-21
-32
-47
-45
-33
-12
-10
-22
-24
-29
-32
-27
-30
-11
12
15
10
9
-8
-29
-56
-73
-77
-77
-84
-74
-66
-61
-44
-16
0
-1
-5
-8
12
18
-1
-18
-28
-33
-41
-48
-53
-55
-38
-49
-49
-23
-17
-38
-32
-29
-35
-15
-9
-1
18
19
-4
-39
-47
-58
-76
-94
-94
-79
-66
-69
-56
-34
-14
-22
-34
-32
-18
-18
-28
-32
-40
-39
-32
-24
-30
-53
-57
-55
-35
-8
-3
-12
-31
-26
-21
-22
-27
-24
-10
-19
-29
-37
-53
-55
-54
-34
-27
-29
-18
-16
-15
15
18
12
-4
-12
-22
-25
-21
-19
-31
-24
-13
-23
-48
-60
-49
-30
-27
-18
1
6
-6
2
10
22
28
16
13
10
1
-7
-26
-36
-47
-44
-35
-55
-51
-48
-34
-16
-1
4
17
5
-13
-20
-22
-25
-39
-43
-47
-60
-71
-55
-54
-59
-39
-21
-6
-32
-44
-24
-4
7
-1
5
12
-9
-15
-21
-31
-52
-56
-51
-51
-44
-44
-56
-39
-3
24
15
-4
5
10
-1
-24
-22
-16
-8
-14
-37
-47
-58
-62
-59
-39
-20
-17
-29
-18
19
25
17
-6
-2
20
0
-19
-27
-40
-39
-33
-43
-46
-37
-37
-43
-44
-21
-6
-16
-23
-15
-6
5
-2
0
-6
-9
-17
-22
-28
-30
-32
-27
-12
-15
-20
-34
-38
-26
-5
18
28
38
39
25
1
-9
-20
-20
-39
-48
-60
-70
-55
-55
-49
-15
-1
-13
10
13
7
3
9
19
33
40
40
28
5
-12
-26
-28
-32
-23
-6
-11
-22
-7
2
13
18
20
32
30
24
14
3
-16
-33
-41
-37
-29
-30
-38
-36
-9
21
17
16
18
18
29
26
18
15
19
20
22
-2
-10
-22
-21
-12
-4
8
-2
-8
11
20
54
63
56
65
64
48
17
-13
-21
-16
-15
-29
-20
-19
-11
14
41
53
27
27
14
0
10
7
7
-10
-15
-24
-17
-12
-10
-14
-28
-10
29
37
20
11
30
33
29
32
26
15
13
-7
-26
-33
-30
-34
-35
-25
-20
-7
0
4
22
39
38
44
43
41
29
8
11
11
-1
-7
-13
-8
-16
-17
-13
-15
-7
2
3
0
7
11
10
16
14
19
23
21
10
-31
-53
-43
-31
-31
-23
-9
-6
7
18
24
22
20
26
30
44
41
35
27
23
22
13
-3
-26
-33
-21
-23
-21
-4
-14
-21
-4
5
27
43
37
26
23
16
1
9
-11
-38
-36
-30
-27
-24
-39
-51
-21
8
9
8
3
10
20
-4
-18
-16
3
3
-15
-35
-37
-34
-31
-4
15
9
-4
-5
0
4
8
13
12
19
12
9
11
2
-6
-22
-36
-60
-58
-37
-17
-23
-17
15
33
45
31
29
22
14
12
3
2
-14
-31
-30
-25
-21
-26
-43
-32
-33
-47
-37
-13
-8
-8
-2
3
8
-2
-12
-25
-37
-28
-6
1
9
1
-12
-29
-31
-5
9
-4
-1
7
3
-4
0
9
12
11
22
29
30
26
14
-10
-12
-1
2
-10
-30
-27
-24
-13
-13
-20
-9
12
31
38
33
30
21
14
21
17
7
-16
-34
-26
-14
-19
-40
-37
-26
-25
-24
-25
-22
-22
-21
-5
0
8
16
23
6
3
6
-30
-43
-44
-42
-33
-28
-31
-8
17
14
9
-5
-3
1
7
-5
-4
-1
-10
-20
-9
13
10
-6
-14
-13
-7
-16
-11
-8
-14
-2
-8
-16
-4
-11
-21
-33
-25
-12
-23
-23
-9
17
49
54
51
45
36
12
-4
-18
-40
-56
-62
-64
-58
-64
-84
-89
-81
-72
-66
-41
-27
-41
-47
-47
-47
-78
-109
-137
-169
-208
-239
-263
-310
-359
-384
-406
-470
-536
-567
-612
-664
-719
-780
-809
-810
-811
-801
-796
-814
-851
-889
-955
-1030
-1097
-1165
-1221
-1223
-1196
-1137
-1039
-910
-726
-567
-425
-341
-292
-226
-103
103
325
563
812
1053
1320
1628
1987
2324
2667
2932
3086
3170
3148
3026
2787
2468
2136
1801
1484
1170
880
630
353
63
-183
-373
-573
-780
-939
-999
-1008
-944
-833
-772
-796
-865
-864
-818
-764
-668
-531
-377
-240
-141
-87
-77
-87
-103
-98
-83
-77
-70
-32
-5
-21
-32
-18
-23
0
60
123
160
164
173
178
178
159
144
136
120
96
62
43
30
1
-13
-24
-22
-33
-64
-73
-97
-113
-109
-108
-100
-107
-119
-116
-102
-98
-77
-52
-19
19
45
50
54
73
86
98
108
120
119
89
55
53
87
96
76
68
35
22
-3
-10
-10
-17
-13
-17
-24
-35
-48
-41
-45
-28
-11
-19
-36
-42
-31
-24
-22
-24
-11
10
24
11
-4
2
29
37
36
28
24
21
29
49
77
72
46
35
34
42
36
37
34
35
27
19
16
15
20
14
-8
12
35
66
81
89
113
129
139
116
88
64
40
6
-18
-20
-15
-21
-24
-27
-19
-1
9
14
29
41
54
58
43
27
41
34
12
5
-3
-7
-10
-34
-32
-28
-27
-15
-2
3
-18
-25
-30
-16
-1
-17
-20
-4
-8
1
5
-9
-29
-46
-45
-40
-49
-65
-65
-41
-8
-3
-6
14
11
11
29
43
48
46
37
21
-6
-24
-41
-38
-30
-22
-8
-3
-27
-51
-26
-13
-37
-35
-31
-7
-5
12
16
0
-31
-32
-12
23
33
32
31
39
75
98
99
111
100
96
93
95
97
87
75
54
36
29
27
41
43
43
54
71
50
40
37
35
40
48
34
11
-19
-44
-99
-158
-200
-256
-290
-331
-389
-428
-443
-446
-416
-357
-300
-258
-153
-2
148
287
403
478
561
660
742
783
818
847
875
919
929
881
772
678
591
491
422
342
227
87
-57
-171
-273
-337
-377
-451
-583
-748
-870
-925
-940
-936
-870
-778
-740
-694
-622
-523
-404
-301
-186
-88
20
111
176
233
268
292
322
392
475
529
571
614
605
562
486
387
317
289
245
178
100
41
-4
-5
-17
-52
-102
-153
-200
-245
-213
-190
-205
-221
-264
-319
-375
-398
-430
-468
-470
-474
-492
-514
-521
-507
-477
-405
-290
-210
-162
-129
-93
-60
-32
-24
-26
-1
38
80
93
99
124
148
159
168
187
187
150
122
131
127
124
103
75
49
22
15
-5
-18
-27
-40
-46
-66
-78
-92
-94
-92
-82
-79
-97
-101
-84
-77
-73
-74
-62
-35
-22
-2
3
-9
-4
-4
-2
-8
-7
-13
-20
-13
0
4
3
1
12
16
27
46
43
24
27
24
8
-16
-20
-18
-11
-9
-17
-29
-68
-71
-57
-42
-24
4
30
15
0
1
-16
-24
-37
-25
-19
-15
-18
-40
-40
-19
2
18
15
1
5
31
30
20
4
-1
4
16
6
-1
2
-4
-13
-8
14
2
-13
-18
-5
14
16
29
31
8
-15
-28
-39
-43
-55
-51
-38
-42
-51
-35
-20
-8
18
34
29
18
21
25
18
21
24
14
10
-3
-10
-20
-22
-14
-15
-10
2
13
14
28
41
40
43
31
17
17
-5
-12
-9
-7
-10
-20
-34
-36
-39
-25
-21
-23
7
32
24
20
27
23
15
21
23
17
17
8
-5
-18
-7
-14
-28
-21
-14
-9
-30
-31
-11
12
20
9
4
16
22
30
-4
-15
-32
-45
-51
-49
-50
-45
-22
-8
13
34
35
33
40
38
35
28
36
36
30
44
41
36
18
-6
-3
9
28
35
6
16
35
49
61
72
82
69
63
59
38
40
34
42
27
15
0
-17
-25
-29
-11
8
26
40
42
56
84
82
94
108
116
108
117
101
95
83
76
57
71
82
69
50
57
66
69
68
85
104
109
105
90
78
73
70
59
60
62
49
39
44
81
101
91
96
93
96
122
139
145
131
110
106
109
100
102
89
69
78
98
85
59
55
88
87
83
85
92
104
104
83
68
67
44
39
35
21
12
21
23
26
37
41
41
31
22
31
34
35
25
4
0
-3
-3
2
3
10
10
7
6
-7
-2
20
27
13
12
-1
17
24
14
-1
-20
-34
-33
-23
-20
-25
-20
-24
-12
7
32
41
20
6
4
16
9
-2
0
-14
-25
-56
-77
-92
-96
-99
-101
-101
-84
-84
-102
-98
-76
-54
-65
-73
-75
-71
-76
-94
-99
-118
-132
-132
-138
-130
-129
-124
-116
-109
-76
-80
-85
-70
-61
-55
-58
-81
-89
-99
-83
-80
-89
-115
-118
-106
-108
-115
-95
-100
-119
-126
-117
-118
-106
-84
-75
-60
-67
-67
-76
-80
-88
-100
-134
-122
-106
-101
-89
-88
-74
-59
-72
-85
-80
-67
-57
-48
-49
-36
-39
-44
-53
-63
-76
-88
-80
-54
-43
-57
-84
-101
-87
-74
-37
-29
-12
5
-15
-32
-41
-35
-33
-29
-47
-54
-41
-43
-46
-37
-17
-18
-19
-22
-9
1
2
7
12
7
3
-6
-11
-15
-25
-15
6
1
9
4
-12
-18
-11
17
29
11
8
25
37
34
16
28
20
-15
-27
-15
-4
-29
-31
-28
-4
24
17
28
22
26
39
32
32
28
24
23
14
20
14
10
19
16
17
3
-1
-3
3
15
39
48
59
62
50
42
33
20
2
-10
-26
-37
-35
-22
-21
-22
-4
-14
-15
6
21
23
15
25
33
37
44
47
52
36
9
2
-5
-14
6
16
8
-9
12
21
41
51
67
78
72
57
42
21
5
3
-4
2
-11
-20
-43
-35
-14
1
13
19
20
31
31
34
44
30
34
25
12
4
3
6
28
45
51
36
9
11
31
33
43
47
50
42
35
42
38
29
11
5
1
-5
-6
-7
-4
7
14
43
40
32
25
37
35
14
5
11
12
17
-1
-11
-5
-7
-4
13
35
37
18
6
20
28
38
47
37
27
30
27
11
-8
-11
-16
-25
-13
2
3
8
22
46
50
37
30
32
28
24
25
22
2
-17
-8
-5
-24
-40
-32
-15
1
3
-4
-17
2
33
47
51
34
23
21
27
10
8
6
-9
-6
-9
-17
-16
-8
-5
-4
19
30
27
24
38
45
23
27
19
19
25
16
14
4
-1
2
6
27
35
29
18
18
25
17
0
-15
-16
-14
-19
-5
-8
-2
12
18
12
6
8
8
8
14
38
36
25
14
20
13
5
2
-13
-15
-11
-8
5
17
27
32
41
35
35
50
25
9
13
20
9
-4
-21
-32
-26
-22
-40
-48
-42
-24
-17
-12
6
8
13
35
57
61
58
51
17
11
11
-11
-19
-37
-44
-45
-30
-27
-30
-25
-7
9
32
45
17
2
5
20
24
19
11
2
9
-6
-32
-25
-26
-31
-23
-6
2
0
-4
-9
15
28
35
44
48
45
36
16
5
-21
-20
-18
-24
-48
-50
-39
-52
-50
-32
-35
-49
-44
-22
-9
15
31
26
10
11
12
25
21
-13
-24
-22
-24
-33
-37
-28
-14
7
16
7
-9
-11
-2
-17
-14
-9
0
7
4
-5
-18
-13
-29
-43
-43
-39
-36
-31
-4
11
13
17
15
25
34
18
5
-8
-17
-18
-31
-36
-32
-18
-13
-21
-22
-3
0
10
7
1
8
26
16
-4
-9
-3
-6
-26
-50
-60
-59
-43
-28
-19
-11
-15
-16
-13
2
14
9
6
-5
-10
-14
-23
-37
-57
-34
-25
-37
-40
-53
-50
-52
-27
-10
3
3
5
18
24
21
17
5
24
14
-21
-34
-34
-39
-15
2
-5
-1
-16
-28
-19
-12
-4
19
20
8
-7
-14
-25
-37
-54
-62
-82
-78
-62
-59
-66
-73
-49
-49
-44
-35
-30
-29
-32
-32
-20
-19
-26
-44
-60
-73
-69
-67
-60
-41
-35
-38
-60
-62
-51
-45
-12
15
24
15
-5
-17
-18
-22
-48
-51
-71
-76
-67
-57
-48
-14
6
-12
-30
-26
-11
-7
-6
-11
-10
-22
-22
-10
-8
-48
-33
-31
-40
-40
-31
-21
-31
-33
-32
-35
-19
-30
-35
-21
-13
-30
-59
-47
-36
-32
-30
-29
-19
-17
-17
-8
18
29
5
1
9
23
32
33
38
14
-5
-20
-22
-36
-34
-13
8
17
21
15
-3
7
7
29
32
28
24
31
30
4
-8
-25
-41
-32
-32
-17
-2
-10
-18
-10
29
48
48
32
26
31
38
43
16
-9
-15
-17
-23
-36
-42
-43
-47
-40
-47
-47
-55
-48
-48
-31
-4
1
2
-1
-11
-15
-31
-54
-77
-88
-102
-106
-104
-92
-86
-87
-72
-54
-44
-44
-55
-54
-46
-46
-36
-30
-1
2
3
-21
-35
-48
-58
-50
-38
-30
-57
-68
-37
-26
-7
-2
12
15
-5
-12
-12
-19
-19
-13
-28
-45
-52
-55
-65
-65
-40
-11
-4
-11
-13
-4
12
11
3
3
9
3
-4
-29
-32
-30
-35
-46
-34
-31
-42
-21
-17
-27
-4
-5
-10
-7
-14
-11
-20
-13
-29
-38
-40
-29
-17
-9
-7
-7
15
36
36
23
11
16
12
11
6
-9
-17
-16
-16
-20
-23
-30
-27
-14
-8
-12
-18
-6
13
12
18
22
8
-4
-11
-27
-32
-33
-26
-16
-46
-57
-50
-47
-48
-50
-4
14
-1
-5
0
31
28
26
11
-15
-2
12
-7
-33
-43
-46
-48
-32
-14
11
1
-14
-4
-8
-11
-8
-14
-10
-4
-5
-3
0
-7
-22
-34
-30
-14
-17
-16
0
31
31
26
33
32
27
14
-4
-16
-12
-9
-10
1
-9
-8
-15
-14
3
5
-2
-7
-5
-6
-3
-5
-19
-5
9
6
-3
-32
-32
-23
-7
-15
-24
-40
-31
-26
-22
3
28
30
30
22
2
-2
-6
-11
-15
-22
-18
-15
-32
-43
-46
-33
-28
-9
2
-20
-22
5
20
24
26
35
31
36
17
1
0
-7
-6
-11
-15
-21
-27
-22
-9
15
13
2
13
0
7
15
-5
-8
0
12
-7
-18
-26
-26
-26
-21
-10
-5
-8
-37
-51
-47
-24
-17
-2
16
14
11
-4
-24
-38
-47
-40
-32
-29
-28
-30
-27
-27
9
42
51
52
36
48
40
30
-4
-44
-43
-49
-49
-58
-74
-77
-80
-63
-58
-62
-59
-49
-24
-20
-34
-44
-44
-59
-69
-81
-113
-131
-155
-194
-239
-282
-316
-319
-329
-360
-373
-408
-462
-516
-546
-561
-587
-621
-696
-797
-924
-1076
-1218
-1367
-1511
-1619
-1651
-1636
-1585
-1465
-1340
-1277
-1264
-1263
-1226
-1096
-798
-441
-90
254
563
835
1055
1211
1325
1476
1646
1744
1749
1714
1667
1613
1528
1375
1159
960
789
649
570
526
508
501
479
454
437
421
396
383
394
420
445
441
412
357
306
278
247
204
173
122
80
36
9
-18
-50
-56
-45
-28
-7
29
78
89
83
94
101
142
155
167
188
170
136
75
24
-31
-75
-106
-125
-122
-110
-102
-115
-123
-104
-63
-24
-17
-16
-19
-26
-38
-54
-48
-48
-41
-33
-16
-7
-20
-12
7
46
64
81
90
101
119
115
126
139
144
121
105
105
82
66
66
46
38
30
17
-33
-60
-57
-61
-56
-60
-51
-45
-53
-58
-59
-67
-73
-69
-51
-54
-66
-62
-61
-43
-16
-9
-13
-22
-30
-12
5
20
41
52
45
48
57
66
82
71
62
54
40
42
9
19
40
46
48
43
70
85
84
74
40
35
67
92
109
133
145
138
161
176
193
175
154
148
95
55
45
33
29
51
79
83
82
97
108
109
123
137
129
102
62
26
8
-9
-9
4
13
12
4
-20
-41
-56
-67
-65
-82
-79
-67
-70
-59
-56
-45
-30
-23
-27
-48
-38
-30
-26
-18
-12
4
4
-2
-11
-4
11
20
24
18
7
-12
-22
-2
20
28
25
37
42
42
32
23
7
2
22
22
25
25
16
5
6
35
50
28
-1
-4
2
8
19
19
21
40
61
79
82
93
105
111
126
135
137
110
104
106
105
113
100
107
96
76
64
64
76
87
102
98
90
99
79
39
22
20
17
-11
-49
-91
-109
-147
-197
-245
-288
-340
-390
-440
-504
-560
-594
-600
-574
-528
-485
-438
-313
-167
-5
140
244
353
457
580
718
808
873
925
982
1034
1068
1042
985
947
871
797
690
544
418
258
111
-2
-74
-161
-263
-373
-469
-544
-597
-616
-584
-545
-478
-407
-344
-290
-236
-151
-53
30
87
123
147
152
145
158
176
200
247
315
379
399
437
478
479
439
371
267
166
82
13
-71
-155
-257
-326
-345
-346
-371
-411
-445
-462
-458
-444
-418
-377
-365
-362
-387
-437
-498
-541
-553
-560
-583
-613
-648
-694
-699
-665
-569
-415
-253
-114
-4
73
153
206
241
263
264
267
308
339
342
364
378
393
387
369
364
330
309
280
249
199
138
104
94
72
42
11
-6
-10
-37
-73
-89
-94
-109
-95
-94
-104
-101
-108
-94
-77
-38
-20
-23
-16
4
22
31
32
32
34
39
42
37
45
46
43
41
29
14
5
-13
-9
1
16
17
12
27
20
14
10
-4
-6
10
20
6
-15
-36
-27
-8
-17
-3
4
8
20
8
17
10
16
32
27
23
29
51
45
33
26
12
-9
-12
-19
-23
-5
21
25
27
35
43
73
85
78
58
30
30
34
16
-1
-2
-5
-10
-10
22
33
26
32
42
51
43
34
24
27
19
22
40
34
21
11
11
32
49
53
47
41
27
17
24
27
44
59
58
43
23
25
15
12
10
11
13
27
33
44
60
62
61
57
41
38
33
32
14
2
19
9
0
-2
8
21
21
17
21
23
2
11
17
40
61
58
58
45
32
27
21
18
8
13
14
28
43
43
38
43
70
69
63
69
47
39
39
39
40
28
13
-5
-10
1
30
27
45
57
72
85
80
88
91
97
93
78
68
43
31
56
60
43
37
46
49
50
53
50
63
80
100
83
81
92
87
69
65
61
61
65
55
44
38
38
60
77
84
97
110
119
87
84
95
100
110
110
91
79
85
74
64
66
56
45
39
42
40
45
53
89
122
118
120
111
110
119
110
92
77
67
78
93
92
78
75
69
65
64
74
81
79
88
99
97
102
98
95
101
112
105
92
88
70
72
70
71
78
83
85
90
103
123
115
97
105
121
111
104
82
85
83
59
51
39
37
38
40
55
69
72
65
63
60
70
83
81
92
100
101
89
81
68
55
56
47
38
37
20
-1
-2
35
54
59
63
78
98
87
74
71
57
47
47
38
17
3
2
26
23
-1
-24
-43
-54
-59
-61
-49
-57
-57
-49
-43
-39
-39
-58
-70
-64
-57
-54
-73
-76
-89
-92
-70
-83
-100
-113
-117
-104
-92
-68
-64
-73
-67
-71
-67
-69
-74
-59
-49
-65
-79
-84
-117
-123
-94
-87
-93
-95
-92
-78
-68
-81
-96
-94
-100
-96
-94
-102
-99
-103
-119
-109
-93
-89
-75
-67
-78
-70
-62
-63
-81
-96
-108
-112
-97
-106
-106
-115
-99
-83
-77
-81
-92
-68
-65
-56
-56
-66
-55
-52
-59
-64
-84
-77
-66
-54
-58
-45
-36
-35
-27
-23
-5
0
-10
5
12
13
25
18
1
-7
3
8
7
-8
-3
3
-10
-4
-7
-15
-38
-40
-39
-41
-48
-47
-32
-11
-13
-23
-30
-39
-49
-65
-86
-92
-100
-115
-120
-124
-111
-104
-107
-98
-101
-92
-95
-84
-70
-75
-63
-36
-19
-33
-43
-59
-71
-63
-41
-54
-75
-74
-60
-47
-38
-47
-33
-23
-22
-31
-37
-27
-7
11
9
10
5
-8
-21
-10
17
21
14
7
14
20
30
44
38
24
30
36
28
26
35
33
31
38
52
58
38
45
61
61
70
64
69
54
36
30
42
40
29
37
38
31
53
63
63
69
87
90
89
83
85
81
83
98
91
81
75
59
54
66
62
55
69
80
87
96
94
116
130
138
140
137
135
131
128
115
96
86
81
77
65
88
105
110
108
104
128
131
136
137
134
149
131
126
130
129
119
119
139
141
140
137
132
139
146
129
104
119
120
127
136
148
155
156
149
135
124
129
132
134
123
124
124
115
97
100
130
139
120
101
101
114
103
87
87
99
111
96
100
88
86
70
63
62
57
40
22
24
38
44
49
44
59
61
59
63
71
90
84
80
72
70
63
43
34
43
65
53
51
40
35
39
53
63
42
27
31
47
50
31
11
28
44
41
42
32
8
-16
-29
-38
-25
-20
-10
-6
9
19
19
18
1
4
18
4
9
-2
-18
-10
12
14
-6
-19
-29
-36
-33
-9
8
9
-2
-5
5
4
-5
-15
-20
-21
-28
-42
-67
-65
-50
-26
-21
-18
-16
-15
-9
-23
-20
-13
-15
-10
-15
-15
-22
-36
-46
-52
-33
-35
-55
-36
-40
-32
-37
-29
-12
0
3
11
15
16
10
-9
-30
-40
-40
-57
-68
-69
-53
-45
-34
-50
-45
-27
-23
-14
-6
1
0
7
2
-6
-19
-20
-22
-31
-19
-32
-33
-45
-53
-31
-31
-17
-12
-20
-26
-13
5
2
14
9
-15
-7
-6
-19
-50
-64
-54
-62
-67
-80
-77
-69
-55
-42
-33
-36
-51
-31
-12
-6
-4
-5
-13
-12
16
24
2
-15
-24
-20
-34
-29
-25
-27
-22
-28
-24
-36
-28
-9
7
20
28
25
4
-1
-8
-23
-30
-36
-14
-24
-39
-53
-67
-63
-56
-45
-40
-25
-15
-10
7
16
40
59
46
42
35
29
38
26
10
-15
-34
-50
-60
-64
-67
-55
-40
-25
-20
-15
-19
-13
-11
-12
2
2
-9
-8
-16
-39
-47
-32
-20
-14
-19
-14
-13
-31
-22
-9
21
18
11
6
2
-5
-26
-23
-4
-4
-23
-31
-32
-37
-42
-36
-8
6
7
-8
-31
-39
-29
-19
-12
-22
-26
-19
-13
-11
-17
-29
-23
-26
-34
-30
-38
-58
-60
-39
-20
-12
-5
-1
-8
4
18
23
6
-4
-1
-4
-11
-36
-32
-18
-20
-22
-2
7
-11
12
6
-1
3
2
22
13
2
-1
-4
-3
-28
-34
-25
-9
1
-10
-11
-9
11
9
16
19
-2
-3
-1
-33
-51
-42
-43
-50
-64
-68
-54
-62
-90
-86
-62
-56
-69
-61
-40
-23
-13
-9
3
13
8
-5
-21
-30
-49
-42
-51
-57
-58
-66
-63
-55
-12
6
10
18
30
43
23
29
33
14
12
-7
-16
-32
-33
-22
-37
-38
-21
-32
-39
-32
-26
-16
5
6
14
11
-3
-28
-35
-60
-64
-61
-65
-70
-77
-67
-67
-61
-25
-14
-17
-34
-27
-8
-22
-24
-24
-18
-17
-47
-61
-69
-67
-69
-68
-44
-44
-46
-53
-41
-8
3
3
-1
-6
-10
-28
-43
-59
-67
-76
-63
-61
-56
-45
-47
-38
-13
19
15
-3
1
8
14
23
25
-6
-17
-14
0
13
2
3
6
8
-8
-10
-10
-24
-26
-32
-24
-19
-11
21
38
41
30
6
-3
-7
-11
-31
-45
-48
-61
-72
-67
-49
-49
-49
-44
-24
-5
21
34
44
40
37
31
29
13
9
14
3
17
22
3
-27
-29
-25
-12
-16
-22
0
11
24
16
6
5
1
-7
-33
-28
-18
-22
-19
-21
0
-6
10
12
3
0
3
14
6
-11
-16
-19
-11
-41
-52
-48
-41
-27
-8
-17
-28
-14
12
44
54
43
30
16
7
5
0
-9
-15
0
-13
-20
-14
-26
-44
-40
-20
-16
-6
4
10
19
14
8
1
-7
-14
-12
-19
-39
-42
-29
-22
-19
-27
-35
-53
-28
-6
-2
10
20
26
18
6
11
-6
-33
-44
-34
-34
-32
-9
2
20
36
63
73
65
62
66
48
29
10
-13
-15
-20
-56
-81
-96
-89
-82
-63
-46
-34
-25
-33
-10
9
20
27
14
17
-2
-31
-43
-75
-96
-120
-139
-174
-202
-196
-210
-234
-277
-309
-357
-403
-452
-501
-531
-591
-698
-820
-976
-1171
-1357
-1560
-1774
-1913
-1977
-1996
-1984
-1898
-1774
-1715
-1677
-1614
-1488
-1246
-822
-318
165
599
1000
1349
1575
1687
1733
1749
1789
1748
1648
1516
1365
1240
1132
1011
829
635
473
356
