0
9
30
70
112
158
187
187
182
171
153
123
91
58
-30
-203
-450
-791
-1196
-1620
-2010
-2399
-2819
-3273
-3724
-4072
-4164
-3937
-3628
-3426
-3351
-3313
-3288
-3230
-2953
-2520
-2016
-1459
-861
-262
199
459
624
764
979
1257
1500
1703
1872
1937
1974
2026
2048
1984
1903
1905
1913
1905
1879
1856
1825
1739
1625
1525
1443
1304
1102
900
714
582
470
379
328
299
267
247
211
142
82
49
6
-22
-17
-4
-7
-22
-67
-113
-165
-219
-240
-241
-209
-163
-128
-110
-58
18
93
160
186
204
226
233
241
248
257
255
237
225
201
191
168
146
121
99
91
56
18
-16
-34
-48
-78
-99
-109
-94
-92
-105
-114
-120
-109
-90
-91
-99
-85
-74
-69
-73
-69
-61
-62
-55
-57
-61
-70
-62
-65
-64
-62
-62
-64
-76
-77
-71
-71
-55
-57
-59
-65
-55
-46
-40
-32
-27
-20
-17
-26
-24
-4
-10
-7
-10
-29
-28
-17
-28
-30
-14
-3
-9
0
4
-2
-11
27
51
61
79
81
75
83
112
116
98
106
116
105
94
98
112
118
128
160
182
173
164
160
141
133
110
85
67
35
-8
-16
-35
-47
-29
-36
-40
-32
-37
-42
-40
-32
-40
-36
-41
-54
-58
-88
-100
-102
-112
-118
-122
-113
-103
-99
-97
-86
-80
-66
-50
-32
-25
-10
15
26
29
30
41
46
62
67
57
55
62
52
36
35
36
33
33
25
2
4
11
10
15
4
15
26
32
7
6
12
23
23
21
40
34
43
65
63
89
131
141
155
160
181
208
237
245
237
225
221
192
174
156
136
127
133
155
169
177
166
142
133
124
113
113
82
33
-5
-40
-77
-88
-85
-104
-138
-199
-265
-366
-458
-518
-552
-563
-545
-510
-450
-370
-232
-52
126
280
389
504
677
874
1034
1204
1375
1530
1772
2073
2282
2366
2391
2371
2251
2116
1916
1605
1200
793
491
281
48
-158
-302
-491
-795
-1099
-1301
-1343
-1273
-1198
-1099
-932
-732
-494
-171
189
496
641
682
669
622
534
416
312
240
165
78
23
64
113
142
157
157
149
93
17
-86
-210
-334
-462
-561
-616
-636
-671
-713
-745
-772
-777
-739
-684
-621
-598
-635
-742
-834
-897
-901
-823
-775
-802
-894
-1072
-1214
-1239
-1119
-759
-329
12
196
253
236
217
215
234
260
296
336
393
436
441
436
420
398
355
309
278
223
184
170
153
133
95
57
24
-4
-24
-39
-53
-78
-87
-95
-95
-83
-96
-101
-113
-123
-106
-81
-64
-51
-41
-45
-33
-22
-21
-24
0
21
35
26
28
29
27
22
9
-4
4
13
33
42
59
47
42
46
47
52
52
41
34
32
31
23
31
34
7
2
20
21
31
43
53
60
55
51
50
55
39
22
15
9
13
3
3
12
11
22
43
42
31
25
20
14
22
25
29
28
-6
-12
13
19
10
7
-5
-19
-23
-1
10
14
25
27
39
48
57
60
61
56
58
50
39
38
18
7
5
-5
2
1
3
20
29
33
29
37
37
43
53
57
56
39
45
49
34
27
29
20
18
5
10
14
14
20
20
38
58
66
76
64
51
44
41
35
20
1
-8
0
-11
-26
-23
-12
7
15
31
41
49
57
53
43
44
48
49
39
35
43
44
47
32
21
34
43
45
39
38
40
38
50
64
70
68
51
45
44
35
33
29
23
29
19
28
42
31
23
45
57
52
54
47
51
57
39
32
24
44
43
37
59
70
63
52
68
90
81
84
93
98
96
83
78
72
58
49
52
57
55
55
53
62
90
95
97
92
88
87
84
92
88
92
85
75
89
84
65
60
60
57
60
73
87
77
80
83
86
93
95
91
79
72
65
74
74
80
69
57
46
43
46
54
50
56
50
41
65
73
66
73
82
95
98
84
78
84
81
59
63
62
63
82
95
102
91
75
76
60
80
105
118
117
118
117
114
103
91
77
74
53
53
62
77
72
66
89
95
104
113
112
105
94
78
48
33
32
11
-21
-47
-49
-30
-28
-30
-48
-62
-88
-93
-83
-67
-51
-25
-31
-32
-24
-6
3
-1
5
-2
-14
-9
-1
4
19
27
10
-5
-3
-2
2
1
6
16
14
12
21
33
38
29
29
37
23
7
11
16
12
-10
-27
-37
-54
-82
-95
-111
-133
-127
-135
-143
-132
-134
-130
-111
-87
-81
-77
-89
-99
-103
-103
-100
-116
-138
-143
-154
-183
-195
-183
-160
-157
-143
-134
-142
-139
-139
-137
-134
-147
-145
-152
-152
-140
-139
-153
-170
-188
-197
-196
-179
-173
-165
-160
-145
-134
-140
-128
-132
-139
-123
-114
-128
-139
-152
-161
-174
-185
-192
-183
-172
-180
-182
-166
-164
-138
-124
-124
-127
-118
-102
-113
-113
-124
-124
-136
-161
-155
-144
-150
-147
-145
-149
-150
-142
-154
-127
-116
-114
-88
-92
-97
-98
-89
-83
-94
-105
-107
-104
-99
-117
-123
-111
-113
-110
-101
-90
-83
-72
-44
-36
-41
-46
-45
-41
-47
-55
-68
-70
-86
-75
-61
-60
-62
-70
-64
-48
-37
-28
-15
-13
-30
-28
-6
-18
-14
-24
-34
-43
-46
-45
-36
-23
-36
-56
-43
-26
-20
-4
-7
-1
-5
3
-9
-19
-28
-24
-15
-22
-36
-36
-44
-48
-44
-32
-19
-12
13
13
0
8
8
-2
-6
-15
-28
-26
-29
-40
-60
-62
-56
-46
-48
-56
-50
-49
-40
-40
-40
-21
-11
-9
-13
-26
-30
-33
-36
-52
-69
-55
-58
-58
-63
-67
-67
-64
-57
-62
-54
-36
-40
-32
-19
5
8
-16
-26
-23
-26
-37
-39
-37
-40
-46
-60
-59
-59
-58
-42
-35
-19
-12
-4
4
-6
-8
0
5
4
7
10
2
-27
-31
-45
-53
-52
-39
-29
-15
10
10
14
26
28
29
31
13
14
1
8
18
10
-6
-23
-17
-24
-31
-39
-45
-31
-22
-2
2
11
37
36
16
10
6
-10
-19
-12
-15
-28
-29
-25
-29
-39
-27
-26
-24
-22
-17
-12
-20
-26
-29
-14
-17
-31
-33
-24
-37
-50
-42
-42
-47
-42
-27
-24
-1
3
-8
-7
-18
-38
-41
-37
-28
-13
-10
-20
-29
-7
7
3
8
8
10
7
12
26
18
9
6
-1
0
6
14
29
31
22
12
11
13
17
11
-17
-34
-28
-12
-11
-21
-17
-16
-7
11
25
13
5
16
8
-9
-3
10
14
5
-3
-5
-10
-27
-28
-12
-16
-20
-9
0
-6
-14
7
11
3
4
7
-3
-23
-32
-22
-9
-3
6
-2
-12
-1
8
21
21
10
-6
-7
-9
2
21
7
-9
-17
-3
8
7
8
-3
-14
-12
-8
-3
-13
-4
1
-4
1
2
6
2
4
2
-1
0
-22
-29
-14
-3
-3
3
0
-2
4
5
1
8
16
5
-8
-26
-43
-31
-6
3
1
1
12
7
-12
-15
-6
-23
-22
-19
-6
-8
-17
-22
-26
-48
-46
-39
-24
-19
-24
-6
-4
-21
-15
-27
-34
-20
-4
-9
-14
-14
-14
-11
-25
-18
-12
-12
3
5
4
4
-2
-6
-10
-3
5
25
24
5
0
-6
-7
-11
-25
-26
-20
-15
-17
-23
-3
9
13
18
13
24
26
24
1
-9
0
-9
-15
-17
-10
3
3
-5
5
22
30
11
25
41
45
39
34
32
23
19
17
-5
-10
-8
-4
-14
-20
-24
-28
0
9
23
40
31
24
38
49
41
31
25
10
-12
-17
-16
-14
-13
-4
-5
1
9
23
35
29
29
30
20
24
28
22
17
1
-10
-1
-5
-13
-11
-2
7
12
33
38
37
29
26
26
28
38
25
8
13
7
-1
-14
-15
-18
-17
-16
-18
-8
11
19
31
30
39
37
41
38
27
21
21
3
-10
-16
-16
1
2
-8
-7
-2
-1
-16
-31
-9
8
15
20
19
17
16
10
1
-18
-26
-19
-24
-20
-29
-29
-21
-28
-29
-22
-1
10
15
20
18
18
12
-4
-7
-17
-27
-33
-33
-27
-23
-19
-27
-14
-3
-13
-11
-9
-2
7
13
24
37
38
37
18
-12
-20
-31
-32
-25
-16
-19
-17
3
17
22
39
45
22
4
14
9
17
13
7
-3
-12
-8
-13
-21
-20
-13
-14
-15
-1
10
14
13
-15
-21
-14
-9
-18
-33
-32
-28
-38
-50
-64
-58
-49
-45
-32
-33
-28
-14
-8
-6
-16
-28
-32
-45
-53
-73
-64
-59
-61
-60
-62
-49
-40
-48
-40
-41
-33
-25
-5
3
-24
-26
-29
-18
-19
-14
-6
-19
-35
-46
-38
-31
-50
-49
-37
-20
-2
13
19
11
12
16
17
14
-2
-24
-33
-47
-57
-61
-57
-55
-66
-60
-63
-51
-43
-32
-22
-32
-40
-39
-41
-36
-37
-49
-70
-78
-68
-58
-50
-45
-44
-42
-34
-7
13
27
22
-6
0
-3
-26
-35
-49
-77
-70
-53
-57
-48
-48
-57
-53
-48
-37
-35
-21
-1
2
3
7
7
8
-4
-19
-6
-9
-20
-37
-50
-55
-54
-41
-30
-25
-14
13
8
-4
1
4
1
11
5
-8
-6
-21
-50
-66
-66
-69
-66
-68
-70
-58
-48
-30
-18
-6
8
4
8
11
3
0
-9
-15
-37
-42
-57
-75
-57
-42
-30
-31
-32
-28
-13
-8
4
9
11
-2
-18
-18
-19
-29
-51
-70
-64
-45
-45
-53
-46
-37
-22
-14
-4
0
5
12
42
42
38
10
-4
-6
-14
-21
-34
-36
-25
-5
7
4
14
11
6
3
1
3
2
-7
12
18
9
-8
-22
-18
-36
-48
-62
-43
-38
-32
-17
-14
-15
-7
3
12
12
5
-1
-13
-12
-23
-16
-17
-35
-39
-52
-55
-48
-46
-34
-43
-40
-27
-26
-27
-22
-4
12
21
15
3
1
-13
-27
-27
-24
-6
-15
-25
-21
-19
-30
-26
-20
-32
-41
-30
-20
-8
3
26
45
36
16
16
18
34
43
45
27
11
7
-11
-25
-54
-61
-57
-60
-58
-61
-64
-60
-51
-40
-46
-40
-19
-2
0
-5
-7
-12
-24
-34
-50
-66
-88
-124
-145
-159
-166
-194
-205
-203
-213
-218
-203
-200
-198
-197
-195
-198
-197
-206
-238
-300
-413
-545
-705
-866
-1042
-1207
-1331
-1459
-1588
-1689
-1743
-1839
-2031
-2265
-2495
-2667
-2685
-2477
-2121
-1639
-1033
-351
259
705
991
1235
1527
1811
1974
1990
1938
1882
1829
1692
1395
1037
703
497
447
444
447
486
560
608
617
648
702
735
793
929
1023
1026
983
940
850
737
655
594
541
420
265
121
8
-63
-103
-107
-95
-58
-12
13
32
37
26
25
41
90
132
147
141
112
77
37
-15
-64
-97
-114
-120
-134
-143
-124
-104
-81
-45
-12
-3
-6
-11
-3
18
37
47
56
47
26
20
26
23
28
38
58
57
62
82
91
106
104
97
87
102
111
93
73
53
37
41
30
19
0
-22
-18
-15
-16
-28
-47
-44
-48
-60
-46
-46
-42
-43
-53
-49
-41
-42
-44
-32
-19
-13
-12
-10
-9
-16
-11
-5
-6
4
33
46
39
23
23
22
44
42
32
28
26
32
40
42
42
31
35
17
3
29
68
110
144
156
170
191
217
223
209
192
173
158
120
91
57
33
42
35
52
48
53
66
58
42
38
27
36
29
4
-17
-17
-24
-32
-39
-47
-54
-56
-65
-58
-55
-60
-74
-86
-76
-85
-124
-151
-148
-143
-148
-166
-166
-145
-123
-124
-97
-69
-55
-54
-48
-35
-36
-35
-38
-44
-41
-35
-39
-42
-40
-30
-43
-33
-6
-4
-14
-18
-1
19
21
16
12
-3
-9
-3
-2
-7
4
4
7
22
35
35
37
38
58
77
98
123
169
188
187
203
227
242
239
235
250
263
264
240
221
196
168
152
135
128
145
164
173
176
172
175
160
161
152
138
104
86
64
-1
-58
-76
-103
-130
-165
-241
-348
-445
-533
-609
-644
-650
-627
-586
-533
-441
-278
-76
121
276
396
546
746
953
1132
1296
1487
1693
1940
2183
2345
2394
2400
2336
2174
1968
1706
1366
963
570
292
77
-117
-310
-466
-682
-963
-1223
-1386
-1386
-1310
-1246
-1165
-1034
-855
-629
-336
14
266
389
408
399
377
301
227
183
168
115
36
18
59
114
165
194
195
176
116
47
-19
-115
-246
-357
-452
-512
-553
-592
-634
-667
-706
-736
-745
-741
-708
-720
-746
-820
-920
-998
-1033
-1004
-1008
-1038
-1103
-1231
-1383
-1432
-1341
-1064
-618
-141
197
382
429
407
395
381
373
376
400
442
464
488
473
438
412
386
361
319
283
255
227
205
175
141
102
76
66
36
6
-28
-36
-21
-33
-45
-58
-50
-54
-61
-58
-77
-80
-81
-87
-89
-93
-85
-77
-76
-61
-73
-56
-40
-18
5
8
3
4
-10
-6
5
16
24
35
21
18
14
11
16
11
3
9
3
9
28
32
30
19
21
19
24
27
5
4
31
36
29
18
23
25
30
37
26
24
27
29
29
34
46
40
32
42
37
36
43
58
43
20
15
8
18
22
24
32
18
-6
10
32
43
32
40
39
36
50
63
44
23
15
6
8
2
-3
-1
7
21
37
45
58
51
53
56
55
55
61
46
24
18
25
15
14
28
31
36
34
37
39
37
42
45
53
49
45
39
20
20
5
-1
-4
-20
-20
-19
-6
-2
24
43
36
34
41
33
39
39
32
31
34
23
-8
-18
5
3
12
28
38
55
74
85
78
77
75
64
73
84
89
80
62
50
56
54
48
33
18
8
24
45
52
58
68
76
75
83
91
84
82
75
79
64
62
43
23
21
7
6
28
40
46
50
48
46
54
64
59
67
82
90
79
71
60
45
39
28
21
16
9
6
11
19
22
18
15
35
52
61
69
58
37
48
56
35
22
15
6
8
11
26
29
30
36
48
63
76
78
78
80
78
66
71
77
79
79
78
84
84
89
105
110
120
120
104
112
117
122
120
127
133
127
109
99
93
85
80
83
80
77
64
51
43
38
48
48
31
22
30
46
70
90
101
110
108
107
99
91
84
64
44
29
24
8
16
15
15
15
20
21
27
35
35
45
34
50
68
80
87
99
99
99
103
99
101
84
74
60
64
57
54
56
56
52
56
58
60
75
94
106
107
93
92
101
104
98
101
94
94
82
65
57
51
62
69
63
56
43
32
29
30
32
10
18
21
23
23
25
19
-9
-30
-17
-25
-43
-47
-47
-39
-46
-57
-62
-71
-86
-88
-84
-93
-89
-80
-74
-78
-78
-76
-68
-67
-68
-77
-84
-77
-85
-92
-90
-92
-89
-85
-88
-95
-80
-68
-75
-78
-82
-95
-98
-105
-108
-116
-128
-135
-115
-110
-111
-108
-114
-99
-98
-109
-118
-117
-93
-72
-67
-74
-82
-103
-124
-148
-171
-180
-179
-184
-185
-204
-196
-177
-167
-145
-126
-125
-125
-127
-138
-157
-148
-141
-134
-136
-149
-144
-132
-142
-161
-168
-159
-145
-142
-134
-130
-111
-107
-95
-93
-121
-144
-150
-153
-163
-156
-151
-147
-143
-140
-130
-120
-105
-90
-91
-90
-91
-105
-96
-93
-104
-97
-97
-121
-133
-133
-126
-123
-119
-94
-77
-61
-50
-51
-56
-50
-37
-54
-62
-57
-63
-53
-69
-81
-91
-91
-94
-105
-91
-84
-87
-72
-49
-34
-23
-22
-16
-13
-14
-8
-19
-18
-24
-27
-46
-61
-65
-63
-73
-86
-59
-40
-33
-18
-13
-10
-9
-10
14
9
-7
-25
-41
-27
-37
-39
-40
-23
-15
-28
-33
-41
-38
-21
-25
-38
-26
-9
7
1
-16
-31
-26
-29
-22
-25
-23
-40
-54
-57
-48
-48
-27
0
6
-8
-7
4
17
25
25
19
16
0
-9
-20
-31
-45
-58
-40
-39
-37
-31
-20
-7
0
-3
4
3
18
25
22
27
15
5
-12
-8
-10
-29
-44
-39
-21
-28
-42
-21
-17
-6
10
21
24
20
8
9
19
16
21
31
9
-23
-20
-12
-16
-16
-17
-15
-2
28
42
48
46
53
59
42
26
19
15
5
-11
-13
-23
-19
-7
0
-11
-10
12
24
17
30
38
42
34
21
15
2
5
2
-3
1
-13
-19
4
17
24
26
30
29
14
8
31
41
38
34
24
5
0
-22
-32
-29
-17
6
16
7
9
24
31
29
19
22
17
29
29
20
4
13
12
-9
-10
-13
-22
-19
-4
3
-8
-4
7
18
38
43
54
54
40
27
16
19
0
-10
0
4
-1
-2
-10
-17
-10
6
4
-6
6
6
25
33
31
37
21
9
-8
-1
12
3
-16
-30
-5
12
14
26
29
29
42
61
71
71
80
76
48
31
30
32
37
15
-2
-9
-1
3
0
6
1
20
25
34
46
53
37
6
-5
-2
-1
-1
-4
-10
-17
-24
-23
-23
-18
-11
-10
-14
0
21
18
17
24
37
30
0
-15
-22
-32
-23
-25
-23
-13
-8
10
17
9
10
15
30
45
44
26
35
20
11
19
14
19
31
31
15
-2
1
32
49
56
71
79
75
76
64
66
72
36
7
11
14
19
19
18
26
36
55
75
68
59
75
97
98
117
110
105
78
63
67
62
59
51
34
36
39
39
52
50
60
72
98
112
123
130
125
131
142
134
119
117
124
105
76
74
75
86
91
82
97
104
106
104
105
94
102
114
99
94
112
111
91
96
103
91
77
74
85
92
101
112
120
135
154
157
151
135
130
126
109
110
104
90
81
66
66
77
74
91
96
88
80
92
100
81
83
71
59
61
54
52
50
40
38
6
-2
-4
-9
-2
0
16
9
10
16
34
33
25
33
42
24
6
-10
-9
-28
-46
-33
-38
-37
-36
-49
-48
-27
-21
-17
-17
-13
-22
-19
-14
-17
-11
-17
-40
-58
-57
-49
-46
-36
-27
-18
-27
-19
-4
-13
-18
-35
-38
-33
-40
-51
-69
-81
-80
-74
-55
-43
-44
-42
-32
-14
-19
-10
-16
-32
-44
-62
-69
-53
-46
-55
-82
-84
-91
-94
-85
-72
-65
-60
-54
-54
-49
-33
-23
-36
-38
-48
-38
-38
-49
-51
-47
-45
-45
-59
-68
-84
-77
-68
-58
-42
-50
-65
-59
-49
-40
-24
-21
-25
-37
-51
-59
-53
-70
-86
-86
-84
-74
-80
-70
-51
-45
-53
-66
-58
-80
-95
-72
-67
-79
-95
-94
-79
-77
-67
-72
-66
-63
-65
-56
-54
-50
-57
-56
-60
-73
-84
-91
-100
-102
-100
-90
-96
-96
-77
-83
-64
-64
-49
-44
-44
-46
-44
-44
-63
-75
-64
-65
-67
-69
-70
-79
-95
-105
-95
-79
-68
-61
-50
-29
-26
-24
-31
-12
-26
-51
-52
-57
-74
-82
-88
-91
-96
-88
-88
-75
-63
-39
-31
-47
-59
-56
-59
-48
-47
-57
-57
-57
-55
-41
-30
-24
-34
-40
-36
-34
-40
-30
-14
-6
-16
-35
-28
-21
-24
-19
-26
-37
-30
-24
-33
-53
-59
-55
-35
-18
-11
0
3
4
11
6
2
-17
-23
-13
-16
-14
-26
-14
0
7
19
32
44
54
55
61
65
61
61
58
61
53
49
47
42
41
52
52
42
37
44
49
64
76
93
94
104
97
77
68
59
51
46
15
-7
-14
-16
-24
-16
-15
-2
20
45
56
68
66
74
81
81
82
80
74
78
62
47
39
31
17
3
4
5
8
-3
-9
12
25
44
57
48
53
46
37
17
2
-3
-1
-7
-30
-46
-36
-22
-8
3
20
46
72
109
109
105
114
106
113
93
68
58
41
19
-3
-7
4
0
-10
-4
7
14
22
42
70
104
125
136
152
161
159
169
181
185
186
199
193
187
183
191
239
286
347
388
403
411
412
409
420
439
475
513
573
607
638
660
666
665
646
618
588
505
352
61
-330
-714
-1109
-1433
-1785
-2256
-2851
-3426
-3911
-4210
-4232
-4099
-4003
-3930
-3847
-3773
-3675
-3385
-2900
-2319
-1689
-1033
-485
-72
256
513
720
968
1217
1425
1592
1708
1750
1746
1807
1856
1816
1708
1645
1639
1626
1582
1544
1517
1458
1395
1332
1275
1156
974
791
625
490
395
346
320
290
264
229
179
127
84
73
53
37
40
60
64
49
12
-39
-111
-158
-214
-243
-215
-185
-157
-129
-66
8
63
115
174
207
215
220
200
187
206
211
216
214
189
151
134
109
82
83
82
59
50
42
52
97
165
245
302
357
404
409
410
403
403
406
398
386
387
411
439
451
474
502
540
548
527
467
395
349
295
253
212
151
121
94
69
38
1
-13
-46
-60
-76
-88
-105
-125
-141
-141
-133
-140
-136
-117
-123
-129
-124
-133
-132
-123
-122
-93
-81
-78
-70
-55
-49
-62
-49
-50
-64
-102
-153
-175
-186
-186
-185
-199
-167
-106
-17
74
153
250
344
461
549
591
591
571
542
479
381
281
182
109
31
-46
-119
-167
-194
-202
-193
-170
-146
-123
-97
-73
-54
-44
-15
3
16
19
17
25
32
16
2
-22
-29
-53
-56
-48
-54
-63
-56
-34
-36
-46
-49
-50
-34
-37
-33
-10
16
22
21
38
49
46
40
30
44
50
61
64
56
47
44
40
48
44
49
52
45
24
21
31
57
67
87
93
82
76
89
110
117
129
135
142
159
175
177
186
200
188
169
162
133
135
116
93
73
48
47
59
55
59
64
74
60
41
39
7
-47
-92
-119
-156
-203
-249
-293
-327
-365
-421
-478
-591
-730
-875
-1007
-1123
-1209
-1202
-1172
-1166
-1156
-1070
-906
-766
-642
-482
-313
-112
76
300
555
816
1118
1414
1770
2133
2432
2644
2788
2888
2879
2782
2602
2274
1861
1449
1121
887
668
380
61
-260
-519
-732
-866
-880
-770
-666
-549
-334
-86
113
257
359
384
330
266
203
102
-15
-128
-172
-159
-98
19
112
154
187
228
269
304
322
306
244
144
67
15
-82
-237
-385
-426
-430
-481
-552
-588
-562
-478
-381
-277
-150
-52
5
-25
-65
-77
-25
233
513
655
647
488
206
84
26
-139
-234
-300
-423
-591
-757
-901
-951
-917
-820
-685
-535
-413
-302
-228
-181
-137
-113
-111
-116
-116
-118
-137
-166
-189
-195
-201
-211
-216
-223
-227
-231
-226
-209
-199
-191
-175
-163
-137
-112
-98
-72
-61
-57
-46
-28
3
2
4
16
33
45
47
44
34
30
18
-10
7
18
-2
-27
-49
-63
-68
-59
-48
-47
-22
-8
2
11
23
32
18
10
-4
0
7
-9
-17
-14
-17
-9
-8
14
17
18
13
6
13
18
22
30
25
32
25
19
7
-12
-8
5
8
-16
-30
-23
-6
4
0
0
12
20
28
25
24
27
21
21
9
0
7
-3
-29
-47
-54
-51
-38
-19
-20
-14
6
27
22
17
7
8
13
4
0
-6
-8
-21
-37
-43
-37
-42
-45
-40
-40
-28
-10
10
19
29
40
35
23
14
-4
-19
-18
2
2
-4
-4
-12
-8
-7
-7
-2
1
9
15
17
12
-1
12
1
-5
17
16
-12
-25
-33
-32
-16
1
-8
-4
3
6
6
18
37
37
20
15
16
14
0
-7
-1
5
4
-10
1
15
4
-1
-3
10
22
16
23
30
40
37
22
30
46
38
17
7
10
18
37
34
19
14
20
32
40
56
59
49
50
59
66
49
35
31
30
33
26
19
19
24
17
15
11
14
11
32
41
51
61
61
57
58
53
32
7
8
10
-1
-5
-8
9
6
5
21
36
44
28
38
46
33
35
29
25
24
27
32
27
18
9
12
16
34
38
33
59
81
81
106
104
93
93
103
100
70
23
11
3
9
10
23
30
43
50
57
74
82
89
111
113
113
129
134
125
128
125
107
88
76
77
74
71
63
51
57
75
67
83
96
104
94
92
99
99
90
85
73
73
60
53
48
60
65
60
63
47
45
56
50
41
63
73
83
73
47
34
27
32
24
21
25
33
28
23
43
61
62
88
112
138
144
134
118
102
77
56
57
38
26
21
23
20
27
8
6
12
26
26
28
35
39
48
48
31
30
28
24
2
-33
-44
-55
-52
-57
-64
-67
-64
-62
-56
-56
-43
-21
2
3
-12
-24
-46
-51
-65
-86
-80
-67
-40
-29
-29
-14
-7
-1
0
-3
-15
-9
-12
-15
-17
-38
-46
-45
-64
-70
-74
-73
-76
-79
-60
-48
-40
-51
-49
-44
-42
-40
-41
-55
-61
-68
-84
-101
-108
-117
-96
-75
-77
-71
-72
-60
-40
-44
-48
-39
-45
-64
-81
-76
-89
-121
-112
-110
-129
-138
-134
-134
-130
-112
-116
-112
-109
-110
-111
-120
-116
-112
-112
-123
-131
-131
-125
-132
-127
-114
-114
-122
-120
-112
-103
-95
-89
-78
-82
-72
-69
-68
-77
-97
-93
-79
-74
-89
-90
-89
-94
-94
-86
-74
-48
-21
-17
-19
-10
-13
-12
-25
-22
-36
-53
-54
-56
-52
-46
-39
-37
-60
-50
-43
-29
-15
-19
-24
-25
-19
-12
-7
-17
-26
-16
-24
-40
-41
-40
-43
-41
-17
-8
-18
-24
-19
-7
14
30
25
18
16
9
-17
-17
-29
-36
-30
-35
-47
-64
-69
-52
-39
-20
-7
16
21
27
27
14
9
5
-4
-11
-21
-21
-27
-35
-45
-53
-51
-53
-58
-70
-65
-52
-64
-70
-63
-67
-58
-63
-68
-73
-80
-90
-110
-123
-130
-131
-136
-148
-146
-142
-137
-129
-134
-129
-117
-119
-113
-109
-102
-101
-95
-97
-110
-104
-112
-128
-155
-163
-166
-166
-151
-125
-100
-89
-81
-72
-68
-61
-51
-64
-59
-59
-72
-83
-89
-89
-85
-79
-74
-71
-72
-63
-63
-69
-66
-49
-48
-48
-54
-63
-45
-22
-13
-16
-21
-12
-3
20
24
29
56
85
100
111
133
165
168
171
174
179
172
137
101
53
22
18
20
29
25
23
45
60
65
69
73
63
55
41
13
4
9
15
8
6
15
11
15
10
4
2
0
2
14
36
48
34
48
60
66
94
116
118
106
108
112
104
107
105
113
109
105
121
122
113
101
104
130
137
144
143
135
146
160
164
151
121
113
109
86
75
53
48
47
58
70
77
63
68
72
81
88
89
86
78
69
74
82
77
64
49
40
47
43
38
51
71
88
94
122
134
134
128
130
132
128
126
118
91
72
59
61
46
61
77
67
61
49
64
81
83
84
87
88
84
74
68
65
58
53
57
51
40
42
35
22
27
46
63
63
71
80
77
76
66
54
48
27
14
5
5
-5
1
23
39
45
43
36
51
43
36
37
27
33
29
25
23
32
25
1
-8
-14
-17
-13
-6
6
7
22
38
50
53
45
53
48
27
25
25
12
11
-3
-12
-24
-27
-23
-13
-1
6
17
34
51
33
15
10
8
6
1
-17
-14
-13
-30
-39
-40
-36
-28
0
18
17
19
23
26
11
-13
-20
-21
-27
-46
-65
-70
-73
-69
-56
-41
-35
-31
-29
-14
5
6
-5
-21
-10
-12
-33
-58
-62
-69
-67
-65
-55
-51
-61
-72
-80
-69
-68
-61
-38
-29
-21
-39
-50
-53
-48
-45
-57
-63
-46
-42
-30
-27
-38
-49
-52
-21
-13
-8
13
29
33
22
9
-1
-13
-7
-5
-10
-6
-12
-12
-12
-6
15
22
25
33
41
46
65
65
58
62
47
23
27
35
42
39
42
22
14
32
30
33
38
46
55
64
51
31
28
30
14
16
20
1
-13
-11
-10
-18
-23
-9
3
10
1
9
21
25
26
16
2
-4
-23
-19
-31
-45
-45
-43
-61
-80
-75
-81
-83
-68
-70
-59
-47
-44
-30
-23
-17
-15
-19
-27
-28
-41
-57
-68
-75
-65
-62
-70
-69
-52
-50
-55
-61
-54
-34
-23
-23
-28
-20
-12
-30
-36
-23
-27
-51
-62
-66
-60
-42
-36
-50
-35
-27
-34
-43
-36
-21
-22
-13
-29
-36
-23
-5
-5
-25
-43
-60
-64
-66
-77
-73
-60
-45
-33
-29
-24
-18
-4
14
24
27
38
38
15
14
17
2
-6
-10
-12
-18
-14
4
14
3
-10
-11
7
14
13
21
20
24
15
6
12
14
4
4
2
-9
-13
-3
-15
-16
-2
-4
-5
3
38
57
59
48
28
32
29
38
39
27
22
24
14
10
7
5
-6
1
5
2
5
17
39
39
42
53
49
46
52
50
47
40
30
25
13
23
35
39
28
24
23
28
43
52
65
80
70
67
69
73
74
57
41
16
6
20
3
17
14
11
18
30
28
18
14
31
43
40
34
50
55
65
72
44
31
24
10
13
19
31
29
31
20
18
25
33
39
48
52
44
48
54
44
38
26
7
4
11
19
21
6
11
-5
3
9
13
20
26
27
31
37
18
4
-6
-11
-30
-26
-17
-26
-31
-29
-10
-1
3
6
8
23
30
21
24
28
36
19
-1
-18
-14
1
0
-7
-7
20
45
53
72
90
116
119
109
98
105
97
70
36
13
2
1
-6
-16
-25
-6
17
30
31
52
75
94
109
118
130
154
185
207
218
218
210
214
199
190
190
215
241
296
370
421
460
512
534
556
561
565
587
625
682
731
795
875
952
1030
1106
1161
1185
1174
1119
968
708
366
56
-211
-437
-722
-1196
-1904
-2696
-3476
-4100
-4466
-4748
-5065
-5355
-5561
-5720
-5695
-5194
-4422
-3691
-2937
-2199
-1541
-1008
-569
-143
354
791
1102
1359
1577
1713
1803
1900
2028
2112
2093
2017
1968
1936
1920
1895
1864
1788
1672
1569
1462
1329
1139
933
764
630
553
499
436
370
335
307
279
212
126
79
62
59
72
69
45
1
-26
-75
-132
-170
-181
-176
-168
-146
-126
-104
-55
11
68
92
117
147
165
179
199
210
204
188
185
183
194
187
164
155
133
98
74
67
62
60
52
41
36
38
38
30
21
11
1
-8
-7
-11
-12
-15
-18
-14
-9
-12
-12
-31
-31
-28
-28
-21
-25
-13
-8
-17
-31
-44
-64
-88
-91
-82
-75
-61
-61
-72
-66
-56
-38
-36
-25
-21
-18
-5
8
7
-5
4
14
-2
-7
-19
-33
-26
-11
14
35
49
34
26
46
57
51
42
41
19
6
15
24
31
60
100
142
171
200
248
298
347
390
410
392
348
323
298
266
209
170
143
95
33
4
-16
-13
-9
-11
-11
-15
0
-6
-3
4
7
7
6
11
4
-16
-31
-52
-57
-63
-81
-89
-86
-94
-91
-85
-85
-83
-70
-49
-26
-9
10
32
47
83
94
93
91
84
92
105
114
87
64
54
44
50
74
95
121
154
190
227
247
223
178
150
117
61
24
7
11
25
30
39
40
73
119
167
217
251
276
289
315
329
332
339
337
334
329
298
273
230
174
124
91
64
40
40
41
31
27
10
-20
-54
-82
-121
-167
-192
-216
-260
-297
-316
-324
-344
-396
-473
-588
-732
-876
-987
-1062
-1086
-1060
-1029
-999
-932
-793
-572
-363
-201
-73
69
280
523
753
985
1248
1544
1929
2365
2721
2939
3073
3149
3114
2983
2754
2406
1924
1422
1039
766
478
180
-56
-323
-664
-1012
-1235
-1248
-1149
-1055
-962
-782
-518
-273
-21
222
394
430
365
267
142
-2
-160
-276
-301
-335
-389
-381
-289
-185
-126
-87
-32
32
36
-9
-35
-93
-168
-237
-309
-337
-324
-296
-282
-287
-299
-306
-301
-280
-221
-152
-124
-161
-243
-304
-311
-152
33
105
72
-88
-351
-502
-564
-623
-531
-397
-338
-369
-437
-497
-507
-467
-396
-309
-212
-112
-16
41
86
108
114
109
88
67
48
30
4
-36
-60
-57
-79
-91
-111
-130
-153
-173
-182
-196
-196
-174
-143
-118
-109
-92
-68
-53
-51
-41
-20
-8
1
27
50
52
63
77
66
51
44
22
23
17
17
29
27
15
13
12
21
7
8
13
22
29
23
23
15
2
4
15
15
7
12
22
32
34
34
23
28
30
40
26
6
2
8
36
31
15
9
-3
-4
1
25
50
46
25
17
22
26
30
34
25
13
8
10
12
3
-2
-4
7
15
16
24
34
49
41
30
42
40
33
28
26
34
33
28
19
20
30
23
8
2
10
25
33
53
69
83
66
38
37
46
43
35
28
34
28
9
-3
-4
1
-3
-3
3
26
34
34
60
69
79
68
59
67
72
66
46
29
26
33
50
45
32
30
24
30
35
59
74
77
78
75
69
60
60
68
74
72
62
40
30
33
33
57
72
90
85
71
64
70
95
93
87
88
88
94
77
55
49
38
50
51
43
33
44
43
36
42
37
48
66
71
76
110
131
117
111
109
92
86
87
71
46
36
48
63
53
49
47
59
46
61
83
102
108
107
106
110
118
121
107
93
74
51
47
41
30
18
20
23
32
42
58
55
52
45
64
64
62
48
51
60
58
44
40
36
43
47
52
55
57
65
58
66
84
81
87
94
94
91
94
98
88
93
91
88
88
70
80
80
86
95
89
100
129
144
145
146
148
142
139
132
136
142
112
88
84
78
78
74
72
67
87
77
76
70
70
73
90
83
80
79
93
87
67
66
61
62
70
71
62
62
79
76
78
95
104
97
101
105
102
100
111
92
78
68
52
62
53
43
35
49
61
65
51
54
59
60
65
67
75
70
60
45
33
32
26
18
18
20
1
-22
-23
-29
-22
-14
-12
-4
-8
-11
-15
-28
-37
-38
-39
-54
-50
-49
-56
-68
-93
-102
-99
-98
-105
-97
-103
-111
-118
-114
-99
-96
-111
-114
-114
-124
-115
-109
-107
-115
-125
-131
-132
-150
-155
-164
-165
-169
-178
-167
-161
-128
-128
-130
-138
-136
-125
-122
-123
-119
-129
-148
-166
-165
-177
-194
-201
-215
-226
-225
-190
-193
-195
-186
-175
-171
-167
-160
-166
-176
-160
-161
-173
-192
-209
-205
-208
-209
-225
-229
-214
-211
-191
-173
-179
-166
-153
-153
-143
-146
-160
-175
-177
-180
-183
-181
-171
-179
-189
-192
-183
-183
-201
-213
-215
-207
-183
-163
-162
-143
-127
-122
-123
-138
-144
-136
-146
-143
-138
-140
-159
-181
-188
-178
-168
-164
-157
-143
-148
-149
-118
-101
-103
-92
-65
-59
-68
-64
-67
-67
-78
-87
-83
-98
-109
-116
-103
-91
-87
-65
-54
-61
-60
-70
-94
-98
-83
-77
-68
-75
-73
-62
-57
-47
-44
-46
-48
-47
-39
-34
-33
-47
-64
-72
-58
-42
-42
-37
-42
-45
-54
-39
-36
-38
-36
-29
-18
-23
-21
-30
-52
-47
-28
-27
-29
-26
-9
-9
-15
-33
-37
-27
-13
1
5
6
-5
-10
-4
-9
-3
-8
-30
-13
-7
-7
-12
-13
-27
-38
-23
-9
-17
-9
7
6
4
13
11
2
-1
-8
-9
-12
-15
-9
-11
-10
-6
-21
-23
-27
-24
-14
1
29
42
38
32
34
36
37
24
12
4
-1
0
7
-11
-30
-33
-36
-22
-9
9
14
16
24
29
33
50
37
28
17
4
-3
4
13
-7
-12
-9
-14
-14
-17
-13
2
6
27
41
37
25
33
45
38
29
18
16
9
4
-1
-10
-4
-9
-21
-12
-5
0
15
24
28
21
37
51
35
25
22
35
24
18
5
-21
-34
-29
-13
9
29
39
35
40
35
24
23
10
26
22
11
-6
-17
-5
-4
8
30
35
30
41
34
26
23
14
7
-2
-4
-11
-5
6
21
13
11
37
40
27
19
13
7
32
37
26
16
17
-4
-3
0
-13
-12
-11
-12
-11
-4
-3
0
3
24
43
49
46
41
31
41
42
28
13
-2
-15
-37
-41
-20
-23
-34
-28
-23
-4
12
6
21
48
55
45
61
57
49
44
42
53
50
43
19
-3
2
14
25
18
11
14
29
34
32
44
57
49
48
47
30
31
28
14
11
18
13
-9
-14
-22
-28
-13
-11
6
28
36
42
32
45
53
51
56
57
35
18
15
9
4
11
27
36
49
53
52
49
51
53
57
54
46
48
48
41
32
29
32
26
28
33
47
47
51
60
70
65
70
65
63
64
52
38
41
41
41
45
49
47
60
65
75
74
69
75
76
68
65
76
84
78
71
69
67
59
56
60
74
71
77
78
62
67
88
100
94
108
108
94
91
85
77
70
71
72
60
44
33
36
30
34
41
69
90
92
81
82
66
61
60
53
59
61
54
43
34
40
50
46
27
35
50
53
49
57
75
75
69
70
60
65
57
44
43
25
14
-5
-14
-4
5
-5
-3
2
-4
-3
16
10
26
33
26
30
31
28
12
-2
-5
-6
-10
-3
-6
-17
-21
-18
-18
-13
7
13
21
9
15
29
35
36
29
24
22
10
6
2
0
-8
-15
-8
-24
-25
-6
-6
6
32
31
38
48
55
47
32
25
5
-3
-10
-15
-30
-34
-43
-52
-36
-24
-20
-14
1
21
11
1
-6
-15
-15
-12
-16
-27
-37
-33
-48
-53
-56
-58
-60
-41
-21
-16
-6
7
17
9
-6
-20
-31
-58
-43
-37
-43
-54
-65
-57
-47
-40
-37
-36
-32
-16
-2
0
-11
-23
-33
-41
-43
-57
-56
-52
-55
-49
-44
-64
-62
-44
-56
-50
-33
-28
-14
-3
-1
-4
-17
-7
-19
-34
-40
-47
-48
-49
-49
-52
-59
-57
-44
-17
2
7
-6
-6
4
5
-10
-23
-26
-10
-37
-51
-51
-63
-68
-72
-71
-67
-40
-16
-10
-1
-1
-19
-21
7
9
-15
-30
-29
-26
-16
-26
-24
-17
-11
0
-8
-25
-26
-11
-4
-3
-3
0
7
22
23
26
16
11
4
1
6
8
13
10
2
-7
3
14
20
27
36
36
40
50
52
73
70
75
72
53
23
16
6
2
5
14
1
8
23
50
47
39
48
39
23
20
24
22
13
2
4
-14
-8
-23
-28
-31
-25
-14
8
25
28
24
29
28
19
13
5
1
6
10
0
-14
-19
-10
-6
-9
-13
1
13
36
33
30
31
24
31
31
10
2
-10
-9
-20
-33
-29
-15
-9
-20
-8
4
9
30
42
30
21
27
26
13
12
11
12
2
-26
-39
-44
-44
-40
-40
-21
-6
10
25
35
27
11
23
23
12
9
1
-17
-24
-22
-9
-15
-15
-25
-25
-12
-11
-1
-20
-19
-8
-12
7
21
32
37
47
66
69
60
44
28
17
3
-16
-28
-33
-46
-61
-48
-35
-31
-23
-23
-15
6
30
23
29
48
33
29
19
10
24
54
70
71
53
29
-19
-40
-40
-46
-46
-6
31
43
69
90
96
106
95
77
68
52
14
-65
-113
-162
-207
-280
-383
-501
-621
-726
-855
-1074
-1321
-1589
-1944
-2345
-2713
-3098
-3529
-3936
-4170
-4192
-3903
-3356
-2753
-2170
-1586
-1000
-453
139
721
1166
1517
1794
1883
1730
1473
1261
1185
1212
1240
1285
1376
1414
1405
1388
1401
1455
1476
1467
1467
1438
1416
1400
1370
1273
1143
1048
972
888
727
530
360
238
174
130
105
92
105
120
105
76
43
15
14
39
71
90
98
103
86
62
16
-34
-76
-96
-106
-84
-71
-71
-60
-26
20
66
84
95
118
142
146
122
106
103
85
95
99
81
52
38
13
2
17
40
42
49
49
44
64
63
57
46
31
23
23
30
17
8
3
-10
-22
-35
-40
-55
-68
-78
-78
-68
-61
-66
-61
-45
-33
-45
-39
-21
-22
-35
-37
-41
-46
-61
-65
-41
-24
-19
-25
-28
-8
10
15
9
8
14
31
26
21
22
14
13
8
-2
4
-2
14
-7
-12
11
38
61
89
131
150
144
163
183
177
153
147
135
120
109
90
64
69
77
89
111
123
126
121
116
113
107
112
101
42
-5
-25
-48
-46
-36
-34
-33
-43
-46
-51
-56
-58
-76
-77
-69
-85
-100
-111
-87
-77
-72
-67
-65
-49
-50
-61
-54
-55
-58
-71
-61
-48
-42
-30
-26
-31
-18
-10
-10
1
8
11
13
25
30
32
27
30
40
37
27
8
15
25
13
7
20
20
3
6
9
22
34
39
42
59
74
80
85
89
116
128
144
161
153
172
189
194
197
214
240
230
216
196
174
156
116
106
118
130
147
183
214
208
183
181
181
183
184
182
161
122
81
30
-11
-46
-88
-128
-181
-242
-325
-421
-496
-557
-582
-571
-552
-518
-472
-361
-201
-17
179
333
433
554
718
905
1072
1230
1371
1541
1746
1939
2050
2058
2023
1948
1823
1658
1416
1105
723
380
152
-28
-206
-341
-470
-685
-950
-1205
-1344
-1330
-1234
-1130
-998
-834
-633
-400
-99
206
412
507
523
515
482
411
335
269
202
129
62
44
86
146
178
179
157
107
30
-46
-134
-217
-325
-430
-503
-543
-552
-580
-628
-665
-697
-723
-724
-695
-649
-630
-658
-742
-813
-882
-974
-1002
-1039
-1077
-1140
-1271
-1438
-1511
-1417
-1138
-702
-204
168
370
475
503
484
476
499
495
488
553
618
667
670
662
617
564
522
460
411
352
285
232
198
181
146
102
71
25
4
-18
-29
-53
-74
-65
-82
-94
-114
-122
-115
-116
-118
-107
-90
-68
-49
-36
-37
-36
-13
-5
-4
-1
25
28
18
35
43
24
25
36
31
27
33
39
17
16
5
-1
-3
-22
-22
-15
-10
-10
-4
7
10
22
28
25
13
13
19
16
13
-7
-34
-28
-39
-54
-49
-39
-21
-16
-7
-1
1
8
24
24
19
20
37
18
8
9
-13
-13
-5
-11
-6
-4
-7
-22
-13
2
5
-5
-14
4
25
23
9
2
0
2
-2
-13
-34
-29
-33
-37
-49
-43
-31
-30
-27
-33
-25
-1
23
34
32
36
49
48
38
20
20
24
23
23
20
13
17
20
27
24
27
33
37
57
73
78
65
60
48
33
34
32
31
27
20
29
17
-4
-12
-21
-19
2
10
18
22
41
41
41
61
56
65
48
36
12
2
8
11
-11
-21
-12
-5
-1
2
4
1
11
13
28
35
39
45
55
59
52
52
49
45
67
72
44
19
21
32
29
36
31
32
46
51
61
70
75
76
66
56
64
58
55
61
53
50
42
46
47
40
36
47
49
42
49
62
69
73
79
76
71
57
40
41
49
37
45
55
61
63
59
70
73
75
83
71
61
53
49
49
25
30
27
32
45
46
50
50
66
75
80
85
82
85
91
106
117
99
98
90
75
85
65
53
52
45
29
37
59
73
79
101
111
127
134
136
121
107
101
86
83
78
68
58
54
52
39
40
42
36
45
44
54
66
73
81
84
88
93
88
79
54
46
57
59
68
67
58
45
38
39
39
30
42
59
65
63
81
75
59
56
59
57
49
39
22
-2
-21
-34
-29
-22
-15
-5
16
36
40
41
40
31
50
67
75
88
99
108
100
94
98
98
84
65
54
47
43
44
37
39
29
12
13
22
20
12
-6
-6
-16
-21
-20
-23
-19
-37
-37
-28
-25
-37
-57
-65
-72
-87
-86
-96
-100
-108
-117
-119
-139
-126
-118
-110
-106
-108
-99
-89
-71
-53
-58
-40
-33
-42
-62
-83
-78
-73
-93
-101
-87
-82
-86
-84
-97
-99
-102
-99
-103
-107
-110
-105
-104
-94
-111
-128
-116
-107
-113
-136
-153
-148
-144
-135
-123
-130
-137
-149
-141
-137
-150
-160
-159
-166
-147
-130
-146
-144
-158
-173
-173
-177
-166
-165
-167
-152
-140
-131
-120
-124
-118
-101
-99
-100
-110
-118
-135
-121
-123
-129
-141
-143
-127
-91
-78
-74
-77
-73
-57
-48
-49
-66
-52
-66
-80
-84
-86
-94
-86
-83
-94
-89
-62
-42
-44
-38
-43
-39
-47
-58
-77
-85
-86
-72
-64
-55
-61
-70
-67
-53
-44
-28
-22
-11
5
-5
-18
-32
-45
-50
-61
-55
-43
-52
-44
-43
-37
-25
-24
-33
-19
-1
1
-9
-2
-4
-8
-14
-16
-19
-40
-44
-59
-65
-58
-48
-51
-52
-33
-20
-22
-25
-12
9
19
21
23
22
18
-7
-15
-18
-30
-44
-47
-28
-24
-37
-34
-44
-41
-36
-31
-14
3
5
-5
-10
14
4
-5
-6
-18
-16
2
5
-10
-27
-41
-36
-35
-34
-29
-22
-3
15
13
21
27
16
18
5
4
21
22
10
-8
-18
-27
-33
-37
-34
-24
-16
-9
-2
-4
5
16
30
44
33
17
10
9
2
-7
-12
-24
-34
-27
-10
-2
2
19
26
26
49
43
35
39
44
44
18
13
4
1
7
-3
-13
-15
-12
13
22
30
23
15
17
17
24
22
8
5
9
6
-10
-16
-13
-10
4
3
0
18
42
51
54
69
64
50
31
18
0
-9
-6
-20
-30
-22
-20
-20
-13
-16
-15
2
0
-12
4
25
6
4
27
34
33
34
17
2
0
-8
-22
-23
-26
-23
3
5
4
14
41
52
39
29
33
36
35
42
30
3
-20
-33
-29
-22
-18
-6
-11
-11
1
12
17
6
1
11
5
-10
-18
-27
-28
-24
-24
-29
-29
-18
2
13
37
45
48
39
38
20
10
7
5
12
15
1
-20
-22
-9
-9
-2
-5
-9
2
10
23
10
4
19
38
32
29
23
6
14
10
-5
-20
-34
-38
-24
-27
-25
-16
2
5
4
15
32
46
52
49
55
43
37
25
17
19
14
-5
-19
-32
-26
-33
-35
-31
-22
-20
-15
-5
-7
-2
24
45
56
47
43
33
7
2
6
12
8
-11
-12
-17
-18
-10
-6
2
17
34
38
47
43
22
32
35
18
23
21
15
5
5
2
-8
-9
-11
-15
-3
-3
-11
-6
15
14
23
41
58
47
24
1
-9
-24
-26
-25
-25
-19
-30
-20
8
22
35
33
19
18
15
23
22
16
3
0
8
14
25
10
-4
-13
-13
9
20
17
20
29
37
28
34
35
26
14
7
10
15
14
-6
-11
-4
13
5
-5
3
11
26
39
56
54
44
30
17
6
13
15
-6
-22
-43
-44
-35
-34
-37
-25
-1
17
14
26
42
43
52
42
27
9
0
-5
3
11
16
2
-11
-14
-2
-5
-4
-7
-3
9
5
7
12
10
2
-6
-17
-23
-12
5
8
10
-5
2
6
6
21
31
42
36
22
11
-5
2
10
19
2
-12
-9
-18
-17
-9
-4
25
41
65
58
48
56
57
62
64
41
29
20
17
13
5
-7
-12
4
3
16
20
8
16
31
26
15
3
-3
-15
-15
-20
-38
-37
-28
-13
-6
-15
-9
0
25
33
47
60
49
46
24
9
15
-2
-18
-25
-20
-7
-8
-15
-15
-4
0
1
25
28
12
6
13
27
31
21
9
-18
-18
-10
-10
-19
-6
5
14
13
11
13
27
29
29
58
53
30
22
23
15
7
13
8
-5
3
10
6
-5
3
17
33
40
46
39
43
52
48
22
7
7
5
-12
-13
-7
0
26
21
24
23
8
16
17
11
17
12
26
7
-1
-5
-5
-24
-36
-41
-36
-27
-23
-34
-39
-27
-19
-16
-3
2
7
10
9
3
1
-11
-13
-5
-5
-5
-10
-25
-31
-42
-55
-74
-77
-58
-42
-31
-18
4
16
15
12
4
13
6
-6
-19
-32
-35
-59
-76
-94
-109
-105
-102
-110
-109
-111
-89
-65
-52
-48
-43
-36
-43
-40
-57
-62
-56
-73
-71
-74
-63
-39
-35
-25
-22
-6
3
8
6
-13
-27
-20
-25
-30
-36
-27
-36
-54
-68
-81
-64
-40
-25
-6
5
15
15
9
9
-18
-20
-15
7
9
6
4
-11
-22
-19
-16
-18
-24
-23
-12
-5
12
23
32
42
37
20
2
11
15
-2
-17
-20
-15
-12
-27
-43
-43
-38
-23
1
12
3
8
15
20
17
16
21
31
33
29
35
44
43
22
0
-7
0
18
37
36
44
53
43
50
79
90
88
89
79
87
98
105
100
86
67
36
22
9
12
-4
-19
-28
-37
-34
-24
-24
-16
-8
-4
4
32
51
42
33
34
23
9
-4
-4
-13
-26
-47
-81
-96
-114
-125
-137
-134
-126
-136
-136
-120
-94
-100
-108
-116
-129
-138
-155
-214
-294
-387
-483
-607
-768
-943
-1102
-1235
-1323
-1431
-1573
-1653
-1725
-1884
-2089
-2280
-2492
-2633
-2617
-2410
-2016
-1450
-801
-174
434
1036
1543
1899
2067
2091
2067
2029
1918
1624
1233
868
633
506
434
427
461
537
603
633
686
764
857
920
1017
1082
1058
1023
983
872
763
683
632
589
515
365
220
97
31
-9
-43
-42
-29
-26
-26
-25
-25
-18
-20
8
36
46
66
75
72
36
-18
-54
-98
-137
-144
-134
-139
-159
-151
-131
-92
-44
-20
-3
26
46
57
51
59
73
64
63
64
64
68
53
37
31
23
17
30
35
33
29
36
48
37
36
61
58
42
29
27
27
10
-14
-21
-21
-25
-45
-38
-47
-46
-48
-54
-49
-55
-67
-62
-57
-58
-55
-39
-26
-26
-19
-27
-15
-6
-1
-3
-3
3
17
24
14
26
32
45
65
75
90
93
100
111
116
112
113
112
100
95
96
88
61
59
72
100
129
173
219
248
256
253
266
277
264
238
199
144
101
66
60
55
63
78
86
107
110
88
51
29
21
6
-7
-17
-42
-56
-74
-89
-82
-75
-79
-83
-96
-114
-116
-111
-117
-117
-120
-114
-108
-99
-93
-89
-104
-112
-113
-93
-92
-102
-116
-110
-94
-78
-52
-36
-34
-29
-20
-24
-27
-18
6
10
5
20
26
35
23
28
13
3
9
-1
-13
-15
-29
-19
-7
1
-4
3
11
0
-17
-17
-3
30
39
39
44
71
115
160
228
270
292
291
290
306
330
324
326
335
340
311
291
280
272
263
242
212
197
220
236
237
247
230
218
209
201
191
160
118
75
32
-9
-85
-132
-150
-187
-259
-354
-432
-520
-615
-679
-735
-745
-718
-653
-586
-477
-294
-56
172
354
517
670
878
1088
1251
1399
1541
1688
1875
2077
2215
2232
2205
2121
1953
1758
1526
1208
836
453
159
-35
-221
-373
-517
-702
-942
-1190
-1340
-1358
-1286
-1179
-1068
-925
-779
-598
-341
-52
222
373
432
463
479
435
351
304
275
217
174
177
222
264
294
312
295
254
148
50
-23
-138
-265
-373
-466
-549
-603
-599
-628
-684
-739
-778
-794
-781
-753
-725
-723
-754
-825
-876
-943
-992
-1031
-1082
-1122
-1191
-1298
-1403
-1416
-1271
-986
-573
-139
162
341
418
446
461
467
479
459
492
546
581
607
599
572
529
481
443
391
326
263
209
163
119
77
58
35
5
-23
-38
-31
-31
-67
-101
-95
-90
-92
-101
-114
-112
-91
-75
-74
-64
-64
-81
-65
-53
-46
-35
-32
-25
-9
-24
-17
-9
-2
4
2
-15
-13
-12
-17
-19
-11
-12
-3
9
9
7
17
33
25
27
0
-20
-3
1
-4
6
20
26
16
19
17
12
-2
-9
-12
-17
-17
-19
-25
-16
-1
8
19
28
25
14
22
19
-9
-17
-21
-26
-28
-30
-27
-19
-10
-6
-12
-7
9
27
11
-6
0
-6
-5
-9
-8
-3
-5
-11
-18
-15
-19
-24
-15
-9
-8
1
-2
-3
4
19
25
35
33
31
23
20
11
14
8
6
-2
-1
2
8
22
30
37
28
6
16
37
60
65
64
79
54
44
39
33
32
21
10
5
1
-4
6
28
32
19
26
24
22
28
42
46
39
28
19
16
13
26
17
21
23
11
14
0
-6
-4
2
10
26
31
30
30
26
29
24
10
-5
-28
-39
-35
-28
-39
-50
-52
-42
-34
-16
14
28
33
40
27
44
48
44
38
35
29
26
23
20
17
26
23
26
34
50
60
45
46
54
71
60
62
70
66
52
26
22
18
20
13
20
29
32
32
48
54
51
42
35
49
45
47
55
55
51
38
46
52
33
19
35
45
61
72
76
59
56
58
61
78
73
65
68
71
65
56
41
37
37
44
53
68
85
91
91
78
76
84
84
90
84
86
72
55
56
47
57
68
83
84
63
76
103
120
113
107
98
93
97
102
107
96
89
89
74
57
46
32
40
34
19
22
17
34
45
50
58
64
83
88
87
90
87
85
72
74
78
74
60
42
46
67
72
65
59
62
74
80
82
90
103
121
125
128
139
132
124
104
86
70
56
42
31
19
11
5
7
11
1
-12
-2
5
27
31
33
32
30
44
53
32
19
18
6
-12
-22
-29
-42
-44
-61
-73
-71
-59
-59
-74
-76
-73
-85
-71
-69
-59
-53
-50
-49
-47
-39
-54
-68
-75
-81
-77
-82
-91
-79
-80
-97
-105
-113
-105
-111
-99
-80
-82
-86
-90
-105
-98
-83
-92
-93
-96
-113
-116
-124
-139
-158
-169
-164
-169
-187
-189
-179
-175
-184
-188
-182
-172
-155
-146
-144
-170
-190
-184
-183
-188
-189
-185
-168
-159
-151
-148
-156
-163
-149
-135
-140
-147
-150
-154
-156
-162
-163
-145
-135
-136
-150
-139
-123
-123
-120
-120
-122
-119
-133
-148
-137
-120
-108
-106
-109
-108
-106
-100
-96
-101
-102
-94
-88
-89
-92
-93
-96
-99
-101
-99
-102
-99
-97
-91
-71
-58
-44
-44
-41
-45
-52
-38
-57
-69
-80
-95
-80
-82
-88
-80
-65
-47
-33
-42
-55
-43
-14
-25
-38
-48
-54
-54
-55
-42
-43
-47
-55
-77
-78
-77
-57
-44
-44
-32
-43
-46
-34
-21
-17
-25
0
-5
-19
-27
-39
-33
-39
-56
-48
-51
-49
-51
-37
-22
-22
-5
-2
-11
14
22
19
7
-6
12
28
18
7
3
-23
-47
-39
-38
-33
-25
-21
-14
-19
-3
15
22
26
15
5
13
22
12
3
0
-15
-37
-27
-19
-17
-26
-40
-40
-20
-11
-9
-5
-8
-6
-9
-8
-1
-15
-24
-30
-29
-30
-23
-15
-13
-10
-1
8
27
37
36
43
39
29
14
-2
-17
-25
-24
-30
-52
-48
-52
-45
-35
-23
-14
-16
4
20
26
26
27
24
15
21
12
16
9
-4
-4
-12
-19
-12
4
23
22
8
9
4
17
16
9
19
5
-20
-32
-45
-56
-62
-41
-34
-48
-51
-43
-30
-23
-8
6
8
10
12
13
4
-6
-19
-46
-44
-35
-57
-60
-53
-50
-15
6
9
7
12
22
28
19
18
26
18
16
13
-1
10
5
-4
-21
-31
-30
-32
-30
-43
-31
-9
0
12
20
21
16
9
15
5
13
18
-6
-14
-12
-28
-37
-37
-24
-7
1
-10
-5
21
21
24
31
42
45
44
41
28
20
20
7
-10
-25
-26
-23
-9
-2
-9
-6
-4
19
50
48
52
54
68
77
66
34
31
24
22
32
35
6
-13
-11
-2
17
12
18
28
40
50
47
49
51
40
33
34
36
33
28
28
28
25
7
15
53
49
53
60
49
39
39
33
27
13
14
9
24
36
55
50
39
53
53
59
56
50
54
42
36
16
-11
-6
15
24
27
28
36
37
49
46
51
62
54
70
67
63
60
45
38
24
9
14
16
13
7
4
7
22
20
20
34
58
82
93
94
77
63
53
48
29
10
7
5
-1
-9
-15
-10
-21
-8
1
-2
-5
13
30
56
54
56
52
40
29
33
36
30
20
19
12
-3
3
4
0
14
17
35
39
41
50
61
75
73
58
36
-5
-9
-16
-40
-33
-21
-15
1
4
7
11
21
21
28
39
43
52
51
52
54
46
27
-1
1
20
28
15
17
39
49
77
106
110
97
97
118
120
117
104
80
77
84
75
79
75
70
57
63
90
111
117
118
115
129
140
145
119
97
98
84
73
80
83
72
89
91
79
74
56
29
42
56
56
72
84
90
89
91
81
60
42
17
7
9
-1
-4
-6
-7
-22
-33
-35
-41
-36
-35
-16
-11
-3
23
25
37
35
22
6
-12
-14
-27
-35
-30
-45
-44
-48
-60
-72
-70
-40
-31
-33
-32
-34
-38
-48
-35
-21
-30
-45
-57
-73
-83
-91
-86
-82
-89
-97
-99
-110
-112
-83
-68
-72
-69
-70
-73
-77
-80
-80
-84
-76
-75
-83
-77
-68
-56
-50
-51
-60
-65
-59
-54
-52
-61
-72
-65
-75
-87
-97
-94
-75
-64
-65
-61
-57
-40
-26
-19
-46
-53
-59
-90
-99
-107
-110
-125
-127
-124
-123
-116
-121
-111
-104
-112
-99
-81
-73
-69
-69
-73
-75
-58
-56
-77
-83
-84
-82
-75
-81
-92
-89
-78
-65
-48
-29
-16
-20
-32
-43
-37
-40
-51
-67
-68
-69
-73
-65
-70
-74
-81
-84
-85
-78
-69
-61
-54
-59
-65
-66
-62
-50
-44
-45
-36
-37
-48
-59
-56
-71
-81
-70
-58
-48
-38
-13
-5
-23
-32
-24
-36
-46
-38
-32
-24
-15
-18
-23
-23
-20
-21
-26
-25
-33
-33
-30
-25
-21
-5
-2
-23
-26
-26
-15
-14
-23
-36
-32
-28
-33
-35
-25
-23
-23
-20
-14
-2
-9
-9
-17
-26
-33
-26
-11
-10
-15
-21
-15
-2
4
4
9
23
26
26
44
45
26
5
-12
-25
-18
-6
14
24
30
31
26
21
18
18
24
25
35
38
46
24
10
11
4
4
-8
-9
-4
-10
-6
-11
-8
-2
9
27
13
27
65
76
84
74
76
84
78
60
55
47
32
13
-7
-20
-32
-37
-47
-44
-45
-49
-28
9
33
58
87
86
97
119
133
140
155
181
193
193
172
153
156
157
157
188
228
256
288
342
393
413
424
432
441
455
476
476
465
497
547
577
577
548
498
394
245
62
-154
-459
-835
-1161
-1439
-1739
-2166
-2737
-3361
-3881
-4248
-4409
-4334
-4100
-3906
-3783
-3651
-3399
-2844
-2171
-1578
-1011
-468
8
371
569
753
1026
1269
1434
1562
1661
1707
1711
1750
1800
1848
1820
1761
1654
1545
1511
1510
1474
1405
1358
1323
1261
1145
968
802
649
523
439
372
339
303
268
238
171
93
54
39
22
24
36
40
29
14
-34
-81
-113
-147
-187
-196
-176
-128
-86
-63
-15
51
134
199
224
239
254
262
259
253
245
235
222
209
195
165
132
99
68
47
40
36
19
24
12
15
23
6
-1
-12
-9
1
-8
-8
-14
-26
-41
-50
-51
-47
-34
-19
-3
8
-5
-31
-44
-57
-58
-45
-36
-51
-73
-80
-89
-90
-88
-88
-87
-89
-80
-87
-82
-49
40
187
341
473
579
632
676
682
691
702
711
710
684
600
476
367
291
228
166
123
96
58
28
16
8
-17
-49
-87
-95
-122
-132
-128
-129
-110
-52
35
110
175
247
327
401
487
531
521
470
435
383
308
230
151
80
17
-50
-119
-162
-172
-166
-138
-113
-104
-79
-60
-39
-23
-2
25
40
52
40
37
38
9
-21
-53
-71
-80
-91
-91
-111
-116
-106
-94
-101
-130
-125
-115
-102
-85
-64
-49
-31
-18
-13
2
23
37
51
67
73
85
92
101
108
103
91
61
32
25
22
13
0
-5
16
11
-2
-18
-6
14
32
25
24
50
77
99
131
158
178
192
209
235
255
259
233
240
250
240
224
177
141
120
100
91
67
60
63
53
41
25
6
-28
-63
-112
-173
-215
-253
-290
-332
-372
-399
-437
-467
-518
-601
-703
-829
-963
-1080
-1155
-1158
-1131
-1105
-1106
-1048
-882
-729
-595
-444
-280
-105
49
249
513
777
1058
1341
1649
1974
2275
2510
2663
2749
2771
2691
2531
2292
1955
1559
1217
965
781
538
222
-62
-305
-514
-683
-757
-706
-604
-502
-351
-106
116
263
350
408
397
347
283
194
68
-63
-130
-137
-112
-54
37
121
164
190
228
281
329
337
300
211
111
45
-11
-131
-283
-354
-376
-426
-491
-553
-568
-536
-472
-417
-335
-213
-139
-100
-99
-104
-118
-31
202
396
454
428
237
6
-64
-155
-263
-297
-340
-469
-599
-709
-807
-841
-789
-684
-535
-393
-274
-187
-113
-70
-48
-26
-30
-65
-79
-93
-110
-130
-134
-145
-168
-186
-208
-208
-208
-205
-202
-200
-191
-173
-156
-126
-97
-76
-50
-14
6
15
28
43
49
66
76
85
98
101
100
98
85
66
50
52
51
52
32
16
-4
-10
5
-1
-25
-25
-19
2
22
21
13
10
12
8
8
16
11
8
5
1
-6
-9
-12
-2
27
37
37
42
57
61
48
54
61
34
28
34
32
32
1
-13
-17
-36
-47
-42
-36
-39
-27
1
12
18
17
23
23
20
20
28
19
9
16
5
-19
-6
8
1
-8
-16
-18
12
33
31
38
46
46
49
42
39
32
23
11
-8
-25
-27
-18
-16
-9
-23
-14
-6
9
8
6
30
23
33
31
13
5
3
-2
-11
-8
-5
-12
-10
-15
-10
5
28
55
51
45
44
40
56
59
40
32
20
8
-11
-11
-13
-13
-9
-6
0
0
3
11
12
23
14
16
24
27
19
0
-5
-5
2
4
4
-1
-6
-9
-1
-2
10
14
31
52
51
54
45
37
37
37
34
20
1
-13
-23
3
13
1
3
8
18
23
27
42
66
68
63
57
47
50
43
28
26
34
28
19
15
18
3
-18
-9
8
11
16
28
46
40
25
26
29
46
39
49
35
30
40
48
53
49
33
24
25
28
24
23
19
32
54
57
51
53
69
78
64
69
73
77
103
112
110
94
88
79
78
71
50
53
58
72
84
73
72
43
47
70
71
71
52
50
45
26
21
9
8
26
30
19
24
21
12
2
16
16
-1
3
15
21
34
35
15
10
13
11
22
22
23
20
24
41
38
19
23
5
30
30
32
42
45
42
25
45
69
77
82
74
63
53
37
41
41
28
42
38
34
32
57
69
59
57
63
79
85
85
80
79
71
46
32
28
33
34
32
44
42
39
37
47
65
50
35
29
17
-4
-4
-4
-2
-6
5
3
-3
-2
-6
10
8
17
25
13
7
-7
-14
-8
-26
-34
-37
-51
-57
-51
-52
-65
-67
-67
-63
-59
-56
-45
-38
-29
-24
-8
17
20
14
-3
-11
-10
-34
-58
-74
-89
-94
-118
-129
-137
-133
-114
-109
-110
-110
-108
-99
-85
-87
-95
-85
-67
-62
-54
-71
-81
-90
-100
-104
-108
-125
-139
-137
-146
-162
-162
-145
-139
-128
-119
-118
-99
-87
-81
-91
-96
-101
-113
-128
-139
-154
-164
-149
-153
-171
-159
-158
-158
-155
-142
-121
-129
-124
-117
-123
-134
-136
-128
-138
-144
-144
-149
-153
-163
-167
-159
-161
-159
-152
-134
-117
-110
-100
-107
-119
-120
-126
-116
-108
-108
-133
-143
-124
-120
-121
-122
-115
-103
-93
-89
-72
-50
-46
-35
-24
-51
-74
-76
-92
-92
-84
-86
-85
-103
-103
-103
-86
-60
-51
-50
-52
-38
-23
-17
-32
-57
-54
-50
-38
-27
-21
-31
-42
-37
-20
-23
-10
-7
-14
-28
-36
-20
-20
-24
-28
-38
-35
-43
-56
-69
-74
-74
-78
-73
-60
-74
-72
-78
-90
-87
-88
-80
-81
-95
-111
-124
-117
-115
-130
-123
-120
-124
-127
-139
-142
-118
-105
-109
-93
-79
-76
-81
-74
-69
-74
-75
-90
-115
-135
-148
-161
-158
-151
-131
-120
-102
-75
-67
-55
-50
-44
-49
-55
-64
-55
-41
-58
-84
-78
-65
-61
-58
-58
-56
-62
-62
-69
-73
-71
-73
-76
-68
-49
-55
-51
-41
-36
-35
-39
-48
-58
-57
-54
-55
-66
-72
-72
-61
-25
-15
-25
-10
8
13
50
73
88
83
90
113
130
130
123
101
96
97
62
36
3
-24
-37
-38
-22
-17
0
20
24
25
26
23
17
30
20
6
-4
5
8
5
5
0
-5
-2
-4
2
6
7
8
4
28
44
50
66
73
78
82
81
87
98
120
120
117
116
107
105
102
89
81
73
84
81
83
90
80
100
93
97
111
121
117
124
132
141
139
136
118
110
120
130
136
117
106
107
100
102
107
116
131
150
152
155
168
163
159
166
162
163
150
141
150
158
149
125
108
107
105
88
86
85
77
65
64
67
76
81
68
76
102
106
105
93
76
47
52
35
23
20
20
25
24
40
49
59
58
46
47
74
82
73
48
46
35
26
26
28
24
16
8
13
17
43
53
52
40
34
45
40
29
33
51
35
25
32
22
6
2
2
17
27
44
64
59
51
46
55
53
47
43
33
40
43
26
26
-3
-4
-2
-2
-5
-2
16
15
18
24
19
36
49
53
65
54
50
36
33
19
-17
-22
-10
-4
-20
-31
-14
-4
-2
6
27
36
35
32
22
23
32
20
30
30
18
12
2
4
-13
-11
1
9
10
18
29
24
19
30
23
12
12
13
22
-1
-8
-10
-6
-19
-33
-18
15
28
32
22
26
41
47
47
42
29
18
12
10
13
23
31
10
4
-4
12
-1
-1
-8
-5
-3
1
14
18
11
-6
-8
-1
-7
-15
-16
-10
-19
-50
-56
-51
-56
-57
-45
-31
-35
-44
-45
-49
-30
-4
-15
-17
-15
-20
-25
-33
-33
-31
-44
-48
-56
-59
-60
-65
-61
-44
-37
-41
-23
-27
-22
-14
-30
-21
-26
-36
-50
-59
-48
-48
-47
-53
-54
-42
-41
-57
-68
-65
-46
-48
-56
-86
-99
-88
-80
-70
-75
-83
-86
-88
-79
-85
-72
-56
-64
-52
-74
-90
-101
-88
-81
-97
-80
-65
-67
-61
-65
-58
-51
-47
-8
11
21
11
4
19
27
31
22
12
5
-12
-19
-17
-4
-22
-21
4
4
14
19
20
35
45
42
36
21
15
-16
-23
-18
-14
-28
-35
-40
-48
-46
-31
-47
-42
-17
-5
5
12
26
24
32
33
9
-5
-29
-32
-40
-53
-72
-81
-64
-56
-60
-58
-51
-41
-30
-23
-16
-9
-4
-5
-9
-18
-23
-27
-27
-20
-24
-32
-47
-58
-60
-41
-28
-7
-9
-16
-19
-10
-6
-24
-9
4
0
7
12
-10
-21
-14
-14
-10
-11
-38
-49
-33
-34
-30
-31
-26
-20
-7
15
15
24
34
57
51
28
9
14
13
2
7
15
2
-9
-10
-20
-28
-25
-8
8
28
30
20
10
11
16
17
24
28
21
11
-7
-15
-1
1
-8
-4
-3
16
14
19
24
18
12
-4
-4
23
18
23
18
15
25
26
17
-3
-11
-26
-26
-28
-23
-7
-3
-5
1
-12
6
20
12
2
-15
-17
-5
10
9
-18
-37
-33
-21
-26
-41
-29
-18
-31
-48
-51
-44
-33
-21
-18
-3
16
20
32
40
55
58
61
85
101
97
68
48
45
39
6
-13
-29
-36
-42
-29
-27
-28
-12
3
22
47
70
76
91
102
118
128
140
155
176
184
167
154
127
124
140
157
170
192
235
269
319
376
418
446
451
452
462
488
510
504
527
589
672
750
797
847
865
843
799
699
517
218
-149
-467
-724
-992
-1393
-1984
-2650
-3284
-3825
-4192
-4353
-4482
-4692
-4894
-5032
-4926
-4412
-3692
-3022
-2385
-1730
-1110
-627
-283
63
516
892
1151
1384
1552
1645
1711
1811
1902
1968
2004
1997
1943
1853
1796
1786
1769
1690
1597
1516
1420
1288
1095
909
754
639
558
504
457
414
377
326
269
212
154
95
66
69
57
41
31
-11
-42
-92
-158
-204
-228
-215
-189
-182
-164
-135
-67
-8
45
102
142
175
189
201
206
225
237
237
238
227
212
202
188
177
154
113
86
74
77
71
52
47
31
12
-3
-2
-3
-14
-8
-33
-41
-47
-37
-35
-41
-32
-29
-10
-7
-22
-32
-43
-55
-50
-58
-44
-39
-46
-51
-53
-54
-42
-24
-18
-23
-22
-16
5
9
-3
-7
-17
-16
-20
-16
5
0
-16
-17
-7
-2
-19
-24
-35
-14
4
17
34
37
23
23
8
-11
-23
-16
-19
-21
-13
-9
-5
8
10
17
15
56
88
119
152
185
212
255
292
335
337
326
298
275
232
175
130
102
83
42
-6
-42
-52
-52
-63
-64
-53
-38
-33
-23
-13
-20
-36
-40
-38
-39
-50
-55
-62
-82
-87
-75
-76
-84
-86
-74
-73
-71
-57
-54
-41
-43
-44
-25
-13
-3
-17
-8
8
19
54
68
63
51
51
48
37
34
36
19
17
-5
-7
4
15
31
51
71
97
131
184
227
278
327
377
440
479
517
523
515
484
438
408
397
394
374
354
358
353
368
395
407
405
406
382
339
299
284
257
240
224
221
234
233
202
154
106
80
41
-6
-67
-123
-180
-228
-269
-332
-371
-392
-440
-500
-590
-685
-782
-867
-936
-929
-884
-846
-830
-773
-634
-419
-205
-16
135
260
474
727
970
1205
1445
1694
2005
2376
2660
2839
2956
2996
2905
2711
2439
2055
1559
1039
647
367
113
-148
-375
-619
-912
-1214
-1392
-1373
-1253
-1125
-990
-804
-511
-236
47
349
562
629
558
433
321
161
-19
-156
-247
-322
-409
-458
-411
-352
-315
-289
-256
-194
-202
-252
-275
-314
-372
-399
-445
-465
-448
-421
-415
-418
-425
-439
-439
-421
-383
-320
-290
-330
-418
-470
-472
-376
-199
-95
-89
-163
-375
-547
-614
-673
-619
-505
-421
-412
-462
-524
-543
-533
-500
-425
-320
-232
-138
-59
-12
32
55
65
61
47
45
40
15
-2
-22
-32
-62
-107
-123
-123
-122
-149
-164
-157
-156
-159
-154
-145
-142
-116
-111
-105
-102
-113
-114
-95
-63
-49
-41
-19
-19
-10
13
14
19
11
6
-2
1
12
10
3
9
-3
-12
-12
-14
2
9
17
11
9
21
24
27
31
33
37
29
21
10
-6
-12
-24
-27
-16
-20
-10
8
24
22
39
36
41
37
28
42
45
58
48
27
15
18
26
32
19
24
37
43
54
55
53
51
57
47
48
50
54
47
40
56
36
18
29
39
40
40
48
57
57
77
76
86
82
78
70
62
38
20
4
-10
-11
-12
3
9
7
-1
9
17
19
14
7
4
8
16
27
18
8
4
0
-9
-3
11
26
34
45
51
50
48
50
39
28
28
28
16
9
4
-3
8
39
40
29
40
53
57
62
65
50
43
37
51
49
43
28
38
39
24
7
0
7
14
16
15
8
19
27
47
61
48
37
29
15
11
8
6
5
4
-9
-11
-12
-23
-25
-18
-3
12
14
30
27
20
22
23
11
11
20
27
21
17
3
-2
2
-3
14
4
11
16
22
34
42
53
60
59
49
36
39
41
47
30
4
5
4
-7
-1
-2
-3
10
25
37
34
23
8
21
45
45
50
50
46
40
39
27
19
31
32
23
17
33
46
28
19
33
52
65
66
58
48
57
44
45
49
53
28
14
8
19
11
6
8
17
25
34
34
38
52
52
52
61
66
55
56
38
4
-9
-22
-27
-44
-54
-52
-43
-8
-4
-16
-8
4
9
3
6
19
25
20
6
7
0
-21
-38
-34
-32
-50
-47
-52
-68
-52
-26
-9
4
14
25
24
32
34
23
35
22
17
25
34
28
20
18
8
-13
-25
-5
11
7
29
41
46
58
52
40
41
38
41
33
26
20
-8
-28
-41
-53
-59
-69
-62
-62
-57
-56
-53
-51
-48
-36
-26
-38
-44
-50
-60
-78
-85
-78
-87
-93
-95
-96
-81
-76
-78
-73
-77
-83
-93
-85
-91
-98
-104
-114
-135
-150
-147
-164
-170
-155
-162
-160
-151
-145
-146
-145
-135
-142
-148
-164
-170
-178
-171
-180
-191
-185
-182
-181
-187
-193
-189
-178
-181
-171
-161
-152
-141
-156
-154
-156
-161
-167
-163
-154
-167
-182
-180
-193
-204
-198
-190
-178
-166
-157
-158
-158
-142
-150
-138
-125
-129
-150
-144
-150
-175
-189
-199
-203
-195
-175
-174
-171
-158
-147
-151
-148
-146
-150
-155
-158
-146
-133
-134
-147
-166
-165
-157
-149
-143
-141
-140
-133
-121
-114
-127
-113
-101
-94
-109
-127
-125
-114
-125
-132
-135
-140
-135
-112
-95
-92
-82
-78
-76
-73
-53
-63
-78
-65
-64
-71
-73
-53
-70
-83
-77
-81
-85
-80
-80
-70
-41
-7
3
-16
-11
-13
-12
2
0
10
11
-7
-24
-27
-30
-33
-36
-37
-18
-7
-6
22
29
32
41
27
28
33
18
-9
-30
-29
-22
-7
-5
-27
-29
-29
-24
-5
3
2
-11
0
11
20
11
6
12
-2
-4
-6
-15
-8
6
6
27
41
44
40
44
37
27
32
23
20
24
14
1
13
18
12
15
20
29
29
31
32
31
41
43
23
17
9
-6
-13
-7
-5
10
13
8
11
12
25
39
45
41
48
53
36
35
15
15
14
16
18
24
16
-4
9
17
5
11
13
13
15
8
6
-2
9
20
33
33
29
32
18
2
5
-1
-8
-20
-14
-6
-7
-1
-5
-1
13
14
36
46
64
68
58
51
46
38
36
32
31
22
2
2
-10
-10
-12
-7
11
21
36
39
38
29
31
39
40
39
29
26
30
31
16
5
11
28
26
25
23
38
38
23
26
21
20
32
38
32
27
15
3
-4
-8
-18
-30
-16
-4
9
15
19
27
37
47
41
31
34
45
49
35
26
26
18
18
-3
-4
-14
-11
5
4
36
51
42
30
6
8
13
15
11
17
12
-7
-10
-7
-23
-25
-14
-10
0
16
28
17
14
30
41
56
48
27
17
20
13
10
13
14
-6
-10
-17
-22
-17
-1
2
11
27
34
41
41
27
25
28
27
20
10
6
-10
-4
-3
-13
-9
2
8
11
9
9
10
15
30
31
28
21
2
-4
2
5
10
-6
-1
11
16
39
37
42
48
34
26
47
48
50
44
37
43
37
16
9
16
7
7
10
6
14
23
31
30
30
42
43
43
47
51
47
35
35
27
13
-17
-17
-8
1
0
-6
-14
-10
20
38
33
38
36
46
51
52
46
29
23
30
24
21
42
55
41
27
24
22
30
35
52
43
23
13
13
17
28
44
42
38
23
9
38
40
28
16
18
29
24
18
19
31
41
39
58
55
29
13
4
-2
-2
-1
0
-1
6
8
-12
-8
3
7
21
24
42
56
67
58
58
52
41
41
27
27
23
10
4
-1
-7
1
22
38
45
40
40
48
59
71
71
51
47
35
32
39
33
25
4
-22
-22
-17
-9
-19
-20
5
37
48
40
50
66
42
45
37
22
5
14
1
-17
-11
-4
4
13
5
10
15
22
30
39
31
2
-14
-16
-21
-21
-14
-23
-34
-31
-32
-24
5
12
6
3
-5
-11
-22
-15
-14
-16
-19
-36
-36
-32
-30
-23
-24
-23
-24
-12
6
0
9
25
6
9
-1
-8
-20
-37
-46
-52
-61
-66
-62
-48
-36
-31
-29
-29
-11
8
8
10
5
9
2
7
13
0
-5
-11
-11
-17
-12
-10
-10
4
8
14
29
25
7
12
31
30
24
35
16
5
-20
-37
-31
-31
-29
-23
-6
4
-3
9
16
8
-5
-5
15
14
12
-2
-14
-12
-10
-4
1
-6
-1
3
9
-12
-22
-6
16
12
6
14
13
5
1
-14
-15
-15
-29
-26
-26
-35
-30
-36
-43
-55
-49
-58
-30
4
2
-1
-17
-11
-12
-21
-24
-24
-18
-29
-32
-15
-15
-10
1
-11
-10
-2
9
15
8
10
19
18
25
20
16
-2
6
-6
-11
-20
-29
-16
-4
8
22
18
15
12
15
16
5
8
5
-14
-20
-13
-4
-14
-20
-34
-32
-18
-9
-6
-19
-23
-26
-17
-1
5
4
-1
-18
-10
-9
0
-10
-21
-25
-26
-34
-39
-39
-15
-1
5
13
17
25
17
6
9
14
3
-15
-32
-25
-19
-13
-29
-29
-40
-32
-18
-14
5
7
18
9
7
13
9
2
-1
3
-15
-31
-26
-34
-48
-44
-45
-41
-39
-17
-2
6
28
23
28
51
71
78
55
53
58
54
33
20
0
-2
-34
-43
-46
-62
-57
-57
-62
-54
-33
-3
10
7
1
-5
-9
6
8
-9
-17
-32
-42
-51
-82
-100
-115
-128
-134
-149
-137
-118
-121
-117
-118
-128
-137
-146
-149
-154
-165
-203
-269
-347
-450
-551
-671
-835
-1011
-1189
-1351
-1507
-1669
-1828
-1915
-2041
-2261
-2505
-2740
-2969
-3126
-3103
-2831
-2348
-1728
-1060
-393
295
1016
1619
2065
2297
2351
2338
2293
2130
1782
1357
966
717
597
535
542
602
699
760
796
839
929
1039
1107
1196
1240
1225
1178
1117
986
854
755
700
635
515
342
189
58
-14
-54
-75
-74
-45
-14
7
10
12
8
12
44
92
121
142
139
139
115
58
9
-19
-48
-72
-76
-91
-124
-135
-115
-72
-21
22
41
62
74
60
57
71
79
83
80
85
88
65
65
54
53
66
82
88
98
96
92
89
79
68
66
66
52
31
16
10
9
12
5
-17
-18
-7
-10
-16
-26
-38
-52
-48
-31
-37
-37
-37
-34
-40
-40
-43
-45
-38
-37
-46
-35
-9
-5
-12
-9
-7
10
22
5
5
0
-12
-5
11
19
17
24
30
28
36
59
70
79
83
79
55
34
15
10
37
68
93
129
159
193
227
253
269
252
227
190
169
158
135
109
82
60
77
91
106
104
119
121
120
108
96
86
86
49
26
10
1
2
1
-4
-12
-20
-36
-42
-50
-70
-76
-74
-72
-75
-79
-76
-74
-56
-58
-56
-54
-53
-47
-35
-47
-48
-55
-58
-50
-46
-24
-6
-14
-15
-23
0
10
15
14
11
11
8
11
-3
-2
13
26
58
77
86
96
118
122
114
104
100
106
107
99
120
117
117
109
111
121
140
174
214
251
290
308
350
385
395
410
411
416
421
405
388
366
338
290
256
220
174
171
179
180
187
187
194
174
155
154
150
142
109
89
71
36
1
-57
-78
-85
-129
-187
-275
-368
-444
-499
-534
-536
-512
-473
-427
-342
-195
13
217
374
501
652
884
1105
1276
1418
1588
1759
1947
2147
2274
2286
2221
2095
1894
1677
1450
1153
779
399
106
-86
-273
-437
-547
-706
-960
-1224
-1424
-1482
-1427
-1344
-1252
-1177
-1034
-832
-567
-230
49
236
320
373
417
408
384
341
309
277
253
262
303
375
427
435
427
376
287
197
128
20
-97
-194
-300
-366
-419
-465
-516
-582
-648
-701
-734
-731
-714
-691
-717
-778
-841
-902
-969
-1028
-1066
-1102
-1162
-1217
-1321
-1387
-1365
-1187
-877
-484
-99
155
292
360
384
391
414
405
409
470
526
567
600
601
590
565
530
494
446
384
329
285
234
200
162
126
76
46
32
13
-14
-37
-52
-70
-101
-120
-126
-125
-143
-159
-157
-132
-115
-101
-88
-73
-47
-13
-6
0
1
-5
2
7
18
41
62
57
42
31
32
21
13
12
0
-9
-6
-14
-23
-17
-16
-20
-5
7
16
6
8
11
4
-1
-6
-17
-23
-35
-31
-19
-4
2
-5
-8
-13
-2
8
20
27
23
24
24
25
31
19
-3
-17
-16
-11
2
9
-2
1
15
20
24
20
21
18
21
32
28
19
22
4
6
-1
-1
-1
-5
2
-5
20
36
23
15
26
35
40
55
55
42
26
16
11
-2
-3
4
27
33
26
31
32
29
37
38
41
46
30
27
35
26
18
5
-4
-1
4
17
27
38
31
15
25
25
26
32
17
3
0
9
12
13
18
1
13
1
-4
6
20
14
15
16
27
30
20
28
25
20
3
-11
-14
12
33
30
18
21
36
37
26
25
22
28
23
24
13
13
14
11
23
26
21
28
16
18
36
38
41
37
47
43
49
44
25
17
11
12
13
-7
-1
-4
-4
6
18
41
45
50
68
79
77
74
76
79
71
74
79
68
54
51
44
35
41
33
24
35
51
72
69
65
72
76
84
88
81
80
84
88
92
79
58
26
20
9
-5
-4
5
22
23
23
26
26
38
50
66
74
83
71
52
53
51
66
79
62
50
47
26
19
27
31
36
50
51
57
79
91
92
99
94
87
81
83
64
53
65
58
41
33
48
53
52
65
62
48
38
57
74
90
101
102
100
97
83
74
61
47
44
47
50
36
39
42
61
65
64
83
111
123
147
143
150
154
152
166
163
135
120
107
105
107
100
92
93
106
99
101
108
111
97
89
84
73
89
105
103
88
77
65
37
30
35
25
17
14
17
20
17
10
5
1
-9
-30
-33
-46
-39
-21
-25
-38
-39
-37
-60
-71
-76
-91
-112
-106
-111
-118
-135
-132
-143
-148
-140
-159
-176
-171
-156
-159
-171
-166
-152
-146
-146
-140
-132
-120
-118
-119
-129
-137
-148
-155
-154
-146
-141
-138
-123
-132
-143
-134
-114
-93
-87
-88
-94
-89
-81
-92
-127
-133
-136
-134
-148
-148
-149
-155
-156
-154
-160
-161
-157
-140
-116
-111
-126
-130
-123
-136
-130
-138
-162
-174
-175
-168
-165
-160
-149
-141
-135
-123
-121
-106
-89
-86
-81
-67
-61
-77
-92
-97
-109
-112
-116
-105
-106
-125
-126
-116
-117
-117
-105
-74
-70
-77
-71
-49
-52
-61
-70
-85
-77
-80
-101
-109
-102
-100
-105
-100
-94
-86
-73
-57
-41
-36
-35
-27
-31
-25
-28
-42
-38
-26
-40
-58
-59
-53
-73
-82
-77
-65
-44
-35
-30
-13
-7
-5
-4
-4
-16
-24
-36
-51
-55
-43
-40
-62
-49
-41
-45
-37
-25
-21
-10
-15
-7
-16
-23
-20
-36
-35
-32
-35
-40
-38
-28
-23
-19
-17
-19
-9
-3
1
0
-6
6
5
-3
-7
-19
-22
-12
-29
-25
-10
-26
-29
-18
-17
-20
-15
-13
5
12
7
21
20
16
2
2
-4
-17
-41
-59
-55
-57
-55
-48
-45
-48
-39
-43
-32
-19
-4
7
19
26
22
22
17
13
5
3
-13
-17
-16
-16
-46
-57
-44
-21
6
9
9
15
19
15
22
28
27
27
25
16
9
-7
-10
-7
-25
-31
-33
-20
-4
-5
-1
-1
-4
6
9
10
9
4
-1
-9
-1
-7
-6
-15
-19
-22
-25
-33
-29
-9
-9
-17
-14
-8
19
32
29
32
44
32
14
4
-6
-18
-17
-16
-22
-26
-33
-33
-18
1
8
3
20
11
2
8
25
37
28
5
0
1
7
-4
-15
-13
-12
-15
-8
2
10
12
9
-2
6
21
19
14
18
11
-6
-5
-11
-32
-34
-34
-21
-7
-6
-5
5
14
19
18
17
-1
-14
-17
-32
-48
-55
-52
-62
-61
-36
-17
-19
-8
-6
9
19
24
22
14
21
24
17
17
17
-8
-28
-18
-15
-8
-4
-15
-22
-10
-5
4
24
35
37
32
25
22
8
-7
-22
-27
-27
-28
-48
-45
-38
-41
-42
-43
-48
-46
-21
-6
2
0
-2
26
22
-3
-9
-6
13
2
-11
-18
-25
-26
-37
-29
-12
-4
-7
-13
2
-4
4
5
3
8
9
-3
-5
-23
-26
-23
-15
-15
-14
-24
-39
-33
-18
-16
0
-9
-16
-12
1
-1
2
2
2
-11
-21
-21
-25
-41
-45
-49
-56
-51
-47
-33
-14
-9
-6
-26
-28
-21
-28
-32
-44
-23
-22
-26
-25
-21
-26
-32
-38
-34
-33
-23
-8
7
2
1
4
-1
-5
-14
-31
-27
-26
-35
-31
-11
4
0
8
8
21
32
32
34
27
13
-3
-15
-28
-31
-35
-43
-44
-25
-16
-33
-41
-35
-22
-19
-11
7
22
18
12
27
33
13
-5
-23
-38
-36
-34
-35
-35
-27
-34
-32
-1
2
3
8
21
37
29
5
-16
-11
3
-4
0
2
8
3
1
12
7
5
19
28
17
14
5
6
4
6
5
-16
-17
-23
-16
-16
-24
-23
-8
14
17
23
18
13
31
50
62
47
30
-1
-30
-34
-38
-43
-47
-48
-43
-40
-36
-24
-16
-5
-11
-12
5
15
14
18
26
32
21
7
-9
-8
-10
-10
-12
-22
-13
6
11
16
34
40
52
58
39
22
21
8
6
3
-8
7
4
2
-7
-12
-4
-2
-2
4
18
15
24
36
43
40
34
29
14
2
-9
-6
1
4
-27
-44
-41
-43
-17
-1
8
-2
3
25
43
49
41
38
42
21
0
3
6
11
-4
-19
-24
-10
-13
-27
-15
0
-1
-16
-22
-8
-15
-12
-21
-21
-8
-2
0
-8
-26
-40
-52
-51
-42
-39
-28
-12
6
6
14
17
17
16
9
-4
-18
-31
-39
-50
-50
-56
-48
-24
-12
-7
4
2
2
-16
-18
-19
-23
-24
-22
-19
-30
-24
-17
-13
2
5
11
15
22
24
24
19
-2
-21
-33
-52
-57
-52
-28
-13
-11
-10
-15
-18
-4
-19
-19
-21
-30
-30
-30
-19
-33
-46
-55
-59
-46
-35
-28
-31
-17
-1
-7
-3
4
-10
-11
-5
14
17
13
-8
-33
-35
-16
6
17
14
28
48
38
24
14
11
13
3
-2
-5
-2
8
9
-18
-24
-14
-21
-3
1
1
-3
-13
-21
-32
-35
-36
-55
-65
-75
-89
-72
-63
-58
-46
-54
-47
-42
-35
-51
-55
-60
-65
-65
-73
-63
-84
-99
-84
-75
-69
-59
-61
-52
-46
-50
-41
-40
-33
-33
-49
-48
-27
-27
-20
-8
-8
-31
-34
-26
-22
-27
-26
-20
-16
-2
5
6
10
7
3
1
7
12
12
39
39
49
43
41
24
5
-20
-13
-11
-32
-54
-68
-74
-57
-33
-25
-32
-17
3
1
5
13
17
9
4
14
22
0
-7
-11
-25
-49
-78
-108
-125
-122
-122
-111
-79
-60
-50
-35
-26
-34
-59
-64
-84
-90
-112
-177
-261
-364
-466
-579
-718
-901
-1111
-1304
-1482
-1696
-1857
-1989
-2176
-2456
-2742
-3043
-3384
-3656
-3716
-3489
-3003
-2297
-1447
-556
298
1067
1679
2166
2458
2601
2680
2699
2521
2144
1735
1388
1187
1068
982
950
963
977
957
921
927
956
994
1047
1096
1074
1014
1004
980
901
826
760
722
664
555
418
279
171
107
58
36
33
41
47
40
27
13
10
14
42
81
112
129
132
97
63
19
-30
-64
-80
-75
-75
-79
-83
-75
-29
22
56
73
88
102
83
76
81
79
71
69
84
81
67
55
34
24
3
10
14
20
42
70
95
94
94
105
105
105
101
74
67
57
47
39
14
-11
-34
-51
-52
-45
-62
-74
-84
-87
-78
-75
-67
-62
-74
-56
-50
-56
-53
-58
-52
-39
-41
-51
-49
-38
-33
-31
-36
-47
-46
-30
-26
-21
-15
-15
-2
12
11
14
22
13
6
-8
-18
-34
-36
-32
-25
-16
-11
-18
-10
18
59
87
68
62
78
85
64
45
51
42
25
-10
-29
-29
-5
15
30
40
39
40
36
34
18
1
-3
-22
-55
-92
-107
-116
-125
-133
-119
-123
-133
-150
-149
-142
-144
-147
-152
-159
-165
-166
-186
-180
-186
-182
-183
-181
-168
-147
-144
-143
-117
-98
-84
-61
-42
-40
-27
-23
-12
-3
8
42
87
155
213
263
313
351
384
407
439
450
442
451
445
411
363
313
269
220
174
155
144
119
109
113
122
124
144
163
173
193
217
254
270
281
288
292
288
286
276
269
276
247
212
195
169
133
102
75
65
43
34
40
58
66
49
46
32
31
27
-17
-54
-79
-102
-135
-181
-212
-238
-264
-304
-361
-464
-593
-715
-818
-910
-960
-948
-915
-915
-891
-778
-598
-393
-194
-31
100
292
556
831
1105
1382
1659
1940
2248
2545
2763
2889
2957
2925
2778
2556
2269
1852
1335
889
592
352
96
-176
-439
-713
-985
-1210
-1318
-1278
-1174
-1069
-949
-705
-384
-101
174
431
597
620
553
475
365
232
134
80
32
-18
-37
-10
11
38
73
96
114
107
72
9
-75
-141
-194
-288
-413
-500
-530
-556
-598
-643
-675
-703
-715
-716
-711
-667
-637
-623
-658
-696
-736
-742
-655
-560
-538
-571
-706
-861
-887
-856
-762
-545
-318
-162
-113
-133
-172
-167
-134
-77
-4
48
109
166
185
192
194
185
171
156
120
82
50
17
-1
-13
-38
-62
-70
-74
-87
-96
-120
-137
-138
-121
-124
-118
-79
-44
-51
-49
-35
-33
-17
-11
-10
-6
6
3
-3
2
-2
-24
-13
4
5
17
39
21
11
26
36
38
29
34
45
38
24
23
19
18
12
-6
-14
-20
-6
2
8
11
26
45
41
30
35
36
42
35
26
16
8
-8
-26
-28
-16
-19
-18
-7
7
3
17
31
32
40
23
21
39
43
46
37
20
4
-15
-11
-15
-3
13
30
17
-2
12
25
18
18
20
22
11
2
19
9
-1
-26
-30
-12
-28
-36
-18
2
10
13
19
27
28
30
15
15
29
25
26
28
18
2
-14
-10
2
14
17
23
31
31
51
61
58
59
68
58
43
33
20
14
21
11
12
3
14
26
25
17
13
23
48
56
60
35
22
25
42
37
29
35
24
14
8
7
10
11
23
39
58
65
70
72
68
62
68
74
73
56
40
33
21
25
21
13
17
40
61
63
60
58
38
43
52
50
60
59
67
52
57
57
40
24
11
22
29
41
59
64
68
79
93
102
105
112
108
82
63
65
60
49
49
61
53
44
42
54
63
68
76
69
75
80
92
89
84
75
76
66
64
63
57
43
47
65
72
89
93
92
92
98
111
119
112
109
110
98
81
70
74
65
69
77
85
98
84
75
94
117
117
97
95
88
88
98
92
53
29
20
12
6
-6
-18
-20
-20
-1
-1
-4
8
17
31
24
24
19
-2
-21
-33
-33
-24
-40
-54
-76
-67
-44
-31
-36
-46
-33
-11
-11
3
7
0
12
22
27
4
-18
-39
-38
-24
-20
-31
-34
-16
6
-3
0
13
12
18
22
31
41
56
49
29
31
34
31
39
34
29
18
9
6
13
30
45
53
64
77
89
102
89
81
72
61
31
17
21
23
20
11
14
8
11
20
12
1
-9
-7
-3
-6
-6
-17
-27
-33
-51
-57
-61
-80
-95
-92
-82
-78
-74
-67
-63
-56
-61
-79
-64
-59
-59
-64
-73
-74
-89
-102
-103
-108
-109
-110
-119
-114
-122
-135
-133
-116
-96
-87
-82
-83
-86
-74
-74
-114
-137
-124
-130
-127
-132
-141
-154
-153
-141
-134
-127
-131
-131
-120
-116
-102
-95
-78
-72
-62
-56
-63
-69
-87
-104
-110
-136
-134
-127
-128
-113
-119
-122
-110
-101
-103
-117
-118
-112
-112
-119
-136
-132
-139
-159
-171
-189
-200
-195
-194
-203
-203
-200
-189
-162
-169
-181
-165
-162
-160
-169
-175
-180
-184
-189
-191
-180
-168
-179
-193
-188
-183
-160
-132
-118
-109
-97
-110
-128
-133
-140
-138
-131
-114
-115
-118
-127
-129
-126
-109
-100
-101
-104
-80
-61
-57
-65
-86
-95
-89
-85
-91
-108
-116
-110
-125
-145
-141
-121
-109
-92
-73
-65
-58
-64
-42
-19
-26
-21
-31
-41
-55
-72
-60
-58
-68
-59
-77
-80
-89
-88
-73
-53
-46
-41
-39
-38
-48
-44
-46
-46
-45
-35
-20
-29
-50
-43
-46
-64
-67
-43
-14
-14
-13
-27
-19
-16
-6
0
-11
-21
-23
-24
-30
-53
-66
-70
-71
-63
-56
-52
-44
-42
-41
-22
7
-1
-1
7
7
-2
-5
-18
-33
-36
-43
-55
-56
-70
-59
-51
-49
-51
-50
-40
-34
-30
-17
-11
-18
-34
-32
-24
-22
-31
-46
-55
-53
-43
-45
-50
-40
-31
-35
-28
-23
-23
-13
-11
6
12
-2
-12
-11
-31
-33
-25
-35
-47
-36
-33
-14
-1
14
15
10
20
27
39
41
32
27
7
0
3
-2
2
-7
-9
1
-1
-4
-3
7
31
28
31
27
27
31
15
10
-4
-16
-14
-7
8
19
14
26
34
34
28
36
45
67
85
81
77
67
54
52
28
18
24
23
22
35
40
39
36
36
52
61
65
85
92
86
90
90
85
83
70
54
41
14
-6
13
30
31
34
43
52
64
59
71
81
74
63
51
45
47
50
51
62
57
57
65
65
63
70
71
75
59
58
72
80
79
73
82
91
88
85
66
66
66
63
65
64
83
81
64
64
64
74
80
77
63
44
39
34
27
32
28
37
24
23
30
30
13
2
9
24
29
19
18
25
37
44
38
27
31
16
5
-5
-22
-30
-32
-25
-19
-14
-5
-13
5
20
27
33
53
56
48
41
32
19
5
-8
-16
-16
-13
-10
-26
-28
-24
-27
-20
-18
-13
-14
-19
-11
-11
-33
-28
-34
-46
-64
-68
-59
-53
-43
-22
-27
-39
-38
-30
-18
-16
-26
-29
-35
-38
-36
-50
-59
-60
-62
-52
-45
-44
-44
-47
-33
-51
-57
-41
-30
-35
-55
-66
-54
-54
-58
-75
-71
-71
-69
-68
-72
-66
-62
-60
-64
-62
-52
-68
-80
-81
-85
-73
-73
-69
-66
-76
-62
-48
-39
-27
-25
-17
-23
-28
-36
-47
-37
-49
-48
-40
-32
-17
-30
-36
-34
-26
-14
-17
-13
-12
-5
-7
-7
-5
-12
-9
-8
-23
-38
-41
-22
-18
-22
-22
-31
-24
-31
-43
-41
-44
-29
-9
9
28
29
20
9
5
11
11
10
11
1
-15
-21
-35
-46
-47
-55
-44
-36
-40
-20
-5
-10
-4
1
-4
2
6
4
11
18
7
-9
-30
-40
-33
-38
-42
-26
-19
-26
-19
-12
-5
6
4
3
22
14
-4
4
-2
-15
-25
-18
-19
-31
-32
-49
-56
-54
-51
-35
-38
-30
-18
-15
-8
-20
-23
-27
-30
-26
-31
-29
-29
-46
-58
-72
-88
-97
-82
-74
-81
-72
-72
-75
-69
-52
-35
-34
-13
-7
-2
-3
-19
-25
-41
-54
-70
-73
-58
-59
-56
-38
-20
-23
-31
-29
-28
-44
-43
-39
-35
-30
-34
-47
-54
-51
-45
-71
-69
-60
-55
-36
-34
-43
-51
-47
-46
-43
-34
-31
-39
-38
-55
-76
-80
-65
-56
-46
-28
-13
-21
-27
-26
-29
-31
-30
-39
-44
-59
-65
-58
-70
-77
-89
-97
-74
-36
-28
-18
-3
1
-4
-12
-37
-45
-45
-56
-42
-41
-55
-65
-55
-56
-54
-73
-84
-61
-28
-23
-35
-28
3
24
16
14
6
-13
-16
-21
-18
-20
-38
-50
-45
-35
-32
-38
-22
-26
-9
21
34
37
38
36
22
31
36
24
16
11
0
-15
-15
-9
-4
-7
-22
-19
-10
-25
-20
-17
-18
-5
-12
-22
-22
-26
-32
-30
-27
-26
-38
-50
-61
-40
-27
-23
-6
7
8
-2
-1
1
-12
-14
-27
-17
-3
23
30
25
40
41
24
19
30
36
27
3
-8
-20
-42
-47
-33
-11
-8
1
20
40
44
50
63
82
118
138
160
194
201
204
203
205
208
203
218
241
286
366
439
486
546
619
671
693
716
722
752
804
838
862
904
1011
1133
1205
1267
1334
1340
1286
1190
1042
778
396
71
-140
-323
-575
-1001
-1604
-2284
-2968
-3531
-3936
-4155
-4300
-4459
-4537
-4482
-4199
-3680
-3126
-2609
-2089
-1581
-1117
-759
-447
-87
255
512
691
840
957
990
1064
1173
1256
1289
1314
1341
1293
1254
1231
1190
1135
1078
1047
1030
976
853
714
591
478
417
376
331
294
260
251
214
151
88
54
45
41
53
72
79
67
30
-15
-53
-99
-151
-173
-150
-126
-100
-83
-51
5
55
84
99
107
105
100
110
110
103
107
105
92
80
59
45
35
26
30
22
12
18
27
49
37
45
57
60
49
25
22
12
0
-11
-24
-32
-33
-28
-33
-56
-67
-79
-94
-89
-91
-82
-63
-52
-54
-51
-55
-59
-62
-67
-69
-51
-48
-65
-68
-80
-92
-109
-115
-112
-97
-95
-79
-73
-73
-80
-66
-59
-42
-28
-33
-26
-5
-3
-31
-33
-33
-44
-28
-33
-51
-42
-35
-25
-4
29
41
32
24
-12
-58
-81
-107
-145
-169
-151
-122
-82
-18
72
197
322
442
516
563
597
598
562
513
443
357
267
170
61
-31
-88
-128
-145
-170
-168
-156
-143
-124
-106
-76
-59
-56
-44
-31
-8
-1
1
-2
-20
-21
-13
-24
-31
-40
-29
-26
-30
-35
-34
-23
-8
-6
0
-9
11
26
20
2
-11
3
14
-1
-1
1
1
14
20
12
19
26
22
21
8
-7
-11
-22
-36
-45
-50
-37
-52
-42
-46
-41
-35
-28
-20
-15
8
27
45
67
71
81
101
111
112
81
66
71
60
44
24
-3
-33
-49
-78
-99
-111
-107
-110
-113
-120
-117
-127
-155
-203
-266
-335
-386
-433
-484
-554
-602
-635
-677
-727
-792
-882
-1029
-1192
-1340
-1488
-1582
-1592
-1579
-1595
-1596
-1539
-1445
-1352
-1274
-1196
-1104
-969
-833
-713
-549
-317
-56
290
769
1286
1753
2172
2540
2882
3109
3206
3205
3075
2809
2539
2266
2013
1776
1458
1079
684
348
121
13
42
118
173
222
384
574
624
524
345
161
-12
-171
-287
-409
-546
-647
-663
-607
-488
-306
-57
173
336
407
460
594
761
883
918
916
948
1013
1042
1032
1077
1235
1417
1575
1647
1677
1676
1553
1329
1095
891
682
519
381
274
229
318
625
879
925
798
520
185
-30
-335
-818
-1299
-1723
-2005
-2137
-2195
-2211
-2145
-2025
-1868
-1657
-1462
-1329
-1211
-1103
-996
-914
-825
-756
-684
-622
-567
-513
-452
-401
-336
-290
-235
-201
-169
-144
-128
-111
-95
-80
-62
-58
-41
-41
-21
20
37
32
20
-4
-3
9
30
21
18
9
3
0
6
6
-1
7
22
25
22
21
28
46
53
36
21
15
31
17
7
2
-4
-2
13
26
20
5
3
15
26
28
35
18
18
12
-4
1
11
7
6
16
29
18
26
36
26
31
40
31
34
52
41
32
35
41
44
50
58
66
65
65
62
48
48
46
49
66
79
89
102
113
117
133
144
130
105
106
101
100
100
105
90
70
92
110
122
127
112
101
109
124
128
131
137
117
113
119
116
115
120
97
69
67
61
46
44
33
35
24
18
12
31
58
67
53
54
44
52
65
43
29
13
10
10
5
5
0
-4
-7
-17
-14
1
13
2
6
16
16
25
22
17
11
16
23
13
13
16
-2
-3
-6
-1
2
11
24
32
44
50
46
57
63
58
68
75
47
16
29
36
31
28
36
27
31
39
43
38
33
32
35
58
52
52
38
28
31
31
38
16
8
8
22
22
26
38
32
43
48
37
44
62
77
84
77
78
52
42
27
30
40
35
42
45
49
53
65
70
60
49
51
63
78
67
72
81
65
61
74
86
72
59
57
62
62
51
42
62
66
80
87
97
101
98
97
93
68
62
55
55
53
68
82
88
104
109
111
117
105
98
108
109
90
79
72
60
66
62
54
51
60
78
74
81
80
79
96
105
111
118
105
98
81
61
63
58
64
60
65
78
106
131
136
129
157
185
212
215
212
216
202
182
179
165
146
136
130
124
125
124
140
137
138
154
169
198
211
212
218
236
239
247
249
243
223
220
200
173
154
151
142
127
101
90
75
63
67
73
84
73
65
71
62
45
33
40
38
34
41
17
-5
-18
-14
-13
-16
-24
-60
-75
-88
-103
-123
-134
-131
-130
-141
-144
-147
-140
-119
-118
-102
-93
-95
-95
-97
-99
-110
-129
-134
-131
-145
-167
-158
-171
-161
-144
-130
-114
-102
-99
-93
-98
-102
-109
-102
-104
-108
-107
-114
-119
-121
-119
-113
-121
-123
-130
-122
-123
-98
-82
-88
-100
-104
-88
-76
-79
-87
-94
-103
-111
-117
-124
-152
-155
-155
-168
-173
-169
-151
-142
-139
-150
-154
-140
-125
-125
-117
-123
-136
-159
-163
-173
-185
-197
-203
-215
-219
-217
-226
-231
-239
-226
-200
-164
-155
-156
-141
-131
-125
-140
-141
-139
-143
-151
-157
-156
-142
-140
-157
-177
-173
-171
-173
-152
-154
-144
-135
-124
-127
-141
-127
-123
-121
-128
-130
-128
-127
-129
-139
-156
-164
-141
-119
-109
-103
-103
-86
-70
-72
-66
-60
-75
-88
-99
-100
-98
-107
-104
-96
-94
-96
-95
-77
-77
-82
-65
-60
-64
-59
-45
-47
-62
-63
-64
-67
-69
-76
-71
-75
-63
-39
-23
-12
-22
-14
-12
-3
-11
-38
-42
-44
-61
-67
-70
-67
-68
-70
-54
-44
-30
-19
-25
-28
-18
-13
-24
-27
-34
-32
-24
-40
-54
-49
-46
-52
-45
-40
-48
-53
-36
-23
-11
-18
-16
4
15
15
1
-3
-4
-2
-15
-47
-64
-70
-53
-55
-62
-57
-53
-48
-32
-3
3
12
15
8
12
19
-4
-8
-3
-3
-10
-27
-31
-33
-44
-51
-70
-59
-52
-23
-14
-11
1
11
19
1
0
0
-5
-10
-6
-16
-10
-30
-48
-34
-44
-50
-47
-47
-28
-3
13
25
48
49
47
48
30
40
45
28
19
13
0
-16
-19
-11
-17
-26
-14
9
22
19
26
18
13
19
24
24
18
20
26
34
23
11
-4
-23
-21
-14
-15
-12
-6
10
24
24
19
24
34
30
34
40
42
41
28
7
10
22
23
20
31
52
50
42
53
55
58
50
61
61
62
49
38
32
14
4
-2
-4
17
20
24
24
34
47
46
53
63
63
74
70
69
59
56
61
52
36
23
29
32
34
41
45
40
35
32
47
52
57
60
61
72
73
68
71
48
57
61
59
65
63
53
38
47
59
60
64
65
74
81
87
86
78
67
43
30
30
33
46
62
74
69
66
69
58
49
45
46
45
37
28
12
5
13
4
4
10
9
18
45
60
61
61
70
68
47
37
18
2
-4
1
-1
0
10
11
27
27
30
46
62
79
80
90
90
83
67
52
42
36
44
27
4
7
7
18
31
33
40
32
30
33
30
43
57
68
56
38
9
-5
5
-3
-16
-17
-17
-14
-6
2
-3
3
20
17
15
30
41
38
23
1
-10
-4
4
-10
-16
-26
-25
-13
8
17
23
33
39
49
43
40
34
36
47
45
42
27
20
5
-5
-1
-3
19
30
42
56
64
64
59
69
59
53
53
55
43
38
47
27
-3
-15
-22
-11
-20
-19
0
-2
4
-2
-9
-1
14
15
19
27
29
19
18
7
0
-3
-14
-5
-18
-28
-12
-13
-4
-11
-6
-2
-5
7
23
28
35
44
46
36
22
1
-15
-25
-45
-50
-45
-51
-62
-68
-53
-53
-56
-38
-31
-36
-41
-43
-54
-50
-39
-49
-55
-68
-67
-69
-75
-65
-55
-46
-28
-34
-35
-52
-42
-30
-33
-35
-49
-52
-65
-77
-79
-88
-80
-74
-69
-64
-58
-53
-52
-47
-39
-31
-14
-7
0
-2
-19
-16
-16
-38
-50
-58
-52
-44
-38
-42
-44
-24
-15
-4
8
10
20
44
62
67
63
55
41
29
12
19
21
27
17
6
-5
2
2
1
20
50
70
73
84
66
47
50
48
39
32
16
7
7
20
13
16
12
16
26
28
24
30
41
31
36
35
21
5
-3
-10
-7
-4
-6
-8
-19
-8
8
14
16
7
1
4
20
0
-15
-12
-30
-23
-31
-29
-20
-3
3
-2
17
37
21
22
13
10
23
25
19
-2
-18
-27
-53
-56
-55
-49
-23
-6
7
0
-10
2
9
11
11
15
18
24
17
6
-12
-30
-39
-49
-51
-46
-44
-28
-18
-15
-27
-34
-21
-8
11
23
13
12
-4
-9
-6
-6
-10
-25
-41
-52
-41
-39
-52
-59
-45
-27
-1
-2
7
22
27
29
37
19
10
-2
2
6
3
-2
-9
-14
-25
-38
-50
-51
-42
-39
-23
-18
-12
7
23
23
23
27
5
-10
-19
-30
-17
-13
-21
-26
-34
-24
-6
7
21
44
65
65
59
67
62
60
55
57
51
33
14
-3
-13
-15
-14
10
20
28
31
48
48
57
66
70
82
90
97
127
146
148
139
108
88
86
84
96
130
168
212
267
330
391
429
436
443
455
478
513
513
512
547
617
691
719
729
717
647
558
401
166
-188
-608
-1005
-1376
-1749
-2258
-2936
-3680
-4349
-4876
-5160
-5147
-5062
-5067
-5033
-4915
-4545
-3809
-2904
-2070
-1281
-557
23
404
636
885
1248
1535
1752
1930
2055
2108
2130
2146
2187
2224
2220
2204
2155
2016
1919
1873
1793
1680
1562
1458
1357
1212
998
793
613
483
391
323
274
248
231
216
178
117
71
39
30
36
41
46
54
47
20
-24
-65
-100
-114
-111
-111
-85
-82
-62
-12
54
115
156
194
212
220
223
243
246
251
249
238
217
188
187
174
154
126
106
98
76
64
55
48
32
24
17
9
10
-1
-4
-8
-12
7
3
-22
-36
-28
-27
-17
-14
-16
-26
-35
-34
-33
-33
-45
-51
-54
-52
-75
-102
-106
-95
-76
-67
-51
-43
-37
-41
-28
-26
-20
-21
-30
-45
-50
-36
-31
-12
-2
-2
15
8
6
16
25
35
47
59
52
39
55
59
41
38
50
42
44
65
55
58
70
88
92
107
129
147
149
154
173
196
212
232
242
239
244
228
221
209
166
113
76
43
15
-14
-52
-67
-61
-42
-25
-12
-4
-13
-12
7
-8
-21
-22
-32
-54
-81
-103
-111
-108
-101
-105
-104
-101
-85
-81
-89
-62
-49
-38
-32
-36
-14
13
24
43
37
26
19
25
34
34
36
50
50
41
27
11
8
15
24
23
27
20
12
29
32
40
37
28
32
22
18
19
1
-3
-2
14
28
57
75
88
115
138
162
198
226
240
243
255
273
300
297
284
285
258
237
235
228
219
220
228
232
217
206
202
191
167
139
99
66
46
9
-30
-65
-108
-141
-158
-192
-271
-377
-487
-580
-655
-693
-702
-681
-659
-625
-539
-384
-156
26
167
283
438
631
853
1041
1204
1392
1595
1856
2151
2343
2393
2408
2345
2209
2039
1800
1466
1035
632
351
133
-76
-247
-400
-624
-927
-1223
-1410
-1386
-1271
-1164
-1073
-920
-705
-455
-124
224
480
597
582
535
477
353
214
105
19
-89
-186
-228
-203
-172
-158
-139
-124
-155
-212
-269
-333
-403
-490
-558
-600
-606
-598
-629
-652
-650
-643
-652
-639
-586
-527
-508
-535
-630
-727
-800
-786
-710
-702
-738
-833
-1007
-1190
-1240
-1154
-895
-493
-114
125
222
233
205
202
222
263
281
317
383
433
469
479
450
409
375
335
309
273
233
202
179
147
107
78
54
35
10
-17
-36
-46
-64
-67
-57
-74
-85
-92
-104
-109
-104
-101
-89
-71
-59
-43
-31
-30
-16
7
10
17
36
44
37
36
46
43
50
59
61
55
46
51
48
50
51
48
53
41
31
36
41
66
85
84
81
66
45
32
37
48
43
37
24
32
37
20
22
26
30
43
56
52
38
49
59
49
27
22
29
31
20
9
17
34
33
38
25
10
19
30
37
32
42
51
35
12
-13
-30
-38
-44
-43
-41
-22
-3
-13
-5
8
13
19
17
12
-13
-5
-15
-23
-11
-18
-13
-10
-7
-6
1
8
11
10
17
6
7
27
30
11
-5
0
8
9
1
-10
-7
7
17
13
13
12
13
16
18
2
-8
-2
-1
-25
-32
-26
-28
-27
-23
-20
-16
-18
-16
-14
3
7
-4
-16
-26
-22
-16
-3
-9
-22
-38
-49
-47
-41
-42
-47
-61
-69
-63
-49
-28
-12
3
16
7
0
3
14
7
-18
-36
-48
-44
-42
-54
-54
-53
-46
-44
-34
-18
-25
-14
-4
3
9
-5
-5
2
-2
1
-9
-15
-30
-28
-16
-18
-12
-9
1
1
12
23
21
41
62
74
77
67
75
82
62
50
38
34
31
28
25
32
33
37
42
45
55
60
72
90
78
78
95
97
84
73
58
45
37
42
50
55
55
62
63
51
57
64
84
97
99
89
99
101
99
99
101
89
79
80
84
84
76
79
85
71
82
101
111
105
99
102
111
112
125
123
101
80
72
72
67
59
55
45
31
32
58
83
82
65
55
64
66
76
71
65
52
32
36
52
45
39
6
18
39
41
41
53
57
53
57
64
50
39
36
36
43
27
30
18
14
30
48
53
50
55
74
80
78
79
82
88
90
82
66
59
74
79
58
43
51
52
49
59
64
64
69
79
74
69
61
69
58
54
46
44
29
17
-2
-16
-19
-47
-61
-81
-105
-103
-112
-109
-96
-91
-97
-103
-91
-83
-89
-86
-96
-102
-111
-110
-106
-118
-122
-123
-128
-136
-124
-113
-116
-110
-118
-105
-93
-95
-111
-94
-86
-98
-112
-109
-111
-118
-132
-147
-147
-152
-148
-152
-137
-132
-139
-147
-138
-134
-125
-108
-88
-98
-102
-95
-104
-97
-109
-121
-135
-143
-148
-172
-173
-156
-137
-117
-120
-121
-123
-116
-106
-95
-96
-101
-101
-111
-112
-106
-119
-129
-132
-136
-133
-122
-129
-122
-104
-91
-80
-75
-55
-48
-47
-60
-65
-69
-87
-86
-78
-76
-94
-99
-103
-95
-74
-82
-91
-90
-74
-44
-43
-55
-53
-64
-69
-61
-61
-63
-70
-71
-69
-66
-67
-66
-66
-74
-68
-59
-49
-50
-46
-37
-16
5
-1
8
1
-13
-25
-34
-45
-50
-53
-45
-43
-40
-18
11
21
27
40
51
40
25
13
9
9
-4
-9
-12
-16
-18
-32
-34
-34
-27
-15
-16
-12
-13
11
29
36
26
6
10
-1
0
-8
-23
-40
-42
-65
-75
-66
-51
-42
-13
10
11
11
37
51
32
6
14
28
34
27
13
-7
-10
-12
-14
1
7
5
2
11
10
25
39
36
27
11
13
26
19
7
-16
-34
-35
-24
-10
4
8
12
24
14
5
5
7
12
3
-3
6
16
13
-2
-21
-27
-32
-2
-2
1
15
29
26
23
33
26
12
3
-6
-21
-23
-7
-2
-15
-10
-5
-3
4
-2
1
9
8
14
3
-8
-11
-6
-6
-13
-2
-10
-22
-18
-12
-12
-7
10
12
6
11
6
5
2
0
-10
-25
-25
-14
-8
-3
-4
-7
-12
4
25
15
27
30
37
48
49
43
24
1
-19
-32
-39
-46
-44
-49
-42
-34
-20
3
19
21
25
25
8
0
0
2
6
13
0
-6
-5
-5
-1
-3
6
1
-3
-11
-22
-15
-2
14
35
32
21
8
0
-3
10
12
0
-19
-42
-49
-36
-23
-22
-22
-11
5
4
17
21
32
33
24
31
35
32
30
14
4
4
6
-12
-25
-43
-49
-48
-36
-32
-23
-4
15
30
33
42
47
43
33
13
5
-4
-16
-31
-41
-47
-46
-37
-40
-47
-36
-15
1
5
6
26
32
32
29
38
51
48
24
5
6
-7
-19
-16
-45
-37
-17
-15
-1
5
19
28
38
37
21
11
8
17
23
-2
-6
-9
2
17
6
4
12
16
2
-6
1
-13
-20
-21
-28
5
17
16
25
25
17
12
23
32
15
15
13
11
-1
0
7
0
-9
-12
-14
2
2
9
8
12
18
26
33
21
22
26
30
31
28
21
-5
-16
-13
-24
-29
-20
-8
-7
-12
5
13
30
40
19
9
18
21
16
14
20
19
15
7
5
3
-2
1
-8
-12
-5
-5
13
6
4
-6
-8
4
11
6
-9
-28
-29
-8
-1
-19
-30
-21
-9
-7
-7
-18
-17
-8
0
2
18
12
-1
11
10
7
13
13
6
-4
-2
-15
-27
-6
-4
-12
-12
-4
14
26
35
46
45
44
47
50
40
20
14
8
4
-8
-18
-13
-21
-29
-23
-10
8
13
10
24
37
41
41
49
41
16
-6
-3
-3
-11
-13
-11
-22
-21
-29
-20
-14
-17
-6
2
2
0
-2
-4
-12
-14
-3
2
5
-11
-14
-20
-15
-11
-14
-5
-6
3
7
16
20
23
29
42
47
49
40
39
29
6
-19
-32
-22
-26
-29
-32
-42
-21
-10
4
23
32
44
49
39
34
20
14
8
8
8
-16
-22
-13
1
-6
-3
-1
11
40
55
44
58
55
55
53
64
64
51
33
7
-1
-4
17
24
26
28
23
29
35
39
42
43
38
30
25
36
32
30
20
16
19
16
2
5
-8
-4
0
13
28
18
24
25
34
42
34
16
3
13
3
-15
-26
-30
-20
-26
-35
-27
-22
-13
-21
-26
-17
-26
-22
1
2
5
8
-12
-26
-31
-37
-62
-67
-51
-21
-27
-30
-20
-27
-23
-9
-8
-2
8
19
2
-14
-28
-38
-46
-60
-53
-44
-37
-31
-25
-17
-19
-24
-20
-13
-10
-1
8
6
-8
-32
-48
-38
-41
-42
-42
-49
-33
-23
-30
-27
-11
5
2
0
4
1
-1
1
-5
-6
-7
-25
-40
-43
-38
-38
-38
-40
-21
-6
0
5
12
9
17
21
5
-9
-15
-13
-26
-38
-45
-58
-61
-48
-45
-50
-53
