0
-3
5
4
3
-9
-6
-7
-6
-17
-32
-32
-16
6
1
7
23
32
46
52
37
34
59
76
76
67
56
46
43
20
5
2
5
12
-4
-6
-1
-5
11
16
17
21
24
15
2
3
12
24
34
23
15
1
-6
2
19
35
53
56
68
53
53
55
64
47
26
21
25
20
27
25
36
17
17
28
24
27
28
34
31
29
30
19
9
5
-9
-8
4
-2
-1
5
18
6
16
26
42
57
66
71
81
82
62
58
53
46
45
34
17
17
30
49
57
59
63
74
81
86
90
98
109
119
123
107
85
67
70
72
71
90
81
62
68
90
102
97
94
98
101
101
97
105
107
96
88
90
96
94
83
71
70
65
63
67
61
58
55
58
60
62
79
101
111
122
122
115
101
80
76
81
79
62
46
27
4
14
26
38
63
85
99
109
110
120
132
152
151
151
147
140
141
125
117
106
84
65
49
62
56
36
35
43
42
36
37
49
70
67
50
47
42
42
54
46
37
24
18
22
26
16
21
46
65
60
58
52
48
69
60
37
33
43
46
32
35
31
26
30
24
23
25
23
31
43
67
57
39
30
23
17
3
4
-5
-20
-19
-42
-45
-39
-32
-11
8
0
5
15
18
5
2
-13
-36
-41
-46
-50
-61
-60
-46
-49
-51
-44
-56
-73
-84
-70
-61
-68
-85
-106
-127
-145
-146
-144
-146
-155
-168
-173
-179
-187
-195
-190
-175
-157
-149
-149
-159
-157
-172
-175
-164
-171
-174
-170
-173
-187
-184
-183
-184
-178
-169
-167
-161
-159
-145
-136
-126
-111
-113
-108
-97
-116
-123
-117
-114
-125
-137
-152
-163
-165
-178
-170
-156
-150
-152
-144
-128
-114
-100
-79
-107
-108
-104
-114
-105
-106
-125
-136
-138
-154
-161
-161
-141
-114
-86
-74
-75
-78
-70
-73
-85
-82
-70
-63
-76
-76
-71
-89
-93
-92
-101
-117
-106
-93
-90
-84
-78
-81
-71
-53
-56
-50
-64
-74
-88
-94
-79
-79
-85
-88
-87
-91
-100
-83
-96
-95
-68
-54
-42
-40
-27
-21
-20
-13
-32
-47
-54
-54
-46
-64
-70
-57
-32
-27
-33
-34
-28
-26
-14
-17
-21
-6
-3
-4
-2
-26
-29
-33
-31
-29
-32
-18
-21
-24
-33
-28
-25
-14
1
16
25
27
17
-4
-24
-42
-55
-58
-48
-46
-52
-47
-24
-20
-15
3
11
19
10
18
19
16
-5
-20
-9
-10
-1
1
-3
-10
-16
-14
-19
-20
-17
-17
-2
10
16
16
1
0
2
11
5
0
-2
-10
-25
-26
-22
-8
4
2
7
3
15
29
47
48
31
36
31
16
21
18
18
5
-6
7
-1
-13
-30
-39
-40
-18
-12
-12
0
7
10
27
39
41
32
17
11
3
-15
-25
-10
-23
-18
-15
-25
-28
-25
-7
7
13
27
30
25
15
-7
-21
-35
-44
-54
-45
-21
-26
-21
-16
-17
18
24
18
10
11
15
8
4
5
-2
3
7
6
-3
-13
-9
-10
-3
11
13
3
1
14
27
22
19
20
15
-5
-21
-28
-20
2
1
-3
-1
9
16
10
2
16
32
28
29
43
40
25
13
12
18
28
5
-7
-8
-16
-21
-4
14
31
53
59
67
67
69
70
56
43
38
21
5
-5
2
6
-2
-9
-14
-8
0
1
4
8
25
36
37
26
14
25
34
10
7
2
0
5
11
3
-1
18
21
12
19
32
34
37
40
57
73
66
50
39
24
7
-8
-17
-12
-22
-35
-27
-6
1
1
24
37
42
39
37
44
62
48
43
29
17
11
3
-12
-14
-18
-18
-20
-16
-4
16
32
46
48
36
24
8
-9
5
-15
-28
-7
-10
-14
-27
-26
-12
7
13
16
15
29
34
18
17
18
7
18
22
9
-11
-23
-21
-29
-32
-20
-10
7
19
42
43
41
33
24
27
39
39
37
41
26
8
2
-16
-14
-19
-18
-1
0
-7
13
38
42
33
25
52
57
48
38
16
9
-2
-3
18
21
20
32
44
47
61
71
79
79
79
59
42
30
15
-8
-3
26
22
5
-18
-13
5
-2
10
22
20
18
22
26
10
13
27
35
38
27
25
33
30
6
-6
-4
3
2
7
16
27
33
44
51
41
57
38
34
35
32
17
3
4
-9
-12
-10
-20
-20
-11
-4
3
13
17
30
26
19
17
16
17
17
23
27
14
-17
-12
-17
-19
-7
14
18
16
28
37
48
69
84
82
98
90
66
52
44
25
18
22
17
21
20
4
2
6
9
1
-1
7
14
14
29
48
70
56
29
11
18
31
1
-10
-14
-16
-6
-4
-21
-41
-48
-20
-2
4
5
18
25
31
25
7
-2
-2
-16
-13
6
10
18
22
21
9
19
31
43
64
51
49
41
37
17
18
23
4
1
-3
-16
-4
6
15
21
21
30
26
11
9
15
12
23
22
6
-6
-24
-31
-26
-17
-19
-8
7
21
21
18
33
33
31
21
14
3
-7
-22
-28
-30
-22
-4
1
-7
-26
-35
-19
1
-1
26
41
34
32
19
13
14
3
-26
-39
-28
-25
-33
-18
-12
-8
0
6
25
30
38
33
45
43
35
34
33
33
19
-6
-13
-9
-5
-2
-6
-6
2
15
24
24
27
27
39
24
5
4
6
11
4
-2
-11
-15
-12
-17
-15
-14
1
23
28
26
17
35
48
39
43
27
17
11
3
-15
-18
-17
-22
-28
-27
-20
-2
12
-1
4
6
17
15
11
14
5
-10
-28
-35
-34
-31
-35
-45
-40
-34
-33
-18
-34
-22
-10
-13
-13
-23
-18
-2
-12
-14
-1
9
21
7
5
24
31
28
59
74
77
77
79
87
90
76
67
46
42
30
7
-20
-22
-19
5
13
22
19
16
13
-4
-9
-10
-15
-35
-37
-18
-19
-39
-64
-80
-93
-123
-159
-176
-180
-188
-194
-197
-203
-211
-202
-218
-233
-261
-280
-292
-353
-476
-604
-743
-887
-1054
-1232
-1434
-1644
-1815
-1970
-2159
-2320
-2379
-2491
-2693
-2887
-3046
-3169
-3154
-2872
-2291
-1488
-583
303
1152
1998
2723
3230
3515
3512
3339
3114
2844
2432
1920
1448
1057
790
587
465
408
416
431
403
399
438
499
582
692
787
781
739
719
632
553
489
448
420
354
227
97
-25
-109
-152
-169
-171
-153
-125
-103
-86
-73
-39
-13
22
69
103
141
179
208
194
152
111
49
-4
-16
-28
-46
-72
-88
-75
-45
-2
38
55
83
82
71
73
84
73
57
57
56
48
39
43
54
62
72
62
71
65
72
95
107
112
108
105
108
101
96
80
61
43
21
6
-1
-13
-36
-54
-59
-42
-32
-38
-53
-53
-46
-28
-24
-25
-33
-27
-10
7
-12
-16
-8
-2
-3
-15
-7
5
10
15
14
22
32
46
61
72
89
91
80
53
52
53
51
46
37
41
55
60
76
64
46
57
95
137
179
184
199
229
267
268
244
210
187
157
123
81
31
3
16
41
57
60
61
85
97
101
107
100
88
59
35
16
19
27
22
10
-18
-17
-27
-27
-19
-15
-32
-44
-31
-13
-8
-16
-15
-9
-7
-16
-30
-47
-48
-40
-41
-31
-19
-5
7
22
53
52
51
50
40
55
63
62
54
49
28
10
9
12
12
22
25
25
19
36
49
41
28
19
12
4
15
20
16
-2
-24
-34
-29
-31
0
12
17
37
65
96
126
162
190
197
198
200
188
199
200
206
193
180
168
143
108
97
87
74
84
96
104
112
106
96
104
97
80
66
41
23
15
-16
-67
-126
-145
-162
-188
-233
-288
-352
-427
-475
-506
-498
-461
-424
-380
-302
-150
30
204
335
431
558
714
908
1069
1196
1321
1464
1624
1794
1877
1863
1819
1747
1602
1448
1261
1004
678
344
111
-44
-224
-368
-474
-644
-864
-1088
-1239
-1254
-1215
-1139
-1051
-948
-827
-650
-413
-122
153
318
385
438
474
457
406
373
336
290
253
265
327
374
417
420
394
334
223
125
59
-54
-158
-260
-332
-383
-414
-450
-508
-564
-601
-640
-645
-636
-618
-615
-672
-755
-843
-912
-980
-1024
-1068
-1123
-1188
-1274
-1367
-1390
-1320
-1093
-743
-344
-16
167
269
311
339
374
380
360
367
433
502
541
551
551
543
523
477
436
383
333
307
273
238
204
159
113
84
56
27
2
-42
-56
-78
-95
-92
-107
-139
-138
-138
-144
-146
-139
-139
-137
-114
-107
-106
-90
-83
-59
-38
-25
-6
12
28
26
36
49
60
68
50
41
56
53
41
17
1
-2
3
16
18
25
10
0
-12
-19
-11
-14
-9
-8
-16
-32
-30
-25
-22
-20
-23
-38
-25
-10
-7
-3
3
9
21
27
16
7
1
-1
-7
-8
6
-4
-12
-29
-34
-36
-33
-21
-13
11
35
39
30
24
38
48
59
46
41
39
25
11
-3
3
6
-2
-9
-7
4
6
-6
9
16
35
47
56
58
46
33
18
8
-6
-21
-27
-30
-24
-18
-32
-32
-19
5
13
10
24
43
50
47
34
37
36
20
7
5
10
0
-3
-10
3
7
10
8
8
19
40
56
44
30
36
48
57
60
46
38
22
10
4
7
5
8
10
4
12
43
48
43
44
57
64
65
69
52
31
30
30
25
14
15
25
42
45
33
35
40
46
62
76
90
84
61
47
32
19
12
8
18
17
5
-5
-5
25
40
48
37
42
59
70
77
85
76
68
51
50
53
48
33
13
0
-3
13
32
45
63
80
83
85
75
86
101
109
100
102
112
117
114
108
100
101
89
78
58
64
93
93
101
116
131
144
152
147
143
136
134
127
128
115
100
97
101
86
80
79
84
88
106
108
105
117
132
128
126
143
139
115
121
122
107
99
102
93
96
105
121
135
138
140
149
152
156
161
159
161
157
159
154
121
106
113
108
91
84
84
85
88
93
89
86
90
93
93
93
100
90
90
73
76
68
56
44
31
22
37
49
46
39
43
71
88
104
128
146
153
160
170
170
170
180
178
145
122
101
82
90
105
89
83
86
89
97
111
118
112
112
108
98
108
101
96
81
52
36
14
11
1
-12
-21
-29
-47
-89
-90
-89
-94
-80
-60
-66
-79
-80
-81
-100
-109
-104
-94
-97
-117
-120
-111
-106
-128
-136
-153
-154
-140
-156
-167
-166
-158
-139
-147
-152
-142
-154
-148
-138
-136
-138
-130
-126
-124
-137
-135
-145
-153
-159
-161
-167
-173
-163
-156
-138
-128
-115
-117
-129
-131
-116
-118
-111
-124
-123
-126
-126
-117
-131
-155
-173
-168
-171
-173
-166
-174
-180
-158
-145
-130
-123
-118
-117
-117
-108
-119
-110
-103
-116
-126
-119
-129
-149
-152
-129
-122
-116
-114
-105
-105
-107
-93
-76
-81
-89
-88
-93
-82
-81
-98
-124
-142
-151
-142
-123
-123
-118
-107
-109
-100
-88
-60
-54
-47
-38
-53
-51
-44
-41
-34
-33
-50
-61
-75
-83
-81
-76
-88
-76
-54
-36
-34
-31
-30
-35
-28
-23
-13
-18
-31
-38
-49
-52
-47
-55
-46
-37
-34
-21
-23
-22
-7
1
4
-3
1
4
-3
-13
-16
-16
-35
-42
-33
-46
-48
-49
-35
-23
-7
4
-17
-24
-12
-1
15
20
32
32
23
11
0
1
-6
-18
-40
-60
-57
-45
-34
-26
-23
-13
6
4
2
6
8
6
16
14
10
11
5
12
8
7
-8
5
19
13
12
30
25
25
19
21
19
11
1
-13
-5
-1
-9
11
25
18
18
18
3
-14
-9
10
13
6
-3
1
1
-6
2
3
-9
-12
-8
1
3
9
21
19
14
22
23
23
26
22
14
10
11
12
-5
-26
-28
-14
-4
10
19
22
20
33
28
24
38
28
23
28
20
6
-6
-16
-4
5
-5
-11
1
1
4
5
3
19
24
16
9
1
6
8
12
7
-10
-9
-9
-19
-37
-43
-37
-33
-17
-1
13
7
4
36
30
28
23
16
15
8
3
-8
-6
-3
-21
-22
-24
-36
-33
-3
21
20
22
31
21
32
42
36
31
26
25
27
22
14
15
17
9
3
13
8
16
14
24
24
14
23
22
23
22
7
4
-7
-18
-16
-20
-23
-25
-6
-4
2
11
13
30
30
28
21
19
33
37
15
3
-4
-21
-34
-47
-38
-18
-12
-9
0
2
11
20
23
34
33
25
31
44
34
5
-6
-11
-19
-16
-20
-21
-2
-4
-9
-5
1
-5
-4
-4
1
-13
-20
-16
-8
-14
-16
-21
-19
5
8
3
-3
-3
-9
-12
2
10
8
1
-11
-9
-7
15
25
2
-8
1
14
17
14
25
23
26
3
-9
-3
-11
9
11
16
18
28
49
46
48
47
34
34
9
-2
8
17
1
-6
3
13
16
31
45
46
44
51
51
56
55
46
29
32
33
23
11
14
19
29
42
27
19
34
34
38
37
36
45
51
63
54
32
23
24
35
31
31
16
15
16
17
25
36
40
36
52
62
52
49
46
40
45
37
28
8
9
12
-11
-7
13
10
14
33
43
62
68
75
62
65
58
38
22
12
8
2
-3
-11
-4
-10
0
6
1
10
24
44
48
41
45
51
48
42
32
38
55
42
16
18
26
17
4
1
16
48
60
72
93
89
89
93
81
74
48
27
20
9
3
-2
-10
-1
10
11
-3
-11
-4
9
27
22
31
20
19
27
20
13
10
17
19
14
6
6
14
24
13
18
32
47
39
36
52
45
46
42
30
31
24
19
20
17
17
14
13
17
25
34
44
53
68
69
55
48
34
5
-6
0
10
2
-12
-13
-21
-27
-15
-9
-4
7
16
40
45
59
56
56
56
43
30
15
10
12
6
-15
-50
-44
-38
-37
-39
-30
-32
-22
-7
-6
-7
7
5
0
7
-14
-20
-34
-59
-71
-74
-57
-47
-56
-60
-54
-50
-58
-45
-34
-44
-36
-32
-26
-27
-32
-45
-56
-65
-72
-69
-63
-60
-68
-77
-63
-58
-49
-26
-17
-28
-46
-43
-36
-33
-21
-22
-35
-35
-58
-64
-59
-78
-73
-45
-36
-35
-38
-29
-39
-31
-25
-21
-12
-1
6
3
-8
-25
-41
-44
-49
-49
-37
-31
-12
-16
-13
-18
-20
-7
-7
-13
-16
-19
-28
-46
-70
-78
-78
-70
-68
-66
-69
-71
-60
-52
-45
-44
-58
-69
-70
-74
-81
-84
-79
-97
-104
-107
-93
-70
-78
-79
-78
-51
-49
-45
-30
-42
-28
-32
-43
-48
-60
-43
-27
-22
-14
-33
-45
-46
-53
-42
-22
0
4
7
-2
-5
-13
-9
-21
-41
-41
-49
-69
-72
-73
-73
-48
-31
-28
-34
-32
-7
0
4
3
-17
-18
0
-1
-8
-13
-7
-7
-24
-37
-15
-2
3
13
14
33
41
37
32
24
29
30
12
-27
-54
-57
-49
-49
-42
-34
-10
-6
-17
-23
-16
-2
4
10
7
14
14
14
13
23
18
-5
-29
-47
-57
-64
-44
-25
2
21
56
71
80
94
92
89
85
81
54
-5
-79
-146
-208
-300
-434
-576
-746
-909
-1073
-1320
-1626
-1947
-2330
-2799
-3265
-3719
-4231
-4746
-5055
-4988
-4503
-3647
-2551
-1387
-311
615
1310
1849
2269
2547
2707
2760
2637
2331
1969
1660
1458
1357
1280
1240
1246
1258
1217
1195
1176
1181
1183
1181
1173
1119
1037
985
931
874
834
809
773
697
575
436
318
237
178
130
112
112
104
90
96
90
76
70
77
99
147
163
175
180
180
155
102
48
7
-11
0
-13
-35
-22
8
53
91
136
169
185
170
152
135
136
147
135
132
123
121
105
90
78
63
62
75
77
73
73
77
85
95
103
98
93
82
61
43
47
61
67
34
2
-3
-17
-33
-51
-61
-62
-53
-41
-36
-30
-34
-31
-14
-20
-26
-24
-40
-42
-45
-28
-22
-16
-22
-35
-48
-61
-59
-41
-44
-30
-25
-3
11
19
21
45
51
49
38
31
26
29
21
1
-10
-19
-18
-19
-6
14
19
8
19
24
21
36
75
77
74
77
85
94
86
74
68
81
106
125
127
124
128
121
85
60
45
23
21
-8
-43
-54
-51
-53
-61
-57
-42
-44
-39
-32
-29
-20
-10
-11
-20
-41
-55
-66
-76
-86
-95
-118
-131
-134
-133
-124
-134
-130
-119
-114
-98
-70
-50
-41
-30
-13
-2
20
42
51
55
61
63
48
47
48
39
39
15
-8
-32
-41
-33
-42
-46
-53
-62
-55
-41
-23
-28
-24
-9
-15
-26
-24
-10
1
21
50
66
105
142
161
176
194
229
257
255
248
264
289
294
281
256
219
202
189
167
153
144
142
155
180
212
215
220
211
186
146
99
50
-15
-73
-140
-195
-245
-303
-358
-450
-571
-714
-851
-974
-1042
-1068
-1039
-1022
-985
-888
-717
-540
-352
-165
-13
153
372
611
893
1164
1419
1699
2027
2363
2617
2789
2894
2944
2884
2733
2492
2134
1629
1137
771
530
282
6
-295
-581
-840
-1057
-1205
-1203
-1111
-982
-857
-640
-334
-55
210
457
619
643
547
451
318
157
16
-79
-106
-131
-152
-117
-67
-23
-4
25
80
138
132
75
-1
-83
-141
-218
-335
-419
-435
-426
-452
-504
-527
-517
-486
-447
-405
-332
-281
-247
-286
-330
-354
-304
-109
41
74
31
-143
-341
-420
-495
-536
-474
-395
-403
-446
-536
-595
-576
-533
-439
-318
-230
-160
-95
-24
37
48
48
42
37
51
40
3
-18
-26
-46
-65
-62
-71
-104
-131
-150
-145
-155
-146
-150
-140
-126
-113
-88
-76
-68
-44
-27
-15
0
21
30
38
39
29
45
42
43
43
47
53
52
56
72
63
43
19
7
8
10
11
10
5
1
6
21
23
14
13
10
14
15
10
-2
-9
4
12
0
1
5
10
4
9
8
14
27
22
21
23
39
49
35
24
19
8
4
2
14
19
24
2
-22
-8
7
31
39
36
28
27
32
19
16
20
8
6
-7
-3
-6
-16
-7
-1
13
28
20
25
16
15
24
13
18
10
0
2
4
13
3
3
4
5
-2
4
17
23
22
32
35
23
15
24
30
33
30
9
-5
0
12
38
31
24
23
33
38
41
39
36
33
31
38
38
33
37
44
29
43
49
38
16
7
5
3
10
9
16
29
32
33
42
53
57
57
64
57
46
42
34
20
11
-13
-14
-26
-16
-5
-2
4
5
10
24
34
33
19
33
49
54
47
38
40
42
31
24
14
7
5
5
2
4
21
31
41
36
37
45
37
40
32
25
23
28
23
16
19
30
19
25
33
36
39
43
40
28
38
59
58
52
37
22
28
18
14
15
23
27
26
43
50
77
82
84
81
73
76
63
67
66
53
25
25
32
29
28
29
29
38
58
73
86
87
91
85
102
105
96
87
83
89
81
56
49
56
64
57
35
31
22
40
64
72
73
54
60
60
51
48
37
28
22
17
21
11
5
8
6
17
26
33
43
50
27
30
49
50
28
20
15
21
29
16
14
17
27
32
41
24
29
51
55
54
40
31
40
19
19
33
30
34
36
47
47
60
52
34
43
63
65
49
44
33
25
26
22
22
26
20
25
37
36
25
11
15
21
15
20
2
-15
-25
-14
-11
-27
-37
-45
-42
-34
-49
-61
-50
-46
-56
-54
-45
-59
-64
-65
-59
-51
-57
-65
-75
-83
-93
-101
-114
-119
-103
-77
-62
-48
-48
-54
-54
-66
-69
-66
-58
-38
-30
-33
-41
-54
-78
-83
-84
-78
-79
-62
-33
-15
-20
-17
0
14
28
41
44
47
37
26
26
22
-4
-27
-27
-31
-48
-56
-62
-64
-71
-74
-65
-53
-61
-81
-80
-68
-59
-53
-41
-47
-62
-70
-80
-80
-85
-83
-84
-104
-121
-109
-112
-103
-95
-81
-63
-62
-62
-51
-41
-65
-83
-80
-82
-91
-107
-103
-109
-107
-103
-94
-87
-98
-105
-102
-95
-66
-56
-65
-69
-77
-72
-69
-75
-72
-68
-67
-73
-72
-75
-86
-91
-98
-84
-58
-43
-32
-36
-34
-30
-47
-40
-40
-45
-38
-32
-41
-55
-58
-54
-66
-67
-63
-49
-30
-31
-43
-34
-30
-30
-27
-41
-65
-74
-79
-67
-73
-72
-58
-57
-55
-38
-29
-23
-28
-22
-33
-36
-35
-33
-32
-40
-44
-26
-18
-28
-39
-39
-28
-40
-36
-34
-32
-36
-40
-33
-26
-13
-4
-14
-23
-17
-30
-27
-37
-49
-43
-33
-26
-24
0
8
-8
-28
-19
2
-11
-2
1
9
26
19
4
17
30
18
10
8
5
14
28
15
23
26
20
2
-5
0
3
-8
6
11
27
18
9
18
31
29
23
15
-11
-19
-23
-23
-2
17
19
14
0
1
-3
-6
9
20
27
6
10
16
15
11
12
7
5
-7
-30
-55
-48
-44
-44
-14
5
7
26
50
63
70
72
69
67
73
76
83
83
89
86
76
69
59
60
44
33
37
47
65
56
51
43
33
57
79
72
58
63
69
61
64
64
43
31
33
39
52
48
43
48
67
86
86
81
69
63
81
81
79
72
70
69
74
94
103
100
92
104
122
142
168
166
155
148
118
91
86
72
63
55
54
53
41
31
45
65
77
79
72
86
97
74
63
47
20
6
9
-9
12
45
61
60
56
45
59
65
64
62
67
59
57
73
65
45
48
46
55
61
50
24
28
44
51
40
55
71
69
69
70
77
72
65
62
54
34
12
-9
-19
-25
-24
-16
-20
-36
-46
-45
-59
-60
-58
-39
-20
-26
-32
-41
-47
-45
-41
-23
-28
-45
-54
-81
-87
-74
-79
-82
-69
-61
-58
-41
-22
-6
-8
-23
-27
-24
-28
-33
-37
-49
-51
-62
-59
-69
-82
-71
-51
-50
-50
-25
-6
-5
3
7
3
-11
-14
-26
-45
-39
-43
-41
-49
-63
-64
-84
-76
-63
-59
-51
-57
-43
-22
-33
-52
-60
-41
-38
-55
-71
-90
-86
-95
-88
-82
-70
-59
-59
-65
-59
-60
-61
-71
-82
-71
-66
-75
-83
-75
-77
-71
-65
-81
-81
-77
-59
-39
-39
-50
-53
-50
-42
-33
-21
-23
-33
-37
-42
-42
-39
-15
-17
-22
-13
-22
-22
-25
-18
-9
0
-9
-27
-25
-21
-18
-1
-10
-16
-8
-26
-38
-53
-47
-40
-49
-50
-57
-53
-41
-31
-18
-18
-27
-41
-54
-54
-53
-64
-78
-84
-70
-72
-74
-82
-90
-86
-65
-60
-75
-72
-63
-60
-53
-59
-63
-54
-60
-70
-70
-70
-70
-59
-38
-49
-55
-49
-61
-60
-57
-41
-30
-36
-26
-6
-14
-34
-42
-43
-52
-45
-52
-64
-59
-65
-50
-33
-31
-18
-24
-13
-13
-17
-42
-43
-27
-33
-44
-57
-51
-49
-48
-43
-42
-31
-31
-16
-5
-6
-17
-19
-16
-24
-10
-2
12
36
57
62
65
74
84
86
85
94
89
97
132
165
191
229
268
313
365
423
448
462
452
436
437
448
456
460
466
472
461
456
448
424
399
371
343
310
300
295
267
241
210
180
160
134
126
113
71
32
15
-8
-42
-74
-104
-142
-184
-230
-274
-315
-387
-487
-619
-753
-928
-1104
-1273
-1447
-1649
-1885
-2102
-2280
-2441
-2542
-2594
-2629
-2625
-2583
-2487
-2373
-2248
-2172
-2129
-2059
-2024
-2074
-2128
-2194
-2283
-2409
-2593
-2850
-3193
-3577
-3994
-4424
-4806
-5152
-5450
-5685
-5916
-5984
-5774
-5408
-4711
-3305
-1298
1313
4693
7290
8023
7435
6655
6547
6467
6105
5454
4632
3842
3153
2531
1959
1463
1032
637
333
121
-22
-93
-72
13
39
28
1
-50
-144
-244
-323
-254
31
479
1095
1937
2942
4066
5121
5957
6534
6830
6919
6828
6518
6014
5386
4719
4019
3243
2391
1598
936
383
-64
-436
-753
-1055
-1329
-1506
-1556
-1554
-1539
-1526
-1534
-1527
-1532
-1534
-1525
-1521
-1544
-1576
-1601
-1639
-1621
-1579
-1516
-1449
-1375
-1338
-1306
-1254
-1185
-1130
-1056
-972
-857
-767
-701
-620
-529
-444
-349
-234
-118
-23
63
160
252
329
379
423
447
470
514
546
604
650
688
739
798
844
864
872
854
832
804
776
767
751
760
812
900
955
1018
1074
1125
1116
1083
1006
924
769
592
536
543
519
397
164
-182
-616
-1083
-1543
-1984
-2374
-2721
-3031
-3249
-3386
-3383
-3220
-2981
-2739
-2485
-2218
-1966
-1729
-1478
-1206
-932
-710
-534
-377
-277
-183
-70
68
182
268
336
397
449
459
463
507
555
603
639
640
612
535
447
356
311
282
262
263
247
216
175
152
137
107
93
60
42
33
25
14
-16
-45
-87
-138
-172
-216
-242
-249
-254
-264
-242
-205
-185
-150
-98
-31
20
50
83
117
128
151
181
190
190
207
211
213
212
192
173
160
137
126
114
89
75
67
52
28
6
-7
-24
-40
-54
-55
-41
-29
-17
-26
-23
4
17
20
25
38
56
72
76
83
86
84
83
91
96
93
103
96
98
92
87
83
101
107
119
139
159
171
165
152
149
150
131
124
114
100
97
95
91
88
100
100
111
121
133
140
140
146
148
142
137
119
112
90
69
75
85
84
58
50
40
39
59
79
78
81
92
105
104
93
82
53
59
62
64
70
73
71
72
70
76
84
95
95
91
97
106
111
94
85
91
96
108
113
106
80
78
94
82
84
109
120
133
147
141
124
117
111
101
100
72
62
72
67
72
66
66
41
40
49
40
54
51
49
52
49
32
23
34
40
17
9
11
3
9
10
-7
-22
-20
-3
5
11
12
7
11
17
6
4
2
-3
-27
-39
-51
-59
-67
-64
-66
-65
-54
-55
-31
-15
-13
-10
-11
-21
-27
-36
-48
-54
-62
-76
-68
-64
-57
-48
-48
-40
-50
-49
-42
-25
-32
-36
-28
-23
-31
-47
-64
-65
-62
-95
-104
-103
-110
-108
-114
-124
-131
-130
-119
-132
-140
-143
-134
-126
-136
-149
-163
-154
-153
-164
-168
-167
-167
-169
-155
-158
-177
-181
-178
-188
-205
-198
-172
-159
-144
-121
-128
-142
-152
-154
-146
-149
-162
-172
-179
-182
-165
-159
-147
-138
-127
-114
-68
-36
-33
-27
-18
-13
-20
-17
-14
-8
-9
-15
1
-1
-16
-5
11
24
59
78
91
101
105
114
122
118
117
135
144
136
130
132
125
120
129
140
151
171
191
215
216
215
217
232
248
246
241
237
233
230
224
219
217
186
162
158
169
184
177
182
172
178
183
187
190
171
173
184
185
161
144
147
141
139
132
127
124
134
124
123
130
142
142
137
141
124
120
132
145
144
144
131
105
84
72
73
78
82
101
106
98
88
83
93
97
82
92
90
87
75
68
62
47
35
27
21
18
27
34
30
23
31
46
49
42
27
16
15
16
17
19
28
17
2
-10
-18
-30
-20
-17
-20
-9
-4
14
20
6
6
20
23
8
-6
-8
-19
-24
-33
-37
-46
-55
-29
-30
-30
-26
-22
-19
-20
-19
-3
20
37
40
35
25
11
-5
-21
-37
-50
-49
-51
-59
-61
-40
-17
-10
-17
-12
9
18
23
29
41
40
19
33
36
31
31
30
30
24
33
41
58
72
67
78
90
104
129
158
172
172
185
194
200
204
216
207
192
197
208
206
229
248
271
300
329
355
382
406
434
433
444
446
461
491
496
506
527
523
507
518
541
564
597
617
628
635
635
632
618
604
605
596
557
494
438
373
317
277
227
187
153
119
118
100
62
11
-51
-120
-214
-312
-441
-561
-705
-805
-832
-885
-913
-896
-900
-901
-898
-926
-960
-992
-1053
-1187
-1357
-1561
-1835
-2093
-2301
-2411
-2475
-2535
-2564
-2534
-2525
-2575
-2636
-2674
-2658
-2645
-2681
-2746
-2865
-2993
-3131
-3307
-3530
-3820
-4219
-4694
-5234
-5837
-6462
-7084
-7732
-8391
-9029
-9578
-9953
-10114
-9482
-7143
-2634
2450
5716
7302
8525
9627
10561
11325
11990
12461
12653
12669
12546
12262
11792
11200
10633
10070
9404
8609
7742
6877
5999
5112
4276
3493
2826
2275
1841
1458
1035
596
206
-164
-551
-923
-1225
-1456
-1626
-1737
-1834
-1939
-2029
-2120
-2201
-2251
-2267
-2243
-2169
-2098
-2029
-1963
-1904
-1819
-1743
-1664
-1596
-1529
-1447
-1354
-1244
-1148
-1056
-971
-894
-813
-722
-658
-596
-529
-459
-385
-310
-248
-198
-148
-110
-74
-31
-22
-23
-19
-8
1
-15
-32
-52
-66
-75
-78
-79
-73
-73
-74
-87
-82
-98
-113
-115
-130
-134
-150
-170
-178
-183
-199
-221
-214
-211
-225
-234
-256
-264
-267
-269
-281
-296
-318
-335
-342
-342
-357
-359
-379
-388
-375
-367
-349
-340
-335
-299
-285
-283
-271
-250
-233
-202
-159
-145
-129
-109
-101
-81
-60
-43
-19
6
20
22
28
24
14
17
37
60
64
51
45
47
45
43
28
43
40
39
41
51
61
47
55
70
65
37
15
16
31
36
28
26
36
29
40
42
28
32
30
45
46
25
10
19
26
16
15
30
42
48
49
70
69
43
40
46
69
73
69
80
79
74
68
78
90
93
92
97
122
127
109
108
109
126
140
133
131
129
122
123
110
117
135
129
128
131
137
141
145
150
149
145
123
121
109
97
99
103
99
90
79
81
82
77
76
82
90
105
122
94
76
84
88
90
79
73
65
76
83
85
97
104
98
85
89
97
100
112
104
114
124
104
99
106
104
123
124
110
99
109
128
116
98
106
107
118
131
132
121
124
131
134
143
152
139
125
124
115
107
114
109
91
105
115
126
146
154
173
183
184
184
175
173
176
181
176
179
181
166
169
165
142
139
143
170
193
205
202
191
202
201
203
219
227
220
197
178
172
168
159
141
123
126
134
151
156
145
141
143
156
159
168
177
185
183
177
162
140
137
130
114
119
127
105
89
89
109
111
118
124
124
122
115
126
144
153
152
151
145
124
99
103
94
77
74
76
80
75
71
60
38
32
46
80
93
102
106
119
134
115
115
126
121
115
104
104
102
97
102
94
111
114
126
133
142
143
125
113
116
98
99
92
80
90
90
88
81
83
78
66
52
41
41
43
19
13
2
4
-9
-26
-49
-79
-96
-112
-124
-132
-145
-130
-134
-138
-135
-139
-140
-138
-138
-161
-180
-193
-200
-208
-206
-223
-228
-223
-213
-218
-224
-217
-219
-203
-194
-203
-207
-201
-195
-200
-199
-194
-208
-210
-208
-212
-216
-224
-206
-198
-178
-156
-143
-137
-136
-132
-131
-139
-125
-130
-138
-148
-166
-166
-162
-155
-143
-129
-110
-118
-132
-136
-124
-113
-118
-119
-115
-105
-114
-144
-153
-152
-147
-145
-155
-158
-158
-145
-137
-140
-147
-167
-155
-134
-125
-128
-121
-117
-131
-153
-168
-177
-162
-166
-169
-161
-156
-140
-131
-136
-134
-142
-141
-123
-107
-105
-119
-116
-116
-110
-111
-110
-102
-106
-97
-86
-74
-73
-76
-60
-53
-38
-42
-44
-32
-32
-31
-41
-55
-58
-61
-66
-70
-85
-80
-73
-81
-81
-55
-41
-29
-24
-21
-10
5
-4
-12
-18
-27
-36
-54
-46
-53
-62
-64
-52
-51
-61
-46
-35
-20
-7
-3
-5
2
0
-14
-6
9
26
28
21
3
-5
0
-3
-13
-16
-7
-8
5
14
13
38
44
41
41
49
41
28
35
15
-7
-3
1
2
-5
10
21
20
36
55
54
38
33
29
37
33
45
31
27
7
9
20
38
25
25
24
25
18
3
8
24
30
32
33
37
42
51
54
48
26
20
26
41
35
33
16
7
23
26
21
15
36
52
48
44
41
29
41
22
7
23
37
50
49
37
39
35
40
42
42
49
67
67
56
44
39
21
10
7
16
28
32
33
30
38
50
45
43
37
55
72
67
48
30
27
15
3
-5
-21
-17
-10
3
13
13
19
23
42
51
49
48
66
69
44
27
19
2
-6
-9
-5
6
17
15
5
2
11
23
27
26
17
18
17
14
-3
19
17
9
8
-3
-17
-8
-3
-4
0
-14
-7
8
29
43
40
36
43
40
27
31
28
28
13
-2
7
3
11
-3
-10
11
15
11
20
28
37
54
72
76
70
36
21
30
26
8
-5
9
21
16
20
22
6
5
11
23
28
27
45
50
58
51
54
50
39
35
24
21
20
15
-9
-9
-1
2
2
15
31
36
32
35
35
29
7
-12
-14
-16
-19
-23
-30
-24
-26
-36
-45
-50
-45
-35
-31
-19
-28
-23
-20
-21
-10
-9
-7
-7
-20
-34
-37
-38
-39
-54
-55
-40
-25
-2
6
7
3
11
27
9
11
13
6
3
-4
-13
-33
-40
-47
-46
-48
-59
-50
-48
-32
-30
-17
-8
-13
-18
-6
-9
-17
-4
1
-13
-39
-44
-52
-55
-60
-69
-77
-69
-47
-43
-37
-39
-55
-36
-19
-16
-17
-26
-27
-51
-51
-44
-57
-55
-85
-102
-96
-81
-76
-77
-81
-72
-60
-45
-38
-36
-35
-27
-16
-9
-18
-30
-59
-60
-47
-41
-38
-20
-21
-13
5
24
41
32
25
21
34
33
8
-24
-36
-51
-41
-29
-38
-44
-45
-33
-17
-6
14
16
32
45
58
89
125
119
115
129
139
141
143
137
139
168
197
244
313
386
465
529
594
639
663
685
716
749
787
836
909
1028
1148
1235
1322
1387
1384
1339
1268
1139
878
586
405
320
240
39
-353
-902
-1571
-2286
-2977
-3554
-4039
-4537
-4990
-5298
-5347
-4976
-4419
-3846
-3263
-2679
-2075
-1554
-1127
-670
-186
198
460
687
857
954
1033
1169
1296
1380
1438
1493
1476
1412
1392
1402
1365
1312
1282
1256
1204
1059
900
770
669
613
564
539
516
479
416
354
304
239
189
168
148
148
133
97
70
15
-57
-119
-176
-214
-225
-221
-214
-210
-197
-137
-60
16
74
104
128
139
143
156
172
195
211
203
209
200
188
172
154
140
120
122
130
119
110
89
81
69
57
27
7
6
-5
-7
-15
-32
-34
-40
-48
-41
-39
-39
-56
-64
-59
-44
-44
-48
-41
-31
-35
-32
-24
-18
-32
-57
-59
-50
-50
-64
-87
-75
-51
-39
-35
-27
-28
-24
-3
-2
19
38
19
26
12
-4
-12
-21
-33
-56
-65
-63
-72
-66
-88
-86
-78
-83
-56
-37
-32
-35
-26
-31
-31
-26
-26
-18
-26
-29
-21
-26
-35
-50
-54
-35
-25
-6
-5
-4
3
11
21
-1
-6
13
41
99
189
270
357
438
507
550
591
620
609
584
551
517
480
442
435
412
413
465
551
650
753
871
996
1101
1200
1255
1255
1213
1151
1065
954
854
744
633
517
402
291
204
134
68
15
-16
-52
-79
-87
-95
-113
-131
-130
-116
-96
-81
-73
-60
-51
-54
-54
-53
-60
-68
-72
-90
-98
-78
-79
-85
-80
-85
-71
-68
-68
-56
-43
-15
-13
9
14
13
20
12
10
4
8
11
1
-21
-39
-34
-23
-24
-36
-42
-27
-19
-18
-12
10
22
17
11
23
37
62
72
56
61
78
92
117
143
176
178
189
207
222
230
249
264
263
264
239
218
194
169
149
134
136
149
127
112
121
121
118
94
67
41
15
-23
-72
-113
-179
-245
-298
-347
-380
-431
-479
-549
-680
-829
-970
-1058
-1114
-1138
-1122
-1081
-1034
-984
-845
-641
-440
-271
-129
9
204
421
655
909
1171
1453
1733
2075
2379
2612
2752
2803
2765
2632
2449
2167
1742
1278
886
587
321
45
-232
-511
-776
-1018
-1181
-1200
-1077
-914
-767
-559
-251
11
237
456
614
650
587
493
398
265
125
33
-20
-52
-99
-73
23
122
190
223
242
247
207
159
129
70
6
-72
-149
-142
-95
-64
-62
-78
-81
-95
-116
-121
-73
-28
3
-14
-57
-112
-148
-32
159
241
220
76
-187
-359
-434
-540
-616
-660
-699
-755
-801
-833
-831
-771
-689
-579
-469
-375
-267
-173
-102
-60
-19
-6
-8
-6
-19
-62
-82
-100
-121
-132
-144
-145
-141
-150
-145
-150
-145
-134
-118
-119
-105
-83
-90
-55
-22
-14
-7
19
46
62
57
52
40
49
51
58
69
90
98
77
52
36
28
17
0
-5
8
5
-8
-33
-23
-7
-4
2
19
20
23
17
-1
-5
-16
-19
-7
-10
-14
-14
-11
0
2
1
4
3
13
23
27
19
23
32
12
0
-2
-9
-9
3
11
10
6
3
-3
16
44
53
63
30
6
1
12
17
17
2
-13
-8
-5
-18
-26
-26
-1
12
6
3
6
5
8
10
4
2
6
-6
-3
-4
-15
-23
-12
1
3
12
11
19
37
34
38
23
20
21
22
12
23
24
24
12
-14
-1
16
22
32
50
64
70
85
90
68
69
59
37
35
34
36
30
31
35
38
37
48
56
60
71
83
84
75
55
39
30
28
9
12
34
27
14
31
50
63
74
67
60
78
75
62
62
51
42
49
54
42
41
34
41
37
39
51
68
69
71
70
61
55
56
46
33
27
7
18
22
20
8
5
13
27
50
58
62
77
83
90
84
75
70
67
63
67
58
32
11
19
36
45
45
42
61
73
91
107
111
94
81
87
84
88
84
61
47
51
52
53
38
53
54
62
72
84
103
99
105
106
101
112
118
113
119
108
87
59
60
60
62
70
75
83
98
109
121
116
114
118
119
104
104
100
76
66
64
59
74
67
58
44
38
47
41
44
49
64
79
85
82
70
45
51
52
60
59
43
46
45
44
27
9
19
26
48
44
51
64
64
62
61
62
65
55
50
43
32
23
27
9
-3
1
-7
-19
-17
-4
6
22
34
44
35
30
10
3
-2
-10
-23
-20
-19
-37
-49
-44
-38
-27
-10
-9
-11
-4
2
6
13
0
-29
-31
-31
-49
-54
-75
-78
-77
-72
-76
-56
-31
-26
-23
-5
12
11
-9
-14
-17
-30
-34
-51
-67
-71
-58
-57
-69
-73
-77
-94
-73
-60
-53
-43
-42
-61
-67
-58
-53
-41
-57
-74
-75
-82
-100
-108
-110
-96
-81
-83
-101
-108
-108
-102
-99
-102
-97
-95
-113
-116
-114
-124
-139
-166
-175
-172
-173
-180
-192
-195
-184
-181
-178
-173
-156
-150
-152
-172
-178
-178
-175
-176
-174
-169
-180
-191
-184
-169
-170
-152
-146
-146
-127
-112
-106
-119
-132
-136
-121
-116
-109
-110
-119
-110
-109
-123
-112
-107
-107
-104
-98
-109
-114
-101
-93
-90
-82
-92
-103
-105
-119
-124
-129
-136
-140
-135
-144
-142
-126
-117
-107
-82
-74
-74
-82
-75
-73
-76
-62
-75
-94
-87
-71
-66
-72
-88
-101
-116
-97
-82
-76
-57
-46
-34
-46
-38
-30
-30
-12
-17
-39
-56
-78
-87
-82
-76
-79
-72
-49
-50
-58
-47
-31
-20
-11
-18
-32
-29
-39
-43
-57
-56
-49
-51
-62
-77
-75
-84
-68
-37
-16
-12
-8
-6
0
-5
-5
4
-4
-5
-3
-15
-32
-51
-38
-16
-13
-11
-21
-20
-17
1
30
19
23
20
7
3
-15
-12
-1
-4
-24
-37
-36
-41
-47
-41
-35
-24
4
7
4
9
10
5
8
23
37
46
27
9
-10
-16
-18
-29
-23
-23
-20
-8
2
27
33
27
27
16
4
-8
-1
3
-2
-6
-3
4
-6
-20
-23
-28
-28
-19
6
25
29
31
34
40
47
49
46
40
20
0
-7
-3
0
4
11
10
22
20
16
10
14
37
50
55
51
43
27
34
43
21
14
30
28
4
-2
4
10
21
19
28
36
50
59
50
58
61
58
46
49
41
40
50
45
38
27
13
14
26
32
43
53
50
51
47
48
56
59
71
66
54
36
29
26
22
23
28
21
40
45
40
38
37
56
67
74
62
61
62
48
47
54
27
27
20
11
-6
-15
2
9
16
31
42
56
56
59
67
82
82
72
84
68
68
70
63
58
46
50
39
9
-7
-8
24
45
48
55
52
33
25
37
57
65
67
57
43
43
34
35
30
38
37
33
38
24
21
17
10
15
14
37
71
63
79
72
57
64
75
70
58
46
44
38
46
47
40
38
47
42
22
37
45
37
47
61
74
64
56
53
42
41
51
51
38
36
36
32
37
56
69
76
69
72
74
84
103
93
83
69
58
54
50
60
70
77
78
78
79
78
90
108
102
104
95
84
77
75
86
80
57
35
22
23
32
44
42
33
46
47
43
46
75
99
90
86
82
69
53
42
42
40
47
39
24
7
-4
-1
9
18
19
16
12
17
30
37
29
17
4
7
9
-3
-9
-1
4
10
-1
-4
-13
-10
-10
-12
8
15
7
1
1
0
-21
-33
-29
-41
-46
-41
-40
-42
-23
-13
-22
-29
-28
-26
-19
-4
-2
-18
-23
-16
-37
-45
-57
-60
-81
-87
-86
-76
-59
-57
-76
-63
-47
-21
-22
-31
-24
-20
-27
-44
-57
-41
-60
-87
-87
-77
-65
-56
-57
-67
-58
-50
-54
-58
-55
-42
-19
-7
-13
-19
-38
-50
-61
-58
-69
-65
-59
-57
-44
-43
-25
-16
-26
-20
-22
-21
-16
3
1
-17
-34
-48
-34
-36
-38
-36
-28
-1
9
19
27
20
32
47
40
18
10
7
2
-9
-7
-12
-2
-11
-13
13
13
15
20
28
37
40
37
43
46
38
27
17
13
13
15
7
4
4
6
23
34
29
26
33
47
42
33
14
11
6
-8
-25
-23
-29
-34
-44
-49
-49
-43
-22
-18
-19
-5
3
8
12
4
4
8
15
18
7
-7
-15
-23
-16
-23
-17
3
-9
4
14
17
18
19
15
14
11
-6
-4
-7
-26
-26
-23
-18
0
-7
-21
-32
-32
-43
-29
-16
-22
-41
-47
-53
-53
-42
-37
-51
-55
-58
-58
-55
-72
-86
-76
-67
-61
-63
-70
-58
-47
-36
-40
-43
-47
-68
-85
-85
-77
-73
-69
-54
-61
-65
-44
-16
2
26
31
27
27
31
24
16
6
5
3
-28
-53
-80
-91
-84
-90
-88
-73
-72
-60
-61
-48
-37
-23
-4
8
17
8
16
21
10
-16
-42
-70
-85
-101
-102
-67
-39
-14
23
55
75
101
112
103
90
81
70
37
-18
-83
-147
-192
-293
-427
-578
-741
-928
-1131
-1391
-1690
-1970
-2311
-2725
-3126
-3561
-4103
-4691
-5116
-5200
-4922
-4293
-3428
-2515
-1590
-687
