0
1
7
31
49
55
64
78
76
93
91
77
82
78
61
53
55
42
35
26
41
56
31
19
10
19
33
26
33
50
52
59
92
99
86
84
108
97
95
93
94
105
97
108
108
113
110
84
86
79
82
99
114
124
105
106
111
106
105
109
92
96
96
107
113
105
99
95
89
84
80
103
122
116
110
115
107
110
119
102
93
106
122
126
126
119
111
104
105
112
109
109
124
123
130
144
126
127
112
103
120
118
110
100
95
117
124
128
112
110
111
117
119
112
125
128
135
135
124
114
114
122
134
119
104
98
86
88
95
117
126
123
124
129
149
169
182
185
176
161
164
164
146
141
131
112
109
102
102
97
95
109
117
121
131
133
153
169
161
141
135
135
137
128
141
135
130
99
84
101
108
120
131
142
150
134
122
116
127
139
147
133
105
98
99
103
105
95
89
88
88
79
61
78
88
82
79
84
95
118
113
97
91
93
87
92
97
82
78
80
84
89
90
100
99
108
114
115
117
114
118
102
101
112
87
93
95
99
93
67
56
74
85
85
77
90
101
109
114
114
108
90
78
74
74
67
54
40
29
27
12
-8
-11
-8
4
4
3
4
2
10
13
4
-9
-26
-36
-38
-40
-57
-63
-67
-80
-86
-107
-113
-97
-97
-89
-90
-88
-81
-76
-62
-60
-73
-61
-64
-77
-77
-87
-94
-96
-99
-88
-78
-61
-49
-47
-48
-37
-34
-43
-47
-45
-50
-56
-58
-77
-91
-96
-89
-102
-93
-108
-89
-73
-68
-63
-57
-68
-92
-103
-113
-123
-127
-133
-125
-122
-134
-132
-142
-148
-165
-176
-176
-154
-144
-139
-138
-123
-129
-135
-154
-186
-199
-182
-184
-190
-194
-206
-221
-214
-203
-204
-177
-162
-160
-169
-179
-197
-211
-188
-191
-197
-190
-188
-191
-191
-186
-194
-207
-203
-190
-175
-159
-142
-123
-122
-126
-134
-133
-125
-141
-141
-140
-145
-153
-141
-124
-115
-107
-104
-106
-88
-70
-62
-61
-50
-36
-27
-22
-38
-51
-56
-67
-77
-78
-71
-58
-60
-49
-39
-38
-41
-35
-29
-31
-45
-43
-34
-26
-31
-33
-60
-79
-66
-63
-59
-79
-88
-71
-66
-53
-42
-51
-42
-14
5
-3
-5
10
-8
-14
-34
-63
-61
-63
-54
-48
-40
-18
3
22
4
-1
23
25
21
6
7
2
-12
-19
-26
-41
-34
-26
-11
-18
-22
-16
-28
-30
-27
5
24
36
37
19
15
6
-12
-22
-36
-40
-35
-36
-46
-57
-58
-62
-65
-48
-28
-8
-2
5
0
4
29
20
32
24
-4
-14
-7
-9
-25
-21
-23
-45
-40
-44
-47
-32
-21
-12
-15
0
12
-4
-7
-2
-1
-7
-15
-25
-46
-55
-65
-74
-64
-64
-38
-28
-37
-23
-31
-17
-4
1
6
-5
-11
-17
-26
-26
-33
-33
-31
-34
-22
-21
-29
-33
-27
-2
8
34
51
46
36
50
70
90
110
103
83
57
18
-17
-51
-68
-52
-36
-6
25
69
83
86
86
63
47
43
44
41
19
17
19
11
16
13
3
5
18
28
37
36
40
58
55
41
38
30
27
17
10
13
12
7
8
25
48
70
87
86
84
80
57
48
30
33
37
35
40
39
35
36
38
41
46
57
61
51
48
38
34
25
9
11
20
22
20
33
54
66
71
66
63
63
61
58
49
44
30
21
19
4
8
14
13
31
37
43
42
25
24
30
33
42
48
48
54
42
26
23
18
0
6
26
20
21
34
61
65
47
40
35
56
60
59
64
58
62
47
57
59
49
43
29
40
42
44
49
49
59
67
58
50
59
61
53
57
55
55
61
59
58
50
37
30
15
8
12
6
2
21
47
59
48
53
70
86
77
73
76
58
60
74
54
41
36
20
-14
-27
-16
-32
-26
-37
-27
-13
1
16
14
20
11
-9
9
7
-7
-11
2
5
-6
-11
-24
-35
-34
-18
-2
6
8
4
3
-5
-21
-12
7
6
-10
-31
-62
-83
-80
-80
-80
-64
-64
-74
-90
-96
-88
-95
-95
-86
-86
-89
-96
-87
-72
-60
-61
-77
-90
-99
-133
-124
-125
-129
-131
-125
-105
-100
-79
-61
-54
-34
-21
-23
-16
-11
-8
-2
-8
-12
-18
-27
-35
-35
-33
-26
-8
-15
-20
-28
-12
-5
7
9
10
8
2
-5
-17
-36
-49
-62
-52
-39
-40
-40
-42
-47
-35
-35
-16
-17
-18
-11
-8
9
-7
-24
-28
-39
-47
-54
-46
-51
-51
-55
-50
-40
-22
-33
-25
-6
9
18
25
31
25
25
4
-14
-32
-53
-66
-51
-15
-7
-35
-43
-34
-10
3
8
6
10
17
19
36
52
22
9
0
-11
-11
-22
-12
-17
-11
-3
4
9
2
11
6
-2
4
-16
-32
-23
-22
-15
-12
-17
-22
-24
-22
-38
-51
-40
-34
-26
-17
-25
-34
-26
-15
-12
-5
-25
-30
-14
-17
-13
-33
-37
-40
-51
-51
-50
-58
-65
-67
-61
-47
-24
-3
7
18
3
5
3
8
19
29
30
12
3
0
-12
-15
-27
-12
6
5
7
-5
-7
-12
-7
5
11
20
20
27
38
27
-1
-15
-24
-20
-34
-36
-35
-31
-40
-38
-22
1
10
17
12
6
4
18
21
8
-1
-12
-7
-3
-2
12
19
29
23
15
31
20
22
21
27
31
31
18
-4
-31
-43
-47
-38
-41
-26
-2
7
15
7
13
28
20
4
-8
-17
-10
-6
-10
-31
-38
-33
-28
-2
-14
-26
-21
-11
-18
-1
14
11
14
27
24
16
11
17
2
-17
-11
-27
-38
-28
-34
-23
-6
-1
14
17
32
8
3
-1
-1
-3
7
20
5
5
16
22
41
36
56
80
69
72
58
52
59
46
45
38
30
31
4
-14
-21
-2
7
-10
-13
2
27
60
83
94
89
106
122
148
170
176
185
203
223
212
191
169
160
167
186
226
287
346
425
494
558
621
635
677
712
748
774
794
831
895
1023
1178
1313
1474
1659
1837
1960
1994
2002
1888
1625
1425
1380
1380
1268
972
425
-365
-1353
-2435
-3504
-4529
-5576
-6606
-7497
-8091
-8141
-7530
-6693
-5883
-5060
-4131
-3177
-2382
-1658
-871
-142
409
849
1188
1376
1534
1766
1997
2157
2223
2259
2224
2106
2068
2071
2022
1954
1847
1743
1631
1455
1203
966
775
650
551
491
435
419
406
399
362
301
242
198
144
124
122
114
108
77
25
-51
-130
-207
-286
-322
-322
-333
-357
-340
-284
-212
-135
-87
-44
1
22
31
37
61
86
93
102
109
110
118
124
115
103
99
84
74
87
75
65
47
39
30
28
17
-10
-28
-29
-67
-75
-98
-107
-108
-111
-97
-94
-91
-109
-118
-99
-88
-84
-77
-75
-64
-77
-83
-80
-78
-76
-71
-75
-79
-65
-59
-62
-65
-75
-68
-69
-67
-56
-57
-58
-50
-57
-67
-67
-55
-43
-52
-49
-47
-45
-48
-47
-45
-49
-54
-55
-48
-44
-71
-122
-188
-219
-254
-331
-369
-416
-449
-411
-324
-215
-77
90
274
488
694
838
922
930
876
800
682
561
429
313
196
96
6
-94
-174
-224
-253
-252
-249
-240
-224
-206
-197
-181
-147
-135
-144
-130
-115
-83
-75
-72
-87
-101
-88
-88
-85
-84
-76
-53
-55
-68
-74
-79
-87
-99
-99
-61
-38
-21
-22
-20
-9
-7
14
17
15
17
19
26
8
12
14
12
1
-14
-10
-12
-18
-22
-40
-51
-47
-14
21
39
62
64
72
87
95
113
141
181
218
245
276
298
354
380
407
431
452
476
475
463
432
385
360
337
313
299
295
297
267
229
198
168
161
151
131
78
3
-76
-153
-195
-239
-265
-271
-296
-353
-449
-585
-766
-944
-1075
-1176
-1213
-1218
-1224
-1236
-1235
-1161
-1038
-925
-784
-641
-467
-210
110
437
864
1425
1994
2733
3617
4419
5135
5767
6310
6630
6609
6238
5589
4736
3861
3196
2691
2024
1232
512
-144
-802
-1405
-1696
-1670
-1546
-1570
-1634
-1446
-1080
-760
-509
-313
-206
-268
-411
-553
-710
-913
-1119
-1238
-1269
-1303
-1382
-1441
-1371
-1241
-1111
-942
-700
-414
-185
-56
26
105
167
178
127
55
-18
-98
-178
-235
-257
-259
-280
-344
-350
-333
-321
-358
-349
-260
-76
214
464
637
687
640
604
633
375
-164
-693
-1128
-1390
-1533
-1625
-1646
-1606
-1550
-1412
-1204
-1061
-1001
-932
-867
-818
-778
-743
-707
-663
-617
-580
-539
-503
-469
-431
-398
-366
-349
-333
-321
-311
-290
-275
-270
-249
-217
-203
-189
-163
-133
-119
-81
-68
-47
-24
-7
15
37
52
56
64
81
75
63
67
69
77
61
42
32
24
21
21
19
30
36
42
24
30
33
24
35
29
33
48
60
72
68
72
77
93
105
105
103
86
61
40
30
36
49
45
49
55
51
52
67
64
72
96
89
86
75
72
55
30
2
0
16
26
10
13
0
-4
-1
5
11
7
7
10
17
15
15
21
29
41
61
55
46
42
23
17
3
-8
-5
21
26
6
8
21
20
25
29
29
48
66
63
61
46
25
16
10
27
22
8
9
10
20
22
2
12
23
46
55
68
89
84
75
71
53
55
53
58
59
31
25
18
16
27
36
49
58
53
45
50
57
58
68
72
79
84
61
49
42
33
31
34
34
40
46
36
23
33
42
59
68
67
68
73
70
75
59
46
42
37
36
50
68
53
58
53
37
51
79
105
113
118
119
95
100
103
107
114
109
86
69
80
88
100
104
106
100
87
101
104
110
121
114
100
107
118
133
132
121
104
81
83
71
76
78
92
98
101
99
96
95
98
104
107
103
102
107
102
111
104
103
94
85
88
79
73
64
61
66
71
95
135
138
140
131
127
121
121
129
118
111
101
95
87
93
98
90
89
101
100
95
90
92
91
86
102
110
110
105
81
79
70
62
70
71
49
41
52
59
60
71
84
92
100
105
104
104
110
102
96
94
71
65
59
54
60
51
56
55
69
84
68
73
65
62
75
85
82
81
74
62
66
73
54
32
26
21
28
13
10
18
5
-9
-11
-2
-2
-6
-4
10
32
27
31
30
22
22
20
21
22
0
-2
-13
-17
-36
-46
-47
-51
-38
-37
-31
-20
-22
-23
-18
-10
3
4
20
30
36
35
9
8
6
2
-6
-4
-1
-3
5
-6
-30
-35
-37
-26
-26
-29
-28
-36
-22
-31
-50
-46
-22
-21
-31
-40
-45
-52
-69
-75
-89
-107
-103
-101
-100
-110
-124
-130
-141
-158
-150
-163
-173
-156
-134
-119
-125
-130
-128
-139
-133
-117
-111
-114
-118
-126
-135
-155
-163
-173
-167
-169
-158
-143
-134
-133
-137
-134
-122
-104
-90
-96
-100
-109
-113
-119
-143
-163
-173
-174
-174
-193
-199
-203
-204
-219
-230
-239
-238
-231
-216
-204
-188
-167
-158
-178
-176
-156
-151
-135
-152
-172
-170
-177
-171
-169
-184
-200
-197
-187
-190
-184
-175
-162
-151
-169
-156
-148
-139
-119
-123
-125
-126
-142
-151
-150
-129
-124
-140
-144
-154
-155
-155
-160
-162
-156
-133
-130
-133
-114
-103
-94
-85
-85
-83
-77
-81
-101
-116
-106
-108
-116
-108
-90
-77
-90
-78
-82
-73
-71
-89
-81
-65
-63
-60
-55
-69
-87
-98
-91
-69
-60
-69
-55
-31
-14
-6
-13
-18
-27
-42
-39
-47
-42
-41
-32
-37
-39
-32
-17
0
7
9
9
-3
0
5
4
13
10
7
17
32
14
-4
-15
-27
-25
-3
-12
-4
13
26
34
40
34
19
25
22
16
11
6
-2
-10
-18
-23
-36
-44
-41
-32
-19
-11
15
25
31
19
12
24
27
24
19
15
-6
-17
1
7
-9
-6
-5
-6
0
18
15
4
10
13
11
7
-10
-13
-10
-14
-22
-24
-12
-23
-45
-58
-56
-56
-53
-42
-30
-27
-16
-22
-13
-18
-20
-16
-10
-2
-17
-24
-28
-32
-36
-36
-34
-16
-2
-8
-28
-16
11
24
33
48
68
85
90
69
27
-9
-42
-56
-34
-26
-6
41
62
91
101
92
82
64
48
33
25
16
15
20
18
6
5
-7
-18
-21
-18
-20
1
24
41
67
70
66
55
53
43
33
31
27
36
38
24
39
38
36
30
22
17
20
39
63
75
71
58
65
68
75
75
58
53
45
46
47
51
48
53
53
47
44
53
56
64
75
66
67
69
79
84
79
76
63
47
37
28
36
38
33
15
24
38
31
50
63
74
77
66
70
73
78
83
58
54
41
39
28
23
25
37
51
66
62
71
82
87
86
75
72
66
59
53
45
30
37
44
58
62
52
50
60
68
66
61
56
44
48
57
56
60
75
61
47
45
47
51
59
77
69
70
74
66
52
47
38
33
29
24
21
18
19
8
28
40
33
23
23
27
21
14
4
-22
-41
-57
-60
-54
-44
-36
-54
-49
-39
-28
-21
-29
-13
16
34
34
23
28
25
18
15
14
14
7
2
2
-13
-21
-29
-18
-14
-31
-32
-28
-16
-25
-22
-5
-2
0
-8
-11
-14
-27
-37
-52
-68
-66
-77
-67
-72
-64
-41
-40
-33
-10
-18
-26
-13
-13
-20
-20
-5
-1
-9
-20
-27
-33
-34
-31
-33
-29
-22
-25
-30
-30
-6
-4
-4
-15
-26
-29
-34
-38
-44
-55
-60
-76
-65
-58
-54
-67
-61
-34
-39
-42
-33
-23
-7
-10
-24
-21
-22
-34
-53
-47
-44
-56
-61
-72
-77
-64
-40
-38
-47
-43
-49
-60
-52
-45
-41
-33
-27
-39
-53
-45
-36
-43
-52
-50
-29
-22
-27
-17
-8
16
-6
-22
-34
-45
-41
-27
-22
-20
-12
-9
-13
-11
-19
-18
-27
-20
-7
-20
-35
-37
-48
-41
-26
-21
-6
2
15
-6
-10
0
-18
2
21
25
18
12
11
16
6
3
-2
-3
-13
-5
-2
3
-4
-8
9
14
4
7
12
-1
-2
0
-11
-27
-23
-10
-9
-5
0
-8
-3
17
4
-1
15
14
16
8
2
3
19
6
-11
-16
-17
-23
-26
-26
-7
17
27
39
31
19
20
19
10
-14
-24
-24
-8
6
-6
-9
-8
-14
-13
-24
-17
0
4
-4
-14
-17
-43
-48
-35
-29
-29
-28
-33
-51
-56
-46
-39
-30
-16
-11
-16
-38
-47
-49
-30
-13
-31
-43
-75
-77
-72
-90
-96
-95
-84
-63
-42
-33
-33
-15
-2
-11
-20
-26
-14
-6
-21
-40
-50
-48
-51
-51
-50
-64
-64
-43
-38
-30
-29
-23
-17
-20
-21
-35
-26
-33
-12
2
-24
-22
-23
-19
-36
-29
-34
-28
-18
-17
-9
-1
-2
-12
-9
0
9
5
-5
-7
-12
-23
-19
-28
-51
-65
-61
-56
-52
-53
-47
-25
-3
12
2
3
-7
-24
-18
-37
-59
-62
-66
-61
-55
-65
-71
-74
-73
-78
-74
-58
-40
-49
-59
-51
-45
-28
-30
-42
-40
-29
-14
-23
-37
-33
-27
-16
5
14
14
19
17
25
26
24
5
3
-16
-21
-14
-14
-23
-27
-12
11
18
29
44
63
76
91
92
81
109
121
124
148
160
184
210
218
215
190
188
200
219
244
294
350
401
462
523
573
618
648
678
709
739
771
811
874
982
1110
1239
1387
1549
1698
1801
1881
1926
1930
1795
1697
1803
1991
2180
2275
2193
1871
1236
335
-812
-2118
-3454
-4736
-5836
-6630
-7066
-7005
-6618
-6121
-5589
-4918
-4110
-3374
-2696
-2018
-1362
-810
-374
-23
210
370
577
832
1060
1193
1274
1313
1295
1296
1293
1276
1221
1182
1158
1130
1042
877
712
554
419
357
314
302
297
298
294
272
229
178
161
168
158
173
186
157
128
80
14
-68
-147
-208
-267
-285
-308
-312
-304
-287
-256
-219
-191
-173
-166
-132
-115
-86
-51
-26
1
13
32
51
57
52
57
75
81
79
66
73
78
58
70
66
53
42
12
-1
-14
-28
-39
-67
-81
-64
-65
-85
-97
-86
-99
-104
-92
-97
-81
-75
-71
-50
-38
-51
-54
-40
-25
-34
-20
-33
-56
-61
-65
-65
-66
-46
-30
-23
-30
-33
-17
4
6
15
2
6
1
3
-4
-16
-17
-15
-16
-23
-18
-8
7
15
13
1
-17
-26
-66
-146
-216
-287
-358
-451
-544
-622
-714
-801
-810
-770
-650
-423
-92
302
688
1041
1293
1468
1520
1459
1341
1156
937
718
481
268
74
-47
-130
-186
-222
-251
-247
-240
-242
-223
-204
-184
-163
-135
-104
-91
-80
-61
-44
-45
-39
-41
-49
-63
-71
-79
-66
-51
-48
-35
-32
-32
-32
-31
-23
-7
-3
-10
-3
11
30
45
55
51
73
82
83
95
104
114
113
121
113
120
129
112
87
56
44
31
34
39
52
77
80
84
110
135
156
193
241
290
341
386
420
447
462
468
468
472
461
418
350
286
201
127
68
16
-42
-98
-156
-240
-349
-466
-564
-627
-707
-824
-968
-1096
-1195
-1293
-1399
-1474
-1529
-1574
-1651
-1772
-1942
-2230
-2550
-2869
-3155
-3405
-3570
-3640
-3739
-3874
-3951
-3962
-4011
-4112
-4193
-4212
-4129
-4059
-4058
-4031
-3827
-3449
-2948
-2052
-951
154
1288
2538
3988
5427
6530
7367
8223
9048
9539
9360
8788
8068
7123
6128
4757
3221
2009
1202
719
252
-514
-1520
-2030
-2227
-2620
-3248
-3960
-4449
-4531
-3949
-2877
-1963
-1528
-1392
-1261
-1031
-724
-357
115
641
1207
1858
2775
3942
5290
6513
7238
7491
7415
7186
6948
6744
6476
6104
5641
5059
4349
3537
2677
1766
817
-177
-1165
-1920
-2370
-2534
-2530
-2451
-2375
-2339
-2279
-2235
-2229
-2193
-2092
-2025
-2022
-2203
-2536
-2775
-2843
-2777
-2645
-2496
-2351
-2229
-2102
-1971
-1842
-1727
-1628
-1520
-1429
-1323
-1180
-1069
-956
-871
-774
-655
-540
-434
-333
-238
-178
-150
-111
-72
-53
-53
-43
-49
-50
-62
-85
-112
-127
-131
-147
-164
-181
-196
-213
-223
-228
-217
-214
-223
-223
-212
-216
-192
-174
-150
-135
-126
-96
-91
-74
-62
-36
-27
-21
-4
-18
-14
-2
-5
-8
-30
-37
-18
-22
-26
-40
-48
-41
-42
-49
-49
-45
-48
-45
-42
-49
-40
-24
-21
-19
-30
-40
-35
-29
-36
-39
-35
-35
-33
-19
-5
-9
-22
-7
6
31
40
23
13
8
0
-5
-6
-9
-18
-17
-11
-19
-15
-9
-10
14
29
28
22
2
-14
-20
-15
-10
-9
-19
-21
-17
-28
-25
-28
-39
-39
-22
-2
15
10
18
21
25
24
18
6
10
16
15
3
-10
-19
-23
-32
-42
-39
-27
-23
-13
-7
-17
-27
-15
-6
15
34
30
35
26
7
-7
-11
-26
-38
-48
-58
-57
-38
-28
-16
-16
-19
3
0
3
-5
-3
3
6
11
0
-14
-9
-7
-24
-36
-39
-41
-38
-29
-19
-17
-23
-37
-27
-9
0
-6
-10
-11
-5
-14
-43
-58
-67
-76
-85
-92
-84
-84
-89
-94
-98
-88
-72
-61
-47
-54
-55
-60
-51
-48
-52
-51
-58
-65
-76
-87
-89
-106
-116
-114
-118
-105
-108
-104
-92
-88
-77
-67
-64
-80
-75
-86
-78
-88
-111
-127
-146
-148
-131
-141
-151
-161
-155
-161
-151
-138
-123
-111
-109
-124
-122
-128
-136
-112
-105
-104
-121
-129
-131
-151
-155
-153
-160
-154
-138
-121
-127
-130
-127
-143
-141
-130
-145
-153
-144
-134
-141
-146
-133
-135
-134
-130
-134
-119
-115
-127
-133
-141
-145
-148
-150
-143
-134
-130
-141
-156
-165
-147
-137
-138
-139
-126
-122
-120
-116
-121
-142
-154
-164
-149
-144
-146
-151
-154
-133
-126
-134
-139
-150
-140
-123
-123
-130
-138
-126
-134
-137
-132
-135
-146
-143
-143
-142
-143
-138
-141
-143
-138
-141
-134
-130
-126
-117
-122
-117
-112
-108
-112
-113
-109
-114
-118
-118
-113
-102
-115
-105
-96
-97
-88
-78
-56
-25
-22
-30
-26
-3
11
29
36
63
93
90
94
99
106
98
85
89
90
102
127
131
133
125
119
129
139
156
169
168
174
177
183
184
189
191
186
194
202
195
188
181
175
170
163
165
163
185
198
214
217
214
214
219
237
236
223
209
195
198
204
214
208
188
179
172
189
205
223
224
221
226
225
234
254
252
255
243
244
246
254
258
255
248
243
229
236
238
230
236
236
244
253
264
260
259
254
253
249
238
231
227
220
216
218
207
206
200
201
207
213
207
205
203
199
202
216
208
212
220
213
195
174
168
163
156
154
166
175
183
200
198
183
181
178
200
198
187
183
162
141
112
101
105
120
120
124
115
111
102
113
118
138
143
146
148
135
125
111
98
103
93
84
80
69
74
79
94
98
85
83
91
86
85
82
69
51
49
64
60
46
31
16
8
15
33
28
15
8
17
28
35
41
32
29
20
12
27
37
15
-4
-16
-20
-23
-20
-29
-23
-10
-5
9
5
7
-2
-17
-15
-12
16
31
3
-31
-27
-17
-24
-57
-64
-54
-29
-24
-22
-11
-15
13
24
33
23
13
-8
-27
-18
-15
-21
-29
-42
-51
-54
-59
-56
-48
-22
-21
-16
-6
-18
1
18
8
5
-6
-23
-48
-48
-49
-59
-59
-61
-48
-28
-19
-28
-22
-15
-20
-28
-22
-26
-32
-30
-37
-30
-35
-50
-63
-60
-70
-82
-83
-73
-47
-49
-52
-44
-43
-55
-68
-92
-110
-113
-133
-148
-145
-122
-106
-110
-91
-86
-94
-102
-92
-89
-77
-68
-75
-70
-75
-75
-68
-66
-73
-82
-97
-102
-113
-106
-105
-124
-118
-98
-68
-78
-100
-113
-106
-86
-49
-36
-43
-49
-62
-70
-67
-73
-100
-125
-152
-162
-152
-145
-161
-181
-181
-191
-187
-192
-171
-146
-143
-118
-93
-75
-62
-49
-44
-46
-45
-55
-52
-39
-50
-63
-66
-62
-39
-23
-30
-27
-17
-5
-28
-39
-33
-53
-64
-75
-90
-96
-94
-81
-81
-71
-68
-83
-71
-71
-83
-79
-78
-84
-90
-68
-77
-89
-89
-88
-87
-85
-83
-74
-71
-65
-60
-47
-20
-7
11
23
28
17
16
17
4
1
-1
1
4
22
24
22
24
35
40
48
64
65
58
37
21
16
20
23
24
38
23
19
23
13
6
20
27
17
11
26
44
46
40
44
56
53
60
36
14
10
0
7
8
-14
-15
-14
-21
-29
-20
-2
-4
10
17
21
27
43
50
39
35
35
37
45
52
53
30
31
37
17
12
13
10
25
49
55
51
67
84
90
95
91
86
90
89
79
63
64
59
64
74
76
76
74
74
67
75
89
83
69
73
84
95
82
46
14
10
25
28
25
23
27
42
62
59
65
71
74
69
51
32
21
26
30
16
0
-1
6
3
14
33
29
31
34
47
65
62
59
50
58
54
46
45
40
27
19
31
35
20
0
4
14
33
47
41
47
59
73
85
86
86
78
68
57
40
34
32
32
41
53
69
70
83
99
101
107
119
105
96
99
100
96
89
83
73
80
85
87
102
103
108
107
98
111
109
109
117
106
102
102
112
109
109
91
80
99
88
95
102
124
126
135
142
124
108
102
106
104
114
118
109
116
125
150
173
186
183
184
203
220
222
226
237
245
240
260
264
279
283
280
305
316
327
314
315
355
383
440
509
589
645
675
713
745
770
799
809
810
796
773
759
754
758
752
732
698
660
642
618
570
523
482
435
392
364
342
310
259
206
162
132
124
117
81
50
8
-18
-34
-67
-130
-208
-268
-331
-396
-485
-602
-735
-883
-1042
-1238
-1478
-1657
-1767
-1825
-1843
-1777
-1664
-1617
-1621
-1670
-1824
-2118
-2499
-2876
-3203
-3485
-3760
-3971
-4002
-3861
-3561
-3182
-2727
-2241
-1743
-1196
-553
152
878
1678
2630
3615
4501
5214
5513
5406
5073
4202
2742
816
-1768
-5121
-8104
-9229
-8777
-8447
-8879
-9369
-9585
-9645
-9425
-8451
-7200
-5937
-4855
-4387
-4971
-6238
-7517
-8242
-8390
-8057
-7227
-5594
-2875
833
5446
11660
19390
26262
30926
34057
36523
38627
41385
44653
43807
39463
33486
26699
20172
14563
9896
5914
2488
-379
-2406
-3555
-4692
-5932
-7027
-7938
-8588
-9111
-9631
-10176
-10716
-11242
-11529
-11577
-11425
-11160
-10974
-10941
-10944
-10897
-10787
-10608
-10362
-10075
-9769
-9363
-8889
-8360
-7746
-7127
-6547
-5969
-5399
-4847
-4344
-3865
-3408
-2968
-2550
-2187
-1861
-1574
-1325
-1104
-914
-731
-582
-445
-314
-221
-151
-101
-56
-20
-19
-16
-23
-44
-52
-42
-43
-35
-13
9
24
56
93
112
133
147
175
205
223
253
304
377
439
498
540
570
590
564
495
425
374
302
219
183
159
134
110
36
-33
-119
-219
-315
-443
-583
-711
-829
-922
-1000
-1081
-1161
-1179
-1151
-1120
-1107
-1091
-1061
-1003
-961
-913
-862
-798
-734
-681
-645
-569
-465
-362
-292
-230
-180
-146
-123
-100
-93
-103
-77
-45
-16
-7
-18
-40
-80
-119
-124
-114
-110
-108
-92
-63
-37
-52
-74
-71
-24
20
62
79
82
88
87
79
42
27
13
-13
-28
-34
-22
-27
-36
-48
-44
-40
-48
-46
-32
-12
2
11
3
-2
6
21
14
33
38
30
16
5
1
-4
-14
-15
5
25
31
62
80
94
108
116
142
151
144
142
132
123
106
93
86
59
51
44
34
14
11
23
22
30
27
9
11
19
19
13
22
34
26
29
28
1
-23
-39
-56
-57
-61
-72
-93
-96
-91
-94
-103
-124
-134
-140
-143
-139
-129
-122
-131
-133
-125
-139
-149
-145
-155
-180
-188
-183
-195
-191
-208
-218
-244
-274
-296
-334
-357
-355
-372
-379
-389
-395
-397
-402
-396
-401
-403
-414
-436
-447
-458
-470
-467
-454
-451
-460
-453
-462
-491
-499
-504
-514
-523
-542
-562
-581
-593
-597
-606
-634
-657
-654
-641
-641
-654
-638
-623
-639
-631
-623
-634
-638
-644
-652
-660
-675
-688
-702
-716
-739
-737
-734
-733
-729
-716
-707
-697
-683
-683
-676
-684
-685
-694
-699
-711
-718
-723
-732
-725
-725
-733
-729
-725
-707
-701
-699
-704
-702
-686
-681
-687
-686
-677
-668
-676
-666
-671
-673
-670
-669
-658
-653
-638
-621
-622
-618
-605
-591
-572
-562
-545
-534
-522
-523
-514
-486
-485
-469
-447
-444
-436
-427
-432
-435
-413
-393
-392
-376
-382
-374
-354
-352
-344
-329
-317
-310
-320
-308
-292
-276
-258
-243
-223
-206
-200
-187
-170
-157
-152
-146
-132
-136
-148
-144
-132
-112
-112
-101
-88
-90
-83
-61
-57
-59
-40
-19
9
26
33
48
69
83
81
80
95
101
124
143
137
155
176
186
195
217
230
232
249
266
280
299
325
338
341
377
411
419
443
470
491
521
549
576
609
633
638
652
676
692
718
749
777
790
798
820
834
842
866
875
889
921
943
946
949
967
979
998
1014
1025
1026
1021
1023
1028
1043
1059
1046
1061
1074
1087
1089
1085
1084
1079
1066
1066
1085
1094
1093
1083
1091
1103
1110
1108
1102
1108
1102
1096
1100
1087
1057
1033
1033
1033
1029
1021
1003
1010
1020
1014
996
999
1006
991
972
957
949
944
937
932
912
892
882
870
848
835
826
817
803
798
767
739
717
716
719
699
692
684
681
663
666
672
650
643
652
649
651
632
615
614
594
582
570
565
548
531
527
512
494
481
470
461
442
425
413
414
423
421
424
424
415
402
389
380
367
365
365
359
344
319
310
306
281
272
258
247
238
218
211
209
203
186
171
186
177
179
175
167
165
158
146
150
168
163
139
127
124
120
133
138
137
123
118
110
100
113
128
120
104
100
111
102
99
86
76
76
70
82
106
147
163
161
149
148
153
142
139
152
179
207
207
217
230
241
258
264
264
271
280
299
279
268
296
340
376
391
418
461
498
528
547
588
632
658
682
669
632
610
592
580
557
539
526
506
491
487
497
520
560
573
568
564
568
582
592
558
477
383
267
162
61
-27
-99
-155
-232
-305
-360
-423
-500
-610
-776
-1016
-1254
-1450
-1578
-1532
-1251
-797
-246
199
279
12
-490
-1087
-1688
-2220
-2779
-3346
-3845
-4206
-4312
-4236
-4216
-4228
-4278
-4305
-4273
-4127
-3859
-3525
-3159
-2834
-2561
-2291
-2022
-1733
-1433
-1082
-635
-165
325
872
1502
2191
2915
3685
4530
5426
6240
7194
8531
10003
11296
12342
12823
12903
12422
10621
6917
2364
-1350
-4269
-7423
-10400
-10767
-5929
3111
13333
22641
30043
34988
36998
36283
33942
30640
26531
21607
16321
11381
6881
2587
-1170
-3953
-5832
-6971
-7400
-7368
-7311
-7707
-8505
-9317
-9956
-10479
-11122
-11935
-12681
-13236
-13647
-13971
-14182
-14223
-14087
-13821
-13304
-12560
-11710
-10846
-10022
-9239
-8489
-7806
-7163
-6534
-5920
-5345
-4793
-4301
-3878
-3490
-3114
-2782
-2487
-2212
-1965
-1752
-1568
-1400
-1260
-1120
-983
-873
-758
-655
-580
-500
-438
-391
-358
-319
-288
-265
-228
-207
-211
-225
-228
-232
-239
-235
-236
-254
-269
-294
-339
-370
-394
-430
-461
-467
-470
-477
-493
-503
-497
-482
-474
-494
-497
-489
-476
-461
-450
-437
-408
-381
-354
-332
-313
-298
-290
-278
-248
-228
-202
-187
-167
-165
-153
-145
-141
-126
-115
-117
-105
-104
-101
-113
-98
-77
-54
-28
-29
-31
-22
-15
-10
1
14
35
58
74
57
44
67
100
102
87
81
62
69
70
63
58
51
53
57
67
72
43
48
63
57
44
47
46
47
34
13
6
10
15
7
9
7
8
13
29
53
49
53
70
72
70
66
64
48
22
21
21
32
41
16
4
12
10
10
14
9
-11
-18
-22
-20
-16
-34
-52
-57
-59
-81
-109
-127
-127
-129
-131
-127
-114
-102
-109
-138
-144
-145
-142
-140
-140
-148
-152
-147
-125
-111
-94
-81
-94
-98
-109
-114
-113
-103
-87
-71
-54
-57
-63
-58
-57
-45
-50
-53
-78
-104
-110
-100
-87
-88
-95
-93
-91
-76
-76
-86
-65
-67
-72
-75
-93
-111
-122
-114
-110
-122
-121
-128
-155
-161
-149
-136
-139
-144
-132
-125
-117
-109
-113
-100
-91
-94
-107
-107
-127
-135
-145
-134
-111
-126
-125
-141
-138
-124
-127
-127
-132
-135
-134
-135
-141
-153
-141
-153
-159
-156
-148
-139
-132
-151
-169
-165
-159
-160
-152
-159
-178
-179
-174
-172
-171
-174
-183
-193
-187
-185
-200
-198
-189
-188
-203
-200
-177
-162
-164
-153
-155
-171
-179
-166
-161
-171
-172
-184
-194
-188
-188
-184
-184
-171
-162
-155
-159
-157
-155
-153
-149
-136
-133
-149
-167
-165
-177
-183
-185
-174
-174
-173
-166
-168
-177
-162
-155
-155
-149
-151
-150
-157
-146
-142
-135
-128
-141
-142
-128
-128
-140
-140
-130
-120
-131
-140
-136
-146
-142
-139
-138
-117
-102
-113
-113
-107
-109
-108
-109
-132
-142
-159
-176
-173
-170
-174
-186
-183
-190
-196
-194
-201
-197
-194
-202
-218
-209
-191
-171
-176
-187
-186
-201
-205
-205
-203
-213
-201
-187
-184
-184
-177
-152
-132
-124
-113
-109
-94
-91
-77
-62
-44
-24
-11
2
26
42
66
92
111
115
139
161
192
215
229
252
267
285
303
324
346
365
366
373
376
382
386
406
437
452
452
439
439
441
459
449
438
455
462
472
473
474
478
502
526
531
522
515
512
513
504
500
504
486
488
478
452
455
466
459
448
447
441
427
415
411
423
414
405
395
379
370
356
356
351
334
318
313
295
281
258
255
261
248
228
218
209
200
198
211
216
236
242
244
240
224
213
207
211
211
197
193
182
159
150
134
126
121
133
123
113
120
115
113
129
149
144
140
146
136
147
158
126
123
119
117
120
120
151
146
142
146
140
134
133
132
127
132
134
121
109
102
95
95
100
100
109
120
127
131
128
122
112
111
93
79
62
46
37
28
24
4
-11
-5
-9
-19
-27
-24
-19
-15
8
11
23
38
45
38
36
37
30
16
15
3
-7
-8
-10
-2
-2
4
-2
4
19
27
32
11
5
16
23
31
8
-5
-17
-26
-33
-27
-38
-49
-49
-27
-26
-23
-11
-4
14
5
7
14
16
14
6
-7
-16
-20
-12
-16
-24
-22
-22
-30
-44
-22
-2
2
9
10
9
-10
-27
-36
-54
-41
-25
-26
-26
-31
-36
-46
-57
-64
-40
-34
-28
-19
-15
-20
-14
-12
1
-15
-22
-18
-18
-19
-24
-35
-32
-22
-32
-44
-48
-47
-30
-7
0
-23
-18
9
20
11
-3
-7
-2
-4
-19
-26
-31
-26
-28
-30
-27
-24
-16
-4
12
15
9
18
25
22
17
9
10
1
-10
-24
-36
-26
-27
-5
6
3
12
24
27
32
44
51
43
20
21
18
28
28
18
9
-13
-5
3
4
6
4
18
18
18
37
42
49
58
67
52
32
38
47
41
34
25
6
-1
1
17
33
45
57
58
57
44
37
49
67
48
41
37
32
32
19
19
30
35
31
30
40
47
53
67
69
59
57
49
32
20
16
12
-4
6
15
32
40
59
71
67
77
80
73
68
65
65
69
82
74
64
65
64
66
47
45
42
33
41
48
67
80
87
83
77
82
83
67
59
28
18
2
-7
1
-4
14
32
33
28
26
40
47
62
74
67
59
50
35
21
27
33
23
21
29
40
41
50
50
53
54
78
98
88
82
73
66
58
53
42
36
30
31
27
8
9
4
5
16
15
30
57
63
75
79
85
75
56
58
57
49
17
-11
-20
-16
-21
-18
-28
-36
-32
-29
-13
10
20
15
20
8
19
34
30
26
31
25
20
3
-3
1
18
14
23
32
30
43
74
67
59
71
103
99
82
72
62
53
46
38
37
39
21
-5
-8
-12
4
15
35
51
63
78
76
68
76
83
90
99
104
131
157
173
184
166
168
163
168
171
182
210
231
266
309
343
378
395
407
414
435
461
469
508
562
630
705
773
832
878
886
842
766
696
608
511
466
483
515
530
528
481
386
262
137
-50
-303
-523
-729
-939
-1151
-1382
-1527
-1572
-1592
-1592
-1590
-1575
-1503
-1389
-1287
-1202
-1115
-1026
-973
-934
-862
-728
-575
-446
-348
-274
-192
-111
-58
-24
-7
29
62
114
145
129
105
90
98
127
155
185
217
251
282
276
262
237
240
260
276
282
283
277
253
230
201
153
123
102
69
66
63
49
39
46
79
80
78
71
56
46
41
37
41
39
44
64
80
77
67
64
59
51
43
33
16
21
29
17
15
19
15
25
18
9
14
6
6
6
0
2
25
27
6
2
-4
10
19
7
8
9
22
18
-1
-2
-16
-14
-12
-3
10
-5
8
4
16
28
20
34
46
44
63
75
69
54
37
23
8
7
-3
-10
-11
-7
4
18
28
29
33
33
40
30
22
31
21
1
-24
-46
-43
-29
-28
-32
-25
-18
-11
-13
-6
-25
-22
-3
9
18
14
5
3
-8
-15
-25
-20
-16
-22
-35
-48
-87
-178
-250
-323
-394
-421
-424
-458
-509
-563
-617
-664
-699
-744
-831
-926
-997
-1081
-1221
-1405
-1601
-1786
-1951
-2092
-2144
-2039
-1799
-1234
-398
695
1756
2357
2544
2358
1971
1528
1062
596
191
-77
-238
-335
-401
-453
-471
-449
-426
-401
-365
-319
-284
-253
-201
-173
-134
-101
-82
-81
-74
-66
-74
-71
-63
-83
-104
-110
-121
-116
-108
-107
-107
-103
-96
-98
-80
-65
-50
-28
-5
1
13
35
38
37
55
54
66
87
90
87
78
76
65
50
42
34
24
2
-2
8
21
27
22
42
47
61
95
119
142
184
224
262
299
339
378
411
438
442
429
419
406
378
324
268
188
146
94
23
-24
-77
-116
-162
-242
-317
-383
-447
-524
-640
-777
-919
-1033
-1125
-1225
-1306
-1386
-1466
-1552
-1629
-1761
-1997
-2269
-2546
-2823
-3079
-3265
-3380
-3501
-3645
-3763
-3841
-3905
-4039
-4152
-4224
-4240
-4233
-4283
-4327
-4241
-3970
-3611
-2983
-1975
-942
98
1198
2441
3839
5056
6011
6925
7911
8833
9226
8875
8272
7597
6792
5780
4339
2952
1871
1182
749
251
-616
-1457
-1822
-2203
-2843
-3580
-4165
-4422
-4114
-3080
-1868
-1116
-870
-798
-672
-382
-80
320
965
1639
2357
3379
4779
6350
7782
8755
9083
8952
8556
8155
7727
7093
6388
5668
4851
3867
2812
1749
696
-355
-1395
-2277
-2872
-3152
-3199
-3132
-2996
-2912
-2861
-2778
-2703
-2621
-2468
-2346
-2262
-2227
-2302
-2402
-2446
-2376
-2238
-2092
-1952
-1808
-1687
-1574
-1451
-1382
-1376
-1374
-1340
-1296
-1238
-1149
-1054
-943
-828
-698
-570
-454
-337
-264
-211
-148
-103
-59
-18
21
49
49
44
36
-5
-14
-25
-41
-74
-103
-118
-132
-167
-213
-227
-231
-254
-255
-260
-265
-259
-264
-246
-235
-193
-168
-149
-116
-72
-37
-18
8
46
78
91
96
105
125
114
110
99
111
130
119
116
93
57
25
11
-3
-27
-40
-53
-77
-96
-108
-104
-102
-106
-100
-93
-68
-53
-45
-50
-62
-40
-29
-11
3
21
49
52
37
35
31
43
59
78
75
67
51
28
35
34
29
35
43
40
42
24
17
21
39
51
56
68
65
64
68
75
67
39
35
36
40
48
57
68
62
66
71
79
92
94
112
112
113
120
125
124
111
108
108
97
90
78
73
71
64
63
62
56
69
67
65
56
59
56
59
61
45
33
19
13
16
3
-13
1
10
-10
-30
-41
-35
-30
-20
-36
-37
-29
-53
-48
-34
-24
-38
-38
-31
-28
-27
-10
14
27
24
39
26
18
37
54
62
68
69
56
49
45
38
48
55
65
81
98
118
117
122
138
145
154
161
171
187
192
193
189
170
155
152
155
156
149
149
147
140
140
153
144
144
163
178
164
141
138
141
144
116
88
85
103
99
93
72
72
76
66
81
84
89
87
76
78
89
80
71
60
53
55
55
75
64
59
65
76
63
62
77
73
73
94
113
111
99
74
49
57
52
47
42
37
36
35
34
32
17
30
54
60
73
79
80
82
72
86
80
53
29
23
28
15
26
30
31
29
38
44
43
63
70
89
99
94
89
89
106
102
100
93
96
77
72
84
101
96
98
106
99
103
113
135
145
147
152
154
150
165
179
179
160
142
129
116
105
94
110
121
122
134
143
173
171
150
149
143
151
138
112
97
92
93
92
82
67
55
70
71
95
98
104
117
120
126
114
116
117
91
97
92
76
69
58
75
86
90
78
71
72
90
105
112
103
96
91
107
117
143
146
141
121
108
119
133
136
125
100
80
84
93
86
82
110
110
111
123
119
136
149
139
151
155
154
147
133
124
114
112
81
52
61
78
73
54
49
53
47
54
55
56
58
70
70
55
76
92
76
62
47
27
12
4
18
15
17
28
24
22
9
5
14
19
7
-1
1
-10
-24
-19
-20
-18
-11
-12
-18
-36
-41
-47
-44
-30
-30
-14
-13
-20
-23
-26
-18
-21
1
8
8
-11
-25
-17
-22
-31
-21
-25
-16
-4
-6
1
8
23
31
33
40
47
50
49
33
16
11
12
-8
-5
-5
-19
-34
-29
-2
19
27
23
37
50
55
57
41
35
29
21
28
25
13
7
-1
-2
-9
-6
2
1
2
-2
-6
20
11
13
21
12
20
38
24
5
14
16
-16
-12
-11
-29
-45
-47
-35
-25
-19
-8
2
9
11
0
-1
8
2
-10
-22
-44
-57
-55
-54
-42
-36
-29
-35
-34
-28
-38
-30
-12
0
-12
-35
-50
-54
-62
-63
-64
-53
-38
-37
-26
-36
-23
-24
-31
-29
-33
-19
-26
-38
-36
-14
-1
-4
6
18
9
18
10
-19
-24
-34
-68
-87
-89
-78
-42
-9
32
60
71
69
61
32
22
1
-17
-12
-17
-24
-22
-19
-24
-35
-57
-63
-70
-76
-91
-84
-74
-56
-50
-58
-48
-57
-64
-73
-74
-80
-75
-55
-52
-52
-54
-67
-73
-81
-78
-61
-68
-80
-70
-69
-63
-60
-26
-22
-25
-14
-15
-15
-34
-46
-62
-63
-61
-78
-78
-70
-56
-63
-77
-67
-62
-47
-28
-32
-28
-21
-7
-10
-28
-23
-38
-62
-51
-50
-52
-52
-67
-67
-70
-57
-59
-38
-31
-37
-41
-52
-42
-49
-51
-39
-46
-52
-68
-83
-82
-81
-66
-59
-54
-58
-61
-41
-39
-27
-9
8
-3
-2
-9
-23
-26
-31
-23
-13
-21
-25
-34
-43
-52
-47
-51
-46
-40
-31
-7
3
12
33
48
31
22
2
-17
-22
-4
19
11
-24
-58
-65
-52
-56
-59
-48
-44
-36
-38
-30
-23
-29
-26
-19
-17
-9
-2
-15
-31
-32
-41
-50
-41
-21
-12
-18
-31
-20
-5
4
5
-3
-5
-11
-21
-19
-20
-24
-22
-31
-52
-51
-23
-23
-21
-8
1
9
10
7
-10
-7
-6
-15
-32
-40
-39
-39
-41
-50
-59
-54
-65
-69
-79
-69
-45
-33
-17
-16
-20
-17
-31
-46
-32
-29
-23
-37
-54
-64
-74
-73
-72
-70
-52
-34
-27
-28
-16
-3
3
22
18
-2
5
15
5
-7
6
1
-18
-31
-32
-39
-42
-33
-11
-3
2
-2
13
25
30
37
51
62
59
51
46
22
20
10
5
-3
-6
11
14
8
7
11
36
35
38
35
39
43
25
19
22
8
11
7
-1
-4
14
19
37
52
54
52
62
63
65
51
58
65
48
45
39
30
31
35
42
59
62
49
65
75
67
74
93
91
81
85
87
80
75
67
46
41
32
28
26
37
32
28
31
29
49
91
92
89
96
88
81
68
49
49
41
39
36
34
27
17
21
18
24
21
15
22
38
49
59
53
50
41
35
20
20
8
6
17
11
6
12
9
25
40
41
51
39
44
53
34
22
5
2
-1
18
-10
-25
-13
-5
1
-4
-22
-35
-39
-13
1
5
9
21
24
8
-3
-10
-30
-45
-57
-69
-69
-53
-47
-44
-37
-29
-33
-18
-15
-1
10
10
10
7
20
26
14
7
15
10
-1
-2
-19
-32
-34
-32
-17
-1
1
21
28
42
37
26
27
8
7
10
6
3
-6
-26
-45
-40
-38
-47
-39
-22
-4
6
24
31
29
30
38
29
29
24
25
30
23
9
-2
-4
-8
-6
-4
-8
-7
13
33
55
52
53
43
50
51
44
44
39
36
33
26
21
13
25
32
28
30
53
73
76
90
98
76
72
65
73
71
68
71
57
43
54
54
68
87
100
109
115
131
129
140
142
155
159
152
130
106
103
92
83
74
56
52
60
61
83
105
129
131
133
146
156
169
182
193
216
258
290
305
311
329
321
311
312
321
349
358
408
468
526
598
653
713
743
751
775
810
833
850
900
1006
1138
1315
1472
1639
1827
1966
2058
2097
2128
2100
1952
1863
1947
2146
2326
2454
2425
2166
1618
820
-216
-1419
-2681
-3939
-5129
