0
-73
-158
-253
-412
-585
-765
-960
-1200
-1450
-1697
-1922
-2066
-2138
-2146
-2070
-1889
-1604
-1345
-1129
-958
-806
-570
-174
364
902
1388
1825
2228
2583
2904
3200
3468
3709
3809
3741
3507
3136
2672
2198
1720
1235
811
447
178
-28
-212
-354
-424
-423
-428
-467
-443
-378
-302
-183
-23
74
64
54
-14
-116
-138
-141
-129
-101
-89
-103
-126
-168
-185
-180
-172
-158
-113
-45
9
50
64
65
92
124
140
156
167
163
145
112
65
18
-19
-45
-67
-91
-100
-116
-118
-142
-135
-118
-111
-98
-100
-92
-69
-50
-43
-51
-48
-33
-25
1
10
13
34
65
82
81
81
83
82
93
113
131
129
121
114
115
120
106
71
40
23
42
42
22
12
13
5
-11
-3
10
11
0
7
4
7
-12
-20
-7
11
5
-5
-5
2
34
29
21
43
31
38
37
29
29
31
43
57
61
67
44
40
35
44
74
74
45
27
20
15
28
26
27
39
47
62
78
89
93
112
120
123
135
140
124
105
107
97
77
55
32
31
38
26
29
35
35
44
68
79
84
79
67
59
57
36
-7
-11
-2
-11
-8
-14
-12
-17
-21
-37
-66
-82
-73
-73
-45
-23
-18
-16
-17
5
25
28
8
-15
-22
-34
-41
-32
-28
-30
-28
-38
-51
-55
-37
-29
-21
-6
-8
-14
-9
-18
-36
-33
-16
-15
-24
-31
-42
-40
-33
-21
-21
-19
-23
-23
-20
-26
-14
15
33
31
6
-5
-17
-27
-20
-8
4
31
47
45
42
60
80
79
82
93
112
109
98
86
89
84
66
64
69
81
82
71
74
66
62
38
20
42
42
30
28
9
24
13
-28
-73
-111
-138
-186
-259
-304
-338
-348
-369
-369
-360
-324
-264
-193
-76
77
211
277
325
413
521
622
700
733
764
797
838
888
894
855
797
724
633
550
464
352
216
102
1
-81
-161
-214
-273
-389
-541
-683
-787
-812
-782
-733
-683
-660
-624
-555
-447
-315
-204
-149
-62
33
103
150
189
243
268
278
332
407
472
528
558
563
527
472
378
312
260
195
96
-6
-76
-135
-158
-187
-248
-297
-342
-381
-402
-398
-379
-384
-410
-463
-514
-552
-586
-630
-662
-670
-675
-684
-681
-675
-636
-552
-412
-262
-159
-99
-37
6
45
59
49
44
67
135
182
215
236
249
259
250
248
232
202
186
148
134
127
112
95
66
53
37
-5
-34
-51
-71
-70
-55
-65
-85
-96
-94
-112
-145
-160
-146
-131
-118
-96
-84
-71
-70
-56
-30
-33
-43
-26
-13
-7
-21
-10
-12
-12
3
-1
-10
-31
-47
-47
-39
-22
-30
-41
-49
-31
-8
-9
-4
-10
-6
-3
-5
-6
-37
-48
-52
-50
-46
-57
-57
-42
-48
-33
-2
9
5
9
14
17
18
14
29
24
7
3
6
8
0
-3
-2
-2
-16
-20
-26
-17
-17
3
22
28
27
38
44
15
-5
-8
-20
-22
-38
-40
-38
-57
-67
-68
-48
-22
-10
-1
5
14
15
11
26
24
11
6
-5
-9
6
3
12
3
-8
-19
-44
-33
-31
-23
-8
5
11
19
24
23
26
36
42
30
-6
-16
-24
-44
-45
-36
-12
-6
-5
-8
-3
7
8
7
17
20
34
43
37
14
2
12
4
-8
-3
-22
-47
-41
-6
17
33
35
34
48
45
50
25
2
-10
4
12
13
9
8
-10
0
35
39
43
39
29
15
5
13
12
6
-12
-25
-12
-10
-19
-23
-17
10
27
17
11
29
37
37
32
29
38
33
34
38
43
31
1
4
13
-3
-14
-25
-32
-19
25
60
58
60
61
67
74
76
73
61
60
61
61
52
50
36
29
27
40
39
9
-9
17
53
66
62
70
60
53
56
51
36
44
52
33
8
18
12
8
14
39
49
44
39
30
39
46
54
67
80
83
81
83
84
86
73
49
38
37
29
15
-3
0
42
76
85
80
80
76
75
74
82
96
104
94
96
81
61
44
22
37
36
32
30
24
33
43
48
56
56
71
64
49
33
17
20
22
24
33
34
22
18
33
44
69
89
89
61
62
78
84
80
82
85
88
79
67
62
76
91
101
88
78
80
78
77
80
91
89
74
54
51
68
57
53
36
23
19
17
23
-1
-12
-22
-22
0
-10
-11
-4
15
16
-9
-20
-40
-45
-27
-19
-15
-17
-17
-9
14
3
-27
-26
-28
-25
-34
-54
-66
-66
-55
-38
-25
-51
-59
-64
-60
-36
-16
-22
-33
-38
-45
-53
-61
-86
-96
-79
-66
-73
-88
-101
-103
-93
-97
-104
-108
-109
-109
-112
-85
-77
-70
-59
-61
-61
-56
-81
-96
-100
-104
-103
-100
-118
-131
-127
-117
-100
-87
-75
-72
-85
-79
-63
-49
-39
-42
-35
-45
-63
-70
-84
-95
-91
-98
-101
-95
-93
-99
-88
-58
-45
-34
-18
-35
-30
-20
-8
-17
-35
-35
-51
-42
-33
-34
-42
-40
-35
-28
-29
-45
-43
-27
-18
-9
4
25
30
23
26
2
-24
-37
-29
-28
-19
-18
-29
-20
-10
20
39
46
28
25
33
33
38
46
56
45
35
37
32
37
28
23
26
29
34
11
33
51
33
16
14
45
53
38
27
18
13
8
-3
-17
-13
4
6
11
3
16
39
42
53
69
82
69
53
52
40
30
34
40
24
14
11
-8
-8
11
6
3
17
41
48
64
60
70
91
111
91
78
83
72
53
26
28
21
16
5
5
41
48
45
41
41
56
45
54
59
56
73
81
64
48
49
44
46
33
25
18
3
-3
-8
6
21
25
28
33
61
73
81
88
93
94
74
54
50
33
24
20
22
8
0
-6
-18
-20
-8
12
17
39
61
63
66
34
14
14
32
42
26
15
0
-7
1
19
25
1
1
10
14
-5
-11
5
14
25
21
32
41
33
11
9
22
27
30
32
21
27
16
-7
-25
-24
-16
6
32
36
52
66
64
58
57
58
29
17
9
11
16
16
18
24
33
21
9
17
17
20
18
8
3
-9
-24
-30
9
16
11
28
16
18
29
32
19
10
16
12
9
-5
-3
4
2
2
10
-3
-13
20
18
7
5
14
18
20
16
-1
-8
1
10
18
13
6
-12
-13
-3
13
28
29
14
1
6
19
13
17
9
8
26
22
30
29
24
23
18
36
46
32
-8
-11
17
11
2
-3
15
34
38
40
39
37
15
8
12
21
15
22
23
26
37
36
20
24
30
41
24
-8
-8
14
18
13
24
22
22
14
22
49
49
32
6
-12
-22
-5
22
23
23
19
9
5
4
6
16
32
20
-2
12
16
17
34
65
65
51
21
6
11
16
27
31
12
8
15
11
5
-1
-5
9
16
24
43
35
45
27
36
41
19
17
25
19
3
-15
-21
-26
-28
-38
-26
-6
11
19
12
38
42
40
36
14
15
24
26
21
7
-9
-19
-12
-16
-18
-16
-15
-6
0
-19
-37
-17
1
5
7
-1
-1
7
4
-14
-40
-40
-50
-59
-70
-65
-65
-72
-63
-32
9
9
-4
-9
-7
-9
-14
-6
-2
2
-2
-9
-14
-12
-17
-27
-17
-7
-15
-15
-39
-43
-28
-16
-1
-4
1
13
17
8
-3
-10
-29
-52
-52
-56
-63
-55
-49
-38
-20
-20
-25
-30
-37
-36
-50
-53
-43
-50
-58
-62
-60
-74
-53
-42
-27
-10
1
-2
-29
-17
-13
-20
-35
-40
-34
-31
-30
-34
-48
-63
-76
-65
-48
-53
-49
-47
-38
-28
-1
5
-4
-12
-30
-34
-34
-34
-33
-38
-44
-56
-73
-85
-88
-79
-65
-59
-51
-55
-60
-51
-32
-20
-3
-13
-21
-29
-35
-53
-62
-74
-63
-24
-39
-53
-55
-49
-44
-25
9
8
8
15
6
11
12
-1
-18
-27
-31
-40
-34
-39
-59
-62
-52
-28
-34
-46
-56
-27
-9
0
9
-2
-14
-22
-38
-52
-54
-59
-57
-45
-51
-56
-62
-74
-76
-54
-41
-38
-37
-29
-17
1
7
1
-19
-9
-5
-11
-15
-27
-30
-46
-49
-46
-35
-34
-59
-63
-60
-62
-34
-17
3
13
9
3
-25
-14
-21
-31
-41
-48
-42
-39
-49
-38
-24
-27
-24
-35
-34
-17
-19
-27
-18
-12
-16
-20
-18
-32
-47
-51
-49
-26
-18
-26
-40
-41
-41
-34
-21
-16
-3
-1
9
1
-9
-23
-34
-34
-38
-37
-47
-50
-49
-48
-37
-38
-37
-29
-37
-18
-16
-21
-18
-19
-20
-32
-34
-44
-49
-45
-40
-39
-43
-50
-67
-64
-45
-25
2
15
15
20
20
-5
-12
-13
-42
-44
-34
-30
-34
-38
-38
-22
12
8
19
29
29
13
-9
-3
-3
-5
-6
-26
-28
-29
-36
-48
-43
-39
-23
-27
-68
-65
-30
-24
-24
-30
-30
-17
-30
-15
-11
-17
-32
-40
-46
-45
-35
-35
-46
-17
-1
-9
-15
-20
-13
-14
-6
-3
-7
2
6
6
6
-22
-24
-41
-48
-15
-2
-21
-36
-24
-12
3
10
7
24
28
32
35
30
16
5
19
-1
-25
-38
-32
-27
-27
-11
-15
-7
8
11
13
21
10
15
5
5
9
24
31
23
7
-17
-28
-18
-37
-52
-33
-11
0
2
17
35
30
48
47
29
8
-22
-19
-28
-25
-29
-37
-44
-59
-41
-19
-15
-20
-25
5
0
-8
-21
-11
-4
4
8
-2
-3
-9
-16
-10
-4
-11
-36
-38
-35
-26
-7
6
25
44
43
36
41
33
19
25
28
14
4
-4
-21
-11
29
37
39
27
17
32
47
45
45
45
38
43
39
20
7
-8
-12
13
14
-3
-34
-25
-11
-7
8
2
10
18
8
-6
-6
1
-7
-13
-8
4
6
-3
-8
-20
-3
6
-4
-2
4
31
51
63
83
85
86
68
61
41
31
6
-7
-26
-46
-82
-109
-93
-91
-72
-59
-54
-38
-23
-11
-10
-27
-33
-52
-75
-116
-136
-169
-215
-233
-242
-228
-265
-325
-395
-465
-516
-551
-582
-630
-698
-736
-747
-747
-762
-776
-778
-807
-874
-951
-1052
-1165
-1263
-1354
-1412
-1451
-1461
-1402
-1310
-1161
-954
-734
-541
-394
-283
-168
50
341
664
1021
1366
1694
2002
2314
2633
2912
3176
3345
3401
3352
3169
2879
2502
2130
1739
1362
1017
722
471
222
-52
-328
-512
-620
-763
-875
-937
-946
-894
-765
-653
-630
-668
-692
-701
-690
-641
-571
-475
-353
-213
-112
-86
-81
-82
-76
-75
-81
-51
-23
-2
26
21
15
22
66
115
153
176
196
193
180
179
160
149
146
134
122
103
81
54
31
23
-1
-9
-30
-49
-66
-91
-110
-122
-113
-95
-81
-74
-83
-69
-64
-67
-54
-20
16
17
17
28
58
76
93
92
94
85
84
102
103
88
87
83
89
77
51
16
-10
-25
-49
-33
-37
-27
-33
-32
-37
-34
-17
-17
-18
-16
-24
-27
-17
-17
-24
-31
-23
-18
0
14
4
7
9
22
33
31
24
38
54
65
78
84
96
76
65
53
41
29
23
16
1
15
34
53
68
88
129
135
134
122
108
97
65
56
33
9
-3
-16
-5
7
8
-1
-3
10
26
36
21
37
36
31
23
20
12
-2
-13
-20
-45
-44
-47
-57
-67
-66
-49
-42
-33
-16
5
19
20
6
4
5
1
3
-12
-8
-11
-19
-45
-66
-73
-79
-72
-60
-32
-25
-40
-26
-26
-10
-1
0
7
-5
-25
-46
-64
-45
-57
-70
-80
-67
-64
-73
-76
-57
-37
-26
-22
-31
-27
-23
-29
-34
-29
-20
-19
-20
-9
-13
-3
12
33
62
70
58
38
55
81
89
81
72
75
80
71
27
11
10
23
46
64
80
77
63
51
47
45
32
25
31
3
-6
-30
-69
-114
-148
-175
-250
-311
-349
-369
-416
-454
-445
-423
-402
-343
-257
-151
-16
130
247
346
433
504
607
707
765
806
824
843
887
929
917
849
791
717
613
543
463
345
177
31
-58
-134
-197
-241
-302
-419
-573
-694
-790
-812
-797
-766
-718
-692
-623
-519
-383
-252
-156
-76
21
117
168
180
215
251
259
279
343
433
514
578
610
584
523
446
353
285
211
109
19
-77
-134
-182
-202
-207
-255
-312
-364
-406
-437
-436
-436
-439
-447
-488
-528
-568
-594
-585
-612
-621
-634
-648
-662
-655
-615
-527
-415
-308
-241
-192
-125
-63
-42
-12
9
-9
4
37
82
120
154
184
182
179
174
171
161
135
123
111
78
54
51
45
17
7
-3
-10
-27
-54
-71
-80
-87
-97
-122
-158
-167
-161
-162
-162
-153
-121
-122
-118
-132
-116
-83
-74
-51
-25
-16
-11
4
25
25
34
48
55
77
52
19
-5
-13
-6
8
5
-10
-7
-12
-10
-16
-34
-16
-14
-14
-18
-4
-7
2
16
28
16
-2
-13
-26
-27
-29
-34
-31
-33
-28
-13
-5
-20
-36
-41
-30
-15
5
13
4
-16
0
7
12
13
-8
-5
-19
-26
-36
-14
16
1
-10
-12
-14
4
2
-4
-15
-16
-6
-2
-14
-18
-18
-3
1
-3
0
4
-7
-12
-19
-9
-14
-7
-2
-8
-31
-46
-35
-32
-30
-28
-18
-8
1
8
16
14
19
20
28
18
13
6
-7
-6
8
18
6
-6
-13
-16
8
9
6
6
9
19
13
17
16
15
17
8
20
23
-9
-34
-14
-11
-17
-1
7
13
9
4
8
-1
-5
-11
-10
0
4
-10
-22
-18
0
0
-12
-5
-23
-18
-3
-5
-7
-5
9
7
8
7
-5
-5
-8
-9
-3
-1
-24
-55
-41
-14
1
12
14
16
20
41
50
25
16
30
16
14
13
5
4
-7
-6
7
10
16
19
28
35
25
29
47
33
23
49
47
36
35
16
22
23
25
25
-1
12
20
45
67
69
70
55
54
58
55
58
36
37
18
15
35
34
37
55
76
69
69
76
84
87
72
57
56
53
47
39
29
16
2
-5
12
17
8
-13
-8
22
31
46
63
74
77
80
93
87
93
88
80
79
65
76
66
54
37
58
92
79
77
79
75
82
82
91
100
112
123
126
133
133
123
120
107
113
98
75
59
45
70
62
57
58
63
62
75
94
96
93
103
121
128
146
148
129
116
117
108
88
81
74
84
73
61
51
33
47
46
33
33
36
33
41
51
62
69
54
29
34
30
3
-18
1
27
23
20
13
-4
-11
-4
1
-4
-7
-8
-14
-8
6
16
3
-19
-33
-41
-49
-57
-67
-60
-47
-62
-60
-52
-64
-83
-88
-84
-78
-73
-79
-100
-86
-90
-76
-73
-64
-70
-98
-114
-115
-130
-136
-138
-130
-126
-120
-135
-136
-120
-104
-85
-86
-87
-94
-99
-107
-117
-125
-127
-135
-127
-121
-130
-121
-106
-104
-115
-106
-88
-98
-103
-89
-70
-56
-63
-72
-80
-83
-77
-83
-92
-112
-123
-95
-68
-74
-70
-58
-49
-29
-14
-29
-31
-24
-28
-40
-44
-32
-51
-61
-73
-69
-42
-33
-32
-24
-33
-24
-6
-11
-1
21
48
58
52
28
10
4
-21
-22
-33
-47
-37
-22
-2
3
-5
1
18
42
55
62
76
65
48
52
62
49
34
40
33
37
51
44
30
28
41
58
55
35
25
40
47
54
57
47
49
40
43
34
15
15
22
22
14
29
33
24
23
46
61
58
75
89
92
89
85
87
81
88
81
73
66
67
66
58
54
50
71
72
69
77
106
114
110
100
101
104
109
91
71
52
65
75
56
44
33
24
36
62
76
76
90
84
60
70
82
85
82
88
81
81
81
77
62
65
62
68
81
68
60
78
103
112
103
99
90
82
75
69
70
64
73
54
42
48
33
28
48
76
92
96
107
108
104
98
97
103
85
60
51
60
43
45
64
58
39
46
54
51
48
69
73
63
48
40
56
68
54
47
37
39
38
28
24
21
25
41
42
63
75
70
59
59
65
49
37
34
26
29
38
37
11
-6
-6
-11
-13
-1
12
11
5
18
34
47
45
49
62
54
54
29
12
5
1
-2
-16
-18
-20
-32
-44
-38
-36
-33
-26
-25
-1
19
20
13
16
27
47
48
18
-2
-1
3
11
12
-7
-33
-32
-22
-24
-18
-20
-16
5
36
54
32
30
33
28
14
-8
-10
-19
-42
-32
-18
-18
-23
-26
-26
-27
-16
-18
-24
-26
-2
24
28
25
19
8
-1
-1
-15
-14
-38
-63
-50
-30
-15
-25
-29
-23
-13
2
1
-1
4
15
20
22
21
-3
-10
-19
-12
-3
1
-8
-33
-32
-37
-40
-33
-31
-22
-28
-8
9
10
-1
-8
8
9
9
-16
-22
-29
-36
-35
-35
-54
-47
-47
-36
-32
-27
-23
-20
-20
-12
-9
-9
-11
-6
2
-6
-18
-25
-26
-21
-23
-32
-33
-36
-38
-43
-38
-28
-9
-2
-16
-22
-20
-4
-13
-17
-10
-25
-22
-21
-32
-39
-38
-20
-29
-33
-46
-42
-30
-32
-22
-32
-50
-46
-24
-20
-24
-36
-40
-34
-33
-26
-21
-36
-42
-42
-40
-40
-31
-46
-56
-46
-52
-48
-76
-73
-67
-58
-43
-32
-13
2
-5
-34
-61
-76
-86
-82
-85
-98
-91
-97
-95
-95
-91
-95
-100
-83
-88
-87
-75
-64
-45
-57
-62
-33
-21
-43
-71
-78
-73
-66
-60
-73
-100
-96
-95
-76
-67
-62
-38
-24
-18
-24
-32
-30
-28
-41
-54
-59
-69
-74
-81
-76
-50
-52
-71
-63
-66
-60
-40
-24
-7
-3
1
-28
-43
-45
-52
-55
-76
-73
-63
-65
-86
-111
-106
-101
-88
-63
-51
-30
-34
-25
-29
-33
-25
-32
-47
-48
-41
-43
-61
-63
-48
-56
-62
-61
-66
-46
-42
-42
-45
-48
-42
-36
-34
-35
-34
-49
-52
-54
-55
-65
-88
-89
-68
-63
-54
-52
-46
-30
-31
-29
-41
-38
-53
-70
-58
-58
-48
-49
-59
-39
-20
-27
-47
-48
-41
-19
-2
-36
-76
-82
-67
-56
-54
-76
-91
-99
-94
-83
-62
-56
-71
-87
-94
-86
-65
-55
-60
-72
-81
-97
-107
-122
-122
-103
-96
-97
-97
-94
-96
-91
-73
-66
-61
-49
-50
-46
-60
-73
-52
-43
-34
-41
-46
-51
-40
-34
-42
-31
-29
-55
-59
-58
-49
-29
-18
-20
-15
-3
-3
-13
-31
-47
-67
-83
-84
-79
-70
-63
-59
-57
-37
-36
-20
2
1
-8
-9
-9
-8
-5
-12
-17
-31
-56
-63
-64
-66
-69
-62
-47
-51
-41
-14
11
21
3
-4
-10
-25
-25
-27
-47
-62
-63
-60
-71
-80
-75
-77
-81
-56
-54
-49
-26
-24
-26
-16
-14
-15
-8
-10
-12
-24
-39
-56
-59
-62
-35
-10
-17
-39
-35
-18
-14
-3
-4
-8
-20
-30
-31
-14
-2
-4
-7
-28
-33
-29
-31
-38
-36
-19
-19
-33
-34
-53
-44
-33
-39
-37
-33
-26
-10
1
2
5
10
6
5
2
-12
-36
-45
-52
-41
-34
-26
-17
-21
-15
-8
-14
-9
-7
2
5
14
30
24
5
-7
4
-2
-34
-54
-59
-57
-59
-50
-47
-55
-42
-27
-3
-3
-21
-23
-25
-18
-8
-11
-29
-46
-40
-31
-31
-20
-24
-19
-24
-30
-32
-43
-45
-40
-26
-15
-43
-48
-34
-12
3
-6
-18
-28
-35
-43
-48
-70
-81
-72
-45
-48
-53
-57
-57
-50
-50
-40
-14
-15
-42
-32
-12
-12
-9
-21
-17
-23
-37
-57
-81
-81
-78
-95
-105
-99
-81
-72
-66
-59
-48
-24
-20
-15
-17
-19
-19
-20
-15
-10
-10
-21
-11
-5
-8
-30
-43
-35
-38
-60
-81
-72
-57
-71
-96
-109
-109
-105
-100
-90
-79
-61
-72
-75
-88
-106
-116
-123
-131
-142
-123
-145
-183
-206
-233
-271
-298
-328
-361
-386
-415
-469
-512
-546
-570
-582
-607
-653
-704
-785
-914
-1071
-1253
-1451
-1655
-1894
-2106
-2230
-2278
-2280
-2213
-2027
-1755
-1538
-1392
-1265
-1094
-779
-287
304
866
1340
1742
2072
2303
2448
2552
2665
2744
2707
2580
2358
2109
1843
1593
1318
1002
705
461
311
214
146
113
87
116
146
141
99
89
92
122
202
235
201
170
113
67
43
26
22
26
8
-15
-37
-73
-94
-97
-90
-73
-48
3
46
78
79
93
97
121
168
200
207
193
179
156
124
80
22
-11
-39
-49
-53
-69
-80
-96
-89
-68
-57
-44
-57
-83
-88
-67
-66
-62
-66
-68
-44
-33
-40
-27
-13
-8
15
39
68
74
83
115
136
142
152
143
134
138
142
148
140
126
119
99
67
28
11
-9
-6
-17
-26
-33
-42
-53
-63
-61
-56
-66
-73
-75
-77
-73
-56
-35
-19
-17
-15
-14
-4
21
44
47
55
55
24
6
7
8
15
31
24
36
40
36
44
40
30
27
23
14
12
14
22
43
63
111
156
173
159
153
176
180
164
122
82
63
37
14
5
7
13
30
35
32
24
13
29
48
55
56
48
46
31
6
-3
-16
-33
-56
-83
-99
-118
-108
-93
-102
-109
-94
-92
-95
-83
-97
-101
-76
-81
-74
-51
-41
-33
-32
-33
-33
-55
-68
-54
-35
-20
-38
-36
-21
-1
18
24
31
19
2
-15
-23
-14
-4
-19
-40
-42
-51
-76
-80
-80
-43
-18
-16
-23
-29
-4
5
-1
12
4
0
-6
-15
-18
-14
-11
-14
17
54
66
60
63
79
107
116
115
126
139
144
123
109
85
65
65
58
61
59
59
62
62
88
92
83
77
72
61
17
-18
-49
-80
-102
-133
-160
-207
-235
-260
-298
-358
-425
-487
-528
-530
-522
-490
-454
-417
-339
-217
-76
89
191
265
361
461
565
680
756
812
893
965
1031
1038
987
936
875
771
671
565
436
292
148
18
-55
-118
-208
-338
-451
-536
-604
-637
-659
-633
-567
-496
-423
-353
-269
-190
-112
-32
17
48
71
107
121
149
185
199
214
270
356
387
412
433
438
426
382
303
228
152
75
7
-64
-176
-255
-291
-318
-332
-369
-415
-467
-492
-498
-473
-423
-399
-395
-423
-474
-529
-570
-577
-593
-621
-655
-700
-743
-779
-766
-687
-512
-339
-217
-106
-29
54
116
163
214
232
239
268
289
308
342
362
356
360
363
356
333
318
301
266
233
191
140
113
83
32
-1
-30
-53
-66
-87
-114
-126
-141
-147
-131
-102
-99
-93
-115
-126
-121
-111
-91
-81
-72
-49
-22
2
8
26
46
66
79
72
73
62
67
70
64
66
50
51
53
23
13
13
8
-19
-16
-14
-16
-26
-37
-41
-34
-20
-12
-26
-30
-36
-31
-34
-31
-29
-25
2
4
-3
-12
-15
-16
-22
-20
-14
-14
-39
-28
-25
-11
6
-18
-9
11
18
16
9
20
18
21
3
-6
6
1
-9
9
33
32
31
28
21
27
30
32
32
17
22
19
22
27
23
17
32
29
24
9
11
25
27
24
30
24
37
44
30
7
-10
-16
-25
-20
-13
10
18
19
42
54
63
57
51
48
47
47
42
27
16
3
4
3
0
-2
-9
-20
1
22
27
21
15
28
49
45
29
23
34
30
26
21
16
-3
-23
-17
-4
6
6
10
12
29
59
57
53
53
45
53
58
66
66
42
24
13
5
-21
-14
-8
-1
5
3
15
-3
10
20
21
31
24
34
46
53
36
10
7
7
2
8
18
15
28
31
44
64
60
62
58
54
67
66
56
51
50
51
29
10
-6
14
22
27
32
63
75
66
78
76
91
108
110
100
94
103
79
60
51
35
44
42
37
43
60
67
55
67
70
81
84
75
83
95
88
88
93
85
77
69
41
31
38
42
39
34
44
51
50
75
103
114
102
115
104
82
59
50
48
46
45
44
33
21
18
15
11
28
24
29
34
41
63
58
53
61
70
69
53
49
24
2
3
1
2
-5
-10
-17
-8
4
15
20
31
33
29
24
36
52
51
41
50
56
55
60
50
46
67
98
98
81
81
86
82
72
80
85
86
88
102
104
72
67
72
95
117
139
141
124
122
127
127
133
125
126
105
109
97
69
65
65
66
58
72
78
51
48
65
75
66
55
50
38
30
37
48
53
42
24
25
11
1
9
-5
-24
-42
-42
-48
-61
-52
-49
-22
-3
-16
-28
-28
-15
-25
-45
-56
-72
-79
-80
-83
-89
-96
-109
-93
-72
-79
-68
-41
-37
-35
-49
-52
-60
-77
-82
-78
-86
-88
-86
-97
-109
-108
-89
-95
-111
-107
-99
-84
-80
-91
-94
-92
-101
-108
-124
-128
-143
-143
-127
-115
-131
-153
-155
-128
-110
-114
-90
-69
-77
-74
-80
-78
-91
-102
-85
-79
-76
-67
-72
-79
-77
-51
-50
-66
-81
-67
-59
-56
-39
-31
-3
21
11
9
-1
-26
-20
-22
-23
-34
-19
1
-7
-9
4
19
25
18
38
47
51
62
56
51
52
53
55
40
39
23
16
25
31
37
30
37
45
65
77
84
88
82
84
80
75
76
66
57
54
65
57
40
17
17
50
79
90
97
94
98
104
89
100
108
116
112
101
87
86
95
103
103
100
92
67
71
77
83
106
122
121
120
123
121
113
116
103
99
105
119
113
101
101
111
127
125
115
98
97
91
90
117
152
162
152
162
165
137
120
113
128
133
121
96
83
91
93
90
103
103
102
113
127
124
116
127
134
129
144
144
120
119
103
85
110
107
95
85
75
83
84
113
123
121
121
117
121
118
121
117
115
117
120
113
105
116
111
101
111
100
94
97
98
104
108
117
126
133
116
110
108
115
108
108
116
99
85
78
79
70
69
85
94
70
46
53
71
70
66
65
77
81
75
68
62
55
45
50
34
13
20
25
45
43
30
25
11
20
23
25
31
35
25
23
39
45
41
43
27
3
-1
0
-1
15
27
24
17
19
42
44
51
52
35
15
10
21
17
16
11
-3
-6
-14
-9
-3
-8
-31
-30
-19
-21
-7
4
3
3
11
24
6
-15
-22
-30
-40
-65
-57
-56
-38
-33
-20
-23
-56
-56
-33
-21
5
16
15
-16
-34
-24
-19
-14
-33
-49
-63
-63
-67
-69
-51
-37
-45
-46
-47
-41
-41
-37
-30
-14
-25
-34
-37
-58
-71
-59
-32
-19
-31
-64
-84
-83
-91
-77
-66
-66
-44
-33
-53
-68
-47
-40
-42
-41
-53
-30
-39
-52
-50
-47
-58
-69
-62
-62
-81
-97
-95
-81
-64
-33
-31
-43
-37
-49
-40
-37
-42
-46
-56
-56
-61
-73
-87
-86
-84
-73
-56
-45
-49
-57
-38
-27
-23
-8
-19
-9
-8
-17
-34
-51
-76
-98
-78
-63
-63
-59
-53
-53
-38
-8
-16
-33
-32
-30
-15
-29
-20
-26
-37
-35
-35
-31
-37
-36
-46
-61
-62
-55
-64
-61
-40
-29
-16
-15
-38
-37
-29
-40
-38
-38
-53
-54
-62
-80
-74
-65
-64
-63
-33
6
-6
-16
-16
8
19
4
0
-5
-8
-4
-16
-23
-57
-67
-67
-64
-44
-48
-46
-58
-60
-46
-29
-14
-21
-12
-16
-24
-38
-40
-37
-30
-23
-41
-48
-50
-60
-70
-60
-45
-35
-25
-30
-29
-27
-45
-39
-18
-11
-17
-25
-28
-39
-53
-67
-69
-69
-59
-71
-100
-101
-78
-56
-44
-43
-25
-35
-37
-46
-48
-39
-48
-37
-50
-73
-73
-74
-75
-54
-27
-33
-49
-50
-45
-39
-37
-38
-29
-24
-24
-36
-58
-66
-66
-56
-73
-82
-72
-67
-99
-96
-66
-58
-45
-41
-27
-18
-16
-42
-43
-31
-43
-50
-49
-44
-55
-65
-67
-61
-24
-11
-19
-10
-12
3
-1
4
3
-2
-6
-6
-22
-43
-50
-49
-52
-45
-33
-34
-44
-42
-23
13
26
23
13
18
24
13
-3
-22
-42
-49
-48
-61
-63
-54
-58
-41
-16
-15
-14
-14
5
16
-2
-4
-7
-2
1
6
-7
-20
-19
-34
-30
-2
3
-3
-20
-17
-10
-16
-13
-8
10
16
12
24
14
-15
-30
-25
-38
-53
-55
-61
-68
-64
-48
-43
-53
-42
-19
-12
-14
-21
-20
-20
-34
-31
-32
-62
-77
-80
-65
-67
-62
-71
-97
-94
-77
-67
-54
-52
-40
-41
-39
-53
-56
-44
-49
-61
-62
-47
-46
-62
-62
-44
-18
-17
-39
-50
-36
-21
-26
-24
-28
-36
-46
-56
-45
-52
-52
-38
-23
-37
-41
-34
-34
-25
-38
-33
-34
-52
-54
-62
-72
-62
-64
-62
-69
-60
-49
-40
-34
-20
-19
-10
17
5
-12
-21
-49
-67
-73
-73
-74
-73
-60
-45
-29
-43
-48
-48
-46
-35
-23
-31
-67
-77
-75
-63
-41
-36
-33
-23
-30
-53
-59
-61
-73
-80
-70
-54
-44
-49
-55
-41
-17
-16
-17
-21
-19
-26
-31
-30
-39
-40
-43
-41
-48
-58
-54
-57
-60
-60
-60
-70
-69
-50
-30
-20
-4
-4
8
1
-1
0
-20
-40
-53
-42
-36
-39
-53
-77
-74
-62
-50
-69
-76
-56
-46
-32
-26
-26
-20
-14
-19
-39
-39
-32
-28
-36
-28
-20
-17
-33
-49
-36
-2
17
12
-4
9
18
14
-20
-55
-65
-76
-78
-105
-120
-121
-113
-96
-79
-41
-35
-18
-17
-26
-11
-18
-29
-44
-56
-56
-80
-89
-118
-143
-162
-184
-212
-251
-289
-316
-328
-352
-388
-431
-448
-453
-483
-514
-535
-572
-640
-726
-845
-1010
-1199
-1417
-1620
-1825
-1996
-2112
-2173
-2172
-2153
-2047
-1869
-1764
-1698
-1634
-1506
-1245
-785
-185
415
1031
1568
2004
2344
2589
2801
2959
3054
2963
2695
2396
2100
1818
1493
1125
771
454
265
161
90
63
70
93
96
87
85
148
204
267
379
448
433
390
340
232
138
91
79
72
26
-25
-82
-131
-154
-149
-131
-115
-71
-30
2
29
53
76
76
99
108
121
154
145
133
84
52
16
-24
-55
-54
-45
-59
-80
-100
-111
-104
-82
-66
-65
-69
-57
-64
-69
-54
-41
-44
-27
-22
-19
-20
-43
-41
-23
2
14
14
33
52
58
63
72
71
74
80
74
87
101
101
72
61
86
80
67
30
13
1
-7
-7
-24
-36
-25
-44
-53
-84
-80
-59
-42
-25
-18
-25
-41
-33
-20
-15
-18
-16
0
4
-5
-9
-15
-13
-10
-7
4
24
14
-3
4
30
57
50
55
49
41
40
28
25
6
12
24
29
40
43
64
80
120
143
132
87
36
20
16
6
-10
-24
-19
-22
-17
8
17
25
6
1
2
13
21
22
16
6
3
-15
-42
-44
-36
-23
-22
-29
-49
-55
-55
-59
-69
-61
-40
-43
-45
-43
-41
-50
-72
-58
-53
-55
-49
-37
-26
-32
-37
-43
-42
-35
-39
-22
-17
-30
-19
-12
-9
6
14
7
-4
2
7
8
-16
-27
-34
-31
-13
-4
9
11
19
16
4
-1
-2
4
16
17
7
-12
-11
-2
1
-2
14
28
35
48
54
80
85
88
90
101
105
107
124
115
93
62
51
56
27
18
13
24
33
36
24
9
0
-6
-3
-4
-16
-49
-75
-87
-121
-159
-173
-214
-257
-315
-387
-449
-505
-544
-566
-544
-508
-459
-418
-352
-249
-59
115
228
309
404
530
652
736
809
859
918
982
1060
1087
1048
1011
938
847
752
655
527
343
170
44
-60
-142
-199
-264
-395
-565
-726
-835
-853
-817
-741
-672
-615
-533
-430
-308
-148
-4
75
132
195
239
271
307
329
322
318
350
413
474
520
558
540
500
420
334
240
151
63
-36
-148
-242
-303
-330
-344
-386
-450
-508
-538
-553
-551
-520
-492
-508
-559
-610
-632
-643
-654
-650
-671
-692
-693
-727
-738
-722
-648
-501
-340
-188
-83
-6
51
92
136
157
151
141
168
244
295
318
327
340
350
340
319
287
242
197
171
148
120
77
59
39
25
13
-14
-42
-46
-66
-101
-128
-137
-151
-136
-117
-112
-104
-113
-105
-100
-84
-68
-73
-82
-86
-54
-18
-1
8
12
33
47
41
28
23
8
-1
-4
-13
-11
-12
-34
-52
-41
-18
-11
-7
4
6
6
18
14
-2
-9
-8
-1
-22
-31
-39
-55
-48
-39
-28
-24
-23
-25
-27
1
20
33
56
50
44
28
21
15
1
-1
-11
-22
-27
-42
-37
-14
13
5
9
17
-7
-3
-3
-5
-3
8
-4
-16
-17
-24
-32
-21
-25
-38
-59
-58
-50
-35
-28
-38
-36
-16
14
24
44
51
36
14
5
3
-14
-9
-18
-27
-29
-6
3
-10
-19
-22
-19
-13
-36
-39
-17
-2
17
35
29
18
6
19
21
16
6
-16
-32
-25
-20
-29
-27
-20
-12
-3
17
28
29
20
24
30
35
26
13
12
3
2
1
-15
-19
-16
-3
1
0
-2
1
18
27
36
52
29
4
-6
1
1
-2
-15
-27
-9
-12
-19
-18
-16
-1
7
7
11
21
40
38
38
52
54
33
11
7
4
2
0
-8
-17
-13
0
5
11
9
0
19
44
38
41
59
40
23
26
32
12
2
10
-4
-3
11
14
34
53
60
51
49
51
52
72
63
58
55
60
63
88
97
85
64
70
51
36
38
49
41
50
69
75
84
83
97
98
102
114
104
76
50
57
65
70
67
61
60
51
35
34
52
38
34
44
52
71
77
85
69
76
98
90
82
62
26
33
25
31
39
61
58
50
66
67
79
94
89
103
96
86
67
70
70
75
66
63
56
33
38
28
27
26
23
21
44
62
65
72
76
90
106
95
59
41
45
50
30
16
10
16
0
-12
-9
2
19
25
28
37
73
78
63
87
89
82
85
87
87
80
81
56
34
28
18
17
22
33
36
37
34
58
74
65
57
49
45
44
28
22
18
5
-7
-15
-26
-39
-34
-34
-33
-26
-17
-30
-35
-21
-7
6
-8
-17
-16
-29
-42
-66
-81
-83
-90
-90
-97
-102
-109
-103
-91
-86
-56
-69
-72
-65
-62
-74
-83
-89
-91
-98
-101
-111
-116
-121
-116
-110
-97
-87
-86
-92
-98
-89
-74
-52
-62
-64
-57
-76
-94
-100
-88
-93
-104
-121
-124
-111
-116
-135
-125
-103
-74
-69
-49
-51
-34
-38
-50
-55
-65
-60
-71
-83
-82
-87
-81
-79
-75
-76
-95
-95
-103
-99
-71
-29
-18
-11
10
14
9
-3
-28
-22
-10
-28
-37
-46
-45
-50
-55
-42
-28
-37
-35
-24
-23
-22
-1
1
3
11
5
-10
-10
-14
-24
-26
-14
-14
-25
-43
-57
-42
-24
4
11
17
41
55
60
59
36
34
37
22
0
9
-4
-22
-6
12
11
9
25
46
45
49
43
35
38
45
57
59
33
15
13
25
35
36
24
9
7
26
37
35
53
64
68
68
72
68
58
47
31
24
32
41
27
33
36
46
59
53
65
74
84
91
74
73
57
51
53
38
21
5
4
12
17
25
31
35
50
80
94
97
94
71
69
64
43
42
42
23
26
35
37
29
28
35
35
51
82
92
73
62
65
76
85
87
77
73
52
44
38
19
12
1
16
45
44
32
38
66
67
79
86
79
68
48
35
34
29
26
22
27
11
1
20
35
43
67
87
77
74
67
61
65
60
60
49
36
27
8
1
17
13
2
21
42
43
26
30
54
61
67
74
67
67
72
58
38
23
0
-13
-10
-23
-52
-62
-58
-39
-11
9
-4
-6
6
23
48
59
50
45
36
20
1
14
24
18
10
11
9
5
-11
-11
3
5
2
-10
-7
9
15
0
4
14
3
-2
-2
-3
9
9
-11
-11
3
14
-2
-40
-51
-30
-7
3
4
-1
12
20
29
34
24
37
44
48
50
49
51
24
3
-11
-13
-13
-21
-30
-34
-35
-33
-37
-17
0
3
15
23
31
45
51
49
57
59
52
25
5
-4
-10
-9
-18
-12
-11
-11
-7
-18
-11
-6
9
31
49
42
33
17
-9
-10
4
7
14
16
-7
-23
-23
-31
-43
-35
-17
-2
-1
-5
14
36
58
55
48
53
59
49
42
29
23
11
-3
-19
-22
-18
-19
-23
-17
-11
-8
-30
-31
-1
18
25
14
7
14
10
3
-6
-17
-30
-37
-32
-43
-43
-28
-24
-18
2
35
33
29
16
6
9
13
16
6
3
6
-26
-37
-43
-32
-31
-36
-29
-30
-44
-39
-28
-27
-12
-12
-8
2
2
-8
1
-10
-39
-50
-62
-77
-76
-71
-65
-57
-29
-14
-11
-4
-17
-5
10
1
-11
-15
-30
-50
-45
-41
-52
-58
-55
-47
-48
-52
-52
-45
-34
-40
-48
-42
-38
-40
-64
-62
-54
-61
-64
-67
-56
-69
-74
-67
-66
-59
-35
-24
-9
-9
-25
-27
-21
-18
-38
-50
-63
-58
-48
-39
-54
-68
-54
-36
-12
-6
-23
-30
-30
-28
-9
-4
7
9
-18
-28
-27
-39
-48
-52
-48
-43
-24
-20
-32
-30
-7
17
0
-16
4
0
-2
-16
-23
-37
-51
-59
-51
-63
-80
-74
-56
-54
-50
-30
-41
-50
-42
-29
-5
4
-8
-9
-20
-31
-31
-38
-60
-71
-79
-79
-73
-70
-55
-55
-35
-14
-27
-29
-11
-5
-4
-13
-17
-25
-28
-31
-56
-65
-62
-57
-62
-53
-41
-49
-48
-48
-47
-38
-19
9
5
2
14
-11
-22
-30
-43
-52
-54
-54
-63
-59
-48
-48
-33
-26
-30
-13
-3
-18
-25
-19
-6
-14
-25
-29
-22
-20
-18
-28
-48
-42
-40
-36
-56
-91
-68
-41
-15
-4
-5
-3
-6
-26
-46
-54
-62
-78
-77
-76
-69
-68
-61
-59
-49
-37
-39
-31
-34
-45
-27
-17
-31
-38
-43
-43
-49
-63
-71
-79
-68
-31
-32
-32
-36
-35
-31
-21
-19
-23
-17
-15
-31
-41
-51
-63
-74
-61
-42
-51
-55
-47
-43
-46
-34
-18
-10
-5
-21
-30
-36
-48
-44
-39
-45
-45
-53
-67
-66
-62
-68
-68
-40
-33
-41
-27
-5
6
2
-4
-1
-7
-1
-3
-26
-53
-73
-70
-71
-73
-70
-87
-91
-89
-76
-44
-22
-21
-24
-4
-9
-17
-18
-21
-18
-11
-21
-32
-48
-63
-51
-27
-11
-27
-48
-58
-36
-25
-2
16
3
-6
-7
-11
-17
-31
-35
-41
-43
-42
-36
-14
-28
-39
-13
1
-7
-27
-27
-19
-26
-38
-44
-36
-24
-15
-6
-6
-17
-23
-21
-19
-20
-3
-20
-11
-6
-18
-15
-15
-21
-7
-12
-30
-41
-23
-35
-44
-25
-4
13
25
19
-3
-2
5
-6
-11
-6
-12
-9
-20
-26
-33
-41
-45
-32
-27
-13
-7
1
-2
6
17
19
21
12
8
3
-16
-50
-54
-44
-45
-38
-36
-38
-19
2
9
22
11
24
46
77
83
66
55
32
12
1
-6
-11
-27
-45
-60
-76
-87
-91
-83
-84
-83
-59
-53
-79
-85
-75
-77
-73
-77
-85
-87
-113
-157
-202
-249
-274
-309
-353
-370
-397
-435
-490
-546
-587
-645
-710
-767
-821
-841
-855
-871
-894
-932
-973
-1058
-1190
-1331
-1500
-1625
-1734
-1802
-1810
-1746
-1649
-1501
-1243
-899
-576
-333
-144
79
398
836
1300
1751
2135
2457
2754
3027
3262
3440
3544
3539
3328
2995
2613
2198
1762
1356
988
643
359
133
-67
-253
-415
-513
-555
-634
-711
-720
-677
-588
-466
-360
-325
-339
-350
-406
-436
-393
-325
-253
-203
-156
-138
-154
-148
-144
-144
-141
-129
-107
-73
-29
16
14
10
25
67
93
131
157
164
150
139
133
134
115
98
84
73
46
3
-21
-19
-9
15
-5
-20
-39
-47
-46
-55
-70
-82
-72
-84
-89
-81
-83
-57
-39
-16
0
-4
0
11
29
40
55
87
97
103
96
92
78
66
59
46
39
38
26
2
-13
-14
-4
-7
-23
-31
-15
-24
-32
-31
-25
-25
-21
-25
-15
-3
-7
-26
-13
19
3
-24
-30
-16
-3
6
22
35
46
69
75
81
71
67
72
76
65
63
48
28
4
6
24
23
7
17
63
88
108
110
123
126
138
141
137
119
95
66
56
57
48
43
42
55
47
45
37
39
59
71
68
58
28
17
11
-3
-9
-22
-30
-61
-64
-42
-27
-13
-13
-16
-15
-11
-8
-13
3
5
-12
-10
-8
-10
-36
-46
-41
-26
-17
-24
-9
14
11
1
7
15
8
8
19
39
47
34
32
23
12
9
-3
-33
-34
-21
0
8
10
14
9
4
-8
0
-9
-16
7
28
28
10
-6
-15
-21
-14
-11
-19
-14
1
10
27
37
55
68
77
97
102
102
109
95
92
101
113
96
74
66
52
52
68
69
67
79
81
85
79
61
50
31
6
-10
-17
-19
-71
-131
-143
-156
-178
-223
-269
-313
-348
-384
-435
-446
-422
-377
-311
-243
-183
-67
71
200
287
354
435
538
622
670
692
697
709
761
799
791
707
635
558
487
445
375
272
159
29
-38
-84
-131
-165
-248
-402
-560
-674
-736
-750
-711
-652
-610
-580
-540
-456
-368
-261
-170
-99
-7
67
132
175
208
246
280
319
380
452
503
536
552
522
490
421
312
246
178
100
8
-63
-108
-159
-181
-205
-234
-278
-325
-360
-389
-382
-364
-363
-373
-402
-452
-496
-525
-522
-546
-589
-596
-596
-596
-587
-563
-507
-420
-315
-218
-163
-146
-111
-69
-51
-44
-36
-10
23
67
132
171
175
189
203
198
179
157
151
153
130
102
69
43
28
18
3
-7
-29
-42
-79
-91
-88
-92
-102
-110
-122
-126
-116
-111
-116
-120
-108
-104
-94
-83
-80
-68
-63
-45
-16
-16
-24
-17
-13
-13
-1
8
4
-4
-1
-5
-5
-16
-15
-12
-18
-9
5
28
9
-4
5
7
3
-2
5
15
9
-1
-24
-45
-48
-53
-47
-43
-32
-36
-37
-28
-15
-4
-4
6
19
18
12
-12
-19
-9
-13
-25
-39
-57
-70
-59
-39
-39
-28
-16
-22
-5
28
43
24
4
36
52
37
6
3
15
4
-4
-17
-41
-44
-32
-43
-38
-10
-2
3
8
6
13
24
15
7
-2
-1
-10
-16
-24
-36
-20
-29
-35
-23
-29
-59
-72
-44
-21
-18
-9
10
16
18
17
-2
-44
-59
-45
-44
-40
-45
-41
-48
-48
-27
-15
-17
-23
-22
-11
-10
-20
-28
-29
-27
-28
-30
-46
-42
-32
-22
-19
5
3
-15
-21
-7
-5
19
22
14
-11
-20
-20
-33
-38
-45
-57
-41
-24
-16
-15
-9
2
28
35
38
27
10
0
8
-3
-22
-30
-38
-28
-11
-10
-8
0
6
18
24
21
13
16
0
0
15
3
2
9
11
-1
-24
-19
-21
-7
9
17
18
21
18
16
42
54
38
40
49
43
29
22
19
-3
-6
18
31
36
25
20
20
32
45
49
39
48
61
66
52
40
58
67
44
26
10
16
18
20
9
2
7
16
8
28
56
68
58
60
73
64
49
48
56
52
58
47
39
31
27
31
46
66
88
91
87
86
85
89
92
81
81
99
95
73
62
51
58
66
70
68
61
47
51
63
95
85
84
83
67
55
43
35
19
23
38
41
38
29
42
40
35
44
39
48
47
31
27
37
66
77
85
83
84
92
83
83
66
51
58
49
35
28
48
82
120
126
125
118
111
116
132
121
106
95
84
74
67
43
40
36
16
0
16
22
0
9
13
11
26
36
32
28
30
15
-15
-39
-48
-52
-56
-60
-62
-84
-86
-81
-53
-45
-50
-62
-57
-47
-65
-85
-80
-85
-93
-85
-78
-90
-78
-85
-111
-109
-101
-103
-104
-92
-74
-69
-85
-80
-85
-96
-101
-119
-117
-111
-123
-112
-105
-98
-104
-103
-100
-110
-77
-61
-65
-68
-73
-84
-97
-86
-91
-113
-116
-118
-124
-122
-113
-127
-137
-119
-92
-86
-95
-110
-100
-74
-66
-63
-62
-53
-62
-61
-64
-76
-90
-88
-90
-105
-111
-103
-101
-97
-68
-59
-55
-37
-36
-42
-36
-22
-18
-27
-61
-72
-64
-59
-50
-69
-77
-78
-79
-81
-100
-91
-57
-34
-25
-28
-18
-4
-5
-11
-39
-48
-51
-51
-60
-60
-41
-33
-34
-24
-19
-4
-3
-5
-10
-8
-27
-38
-35
-41
-39
-51
-42
-37
-30
-25
-15
-2
17
19
-9
-15
-3
6
-1
-8
0
-13
-18
-27
-16
2
-3
4
-11
4
20
24
31
35
53
44
25
19
19
14
9
3
10
-3
-9
-5
23
5
-10
-4
4
-1
-1
2
-4
7
13
13
17
15
18
27
34
18
-6
-16
-25
-25
-20
-26
-30
-21
-3
22
51
48
40
32
43
58
49
29
16
9
31
22
16
9
8
1
-1
4
10
2
-23
-15
12
23
28
37
29
32
17
-2
-7
-5
-19
-19
-14
-26
-37
-42
-37
-4
26
40
40
37
33
27
30
23
14
11
26
9
0
-4
-11
-18
4
20
25
27
22
17
15
19
10
7
6
1
-12
-13
-17
-24
-41
-30
-17
-12
-12
-25
-30
-24
13
37
33
25
10
17
13
0
-8
-14
-13
-17
-36
-53
-58
-66
-54
-38
-19
-5
1
4
12
22
31
28
20
24
31
14
17
16
-12
-21
-7
-4
-28
-51
-45
-18
19
19
12
-3
3
24
35
40
34
39
46
23
9
-9
-15
-11
-31
-33
-24
-36
-55
-48
-12
10
14
27
26
26
33
37
29
6
-2
-1
0
-6
-5
-6
-5
12
35
36
27
23
21
26
10
9
3
-1
-15
-4
4
-9
-3
0
16
21
29
39
30
31
31
14
11
6
4
20
19
11
3
5
1
-3
2
7
21
41
30
43
69
80
80
65
51
39
31
20
-6
-17
-19
-22
-38
-50
-33
-10
0
5
24
33
23
19
19
23
33
20
23
30
23
3
-18
-12
-13
4
11
-1
-14
-20
-11
10
35
61
65
54
35
15
14
12
-4
-17
-11
-13
-15
-27
-44
-56
-55
-53
-47
-25
-28
-11
11
12
18
26
28
34
28
15
4
-10
-19
-24
-31
-25
-34
-42
-28
-30
-10
-7
5
24
37
44
39
44
32
5
6
9
2
-32
-36
-33
-22
-9
-7
-7
-23
-40
-21
-16
-1
-2
4
-8
-17
-14
-11
-13
-20
-23
-28
-40
-45
-40
-40
-25
12
26
29
20
10
6
0
5
-3
-22
-38
-27
-18
-22
-5
-15
-8
-2
-4
-5
-28
-14
9
11
6
9
30
28
12
-8
-27
-22
-34
-43
-46
-29
-30
-34
-28
-24
-12
-2
21
29
30
27
17
2
-4
-4
-2
-14
-28
-38
-44
-57
-67
-64
-60
-53
-56
-40
-28
0
17
17
19
19
14
7
0
-16
-30
-33
-40
-40
-40
-43
-51
-51
-31
-27
-35
-23
-8
15
17
21
27
10
-2
-16
-40
-48
-60
-53
-54
-57
-51
-56
-66
-53
-47
-40
-3
8
17
9
14
3
-8
-19
-31
-31
-33
-30
-35
-52
-59
-60
-36
-25
-9
4
-4
-6
-6
-9
-12
-21
-31
-47
-58
-63
-54
-38
-31
-35
-35
-17
-30
-23
-10
4
22
8
4
3
-3
-21
-36
-33
-38
-39
-53
-68
-53
-38
-51
-31
-1
-1
0
-10
-9
-13
-22
-18
-26
-21
-14
-11
-19
-36
-20
-19
-4
3
9
-5
-39
-23
-1
6
4
-10
-14
-30
-37
-52
-74
-72
-76
-82
-80
-43
-25
-36
-36
-6
20
12
4
-5
-18
-19
-18
-25
-43
-62
-51
-58
-68
-74
-53
-54
-49
-56
-28
-24
-32
-18
-1
-2
-4
-14
-18
-24
-26
-45
-53
-61
-68
-51
-41
-42
-37
-37
-38
-33
-12
-5
14
8
3
14
9
3
-9
-16
-15
-26
-51
-68
-75
-78
-81
-66
-40
-28
-30
-21
-5
10
20
15
37
53
48
40
25
11
7
-13
-12
-18
-43
-55
-60
-51
-3
15
7
-3
-12
14
14
5
16
22
33
16
4
-1
-2
-9
-20
-27
-19
-11
-22
-26
-31
-21
5
20
15
5
-6
-10
-4
-1
-8
-11
-9
-19
-33
-45
-54
-44
-21
-9
-13
-20
-30
-32
-5
16
28
19
8
14
8
3
-3
-12
-17
-13
-19
-37
-52
-46
-64
-65
-56
-56
-41
-36
-14
13
16
7
1
12
-1
-1
12
17
7
-7
2
-11
-22
-30
-52
-44
-35
-38
-37
-35
-25
-15
-15
-3
11
35
37
37
42
35
30
33
32
35
32
17
0
5
1
-13
-51
-85
-95
-92
-85
-69
-59
-62
-75
-60
-33
-44
-61
-69
-72
-73
-109
-138
-167
-198
-225
-250
-277
-329
-365
-403
-443
-462
-481
-530
-619
-690
-748
-807
-850
-881
-899
-892
-902
-920
-961
-1014
-1080
-1186
-1308
-1424
-1501
-1565
-1610
-1565
-1445
-1329
-1173
-932
-650
-451
-337
-205
11
327
720
1140
1552
1914
2274
2635
2987
3305
3552
3719
3691
3518
3244
2896
2502
2062
1676
1355
1055
770
471
171
-103
-317
-492
-671
-844
-963
-1040
-1029
-927
-846
-820
-826
-827
-807
-785
-718
-620
-509
-375
-238
-147
-87
-54
-42
-27
-39
-41
-23
-27
-17
5
15
-2
-4
44
78
104
126
157
182
179
193
199
197
165
145
143
131
108
83
56
47
20
8
-18
-36
-56
-65
-83
-123
-125
-134
-129
-142
-149
-131
-110
-111
-120
-90
-52
-24
12
28
56
95
109
121
119
111
121
118
112
102
97
95
72
60
70
38
11
-23
-50
-51
-54
-74
-96
-97
-95
-91
-71
-71
-71
-82
-73
-59
-44
-47
-56
-41
-29
-21
-14
-7
13
25
22
35
28
35
43
38
16
2
12
13
4
16
49
52
39
18
8
17
8
-10
-11
12
33
57
61
51
49
54
49
30
8
-8
-21
-4
-29
-54
-42
-22
-2
18
39
56
44
40
15
18
30
39
32
18
4
9
37
21
-9
-21
-22
-14
-29
-36
-38
-37
-18
-14
-13
-11
-14
-20
-34
-28
-28
-26
-33
-45
-36
-10
-1
-20
-36
-54
-61
-50
-42
-37
-38
-32
-26
-22
-21
-15
-23
-20
14
4
-25
-32
-29
-41
-47
-36
-41
-45
-44
-40
-29
-18
-8
-19
-30
-6
14
11
-26
-36
-22
-19
-17
-13
0
24
35
41
60
87
93
103
99
103
102
95
93
104
100
67
60
72
84
71
54
59
74
78
86
89
74
60
64
51
37
18
-10
-30
-66
-92
-136
-163
-195
-227
-260
-306
-351
-367
-362
-328
-294
-242
-189
-126
-5
140
300
442
513
586
679
774
826
852
869
884
899
920
897
819
717
621
505
394
309
204
76
-80
-196
-263
-318
-368
-437
-549
-691
-811
-890
-899
-889
-852
-801
-766
-732
-640
-531
-422
-329
-244
-136
-39
40
95
144
195
230
282
358
421
483
531
580
553
497
450
376
322
296
228
134
62
10
-39
-66
-92
-112
-152
-198
-245
-286
-285
-274
-270
-289
-310
-354
-394
-441
-463
-457
-466
-483
-514
-537
-516
-512
-483
-428
-347
-242
-176
-138
-124
-101
-82
-67
-53
-44
-28
2
56
84
117
150
171
172
175
155
140
133
120
104
99
88
57
38
9
-2
-7
-8
-14
-23
-39
-61
-73
-78
-80
-73
-82
-92
-102
-88
-88
-82
-80
-80
-81
-64
-47
-43
-23
-22
-5
16
9
3
-14
-15
-7
-14
-17
-44
-39
-37
-35
-32
-46
-37
-8
25
31
15
4
11
21
16
3
5
3
-10
-34
-34
-43
-51
-45
-38
-32
-13
7
-9
-6
2
8
6
-3
3
5
5
3
-11
-7
-13
-20
-42
-22
-19
-18
-26
-13
21
25
26
35
30
25
23
21
24
27
21
15
8
-4
-3
-6
-6
-12
0
8
-6
3
23
48
69
73
68
55
51
53
40
18
-3
5
3
-5
-12
-24
-24
-14
-2
-2
6
-2
-13
7
25
19
20
13
2
0
3
-33
-37
-36
-31
-22
-1
3
-12
-1
1
0
11
-2
5
7
17
43
33
14
-3
-5
-8
-15
-28
-41
-47
-30
-21
-28
-18
-11
1
14
16
27
38
27
23
22
18
10
3
-11
-17
-3
4
-10
-50
-48
-20
3
10
22
42
51
48
29
16
18
10
17
11
2
-2
8
18
24
50
50
35
43
41
53
50
54
56
48
45
46
32
17
11
-2
-2
15
25
-1
-8
8
18
36
37
37
55
52
49
54
35
21
9
18
6
-2
-11
-11
-9
-2
35
51
64
51
43
64
53
62
67
66
81
72
63
68
72
67
63
78
83
89
82
77
88
107
117
117
117
116
125
123
113
108
110
106
90
96
111
98
81
91
112
113
119
121
128
131
135
144
140
152
147
134
124
90
85
89
91
85
78
61
51
57
55
66
81
95
95
83
100
102
89
76
66
66
58
59
68
55
45
67
80
86
87
73
58
45
38
34
22
14
30
34
30
28
22
20
37
45
61
46
22
33
32
34
42
40
38
41
48
20
5
12
15
14
7
2
-11
-9
-3
18
42
28
36
22
3
21
10
-3
-16
-24
-29
-42
-40
-49
-48
-37
-34
-41
-41
-60
-82
-70
-59
-60
-58
-61
-54
-54
-56
-53
-57
-81
-102
-102
-107
-115
-118
-96
-87
-84
-71
-76
-93
-98
-96
-89
-96
-83
-107
-130
-109
-125
-138
-131
-111
-118
-118
-87
-84
-89
-103
-87
-67
-60
-51
-73
-68
-59
-65
-73
-90
-103
-114
-102
-103
-110
-107
-116
-123
-110
-78
-62
-59
-56
-66
-79
-86
-79
-85
-81
-81
-82
-71
-80
-88
-95
-87
-62
-49
-58
-85
-78
-67
-63
-68
-61
-42
-70
-77
-78
-72
-73
-72
-63
-64
-55
-36
-44
-47
-41
-25
-18
-9
-5
-13
-19
-37
-47
-48
-40
-42
-51
-56
-52
-51
-44
-47
-44
-39
-25
-20
2
39
52
53
52
38
22
2
-18
-12
5
-1
-15
-18
-7
-4
-6
-7
1
29
37
30
30
43
66
64
54
42
40
34
24
29
23
11
16
9
13
27
27
27
59
74
73
87
71
59
56
65
56
45
44
38
15
7
3
15
21
8
27
46
42
52
45
34
56
59
52
47
28
24
33
33
22
20
5
10
17
19
25
17
23
26
36
50
48
60
63
59
45
29
28
0
-26
-29
-16
11
36
26
41
70
56
53
70
85
73
66
59
47
48
50
52
37
21
1
-24
-15
-5
6
19
22
34
33
38
33
35
50
50
45
50
35
25
27
24
6
6
6
5
14
33
58
50
28
36
36
32
39
45
37
22
12
18
32
15
-6
7
27
36
38
36
20
23
40
58
47
19
16
20
34
43
35
14
1
2
-1
-10
-23
-37
-40
-16
21
37
41
26
27
41
39
28
0
-13
-10
0
7
-9
-15
-12
-14
-13
-11
-16
-27
-15
-16
4
22
21
15
0
-3
2
5
-13
-31
-31
-28
-34
-40
-26
-17
-7
11
-4
-9
-11
-4
1
-9
3
0
-14
-32
-34
-10
-9
-9
-10
-11
10
15
-5
-22
-2
7
11
8
1
13
19
9
-6
-15
-7
-4
-8
-6
-16
-19
2
11
16
17
12
6
17
13
8
3
-2
-9
-11
-13
-29
-43
-38
-11
2
-4
8
15
-1
-13
12
16
25
20
-2
3
-8
-21
-23
-34
-46
-55
-54
-56
-54
-38
-28
-18
1
47
61
69
58
47
43
27
15
2
-11
-28
-42
-50
-51
-46
-62
-38
-15
-14
-20
-37
-36
-27
-12
-5
-9
11
26
16
12
-9
-39
-45
-30
-46
-47
-27
-20
-23
-8
22
12
15
19
12
15
-3
-2
3
0
-20
-38
-32
-35
-24
-31
-47
-46
-34
-19
-25
-23
-8
2
22
17
21
3
-10
4
-12
-32
-37
-51
-48
-56
-50
-50
-40
-19
-9
-6
10
13
17
12
6
-9
-7
-7
-12
-24
-37
-43
-37
-51
-52
-42
-26
-21
-39
-24
-13
4
12
13
16
-3
-10
-18
-20
-34
-42
-44
-45
-31
-42
-59
-50
-38
-17
0
-3
0
6
19
9
-9
-22
-35
-40
-36
-43
-43
-37
-51
-53
-56
-39
-37
-51
-50
-38
-17
-9
-15
-18
-12
-13
-36
-46
-62
-84
-84
-83
-88
-88
-52
-31
-17
12
7
-5
-14
-32
-21
-12
-9
-12
-1
-10
-24
-25
-33
-36
-48
-50
-40
-34
-38
-42
-10
10
0
-5
-16
-23
-35
-59
-73
-90
-98
-101
-96
-115
-136
-146
-153
-150
-132
-92
-74
-59
-56
-54
-56
-65
-73
-74
-59
-51
-64
-73
-79
-79
-91
-74
-47
-56
-68
-71
-53
-38
-18
-4
-19
-32
-34
-40
-51
-77
-76
-71
-59
-57
-67
-79
-93
-75
-51
-15
-12
-15
-14
-20
-14
-22
-33
-41
-40
-37
-53
-57
-41
-42
-52
-67
-68
-46
-49
-48
-14
8
27
45
47
44
23
11
-4
-18
-22
-37
-39
-53
-61
-49
-40
-30
-10
13
11
3
11
12
19
10
-3
-1
8
2
-13
-9
-15
-24
-15
-7
-16
-22
-26
-17
6
19
6
7
-6
-24
-27
-26
-32
-42
-47
-40
-42
-40
-41
-57
-43
-22
-7
14
14
19
31
29
15
3
16
8
-4
-14
-19
-1
-12
-7
0
-4
-11
-10
-18
-10
3
0
-8
-11
-5
-15
-11
-25
-45
-51
-38
-42
-52
-38
-20
-13
-22
-33
-13
11
-1
-11
-22
-19
-27
-47
-49
-51
-49
-30
-18
-18
-36
-20
-21
-13
6
16
5
-7
1
-4
-3
-2
-12
2
1
-16
-34
-41
-27
-27
-17
-1
19
36
34
27
43
56
37
14
-14
-21
-15
-20
-21
-18
-16
-21
-22
-26
-20
-6
0
-8
2
-5
-27
-31
-33
-25
-3
-4
-15
-9
-7
-12
-22
-20
-12
-16
-12
-14
-3
-4
1
-8
4
22
23
29
16
-7
0
-2
-1
-7
2
4
-1
-4
-9
-17
-19
-18
-26
-38
-53
-80
-72
-65
-74
-56
-41
-25
-25
-32
-33
-43
-57
-76
-80
-98
-119
-136
-143
-140
-119
-111
-150
-192
-236
-278
-299
-323
-344
-361
-360
-383
-422
-454
-480
-501
-544
-565
-587
-644
-751
-873
-996
-1149
-1340
-1536
-1746
-1926
-2018
-2016
-1945
-1860
-1656
-1396
-1222
-1120
-991
-788
-485
-75
406
887
1265
1566
1796
1998
2200
2342
2424
2388
2239
2093
1936
1746
1484
1197
936
730
573
459
364
286
259
248
223
193
160
125
132
202
229
181
135
102
64
16
0
2
-1
-1
-4
-18
-63
-99
-105
-115
-89
-71
-41
-9
18
37
45
54
59
68
101
136
156
165
133
80
32
-24
-55
-67
-72
-93
-109
-116
-111
-72
-54
-58
-52
-51
-50
-81
-97
-94
-62
-22
-30
-25
-32
-49
-39
-39
-16
-15
-1
32
53
67
68
63
75
92
104
93
79
60
64
90
89
84
76
79
69
58
36
18
-9
-30
-43
-34
-19
-17
-25
-43
-40
-27
-23
-31
-44
-56
-56
-52
-53
-59
-34
-31
-36
-29
-26
-26
-31
-24
-13
-2
-8
-17
-12
-16
1
9
-10
4
15
6
-8
-12
-15
-26
-31
-36
-26
-28
-27
-7
47
91
107
135
159
167
168
168
156
118
89
71
42
15
10
8
13
28
52
75
62
36
46
49
53
40
30
8
-27
-32
-53
-67
-92
-89
-71
-80
-87
-93
-99
-100
-93
-70
-60
-55
-57
-43
-29
-46
-57
-53
-38
-38
-43
-38
-41
-44
-33
-17
-1
4
-18
-17
-3
7
7
28
50
36
27
17
-7
-9
-15
-25
-21
-19
-33
-39
-26
-3
19
35
15
12
14
23
2
-16
-21
-22
-11
-5
-17
-3
20
14
19
71
108
119
126
122
142
148
133
140
145
146
137
111
84
64
51
42
54
70
73
78
83
81
94
111
108
100
73
42
30
12
-10
-41
-61
-116
-171
-218
-253
-277
-327
-373
-418
-462
-505
-534
-540
-520
-485
-422
-341
-218
-70
93
228
316
398
495
596
695
778
842
868
913
977
1016
976
900
844
759
662
573
432
274
123
-2
-94
-170
-239
-349
-472
-586
-665
-709
-763
-761
-685
-616
-543
-452
-361
-261
-154
-57
15
70
102
134
162
174
208
219
238
293
381
442
457
499
520
504
453
357
287
211
130
82
-4
-110
-220
-292
-325
-348
-354
-396
-455
-500
-511
-504
-476
-444
-427
-429
-486
-553
-599
-629
-627
-618
-644
-680
-726
-788
-819
-796
-689
-514
-346
-173
-57
3
70
126
177
212
216
222
237
260
281
319
330
324
324
337
325
300
286
244
206
184
166
147
112
65
22
-27
-49
-70
-96
-117
-147
-158
-170
-182
-163
-165
-175
-171
-171
-170
-155
-134
-122
-112
-85
-54
-23
-9
5
27
43
51
57
48
44
49
67
61
52
32
19
21
18
7
-19
-41
-61
-77
-78
-73
-70
-75
-78
-72
-63
-44
-45
-34
-20
-20
-25
-26
-22
-20
-31
-26
-19
-14
-7
8
13
-7
2
8
3
-3
11
21
27
30
43
25
8
2
-10
-13
-4
-2
5
8
16
20
22
23
32
50
65
62
32
10
10
17
18
4
-8
-18
-38
-40
-34
-32
-25
-17
2
5
0
10
23
19
22
34
24
44
54
53
36
3
-17
-28
-32
-45
-34
-17
-13
-11
10
32
26
31
26
36
40
30
34
28
30
17
14
25
8
-18
-23
-4
22
35
24
5
15
26
30
59
53
47
42
31
14
3
0
3
0
-8
-14
-5
2
-2
11
12
-4
-6
0
18
23
15
11
14
22
21
23
18
15
13
10
17
18
18
0
-2
17
35
45
50
47
58
70
82
76
73
61
53
61
65
69
58
30
26
55
63
45
62
71
68
64
85
114
110
98
93
85
79
76
82
90
88
77
52
26
6
11
29
34
28
22
40
60
67
68
52
40
51
49
47
50
51
52
49
55
67
56
73
64
43
43
38
44
46
48
47
46
60
71
85
76
64
61
59
54
58
57
59
56
57
64
59
50
56
67
73
62
54
66
86
88
94
93
94
102
99
109
105
78
80
74
78
83
75
72
70
76
69
70
88
93
102
107
109
80
66
68
61
54
45
44
72
84
69
45
26
14
18
50
72
88
91
91
104
103
109
120
101
65
48
50
36
23
25
32
35
29
18
18
35
48
59
69
66
40
29
44
38
53
53
43
48
52
38
22
22
7
7
25
29
32
20
20
28
38
55
55
53
43
50
38
26
17
-7
-18
-13
-23
-33
-44
-53
-68
-63
-28
-30
-41
-44
-34
-26
-13
-14
-25
-28
-39
-55
-76
-68
-75
-83
-86
-88
-90
-97
-88
-91
-59
-29
-37
-57
-70
-67
-64
-64
-59
-76
-82
-69
-61
-67
-72
-83
-89
-79
-74
-75
-70
-71
-67
-67
-56
-61
-70
-55
-61
-75
-75
-95
-103
-108
-125
-132
-127
-126
-123
-103
-60
-65
-72
-64
-68
-74
-66
-78
-91
-84
-78
-89
-108
-107
-112
-106
-80
-64
-67
-58
-59
-64
-56
-44
-23
-9
-11
-18
-15
-23
-40
-56
-57
-58
-62
-72
-62
-74
-82
-67
-42
-22
-5
12
-6
-6
5
-4
1
0
-10
6
9
-5
-16
-38
-45
-36
-8
0
-3
-12
-10
9
20
30
44
60
58
26
7
9
23
19
6
7
16
17
21
36
40
54
53
70
71
77
81
77
60
41
55
82
84
61
48
56
57
67
67
66
63
69
91
101
109
110
94
103
104
94
97
93
88
75
60
63
48
47
66
79
97
104
108
119
124
127
127
111
103
98
102
100
92
68
53
56
53
64
72
66
65
69
91
110
122
118
107
115
102
98
98
85
82
84
85
89
90
100
97
104
130
144
139
130
112
111
113
110
101
102
118
116
106
99
90
83
75
100
117
120
99
99
110
95
98
103
107
112
88
78
49
37
37
49
63
72
79
90
84
89
105
107
87
72
66
67
66
27
17
20
20
11
-2
6
14
32
45
40
45
52
35
36
40
35
39
39
48
35
21
32
18
4
-3
2
3
4
18
24
26
30
49
68
62
53
48
37
31
21
7
-15
-20
-33
-41
-36
-59
-59
-62
-53
-35
-27
-47
-51
-34
-10
8
20
22
17
32
20
-3
-21
-44
-64
-78
-65
-45
-52
-64
-70
-39
-24
-20
-17
-28
-34
-24
-12
5
-5
-17
-31
-34
-38
-28
-39
-45
-39
-15
-10
-45
-66
-54
-42
-27
-25
-18
6
4
-5
-40
-52
-53
-70
-76
-69
-51
-54
-64
-55
-38
-30
-29
-26
-36
-41
-41
-24
-18
-25
-19
-19
-22
-50
-47
-37
-47
-59
-48
-33
-32
-34
-14
-3
6
-6
0
-2
-10
-12
-13
-14
-38
-51
-44
-38
-52
-65
-65
-60
-47
-26
-20
-22
-26
-23
-19
-25
-25
-52
-64
-63
-56
-45
-53
-63
-47
-35
-22
-33
-52
-42
-30
-36
-35
-31
-25
-24
-26
-26
-37
-59
-67
-61
-63
-61
-46
-41
-37
-34
-8
8
-6
6
7
5
10
4
-2
-25
-37
-44
-50
-65
-72
-73
-66
-52
-39
-42
-55
-57
-50
-41
-30
-16
-3
-2
-17
-28
-42
-62
-52
-57
-63
-58
-56
-65
-66
-57
-22
-19
-26
-22
-11
6
-3
-12
-4
1
-9
-33
-36
-36
-36
-54
-68
-66
-56
-40
-59
-64
-45
-41
-29
-28
-4
0
-11
-14
-18
-21
-27
-48
-62
-72
-72
-75
-81
-77
-65
-57
-62
-62
-54
-45
-32
-23
-29
-20
0
15
11
-9
-15
-17
-15
-21
-26
-38
-47
-35
-32
-35
-34
-24
-23
-12
-2
-1
5
-3
-2
8
10
-3
-18
-37
-44
-39
-26
-18
-19
-18
-18
-3
-3
-18
-18
-34
-29
-35
-33
-38
-41
-45
-48
-40
-34
-41
-37
-22
-14
-9
-1
3
6
5
5
-11
-19
-30
-44
-50
-35
-21
4
13
-3
-17
16
51
48
36
41
35
35
36
48
35
6
-14
-18
-27
-33
-54
-67
-59
-46
-37
-43
-47
-35
-24
-15
-4
-5
1
5
-15
-24
-37
-58
-71
-64
-73
-61
-52
-74
-61
-25
-22
-14
1
2
6
1
-16
-12
-14
-33
-45
-37
-42
-51
-64
-59
-48
-30
-15
-45
-72
-54
-16
21
30
21
18
-3
-7
-18
-26
-45
-47
-44
-45
-56
-62
-64
-62
-49
-35
-32
-34
-57
-58
-30
-8
7
10
17
8
1
5
-6
-15
-20
-23
-22
-32
-43
-43
-33
-19
-5
0
7
-3
-6
5
7
9
17
9
-8
-20
-30
-39
-42
-43
-19
-14
-34
-34
-34
-28
-32
-34
-27
-44
-47
-43
-37
-48
-56
-45
-46
-44
-36
-40
-37
-12
6
-10
-21
-12
-13
-20
-31
-34
-25
-29
-48
-55
-48
-50
-58
-53
-51
-44
-8
15
23
24
29
27
16
17
7
-11
0
-5
-13
-27
-25
-31
-47
-43
-33
-35
-55
-51
-44
-26
-13
-19
-16
15
15
5
-21
-31
-25
-4
2
-24
-59
-70
-58
-57
-28
2
5
2
9
20
14
19
24
10
35
55
64
52
61
57
48
27
33
49
24
-2
-17
-16
-16
-34
-33
-61
-79
-69
-64
-79
-79
-51
-34
-24
-9
-13
-14
-16
-3
-8
-42
-66
-85
-87
-100
-144
-196
-257
-298
-331
-350
-378
-416
-462
-487
-509
-509
-508
-550
-588
-601
-621
-675
-780
-915
-1071
-1238
-1422
-1601
-1762
-1858
-1878
-1894
-1859
-1712
-1507
-1385
-1294
-1178
-1005
-708
-284
193
708
1168
1557
1885
2180
2446
2641
2741
2678
2470
2217
1956
1688
1375
1021
675
403
239
133
68
27
44
81
85
74
100
155
197
286
397
440
425
386
298
200
146
132
133
116
57
0
-76
-126
-129
-136
-136
-114
-92
-63
-32
-11
-1
17
40
73
84
108
126
131
147
126
107
80
52
17
-18
-45
-63
-71
-99
-99
-71
-38
-28
-36
-23
-22
-27
-29
-31
-27
-34
-36
-38
-44
-40
-29
-16
13
32
41
45
50
71
71
76
101
98
90
104
110
115
131
120
96
76
64
43
42
33
17
5
-2
-18
-39
-15
-16
-31
-21
-42
-45
-28
-23
-21
-25
-29
-26
-21
-19
-31
-33
-19
2
9
6
-6
-1
27
28
25
37
49
48
44
49
59
71
58
58
55
46
48
44
28
36
83
102
108
114
116
137
138
138
129
147
153
125
100
80
60
47
43
46
26
5
-19
-25
12
44
68
84
100
99
74
72
64
39
28
10
-18
-28
-25
-13
-35
-53
-50
-55
-54
-36
-37
-33
-26
-31
-42
-20
-22
-29
-20
-20
-26
-30
-34
-32
-16
-17
-41
-24
-5
12
16
1
-6
6
10
22
11
-1
-5
-12
-4
-10
-4
2
-1
12
22
14
13
14
8
18
2
-15
-15
-20
-5
-2
3
8
16
12
12
24
39
46
36
35
44
64
90
98
111
134
140
143
134
111
108
119
114
106
85
62
58
55
77
82
84
86
76
69
57
60
42
21
12
17
17
-4
-32
-68
-117
-152
-189
-236
-309
-375
-438
-489
-521
-540
-529
-486
-450
-396
-320
-191
-17
154
282
362
462
589
709
785
855
905
956
1027
1101
1121
1068
1001
918
812
708
613
475
283
94
-40
-134
-221
-287
-356
-507
-684
-832
-933
-958
-946
-883
-790
-710
-629
-508
-359
-210
-67
34
108
184
254
284
324
365
380
389
416
444
492
543
572
547
508
435
332
237
142
50
-41
-151
-224
-272
-298
-327
-355
-396
-420
-447
-487
-497
-459
-420
-407
-411
-442
-495
-530
-555
-579
-583
-604
-619
-652
-643
-622
-559
-447
-304
-133
-8
55
111
150
198
239
260
254
259
284
333
386
418
415
378
365
354
320
280
250
211
173
143
113
89
76
59
32
24
26
-5
-35
-45
-47
-30
-20
-33
-44
-44
-30
-9
6
8
-1
-4
25
34
18
31
41
32
39
54
70
54
44
30
21
32
25
11
38
53
55
33
13
3
9
12
4
11
10
-15
-22
-8
-5
-13
-21
-21
-18
-19
-12
-21
-11
-12
-19
-19
-20
-31
-29
-24
-2
-8
-31
-51
-43
-27
-11
10
1
8
4
4
2
-1
12
-10
-14
-4
-8
-3
-10
-9
10
38
37
26
35
45
33
31
33
27
19
23
22
2
-18
-14
-28
-19
-22
-18
-9
-20
-23
-12
6
26
28
23
26
24
8
1
13
11
11
-3
-4
-5
-22
-34
-16
19
33
30
41
32
40
36
28
21
18
32
24
16
33
46
52
51
51
49
48
33
26
13
22
20
10
5
5
14
11
16
14
14
16
21
25
31
18
9
11
33
28
19
3
-2
8
3
-7
-14
-11
-5
6
32
43
62
61
67
75
76
71
37
18
27
33
46
51
48
53
48
39
33
36
37
35
52
63
77
72
64
66
77
67
69
67
65
56
32
30
43
53
45
47
49
56
85
84
94
113
122
107
80
79
85
87
72
66
73
62
64
56
49
48
51
52
48
59
63
54
60
84
117
130
126
104
93
96
101
92
90
80
75
75
74
70
68
77
102
118
138
123
103
112
121
136
147
129
136
147
148
142
122
101
87
82
77
86
92
90
91
107
124
121
128
133
129
142
146
147
143
138
132
118
123
116
108
105
109
122
116
106
89
92
102
126
137
146
142
152
151
131
112
115
125
114
97
86
88
80
71
76
97
94
89
89
88
102
101
104
108
112
119
132
152
127
103
100
96
93
76
67
48
54
70
92
101
94
90
93
105
119
123
124
117
108
92
78
61
56
57
67
68
55
41
48
45
34
22
27
25
26
32
47
50
41
28
23
24
4
3
1
-34
-44
-49
-46
-45
-54
-36
-20
-29
-36
-45
-38
-37
-32
-45
-49
-51
-71
-79
-64
-49
-32
-36
-42
-60
-50
-40
-53
-45
-44
-42
-36
-45
-53
-45
-45
-62
-57
-46
-53
-76
-88
-83
-64
-65
-65
-54
-38
-37
-44
-39
-49
-62
-58
-64
-59
-68
-78
-80
-61
-28
-23
-27
-31
-53
-55
-36
-21
-17
-12
-22
-44
-36
-31
-28
-32
-32
-16
-11
-11
-23
-16
-19
-22
-2
1
13
6
-9
-20
-25
-31
-24
-10
-9
-17
-13
-23
-25
-7
31
41
40
21
31
43
51
65
69
61
51
41
47
41
36
22
7
17
15
8
-6
18
40
36
56
57
59
67
75
79
55
31
15
15
17
15
18
11
3
14
39
41
36
45
42
49
34
33
41
38
26
12
25
18
25
25
33
42
47
37
24
40
59
61
49
34
36
42
39
26
26
37
35
40
33
24
33
36
30
29
52
60
50
55
62
70
58
47
29
15
19
30
22
16
29
39
51
71
75
65
55
43
37
29
43
41
30
32
45
40
26
18
27
41
47
56
59
55
31
34
56
65
71
56
38
19
-5
8
33
27
36
53
53
41
46
38
44
62
45
38
18
18
33
38
26
16
20
28
35
33
32
24
7
-9
-14
7
15
19
29
52
73
66
64
41
30
30
11
0
2
-14
-17
-30
-39
-40
-32
-34
-13
12
27
38
21
19
28
41
37
23
32
35
18
-5
-31
-38
-48
-51
-45
-31
-17
-16
-29
-17
9
4
-17
-13
-17
-16
-8
-10
-20
-14
-15
-22
-14
-15
-13
-16
-18
-8
0
4
-3
-9
-7
2
-3
-15
-26
-18
-4
5
16
-10
-25
-11
1
30
23
9
4
-3
14
12
11
17
5
4
2
-3
7
11
0
12
20
17
30
23
28
42
53
30
-6
-4
-5
-4
2
4
-1
4
5
7
3
4
16
34
37
33
19
20
9
7
3
-5
-2
-18
-20
-5
4
18
26
36
23
22
37
35
41
48
34
29
21
-3
-26
-13
-3
11
29
23
28
27
32
25
20
21
22
28
36
28
10
6
11
24
37
23
-1
-13
8
10
11
19
13
15
23
29
30
22
9
7
4
10
3
-18
-36
-28
-20
-10
9
7
19
28
37
17
-6
-5
-10
-5
-11
-7
-6
-14
-32
-42
-23
-10
-22
3
21
31
33
41
41
37
26
6
-9
-11
-23
-16
-6
-5
-5
-20
-36
-35
-41
-27
-20
-32
-30
-24
-20
-23
-21
-33
-36
-32
-32
-16
-20
-24
-44
-45
-26
-35
-34
-33
-43
-48
-27
-2
-21
-44
-53
-39
-26
-33
-36
-31
-20
-26
-38
-32
-43
-44
-19
-15
-13
-13
-14
-24
-43
-49
-47
-68
-68
-64
-62
-63
-41
-35
-43
-30
-8
-9
-10
-17
-21
-18
-27
-30
-29
-30
-34
-54
-71
-83
-60
-43
-47
-35
-14
-17
-42
-40
-35
-33
-31
-39
-25
-16
-15
-19
-32
-49
-55
-43
-53
-63
-60
-81
-87
-78
-34
-17
-13
-13
-14
-17
-11
-16
-32
-45
-61
-62
-67
-76
-78
-84
-80
-66
-46
-36
-52
-34
-27
-26
-23
-30
-32
-30
-33
-50
-75
-76
-74
-68
-52
-47
-51
-43
-29
-31
-7
11
-1
-25
-31
-24
-31
-31
-39
-64
-52
-43
-44
-45
-35
-29
-29
-15
-14
-32
-40
-31
-14
-8
-8
-31
-46
-41
-48
-66
-75
-75
-66
-48
-34
-37
-28
-17
-32
-24
4
-9
-29
-42
-60
-61
-60
-58
-59
-48
-42
-54
-44
-46
-32
-30
-24
-15
-32
-38
-60
-68
-66
-62
-65
-67
-69
-72
-68
-59
-63
-61
-65
-49
-40
-40
-48
-49
-53
-54
-30
-38
-54
-51
-64
-75
-78
-66
-63
-49
-49
-52
-32
-36
-39
-39
-30
-13
-8
-28
-51
-47
-41
-32
-44
-56
-50
-36
-39
-29
-55
-63
-46
-20
-19
-27
-19
-26
-37
-48
-37
-30
-31
-46
-56
-55
-70
-67
-41
-39
-34
-31
-30
-47
-60
-43
-37
-38
-33
-38
-74
-52
-26
-14
-8
-13
-13
-21
-27
-34
-48
-49
-50
-59
-69
-55
-49
-45
-48
-29
6
1
-6
-7
-17
-1
3
-2
-7
-25
-30
-21
-25
-49
-49
-47
-45
-44
-38
-40
-33
-12
-7
-13
-16
-24
-28
-26
-39
-42
-50
-57
-73
-83
-79
-71
-77
-81
-69
-43
-14
-11
-1
2
-6
9
12
15
-1
-22
-23
-26
-23
-34
-34
-47
-48
-32
-34
-28
-37
-25
-15
-12
-3
3
21
35
15
9
11
6
6
4
0
2
22
36
30
29
38
43
20
2
-24
-34
-57
-77
-75
-70
-66
-59
-65
-61
-69
-77
-75
-61
-55
-67
-119
-147
-176
-197
-232
-282
-314
-340
-383
-417
-449
-494
-543
-594
-670
-733
-790
-859
-914
-925
-910
-912
-929
-970
-1008
-1059
-1162
-1290
-1424
-1547
-1652
-1760
-1805
-1766
-1652
-1492
-1291
-1000
-685
-472
-328
-136
151
532
956
1407
1839
2223
2602
2982
3337
3647
3914
4086
4054
3845
3512
3079
2604
2137
1735
1355
1010
683
337
-18
-342
-572
-756
-948
-1116
-1240
-1304
-1273
-1144
-1036
-994
-967
-928
-905
-891
-819
-701
-558
-399
-264
-158
-106
-81
-69
-85
-82
-73
-58
-57
-56
-25
-11
-8
21
61
83
110
136
183
225
248
255
259
241
206
177
146
108
75
49
42
34
8
-20
-61
-76
-83
-89
-102
-138
-156
-157
-153
-162
-164
-161
-156
-127
-110
-89
-56
-22
10
44
88
108
126
124
122
143
160
174
172
136
100
88
81
57
36
7
-14
-25
-46
-74
-95
-96
-105
-89
-83
-82
-73
-78
-84
-80
-76
-62
-54
-45
-62
-52
-24
-10
-3
-4
30
48
54
60
56
59
65
75
59
44
54
47
50
30
36
24
29
38
46
35
15
13
23
25
34
55
88
89
63
70
71
47
29
20
9
-3
-26
-46
-52
-33
-9
-10
-4
16
26
32
38
47
44
41
20
23
32
12
-3
-14
-9
-10
-17
-34
-61
-72
-66
-46
-29
-43
-47
-55
-54
-47
-42
-28
-31
-37
-33
-31
-23
-27
-37
-27
-17
-22
-35
-49
-59
-52
-26
-17
-23
-22
-15
-7
0
1
6
8
19
13
7
2
-23
-5
-13
-21
-21
-24
-38
-45
-35
-31
-34
-24
-14
-7
-7
1
7
1
6
25
54
59
71
77
89
104
91
92
89
76
77
69
69
61
73
84
71
70
70
45
36
50
82
102
104
80
81
74
56
30
6
-10
-26
-36
-76
-116
-150
-198
-239
-253
-273
-310
-350
-381
-407
-408
-403
-370
-308
-232
-138
-23
124
272
385
450
519
626
715
752
771
785
795
826
864
827
723
638
556
467
397
325
227
119
-11
-119
-204
-263
-316
-375
-489
-636
-758
-837
-863
-861
-826
-774
-751
-695
-616
-521
-429
-345
-278
-197
-81
15
57
80
94
147
211
302
391
438
489
532
544
504
426
349
306
277
211
122
38
-24
-65
-76
-78
-126
-182
-222
-264
-291
-318
-319
-327
-334
-346
-387
-441
-472
-496
-527
-546
-571
-574
-590
-605
-569
-524
-456
-385
-316
-253
-210
-168
-142
-118
-88
-83
-79
-69
-21
26
62
97
120
133
131
127
132
111
114
88
72
53
34
37
41
34
5
-19
-32
-62
-69
-70
-79
-112
-131
-132
-121
-119
-115
-121
-133
-125
-126
-128
-112
-95
-87
-87
-39
-26
-19
-16
-7
5
-8
-5
-18
-34
-34
-48
-38
-52
-32
-11
-14
-8
-14
-14
-6
7
22
20
-3
-24
-26
-24
-19
-5
-17
-24
-32
-36
-43
-40
-44
-57
-37
-23
-16
-16
-16
-15
-17
20
40
42
29
16
5
-6
5
-2
-9
-18
-8
-9
-23
-19
-24
-17
1
6
-5
-15
-2
2
5
18
31
53
40
23
-7
-28
-47
-48
-42
-57
-61
-58
-53
-46
-32
-13
-23
-21
-11
3
9
15
12
9
-3
-16
-24
-27
-17
-16
-22
-2
17
2
-19
-34
-20
5
22
25
18
11
9
-1
-21
-26
-38
-37
-27
-33
-40
-47
-38
-20
9
35
17
6
9
11
13
-4
-2
-2
-5
-8
-13
-20
-23
-20
-32
-45
-28
-8
-5
-9
-12
-20
-9
4
-2
-9
-4
3
15
2
-14
-25
-32
-58
-54
-48
-48
-47
-20
11
9
16
26
39
37
13
21
31
27
23
8
20
10
-1
-10
-5
-9
5
9
7
21
29
34
42
30
53
58
42
22
13
-5
-19
-32
-52
-59
-50
-38
-30
-5
17
12
28
33
33
46
20
9
19
22
15
11
-4
-8
-12
-26
-30
-28
-27
-21
-17
0
27
59
69
63
51
57
68
54
40
37
35
43
28
34
56
49
42
49
72
59
62
78
77
92
84
79
75
73
79
83
70
48
37
39
44
73
91
80
57
65
69
66
77
94
95
83
67
54
49
36
38
47
36
29
14
1
-1
25
59
46
37
32
27
36
53
69
56
45
58
40
34
41
40
27
14
2
-6
-31
-52
-37
-25
-15
17
39
71
74
70
70
68
62
56
46
30
2
-5
13
19
35
49
39
26
8
8
6
3
3
1
13
20
5
12
26
24
23
22
2
-4
-13
-31
-21
-17
-30
-46
-46
-41
-58
-56
-32
-23
-17
-24
-18
-15
-11
-7
-5
-20
-10
-15
-39
-42
-43
-37
-53
-71
-68
-67
-66
-75
-67
-53
-57
-58
-58
-58
-48
-56
-86
-96
-92
-114
-126
-134
-138
-123
-108
-89
-100
-119
-112
-105
-107
-109
-97
-91
-90
-94
-101
-88
-111
-114
-112
-116
-102
-109
-107
-94
-95
-88
-84
-79
-78
-84
-90
-87
-87
-94
-107
-116
-115
-114
-92
-70
-73
-73
-58
-42
-41
-49
-72
-72
-57
-65
-76
-77
-80
-99
-86
-56
-53
-53
-58
-48
-48
-53
-40
-38
-32
-31
-38
-49
-59
-57
-59
-48
-37
-51
-67
-85
-75
-49
-24
-9
0
10
6
-6
-7
-28
-37
-32
-25
-25
-34
-43
-51
-38
-16
4
-5
3
6
-1
9
23
22
7
-10
-11
-7
-20
-27
-38
-52
-36
-7
4
-15
-16
4
7
13
15
4
19
23
18
13
1
-18
-28
-21
-22
-14
-6
-14
1
17
20
23
33
26
14
20
19
8
7
2
-11
-12
2
1
-2
-4
-3
6
14
-6
0
12
32
54
37
20
27
16
12
5
-11
-23
-18
-27
-53
-43
-31
-24
-3
18
42
47
52
49
41
57
35
22
22
29
26
22
17
-4
-9
-12
-25
-8
0
-13
-20
-7
20
23
35
37
46
53
39
23
0
-14
-18
-16
-18
-12
-15
-28
-30
-15
2
5
14
10
3
10
6
16
12
6
5
16
14
6
23
13
16
16
2
-11
-2
6
-4
0
9
28
36
23
4
10
13
-4
-11
2
-1
-9
-25
-34
-29
-9
7
8
-2
-4
18
13
6
9
27
38
36
23
6
0
-9
-15
-7
-5
-12
-30
-38
-30
-23
0
13
26
34
35
31
18
24
26
0
-13
-23
-12
-2
-7
-21
-11
11
11
2
3
-1
4
5
24
35
31
13
-2
1
3
1
-5
-15
-6
-7
-12
0
-1
3
27
44
53
51
37
35
33
15
-11
-12
-21
-32
-20
-16
-10
-5
15
21
3
2
20
42
40
22
28
28
29
26
24
20
-11
-11
2
5
5
1
-4
-7
11
14
10
19
38
65
67
58
58
35
16
11
5
-3
3
3
-3
-3
2
13
13
15
14
18
26
18
19
33
33
34
22
10
-2
6
5
-2
24
30
19
7
9
15
28
26
29
44
37
24
14
7
23
12
4
-6
0
-15
-17
-2
36
47
51
46
48
52
43
37
26
22
32
24
14
8
2
16
21
16
41
51
35
13
23
40
57
66
60
55
39
15
-2
-6
-12
-20
-16
-14
-15
-11
-29
-27
-6
25
38
34
10
14
21
6
11
0
-12
-16
-17
-17
-14
-10
-5
15
34
27
15
21
17
23
18
24
39
37
25
21
24
23
3
-15
-6
-4
-8
-14
-8
-12
5
9
2
8
10
25
37
38
36
22
13
6
4
12
-8
-30
-34
-43
-48
-55
-57
-46
-29
-25
-8
5
9
27
32
27
21
1
-13
-24
-30
-29
-17
-8
-23
-23
-8
-1
10
11
5
-6
7
16
13
-1
-14
-21
-19
-19
-13
-23
-43
-38
-25
-18
-20
-20
-7
3
18
17
18
7
7
6
-10
-42
-53
-61
-59
-65
-54
-35
-37
-37
-23
-7
-9
-9
-12
-14
-9
-19
-12
-22
-38
-26
-23
-31
-33
-45
-47
-31
-17
-26
-49
-47
-37
-17
-15
-23
-24
-17
-13
-23
-35
-50
-51
-48
-47
-55
-49
-47
-49
-48
-30
-1
-2
8
10
2
-13
-15
6
-5
-12
-20
-32
-41
-34
-36
-31
-34
-28
-25
-36
-37
-36
-19
-3
1
-16
-13
-7
-27
-45
-45
-35
-41
-57
-53
-48
-53
-53
-39
-4
20
22
19
8
2
-2
-15
-5
-9
-15
-18
-3
0
-7
-15
-24
-31
-23
-18
-32
-37
-8
7
19
17
0
3
10
-4
-40
-77
-98
-107
-101
-99
-90
-89
-101
-76
-48
-34
-32
-25
-27
-21
-16
-24
-21
-26
-29
-29
-33
-28
-14
-11
-6
-5
-6
24
13
-18
-18
-12
-19
-11
6
6
-3
-6
-27
-24
-33
-32
-18
-5
11
6
0
1
1
38
50
45
38
31
21
-15
-20
-8
-10
-26
-40
-50
-54
-46
-39
-33
-14
-15
-38
-42
-36
-21
-10
-8
-6
-6
-9
-18
-30
-32
-50
-47
-32
-38
-23
-16
-17
-14
11
38
39
47
59
57
52
42
46
40
47
40
27
17
0
6
2
12
22
31
4
-8
13
28
37
38
52
50
38
27
11
-3
7
8
-2
-5
-20
-33
-42
-48
1
32
26
20
6
3
12
21
27
29
25
9
3
-11
-20
0
6
30
31
30
25
39
68
74
99
99
79
72
66
67
37
19
24
-3
-24
-45
-52
-63
-91
-111
-86
-62
-64
-78
-83
-70
-58
-62
-77
-84
-86
-105
-126
-151
-175
-206
-228
-253
-288
-322
-367
-432
-487
-539
-587
-653
-726
-785
-857
-899
-916
-934
-958
-983
-1006
-1062
-1136
-1238
-1360
-1475
-1572
-1649
-1677
-1620
-1473
-1293
-1050
-744
-459
-267
-119
51
306
615
942
1280
1572
1814
2049
2268
2473
2667
2839
2928
2847
2677
2458
2176
1868
1562
1281
1038
798
581
359
165
-6
-146
-268
-389
-464
-557
-632
-603
-536
-521
-532
-561
-569
-592
-559
-485
-408
-304
-217
-154
-132
-119
-95
-87
-117
-151
-133
-95
-85
-65
-47
-34
-28
-11
28
48
70
105
135
144
138
129
114
107
120
115
92
60
46
50
53
62
57
40
4
-11
-35
-58
-64
-67
-73
-84
-82
-97
-122
-113
-93
-83
-44
-21
6
21
27
42
69
86
96
92
88
90
103
95
81
73
64
66
59
45
38
22
5
-9
5
17
14
0
-18
-30
-31
-29
-36
-28
-24
-24
-36
-39
-33
-22
0
7
10
14
15
19
21
15
3
8
12
12
15
13
22
23
37
48
42
57
60
56
50
33
35
27
10
-9
0
13
18
33
48
82
119
125
112
102
105
104
88
78
63
52
41
26
15
11
3
20
13
15
49
77
80
48
70
71
50
25
18
20
16
1
-16
-32
-28
-35
-29
-6
-20
-20
-11
7
11
15
-11
-28
-16
-6
10
10
-5
-1
-3
-24
-30
-42
-39
-27
-4
-2
7
15
8
7
-3
-15
-18
-14
-15
-13
-23
-34
-41
-61
-71
-60
-51
-56
-54
-60
-50
-56
-47
-19
-24
-31
-22
-15
-3
0
5
1
-12
-15
-26
-17
-3
14
31
51
76
82
95
110
109
120
120
128
120
121
124
100
83
46
37
56
61
60
61
84
95
91
68
37
15
12
24
12
-22
-66
-110
-154
-199
-253
-306
-333
-402
-489
-532
-551
-556
-555
-516
-464
-367
-234
-85
74
216
333
434
554
669
773
880
941
1005
1080
1130
1157
1120
1050
978
864
728
604
471
313
143
-10
-138
-216
-287
-393
-543
-708
-837
-922
-961
-965
-922
-852
-799
-734
-628
-508
-376
-244
-155
-79
3
79
142
192
236
270
318
370
447
527
575
631
662
666
618
535
456
390
318
230
137
50
-54
-132
-178
-216
-258
-323
-378
-431
-455
-478
-491
-456
-418
-422
-461
-508
-552
-567
-565
-587
-613
-620
-644
-678
-683
-659
-583
-468
-321
-176
-65
1
35
60
101
122
119
132
173
200
217
251
256
243
230
230
231
209
203
174
140
121
130
121
80
47
7
-26
-29
-41
-50
-62
-70
-80
-98
-117
-125
-122
-119
-126
-110
-118
-132
-121
-103
-84
-61
-38
-18
-9
10
7
-2
-11
-6
6
10
20
28
28
16
-11
-11
8
-1
-18
-22
-13
-2
7
13
5
8
25
35
19
-7
-15
-26
-14
-8
-13
-41
-51
-25
7
17
0
6
22
10
11
22
17
5
-14
-31
-31
-25
-19
-20
-24
-7
6
-6
-14
-1
28
21
21
26
8
7
-6
-7
-3
-15
-33
-32
-22
-15
-5
-12
-26
-33
-24
-2
10
29
42
51
55
41
16
-3
-10
-3
-9
-3
-10
-24
-19
-4
5
4
12
9
0
2
-4
-13
-11
10
29
15
-11
-25
-39
-27
-14
-4
6
-22
-33
-24
-7
1
9
29
27
15
14
10
-4
-19
-18
-21
-28
-18
-23
-18
8
45
58
50
35
17
20
27
17
6
14
16
-17
-39
-29
-31
-28
-18
4
25
11
-18
-12
9
24
25
28
40
50
43
9
-7
-29
-40
-27
-15
-11
-16
-33
-42
-40
-11
3
-6
-15
-35
-11
18
11
1
-6
-11
-16
-17
-16
-7
5
-8
-3
14
21
6
-4
3
-11
-12
-3
0
10
9
3
-1
-2
8
23
32
34
25
20
26
34
46
44
35
28
27
54
52
44
51
50
49
61
65
53
46
33
33
43
41
42
17
19
33
41
46
47
44
41
45
50
32
3
2
24
46
56
60
41
20
27
58
87
81
73
68
80
83
77
86
105
126
133
127
117
114
109
115
142
168
171
148
148
160
185
191
171
165
174
181
174
143
123
122
134
135
130
155
160
148
151
189
223
202
194
183
180
168
143
141
164
157
136
125
130
126
121
117
110
111
117
111
99
105
114
126
138
155
166
165
159
143
118
105
97
67
53
51
57
40
29
41
34
41
59
63
71
72
75
93
90
66
51
44
37
23
21
24
23
17
14
-13
-13
-6
0
19
31
41
32
16
-4
-33
-55
-61
-64
-61
-82
-91
-94
-87
-62
-44
-37
-50
-54
-53
-41
-44
-47
-53
-42
-45
-55
-66
-95
-92
-81
-65
-69
-68
-57
-80
-67
-54
-53
-45
-39
-32
-22
-39
-69
-87
-86
-85
-87
-88
-82
-69
-72
-81
-78
-85
-92
-92
-99
-97
-63
-57
-69
-76
-77
-82
-78
-88
-98
-89
-93
-109
-96
-66
-64
-84
-82
-73
-78
-61
-44
-31
-25
-30
-30
-16
2
18
28
29
25
26
20
9
8
34
55
44
31
29
38
27
19
29
28
49
38
36
31
24
33
22
26
51
49
26
36
51
65
71
55
48
56
63
56
40
20
18
35
37
36
49
64
66
77
96
88
95
104
105
91
96
111
106
88
81
63
66
57
53
55
52
67
79
74
55
42
48
80
82
81
88
78
72
85
81
80
88
89
82
66
63
49
50
52
83
88
80
83
81
80
86
89
97
105
90
63
53
60
54
66
81
73
68
74
63
84
100
103
87
83
84
81
90
86
73
81
73
67
54
62
59
60
67
75
101
128
145
155
143
134
115
99
116
111
86
90
94
90
92
84
87
81
87
94
93
103
113
118
117
115
104
99
100
72
59
59
62
57
60
55
60
69
79
97
107
93
96
99
97
112
97
83
82
61
50
47
57
43
28
25
24
37
49
36
11
28
55
65
77
72
47
47
43
28
7
5
12
17
11
-16
-22
-20
-37
-37
-4
20
17
10
13
23
23
16
7
8
24
23
10
7
6
3
1
-8
-1
4
-7
-7
-3
1
4
-3
16
36
16
12
8
25
6
3
8
-12
-22
-40
-41
-35
-24
-20
-23
-32
-31
-17
13
13
-16
-23
-5
-4
-7
-11
-9
-3
-11
-26
-27
-35
-48
-40
-32
-31
-22
-22
-5
1
4
1
0
-10
-28
-25
-18
-25
-36
-51
-53
-42
-25
-29
-36
-40
-34
-15
8
6
-1
6
9
-13
-6
-19
-40
-52
-62
-58
-35
-30
-37
-45
-37
-17
-16
-8
3
17
28
33
26
7
-10
-34
-48
-41
-27
-30
-48
-58
-32
-28
-36
-38
-41
-10
6
18
20
14
-9
-22
-10
-19
-36
-68
-79
-67
-67
-65
-84
-80
-66
-51
-29
-11
8
23
6
9
12
1
-5
-3
-4
-5
-19
-22
-20
-22
-16
-10
-25
-36
-23
-16
-22
-20
-12
-21
-30
-32
-20
-31
-47
-55
-53
-45
-36
-35
-57
-54
-47
-25
-5
-12
-9
-10
-10
-25
-36
-44
-37
-37
-65
-77
-67
-53
-56
-72
-58
-32
-32
-40
-33
-17
-2
8
14
12
13
0
0
-14
-23
-32
-28
-22
-11
-22
-48
-39
-30
-11
-5
-3
-2
8
10
-5
-3
-13
-22
-28
-33
-32
-32
-32
-41
-37
-2
6
-1
-13
-9
7
10
15
3
-21
-16
-10
-8
-28
-40
-30
-17
-17
-13
-18
-25
-23
-10
-3
3
-1
16
21
11
11
-7
-17
-21
-41
-62
-61
-65
-70
-95
-93
-42
-28
-25
-19
-20
-1
-1
14
16
17
20
24
23
9
8
-8
-14
-10
-18
-38
-78
-58
-27
-17
-22
-24
-4
-4
-10
-1
-11
-26
-40
-43
-31
-27
-34
-49
-56
-57
-50
-39
-45
-62
-83
-82
-85
-77
-75
-67
-68
-64
-53
-64
-60
-65
-73
-78
-63
-50
-68
-88
-94
-102
-92
-91
-82
-83
-66
-43
-46
-46
-53
-43
-32
-27
-25
-41
-56
-59
-43
-37
-53
-60
-63
-56
-68
-73
-51
-38
-38
-50
-53
-59
-75
-68
-56
-47
-39
-55
-76
-91
-97
-89
-80
-77
-75
-88
-87
-69
-57
-62
-66
-61
-68
-56
-54
-65
-76
-76
-59
-62
-68
-57
-39
-28
-52
-55
-54
-54
-54
-56
-45
-43
-34
-40
-27
-6
-13
-37
-57
-58
-48
-37
-12
1
6
-8
-29
-30
-42
-42
-32
-15
-14
-23
-12
-8
-13
-2
16
19
6
-11
-1
-3
7
25
4
-14
-20
-14
-4
-36
-30
-3
8
12
25
41
22
22
35
32
21
-3
-13
-10
-15
-22
-30
-30
-45
-44
-34
-31
-18
-18
-18
-5
18
19
20
23
2
-13
-17
-23
-26
-24
-32
-37
-28
-42
-43
-31
-31
-30
-6
-7
-21
-25
-16
-4
3
7
9
-12
-25
-48
-49
-38
-41
-39
-32
-16
0
2
-1
14
48
57
53
59
48
30
19
25
20
-6
-13
-19
-32
-63
-71
-67
-81
-78
-70
-76
-83
-65
-46
-36
-27
-17
6
11
-4
-6
-11
-2
8
-9
-40
-83
-132
-164
-187
-176
-156
-158
-182
-206
-226
-232
-251
-274
-319
-375
-444
-548
-676
-848
-1033
-1259
-1495
-1741
-1989
-2188
-2338
-2421
-2471
-2444
-2320
-2227
-2171
-2080
-1929
-1669
-1267
-700
-47
593
1156
1572
1883
2123
2247
2261
2243
2151
2006
1853
1702
1507
1272
1028
813
693
625
553
507
515
536
537
528
527
525
537
548
572
548
482
462
425
383
341
316
295
254
186
92
34
-13
-47
-72
-73
-60
-30
0
29
41
49
53
64
85
117
154
173
184
179
164
139
88
36
4
-11
-19
-34
-67
-64
-35
8
53
65
56
44
28
-1
-31
-34
-34
-17
-8
-15
-23
-44
-50
-32
1
12
32
57
60
86
102
105
115
136
130
119
142
140
123
115
95
67
53
46
24
10
-4
-15
-13
-16
-15
-15
-19
-26
-28
-29
-16
-14
-23
-29
-20
-31
-42
-29
-1
1
-2
-6
14
42
30
40
48
56
67
72
70
55
43
36
50
51
47
40
13
17
32
45
61
45
39
32
41
32
33
31
25
52
66
68
71
68
85
96
107
101
83
74
50
28
36
62
75
91
83
87
104
98
96
85
84
102
111
84
27
16
-4
-15
-17
-20
-17
-49
-70
-82
-92
-86
-84
-77
-84
-86
-72
-69
-53
-52
-41
-58
-80
-78
-71
-74
-88
-80
-65
-64
-65
-55
-36
-26
-9
-2
-14
3
30
43
18
9
40
46
39
10
2
13
17
22
28
25
22
25
17
15
10
16
18
21
31
26
30
40
32
31
29
21
9
6
30
51
75
88
97
103
111
124
135
126
101
101
103
91
76
45
38
38
43
60
63
60
64
70
47
23
24
12
-12
-21
-22
-47
-76
-108
-162
-192
-219
-265
-309
-359
-428
-515
-577
-623
-655
-663
-626
-586
-538
-447
-327
-171
-40
78
185
292
422
539
662
759
850
949
1067
1196
1290
1328
1339
1301
1204
1124
1014
856
645
436
279
190
101
-2
-117
-263
-410
-518
-585
-576
-503
-410
-318
-198
-89
-23
45
136
189
213
229
216
186
124
83
67
55
60
80
143
169
189
220
243
240
193
149
78
-4
-79
-155
-241
-354
-433
-431
-410
-405
-452
-500
-511
-496
-488
-465
-410
-388
-400
-453
-494
-525
-531
-495
-460
-456
-505
-592
-686
-718
-702
-624
-479
-313
-185
-99
-57
-1
82
173
202
202
213
233
258
292
326
337
331
329
317
313
276
267
218
179
138
96
63
14
-4
-16
-20
-11
-22
-28
-54
-82
-83
-80
-86
-89
-98
-105
-86
-59
-65
-62
-49
-26
-31
-25
-2
-1
-5
4
13
5
-7
-11
-7
0
0
-9
-18
3
16
37
26
-17
-24
-25
-14
-14
-32
-18
-13
-11
-1
8
8
6
21
17
10
11
4
18
9
15
5
-10
-21
-30
-28
-18
-3
16
4
32
50
55
57
57
49
38
38
43
16
-12
-16
1
9
3
1
17
18
7
-13
-21
-10
-8
-2
-13
-11
-9
7
21
38
49
45
29
21
14
-10
-38
-41
-44
-24
7
9
3
-8
15
26
30
44
46
41
28
29
49
51
42
27
17
19
21
15
11
15
11
-5
-24
-21
-22
-14
11
29
46
51
49
44
46
40
19
12
5
9
-8
-9
-1
2
16
10
6
27
35
20
6
15
22
24
41
36
26
20
17
12
18
30
21
28
20
16
18
15
0
4
44
58
32
29
49
51
30
19
10
11
12
11
-7
-20
-12
-4
5
15
31
28
23
34
46
59
59
61
60
60
66
64
55
42
33
26
25
33
40
50
53
55
79
68
58
64
77
98
94
69
55
65
57
42
49
43
37
42
45
52
65
77
68
61
62
60
67
64
56
57
70
77
52
23
16
35
43
51
56
68
82
95
116
97
102
108
95
84
69
69
67
62
67
72
69
29
14
11
20
45
63
71
58
68
68
65
67
77
87
91
82
62
35
24
10
1
4
3
-14
-26
-18
2
40
62
67
64
58
57
57
45
27
22
23
21
18
6
20
20
23
30
48
48
15
32
58
68
75
61
76
86
73
65
49
45
32
19
16
12
5
-3
-1
-2
16
32
30
19
6
21
47
47
56
67
58
47
44
43
25
-1
-14
-16
-11
-17
-27
-7
12
29
30
24
26
41
58
61
33
18
-8
-9
-16
-15
-13
-11
-4
-12
-10
-12
-6
-9
-24
-19
-17
-12
-38
-53
-52
-72
-78
-69
-68
-66
-74
-54
-37
-17
-34
-43
-42
-53
-65
-64
-61
-67
-78
-85
-91
-101
-100
-94
-96
-82
-70
-65
-70
-49
-20
-14
-25
-35
-60
-62
-89
-102
-107
-104
-101
-111
-97
-107
-103
-105
-108
-89
-76
-84
-104
-96
-93
-86
-60
-61
-59
-70
-94
-97
-103
-115
-129
-117
-115
-108
-80
-73
-66
-33
-6
3
-1
-19
-21
-5
-4
-18
-30
-45
-48
-47
-46
-53
-56
-69
-69
-43
-26
-38
-60
-55
-38
-14
-16
-13
10
20
21
15
-9
-24
-21
-16
-35
-33
-28
-25
-15
-11
12
18
22
33
35
51
50
64
73
49
40
40
37
23
4
-6
-8
-8
-2
-5
-5
12
36
52
58
50
61
72
85
77
61
55
60
74
71
70
65
57
51
58
75
73
75
87
87
90
79
78
76
66
67
76
82
82
88
84
97
107
107
106
79
75
86
100
100
83
76
67
63
69
70
75
68
87
120
140
140
141
134
150
160
144
142
131
116
127
135
130
99
103
107
112
124
117
121
124
119
129
137
136
116
128
142
138
135
120
106
97
104
99
69
68
70
77
75
70
78
95
109
122
144
151
155
151
150
161
150
152
136
146
136
128
132
127
99
85
107
102
97
69
46
66
95
111
105
99
98
99
127
133
117
100
86
99
82
54
40
23
20
29
31
24
43
50
37
43
34
25
28
33
45
49
51
41
40
43
36
39
40
22
-10
-3
1
-11
-9
6
26
43
59
57
57
58
54
49
34
37
44
44
31
28
50
42
26
11
12
30
22
34
36
45
44
31
41
39
41
22
18
22
29
18
6
-9
-6
-1
4
12
33
45
43
33
24
16
12
4
-14
-32
-37
-42
-42
-37
-13
-9
-14
-10
-7
0
12
25
18
11
3
8
-3
-12
-10
-21
-32
-38
-35
-21
-49
-55
-51
-44
-30
-15
13
11
-1
-23
-27
-20
-14
-3
-7
-16
-22
-42
-59
-40
-15
-19
-20
-18
-15
0
4
11
-8
-27
-27
-15
-12
-11
-23
-32
-32
-39
-33
-30
-47
-31
-19
-19
-12
-13
-5
8
9
-27
-52
-60
-62
-65
-71
-50
-60
-60
-46
-18
10
-3
-20
-24
-29
-25
-24
-31
-45
-49
-50
-55
-61
-71
-74
-49
-31
-15
-5
-17
-31
-24
-15
-3
-3
-18
-15
-22
-29
-37
-53
-62
-79
-86
-70
-47
-43
-33
-23
-7
30
31
28
12
8
8
-19
-20
-33
-47
-53
-63
-75
-83
-61
-47
-36
-5
0
-4
-31
-20
-6
0
15
8
11
-11
-15
-22
-55
-54
-62
-53
-38
-45
-44
-39
-28
-28
-6
-1
-2
-28
-40
-33
-43
-59
-66
-64
-50
-59
-57
-63
-64
-66
-49
-23
-19
-21
-26
-7
-3
-6
-16
-39
-42
-35
-34
-38
-27
-33
-57
-40
-45
-59
-56
-51
-39
-19
5
3
2
-8
-8
2
-22
-25
-21
-19
-31
-35
-29
-32
-42
-47
-54
-46
-34
-50
-57
-41
-33
-19
-9
-2
8
-5
-27
-42
-62
-68
-77
-81
-78
-62
-49
-39
-47
-48
-24
-16
-6
-13
-21
0
-5
-21
-53
-66
-67
-58
-42
-43
-44
-45
-43
-15
-6
-5
-31
-27
-17
-15
7
19
14
5
-6
-6
0
0
-5
-10
-16
-17
-15
-18
-5
18
30
34
28
18
17
14
6
4
-17
-23
-25
-30
-32
-54
-51
-49
-30
-30
-26
-35
-70
-37
-25
-23
-15
-38
-37
-44
-43
-58
-78
-72
-84
-99
-111
-104
-112
-103
-80
-73
-57
-41
-39
-37
-35
-23
-42
-57
-63
-77
-71
-54
-64
-78
-89
-93
-88
-88
-78
-92
-95
-74
-51
-43
-38
-32
-9
-10
-30
-48
-57
-67
-79
-70
-70
-84
-93
-101
-95
-66
-25
-40
-46
-34
-32
-19
-21
-31
-35
-37
-19
-14
-14
-25
-40
-55
-70
-62
-45
-31
-47
-41
-27
-22
-15
-12
-6
11
-2
-25
-23
-33
-45
-53
-67
-69
-77
-60
-49
-27
7
0
-3
-6
-3
-10
-21
-8
-18
-31
-21
-30
-28
-23
-15
-23
-21
-17
-25
-13
-19
-5
9
6
6
4
9
-9
-32
-39
-54
-77
-87
-66
-63
-69
-56
-49
-34
-22
-18
-23
-18
-17
-17
-13
-14
-6
-13
-3
-1
-17
-13
-16
-30
-55
-43
-39
-31
-26
-39
-23
-9
-11
-8
4
21
32
35
36
48
52
55
45
25
22
23
0
-17
-20
-22
-53
-76
-69
-83
-77
-78
-91
-84
-64
-53
-31
-32
-32
-32
-41
-51
-56
-61
-84
-128
-136
-153
-187
-222
-282
-340
-379
-411
-443
-483
-521
-555
-583
-642
-682
-725
-748
-767
-795
-840
-955
-1114
-1292
-1498
-1719
-1960
-2174
-2366
-2476
-2489
-2441
-2322
-2048
-1687
-1430
-1242
-1031
-728
-269
327
1012
1714
2331
2846
3270
3654
3988
4193
4228
4037
3656
3161
2644
2146
1643
1174
750
370
121
-61
-243
-373
-419
-416
-449
-481
-456
-409
-336
-199
-40
40
14
3
-47
-112
-129
-109
-88
-89
-96
-104
-128
-143
-159
-141
-142
-138
-110
-92
-61
-23
14
36
71
109
136
162
183
208
201
168
128
100
66
32
17
-9
-27
-58
-77
-73
-59
-50
-65
-63
-56
-57
-71
-58
-56
-67
-56
-56
-62
-64
-76
-71
-59
-42
-35
-19
12
9
20
35
52
76
118
145
151
149
136
102
87
67
76
72
51
43
10
-23
-39
-35
-35
-51
-50
-51
-75
-83
-79
-64
-49
-44
-39
-24
-24
-29
-25
-27
-29
-13
5
3
10
25
43
62
74
83
73
57
50
53
51
67
74
62
56
37
28
38
20
32
40
34
37
44
48
53
73
98
116
150
157
163
164
148
129
91
65
35
12
-9
-22
-17
3
27
59
90
94
95
87
79
63
48
39
30
34
26
18
5
-10
-14
-21
-18
-12
-22
-37
-51
-31
-40
-38
-18
-9
5
-7
-1
-10
-11
-19
-41
-43
-44
-55
-44
-36
-39
-7
14
20
-1
3
15
30
36
32
33
32
22
13
6
13
7
4
2
-2
7
-6
-39
-35
-21
-22
-11
-3
10
25
20
14
-1
-13
-18
4
-6
-6
-6
-14
-3
19
52
65
76
76
77
94
89
99
96
86
93
96
85
66
59
45
44
57
56
63
61
43
48
53
74
88
81
76
64
41
23
-17
-65
-90
-138
-167
-220
-267
-318
-339
-363
-405
-407
-385
-345
-277
-214
-121
-2
146
294
388
461
515
623
702
759
810
830
852
883
931
917
857
788
710
632
541
439
312
161
24
-94
-170
-245
-292
-363
-499
-653
-758
-827
-843
-824
-785
-739
-708
-650
-541
-419
-278
-160
-70
20
110
175
218
260
300
327
340
373
459
537
604
637
599
542
452
357
281
204
114
20
-55
-112
-139
-157
-175
-211
-248
-280
-320
-339
-332
-306
-292
-331
-389
-444
-490
-535
-573
-590
-612
-630
-676
-709
-691
-630
-554
-438
-284
-164
-99
-50
-11
18
28
52
43
83
131
183
235
241
255
269
270
257
246
236
214
184
153
132
117
86
76
41
21
13
-3
-23
-53
-73
-98
-100
-87
-97
-101
-101
-98
-109
-106
-99
-89
-93
-85
-54
-32
-35
-37
-29
-20
-3
5
3
-5
5
22
35
29
21
13
5
-5
-21
-12
-14
5
16
27
25
16
24
2
-20
-19
-9
-11
-21
-19
-5
7
5
-8
-9
-15
-15
-15
-30
-22
-15
-10
-2
2
4
-14
-10
15
34
22
13
19
25
5
-22
-26
-15
4
17
6
1
14
10
-2
-10
2
31
33
20
21
23
35
30
3
-15
-31
-26
-26
-23
-18
-12
-8
-3
9
30
26
24
38
57
58
46
25
0
7
2
-3
-19
-26
-19
-13
9
10
13
14
17
21
23
9
-12
-24
-28
-18
-11
2
12
13
0
11
26
17
-10
-8
-7
-18
-19
-15
-18
-8
8
12
20
15
15
13
6
21
8
0
4
-3
7
-9
-15
-15
-14
2
5
1
-6
17
37
41
47
32
26
24
21
19
11
-2
-13
-9
6
10
5
-2
0
14
46
41
41
41
35
39
29
22
24
39
30
16
11
18
27
12
12
22
31
16
6
43
55
60
60
54
65
51
36
15
8
4
-4
-10
-19
-13
1
15
28
46
67
74
60
54
50
60
59
45
31
20
19
28
41
21
13
24
52
75
95
89
71
75
65
73
63
65
79
76
74
71
52
37
41
43
43
60
63
50
68
97
124
108
104
100
90
87
84
82
75
63
66
69
73
46
30
39
55
74
93
88
69
82
97
109
117
109
106
85
70
79
79
67
46
30
31
37
43
49
55
85
114
105
88
88
88
84
81
93
87
74
67
56
51
36
28
34
22
20
33
31
20
41
51
35
43
46
50
42
53
43
30
31
22
14
13
15
5
-11
-2
36
54
54
47
39
41
32
29
30
25
17
7
7
-10
-12
2
6
9
25
32
34
32
40
32
33
31
19
15
10
-5
-28
-44
-47
-56
-56
-51
-62
-75
-80
-69
-63
-50
-64
-62
-55
-54
-63
-70
-80
-108
-116
-99
-91
-95
-98
-87
-74
-77
-71
-68
-76
-90
-90
-72
-58
-64
-60
-53
-70
-85
-103
-97
-81
-92
-101
-97
-93
-93
-92
-77
-49
-16
-30
-47
-62
-65
-59
-70
-80
-87
-93
-88
-105
-109
-128
-135
-117
-107
-83
-92
-86
-96
-85
-62
-55
-61
-66
-55
-58
-81
-89
-115
-129
-135
-138
-130
-112
-108
-118
-117
-96
-66
-64
-57
-50
-39
-29
-19
-12
-18
-9
-13
-39
-35
-42
-32
-29
-37
-34
-30
-44
-60
-44
-30
-28
-27
-20
2
-4
2
26
11
9
1
-13
-24
-38
-43
-48
-52
-55
-42
-22
-26
-23
-7
11
22
28
36
47
48
39
26
7
-5
-11
-21
-23
-25
-47
-52
-36
-37
-11
15
29
43
42
42
34
26
15
-4
0
8
26
12
-5
-13
-14
29
42
30
39
36
35
25
40
48
44
33
23
14
10
0
-15
-3
25
36
27
30
52
36
36
30
22
18
17
16
8
-3
-13
-17
-1
1
0
6
0
1
39
59
53
56
41
35
29
24
35
33
26
16
0
4
-6
-24
-31
-2
36
41
30
16
13
16
43
55
49
58
51
26
7
-7
7
7
4
-6
-7
-9
-14
-9
9
38
45
44
28
23
34
42
38
38
47
46
37
31
28
15
10
22
26
23
19
3
3
28
47
52
45
41
27
13
3
-9
-12
-11
-16
-32
-38
-28
-20
-10
11
29
12
8
16
21
18
19
29
27
17
6
-2
3
5
13
14
6
10
32
30
19
27
26
29
23
22
23
6
0
-16
-15
-10
-15
-22
-23
-12
-3
-4
3
28
46
37
26
30
35
34
18
20
1
-13
-12
-10
-6
-13
-15
-10
-17
-3
15
10
-1
13
24
12
20
30
27
34
32
12
11
-3
-16
-9
-1
-2
0
16
29
53
70
67
68
43
51
59
57
40
21
21
16
16
3
-3
-2
-20
-23
-5
22
14
6
27
46
50
50
41
51
43
38
43
15
-8
-1
16
7
-5
6
12
2
13
33
35
36
39
36
33
35
49
48
32
20
14
18
10
-3
-21
-5
29
33
32
30
39
46
44
36
38
44
30
17
12
12
14
9
-1
-7
7
17
11
-8
16
48
42
35
35
27
28
7
-16
-17
-10
-19
-31
-27
-27
-26
-19
-12
7
25
3
-5
-13
-7
7
5
8
15
10
7
-20
-44
-47
-43
-37
-52
-31
-2
4
3
14
31
19
20
25
21
11
12
10
-1
-5
-24
-45
-52
-58
-63
-54
-50
-48
-33
-27
-18
0
5
6
3
10
14
21
31
14
-8
-32
-35
-38
-39
-47
-61
-58
-35
4
5
-12
0
3
13
16
26
37
19
-2
2
-2
-20
-36
-42
-54
-49
-43
-37
-43
-48
-33
-25
-10
0
-3
-6
-8
-1
-17
-31
-26
-39
-62
-67
-48
-62
-80
-60
-26
-11
-17
-17
1
9
-6
-23
-25
-16
-13
-14
-15
-39
-46
-28
-22
-14
-10
-11
-50
-65
-36
-21
-13
-11
-10
7
2
-12
-29
-44
-56
-49
-32
-17
-21
-25
-19
-23
3
15
12
-4
-12
-18
-20
-19
-15
-18
-24
-34
-49
-54
-66
-72
-67
-50
-34
-30
-47
-39
-23
3
22
21
12
18
1
-28
-22
-32
-66
-76
-83
-91
-89
-87
-98
-85
-47
-38
-30
-29
-42
-30
-6
14
9
-11
-21
-17
-17
-30
-38
-53
-53
-44
-29
-31
-29
-29
-25
-15
-29
-28
-28
-17
-22
-36
-39
-48
-54
-45
-33
-38
-49
-55
-65
-66
-35
-31
-19
-17
-18
-25
-5
-18
-34
-51
-53
-66
-47
-36
-29
-35
-38
-24
-21
-20
-27
-28
-22
-17
-24
-26
-24
-22
-40
-49
-53
-63
-59
-50
-47
-47
-26
-23
-36
-18
-3
15
15
11
1
-15
-33
-49
-72
-71
-67
-66
-62
-53
-58
-65
-59
-39
-19
-2
-18
-23
-16
-20
-25
-32
-50
-63
-61
-44
-46
-48
-64
-63
-47
-36
-32
-35
-24
-11
-2
19
6
-12
-27
-43
-50
-57
-45
-54
-66
-58
-60
-53
-48
-34
-24
-11
-3
-27
-29
-34
-28
-39
-47
-44
-44
-46
-42
-61
-76
-73
-54
-35
-16
10
-2
-22
-27
-26
8
13
0
-8
-25
-37
-44
-47
