0
11
32
29
24
28
28
20
-5
8
32
39
36
19
0
3
4
-1
-13
-14
-24
-27
-23
-47
-47
-44
-51
-45
-37
-15
10
9
10
21
28
22
27
40
29
30
12
17
33
20
5
-6
-2
-3
-1
-15
-24
-11
-3
-6
8
13
21
27
30
35
35
17
-5
-19
-18
-35
-36
-47
-52
-55
-44
-27
-17
-3
13
8
15
20
37
40
45
48
22
19
14
-12
-16
-27
-40
-41
-38
-23
-22
-21
-5
20
16
10
16
30
23
6
-15
2
9
8
-6
-13
-9
-10
-19
-24
-17
0
0
13
30
29
36
29
21
16
19
17
-14
-2
-29
-35
-37
-25
-17
-20
-16
0
-1
9
7
17
17
19
39
36
31
18
2
-8
0
-4
-15
-15
-15
-24
-23
-17
-2
14
22
20
14
4
9
-5
-23
-41
-36
-46
-41
-29
-23
-21
-23
-7
14
23
20
23
15
11
-4
-12
-13
-20
-14
-23
-14
-24
-32
-35
-24
15
38
36
41
41
55
36
25
22
10
-3
-23
-38
-45
-30
-18
-12
-15
-13
-14
0
7
12
22
25
18
14
30
39
17
5
-25
-27
-27
-22
-11
-21
-15
-2
10
11
15
13
5
5
30
29
41
44
24
-7
-25
-28
-27
-6
-4
-12
-10
10
19
1
2
17
10
10
3
6
5
9
2
-21
-39
-30
-25
-30
-33
-32
-19
-9
-10
-1
16
14
1
8
24
23
17
10
7
-6
-3
-3
-7
-16
-25
-26
-22
-20
-31
-46
-27
-8
12
27
30
45
48
51
35
33
44
25
26
9
-10
-8
-8
4
9
-8
-20
-36
-28
-10
14
17
25
35
19
5
-4
-6
9
9
-7
-20
-26
-18
-30
-21
-22
-21
-17
-4
27
55
61
56
38
32
16
13
5
4
0
-2
-2
-31
-38
-33
-16
-5
-12
-9
5
17
36
31
35
50
41
31
27
16
8
-7
-5
-11
-21
-16
-27
-14
-10
2
12
11
17
14
21
31
44
48
43
39
35
31
21
-1
-18
-44
-52
-44
-50
-49
-13
20
19
-1
8
13
9
16
32
40
28
25
13
5
8
9
12
5
0
7
8
26
25
22
21
-11
-12
-6
-6
-4
1
6
-2
4
22
27
28
31
27
29
39
31
25
18
4
-13
-21
-38
-36
-17
-5
6
1
10
17
22
27
28
31
31
31
28
22
30
20
12
-14
-29
-16
-9
-12
-19
-15
-10
-14
-12
-1
24
35
24
33
31
15
0
-5
-14
-14
-20
-17
-22
-12
-12
-15
-10
-17
-8
-10
0
4
-1
14
11
11
20
18
15
15
11
-2
-15
-15
-34
-33
-12
0
-2
-6
6
19
34
38
42
55
35
42
37
22
10
1
-14
-35
-41
-50
-68
-47
-37
-27
-5
-6
11
17
17
34
21
22
35
38
21
24
22
9
0
-6
-28
-28
-23
-11
2
3
11
26
20
16
13
20
27
39
38
24
-2
-21
-23
-18
-11
-8
-14
-9
-1
9
12
22
16
2
2
4
-1
-5
2
-5
-15
-9
-2
-17
-19
-30
-25
-10
6
18
21
32
26
16
19
15
20
40
11
-7
-18
-33
-24
-24
-25
-20
-13
-6
9
23
16
21
27
12
-8
-24
-16
1
-7
-7
-17
-19
-24
-22
-16
-13
-11
-15
1
11
18
25
20
5
6
10
6
5
-8
-41
-45
-34
-45
-20
-14
-14
-13
-1
6
3
6
16
20
20
17
26
30
27
31
-5
-18
-6
-20
-35
-52
-52
-47
-36
-10
-5
10
14
12
22
26
29
33
33
16
-6
-3
-16
-24
-28
-30
-42
-45
-34
-29
-27
-12
6
32
36
21
16
10
6
-14
-24
-25
-38
-38
-50
-46
-35
-33
-33
-40
-44
-25
-1
16
20
15
7
16
29
13
11
-14
-29
-21
-5
-19
-26
-15
-10
-21
-16
-10
-10
-2
8
12
4
8
12
-6
-18
-25
-29
-41
-47
-40
-39
-29
-14
11
18
20
25
19
8
1
2
11
2
-13
-27
-39
-36
-27
-27
-15
-6
-6
-8
-17
1
17
13
-13
-20
-16
-24
-13
-18
-30
-39
-52
-48
-33
-29
-24
-32
-30
-15
-6
-10
-9
-3
6
4
15
23
9
-12
-18
-17
-14
-17
-33
-47
-30
-11
-13
-14
-5
9
20
21
11
12
7
-14
-29
-19
-7
-29
-41
-47
-50
-47
-52
-36
-33
-26
-19
-34
-27
-11
-18
-26
-12
-3
-22
-40
-49
-30
-10
-6
-16
-22
-20
-31
-43
-21
-14
-20
-7
-2
7
10
3
-8
-26
-34
-70
-76
-78
-72
-57
-32
-15
0
18
36
63
94
119
151
183
208
240
236
248
281
309
364
427
496
577
679
788
879
979
1092
1176
1248
1314
1397
1490
1595
1712
1796
1825
1819
1841
1872
1866
1821
1621
1105
355
-588
-1562
-2541
-3439
-4030
-4207
-3964
-3518
-3046
-2685
-2361
-2088
-1880
-1654
-1355
-1120
-986
-915
-864
-738
-548
-375
-235
-118
-41
2
14
25
93
180
292
362
378
384
365
363
402
445
479
488
501
495
457
422
354
303
277
268
269
233
205
173
147
106
49
-5
-32
-44
-60
-90
-105
-118
-110
-88
-81
-87
-78
-74
-79
-82
-85
-96
-101
-92
-96
-115
-114
-103
-96
-87
-73
-63
-38
-12
1
16
12
16
25
23
10
-2
-3
-10
-21
-35
-36
-44
-71
-84
-76
-102
-102
-96
-76
-74
-55
-36
-34
-27
-17
-6
9
5
-5
-6
7
-3
-13
2
-9
-12
-5
0
4
5
18
19
11
7
5
9
-1
-1
-12
-24
-15
-12
-8
-9
-24
-33
-44
-41
-41
-43
-38
-55
-52
-43
-56
-66
-71
-87
-95
-90
-81
-73
-64
-55
-67
-57
-51
-50
-39
-19
-14
-18
-3
14
23
52
54
20
-41
-108
-188
-282
-353
-454
-554
-654
-781
-922
-1009
-1058
-1047
-896
-537
-63
456
970
1387
1665
1768
1723
1573
1363
1099
795
495
212
11
-128
-219
-263
-321
-363
-353
-353
-338
-304
-267
-242
-216
-177
-164
-135
-102
-74
-54
-29
-17
-23
-17
-2
3
7
0
-20
-25
-26
-25
-31
-41
-49
-63
-64
-73
-61
-47
-34
-6
-2
14
22
17
24
24
29
24
14
19
27
35
25
18
27
25
41
49
58
72
93
115
127
150
175
189
202
216
250
307
348
387
415
453
469
475
481
475
482
465
421
362
294
218
155
103
44
-5
-49
-74
-123
-203
-307
-379
-449
-535
-640
-741
-817
-924
-1031
-1103
-1164
-1218
-1297
-1441
-1679
-1975
-2295
-2612
-2889
-3073
-3175
-3233
-3346
-3463
-3541
-3553
-3566
-3570
-3539
-3466
-3315
-3210
-3111
-2818
-2288
-1652
-708
569
1902
3259
4722
6332
7910
9060
9614
9788
9841
9659
9101
8251
7186
5916
4890
3822
2512
1435
761
450
202
-343
-1184
-1693
-1840
-2116
-2598
-3216
-3740
-4030
-3906
-3386
-2813
-2539
-2477
-2410
-2255
-2003
-1797
-1550
-1173
-722
-214
405
1230
2300
3483
4450
5067
5382
5501
5523
5472
5266
4977
4619
4143
3508
2778
2046
1305
548
-240
-1007
-1552
-1829
-1894
-1849
-1735
-1595
-1469
-1380
-1353
-1375
-1337
-1318
-1369
-1557
-1933
-2364
-2691
-2790
-2745
-2644
-2475
-2301
-2121
-1959
-1797
-1705
-1665
-1614
-1548
-1462
-1357
-1243
-1125
-1018
-891
-757
-641
-531
-444
-349
-266
-214
-173
-144
-136
-131
-117
-106
-107
-84
-99
-121
-136
-161
-160
-165
-160
-169
-172
-163
-158
-153
-147
-144
-138
-127
-118
-112
-94
-84
-76
-50
-19
-2
9
0
12
32
50
66
86
72
61
71
77
50
44
47
46
40
48
56
38
20
-8
-18
5
-8
-1
5
5
12
2
4
-4
-7
1
-2
17
8
-4
1
5
5
-4
-12
-21
-24
-25
-21
-19
-1
6
16
7
-2
13
17
4
-12
-11
-15
-21
-39
-65
-87
-87
-67
-66
-60
-42
-39
-44
-39
-27
-15
-20
-9
-8
-14
-8
-3
-12
-24
-27
-16
-31
-38
-37
-27
-16
-11
-10
-2
5
26
25
33
27
35
50
58
57
35
36
32
12
17
19
13
14
27
45
36
32
40
36
54
80
85
79
70
46
39
42
35
28
4
-21
-27
-30
-19
-20
-31
-21
-12
9
28
22
28
37
40
26
18
12
-4
-11
-18
-13
-9
-31
-41
-47
-46
-24
-6
14
18
18
24
20
22
30
28
19
5
4
4
18
11
-9
-19
-27
-23
-13
4
21
22
35
35
42
53
45
38
21
19
3
-7
-23
-25
-23
-39
-43
-34
-45
-51
-48
-32
-17
-11
11
14
12
17
5
3
10
7
-3
-12
-28
-62
-74
-50
-66
-66
-50
-35
-18
7
26
30
45
53
52
36
27
38
32
35
29
15
12
6
6
18
22
28
50
63
51
29
27
13
22
23
20
19
9
-5
-21
-12
-1
14
33
38
50
75
92
96
84
81
91
77
54
41
46
44
27
25
10
14
17
-1
14
18
28
51
58
61
60
66
59
48
41
23
4
2
0
-3
-14
-11
-9
-6
1
7
7
19
22
16
15
17
10
21
23
13
6
24
34
29
24
49
51
38
34
33
29
41
43
40
68
86
75
71
82
89
96
95
96
88
65
49
49
53
58
70
94
110
123
130
142
139
133
150
151
141
138
149
162
167
181
178
172
165
150
154
170
175
175
169
166
190
220
241
252
260
269
270
279
288
291
284
289
277
242
227
198
190
170
161
141
132
124
112
90
94
82
71
61
69
57
37
47
42
24
25
22
19
8
13
21
8
-21
-48
-52
-57
-47
-42
-35
-27
-30
-35
-42
-31
-22
-29
-16
-19
-25
-25
-26
-17
-7
-2
13
9
-2
-24
-32
-31
-29
-18
-8
6
29
40
60
64
61
80
83
74
84
89
102
98
85
75
80
77
73
64
64
66
73
87
96
109
124
138
126
125
114
111
119
111
99
89
93
86
77
82
84
91
105
124
109
98
122
123
110
96
86
79
83
95
94
85
94
73
77
69
51
51
61
66
78
81
83
80
81
78
91
91
75
87
79
61
52
43
36
35
27
3
14
27
31
52
61
51
62
58
48
41
38
37
7
7
6
8
8
12
10
18
28
35
43
55
46
48
53
52
39
34
27
2
-16
-27
-35
-20
-18
-37
-45
-17
-10
-24
-34
-30
-41
-30
-30
-24
-14
-13
-11
-26
-47
-72
-81
-82
-100
-98
-97
-89
-68
-60
-58
-60
-52
-27
-18
-13
-15
-24
-40
-59
-58
-55
-57
-55
-55
-68
-77
-84
-84
-74
-69
-76
-69
-31
-12
-17
-19
-6
-10
-16
-7
-23
-33
-45
-59
-77
-80
-67
-70
-83
-87
-104
-100
-87
-81
-83
-93
-86
-90
-72
-68
-67
-68
-78
-80
-71
-83
-88
-91
-80
-87
-98
-101
-127
-126
-102
-64
-60
-71
-79
-85
-96
-82
-78
-83
-87
-95
-121
-116
-116
-117
-122
-113
-111
-104
-115
-117
-127
-127
-129
-137
-129
-127
-137
-147
-158
-147
-139
-132
-125
-134
-119
-126
-138
-138
-146
-139
-131
-120
-140
-165
-160
-150
-152
-146
-133
-136
-129
-119
-109
-103
-98
-97
-87
-84
-69
-55
-66
-81
-106
-127
-136
-129
-111
-107
-127
-128
-124
-111
-104
-85
-61
-58
-44
-53
-45
-39
-38
-51
-66
-68
-77
-73
-59
-44
-43
-56
-66
-55
-36
-24
-29
-29
-36
-41
-34
-31
-27
-37
-46
-44
-34
-29
-28
-33
-40
-36
-42
-45
-35
-43
-41
-31
-24
-25
-38
-32
-17
-31
-32
-24
-34
-36
-36
-44
-50
-46
-35
-31
-22
-15
-18
8
8
-3
-8
9
6
-17
-18
-22
-45
-51
-42
-33
-44
-40
-27
-26
-7
6
15
8
15
39
45
49
56
45
37
44
44
38
25
16
0
2
-1
6
-3
1
29
45
56
63
69
69
62
72
75
67
73
72
76
43
17
15
27
31
29
38
51
55
74
81
76
80
75
73
71
63
40
27
27
24
21
22
5
9
20
27
40
50
62
59
64
58
74
79
59
35
27
31
34
30
27
30
32
46
43
43
50
62
52
46
42
29
47
48
26
20
20
6
3
-11
-6
7
38
45
37
33
35
75
91
70
58
37
22
22
11
20
29
37
13
-2
5
7
16
17
18
34
30
39
53
42
26
23
21
20
14
4
7
13
13
6
-3
-5
3
9
23
39
46
48
46
39
18
9
14
-4
-6
-3
-9
-22
-11
4
-1
-2
1
24
47
47
41
43
42
37
35
44
45
39
45
35
23
11
21
20
18
22
28
34
49
65
64
46
52
42
32
32
22
15
0
-11
-19
-37
-39
-41
-39
-44
-53
-50
-49
-31
-29
-11
-11
-14
-11
-18
-20
-22
-38
-54
-58
-63
-45
-58
-57
-61
-69
-66
-57
-59
-49
-42
-44
-50
-43
-44
-36
-35
-31
-14
-35
-35
-24
-28
-27
-18
-20
-32
-33
-28
-29
-14
-7
-2
6
20
40
53
46
33
29
33
43
23
0
6
23
19
30
36
27
49
62
63
67
62
57
54
43
28
19
19
14
18
9
13
10
-8
-4
-3
-4
10
14
16
17
22
38
42
36
26
24
3
-7
-5
3
8
-1
-13
-32
-37
-9
5
-10
-5
18
32
21
24
22
-6
-7
-15
-28
-30
-29
-26
-23
-40
-59
-80
-76
-76
-57
-52
-53
-44
-32
-16
-2
-3
-3
-18
-20
-20
-22
-23
-25
-33
-57
-74
-65
-61
-48
-50
-45
-30
-28
-25
-33
-27
-19
-5
5
17
7
3
-4
-13
-4
7
-11
-20
-19
-27
-23
-7
-13
-21
-28
3
27
37
49
50
43
34
30
26
21
18
3
-2
2
-11
-13
-12
-13
-14
-10
1
-19
-10
9
13
3
-8
11
10
-1
-1
-19
-30
-37
-43
-28
-26
-33
-23
-7
-5
4
9
26
23
21
17
11
-1
7
6
-18
-9
-5
-17
-36
-16
0
8
14
9
14
12
14
16
36
34
17
12
15
11
4
-14
-27
-24
-6
9
4
-13
8
9
16
24
42
59
57
48
49
48
35
10
7
-4
-5
0
1
-9
-19
-15
-7
0
17
10
16
20
17
25
44
56
50
45
42
36
32
19
19
0
-18
-8
-15
-1
2
-6
0
2
5
18
27
29
34
57
60
68
55
37
47
44
34
23
10
4
-1
-2
4
10
11
15
19
24
-8
3
22
34
43
43
47
38
45
37
20
16
11
21
26
9
-13
-16
-6
-15
-21
-11
-3
19
25
30
29
34
62
57
53
60
55
37
23
5
-13
-19
-19
-24
-24
-11
0
-9
7
26
13
6
14
15
27
26
19
2
-10
-5
-2
1
6
10
17
22
12
25
30
36
36
34
41
47
47
34
5
-15
-29
-40
-52
-49
-49
-50
-35
-10
1
4
14
25
12
14
15
20
30
28
26
27
26
14
14
10
-8
-4
-10
-19
-13
6
19
14
12
14
26
30
25
21
32
21
6
-11
-17
-27
-48
-43
-33
-32
-18
-3
-2
6
16
6
-17
-2
12
28
33
31
30
18
28
8
-9
-20
-27
-25
-20
-1
-3
11
19
31
42
53
52
41
46
38
29
26
28
2
2
-13
-26
-34
-19
2
-10
-8
-13
-2
4
14
18
42
40
33
15
21
40
29
20
11
13
6
-14
-4
-3
11
21
18
11
5
-1
16
31
42
43
38
37
27
24
22
15
-10
-18
-28
-30
-35
-46
-18
-11
-23
-24
-22
4
17
17
19
1
10
8
0
-3
-2
0
9
9
7
10
20
12
7
7
17
26
25
29
38
29
22
21
8
7
8
1
7
4
3
17
27
37
37
33
27
33
25
19
24
7
-11
-12
-11
2
9
9
9
21
19
19
15
9
21
26
20
1
-14
-3
-8
-17
-23
-33
-26
-23
-18
-18
2
10
12
25
24
16
23
24
17
4
-10
-2
-9
-31
-37
-53
-54
-49
-31
-15
2
27
23
10
11
13
24
43
29
12
-2
-8
9
21
9
-11
-18
-8
5
1
-1
7
14
17
25
36
53
76
59
27
16
6
9
2
-15
-24
-30
-32
-26
-20
-8
-7
-6
-14
1
29
40
47
39
47
40
24
4
5
-1
-25
-35
-24
-33
-45
-43
-38
-15
-7
-15
-10
-12
-10
-3
13
12
4
-7
-3
2
1
-2
-23
-25
-28
-34
-32
-20
-10
2
9
15
3
7
22
8
12
4
-12
1
11
8
-14
-26
-12
-16
-19
-29
-31
-12
1
11
11
24
27
35
27
15
11
10
9
0
-18
-30
-35
-36
-33
-27
-15
-11
-5
-4
7
27
18
15
22
20
10
18
15
7
7
2
-18
-25
-34
-45
-37
-28
-16
-12
-15
-5
3
29
37
25
19
24
19
12
22
13
-15
-17
-30
-27
-28
-16
-11
-12
-10
-12
-16
-11
2
9
18
27
28
20
15
6
-12
-10
-22
-31
-28
-28
-28
-34
-33
-27
-6
13
12
15
27
39
29
19
32
43
41
22
-1
-3
-21
-25
-30
-35
-10
-12
-4
-3
-7
14
29
24
2
7
22
11
17
3
-20
-34
-40
-46
-45
-44
-40
-32
-7
16
24
16
-2
-24
-31
-12
-5
-2
-6
-25
-31
-32
-15
-17
-14
-3
-9
-5
-5
-8
-2
12
12
3
0
-1
-2
-5
-20
-24
-16
-6
10
11
8
9
-1
3
1
-7
-3
-3
10
3
-4
18
5
5
6
4
13
7
-5
-11
-14
-16
-15
-13
-18
-12
-9
-8
3
-1
-5
-1
5
-1
-7
-1
4
1
-22
-44
-35
-34
-30
-24
-13
3
6
-3
12
25
36
10
-1
7
18
10
5
2
-20
-20
-21
-35
-28
-39
-43
-17
-17
-23
-32
-24
-12
-13
-8
-11
-23
-36
-47
-56
-57
-58
-61
-48
-50
-60
-46
-37
-43
-47
-43
-26
-17
-3
1
14
36
54
52
35
30
32
20
25
37
30
35
44
35
17
10
13
24
52
62
87
126
179
216
231
247
281
305
329
354
366
384
393
395
381
414
439
426
450
469
494
514
534
543
564
611
688
754
831
902
978
1045
1082
1067
1003
910
800
719
669
637
601
506
291
-54
-473
-905
-1288
-1567
-1711
-1729
-1645
-1507
-1376
-1304
-1262
-1232
-1234
-1210
-1160
-1133
-1112
-1075
-1013
-909
-777
-644
-537
-446
-398
-376
-365
-307
-177
-91
-31
18
49
61
87
139
203
270
296
296
325
328
317
297
255
218
200
185
171
145
110
84
75
69
50
20
-9
-15
-19
-20
-35
-54
-53
-44
-27
-12
-3
-2
-3
-7
-7
-28
-25
-28
-28
-23
-35
-29
-31
-54
-31
-16
-18
-20
-27
-18
10
13
6
-9
-19
-35
-28
-40
-54
-52
-67
-70
-72
-61
-64
-58
-28
-11
5
25
34
36
24
23
28
36
51
45
47
37
28
12
11
23
20
31
42
50
74
82
64
27
-30
-56
-92
-104
-110
-106
-91
-72
-69
-71
-48
-41
-51
-41
-51
-62
-62
-61
-70
-89
-91
-102
-98
-85
-72
-48
-17
-5
-10
-18
-23
-25
-31
-28
-53
-93
-137
-198
-263
-338
-414
-482
-559
-638
-692
-685
-554
-275
95
490
861
1136
1266
1255
1140
966
760
561
405
283
180
59
-27
-83
-114
-145
-162
-156
-149
-129
-100
-84
-44
-21
-10
1
32
51
59
75
63
44
21
9
-9
-12
-9
-5
-11
-21
-41
-58
-60
-71
-72
-56
-37
-39
-33
-26
-22
-2
22
27
33
32
29
39
56
59
58
51
41
26
1
-3
-7
-31
-40
-49
-75
-65
-65
-64
-69
-61
-42
-27
-6
9
5
31
54
58
45
22
5
-5
-27
-75
-135
-212
-278
-331
-384
-423
-452
-487
-498
-506
-557
-611
-658
-714
-769
-846
-920
-969
-1015
-1099
-1156
-1210
-1283
-1367
-1480
-1698
-1986
-2305
-2644
-2984
-3256
-3411
-3513
-3663
-3857
-4017
-4128
-4240
-4362
-4491
-4593
-4610
-4660
-4774
-4781
-4578
-4278
-3769
-2781
-1652
-505
696
2063
3627
5017
6100
7080
8166
9181
9688
9449
8973
8453
7686
6609
4928
3254
2064
1306
751
118
-954
-1991
-2372
-2715
-3309
-4071
-4760
-5123
-4823
-3685
-2259
-1262
-891
-738
-589
-275
121
590
1208
1932
2811
3994
5610
7393
8968
9910
10111
9767
9137
8456
7889
7460
6928
6257
5493
4636
3666
2625
1579
549
-480
-1515
-2479
-3149
-3480
-3552
-3480
-3323
-3208
-3161
-3107
-3035
-2953
-2807
-2640
-2513
-2418
-2428
-2531
-2598
-2550
-2408
-2250
-2090
-1936
-1802
-1668
-1537
-1452
-1415
-1378
-1342
-1301
-1230
-1162
-1070
-967
-858
-756
-636
-515
-417
-324
-258
-195
-143
-106
-81
-68
-71
-62
-50
-31
-54
-77
-109
-130
-138
-164
-184
-201
-206
-211
-226
-236
-242
-238
-232
-229
-226
-197
-168
-162
-140
-105
-79
-54
-26
-9
21
34
44
49
60
70
62
61
59
44
39
46
34
18
-2
-20
-45
-49
-51
-51
-50
-55
-63
-81
-85
-77
-78
-83
-75
-67
-53
-50
-54
-58
-45
-19
-12
-12
-7
1
-8
-14
-17
-9
9
6
-9
-26
-10
14
21
31
31
12
22
39
44
41
42
37
36
23
1
-25
-23
-22
-18
-4
-3
1
2
11
25
29
30
31
48
34
18
19
24
26
9
2
-5
-17
-7
2
5
4
8
19
29
46
57
49
63
56
46
36
33
30
28
9
-2
-2
-5
-12
-9
-9
-27
-26
-26
-20
-20
2
20
23
28
30
25
3
-11
-27
-33
-23
-21
-24
-24
-15
-11
-10
-10
-5
-7
-1
-4
3
8
11
8
2
-12
-26
-41
-48
-53
-55
-33
-10
8
-4
-11
-4
-10
-10
0
12
22
14
4
-28
-38
-47
-58
-44
-53
-59
-52
-31
-27
-36
-22
-8
-1
2
11
24
28
24
16
4
-13
-19
-21
-38
-55
-35
-19
-23
-7
-3
-8
-19
-8
5
21
36
39
29
24
21
13
-4
-6
-13
-23
-26
-31
-18
-21
-19
-16
-17
-22
-31
-31
-20
-13
-23
-31
-31
-14
8
12
12
6
-8
-9
-13
-21
-28
-37
-37
-50
-57
-59
-68
-73
-61
-47
-17
-14
-21
-16
-11
-2
11
23
5
-4
-3
-16
-17
-34
-35
-27
-23
-13
-22
-24
-8
5
14
-11
-34
-32
-8
2
-2
-1
3
-11
-13
-18
-16
-5
10
26
37
39
34
31
35
28
33
38
31
22
18
12
-7
18
33
24
23
38
63
66
71
76
82
80
91
90
65
55
46
20
11
12
9
25
39
34
44
62
72
68
71
89
92
95
94
102
104
109
108
93
99
115
128
127
124
122
125
153
161
159
172
190
185
181
183
194
199
203
193
202
208
199
195
199
206
201
192
195
189
177
162
170
180
192
194
191
192
199
186
181
169
152
135
110
89
82
78
96
94
78
79
70
78
72
67
81
78
84
72
66
60
51
41
30
34
45
36
33
35
38
38
56
68
59
55
61
76
85
69
61
58
60
52
53
64
77
87
78
66
61
61
69
75
87
99
109
107
87
75
83
75
90
93
89
95
103
106
80
60
66
77
104
119
112
106
106
113
102
96
80
67
74
81
69
66
65
69
68
74
84
82
94
91
87
93
104
97
99
98
88
92
83
72
75
69
70
69
60
72
82
92
105
106
119
116
113
115
122
120
84
63
32
-61
-189
-281
-303
-289
-242
-207
-193
-174
-157
-161
-150
-129
-105
-97
-81
-73
-64
-45
-44
-40
-24
-14
-3
6
7
5
-2
2
-4
-7
-5
-4
11
27
29
39
62
70
58
66
100
128
127
121
118
113
114
95
88
81
65
55
39
15
0
-17
-12
1
-15
-23
-8
7
5
4
1
-18
-13
7
41
50
53
38
28
25
1
-7
7
-1
-11
-3
8
-2
3
6
2
-2
-1
6
22
6
1
2
6
2
-27
-46
-56
-79
-95
-97
-92
-70
-62
-60
-61
-53
-54
-47
-25
-16
1
5
26
34
22
25
24
10
-13
-23
-16
-27
-38
-39
-43
-36
-34
-24
-23
-17
-11
-12
1
8
-14
-21
-24
-11
-4
-4
-9
-14
-24
-52
-74
-71
-76
-93
-90
-78
-79
-82
-75
-76
-61
-59
-70
-53
-45
-52
-54
-47
-27
-33
-34
-54
-68
-65
-71
-83
-107
-91
-74
-72
-61
-40
-28
-20
-28
-33
-47
-57
-63
-77
-85
-97
-106
-91
-80
-71
-70
-68
-64
-70
-67
-57
-55
-59
-63
-65
-68
-57
-65
-79
-87
-89
-81
-59
-47
-64
-67
-56
-60
-58
-53
-66
-66
-62
-61
-68
-66
-71
-86
-64
-50
-36
-24
-21
-27
-33
-34
-50
-65
-53
-57
-79
-86
-82
-78
-86
-91
-72
-58
-44
-32
-36
-43
-48
-23
-4
1
7
-6
-23
-34
-28
-40
-57
-74
-79
-73
-66
-61
-57
-68
-62
-37
-22
-23
-23
-11
-9
-10
-6
-5
-16
-31
-50
-54
-63
-61
-62
-52
-50
-46
-23
-21
-19
-16
-12
-9
-19
-27
-35
-40
-40
-35
-35
-41
-38
-53
-63
-52
-26
-10
-4
10
21
37
41
21
4
4
-4
-12
-17
-4
-15
-43
-55
-48
-27
-5
5
9
8
9
15
22
22
3
-17
-15
-11
6
3
-12
-32
-35
-20
-26
-9
-4
-7
2
1
-4
-4
0
16
14
20
10
-8
-2
1
-8
-32
-40
-48
-52
-38
-21
-23
-13
8
33
26
21
30
28
18
20
29
22
6
-25
-32
-24
-19
-21
-30
-41
-40
-38
-30
-18
5
15
24
30
24
9
-5
-10
-16
-34
-42
-32
-41
-37
-21
-5
-3
-1
6
5
19
34
32
48
49
30
-1
-8
-27
-40
-33
-27
-32
-40
-44
-36
-22
-6
1
16
29
36
39
39
35
33
18
13
5
-14
-19
-23
-7
-4
-15
-20
-14
4
19
9
13
21
33
42
35
20
12
17
1
-17
-17
-25
-20
-21
-24
-15
-1
0
6
10
31
28
20
9
29
39
23
-6
-18
-25
-15
3
10
1
-6
4
11
27
46
54
48
47
57
60
52
50
50
62
45
34
29
40
42
40
48
59
78
69
58
50
54
72
71
70
74
57
57
53
58
59
52
39
17
14
33
48
60
70
62
62
49
64
60
57
73
80
59
41
52
52
27
44
43
26
10
-2
2
20
36
40
33
37
36
26
14
17
6
-14
-14
-28
-39
-34
-32
-36
-26
-14
-20
-30
-22
-23
-27
-31
-25
-20
-28
-29
-37
-39
-40
-54
-53
-38
-42
-35
-23
-18
-18
-19
-21
-25
-13
-17
-25
-42
-61
-69
-88
-101
-94
-78
-77
-72
-48
-25
-24
-17
-8
11
13
17
17
9
-5
-15
-9
-20
-17
-20
-33
-14
4
24
18
8
10
6
12
22
3
-3
-8
-3
12
16
5
-12
-5
15
-4
-9
1
11
22
12
13
16
3
11
2
15
19
22
19
16
2
-2
-13
-16
-9
25
21
20
37
45
55
43
50
51
45
48
22
10
7
5
-13
-29
-15
-25
-38
-34
-15
8
30
47
45
28
33
45
53
42
37
31
32
28
-4
-14
-19
-20
-6
8
8
10
15
23
4
1
11
6
-5
-9
-3
5
14
1
-7
3
7
-15
-12
-7
2
-14
-8
-4
-3
7
-4
-1
3
9
17
37
32
10
-4
1
-14
-16
-21
-19
0
7
24
25
32
46
31
39
32
20
-1
10
27
23
-1
-16
-18
-22
-35
-40
-26
-2
20
14
2
16
12
10
16
6
-15
-27
-34
-43
-32
-32
-35
-23
0
8
15
26
41
42
42
28
10
-4
-10
-12
-12
-11
-16
-15
-5
2
-1
10
16
27
32
37
35
25
27
15
24
8
5
17
12
14
33
29
18
26
49
46
39
45
50
48
40
52
53
33
18
22
26
15
-8
-8
10
20
30
21
18
16
39
53
45
37
40
28
2
15
13
0
-9
-5
-4
-4
-7
-4
-10
-1
5
-1
12
31
39
24
26
39
35
45
31
11
21
29
26
14
21
20
6
4
2
3
3
10
21
16
22
32
25
45
74
83
75
60
49
26
4
-4
-18
-21
-32
-44
-40
-28
-35
-25
-5
2
7
16
21
28
29
35
37
43
53
48
31
32
30
30
19
8
-5
-6
6
7
32
29
34
36
36
45
37
27
30
26
32
26
29
37
28
18
-1
-1
0
-6
-8
-8
-13
3
11
5
6
27
45
42
37
37
26
23
21
6
-9
-22
-34
-38
-36
-41
-43
-54
-45
-36
-25
-5
-10
-11
-8
-11
1
7
26
15
1
-7
-37
-39
-30
-20
-13
-12
-1
10
3
6
4
19
11
10
10
20
22
2
-2
-11
-24
-28
-23
-24
-2
3
4
-4
2
-3
-8
10
25
19
20
32
43
43
41
23
-4
-22
-21
-23
-19
-10
-14
-12
-8
13
17
23
24
25
44
58
44
31
26
14
16
18
12
13
-5
-14
-20
-17
1
4
19
14
28
36
29
32
26
22
19
8
5
-7
-12
-2
-6
-22
-29
-8
20
30
25
47
72
75
49
62
56
42
19
12
11
2
-6
-1
10
15
5
2
9
21
21
35
23
11
17
13
13
7
-7
-16
-15
-21
-25
-26
-6
-6
-16
-6
-9
12
24
35
47
59
61
46
27
4
-14
-31
-23
-21
-20
-8
-4
-16
-2
15
7
15
16
18
21
31
25
11
6
-5
8
3
-9
-1
4
6
5
2
-5
1
20
16
15
16
16
16
4
2
5
-4
-7
-16
-23
-16
-12
-27
-33
-24
-18
-29
-4
10
14
23
29
31
16
17
31
21
-1
-22
-30
-34
-34
-18
-25
-18
-7
-10
-8
-14
-9
-12
-6
-8
-20
-3
-15
-18
-30
-49
-46
-39
-36
-39
-39
-40
-55
-41
-27
-18
-12
-4
25
39
66
91
86
74
75
69
60
37
18
6
-2
-16
-28
-36
-50
-32
6
40
51
55
87
131
159
191
202
225
246
258
266
259
265
268
287
298
308
341
385
441
488
556
623
641
636
621
630
670
718
778
905
1048
1194
1312
1436
1556
1671
1772
1836
1895
1877
1765
1667
1683
1772
1882
1959
1909
1616
1172
612
-106
-916
-1735
-2446
-3098
-3688
-4274
-4816
-5153
-5258
-5184
-5005
-4712
-4286
-3739
-3187
-2675
-2213
-1771
-1361
-987
-689
-450
-276
-67
218
487
691
818
900
970
1016
1061
1074
1042
972
916
880
841
785
676
553
493
461
431
387
368
366
379
404
395
346
304
281
265
244
229
235
230
196
142
66
3
-65
-126
-155
-180
-208
-226
-217
-196
-177
-131
-107
-85
-66
-47
-29
-25
5
30
44
66
83
98
102
126
139
134
119
107
100
81
76
75
70
59
36
3
-10
-16
-11
-25
-29
-15
-14
-19
-19
-25
-20
-15
-4
-10
-16
-22
-27
-17
-38
-43
-55
-56
-55
-45
-46
-60
-54
-38
-34
-29
-28
-26
3
-9
-21
-26
-31
-36
-43
-47
-65
-73
-79
-103
-104
-104
-84
-71
-82
-76
-68
-61
-50
-42
-36
-41
-26
-18
-16
-29
-32
-13
-10
-34
-96
-174
-227
-294
-380
-470
-592
-677
-735
-785
-803
-718
-552
-294
73
486
886
1157
1274
1324
1299
1189
1048
868
668
473
289
106
-64
-170
-211
-245
-288
-322
-323
-329
-315
-305
-285
-254
-227
-193
-165
-135
-127
-108
-97
-89
-82
-66
-62
-57
-62
-74
-92
-107
-93
-113
-113
-87
-83
-74
-62
-62
-49
-45
-34
-32
-19
-7
-1
5
1
-1
-5
-13
-6
-4
-21
-23
-26
-18
-7
13
10
-2
1
1
10
29
48
62
72
92
98
104
111
140
177
219
266
286
323
382
430
476
501
523
543
529
513
484
448
410
340
303
259
228
200
208
187
129
69
29
-21
-69
-152
-256
-337
-394
-456
-526
-565
-592
-615
-676
-816
-996
-1185
-1369
-1556
-1705
-1793
-1835
-1881
-1943
-1992
-1959
-1868
-1750
-1638
-1528
-1371
-1148
-882
-565
-85
530
1205
2124
3176
4173
5105
5976
6827
7442
7591
7290
6740
6022
5210
4463
3820
2998
2066
1266
470
-340
-1042
-1404
-1470
-1472
-1656
-1912
-1859
-1680
-1634
-1709
-1865
-2036
-2189
-2243
-2163
-2080
-2127
-2217
-2231
-2155
-2053
-2001
-1920
-1699
-1453
-1239
-1006
-680
-223
279
735
1113
1490
1864
2167
2333
2442
2557
2616
2597
2525
2382
2197
1896
1467
996
557
200
-46
-171
-200
-116
133
355
447
415
301
192
142
-37
-496
-1147
-1794
-2231
-2440
-2493
-2467
-2369
-2240
-2078
-1887
-1764
-1700
-1637
-1568
-1476
-1385
-1285
-1157
-1045
-940
-835
-738
-632
-547
-490
-443
-389
-338
-313
-299
-273
-237
-238
-218
-205
-175
-163
-129
-103
-98
-96
-93
-107
-117
-98
-74
-77
-86
-65
-81
-83
-80
-80
-63
-49
-56
-64
-76
-71
-70
-71
-59
-73
-48
-42
-39
-48
-36
-31
-34
-19
12
3
-16
-43
-67
-83
-73
-65
-74
-57
-61
-61
-54
-34
-27
-4
27
36
32
35
45
59
84
104
101
107
117
135
148
147
135
127
130
158
181
199
225
217
215
230
241
254
262
255
254
253
248
229
226
242
221
227
238
255
261
266
271
252
262
272
259
251
241
213
188
168
139
98
73
44
17
13
3
-20
-23
-2
2
-1
22
50
59
73
94
113
126
142
148
163
170
160
177
172
160
147
105
96
103
99
111
110
120
111
95
95
89
93
81
76
93
79
75
84
98
103
101
80
64
63
57
59
70
71
61
59
64
74
72
76
90
109
110
107
104
107
126
129
120
117
110
113
98
77
80
81
97
106
119
150
157
162
152
154
161
169
174
157
135
123
124
123
112
104
91
79
104
101
113
119
114
121
127
139
152
155
151
139
132
136
148
143
130
135
142
145
149
152
166
178
186
207
205
217
232
246
244
236
227
222
215
220
218
215
219
230
232
227
236
227
242
234
243
252
255
258
243
234
222
204
201
203
203
196
193
211
210
208
200
200
207
209
196
194
190
187
169
170
182
167
160
161
157
160
152
136
118
123
118
119
118
128
129
128
131
132
128
141
136
117
124
135
135
130
124
109
105
106
79
84
108
110
118
135
142
156
153
156
152
159
148
148
167
167
165
150
143
129
103
106
121
117
100
94
101
88
77
78
70
83
96
79
74
78
56
40
37
30
24
7
2
1
-1
0
-12
-28
-25
-34
-44
-63
-68
-55
-53
-62
-66
-55
-45
-55
-33
-38
-35
-37
-54
-70
-92
-92
-86
-93
-107
-109
-110
-101
-104
-99
-94
-93
-108
-127
-127
-119
-116
-120
-134
-145
-141
-129
-125
-119
-128
-145
-153
-157
-163
-172
-193
-196
-201
-197
-185
-184
-186
-192
-186
-186
-177
-173
-170
-167
-163
-165
-181
-199
-201
-226
-229
-215
-220
-238
-252
-264
-256
-226
-220
-229
-227
-219
-221
-197
-193
-179
-146
-150
-165
-187
-206
-218
-234
-234
-239
-241
-246
-237
-225
-226
-218
-223
-224
-212
-198
-195
-161
-126
-124
-138
-136
-149
-160
-161
-159
-163
-154
-141
-146
-150
-164
-171
-169
-160
-140
-114
-107
-98
-98
-96
-83
-79
-76
-85
-90
-80
-88
-107
-134
-150
-130
-112
-93
-94
-107
-106
-80
-61
-47
-37
-56
-52
-36
-30
-43
-54
-48
-38
-46
-55
-61
-68
-82
-84
-81
-73
-55
-45
-36
-24
-12
-6
-2
-10
0
9
10
-1
-19
-24
-1
6
-14
-19
-17
-15
-9
-17
-23
-17
-18
-4
-1
7
18
26
37
26
30
36
22
0
-11
-19
-31
-22
-22
-36
-30
-12
-17
-3
15
20
26
53
50
29
28
26
21
16
3
12
23
12
-1
2
7
-1
11
26
23
20
29
16
9
10
18
29
29
5
-12
-9
-7
0
-12
0
17
23
25
11
-4
2
9
21
3
-5
-3
-23
-24
-16
-26
-22
-4
4
-7
-8
-14
-5
7
14
21
38
42
28
8
-2
-12
-31
-15
-2
-26
-40
-20
-11
-16
0
-5
1
28
35
33
59
79
93
91
65
36
36
30
33
32
43
47
44
50
58
50
38
21
-5
-30
-27
-10
-6
20
50
65
86
100
102
86
70
59
32
6
-16
-24
-11
-2
-2
6
4
4
2
15
9
7
17
21
40
46
61
51
29
31
29
29
25
24
32
41
53
55
61
78
77
79
75
74
64
45
47
56
64
60
65
68
68
77
81
83
98
75
62
68
64
57
63
66
53
53
52
53
53
60
58
59
50
55
70
81
74
57
52
50
59
71
65
57
36
41
46
37
45
22
25
37
42
56
58
72
86
80
62
34
42
29
10
13
22
25
16
14
15
11
28
35
33
29
41
46
45
50
52
37
37
37
32
29
34
30
21
26
30
33
46
49
46
32
26
43
64
73
72
62
52
42
39
52
65
42
13
9
4
6
12
13
16
28
57
71
69
70
65
72
55
67
74
48
28
11
9
10
7
4
3
12
22
30
46
47
56
61
48
58
69
63
62
63
64
67
65
41
24
31
40
50
62
71
63
56
64
74
85
103
104
101
122
127
103
71
80
72
43
28
12
0
1
4
0
-3
4
-4
28
38
32
40
46
64
53
39
38
33
32
30
43
55
57
51
31
25
22
29
31
26
36
51
64
75
68
62
40
20
23
19
27
28
15
-7
-31
-11
-6
-5
1
1
14
26
34
28
41
50
50
56
43
32
38
30
32
16
9
11
-11
0
12
4
7
14
33
31
24
26
24
39
39
23
7
-1
3
6
10
-1
-14
-8
0
-1
-2
17
27
19
33
27
16
16
10
13
8
6
-1
-8
-11
-5
-2
1
11
17
22
33
50
40
30
41
63
58
50
24
22
56
43
36
50
46
50
49
37
40
49
69
76
74
65
54
70
66
57
46
43
20
4
3
-1
-7
-2
-3
2
3
3
13
2
-5
-12
-31
-34
-47
-49
-47
-42
-47
-54
-36
-32
-35
-50
-68
-53
-42
-36
-27
-26
-10
-6
-12
-26
-26
-19
-19
-21
-34
-37
-30
-27
-36
-48
-38
-28
-4
13
15
10
32
29
39
44
46
37
34
8
-12
-13
-18
-33
-38
-29
-21
-23
-20
-10
-12
-6
6
11
13
14
19
2
-9
-16
-23
-17
-32
-32
-19
-12
-10
-9
-13
2
14
22
8
16
23
37
32
23
11
-9
-28
-31
-37
-32
-43
-38
-32
-19
8
-4
-11
-21
-43
-13
-18
-5
17
27
3
-17
-29
-34
-47
-44
-40
-36
-17
-3
-8
-13
-16
-18
-6
-2
-20
-26
-26
-13
-19
-23
-13
-23
-32
-50
-57
-48
-28
-16
-6
7
28
24
22
17
36
32
7
-6
-30
-33
-16
-18
-10
-7
-11
-15
-25
-11
-13
-3
20
16
30
35
27
15
9
-9
-28
-31
-28
-15
-13
-30
-23
-20
-15
-2
-7
12
11
13
19
4
2
-5
-3
-15
-28
-21
-35
-39
-32
-37
-29
-3
0
0
16
25
8
16
10
3
0
-1
15
13
8
14
-3
-9
-18
-32
-29
-23
-5
-16
-24
-3
2
1
11
21
40
38
20
8
3
-11
-22
-27
-40
-40
-35
-36
-41
-43
-25
-19
-21
-6
8
16
18
21
6
8
14
7
-18
-45
-48
-33
-16
-16
-26
-26
-23
-42
-25
-14
3
7
10
24
0
-1
12
12
1
-12
-22
-17
-14
-7
-21
-3
15
24
25
28
34
46
45
39
27
26
20
5
-12
-39
-38
-22
-22
-32
-32
-16
-18
-18
0
10
7
16
27
14
-7
-12
-16
-12
-1
-18
-32
-40
-38
-38
-46
-29
-38
-28
-29
-20
0
15
16
6
8
18
10
10
-1
-6
-9
-25
-34
-38
-25
-22
-23
-38
-40
-33
-22
-14
-4
0
11
24
32
42
50
36
21
5
4
2
-5
-21
-18
-19
-31
-38
-37
-5
12
17
29
14
10
15
17
7
14
33
15
-13
-12
-20
-1
-4
-8
-4
-6
-18
-26
-19
-10
-8
8
2
-6
-7
-16
-30
-33
-31
-23
-31
-44
-48
-29
-8
4
12
8
16
20
7
-6
-18
-12
-17
-32
-43
-38
-28
-42
-51
-35
-8
16
15
9
19
33
32
20
17
10
9
10
9
0
-9
-18
-20
-40
-29
-38
-25
-2
-6
-11
-2
15
11
6
5
0
2
5
1
-4
-19
-25
-32
-28
-19
-28
-27
-19
-17
-3
-11
-3
-3
0
17
10
-9
-9
-2
-5
-13
-15
-16
-9
4
-1
-22
-28
-15
-5
19
24
26
28
13
13
5
-15
-15
-32
-45
-35
-47
-46
-31
-30
-25
-15
2
4
-2
2
4
20
21
13
15
21
22
2
-13
-17
-29
-33
-33
-28
-23
-10
0
-3
12
12
6
21
22
12
-3
-7
-11
-20
-19
-26
-27
-35
-43
-38
-28
-23
-19
3
9
1
8
12
14
17
10
3
-13
-8
-11
-29
-33
-39
-36
-30
-16
-16
-33
-27
-21
-24
-2
-2
-5
-1
-21
-27
-37
-38
-43
-39
-32
-44
-26
4
19
32
52
69
70
50
31
32
29
17
9
-7
-16
-21
-16
-7
-2
26
60
72
101
131
154
177
179
184
177
191
216
216
208
203
204
206
192
202
231
280
348
414
476
524
549
554
551
571
597
666
745
847
942
1031
1130
1236
1334
1439
1502
1541
1535
1423
1226
1068
981
939
926
829
519
58
-462
-1013
-1565
-2099
-2615
-3153
-3719
-4361
-5088
-5603
-5779
-5725
-5552
-5250
-4786
-4131
-3430
-2782
-2208
-1640
-1060
-544
-109
284
577
805
1135
1444
1618
1667
1708
1775
1823
1848
1861
1837
1798
1696
1611
1542
1422
1234
1036
882
755
643
550
508
523
529
529
506
427
335
276
227
197
175
160
147
112
48
-22
-76
-166
-243
-294
-304
-291
-279
-261
-238
-199
-121
-62
-17
13
38
72
86
102
109
123
136
151
170
162
147
141
145
147
136
125
111
86
88
74
63
67
62
47
21
7
-11
-26
-27
-35
-47
-60
-68
-49
-47
-42
-39
-40
-40
-39
-27
-19
-13
-26
-38
-26
-25
-33
-31
-41
-44
-47
-39
-33
-36
-46
-60
-40
-34
-32
-26
-19
-9
-18
-21
-29
-42
-39
-32
-23
-14
-16
-5
-21
-40
-32
-38
-42
-46
-48
-35
-30
-15
-6
6
23
14
-12
-79
-151
-204
-269
-343
-441
-514
-539
-530
-448
-314
-121
104
362
627
851
1032
1081
1037
972
875
754
611
468
338
209
88
-58
-149
-215
-231
-233
-222
-201
-198
-180
-165
-151
-144
-138
-117
-102
-87
-62
-79
-85
-74
-96
-102
-95
-93
-86
-78
-87
-99
-101
-94
-104
-95
-82
-67
-48
-36
-32
-41
-24
-16
-10
-3
3
17
15
36
30
23
25
7
2
-2
-11
-10
-17
-9
4
12
17
5
16
16
28
49
57
71
73
90
134
144
190
240
268
327
375
431
473
501
529
537
551
563
575
581
561
511
451
400
356
323
300
276
271
218
168
129
88
58
2
-85
-164
-238
-299
-360
-390
-421
-457
-501
-573
-721
-918
-1123
-1335
-1523
-1648
-1718
-1740
-1809
-1907
-1913
-1837
-1733
-1597
-1433
-1263
-1017
-676
-315
119
769
1494
2264
3268
4341
5383
6344
7219
7990
8431
8401
7874
7009
5900
4804
3974
3279
2378
1368
510
-286
-1075
-1728
-2001
-1965
-1893
-1989
-2095
-1916
-1585
-1352
-1241
-1179
-1203
-1288
-1396
-1456
-1535
-1734
-1891
-1921
-1880
-1852
-1881
-1852
-1728
-1597
-1431
-1222
-876
-477
-159
69
257
423
567
665
696
662
623
574
530
488
433
423
383
264
135
15
-96
-211
-275
-236
-136
117
387
565
627
536
410
382
313
-35
-533
-1049
-1491
-1733
-1862
-1933
-1892
-1798
-1686
-1529
-1356
-1281
-1228
-1162
-1107
-1041
-961
-878
-810
-748
-665
-605
-544
-464
-413
-367
-317
-284
-266
-233
-209
-199
-180
-167
-185
-169
-154
-138
-110
-101
-84
-75
-63
-54
-45
-33
-28
-23
-26
-33
-20
-19
-20
-31
-39
-21
-35
-33
-25
-7
3
-5
5
-2
2
14
17
24
31
39
46
61
68
61
54
39
21
9
22
48
44
48
53
52
66
71
83
97
102
105
110
110
104
92
78
64
46
58
66
61
47
38
27
28
46
35
22
37
49
59
64
80
86
96
86
68
62
60
55
49
42
38
25
29
27
29
40
61
73
82
81
96
107
109
86
86
91
108
129
119
98
85
72
70
51
42
56
63
78
86
86
107
117
124
105
99
106
107
99
82
82
75
57
51
43
46
53
50
52
49
59
71
71
87
104
127
114
118
107
77
78
62
43
46
61
64
51
51
51
44
64
88
95
82
81
103
118
133
123
109
102
98
99
91
84
84
80
92
89
94
115
112
118
129
134
143
141
143
129
127
130
109
95
98
110
118
125
134
125
134
157
172
166
162
170
155
140
135
134
126
98
90
103
97
93
98
100
88
92
100
104
129
147
159
181
178
178
175
178
176
167
156
139
130
123
114
113
106
104
119
121
140
138
145
166
185
187
197
209
186
166
165
165
167
147
135
125
100
85
73
59
58
57
73
78
77
69
58
71
80
79
78
73
63
63
59
55
29
27
16
15
14
6
-6
2
19
18
20
35
49
63
85
90
96
89
94
93
93
83
58
64
81
78
95
108
117
105
100
113
113
128
142
159
171
164
151
150
155
160
153
141
144
129
117
117
114
112
133
130
122
159
179
182
174
159
132
118
106
78
84
71
79
102
105
83
62
56
54
49
42
38
39
40
42
55
39
30
19
0
0
4
-6
-7
-18
-39
-63
-76
-90
-116
-118
-116
-121
-131
-119
-119
-133
-137
-147
-152
-158
-160
-161
-164
-164
-187
-213
-212
-198
-182
-180
-182
-191
-191
-186
-183
-196
-177
-170
-152
-166
-169
-153
-159
-180
-210
-219
-201
-181
-175
-184
-176
-158
-150
-123
-128
-133
-129
-129
-129
-126
-128
-138
-150
-168
-191
-194
-199
-204
-216
-239
-247
-238
-241
-254
-250
-231
-236
-228
-231
-221
-208
-200
-191
-200
-212
-220
-229
-229
-230
-247
-260
-265
-251
-264
-253
-227
-229
-209
-186
-193
-194
-173
-156
-163
-165
-137
-146
-135
-124
-123
-137
-150
-142
-151
-159
-161
-159
-142
-124
-110
-94
-73
-68
-90
-98
-102
-120
-111
-109
-118
-129
-131
-128
-135
-127
-131
-132
-122
-109
-117
-116
-90
-76
-67
-65
-61
-54
-41
-30
-34
-58
-71
-93
-97
-82
-99
-88
-75
-66
-54
-56
-53
-44
-45
-51
-57
-39
-40
-37
-31
-35
-40
-60
-63
-62
-62
-77
-73
-76
-71
-57
-30
-33
-34
-26
-21
-6
-19
-25
-20
-19
-20
-28
-31
-34
-24
-20
-18
-22
-22
-7
3
11
14
11
5
-10
-30
-25
-9
-27
-52
-46
-42
-42
-25
-27
-32
-20
-12
-18
-24
-23
-14
-36
-36
-37
-64
-59
-37
-30
-46
-54
-61
-51
-46
-53
-49
-27
-13
-3
3
8
-2
-22
-30
-38
-42
-48
-36
-35
-41
-32
-34
-18
-5
-3
-3
0
2
-3
-6
-2
-5
0
-3
-16
-16
-27
-37
-33
-27
-8
-12
-7
-10
-8
-4
-6
1
-15
-23
-25
-36
-40
-45
-50
-41
-41
-34
-33
-31
-27
-32
-42
-54
-50
-16
11
7
-11
-16
-18
-31
-37
-38
-29
-13
-6
-7
-11
-15
-38
-53
-58
-64
-60
-36
7
44
68
89
94
95
81
53
45
27
13
-9
-25
-33
-34
-47
-64
-70
-64
-65
-62
-55
-39
-31
-30
-16
-13
-17
-9
15
15
-1
-2
-12
-23
-11
-12
-5
-9
-14
-1
-1
3
11
22
22
23
28
27
22
9
-9
-19
-38
-40
-23
-17
-13
-4
12
5
6
14
3
12
9
8
16
13
-4
-32
-42
-42
-49
-54
-54
-54
-32
-16
0
-8
-9
-9
-21
-19
-16
-16
-20
-25
-25
-24
-22
-33
-34
-30
-25
-20
-1
3
-3
-16
-14
-5
-6
-7
-7
-2
3
15
4
-4
-3
-19
-21
-22
-24
-8
8
18
10
13
43
41
43
32
38
51
48
41
20
7
4
-1
3
-9
-24
-21
-5
3
3
17
30
32
45
51
57
59
47
38
21
18
10
6
8
9
-2
11
23
35
40
47
46
55
79
88
86
82
77
59
43
41
24
9
-8
-5
-3
-2
6
28
49
60
69
97
80
61
58
50
56
55
57
45
28
28
29
21
8
-7
12
33
28
30
33
38
45
51
42
42
42
28
29
33
28
20
0
-1
16
30
28
16
22
40
39
31
39
48
49
54
49
32
26
20
8
-10
-14
0
5
15
5
11
15
13
26
27
23
20
15
3
-1
-10
-7
-31
-40
-52
-54
-68
-83
-71
-73
-65
-65
-71
-64
-58
-64
-67
-74
-73
-77
-82
-91
-109
-116
-129
-139
-139
-144
-135
-141
-138
-140
-132
-110
-115
-94
-83
-73
-66
-72
-84
-94
-87
-74
-75
-87
-98
-91
-90
-97
-103
-102
-72
-50
-32
-9
7
13
18
27
35
31
32
33
29
15
1
-1
-18
-14
-17
-12
-10
-10
-11
16
20
12
9
1
-2
-6
-10
-34
-41
-44
-43
-45
-47
-49
-46
-26
-16
-10
-10
-4
10
-1
-8
5
5
-10
-16
-2
-6
-12
-12
-34
-39
-29
-54
-29
-8
3
8
33
54
63
59
57
45
47
35
33
22
15
18
6
5
19
26
18
25
30
29
40
47
62
60
50
37
33
30
45
57
44
17
6
10
14
19
16
14
26
43
62
52
45
54
62
58
56
54
60
51
40
26
19
18
3
-3
13
25
24
33
52
64
66
64
56
55
38
24
19
13
18
32
45
55
50
43
39
39
39
39
58
48
46
37
33
22
26
32
36
34
33
29
39
41
47
49
43
32
31
39
29
16
22
29
36
46
36
23
11
19
15
9
4
-1
12
14
29
38
28
21
24
19
25
8
-4
-26
-33
-37
-47
-45
-32
-15
-7
-13
-11
-6
3
9
13
19
13
8
6
-6
-29
-47
-44
-37
-30
-29
-41
-38
-34
-14
-9
-15
-10
-19
-14
-4
-3
-17
-29
-12
-19
-34
-37
-39
-31
-26
-33
-19
-11
-7
0
5
27
34
33
6
-9
-19
-39
-30
-26
-29
-35
-33
-20
-14
-14
-8
-1
3
5
10
10
3
-17
-44
-45
-43
-44
-53
-42
-32
-20
-35
-47
-52
-30
-18
-17
-13
-17
-6
1
-3
-15
-21
-8
-17
-24
-41
-35
-38
-39
-34
-41
-17
5
18
26
28
35
33
10
8
5
21
35
20
18
10
-2
-11
-18
-11
-5
0
-6
-9
6
8
7
7
11
25
23
15
-5
-29
-41
-40
-37
-30
-14
-22
-21
-3
16
30
29
31
35
22
10
9
1
-6
-5
0
4
-4
-7
-6
8
3
-15
-8
1
5
3
10
14
17
23
16
17
29
2
-14
-18
-25
-17
0
-10
-12
1
6
-11
-4
20
38
40
53
56
41
28
10
-3
-18
-20
-17
-10
2
-2
-9
-8
-6
4
31
32
24
36
44
27
28
38
26
17
9
8
-12
-20
-14
-6
-5
-7
-3
25
31
24
32
42
33
11
4
-6
-26
-42
-33
-24
-18
-19
-15
-29
-21
-7
3
16
10
12
5
-5
-10
-18
-19
-32
-50
-53
-73
-78
-68
-45
-46
-37
-21
-17
0
22
39
45
64
76
68
69
73
56
39
27
9
-13
-32
-41
-39
-32
-27
-33
-24
-9
5
36
75
114
114
133
164
162
168
183
200
215
224
238
239
241
239
258
287
325
372
406
427
431
416
422
429
454
504
579
656
741
823
874
931
971
956
922
884
808
714
639
609
628
668
711
715
639
530
428
279
44
-191
-382
-553
-725
-920
-1146
-1393
-1563
-1654
-1727
-1768
-1796
-1755
-1708
-1663
-1556
-1438
-1355
-1263
-1180
-1106
-1036
-966
-869
-712
-519
-356
-236
-135
-65
-29
-19
-15
-1
39
88
134
153
129
100
86
117
149
155
174
214
248
273
281
266
233
221
236
224
229
231
225
238
231
201
170
147
95
38
22
6
-10
-23
-21
5
9
9
1
12
23
44
41
40
57
65
46
52
62
51
42
30
38
41
52
48
31
45
61
71
76
73
68
52
36
22
17
-21
-91
-163
-218
-258
-289
-280
-273
-273
-266
-267
-281
-267
-256
-259
-245
-232
-228
-224
-220
-206
-198
-178
-180
-184
-186
-185
-191
-204
-200
-207
-221
-220
-213
-213
-189
-142
-103
-66
-23
18
49
67
74
81
90
97
97
64
67
69
51
33
37
27
37
44
38
41
45
40
7
-59
-117
-148
-198
-289
-383
-469
-585
-749
-910
-1059
-1187
-1306
-1420
-1400
-1228
-778
-27
934
1954
2650
2905
2778
2404
1942
1445
945
504
209
-2
-163
-294
-377
-419
-430
-436
-427
-403
-356
-304
-262
-235
-203
-150
-110
-85
-64
-46
-41
-46
-54
-51
-41
-53
-65
-59
-52
-56
-56
-70
-85
-106
-99
-88
-74
-67
-64
-61
-52
-44
-36
-32
-6
10
5
20
40
33
33
12
-2
-7
-8
1
-9
-21
-34
-23
-17
3
26
33
40
47
70
96
121
135
166
188
212
243
271
290
286
293
290
280
260
220
169
110
44
-23
-83
-122
-161
-189
-244
-307
-358
-405
-475
-571
-680
-802
-930
-1045
-1166
-1274
-1354
-1454
-1543
-1652
-1777
-1915
-2106
-2370
-2689
-3005
-3359
-3663
-3839
-3944
-4069
-4246
-4403
-4456
-4539
-4681
-4762
-4767
-4761
-4812
-4889
-4901
-4764
-4495
-4230
-3734
-2863
-1903
-990
-45
1083
2307
3433
4403
5369
6438
7511
8190
8162
7962
7801
7270
6368
4942
3503
2325
1444
853
228
-664
-1574
-1981
-2325
-2964
-3773
-4426
-4736
-4302
-2909
-1438
-545
-220
35
413
1025
1798
2738
3553
4388
5490
6895
8445
9808
10686
10904
10514
9731
8867
8075
7485
7057
6491
5781
5007
4219
3318
2350
1365
353
-664
-1707
-2673
-3348
-3681
-3714
-3604
-3434
-3290
-3254
-3203
-3139
-3084
-2966
-2792
-2694
-2601
-2577
-2691
-2794
-2757
-2606
-2410
-2224
-2066
-1908
-1790
-1666
-1580
-1521
-1475
-1417
-1356
-1299
-1208
-1104
-985
-869
-761
-652
-536
-430
-322
-242
-172
-124
-81
-50
-32
-30
-27
-14
-20
-48
-76
-101
-121
-147
-173
-187
-205
-233
-263
-290
-300
-302
-298
-298
-279
-274
-273
-236
-213
-192
-154
-127
-93
-76
-47
-15
6
24
35
59
84
100
108
84
73
77
55
53
43
10
-7
1
-11
-40
-55
-66
-77
-86
-108
-121
-118
-102
-110
-126
-122
-120
-104
-81
-61
-50
-56
-42
-31
-29
-9
-7
-4
4
7
1
3
-5
-17
-25
-26
-35
-18
-8
0
-11
-18
-2
4
-1
-4
-24
-29
-11
-7
-13
-22
-30
-43
-46
-46
-37
-21
-17
-27
-17
-5
16
24
26
14
9
2
8
19
19
19
6
-7
-5
-24
-34
-23
-14
5
9
12
8
19
35
28
27
31
27
29
23
8
-21
-33
-11
-13
-14
-22
-18
-5
-15
-25
-30
-27
-17
-4
16
10
3
-11
-34
-13
-4
-6
-33
-49
-43
-32
-35
-50
-47
-24
-25
-22
-11
-29
-31
-19
-4
-12
-13
-25
-37
-38
-38
-48
-54
-48
-46
-68
-66
-64
-53
-45
-46
-42
-18
-2
-1
-2
3
-11
-28
-48
-73
-56
-64
-84
-99
-115
-131
-135
-130
-128
-135
-130
-135
-123
-126
-127
-124
-129
-141
-145
-157
-154
-153
-162
-155
-167
-197
-225
-224
-231
-234
-225
-237
-238
-234
-237
-233
-227
-221
-228
-228
-234
-245
-245
-249
-245
-256
-256
-255
-255
-247
-247
-230
-202
-196
-200
-200
-203
-186
-195
-198
-193
-196
-196
-183
-194
-215
-205
-201
-207
-195
-202
-213
-199
-203
-204
-210
-193
-197
-212
-212
-226
-235
-234
-232
-234
-246
-256
-255
-257
-260
-265
-275
-264
-259
-271
-271
-265
-272
-267
-262
-264
-268
-280
-270
-266
-262
-263
-276
-276
-247
-239
-226
-210
-209
-228
-214
-192
-195
-197
-200
-205
-191
-178
-173
-166
-169
-159
-145
-129
-119
-120
-115
-114
-130
-144
-145
-132
-125
-119
-107
-101
-101
-84
-61
-68
-73
-48
-26
-20
-26
-35
-30
-17
-8
-14
3
25
35
55
64
62
80
106
127
143
181
207
224
250
263
286
298
295
303
316
323
322
336
348
347
358
355
355
365
378
380
367
374
364
354
365
365
366
354
355
356
368
394
400
399
400
396
401
403
401
389
381
387
388
371
358
344
339
349
362
353
349
354
361
359
364
369
375
374
372
350
338
339
323
299
296
303
284
275
279
284
307
328
341
349
338
334
342
352
354
345
355
366
340
332
342
336
328
330
322
309
301
290
288
290
285
295
291
302
312
311
298
268
235
208
185
162
130
105
91
94
94
78
76
84
90
83
58
68
81
101
114
109
100
92
98
92
81
62
46
64
73
80
75
78
89
90
90
100
91
85
78
89
100
107
97
77
47
24
25
31
26
20
22
19
20
22
31
33
29
28
15
22
30
22
17
9
0
-18
-20
-19
-19
-22
-35
-37
-23
-13
-2
-1
17
9
4
13
17
12
-2
-25
-31
-45
-46
-39
-33
-15
0
10
3
13
14
-4
7
5
1
11
12
10
-4
-14
-26
-33
-26
-25
-28
-29
-41
-25
-6
3
6
29
36
38
37
19
10
6
-6
-11
-18
-32
-29
-22
-19
-11
-2
3
14
26
6
5
7
9
4
0
-3
-21
-32
-38
-35
-36
-21
-24
-28
-29
-21
-18
4
0
-20
-24
-18
-24
-28
-37
-42
-42
-38
-35
-27
-23
-34
-43
-36
-38
-34
-40
-42
-51
-56
-51
-51
-48
-57
-65
-74
-87
-105
-125
-131
-147
-152
-136
-108
-61
-29
-26
-42
-57
-64
-55
-26
-6
-5
-15
-4
0
-4
-17
-48
-60
-76
-95
-99
-92
-91
-82
-69
-59
-40
-30
-23
-10
0
4
3
9
1
-12
-17
-27
-31
-36
-60
-84
-89
-82
-91
-116
-143
-148
-144
-136
-119
-114
-94
-71
-73
-73
-66
-60
-55
-41
-31
-32
-17
-5
-16
-26
-31
-47
-48
-37
-22
-23
-33
-28
-33
-35
-41
-30
-26
-30
-23
-25
-16
-17
-38
-48
-58
-56
-63
-72
-80
-82
-71
-64
-58
-59
-49
-50
-58
-65
-62
-76
-79
-76
-75
-72
-72
-52
-50
-62
-63
-62
-52
-49
-38
-27
-21
-13
-3
-7
-16
-16
-19
-32
-17
-13
-33
-36
-29
-18
-21
-12
-2
2
18
22
11
12
18
20
19
26
36
31
28
16
6
5
6
12
20
34
37
44
65
70
69
71
69
64
40
39
48
40
25
32
29
28
31
50
54
44
38
38
42
36
31
37
47
30
16
18
16
22
26
22
36
48
45
31
41
42
35
61
58
39
40
34
29
20
26
23
11
6
29
29
31
40
55
60
69
76
67
52
36
35
44
44
23
14
16
16
-4
-10
-10
-1
0
12
22
38
48
50
53
55
56
63
54
25
3
-7
11
14
9
3
12
27
15
11
16
26
34
21
23
25
20
23
17
-9
-28
-22
-30
-41
-31
-14
2
23
20
5
11
37
30
18
29
27
15
3
9
5
-12
-10
3
15
22
33
41
33
32
47
40
36
36
25
7
4
16
33
36
29
29
35
26
35
53
61
60
61
69
69
70
65
50
52
46
45
44
41
29
23
34
43
42
46
57
78
88
88
84
82
81
61
51
59
53
30
25
28
11
6
6
12
14
28
42
53
59
67
69
64
71
55
49
55
48
52
47
33
21
17
30
35
39
40
30
30
40
47
56
62
63
57
46
57
36
27
22
11
-15
-11
-9
-25
-26
-26
-30
-11
17
27
33
49
53
47
55
51
51
54
50
58
57
44
22
21
19
16
34
48
46
35
38
46
47
46
55
65
55
40
33
21
12
13
20
16
6
-5
-5
-4
11
26
42
52
51
63
64
63
76
76
72
80
79
56
39
41
48
62
71
77
80
92
105
113
119
135
133
131
126
122
105
79
62
57
58
45
24
29
28
33
31
23
24
18
32
47
54
53
47
50
22
4
1
-2
23
19
1
-17
-20
-19
-30
-20
-15
2
30
32
41
53
57
44
43
41
28
17
14
8
-2
2
11
6
-12
-21
-32
-24
-20
-18
-11
7
36
44
45
67
76
73
77
64
57
53
57
50
36
25
15
10
-8
-11
1
-1
13
20
21
31
36
39
44
50
53
49
37
25
18
-7
-26
-22
-23
-33
-28
-17
-7
-12
-20
-30
-35
-31
-26
-27
-19
-14
-6
-1
0
-16
-35
-24
-13
-19
-21
-11
6
1
-6
-8
-5
-1
8
10
24
29
6
-12
-10
-12
-9
-15
-16
-15
-12
-4
0
12
24
22
25
31
23
24
23
25
-4
-26
-28
-27
-17
-24
-33
-33
-27
-22
-16
0
1
6
3
4
-7
-20
-26
-15
-23
-33
-50
-56
-40
-29
-38
-38
-18
-11
-16
-5
6
26
45
50
49
39
34
29
37
46
24
10
-2
-11
-13
-12
-16
-17
-6
2
8
20
18
34
58
92
115
103
100
108
112
120
133
144
156
182
195
185
196
186
201
219
253
308
340
363
371
379
419
437
443
482
549
621
695
757
809
868
899
880
834
766
676
564
459
396
373
364
364
330
253
139
36
-86
-258
-448
-599
-720
-836
-960
-1077
-1225
-1354
-1411
-1426
-1418
-1407
-1354
-1294
-1241
-1148
-1067
