0
64
187
256
208
152
82
19
-92
-144
-168
-129
-47
22
76
134
256
344
382
439
453
473
473
436
257
62
-128
-293
-452
-564
-637
-660
-607
-547
-496
-447
-386
-303
-213
-77
54
242
446
550
470
346
226
118
-25
-134
-176
-84
63
178
247
290
369
419
415
410
413
459
496
462
339
189
28
-169
-353
-515
-581
-610
-599
-572
-511
-446
-371
-284
-172
-77
11
96
165
155
85
-12
-122
-226
-324
-335
-312
-230
-83
66
171
233
337
398
398
345
314
365
491
578
505
378
216
46
-145
-326
-430
-453
-404
-352
-312
-269
-221
-164
-134
-77
18
149
303
429
438
434
401
354
263
177
71
-60
-176
-191
-159
-89
49
138
169
178
176
202
202
165
14
-121
-249
-366
-486
-589
-660
-676
-640
-533
-461
-416
-397
-323
-227
-101
47
217
377
476
399
272
136
12
-152
-213
-212
-157
-34
79
142
200
308
373
404
422
425
450
513
473
306
134
-3
-186
-363
-515
-639
-684
-639
-583
-525
-457
-375
-272
-164
-33
102
232
334
349
259
196
133
47
-49
-84
-70
-17
65
129
194
256
326
333
373
448
488
527
548
548
429
256
31
-208
-392
-568
-694
-723
-663
-577
-496
-409
-351
-259
-171
-105
-51
45
196
303
274
229
141
42
-84
-159
-212
-165
-36
77
151
225
342
422
470
513
528
589
598
496
330
174
7
-169
-324
-461
-562
-584
-590
-586
-545
-506
-477
-411
-320
-200
-56
106
239
302
258
179
26
-117
-246
-326
-360
-270
-125
-3
100
165
235
290
333
345
345
398
443
443
323
186
39
-97
-287
-507
-627
-691
-668
-634
-575
-512
-391
-246
-153
-58
81
231
344
370
287
208
139
55
-52
-105
-71
6
81
138
174
218
284
314
324
369
412
507
573
577
439
243
28
-186
-376
-545
-633
-639
-577
-450
-359
-298
-252
-173
-90
-9
83
211
372
474
454
405
346
281
173
112
73
90
156
225
255
341
490
595
637
667
642
630
611
538
338
119
-43
-215
-422
-558
-637
-668
-668
-661
-678
-661
-617
-548
-456
-313
-143
3
140
221
143
51
-47
-155
-297
-323
-312
-247
-93
37
147
234
330
366
369
387
421
484
553
568
437
268
95
-88
-265
-458
-601
-643
-614
-548
-495
-435
-346
-216
-100
-24
50
167
283
306
231
172
86
-10
-127
-186
-183
-85
8
41
108
168
251
297
340
379
415
531
580
527
375
190
-23
-237
-437
-593
-696
-706
-651
-573
-456
-348
-289
-245
-190
-118
-27
98
240
326
308
274
206
126
2
-58
-112
-79
-15
39
101
174
314
434
523
561
549
560
541
457
260
60
-98
-229
-373
-512
-587
-600
-571
-532
-522
-517
-498
-404
-306
-193
-31
133
288
356
312
205
119
40
-82
-162
-168
-105
-6
103
214
295
395
441
454
469
471
495
527
530
425
279
121
-82
-284
-462
-574
-638
-642
-586
-543
-504
-416
-311
-183
-76
-8
90
229
262
185
114
39
-39
-124
-138
-145
-90
-19
26
43
78
205
273
332
420
490
576
643
575
379
190
-8
-205
-404
-566
-625
-617
-558
-481
-421
-369
-309
-252
-197
-105
12
151
284
351
319
288
216
116
-13
-76
-119
-97
-25
42
100
177
263
333
402
447
474
517
535
492
313
95
-101
-260
-388
-517
-608
-615
-557
-529
-521
-488
-425
-322
-220
-135
10
218
418
455
384
275
161
46
-90
-180
-193
-75
52
140
226
323
412
438
455
466
475
517
518
450
323
165
-7
-178
-350
-522
-628
-702
-701
-647
-559
-471
-379
-265
-151
-54
37
141
233
218
154
95
6
-54
-112
-136
-129
-60
57
118
139
161
229
325
397
456
520
607
642
578
385
165
-19
-198
-383
-557
-633
-611
-557
-509
-474
-406
-351
-284
-219
-132
-10
123
231
273
218
163
95
18
-105
-162
-176
-141
-72
7
83
161
253
311
354
398
436
473
464
396
252
91
-67
-226
-390
-539
-642
-679
-649
-601
-571
-525
-436
-337
-203
-62
82
264
433
465
358
225
119
1
-125
-184
-148
-19
147
269
339
376
452
444
418
436
447
474
504
460
326
167
5
-191
-393
-564
-660
-706
-695
-637
-556
-465
-371
-258
-123
2
110
213
333
313
230
157
83
12
-46
-37
-42
23
139
197
230
245
291
348
413
481
525
578
595
542
370
147
-70
-261
-431
-598
-681
-667
-613
-502
-434
-383
-316
-236
-159
-94
-13
105
230
257
221
211
147
39
-94
-165
-192
-151
-95
-47
40
163
309
394
447
487
488
527
536
470
338
157
-23
-196
-360
-489
-554
-550
-513
-471
-416
-384
-389
-344
-233
-103
49
202
355
378
297
169
46
-59
-174
-235
-212
-103
39
133
194
231
293
338
345
327
351
421
470
442
313
141
-19
-207
-401
-577
-663
-680
-654
-609
-529
-422
-312
-203
-75
48
140
232
319
279
188
130
73
19
-49
-51
-18
36
90
154
189
194
277
328
391
467
501
547
552
485
290
79
-110
-287
-475
-617
-692
-690
-623
-537
-495
-453
-399
-323
-283
-208
-91
70
238
337
312
263
178
73
-87
-166
-203
-151
-33
47
116
220
346
409
459
485
512
546
569
518
341
143
-34
-211
-364
-496
-569
-559
-498
-475
-463
-435
-399
-321
-185
-52
79
168
299
335
263
143
32
-74
-184
-210
-162
-55
73
149
215
251
296
319
357
386
404
451
487
419
266
118
-15
-170
-312
-486
-608
-631
-607
-590
-526
-412
-304
-221
-118
5
119
222
334
335
258
191
77
-11
-74
-95
-75
-2
61
87
142
200
291
334
360
398
437
491
501
442
294
90
-119
-315
-488
-659
-719
-681
-610
-515
-432
-366
-319
-235
-156
-93
-15
86
227
317
321
266
173
89
-31
-113
-118
-61
22
91
137
215
358
459
514
533
562
586
572
455
246
70
-37
-189
-354
-483
-527
-540
-540
-536
-530
-486
-422
-343
-221
-60
124
276
400
398
306
189
62
-93
-211
-211
-146
-57
55
156
208
248
318
335
342
369
436
493
546
520
394
211
24
-186
-380
-560
-687
-725
-656
-559
-482
-408
-313
-213
-125
-39
43
160
294
300
196
122
80
7
-104
-145
-134
-57
12
91
112
160
236
272
283
340
422
501
537
449
268
97
-92
-307
-493
-604
-644
-632
-586
-522
-454
-393
-344
-269
-156
-38
85
213
359
399
346
278
211
114
-4
-69
-92
-44
35
87
142
218
312
375
439
485
493
525
529
387
196
-12
-152
-297
-451
-581
-625
-587
-522
-504
-498
-455
-391
-329
-237
-124
26
210
375
348
271
183
86
-53
-177
-187
-134
-22
95
158
253
330
388
393
415
424
432
467
506
470
356
189
4
-183
-376
-571
-665
-676
-637
-579
-490
-403
-313
-210
-105
-23
51
160
277
286
187
100
13
-43
-120
-161
-126
-30
33
79
119
171
295
364
425
481
503
578
591
488
288
78
-113
-291
-484
-615
-624
-567
-471
-384
-353
-328
-280
-224
-171
-79
70
227
355
353
280
202
99
-17
-117
-149
-158
-134
-57
54
156
252
362
413
447
457
446
450
474
395
241
79
-82
-267
-408
-532
-633
-664
-624
-590
-574
-550
-474
-341
-180
-42
122
283
429
401
297
189
77
-47
-149
-171
-110
-3
108
185
237
317
395
387
388
415
481
555
572
482
315
119
-54
-253
-427
-604
-701
-695
-640
-576
-516
-442
-346
-244
-131
-47
29
118
182
197
164
118
58
-6
-52
-80
-78
-7
62
102
142
215
322
387
457
547
588
647
640
497
294
108
-72
-237
-401
-555
-598
-563
-497
-442
-398
-333
-278
-228
-163
-87
53
199
329
308
232
146
55
-56
-185
-247
-217
-123
-29
47
135
212
278
326
374
396
408
439
461
386
252
77
-112
-277
-422
-586
-663
-654
-592
-516
-443
-418
-354
-237
-116
-18
107
245
364
334
241
101
24
-56
-162
-199
-144
-41
81
150
200
260
346
387
402
436
466
523
557
475
333
150
-25
-236
-427
-576
-657
-657
-636
-554
-458
-399
-285
-175
-78
-4
74
136
196
173
109
58
32
-1
-43
-63
-47
10
64
113
149
189
279
371
443
525
590
635
672
572
371
121
-92
-294
-488
-632
-656
-608
-542
-470
-435
-420
-380
-337
-301
-235
-112
56
230
277
265
213
112
-21
-138
-217
-239
-165
-40
73
181
302
407
415
451
491
526
527
503
387
242
109
-19
-188
-326
-453
-510
-544
-551
-534
-477
-431
-368
-264
-139
-30
95
236
368
354
259
109
-16
-100
-163
-181
-152
-69
28
113
157
230
313
340
370
392
427
501
543
447
289
114
-62
-242
-422
-575
-645
-602
-538
-487
-411
-336
-281
-202
-113
-20
92
216
285
228
171
123
64
-32
-127
-157
-132
-55
40
120
214
314
400
438
474
496
523
557
552
454
267
52
-163
-312
-472
-598
-621
-596
-542
-481
-438
-452
-403
-337
-272
-184
-22
156
318
337
263
178
104
-17
-136
-221
-223
-123
-18
84
179
270
383
438
496
537
589
613
578
444
261
79
-87
-252
-400
-515
-542
-549
-555
-557
-540
-506
-401
-293
-180
-56
83
173
247
198
100
-22
-110
-198
-262
-262
-216
-122
27
166
246
305
363
367
415
459
507
562
622
564
407
226
57
-147
-354
-551
-663
-655
-568
-481
-414
-323
-214
-129
-77
-3
89
192
297
274
197
126
51
-40
-113
-132
-118
-57
28
77
119
214
327
364
430
507
580
608
601
474
266
48
-170
-385
-551
-661
-649
-591
-534
-458
-426
-392
-360
-307
-210
-108
15
168
314
332
286
185
104
27
-41
-103
-116
-62
25
121
223
332
428
461
498
499
503
551
570
437
284
108
-54
-223
-391
-555
-627
-628
-635
-636
-595
-531
-451
-342
-190
-60
61
197
302
245
136
19
-81
-170
-215
-212
-147
-29
99
192
257
316
350
362
391
423
486
557
599
530
359
158
-34
-222
-415
-581
-648
-627
-552
-474
-400
-331
-235
-163
-132
-71
22
141
253
225
151
84
49
-48
-146
-190
-157
-46
51
102
90
133
250
327
388
453
552
617
619
479
284
84
-100
-303
-479
-583
-617
-583
-549
-482
-442
-391
-346
-268
-177
-83
36
182
326
305
238
165
68
-42
-99
-135
-139
-95
17
135
226
319
435
501
531
531
521
525
516
375
201
53
-72
-208
-365
-505
-570
-574
-552
-550
-551
-486
-367
-254
-130
11
203
367
463
388
261
127
-27
-189
-281
-312
-285
-183
-65
13
46
86
143
143
173
267
441
583
654
592
445
175
-168
-469
-643
-702
-647
-536
-433
-356
-272
-174
-94
-4
91
174
243
312
372
287
176
109
66
26
-11
-31
20
127
233
331
423
546
598
535
465
401
390
390
356
179
-31
-259
-457
-636
-811
-920
-927
-851
-760
-687
-607
-538
-456
-368
-192
-44
100
247
365
353
318
234
122
-1
-113
-187
-201
-112
18
148
273
371
425
446
466
486
501
489
477
377
232
61
-100
-276
-450
-607
-661
-653
-609
-570
-533
-474
-361
-233
-121
-23
120
261
348
294
211
101
25
-92
-172
-158
-70
42
116
159
206
300
373
391
402
465
547
617
630
499
322
121
-102
-344
-584
-738
-766
-734
-657
-566
-493
-410
-306
-213
-123
-49
28
129
242
236
170
112
70
17
-13
-29
-23
35
107
143
157
231
337
428
518
578
615
659
676
525
290
82
-98
-282
-442
-545
-553
-512
-463
-437
-419
-383
-339
-303
-236
-129
7
172
318
275
219
157
58
-110
-235
-288
-275
-214
-87
26
146
253
328
339
387
414
429
432
413
282
148
-27
-196
-378
-515
-602
-656
-658
-615
-568
-512
-456
-358
-252
-141
-2
146
302
418
339
249
151
45
-53
-120
-138
-88
43
146
176
182
220
264
294
320
347
424
506
531
406
213
18
-168
-370
-573
-708
-748
-706
-635
-521
-392
-284
-167
-47
67
178
299
393
449
409
369
316
270
215
179
158
161
214
281
362
425
475
535
638
724
770
804
806
754
566
323
77
-125
-315
-502
-648
-675
-620
-559
-526
-520
-526
-480
-431
-355
-246
-73
99
252
208
133
16
-100
-231
-318
-339
-285
-194
-53
83
152
260
382
407
421
423
445
454
440
323
195
56
-81
-249
-421
-534
-601
-633
-614
-584
-551
-511
-394
-218
-50
98
221
321
403
339
188
68
-12
-107
-134
-123
-81
-5
79
148
169
229
276
294
333
387
450
495
515
410
236
50
-136
-353
-554
-659
-685
-660
-596
-546
-458
-358
-231
-131
-70
20
127
236
327
303
264
201
105
-19
-92
-140
-104
-16
69
156
210
299
359
386
445
461
505
532
490
296
88
-128
-313
-478
-592
-683
-718
-675
-598
-554
-497
-438
-339
-239
-152
-59
83
237
368
340
278
176
66
-68
-152
-171
-109
15
131
183
245
338
420
422
457
488
537
553
534
380
185
20
-130
-296
-459
-598
-654
-669
-650
-616
-573
-510
-395
-267
-150
-27
125
275
367
296
200
68
-39
-147
-202
-200
-127
-23
59
140
178
234
283
318
354
379
460
522
539
433
251
74
-115
-309
-508
-648
-685
-649
-578
-484
-379
-277
-161
-60
20
80
178
280
332
278
252
214
197
107
10
-32
-45
-17
25
65
102
165
259
313
408
503
570
567
491
299
89
-112
-305
-480
-579
-591
-568
-545
-502
-480
-463
-450
-388
-293
-173
-32
137
306
460
443
373
242
126
-10
-95
-161
-133
-28
109
207
246
350
441
472
506
502
508
512
477
324
142
-14
-149
-309
-482
-609
-686
-703
-674
-621
-553
-444
-321
-213
-102
22
159
284
346
277
199
107
20
-91
-142
-131
-76
4
71
133
160
231
299
362
447
484
503
549
554
426
258
43
-197
-376
-536
-653
-680
-632
-558
-502
-442
-373
-283
-168
-56
15
128
267
362
285
179
102
39
-56
-146
-194
-166
-97
-23
30
78
165
248
340
418
429
491
518
472
319
153
-29
-222
-423
-561
-626
-622
-599
-568
-525
-455
-422
-327
-183
-48
81
243
380
471
430
361
237
132
-3
-123
-206
-181
-91
17
154
254
347
406
461
471
440
444
450
416
296
146
-26
-170
-292
-460
-612
-675
-638
-613
-578
-528
-464
-331
-180
-56
66
201
340
428
350
237
131
45
-72
-136
-110
-21
86
171
252
307
351
358
356
414
478
545
583
567
431
249
61
-146
-341
-531
-631
-667
-649
-559
-486
-433
-353
-260
-193
-111
-6
96
204
317
304
246
161
73
-42
-103
-140
-133
-76
31
113
165
274
381
460
522
546
591
581
526
376
203
39
-118
-297
-441
-534
-557
-518
-466
-463
-445
-394
-313
-231
-112
40
203
339
414
324
249
130
28
-107
-183
-215
-182
-84
32
143
239
328
369
368
392
395
394
395
387
278
139
-13
-165
-296
-468
-607
-647
-641
-644
-597
-523
-451
-327
-154
-24
83
198
337
398
307
207
116
35
-70
-126
-118
-36
97
178
225
246
276
304
324
346
391
473
534
483
344
187
4
-206
-424
-608
-686
-675
-631
-581
-488
-418
-370
-315
-243
-159
-53
70
175
265
252
215
133
61
-45
-109
-140
-111
-38
40
110
181
284
384
478
559
580
618
628
589
437
230
11
-168
-331
-495
-590
-583
-550
-499
-455
-426
-392
-318
-233
-148
-48
92
219
311
263
206
130
45
-101
-195
-212
-155
-80
25
126
200
301
360
377
406
452
499
491
461
334
193
6
-157
-317
-462
-566
-627
-656
-633
-582
-513
-423
-327
-195
-22
140
249
376
453
351
216
90
-10
-105
-164
-157
-75
50
151
183
177
232
295
353
400
451
516
548
511
340
170
-4
-239
-486
-683
-791
-799
-729
-627
-515
-436
-363
-283
-215
-127
-37
95
224
294
261
240
188
125
29
-12
-43
-39
4
54
109
186
282
358
444
535
540
559
576
539
332
96
-96
-274
-427
-563
-632
-622
-590
-551
-529
-510
-488
-408
-306
-208
-87
95
290
403
339
251
159
39
-120
-217
-253
-138
10
128
221
287
371
406
388
376
394
474
545
509
374
229
42
-116
-277
-465
-590
-622
-599
-577
-539
-474
-401
-301
-165
-41
80
215
313
357
289
190
59
-32
-127
-141
-123
-52
50
115
156
160
220
273
335
378
423
515
561
506
343
149
-37
-205
-375
-562
-683
-693
-633
-554
-504
-420
-283
-165
-107
-45
73
218
336
378
296
251
184
116
-20
-99
-115
-76
-26
28
71
141
253
318
360
438
461
449
444
409
227
40
-127
-312
-474
-609
-676
-655
-616
-558
-526
-505
-476
-386
-285
-151
-2
173
356
470
409
293
179
88
-52
-122
-140
-83
42
147
220
279
389
454
476
484
482
505
516
465
312
163
19
-138
-296
-451
-560
-597
-578
-571
-551
-482
-399
-299
-178
-28
96
189
290
331
234
147
58
-25
-103
-129
-112
-63
33
106
166
211
280
301
347
392
426
472
519
513
373
202
-4
-224
-410
-567
-662
-662
-579
-470
-394
-327
-273
-222
-186
-134
-49
109
268
362
345
294
198
106
-17
-110
-177
-144
-80
1
75
162
279
366
429
475
500
531
505
408
226
37
-148
-299
-403
-494
-560
-559
-541
-515
-481
-447
-435
-353
-207
-59
89
234
368
424
357
263
125
34
-72
-143
-138
-60
42
149
242
302
395
446
460
470
466
495
504
454
301
109
-39
-170
-317
-491
-619
-663
-645
-610
-543
-480
-368
-262
-171
-97
17
144
246
267
193
143
80
-23
-137
-185
-155
-70
30
124
176
210
295
338
377
446
495
578
626
622
476
258
33
-172
-375
-531
-636
-661
-623
-536
-462
-422
-371
-276
-217
-167
-64
94
224
275
201
127
87
35
-77
-129
-159
-130
-68
-15
-3
47
184
287
352
437
504
551
559
482
264
61
-106
-272
-392
-460
-497
-494
-473
-474
-472
-440
-390
-305
-204
-79
84
227
363
413
319
233
107
-39
-154
-203
-208
-153
-29
122
228
286
370
406
416
401
361
377
430
443
327
191
46
-149
-338
-548
-686
-719
-680
-643
-565
-460
-330
-234
-139
-31
61
186
308
323
258
189
120
29
-59
-91
-47
23
108
178
198
213
298
325
360
437
493
579
610
559
422
240
13
-203
-392
-554
-643
-644
-615
-545
-459
-400
-355
-257
-147
-57
-1
79
176
219
179
123
7
-52
-113
-152
-194
-150
-63
7
85
141
255
364
435
511
544
600
608
544
350
159
-17
-174
-336
-468
-515
-518
-510
-459
-416
-371
-317
-259
-209
-123
25
167
287
358
331
242
110
-52
-220
-312
-296
-216
-76
69
167
223
309
359
384
389
397
406
405
383
252
95
-38
-191
-347
-517
-611
-650
-628
-593
-544
-491
-396
-276
-170
-29
102
224
356
343
232
133
68
7
-92
-122
-97
-6
101
155
160
151
230
323
389
460
525
594
607
504
299
110
-86
-297
-504
-636
-681
-664
-620
-545
-484
-399
-341
-285
-235
-166
-69
62
211
285
268
229
166
89
-37
-111
-133
-75
24
111
187
276
411
490
558
589
546
565
574
496
310
124
-36
-203
-346
-483
-570
-575
-546
-516
-487
-414
-354
-263
-177
-89
49
214
361
396
308
209
83
-47
-181
-238
-223
-125
14
122
219
303
385
411
436
464
494
531
543
489
363
207
45
-128
-275
-429
-529
-571
-553
-508
-452
-389
-305
-199
-85
14
130
244
347
385
265
147
21
-48
-166
-221
-190
-106
-14
29
48
72
174
274
335
389
455
554
585
514
316
102
-91
-262
-449
-620
-688
-655
-593
-514
-439
-357
-275
-188
-147
-97
-36
51
177
242
221
191
126
57
-62
-141
-173
-132
-60
50
150
227
346
433
482
521
520
539
551
479
296
74
-106
-256
-410
-532
-627
-653
-616
-559
-525
-484
-431
-343
-244
-116
26
172
318
345
231
112
23
-79
-207
-256
-225
-135
6
97
195
269
371
416
435
462
486
522
531
488
393
283
151
-37
-207
-361
-468
-557
-575
-554
-505
-414
-309
-197
-70
52
145
228
312
345
272
183
81
8
-90
-160
-171
-150
-116
-66
-46
-22
46
128
149
144
120
189
259
309
246
132
-11
-207
-455
-719
-891
-889
-765
-585
-389
-188
-47
59
149
206
290
401
498
534
513
476
380
248
106
42
6
68
162
226
309
414
560
665
750
778
689
525
311
116
-94
-311
-523
-707
-860
-1008
-1052
-1041
-977
-894
-810
-730
-642
-504
-320
-161
24
226
388
413
307
169
77
-16
-117
-179
-156
-19
97
224
308
367
468
528
532
533
533
561
562
501
360
202
38
-156
-339
-522
-612
-662
-668
-637
-564
-477
-361
-243
-149
-65
18
96
199
245
173
63
-19
-66
-122
-142
-178
-332
-461
-419
-325
-242
-120
-10
97
159
417
853
1085
1108
931
653
392
140
-99
-323
-446
-455
-390
-333
-322
-309
-254
-196
-154
-105
-39
99
244
281
222
143
84
23
-117
-197
-206
-136
-53
16
94
218
371
433
473
525
548
553
522
402
214
51
-108
-277
-394
-494
-540
-583
-586
-587
-581
-529
-441
-338
-220
-89
72
234
378
394
306
190
89
-25
-199
-567
-775
-622
-175
214
409
439
221
53
-25
-13
42
157
266
288
173
33
-148
-343
-512
-612
-420
-147
-12
15
38
64
67
-3
-282
-488
-265
174
431
459
393
300
193
97
-19
-44
-20
49
127
186
254
290
354
403
495
557
600
663
701
632
458
209
-45
-233
-409
-575
-643
-620
-572
-510
-474
-425
-360
-280
-211
-108
13
179
319
370
315
227
141
77
-27
-94
-82
-13
77
147
226
353
504
577
632
696
739
752
736
609
425
232
55
-120
-290
-435
-508
-544
-565
-533
-475
-428
-374
-329
-255
-147
-21
82
196
209
133
46
-46
-163
-285
-313
-293
-189
-28
86
147
188
273
296
326
357
376
432
496
475
314
127
-39
-203
-407
-596
-689
-709
-673
-617
-543
-462
-354
-242
-155
-54
62
205
314
291
222
177
110
25
-67
-87
-47
16
92
134
167
218
300
375
466
549
588
645
628
483
266
54
-152
-337
-502
-658
-718
-705
-652
-616
-563
-484
-413
-322
-228
-136
-44
72
216
277
237
170
114
44
-67
-142
-169
-101
7
105
197
269
374
451
493
517
519
540
551
454
259
105
-43
-197
-347
-504
-587
-583
-571
-575
-537
-492
-430
-336
-192
-55
106
270
407
399
303
195
51
-90
-184
-197
-151
-46
70
159
240
281
317
343
400
441
453
494
512
433
289
146
-14
-199
-370
-571
-683
-707
-652
-581
-504
-427
-314
-166
-46
36
154
264
355
339
251
167
75
2
-92
-136
-119
-53
17
81
110
176
266
339
412
487
536
577
562
448
310
121
-96
-312
-502
-613
-648
-625
-597
-530
-452
-401
-379
-324
-233
-121
14
155
310
380
352
270
152
27
-98
-154
-161
-125
-26
82
153
211
346
419
449
481
496
514
533
445
249
2
-153
-288
-404
-526
-598
-600
-585
-573
-556
-505
-455
-371
-237
-79
96
254
362
335
232
105
-1
-116
-218
-249
-196
-93
15
87
139
222
309
317
344
404
438
477
499
430
302
145
-34
-245
-406
-539
-632
-682
-645
-569
-482
-390
-305
-190
-51
54
145
229
316
320
251
179
103
28
-58
-108
-130
-41
58
111
130
198
304
364
396
425
446
513
535
441
238
36
-213
-397
-557
-663
-718
-664
-560
-480
-419
-355
-304
-253
-177
-62
51
206
355
376
333
272
189
75
-34
-92
-97
-47
13
63
148
200
272
339
413
481
524
534
522
426
248
32
-132
-283
-408
-543
-648
-674
-632
-587
-546
-500
-407
-298
-178
-60
70
216
361
369
264
148
62
-39
-155
-212
-194
-88
32
123
207
265
337
370
406
423
440
483
524
479
337
154
5
-174
-371
-549
-646
-666
-641
-563
-468
-379
-273
-160
-80
-17
32
114
218
228
167
100
43
-21
-126
-150
-155
-81
22
95
115
143
225
288
357
428
485
578
629
520
298
89
-95
-306
-505
-640
-677
-625
-527
-446
-404
-345
-286
-224
-165
-59
91
260
408
423
349
289
204
65
-47
-104
-115
-87
-32
42
136
264
406
456
502
511
502
499
460
326
182
45
-71
-215
-339
-474
-570
-631
-627
-601
-543
-483
-411
-314
-171
-36
92
222
379
386
303
188
91
16
-66
-114
-102
1
126
201
275
348
426
444
435
438
457
529
570
495
325
141
-41
-245
-443
-605
-712
-731
-717
-664
-563
-475
-394
-300
-198
-84
18
134
226
200
152
96
19
-73
-142
-138
-100
-17
52
113
152
177
237
308
397
461
498
588
604
501
309
79
-130
-292
-400
-501
-546
-538
-489
-427
-388
-331
-274
-213
-123
-49
73
224
359
369
298
201
124
-14
-158
-233
-210
-132
-50
23
129
238
367
420
448
453
451
443
407
299
148
-1
-83
-198
-329
-468
-550
-594
-591
-551
-501
-459
-389
-275
-137
-9
127
257
382
392
317
184
34
-96
-180
-168
-117
-24
118
205
229
261
348
382
409
436
459
521
557
466
283
73
-112
-302
-493
-629
-697
-679
-617
-581
-551
-461
-342
-210
-125
-20
106
225
313
252
148
83
13
-71
-132
-132
-106
-49
35
84
136
211
301
356
440
507
534
550
551
441
262
72
-125
-317
-474
-587
-621
-600
-550
-509
-456
-396
-337
-294
-206
-120
-28
105
264
294
262
163
60
-35
-145
-226
-240
-163
-43
44
124
244
376
438
475
467
479
515
486
377
234
82
-68
-225
-375
-489
-537
-533
-517
-516
-477
-426
-365
-284
-182
-72
94
270
410
405
306
171
23
-102
-200
-228
-164
-42
84
185
233
260
277
310
360
385
448
523
535
457
313
139
-29
-191
-403
-600
-688
-687
-646
-577
-485
-390
-284
-168
-94
-28
70
165
259
268
190
118
75
22
-51
-84
-72
-1
50
83
108
191
311
360
415
495
579
604
566
432
239
27
-159
-356
-540
-654
-657
-604
-528
-461
-393
-372
-359
-333
-269
-139
7
122
269
275
234
156
73
-55
-196
-275
-259
-211
-66
78
178
267
397
460
491
500
495
520
543
432
269
129
13
-155
-299
-430
-496
-505
-496
-489
-481
-425
-336
-246
-146
-25
120
232
310
254
151
57
-62
-191
-264
-232
-157
-71
5
71
127
200
273
307
363
421
486
555
571
488
323
143
-48
-245
-416
-557
-658
-651
-568
-497
-420
-321
-214
-115
-35
18
82
174
284
262
178
134
88
8
-76
-106
-103
-19
46
70
126
218
329
401
469
501
516
551
523
380
220
75
-91
-259
-421
-573
-615
-587
-551
-506
-431
-355
-303
-268
-208
-110
29
160
292
290
235
143
34
-81
-175
-212
-232
-166
-25
109
213
301
394
495
574
584
589
596
572
456
277
88
-52
-186
-323
-454
-533
-548
-530
-523
-525
-494
-406
-309
-219
-88
107
277
397
337
178
4
-121
-218
-300
-258
-167
-54
39
118
197
293
384
388
379
422
472
518
549
502
382
240
82
-117
-341
-488
-557
-577
-526
-455
-384
-291
-178
-79
0
75
128
208
300
249
150
85
24
-62
-148
-201
-217
-177
-111
-38
13
120
263
369
437
497
525
550
563
437
217
17
-145
-341
-497
-603
-618
-560
-479
-455
-438
-376
-300
-260
-167
-15
126
241
349
331
272
209
129
3
-126
-171
-154
-120
-1
143
259
351
422
442
478
500
502
538
538
410
251
85
-62
-200
-347
-496
-591
-603
-582
-584
-555
-494
-390
-259
-129
-30
79
223
329
266
167
83
-8
-122
-211
-218
-155
-19
76
136
188
264
358
402
422
443
495
573
590
493
348
183
0
-190
-389
-569
-653
-662
-625
-547
-431
-352
-293
-228
-145
-74
31
148
240
229
160
72
-4
-101
-150
-145
-117
-49
49
136
186
224
293
366
445
513
565
613
636
521
333
126
-39
-235
-403
-551
-593
-567
-503
-425
-364
-324
-261
-210
-194
-138
42
201
338
326
232
112
7
-107
-216
-269
-252
-165
-78
29
121
219
325
391
427
462
482
481
439
335
194
29
-119
-278
-433
-555
-622
-654
-619
-570
-512
-441
-333
-191
-35
93
194
269
358
282
139
1
-52
-89
-121
-104
-57
24
115
184
214
276
340
366
372
403
469
535
574
471
286
105
-81
-272
-493
-658
-726
-687
-615
-525
-443
-374
-309
-276
-207
-111
-16
93
223
222
206
157
44
-64
-136
-167
-166
-111
-7
111
191
288
395
465
549
586
608
626
590
432
261
73
-74
-215
-353
-485
-549
-532
-462
-440
-407
-363
-291
-217
-129
-39
66
190
319
278
185
88
1
-116
-200
-244
-225
-121
2
72
154
237
324
387
465
472
490
506
496
366
214
61
-103
-249
-382
-531
-607
-630
-615
-568
-489
-427
-355
-220
-88
11
143
289
405
356
254
132
-11
-134
-223
-235
-169
-44
89
196
240
295
348
369
386
401
441
508
546
450
277
90
-84
-262
-472
-644
-704
-677
-620
-538
-459
-374
-286
-201
-135
-55
62
182
291
280
214
121
23
-78
-150
-161
-114
-52
-5
56
135
248
378
452
542
644
715
702
635
452
241
49
-122
-297
-428
-521
-522
-500
-465
-444
-449
-452
-387
-317
-222
-101
39
192
333
320
204
53
-77
-209
-315
-344
-309
-194
-44
66
157
288
401
413
433
418
423
471
481
386
278
173
59
-134
-317
-469
-551
-577
-553
-508
-422
-321
-230
-130
-3
120
227
307
359
307
252
157
39
-72
-130
-129
-92
-5
93
173
219
292
349
366
407
456
512
547
531
375
159
-57
-269
-465
-644
-795
-892
-902
-842
-805
-747
-600
-421
-208
-33
87
210
290
280
133
37
21
64
77
70
85
152
258
351
402
466
537
602
640
663
685
718
716
670
512
304
112
-43
-192
-312
-405
-399
-330
-273
-312
-420
-530
-552
-506
-446
-375
-268
-176
-84
-84
-126
-235
-308
-377
-430
-452
-404
-275
-95
70
187
317
437
498
523
519
521
546
538
407
238
80
-36
-183
-365
-480
-517
-524
-522
-513
-492
-410
-288
-171
-52
91
230
318
365
289
171
72
-15
-109
-151
-129
-61
15
63
120
124
161
224
243
286
369
465
519
572
485
310
97
-114
-292
-441
-554
-597
-572
-482
-392
-349
-286
-200
-107
-30
34
116
199
324
291
219
177
132
25
-91
-187
-187
-121
-25
43
116
236
352
412
470
493
534
542
517
379
205
20
-160
-338
-485
-581
-618
-620
-582
-569
-520
-458
-397
-275
-133
-8
124
248
355
320
264
169
45
-79
-151
-215
-188
-56
78
199
291
372
420
449
469
460
470
501
500
376
234
86
-70
-224
-417
-580
-703
-721
-721
-718
-679
-572
-452
-357
-227
-110
-1
97
149
78
-13
-86
-153
-228
-262
-257
-193
-66
43
117
183
251
290
315
361
427
503
589
610
515
380
210
14
-190
-378
-534
-616
-598
-531
-439
-352
-290
-250
-200
-133
-79
35
171
289
267
183
75
24
-41
-88
-131
-107
-33
58
151
220
325
440
506
557
597
676
705
682
526
351
171
20
-134
-279
-369
-366
-327
-287
-255
-220
-197
-142
-76
7
127
258
360
466
415
308
182
48
-96
-192
-235
-245
-188
-76
8
63
127
198
245
277
276
280
298
306
219
97
-52
-189
-324
-488
-613
-677
-690
-643
-608
-560
-489
-376
-249
-135
-32
54
200
308
255
137
73
-14
-110
-151
-126
-53
80
164
207
248
338
403
417
468
496
529
588
602
484
346
162
-73
-306
-475
-560
-607
-590
-511
-434
-381
-348
-280
-220
-159
-116
-44
77
192
152
111
54
-17
-102
-178
-235
-246
-181
-111
-68
-14
66
175
285
375
406
471
497
482
377
226
72
-56
-187
-328
-457
-469
-411
-366
-382
-378
-374
-359
-306
-198
-66
118
300
405
355
296
185
40
-109
-220
-276
-229
-113
9
123
209
285
340
371
413
436
436
439
438
323
189
54
-101
-262
-434
-592
-669
-651
-585
-517
-495
-433
-321
-200
-104
-29
82
217
329
269
184
84
31
-53
-131
-128
-65
-10
34
81
136
244
349
409
393
385
466
537
537
410
234
40
-146
-348
-550
-653
-681
-647
-555
-436
-329
-264
-209
-144
-85
-5
92
158
192
171
193
153
96
-50
-160
-163
-105
-38
46
139
210
318
424
503
595
620
632
608
565
432
256
85
-85
-252
-393
-490
-523
-539
-471
-440
-406
-364
-290
-212
-136
-55
82
231
345
293
182
77
-47
-198
-261
-247
-183
-60
51
120
190
305
376
373
376
396
445
497
497
386
259
135
-27
-219
-392
-516
-597
-607
-591
-523
-429
-330
-224
-119
19
123
233
309
379
292
190
81
-11
-92
-171
-168
-100
22
132
186
219
278
314
341
366
390
435
486
503
368
196
32
-154
-345
-559
-708
-718
-668
-612
-563
-478
-390
-306
-213
-130
-62
49
162
239
209
166
104
50
-49
-108
-151
-120
-68
0
69
154
248
340
419
509
555
576
573
533
398
233
34
-144
-313
-471
-598
-634
-613
-579
-547
-510
-457
-367
-291
-186
-88
71
240
365
341
226
71
-52
-185
-283
-303
-251
-115
49
174
262
370
451
472
463
450
473
510
509
400
284
162
38
-151
-354
-501
-580
-571
-535
-484
-420
-370
-301
-194
-80
48
165
270
343
304
184
76
-2
-100
-143
-133
-93
-47
46
103
134
200
268
308
352
415
493
528
513
370
180
-20
-195
-389
-562
-674
-682
-633
-558
-506
-433
-339
-257
-191
-121
-32
94
227
337
295
263
232
174
38
-62
-140
-118
-46
19
107
207
316
394
428
497
540
538
532
494
331
177
-8
-175
-331
-478
-575
-624
-602
-565
-528
-497
-463
-399
-309
-196
-88
59
240
403
382
313
217
106
-22
-131
-190
-144
12
150
273
329
398
456
488
503
506
551
586
569
425
258
97
-79
-246
-433
-563
-589
-578
-580
-574
-492
-399
-328
-237
-127
-11
110
214
265
219
141
27
-24
-101
-153
-161
-117
-12
73
124
154
210
247
330
403
440
499
532
517
409
248
31
-165
-355
-513
-646
-653
-587
-499
-413
-343
-293
-197
-121
-74
-15
97
207
306
280
251
205
157
28
-96
-168
-160
-90
-24
35
99
200
292
367
424
445
489
498
463
292
124
-52
-227
-403
-549
-632
-640
-616
-537
-479
-445
-427
-379
-291
-174
-39
116
270
395
366
281
167
39
-103
-178
-175
-128
-19
109
204
240
305
357
398
428
427
432
476
509
380
215
85
-64
-271
-484
-623
-685
-662
-622
-588
-544
-428
-291
-186
-81
13
118
236
296
207
119
62
7
-79
-130
-109
-77
23
89
145
187
286
342
350
418
458
503
553
523
386
228
26
-168
-373
-526
-621
-649
-615
-523
-442
-371
-313
-235
-173
-95
-31
91
245
358
341
278
180
78
-58
-153
-233
-230
-134
-11
59
108
197
278
325
359
367
419
453
428
275
99
-71
-216
-362
-513
-607
-592
-563
-529
-488
-444
-396
-297
-156
-22
118
290
437
507
437
332
216
74
-74
-141
-155
-104
5
92
166
223
282
331
381
401
395
397
414
429
341
185
-2
-140
-286
-484
-627
-704
-707
-663
-601
-535
-449
-339
-197
-86
-4
129
257
324
260
176
119
60
-24
-66
-68
-16
56
143
195
237
291
342
395
444
519
572
608
593
446
254
43
-191
-414
-580
-678
-682
-615
-500
-401
-345
-307
-260
-210
-136
-33
70
183
331
356
297
175
78
-45
-134
-191
-158
-62
52
147
203
300
376
392
454
490
511
519
514
362
176
9
-129
-265
-389
-474
-511
-483
-468
-450
-416
-342
-272
-197
-81
47
180
322
390
320
231
133
33
-80
-159
-188
-160
-90
-23
70
141
241
301
335
379
376
386
424
429
302
136
-22
-183
-340
-503
-633
-709
-685
-611
-540
-471
-359
-239
-127
-32
50
151
281
373
300
226
143
86
9
-57
-91
-40
45
119
132
155
252
296
351
427
454
527
557
540
378
203
-12
-236
-451
-613
-698
-663
-599
-528
-480
-403
-369
-336
-272
-187
-89
78
215
312
314
277
196
121
6
-85
-159
-165
-102
-50
24
107
239
370
469
535
530
523
497
464
317
132
-32
-163
-275
-408
-502
-533
-504
-482
-467
-440
-410
-335
-208
-86
31
174
292
350
302
212
100
-20
-151
-247
-273
-197
-110
6
103
195
312
374
390
395
394
415
449
450
358
215
63
-113
-293
-459
-564
-601
-600
-538
-447
-358
-281
-211
-145
-35
74
177
307
407
342
252
156
86
-19
-97
-120
-78
12
86
118
135
220
290
330
382
386
462
529
521
355
160
-34
-212
-403
-561
-665
-688
-629
-540
-468
-401
-323
-252
-184
-102
7
144
257
340
318
288
221
128
-21
-120
-129
-100
-39
17
77
176
299
374
420
484
514
528
519
485
331
158
-13
-182
-330
-488
-588
-622
-600
-566
-551
-553
-495
-379
-257
-132
-18
124
296
359
259
165
69
-41
-184
-260
-251
-143
29
162
247
304
365
362
340
344
375
427
470
470
391
282
118
-80
-291
-461
-582
-643
-620
-545
-448
-356
-295
-208
-115
-30
55
152
223
259
212
144
56
24
-25
-67
-103
-52
21
97
155
166
216
274
338
407
439
489
527
519
368
163
-31
-194
-379
-555
-671
-658
-589
-507
-471
-421
-342
-240
-177
-118
-8
140
268
364
331
271
183
106
-23
-98
-127
-108
-49
51
149
211
310
397
449
487
483
464
413
375
268
110
-63
-211
-360
-504
-584
-615
-598
-581
-536
-490
-453
-373
-272
-159
-29
109
261
377
328
215
121
31
-102
-157
-172
-109
40
192
248
260
352
395
387
376
358
400
467
490
380
218
39
-124
-306
-474
-594
-665
-671
-630
-561
-463
-363
-261
-194
-81
39
115
200
238
151
69
-21
-86
-140
-155
-155
-96
4
68
112
146
206
267
334
428
465
511
568
569
391
194
5
-164
-328
-474
-566
-585
-504
-397
-326
-267
-230
-177
-112
-60
3
153
328
436
404
317
236
145
2
-115
-195
-162
-90
-15
77
165
277
341
381
394
433
495
499
445
294
124
-31
-192
-341
-476
-555
-578
-556
-521
-485
-432
-377
-298
-187
-76
51
192
318
379
311
204
98
-2
-110
-174
-166
-99
19
124
199
228
312
403
453
455
446
479
535
526
370
196
48
-123
-310
-508
-632
-660
-643
-592
-535
-440
-352
-249
-150
-65
31
149
253
284
185
114
69
30
-81
-171
-165
-100
-23
49
117
163
252
314
387
480
531
592
612
560
402
226
15
-163
-347
-518
-637
-649
-560
-448
-373
-336
-297
-244
-194
-124
-40
61
198
300
285
224
165
90
-57
-166
-205
-187
-104
-17
41
113
256
343
367
410
456
508
522
468
305
142
19
-124
-316
-479
-545
-573
-574
-583
-551
-485
-404
-332
-231
-106
27
170
298
357
283
188
74
-55
-156
-185
-165
-98
30
166
260
294
361
382
400
410
404
428
491
516
392
251
93
-87
-252
-423
-557
-597
-549
-509
-493
-440
-353
-243
-146
-91
-69
-16
64
72
-12
-88
-186
-251
-314
-342
-346
-237
-66
83
188
284
403
452
403
355
370
480
615
654
564
417
187
-37
-212
-340
-400
-399
-374
-318
-306
-321
-320
-295
-236
-134
-2
147
306
432
458
406
359
356
236
56
-134
-250
-236
-166
-81
-45
64
146
139
93
63
85
98
83
5
-108
-215
-304
-405
-510
-565
-547
-493
-461
-430
-386
-321
-239
-159
-69
51
213
336
382
296
194
74
-53
-205
-256
-245
-164
-41
79
163
230
326
360
359
360
368
398
406
431
340
192
19
-140
-308
-483
-610
-649
-630
-559
-490
-404
-299
-196
-105
-20
79
192
312
371
271
170
112
76
-35
-86
-103
-51
38
103
148
189
271
329
367
432
492
577
622
574
372
184
-20
-226
-402
-534
-614
-616
-568
-513
-476
-420
-363
-315
-254
-172
-87
66
227
327
301
262
154
44
-77
-164
-204
-161
-28
101
218
323
438
489
521
519
503
530
537
461
301
141
-10
-155
-280
-439
-558
-600
-569
-555
-535
-481
-413
-327
-248
-147
-17
123
243
256
160
88
-14
-133
-259
-310
-288
-188
-74
5
56
109
212
245
264
288
309
392
424
415
312
154
-54
-229
-400
-579
-664
-645
-595
-522
-428
-352
-289
-192
-84
1
85
206
302
360
319
239
133
68
-22
-64
-86
-33
61
132
161
179
219
257
287
337
391
497
551
521
348
126
-49
-211
-364
-511
-562
-500
-416
-337
-265
-187
-101
-33
11
92
211
338
440
509
517
461
368
274
145
71
43
86
159
242
330
416
510
552
580
574
509
467
456
427
263
60
-94
-263
-413
-556
-688
-761
-764
-771
-733
-671
-568
-461
-359
-246
-96
59
202
245
151
55
-20
-85
-196
-234
-209
-115
21
98
146
188
241
278
316
380
430
501
590
599
455
275
57
-184
-385
-545
-640
-658
-611
-514
-434
-349
-279
-212
-125
-22
37
114
215
283
228
157
76
3
-117
-179
-197
-129
-22
65
84
109
187
246
314
352
362
462
534
508
350
157
-27
-202
-368
-545
-650
-650
-600
-559
-484
-364
-280
-211
-124
-19
96
224
372
426
364
301
202
105
-44
-133
-186
-134
-50
32
128
210
305
362
436
455
448
478
499
461
301
106
-71
-233
-374
-511
-597
-633
-608
-582
-549
-503
-435
-337
-223
-81
84
242
365
427
348
210
89
-19
-133
-189
-180
-73
68
179
243
268
318
354
372
383
408
495
560
541
407
233
34
-148
-341
-525
-630
-635
-609
-558
-488
-400
-324
-232
-166
-71
38
138
206
235
198
133
63
-10
-122
-161
-184
-141
-77
7
59
101
221
338
418
464
484
510
497
435
288
127
-47
-206
-356
-475
-530
-532
-474
-422
-410
-396
-328
-249
-187
-111
5
161
297
353
327
265
175
31
-148
-264
-295
-244
-108
-1
97
173
293
337
352
383
388
435
452
418
273
104
-46
-222
-351
-465
-538
-571
-575
-555
-514
-445
-371
-285
-157
-4
141
255
363
380
276
152
26
-80
-153
-161
-174
-100
15
144
220
260
306
327
339
352
353
440
543
552
408
232
48
-128
-328
-530
-652
-684
-654
-590
-499
-393
-326
-264
-165
-80
-2
102
194
213
153
139
75
7
-108
-142
-148
-106
-41
30
117
188
279
365
425
487
530
591
595
534
380
183
-46
-260
-404
-508
-558
-552
-476
-416
-405
-397
-378
-311
-237
-158
-57
87
238
303
240
143
47
-48
-172
-245
-245
-158
-21
63
136
213
311
361
375
396
421
478
491
401
302
169
51
-112
-290
-449
-532
-571
-579
-534
-470
-400
-313
-200
-99
-10
115
221
307
331
262
164
48
-28
-135
-162
-159
-72
50
154
221
265
333
359
346
342
342
402
471
460
309
129
-35
-216
-400
-563
-666
-684
-635
-566
-503
-392
-286
-194
-146
-81
11
125
239
259
207
191
139
72
-29
-51
-33
31
123
187
201
216
294
341
409
500
564
640
686
625
423
176
-78
-298
-436
-552
-599
-581
-550
-517
-438
-362
-333
-299
-228
-135
-32
88
239
302
277
232
144
24
-119
-201
-231
-155
-9
111
193
287
413
448
490
496
467
505
525
437
292
145
19
-110
-242
-384
-502
-550
-569
-554
-490
-386
-307
-217
-123
-16
108
248
325
323
250
153
11
-111
-218
-246
-226
-114
13
101
186
213
234
227
233
276
317
390
446
442
340
173
-52
-253
-419
-593
-680
-680
-572
-447
-351
-289
-228
-152
-92
-30
60
182
304
358
324
264
202
117
-2
-60
-69
-36
8
67
122
169
267
335
427
486
565
634
633
527
317
93
-114
-308
-464
-591
-639
-638
-602
-553
-523
-475
-424
-362
-250
-136
-1
114
225
298
274
214
127
25
-91
-138
-163
-140
-41
78
190
269
411
496
512
496
451
466
464
437
272
92
-57
-223
-365
-495
-601
-676
-621
-539
-502
-457
-403
-338
-256
-149
-13
136
284
320
247
144
33
-91
-238
-254
-228
-144
-29
65
131
187
267
284
299
344
411
519
556
514
377
214
19
-181
-370
-526
-626
-637
-595
-520
-453
-389
-315
-234
-109
11
104
209
315
332
251
163
69
6
-82
-137
-155
-87
9
52
69
123
244
329
380
406
424
492
511
413
239
62
-92
-255
-386
-528
-594
-591
-538
-484
-433
-385
-330
-270
-174
-88
34
199
354
422
395
336
212
87
-36
-121
-150
-101
2
98
192
282
378
419
458
475
472
486
467
405
245
47
-92
-244
-404
-579
-676
-684
-655
-606
-573
-491
-403
-274
-181
-74
60
198
305
314
201
106
12
-68
-139
-147
-89
28
116
195
229
238
299
334
345
393
477
582
643
609
453
245
22
-208
-437
-612
-696
-699
-664
-597
-517
-418
-335
-251
-156
-62
23
107
202
233
184
115
49
-12
-112
-135
-133
-95
-7
53
102
171
296
378
430
430
400
439
493
430
247
42
-122
-289
-440
-556
-626
-614
-555
-502
-456
-401
-326
-228
-140
-43
85
250
383
404
359
310
199
15
-130
-170
-164
-89
21
114
179
211
259
288
327
367
406
455
479
441
300
139
-36
-211
-384
-518
-628
-668
-635
-585
-537
-488
-386
-261
-115
9
134
255
359
360
253
132
33
-41
-88
-82
-61
35
129
171
206
269
340
378
403
437
473
537
559
481
352
209
25
-184
-392
-560
-649
-662
-613
-540
-463
-380
-313
-239
-188
-124
-50
59
176
198
181
140
84
29
-85
-190
-220
-166
-104
-11
108
184
278
352
412
445
464
514
547
475
302
107
-56
-200
-343
-500
-567
-542
-479
-436
-407
-379
-334
-253
-188
-111
53
211
351
370
289
189
90
-22
-156
-223
-224
-148
-47
39
112
168
288
354
387
409
436
487
486
412
225
40
-85
-239
-415
-537
-591
-631
-589
-529
-466
-418
-358
-261
-137
9
136
232
319
357
301
196
86
-19
-134
-129
-89
-12
99
179
191
238
341
388
388
387
416
478
498
460
311
155
23
-159
-394
-585
-665
-658
-613
-542
-475
-386
-303
-228
-188
-114
15
131
250
272
218
182
137
34
-79
-146
-171
-129
-26
69
153
254
365
419
483
565
614
642
634
546
374
154
-62
-231
-346
-458
-515
-510
-471
-431
-418
-416
-405
-357
-239
-116
6
186
362
399
339
235
84
-49
-180
-247
-224
-113
5
84
162
227
313
347
361
387
410
476
478
406
283
153
-1
-163
-328
-488
-593
-605
-608
-576
-495
-396
-321
-215
-89
-9
79
191
288
289
231
128
30
-35
-121
-170
-174
-129
-55
27
85
129
185
235
294
364
394
459
495
449
288
73
-103
-257
-423
-581
-637
-608
-562
-493
-458
-381
-316
-246
-175
-116
14
165
304
330
264
194
122
25
-77
-138
-123
-53
12
82
149
208
315
363
404
468
542
604
611
519
342
131
-77
-270
-436
-548
-617
-629
-571
-523
-477
-445
-395
-324
-243
-133
-19
94
238
303
246
157
55
-40
-141
-191
-217
-154
-8
138
222
270
359
421
460
479
486
539
559
466
326
201
85
-55
-234
-413
-525
-560
-560
-554
-556
-511
-404
-264
-132
-6
125
257
332
299
200
116
5
-99
-177
-156
-110
-19
53
135
190
226
261
247
273
341
410
504
568
528
366
183
-17
-242
-436
-620
-728
-690
-562
-445
-358
-295
-252
-183
-109
-56
16
149
309
336
279
208
134
28
-87
-147
-147
-90
-9
48
112
192
297
356
422
463
501
546
517
419
235
53
-115
-283
-417
-522
-563
-558
-535
-532
-525
-505
-479
-375
-206
-62
82
210
316
338
286
165
45
-44
-145
-157
-125
-24
101
211
284
336
387
390
400
439
477
537
533
446
280
109
-67
-228
-389
-562
-659
-679
-652
-585
-518
-430
-337
-241
-156
-64
50
179
265
238
138
61
-19
-94
-198
-214
-131
-2
93
153
204
235
261
256
308
394
483
573
608
546
393
189
-15
-214
-406
-555
-608
-614
-551
-447
-380
-337
-271
-170
-94
-24
55
161
293
320
260
161
107
35
-57
-112
-145
-121
-49
13
71
152
276
339
398
454
515
548
530
394
204
6
-149
-293
-407
-514
-555
-536
-466
-427
-400
-347
-295
-261
-183
-69
78
225
366
384
375
327
200
42
-85
-119
-144
-99
-6
95
205
313
368
372
380
368
366
435
491
433
284
107
-53
-213
-374
-545
-659
-676
-641
-595
-539
-456
-376
-227
-83
12
113
229
335
316
227
148
83
27
-49
-50
15
125
210
249
265
306
325
311
299
320
355
421
433
293
97
-136
-381
-573
-726
-888
-900
-804
-669
-499
-351
-280
-251
-260
-282
-267
-147
37
257
370
394
360
296
218
89
-5
-55
-54
43
119
162
211
352
484
567
599
630
680
673
562
418
282
189
76
-88
-316
-533
-646
-661
-639
-600
-572
-534
-502
-444
-350
-209
-68
49
79
25
-48
-118
-219
-324
-333
-253
-126
-17
114
222
305
374
396
419
449
486
531
549
472
330
158
-9
-169
-333
-486
-584
-614
-567
-505
-449
-392
-316
-193
-77
46
151
259
374
354
222
70
-14
-101
-191
-180
-119
-12
104
152
179
236
322
335
337
387
448
531
607
507
341
176
15
-185
-385
-559
-632
-637
-586
-514
-445
-370
-304
-245
-164
-88
-8
73
175
192
165
99
1
-93
-160
-188
-187
-164
-94
-13
57
123
215
297
391
446
512
581
588
457
284
101
-46
-196
-331
-456
-516
-469
-393
-376
-378
-377
-328
-250
-143
-14
130
287
416
386
272
148
18
-142
-289
-359
-339
-207
-69
50
158
249
308
295
284
305
345
421
446
391
265
112
-34
-193
-378
-543
-617
-615
-591
-546
-478
-407
-311
-178
-60
30
110
199
267
243
158
43
-27
-83
-146
-172
-164
-86
2
35
62
140
242
311
368
420
499
595
622
537
355
151
-25
-226
-396
-534
-597
-572
-486
-420
-390
-363
-301
-255
-211
-146
-33
89
235
278
246
175
65
-40
-138
-164
-128
-60
75
199
319
415
526
588
653
725
779
821
830
735
559
365
184
-1
-125
-230
-294
-313
-278
-254
-270
-273
-244
-187
-165
-84
59
204
315
288
162
59
-44
-188
-331
-374
-350
-250
-144
-81
-29
78
180
216
256
335
411
477
489
390
217
73
-42
-186
-363
-513
-593
-606
-586
-565
-491
-386
-331
-272
-131
5
114
220
314
290
208
101
-11
-107
-168
-166
-166
-101
1
70
103
152
221
258
325
397
486
567
613
514
326
137
-32
-225
-402
-547
-621
-585
-485
-422
-373
-323
-259
-195
-156
-101
6
149
273
276
232
184
114
4
-106
-174
-171
-105
-33
28
99
200
321
410
479
533
574
603
576
455
256
75
-80
-228
-357
-482
-549
-560
-548
-526
-497
-467
-423
-343
-235
-147
-18
144
280
271
165
29
-111
-196
-253
-255
-194
-86
40
146
188
235
324
393
424
441
469
519
529
452
352
219
70
-111
-324
-511
-607
-601
-565
-511
-443
-356
-247
-174
-122
-56
37
140
223
191
113
25
-33
-72
-127
-144
-142
-117
-39
22
96
164
234
262
327
425
519
579
614
541
329
89
-112
-289
-437
-546
-558
-505
-406
-333
-314
-310
-262
-170
-93
-17
109
245
372
363
281
207
124
4
-79
-137
-153
-97
-18
58
119
216
336
366
401
432
482
492
485
370
176
35
-83
-231
-398
-530
-615
-629
-622
-602
-547
-476
-414
-351
-208
-56
83
218
335
326
274
193
56
-79
-190
-220
-185
-62
79
184
248
292
337
390
435
440
456
504
525
435
294
123
-27
-179
-349
-490
-580
-589
-560
-545
-523
-472
-378
-265
-171
-82
51
196
274
228
154
48
-42
-138
-209
-236
-174
-39
81
149
205
252
292
314
357
412
499
592
605
519
344
128
-35
-220
-390
-517
-542
-523
-473
-422
-408
-360
-293
-210
-154
-99
-14
76
202
223
177
113
73
-26
-134
-214
-230
-186
-108
-25
43
146
301
407
469
481
501
514
469
331
131
-51
-145
-259
-390
-499
-532
-519
-521
-527
-512
-493
-390
-273
-169
-42
106
254
356
337
234
106
-23
-148
-239
-235
-174
-61
83
206
279
333
360
351
383
447
497
549
571
516
383
209
16
-211
-425
-600
-683
-663
-568
-493
-429
-357
-292
-211
-118
-61
16
130
249
206
116
53
18
-53
-125
-135
-90
-1
91
145
181
262
363
412
472
540
633
702
692
527
352
167
-7
-209
-390
-524
-597
-562
-519
-515
-475
-383
-329
-269
-158
-73
29
116
219
235
202
126
19
-102
-196
-241
-253
-175
-56
19
86
170
272
328
407
470
510
566
550
449
287
125
-44
-209
-367
-496
-534
-476
-414
-386
-376
-352
-312
-251
-180
-86
70
240
376
377
319
227
113
-36
-166
-223
-160
-33
80
184
252
308
332
306
316
372
436
484
470
376
269
107
-55
-233
-390
-532
-611
-620
-609
-548
-458
-369
-280
-159
-41
22
84
166
270
243
148
65
22
-28
-56
-90
-77
-8
65
123
166
227
322
377
440
505
589
659
631
504
306
90
-108
-294
-459
-591
-599
-567
-474
-426
-361
-349
-317
-287
-245
-178
-60
75
232
286
251
151
32
-124
-217
-239
-232
-189
-60
85
176
275
367
418
455
496
518
528
517
411
255
82
-57
-194
-337
-456
-514
-532
-536
-501
-466
-419
-354
-268
-174
-86
37
202
301
238
123
20
-78
-197
-270
-249
-190
-83
7
45
92
184
257
275
323
356
409
463
494
421
318
175
-6
-203
-393
-552
-646
-648
-614
-560
-472
-392
-319
-206
-75
28
130
219
311
277
205
121
45
-37
-76
-100
-79
0
87
121
155
225
296
336
399
421
478
548
559
452
250
13
-197
-360
-528
-658
-684
-632
-550
-513
-454
-404
-353
-285
-239
-166
0
188
328
307
284
222
143
13
-81
-148
-140
-42
55
140
216
304
378
428
484
539
600
628
546
434
271
110
-33
-167
-307
-438
-501
-522
-529
-519
-508
-475
-406
-292
-168
-43
100
231
310
258
170
47
-52
-144
-240
-268
-189
-35
95
189
234
289
371
386
362
364
407
465
483
435
323
190
75
-120
-348
-522
-597
-605
-551
-477
-378
-313
-256
-228
-136
-22
92
174
244
219
152
70
-2
-89
-151
-158
-123
-56
24
97
115
132
197
250
355
447
520
557
550
438
238
13
-158
-342
-499
-617
-630
-562
-489
-447
-413
-364
-311
-252
-173
-109
40
186
326
332
270
222
141
20
-66
-105
-86
26
119
165
197
314
411
453
480
506
497
495
440
295
165
31
-126
-287
-420
-535
-600
-609
-602
-590
-554
-503
-412
-268
-125
-25
91
216
297
271
209
112
21
-81
-145
-164
-135
-21
93
165
193
227
294
340
361
395
451
516
524
440
305
130
-49
-233
-442
-592
-619
-593
-535
-475
-399
-325
-249
-160
-90
-24
70
141
229
213
182
122
46
-72
-127
-127
-89
-22
35
98
132
179
242
316
416
505
586
622
621
501
313
74
-107
-276
-416
-528
-552
-510
-445
-375
-333
-309
-256
-214
-135
-38
76
214
340
374
315
257
161
36
-77
-127
-120
-68
-9
32
102
233
355
424
448
441
475
495
417
271
93
-53
-159
-311
-485
-583
-617
-630
-628
-606
-583
-534
-447
-332
-177
-24
111
253
392
374
257
129
-1
-127
-174
-151
-79
47
189
284
323
361
383
373
398
417
462
516
528
430
269
99
-57
-263
-468
-649
-726
-690
-598
-533
-469
-372
-254
-164
-99
-55
37
151
212
152
91
38
-6
-74
-94
-97
-62
-9
53
101
135
206
275
316
434
534
584
567
545
422
262
66
-132
-300
-432
-515
-535
-481
-419
-393
-366
-321
-271
-218
-134
-31
82
239
374
349
277
169
67
-47
-143
-209
-198
-84
30
118
184
270
336
364
381
398
417
478
436
307
161
24
-109
-275
-456
-576
-603
-585
-563
-541
-484
-420
-331
-227
-110
5
144
261
379
372
294
174
56
-79
-151
-176
-140
-36
55
123
176
229
274
284
336
373
435
467
463
380
224
21
-158
-347
-517
-640
-664
-646
-597
-544
-483
-408
-304
-196
-113
-48
80
200
300
269
185
121
87
18
-55
-92
-51
25
109
166
187
229
310
365
436
495
566
593
530
380
214
9
-181
-361
-520
-633
-656
-615
-529
-456
-391
-343
-309
-242
-165
-85
36
176
310
311
247
159
71
-50
-151
-211
-228
-129
-19
85
175
286
391
451
474
457
460
491
504
339
149
24
-53
-177
-315
-429
-477
-482
-456
-439
-443
-406
-332
-234
-90
76
234
385
445
344
222
99
-13
-137
-196
-191
-122
-4
93
150
188
229
248
234
281
332
381
429
471
353
201
46
-127
-316
-496
-651
-706
-685
-620
-546
-450
-364
-248
-126
-42
4
88
187
259
225
168
117
65
-11
-45
-60
-33
29
78
112
142
222
308
381
466
511
561
600
566
383
173
-14
-188
-362
-522
-620
-615
-564
-537
-496
-443
-404
-368
-309
-210
-79
94
234
317
262
183
128
51
-46
-106
-135
-97
10
119
211
291
357
421
467
490
503
549
572
553
439
260
89
-30
-183
-353
-473
-528
-530
-514
-480
-473
-441
-343
-243
-136
-22
117
258
340
255
145
32
-55
-160
-245
-253
-170
-66
50
114
159
218
262
264
298
354
423
463
453
371
273
114
-50
-265
-465
-608
-670
-646
-560
-471
-371
-275
-182
-102
-27
31
85
174
267
237
180
120
97
29
-24
-68
-54
16
102
147
155
229
303
347
422
490
572
600
547
355
134
-37
-193
-363
-531
-635
-625
-567
-534
-506
-465
-410
-364
-308
-218
-90
59
205
314
277
230
150
41
-67
-108
-114
-97
2
82
166
257
388
468
522
576
608
612
585
548
429
259
65
-96
-260
-385
-479
-512
-525
-492
-477
-456
-393
-299
-182
-60
49
181
323
417
347
265
148
15
-152
-306
-404
-374
-258
-133
-41
20
56
40
21
21
69
235
390
482
453
364
176
-91
-403
-696
-830
-747
-580
-432
-300
-168
-74
18
104
197
257
342
440
506
447
354
229
127
25
-2
9
65
144
236
317
378
468
562
589
530
365
238
169
88
-116
-374
-607
-761
-853
-916
-926
-870
-742
-629
-557
-518
-465
-375
-271
-172
-36
145
335
480
461
395
320
216
53
-78
-110
-84
23
146
252
343
439
494
529
555
548
545
514
484
355
177
38
-126
-276
-408
-527
-597
-639
-622
-574
-546
-472
-357
-230
-112
-11
79
163
252
204
106
7
-52
-128
-181
-184
-108
14
124
200
227
283
348
392
468
505
578
643
641
521
357
153
-78
-340
-534
-643
-677
-630
-557
-502
-429
-336
-264
-246
-168
-54
64
186
263
194
142
79
5
-92
-153
-183
-162
-74
-2
67
154
257
320
384
476
527
555
579
554
396
202
10
-175
-336
-476
-592
-613
-571
-517
-464
-403
-345
-283
-189
-81
19
137
285
398
344
265
189
99
-11
-116
-181
-176
-128
-54
51
140
253
311
340
361
365
410
441
381
238
70
-66
-209
-376
-524
-634
-679
-687
-677
-626
-552
-479
-376
-252
-145
-38
116
251
331
287
212
84
-23
-120
-160
-147
-43
75
210
302
303
317
347
343
370
406
481
558
588
456
261
53
-131
-327
-536
-705
-757
-728
-625
-518
-422
-339
-213
-90
-11
76
187
301
373
311
232
150
126
84
52
60
80
127
221
311
369
481
564
640
712
758
780
742
701
572
357
141
-36
-215
-390
-493
-543
-508
-451
-426
-392
-346
-284
-212
-142
-43
83
234
342
258
140
18
-91
-233
-325
-361
-328
-203
-74
12
59
161
252
306
319
311
341
377
364
264
141
3
-152
-332
-475
-582
-612
-580
-553
-516
-433
-335
-250
-171
-59
97
240
350
394
304
216
126
46
-62
-106
-104
-39
35
108
150
164
199
238
281
358
403
462
503
459
328
189
-8
-204
-366
-520
-680
-734
-679
-580
-506
-460
-410
-306
-171
-87
-11
105
230
294
222
163
96
53
-7
-77
-121
-97
-31
40
123
187
285
360
414
458
498
543
566
533
403
246
46
-151
-313
-482
-561
-566
-511
-458
-423
-386
-365
-337
-267
-209
-103
61
191
289
286
212
102
-2
-129
-256
-314
-281
-194
-85
31
119
224
311
397
455
474
515
558
516
372
227
74
-56
-229
-404
-507
-535
-532
-521
-498
-472
-443
-294
-171
-58
57
200
296
331
209
93
-12
-81
-192
-252
-245
-166
-64
24
94
146
223
279
315
379
430
474
496
494
393
230
50
-115
-316
-495
-601
-648
-641
-557
-471
-412
-317
-205
-134
-73
-21
81
188
261
213
167
137
102
0
-97
-159
-150
-76
6
93
151
295
394
450
505
533
581
615
571
383
189
30
-146
-320
-493
-580
-574
-553
-520
-499
-449
-391
-359
-307
-203
-78
78
247
342
270
189
73
-84
-196
-228
-208
-151
-48
81
182
258
327
363
444
515
534
542
549
531
404
250
83
-83
-244
-396
-500
-545
-544
-501
-476
-429
-371
-262
-155
-67
12
129
238
293
194
132
51
-29
-132
-196
-236
-171
-46
27
95
162
239
296
355
419
451
513
550
523
398
251
84
-95
-298
-476
-596
-629
-611
-556
-488
-427
-348
-255
-182
-117
-40
61
196
313
278
185
99
43
-37
-88
-121
-112
-34
41
92
101
166
251
311
375
455
538
581
544
382
159
-34
-208
-388
-586
-682
-667
-619
-576
-522
-481
-414
-327
-238
-141
11
185
334
413
359
259
153
54
-110
-206
-204
-131
-31
90
206
264
350
426
472
504
485
495
502
483
368
242
104
-55
-236
-436
-590
-680
-703
-699
-673
-606
-504
-366
-193
-50
48
183
298
335
205
82
-13
-62
-147
-165
-154
-57
78
200
223
225
289
323
346
409
469
559
631
651
509
335
140
-105
-352
-547
-649
-665
-605
-506
-413
-328
-261
-200
-161
-104
-1
118
232
320
289
267
205
112
0
-98
-159
-110
-21
30
75
129
227
315
399
475
491
491
495
437
303
139
-37
-206
-346
-469
-524
-547
-548
-535
-521
-502
-441
-359
-253
-120
32
215
365
431
347
234
127
60
-51
-121
-132
-66
34
75
147
231
340
390
409
444
474
518
505
446
311
152
-19
-201
-402
-579
-680
-696
-689
-621
-531
-455
-398
-321
-234
-132
-28
105
240
325
277
198
115
24
-89
-129
-125
-49
65
156
223
251
307
349
379
416
482
581
622
588
422
231
61
-100
-293
-493
-607
-626
-618
-559
-490
-432
-383
-323
-265
-180
-39
96
201
275
214
129
72
47
-50
-102
-110
-120
-103
-36
79
192
252
268
303
359
420
481
481
432
290
105
-72
-234
-362
-457
-500
-516
-465
-398
-361
-361
-338
-298
-237
-137
-9
147
342
464
409
290
177
58
-90
-172
-224
-177
-63
38
108
199
321
393
398
420
404
423
455
430
314
198
61
-101
-294
-474
-593
-637
-626
-599
-554
-486
-398
-270
-153
-30
74
192
315
376
293
226
147
50
-32
-29
-40
6
95
184
203
189
237
288
360
431
502
573
615
586
411
196
-23
-244
-420
-590
-699
-685
-582
-506
-458
-420
-366
-276
-199
-165
-116
16
154
239
226
206
186
143
42
-66
-133
-123
-83
-39
52
126
253
360
430
485
534
580
555
474
324
163
-13
-182
-320
-454
-540
-563
-550
-536
-509
-449
-390
-317
-200
-82
42
153
276
339
271
175
55
-49
-200
-296
-283
-179
-49
68
115
142
221
298
335
363
406
465
487
448
294
161
28
-129
-300
-465
-545
-563
-563
-533
-492
-423
-338
-247
-166
-55
80
198
290
346
264
161
76
5
-124
-161
-156
-118
-24
46
121
164
241
292
337
417
448
478
520
548
404
197
7
-178
-363
-548
-672
-717
-675
-596
-520
-442
-339
-235
-159
-96
-23
83
198
246
202
161
148
98
-6
-63
-90
-69
-9
53
92
160
289
388
462
556
591
618
635
537
351
157
-26
-213
-366
-480
-531
-542
-538
-527
-530
-520
-500
-437
-315
-173
-28
141
301
384
316
224
110
-9
-153
-225
-272
-243
-98
47
167
274
371
411
424
433
414
427
465
482
356
222
86
-45
-201
-408
-567
-614
-618
-617
-564
-447
-323
-221
-134
-49
57
188
293
313
221
149
76
8
-70
-110
-109
-63
42
125
159
170
200
241
265
348
420
494
525
483
346
137
-71
-244
-423
-548
-609
-606
-544
-474
-402
-362
-333
-250
-138
-46
67
200
347
403
344
276
190
128
38
-38
-75
-15
91
158
201
210
309
408
464
471
475
520
523
453
263
73
-56
-215
-402
-565
-647
-664
-652
-615
-561
-498
-429
-364
-290
-180
-50
101
250
350
311
244
143
28
-112
-161
-172
-135
-45
69
143
208
341
430
477
523
534
556
560
519
365
184
3
-180
-331
-496
-647
-712
-660
-583
-531
-464
-385
-256
-149
-73
2
111
217
245
147
77
10
-71
-135
-159
-128
-43
73
121
124
127
187
246
283
349
458
560
607
533
362
192
-11
-236
-456
-630
-697
-644
-569
-490
-416
-328
-271
-230
-169
-85
-14
100
285
398
385
359
296
188
45
-74
-147
-141
-66
9
71
151
279
361
440
454
443
464
485
411
228
32
-145
-285
-413
-548
-631
-620
-566
-545
-515
-451
-391
-301
-191
-82
52
247
408
455
382
278
172
52
-77
-139
-100
9
112
184
252
298
344
371
413
457
450
459
489
460
351
198
22
-151
-322
-496
-604
-631
-625
-574
-535
-442
-351
-244
-119
-17
74
173
287
321
234
130
33
-13
-84
-136
-127
-29
99
192
233
219
332
399
420
440
476
532
546
520
379
191
-4
-229
-418
-555
-596
-569
-531
-487
-410
-362
-315
-274
-216
-150
-49
54
192
276
262
216
136
21
-109
-153
-167
-136
-75
-24
36
95
215
320
408
462
461
451
448
368
210
48
-102
-228
-335
-443
-541
-587
-572
-533
-512
-469
-397
-293
-179
-57
79
254
422
472
383
283
175
52
-99
-182
-216
-156
-32
85
182
274
356
391
374
358
326
355
388
340
214
100
-17
-171
-343
-501
-625
-658
-630
-577
-514
-430
-359
-266
-126
1
110
232
341
362
264
160
61
-34
-136
-171
-154
-44
84
150
177
189
253
288
373
457
516
626
685
609
427
191
-19
-236
-411
-604
-670
-630
-555
-516
-482
-437
-396
-301
-187
-95
24
167
290
304
261
232
150
48
-55
-117
-145
-135
-103
-37
55
130
249
349
415
462
475
495
485
390
255
87
-66
-209
-351
-478
-553
-577
-572
-538
-505
-469
-438
-342
-217
-91
58
215
354
381
300
186
65
-14
-149
-238
-240
-147
-32
71
150
207
311
346
328
342
398
469
516
482
358
200
56
-113
-328
-511
-611
-618
-583
-539
-463
-375
-295
-216
-114
30
166
255
336
334
232
124
32
-39
-118
-163
-161
-119
-34
50
106
141
224
294
368
467
534
577
608
557
382
170
-16
-228
-419
-601
-692
-633
-548
-463
-409
-344
-254
-166
-90
-63
16
154
335
407
381
353
304
212
90
-2
-67
-64
-36
-40
-15
60
179
230
264
326
332
302
298
241
100
-14
-131
-242
-305
-383
-471
-543
-627
-695
-689
-591
-449
-278
-99
45
197
374
514
534
452
372
260
143
5
-88
-130
-56
69
165
240
299
419
489
524
593
639
729
799
689
366
56
-163
-337
-497
-685
-820
-900
-952
-972
-917
-817
-715
-579
-429
-262
-98
49
178
193
115
81
82
56
-26
-81
-82
-31
74
135
171
168
222
269
329
388
445
505
539
472
338
147
-32
-190
-349
-519
-585
-575
-505
-448
-374
-339
-308
-247
-200
-150
-56
67
211
280
253
237
187
99
-34
-137
-189
-135
-52
33
116
199
338
413
465
506
517
527
535
459
291
96
-43
-167
-305
-441
-494
-513
-511
-490
-495
-497
-450
-363
-245
-72
80
204
328
356
238
101
-44
-167
-278
-298
-264
-144
0
146
239
298
373
425
444
463
491
540
575
520
362
205
74
-76
-251
-432
-559
-586
-550
-514
-478
-407
-318
-237
-155
-88
3
118
233
219
126
65
18
-69
-163
-215
-190
-117
-23
4
46
122
214
254
305
377
428
474
492
393
249
98
-76
-261
-432
-590
-684
-692
-635
-576
-510
-426
-381
-288
-180
-84
-14
110
268
328
273
177
68
-22
-99
-133
-137
-59
58
116
176
261
376
433
461
471
482
552
568
463
284
93
-83
-248
-372
-484
-545
-545
-547
-525
-491
-450
-404
-340
-256
-125
51
206
332
366
337
271
178
78
-47
-104
-94
-3
113
236
355
461
560
610
656
687
714
756
804
772
623
419
214
37
-134
-321
-433
-467
-472
-450
-415
-392
-359
-265
-135
-49
23
90
153
123
29
-51
-127
-195
-317
-343
-302
-233
-159
-100
-70
-18
84
164
250
349
433
503
540
462
296
113
-48
-250
-412
-539
-581
-540
-463
-400
-334
-296
-267
-245
-191
-85
18
108
275
330
267
179
67
-31
-166
-227
-256
-198
-81
38
108
173
272
367
436
451
450
470
491
422
243
61
-45
-185
-352
-493
-588
-603
-561
-532
-516
-454
-337
-234
-149
-22
125
255
372
358
252
157
63
-35
-120
-140
-113
-31
65
162
237
308
380
400
434
451
450
491
508
459
344
191
5
-208
-406
-582
-698
-701
-640
-561
-485
-428
-389
-317
-192
-88
-2
99
233
264
195
118
51
-20
-70
-109
-120
-13
102
139
157
180
288
353
410
447
489
558
584
482
358
216
34
-194
-402
-555
-597
-583
-555
-508
-431
-355
-299
-241
-187
-115
-1
124
232
242
192
152
63
-36
-140
-213
-199
-143
-81
-6
70
144
272
367
420
449
471
479
490
425
284
115
-43
-194
-350
-499
-578
-585
-561
-525
-490
-431
-341
-247
-153
-25
134
297
424
423
336
227
125
24
-121
-190
-178
-99
8
84
151
216
296
307
317
338
367
429
464
436
344
189
18
-204
-429
-605
-698
-738
-696
-599
-479
-384
-304
-242
-122
-21
75
171
282
263
188
104
43
3
-23
-13
15
48
99
136
186
236
322
384
453
511
561
631
677
580
396
175
-21
-216
-374
-531
-607
-610
-572
-532
-514
-473
-400
-353
-284
-204
-80
65
240
301
251
189
110
-37
-149
-218
-220
-167
-76
15
114
251
398
458
519
558
561
555
541
451
303
142
-12
-177
-337
-478
-576
-600
-571
-524
-481
-420
-341
-236
-136
-49
69
221
379
385
281
168
60
-50
-192
-248
-219
-103
23
73
91
143
230
292
328
358
397
455
481
399
237
31
-129
-284
-435
-586
-654
-632
-594
-556
-483
-403
-330
-246
-154
-48
81
179
290
287
245
196
160
89
-25
-90
-92
-70
-8
79
157
213
311
370
439
479
525
545
546
463
315
113
-82
-258
-424
-578
-667
-663
-605
-532
-474
-457
-413
-320
-226
-138
-22
141
291
333
283
215
136
34
-122
-203
-207
-140
-40
60
149
235
384
458
488
494
516
524
530
446
299
135
-2
-168
-307
-423
-504
-538
-550
-531
-501
-452
-393
-319
-214
-66
88
224
359
362
244
152
55
-62
-171
-214
-174
-82
53
147
191
228
285
282
295
336
393
463
527
470
330
184
26
-161
-337
-510
-609
-635
-611
-566
-492
-392
-278
-144
-19
76
163
257
345
294
221
181
148
75
7
-32
-37
-12
30
22
63
152
277
337
420
489
510
545
539
430
238
27
-181
-351
-495
-639
-698
-665
-605
-560
-495
-436
-386
-312
-227
-115
34
208
384
406
359
300
193
74
-51
-115
-115
-38
55
138
220
293
403
480
473
458
504
598
595
497
361
201
38
-145
-347
-514
-596
-617
-644
-621
-559
-476
-405
-309
-205
-88
44
160
286
295
217
125
17
-69
-106
-116
-102
-29
43
96
145
193
258
309
363
393
434
494
567
529
381
189
18
-148
-331
-519
-594
-626
-617
-550
-474
-399
-285
-165
-53
22
113
223
329
307
220
156
95
9
-93
-128
-106
-59
-9
21
67
119
191
235
301
366
429
479
502
407
262
86
-94
-282
-459
-581
-615
-585
-514
-445
-399
-341
-310
-261
-191
-116
-10
152
322
353
306
227
133
32
-93
-159
-188
-128
-23
65
124
216
337
416
427
450
474
492
457
317
149
8
-115
-250
-384
-504
-572
-574
-569
-558
-551
-504
-396
-292
-176
-60
71
221
369
349
279
208
105
-20
-113
-151
-142
-46
82
187
264
330
401
408
416
418
429
482
544
489
344
174
-7
-196
-363
-556
-675
-668
-594
-528
-442
-371
-312
-218
-116
-61
2
101
189
170
132
81
33
-61
-162
-234
-221
-132
-69
-32
16
117
261
333
398
461
519
575
604
489
301
115
-69
-245
-401
-527
-548
-500
-449
-419
-387
-362
-348
-302
-209
-93
43
196
339
382
333
221
88
-47
-174
-251
-280
-230
-131
-9
87
169
287
376
431
408
431
455
428
341
216
65
-76
-198
-366
-503
-582
-601
-582
-549
-502
-436
-337
-220
-123
-1
148
272
381
351
266
181
89
-37
-138
-159
-107
-11
71
109
168
246
334
350
368
411
457
512
554
472
341
168
-14
-217
-409
-556
-641
-692
-651
-573
-508
-449
-373
-281
-167
-66
33
139
257
236
176
129
88
9
-66
-121
-115
-33
57
115
138
211
333
387
456
522
586
662
680
549
364
152
-62
-238
-398
-516
-568
-537
-494
-471
-447
-389
-347
-318
-248
-143
-7
137
260
281
246
208
107
-29
-156
-218
-228
-195
-127
-32
92
205
333
398
455
494
504
539
562
468
317
152
-15
-180
-305
-472
-576
-600
-588
-561
-500
-441
-368
-233
-109
-10
133
269
390
341
236
118
27
-59
-152
-175
-121
-15
85
139
183
221
272
285
303
318
380
480
557
491
379
197
-17
-234
-450
-630
-704
-718
-691
-605
-499
-425
-338
-224
-118
-47
37
137
223
227
197
156
123
52
-25
-90
-105
-74
-3
75
135
209
325
411
476
524
577
629
627
519
329
103
-67
-241
-402
-534
-603
-585
-547
-532
-516
-461
-387
-318
-261
-143
10
154
274
269
200
127
35
-79
-204
-257
-218
-138
-38
68
165
276
374
413
451
497
525
562
584
497
345
199
47
-128
-305
-444
-521
-541
-518
-483
-464
-427
-358
-274
-122
-13
98
218
369
342
232
114
-1
-108
-186
-218
-186
-92
22
103
155
206
272
290
308
304
326
389
461
418
294
141
-10
-181
-372
-529
-607
-617
-580
-533
-446
-343
-255
-182
-104
-17
94
202
292
270
244
216
171
87
-7
-68
-113
-101
-77
-29
52
146
259
380
492
553
575
601
582
446
232
-14
-188
-321
-446
-543
-595
-576
-503
-472
-470
-455
-422
-362
-282
-196
-52
151
310
311
246
172
78
-50
-190
-261
-243
-116
2
100
202
315
416
457
490
509
540
585
581
460
297
138
-8
-152
-282
-383
-446
-501
-542
-524
-463
-423
-356
-281
-171
-55
73
162
274
250
168
63
-62
-185
-253
-258
-189
-90
18
95
135
176
239
299
374
436
502
556
606
527
375
189
19
-173
-361
-501
-542
-525
-480
-443
-408
-360
-277
-220
-167
-95
7
112
227
200
179
161
109
1
-125
-179
-156
-92
-11
23
79
192
305
362
416
454
478
504
514
418
257
51
-115
-246
-409
-563
-606
-573
-526
-478
-425
-388
-350
-300
-245
-124
32
186
335
379
332
247
141
11
-100
-168
-175
-75
55
135
183
252
352
410
464
500
538
567
538
388
240
114
-23
-189
-325
-451
-535
-560
-552
-548
-508
-453
-383
-274
-168
-30
68
169
239
183
94
-3
-84
-205
-228
-204
-146
-45
85
184
230
300
362
371
411
431
495
591
656
595
467
267
65
-135
-354
-567
-676
-648
-556
-467
-402
-362
-292
-202
-147
-120
-25
77
193
167
100
63
17
-78
-170
-231
-198
-126
-74
-15
38
123
248
367
453
518
575
616
585
441
273
93
-79
-221
-376
-459
-464
-452
-438
-380
-355
-357
-339
-242
-134
0
163
312
438
423
331
187
64
-41
-133
-168
-146
-58
52
134
195
262
347
381
382
386
425
469
485
389
217
41
-85
-245
-423
-587
-695
-731
-693
-643
-586
-532
-428
-297
-172
-40
109
260
416
364
247
176
102
-22
-120
-117
-58
28
128
229
282
349
445
462
475
494
552
603
660
612
485
306
109
-114
-327
-509
-623
-634
-620
-606
-606
-588
-536
-492
-434
-390
-342
-231
-73
-77
-115
-124
-108
-106
-92
-61
-43
-33
-70
-119
-80
82
304
480
600
654
732
819
822
665
458
257
101
-66
-227
-332
-351
-338
-307
-304
-262
-222
-187
-107
9
160
320
504
633
525
308
77
-142
-319
-448
-519
-526
-491
-406
-305
-206
-122
-47
26
117
173
211
271
337
294
208
75
-29
-118
-291
-476
-564
-591
-568
-537
-467
-384
-267
-133
-44
5
139
248
326
262
163
107
52
-40
-132
-167
-92
17
82
139
185
228
302
320
345
399
527
620
640
506
308
69
-136
-342
-499
-598
-613
-590
-548
-480
-428
-411
-372
-312
-230
-131
-26
91
216
232
163
94
52
-24
-113
-171
-175
-83
20
109
171
255
357
445
492
520
576
641
662
529
318
144
-11
-190
-380
-522
-558
-528
-480
-437
-390
-346
-292
-229
-192
-127
-24
90
188
152
136
133
76
-55
-195
-263
-256
-222
-126
7
138
262
353
405
458
481
494
477
469
379
237
75
-84
-226
-331
-432
-498
-520
-509
-512
-516
-483
-394
-287
-149
-14
106
231
322
241
116
-3
-104
-227
-288
-308
-221
-94
28
95
120
177
226
218
234
294
397
483
519
433
284
98
-100
-316
-497
-633
-690
-665
-576
-478
-377
-303
-242
-181
-121
-44
36
157
246
231
218
200
144
69
-3
-91
-127
-79
-16
57
151
286
410
504
578
596
620
667
657
531
356
179
47
-64
-191
-321
-379
-389
-397
-372
-341
-288
-237
-148
-56
52
201
372
482
429
338
277
183
36
-78
-130
-62
58
150
258
346
412
451
435
441
436
467
505
497
395
275
110
-58
-259
-447
-579
-652
-704
-693
-649
-590
-545
-450
-334
-214
-127
-33
66
184
147
38
-79
-153
-234
-291
-307
-229
-129
-14
86
132
203
290
323
344
378
458
514
541
430
297
127
-12
-187
-356
-476
-522
-535
-492
-462
-435
-347
-260
-194
-103
2
100
205
289
267
227
199
128
0
-111
-150
-167
-103
-5
78
152
257
345
396
457
491
510
552
566
433
226
53
-117
-282
-441
-570
-618
-594
-539
-502
-480
-421
-365
-312
-206
-100
35
210
336
303
193
87
-6
-144
-240
-265
-199
-36
113
179
253
372
445
444
462
472
536
590
581
443
308
169
25
-146
-316
-465
-550
-583
-569
-553
-495
-431
-347
-241
-112
-11
81
166
212
148
75
-1
-80
-159
-204
-238
-197
-69
41
112
182
236
314
375
426
439
500
575
591
453
275
87
-99
-256
-435
-573
-616
-565
-478
-405
-352
-274
-212
-169
-146
-87
24
133
219
192
147
85
28
-49
-141
-179
-166
-109
-48
23
83
166
272
348
413
470
521
515
454
343
180
-19
-175
-323
-449
-523
-550
-530
-471
-432
-431
-421
-375
-293
-178
-52
101
279
402
363
246
130
34
-85
-192
-221
-153
-26
116
214
267
352
441
477
472
460
510
543
532
387
264
122
-30
-238
-432
-550
-603
-605
-590
-565
-487
-380
-255
-166
-88
-10
76
140
211
169
116
55
-5
-103
-133
-106
-69
1
75
149
207
267
309
357
410
484
544
600
586
509
319
122
-51
-238
-406
-542
-566
-520
-480
-426
-362
-321
-293
-241
-176
-96
6
148
260
215
129
68
16
-87
-182
-247
-229
-141
-73
-27
44
165
259
311
377
440
505
538
485
350
209
44
-134
-294
-430
-536
-553
-546
-538
-514
-478
-455
-406
-307
-204
-79
73
217
324
286
218
123
11
-94
-155
-207
-176
-89
22
124
194
258
332
405
446
438
467
514
504
376
245
106
-25
-189
-392
-576
-662
-679
-656
-621
-535
-434
-315
-226
-99
9
122
210
283
231
148
54
-20
-113
-164
-176
-108
17
134
217
276
353
388
394
439
485
554
620
634
554
379
120
-111
-294
-477
-606
-644
-610
-559
-467
-427
-381
-337
-250
-168
-94
20
162
280
244
160
80
48
-59
-169
-232
-203
-99
17
104
174
292
404
478
524
570
609
608
547
413
224
75
-66
-221
-384
-498
-538
-508
-480
-457
-438
-399
-311
-224
-132
-5
152
269
352
308
210
113
-1
-135
-218
-246
-218
-116
50
175
266
341
397
424
442
420
426
449
464
357
205
55
-92
-257
-426
-587
-653
-662
-609
-557
-485
-380
-249
-140
-36
76
196
322
385
274
180
124
54
-71
-131
-133
-76
33
115
155
193
260
275
286
373
475
550
597
560
438
261
62
-190
-377
-529
-648
-659
-625
-579
-515
-439
-382
-341
-275
-160
-55
63
190
294
291
251
178
113
27
-54
-133
-135
-40
53
151
219
320
401
464
516
519
547
582
514
371
188
35
-116
-307
-492
-596
-601
-592
-587
-571
-524
-473
-392
-297
-190
-69
104
249
341
312
240
128
3
-154
-245
-268
-220
-105
47
166
243
333
385
389
388
401
466
498
524
477
323
142
-32
-238
-410
-539
-583
-597
-557
-525
-461
-373
-255
-125
-65
3
132
260
345
278
197
101
48
-18
-72
-95
-79
2
90
116
110
156
219
279
342
414
526
576
522
370
174
3
-162
-369
-553
-671
-665
-625
-542
-481
-429
-352
-263
-209
-146
-70
22
167
313
295
241
202
128
12
-75
-130
-149
-70
39
152
234
354
455
494
515
521
553
558
517
389
204
30
-145
-316
-462
-571
-617
-584
-536
-511
-486
-428
-343
-270
-177
-66
69
224
347
289
202
95
-18
-155
-232
-244
-159
-8
116
193
272
366
420
421
452
480
518
550
503
388
248
97
-66
-249
-431
-578
-617
-636
-628
-581
-520
-434
-320
-185
-66
19
110
187
257
179
77
15
-38
-103
-149
-162
-111
-25
57
112
125
174
227
272
321
385
495
572
536
397
224
35
-151
-346
-554
-686
-702
-628
-544
-457
-377
-298
-234
-167
-96
-40
91
232
329
320
317
246
140
-12
-114
-152
-144
-91
-8
86
175
293
376
423
468
489
498
479
417
276
122
-42
-159
-274
-399
-505
-561
-551
-519
-523
-512
-501
-414
-304
-177
-45
111
289
413
350
227
94
-6
-133
-192
-194
-121
-14
110
194
257
334
389
416
441
469
549
588
576
453
297
154
-21
-211
-380
-507
-571
-578
-550
-534
-477
-393
-299
-206
-90
30
153
221
262
190
105
-6
-114
-198
-219
-205
-174
-63
54
134
173
239
272
303
357
404
464
539
536
429
271
96
-70
-261
-463
-596
-620
-551
-478
-405
-328
-241
-185
-148
-83
-11
81
221
313
263
202
126
36
-107
-213
-241
-215
-126
-34
50
136
262
333
406
490
524
537
521
463
304
137
-30
-179
-318
-432
-493
-520
-523
-488
-490
-491
-487
-409
-285
-149
-13
156
324
434
356
251
127
3
-135
-198
-209
-128
6
134
237
304
362
429
448
464
444
484
509
472
390
285
143
-22
-255
-499
-663
-727
-710
-674
-599
-496
-413
-320
-239
-142
-43
60
150
196
155
103
29
-25
-98
-134
-129
-77
12
116
198
229
279
362
435
493
546
630
695
670
498
290
80
-105
-303
-475
-585
-601
-566
-516
-457
-440
-370
-286
-217
-187
-113
-16
137
251
220
140
75
12
-122
-232
-286
-261
-154
-29
59
99
211
317
359
430
496
559
560
518
354
175
5
-136
-279
-401
-468
-491
-505
-495
-462
-385
-309
-248
-171
-70
15
128
262
349
292
192
67
-70
-200
-245
-262
-180
-44
73
137
172
236
290
329
367
383
414
474
498
391
254
94
-60
-270
-499
-653
-702
-681
-647
-589
-475
-359
-274
-185
-87
-3
119
245
316
239
153
57
-24
-127
-138
-110
-58
38
119
181
237
320
339
379
438
509
580
624
610
472
272
38
-185
-363
-532
-651
-689
-650
-591
-536
-509
-458
-377
-275
-206
-125
20
192
310
248
162
106
36
-89
-163
-187
-150
-61
26
115
163
277
391
466
514
553
632
669
622
451
234
58
-62
-201
-350
-449
-472
-492
-502
-481
-411
-358
-308
-243
-123
-9
140
273
351
286
182
43
-99
-231
-273
-273
-222
-102
46
171
240
306
337
362
382
395
432
465
488
396
261
93
-78
-260
-469
-598
-644
-629
-578
-505
-431
-324
-203
-95
-19
67
176
286
357
269
175
122
61
-51
-103
-91
-40
61
121
148
169
236
292
344
402
478
558
580
528
374
189
-7
-205
-388
-547
-650
-686
-648
-586
-536
-488
-441
-371
-288
-197
-100
36
193
301
289
257
182
79
-63
-149
-199
-138
-33
103
189
269
376
447
490
528
553
593
591
543
389
207
48
-83
-268
-425
-512
-549
-538
-536
-545
-519
-457
-378
-280
-158
-40
118
293
394
314
229
105
-42
-212
-282
-284
-185
-49
56
156
230
297
324
349
393
430
485
516
530
430
296
114
-72
-243
-420
-554
-615
-620
-576
-506
-420
-324
-239
-157
-87
7
122
243
305
246
178
89
8
-89
-147
-159
-102
-18
23
64
98
188
244
296
378
448
516
556
515
350
148
-50
-232
-415
-581
-650
-631
-583
-522
-455
-381
-334
-286
-210
-136
-34
78
194
317
322
272
172
76
-50
-139
-185
-133
-70
24
155
221
320
409
437
454
479
501
493
471
344
185
9
-134
-304
-468
-608
-640
-625
-592
-565
-521
-426
-299
-181
-64
89
278
407
463
381
272
160
52
-89
-149
-128
-45
88
217
311
377
440
448
426
451
470
509
507
464
293
66
-151
-357
-545
-735
-915
-985
-968
-905
-774
-599
-407
-224
-39
95
134
129
118
124
85
85
94
120
88
65
48
98
205
262
263
262
335
358
411
468
514
610
682
668
526
352
181
0
-154
-271
-319
-308
-328
-419
-527
-550
-514
-499
-475
-413
-343
-237
-119
-51
-78
-73
-112
-151
-215
-265
-273
-208
-100
15
123
202
282
358
409
456
459
475
501
488
344
200
13
-139
-265
-425
-552
-562
-511
-474
-468
-431
-391
-304
-165
-28
113
286
413
462
371
257
140
35
-83
-159
-169
-90
23
80
125
167
242
283
284
295
337
418
479
480
373
222
57
-116
-307
-474
-564
-590
-589
-541
-449
-362
-288
-205
-110
-25
71
153
241
302
234
110
11
-26
-89
-132
-150
-122
-52
15
73
99
191
268
347
407
473
559
592
597
469
286
105
-83
-262
-441
-510
-498
-453
-406
-360
-297
-240
-176
-140
-78
24
152
303
383
320
252
167
62
-141
-293
-364
-330
-256
-151
-44
44
166
255
316
382
434
476
475
392
238
91
-50
-190
-317
-432
-528
-542
-524
-504
-494
-475
-445
-354
-238
-110
27
145
261
326
232
108
-21
-129
-255
-301
-296
-218
-93
-9
32
70
170
229
282
344
376
442
533
546
412
265
116
-61
-227
-391
-529
-574
-525
-487
-421
-336
-284
-227
-161
-89
3
95
179
217
164
102
6
-107
-229
-242
-209
-133
-18
69
156
229
345
423
521
609
666
772
838
833
697
506
305
104
-73
-219
-298
-286
-231
-134
-73
-48
-42
-24
-12
19
88
224
348
384
284
164
54
-40
-192
-316
-360
-303
-209
-115
-35
45
163
258
300
326
373
425
437
377
239
131
8
-123
-251
-352
-403
-399
-393
-421
-410
-390
-357
-295
-189
-83
30
156
256
302
199
71
-72
-171
-264
-305
-294
-223
-92
33
99
113
154
202
256
308
355
460
539
593
488
319
158
1
-195
-413
-559
-608
-584
-533
-486
-417
-298
-191
-146
-110
-35
59
145
173
106
31
-15
-69
-194
-281
-261
-183
-89
14
90
157
271
350
417
506
570
649
682
614
439
253
57
-134
-292
-408
-493
-537
-498
-431
-408
-378
-363
-315
-260
-178
-79
62
212
273
169
79
-18
-123
-257
-329
-358
-303
-186
-52
59
152
269
357
404
452
484
573
614
577
415
267
110
-49
-178
-317
-408
-425
-420
-418
-387
-351
-303
-232
-137
-35
36
116
174
202
122
25
-103
-217
-343
-389
-348
-237
-91
23
112
163
222
260
311
355
399
501
619
651
525
354
182
-7
-191
-409
-551
-577
-518
-479
-425
-310
-195
-109
-58
-42
7
129
242
229
115
19
-41
-92
-182
-234
-229
-145
-44
29
69
104
200
301
402
487
565
623
650
590
423
223
8
-167
-303
-424
-481
-475
-449
-438
-419
-394
-390
-339
-274
-187
-81
31
157
258
242
162
49
-53
-190
-276
-321
-299
-195
-52
60
144
280
413
488
534
542
583
589
556
427
284
150
-24
-186
-331
-464
-505
-524
-509
-498
-451
-375
-285
-228
-146
-35
73
171
181
81
-17
-131
-246
-368
-398
-354
-264
-123
-9
73
172
298
354
415
494
550
615
691
726
625
431
209
-33
-212
-351
-475
-527
-494
-451
-407
-357
-299
-224
-152
-88
-27
54
164
204
109
43
-28
-97
-187
-247
-288
-241
-146
-94
-64
18
155
279
408
501
561
630
648
554
366
206
29
-145
-286
-394
-452
-453
-418
-381
-358
-324
-308
-295
-235
-136
-47
78
224
287
224
144
29
-74
-187
-265
-307
-240
-124
2
117
205
304
394
472
520
517
564
599
568
419
242
93
-55
-223
-385
-495
-545
-546
-535
-538
-517
-467
-384
-275
-187
-73
73
174
202
124
38
-69
-154
-288
-326
-286
-173
-27
88
191
250
341
387
464
540
591
661
697
688
547
364
201
32
-170
-364
-473
-520
-496
-446
-391
-373
-348
-288
-207
-134
-47
25
101
127
60
-13
-79
-131
-242
-295
-291
-255
-147
-52
3
52
185
289
377
479
562
673
732
673
491
285
88
-92
-245
-367
-414
-392
-360
-324
-299
-281
-263
-250
-246
-153
-27
132
280
330
262
177
74
-31
-187
-292
-304
-210
-86
54
163
247
340
385
404
445
465
506
539
506
358
225
80
-72
-218
-392
-528
-604
-591
-566
-541
-492
-418
-325
-204
-40
62
163
265
245
113
4
-114
-222
-283
-260
-184
-94
18
97
145
186
286
355
417
472
532
604
683
678
572
409
195
-45
-254
-452
-566
-601
-577
-527
-455
-378
-320
-283
-247
-192
-141
-59
46
100
56
7
-86
-171
-261
-285
-297
-257
-138
-3
112
177
256
337
412
487
532
619
682
678
545
357
170
-3
-187
-354
-442
-464
-447
-402
-370
-347
-337
-256
-194
-147
-51
85
194
205
108
15
-76
-188
-341
-411
-374
-269
-154
-27
68
138
235
305
375
442
504
567
586
565
427
275
106
-66
-214
-357
-463
-525
-524
-506
-474
-450
-396
-298
-187
-63
72
178
322
361
253
92
-27
-123
-210
-245
-221
-109
4
103
188
215
310
362
382
400
454
564
626
617
485
309
136
-89
-349
-554
-653
-690
-647
-578
-484
-391
-326
-268
-221
-157
-97
-31
78
104
46
23
-2
-67
-185
-219
-212
-148
-48
35
106
195
320
432
543
641
680
742
772
690
457
214
-7
-170
-294
-403
-470
-444
-373
-357
-389
-398
-391
-355
-309
-227
-106
75
253
313
222
119
-10
-162
-336
-390
-377
-274
-126
-4
108
220
362
449
483
516
555
606
579
514
397
276
150
-10
-174
-326
-436
-500
-519
-508
-468
-406
-356
-264
-143
-39
48
145
244
238
139
45
-79
-154
-238
-259
-203
-108
4
71
122
138
225
311
374
402
469
568
615
557
402
197
0
-196
-393
-586
-690
-678
-637
-570
-504
-422
-368
-314
-266
-178
-51
86
217
252
204
158
78
-21
-178
-237
-215
-148
-80
-17
74
204
348
432
511
595
650
679
666
603
410
166
-37
-202
-357
-478
-552
-572
-551
-502
-492
-481
-435
-369
-298
-190
-59
91
220
281
216
106
-5
-94
-249
-303
-278
-194
-61
47
126
210
336
416
476
543
589
648
657
593
432
283
155
-10
-204
-358
-459
-527
-532
-516
-494
-454
-392
-310
-201
-84
34
133
231
229
134
20
-93
-211
-324
-337
-241
-129
-19
82
141
182
266
309
361
410
456
565
653
629
493
305
97
-97
-268
-447
-580
-606
-557
-493
-421
-335
-247
-172
-125
-82
-2
110
245
266
194
142
65
-19
-137
-182
-163
-100
-43
-14
29
117
240
329
424
496
524
571
578
492
298
110
-70
-255
-382
-493
-562
-565
-539
-504
-474
-446
-456
-409
-312
-193
-59
89
259
308
236
130
-5
-102
-203
-240
-244
-138
17
133
221
299
396
465
501
502
530
594
650
612
451
277
136
-17
-206
-414
-555
-627
-630
-611
-574
-515
-406
-304
-214
-116
-2
98
182
165
79
-18
-105
-170
-245
-240
-169
-50
46
133
216
251
301
329
382
441
489
570
622
586
461
290
99
-106
-279
-455
-592
-621
-561
-477
-448
-395
-296
-188
-121
-70
-14
103
236
285
213
120
63
0
-114
-166
-166
-112
-31
53
83
138
283
383
441
503
542
584
570
485
300
88
-81
-246
-422
-543
-610
-618
-585
-533
-479
-415
-375
-334
-281
-168
2
146
306
380
331
259
157
65
-74
-155
-190
-127
25
150
218
290
400
450
486
497
488
509
510
416
272
113
-49
-218
-402
-599
-686
-693
-656
-614
-586
-507
-399
-303
-192
-79
33
170
284
259
172
87
-4
-101
-199
-195
-147
-53
69
156
233
295
388
415
475
539
571
651
689
611
462
281
64
-158
-364
-536
-666
-654
-567
-473
-387
-312
-268
-198
-133
-70
14
119
214
265
245
164
71
0
-96
-178
-241
-191
-93
-17
40
139
291
411
494
544
553
601
618
530
320
97
-94
-262
-420
-541
-569
-543
-518
-478
-438
-411
-389
-326
-226
-110
59
215
345
388
306
197
70
-51
-176
-206
-167
-94
21
139
236
287
354
391
410
444
480
511
507
441
273
65
-64
-183
-335
-502
-620
-693
-675
-633
-565
-484
-380
-264
-159
-66
31
145
282
305
212
112
43
-26
-141
-167
-140
-66
24
105
156
210
331
397
423
478
521
597
665
592
421
226
28
-183
-390
-563
-676
-714
-648
-581
-498
-416
-344
-273
-210
-136
-36
77
201
238
183
114
38
-40
-135
-159
-157
-91
-4
90
116
181
313
399
453
516
554
596
604
533
344
132
-28
-195
-348
-501
-579
-557
-502
-476
-456
-420
-383
-338
-246
-116
51
221
344
337
266
174
67
-37
-160
-208
-202
-132
-34
61
172
249
330
366
392
415
445
462
449
373
246
107
-60
-199
-325
-498
-612
-662
-661
-631
-583
-497
-387
-260
-122
-12
91
218
350
347
279
179
95
34
-29
-67
-42
74
183
245
271
286
343
380
427
455
511
592
617
545
409
225
30
-198
-419
-576
-593
-541
-469
-394
-352
-311
-280
-246
-193
-128
-20
99
183
185
116
24
-99
-257
-428
-490
-489
-412
-276
-73
109
258
406
509
543
510
442
417
427
445
337
204
112
24
-86
-219
-316
-337
-325
-323
-344
-332
-256
-172
-106
-4
138
287
416
421
369
302
226
132
50
39
1
-72
-141
-192
-208
-191
-124
-111
-92
-72
-18
90
196
204
131
47
-38
-176
-335
-471
-565
-614
-596
-555
-483
-403
-312
-210
-95
40
171
263
350
342
250
124
5
-85
-158
-171
-148
-56
66
145
177
224
304
344
397
445
498
591
644
559
372
189
-42
-263
-454
-620
-696
-672
-603
-543
-485
-396
-324
-284
-210
-95
26
132
259
271
217
178
117
42
-22
-53
-72
-42
-10
61
145
225
321
415
498
564
596
621
605
491
281
74
-101
-267
-410
-555
-633
-619
-538
-493
-470
-453
-429
-353
-241
-134
15
172
314
308
245
162
68
-59
-194
-262
-235
-107
30
117
209
287
405
456
470
456
473
526
552
481
374
239
71
-139
-364
-534
-610
-636
-622
-557
-470
-414
-333
-233
-131
-67
9
97
184
194
121
11
-78
-142
-190
-176
-137
-69
8
59
78
85
160
234
307
389
450
525
550
461
259
43
-160
-339
-519
-676
-724
-686
-626
-532
-498
-439
-355
-253
-191
-100
31
173
319
361
320
296
215
99
-32
-88
-95
-43
13
83
174
278
397
467
519
554
562
558
527
434
290
116
-77
-259
-426
-553
-622
-654
-605
-541
-490
-420
-368
-293
-153
-23
129
287
463
502
453
393
307
201
85
18
15
92
228
318
393
469
583
614
619
630
653
682
680
570
385
192
-1
-214
-409
-594
-704
-751
-740
-728
-708
-675
-594
-481
-333
-162
-5
145
234
176
74
-26
-117
-224
-272
-212
-158
-75
26
87
121
179
259
322
374
435
513
593
628
585
431
210
-5
-184
-368
-558
-671
-666
-606
-513
-453
-384
-317
-243
-167
-89
4
147
283
323
292
242
171
97
-53
-141
-157
-126
-71
22
117
223
347
429
489
519
547
545
497
376
214
26
-136
-292
-445
-554
-563
-556
-539
-493
-456
-446
-407
-316
-183
-39
146
305
443
485
399
236
72
-85
-230
-273
-222
-101
68
193
245
271
335
346
328
307
366
448
468
407
244
48
-90
-261
-443
-613
-704
-712
-666
-618
-571
-478
-363
-243
-138
-50
53
150
253
222
160
81
-5
-91
-146
-117
-63
18
98
155
196
256
345
402
470
529
557
596
619
544
354
149
-40
-227
-390
-525
-625
-635
-559
-462
-396
-346
-306
-255
-196
-120
-44
66
184
234
192
130
38
-72
-196
-255
-256
-179
-67
25
117
208
317
365
396
427
473
553
589
492
326
148
-26
-217
-372
-501
-537
-524
-496
-468
-432
-410
-329
-247
-153
-40
118
291
411
380
281
158
13
-102
-151
-162
-150
-78
29
120
185
205
247
340
426
455
485
519
535
438
283
107
-61
-225
-374
-552
-651
-665
-641
-611
-563
-475
-367
-229
-103
-15
86
199
281
265
211
132
58
-9
-100
-119
-57
51
112
158
203
241
319
374
404
456
533
622
656
588
398
171
-45
-254
-476
-658
-749
-699
-591
-490
-407
-345
-292
-231
-193
-132
-21
104
235
285
273
174
60
-44
-124
-160
-156
-82
0
81
135
212
360
453
505
550
594
623
604
471
271
92
-45
-205
-350
-472
-521
-521
-537
-563
-566
-550
-471
-392
-280
-117
52
192
331
294
192
83
-23
-154
-263
-263
-187
-87
13
90
160
236
320
336
365
379
409
440
474
414
290
116
-53
-208
-359
-527
-634
-648
-620
-567
-517
-415
-265
-153
-47
25
77
174
283
274
182
121
64
-5
-78
-91
-85
-17
22
66
105
179
287
333
368
426
518
609
642
531
286
51
-168
-345
-481
-625
-668
-609
-529
-468
-422
-393
-375
-319
-225
-101
28
176
301
318
284
194
79
-16
-119
-155
-150
-69
65
150
221
299
399
473
547
549
582
618
608
486
305
102
-79
-208
-362
-492
-542
-539
-504
-502
-492
-454
-375
-283
-173
-62
83
230
337
308
234
135
12
-113
-226
-266
-196
-68
60
171
276
357
453
479
482
467
478
506
524
482
352
195
30
-150
-344
-519
-598
-610
-544
-455
-390
-331
-243
-141
-51
28
99
183
279
261
192
99
18
-48
-134
-168
-147
-58
44
138
169
215
298
346
396
475
566
640
619
461
227
27
-125
-343
-527
-614
-621
-575
-517
-455
-420
-369
-297
-234
-168
-65
72
210
352
373
307
221
116
11
-95
-151
-125
-73
36
127
200
266
380
443
502
489
482
508
502
379
205
37
-122
-276
-406
-565
-675
-666
-608
-576
-564
-531
-435
-324
-222
-131
-5
145
295
273
183
100
15
-89
-177
-219
-206
-99
3
88
180
253
331
351
360
380
437
503
521
446
317
155
-12
-218
-412
-560
-641
-650
-612
-557
-501
-432
-354
-273
-180
-69
57
161
232
205
156
75
-25
-106
-176
-190
-150
-68
7
73
106
159
223
300
373
432
526
610
638
512
314
105
-90
-290
-484
-637
-659
-611
-542
-463
-394
-340
-286
-223
-151
-83
44
165
273
302
259
195
127
29
-90
-150
-141
-104
-40
52
140
241
327
385
443
472
519
534
518
400
257
85
-91
-250
-407
-552
-623
-648
-610
-538
-475
-440
-371
-244
-110
-12
116
266
413
390
255
122
21
-64
-141
-149
-102
2
128
193
178
216
317
368
395
429
485
549
571
500
347
176
-3
-228
-460
-628
-724
-742
-717
-652
-557
-454
-351
-255
-150
-38
62
139
221
191
121
72
10
-73
-128
-121
-110
-59
24
86
127
195
272
340
432
510
599
672
680
568
364
158
-42
-234
-416
-573
-640
-592
-504
-453
-411
-389
-356
-280
-214
-156
-54
112
277
270
200
134
46
-72
-180
-238
-231
-155
-49
71
173
278
374
410
462
480
505
523
516
400
239
84
-97
-293
-445
-546
-604
-602
-572
-548
-507
-458
-371
-248
-97
51
214
340
461
417
300
148
-2
-112
-157
-142
-71
66
183
240
272
315
366
373
397
417
463
516
514
400
240
62
-118
-300
-492
-644
-725
-703
-644
-595
-527
-438
-342
-255
-157
-46
79
192
283
263
192
126
47
-54
-143
-118
-41
36
117
192
235
309
389
428
472
520
573
606
577
470
283
43
-148
-334
-508
-646
-705
-671
-570
-476
-434
-395
-339
-274
-193
-100
21
139
282
302
252
168
99
-13
-106
-130
-121
-49
41
113
183
274
389
459
522
579
596
610
586
423
211
44
-96
-257
-382
-488
-527
-512
-485
-492
-497
-475
-411
-327
-167
16
197
313
411
377
274
152
37
-90
-172
-171
-121
-20
87
166
213
268
316
321
332
323
308
347
412
349
216
55
-101
-280
-453
-626
-715
-702
-618
-534
-454
-338
-226
-104
0
57
136
227
302
260
196
151
80
-11
-54
-75
-66
7
58
86
145
272
375
436
465
548
630
670
646
508
320
100
-115
-313
-468
-580
-607
-560
-493
-438
-410
-393
-378
-328
-221
-99
57
214
352
342
266
137
45
-45
-146
-208
-204
-108
32
149
238
312
380
405
456
485
531
581
590
454
307
118
-30
-208
-402
-572
-614
-604
-596
-575
-528
-460
-364
-248
-121
-9
93
172
234
195
108
24
-58
-160
-248
-287
-261
-166
-55
48
132
212
307
359
403
407
425
487
515
432
290
112
-68
-240
-416
-567
-663
-674
-621
-533
-455
-383
-282
-173
-86
-8
89
195
301
267
155
80
31
-41
-103
-105
-53
37
124
171
179
239
325
337
385
467
539
604
632
510
275
33
-201
-426
-594
-674
-666
-607
-522
-445
-399
-349
-301
-234
-146
-58
58
173
316
333
273
168
86
-5
-88
-138
-161
-114
15
117
208
317
453
532
590
574
551
550
485
322
161
21
-91
-220
-340
-455
-562
-580
-564
-594
-557
-492
-369
-249
-121
-24
95
194
277
212
107
1
-90
-205
-224
-190
-128
-13
80
135
184
264
287
276
305
347
440
542
573
477
343
166
-28
-260
-467
-627
-696
-697
-629
-515
-417
-317
-253
-181
-123
-62
18
123
230
220
180
106
22
-54
-112
-151
-164
-97
-26
31
79
136
229
341
427
466
537
602
593
444
232
41
-140
-318
-490
-602
-619
-600
-540
-491
-453
-421
-351
-270
-189
-77
91
222
318
319
288
214
141
26
-74
-127
-102
-23
39
142
229
319
438
509
545
564
579
579
564
414
215
36
-86
-238
-404
-541
-611
-641
-596
-560
-542
-524
-451
-332
-216
-109
34
209
369
361
269
152
28
-88
-163
-174
-122
-16
116
234
302
383
446
444
444
469
520
563
605
541
405
202
-27
-243
-432
-573
-655
-643
-592
-523
-455
-373
-291
-219
-150
-60
30
126
202
166
79
-15
-68
-118
-149
-158
-153
-117
-64
6
89
186
306
394
474
522
574
636
641
474
216
-41
-229
-409
-542
-628
-629
-560
-495
-459
-446
-390
-323
-260
-151
-37
111
274
412
378
318
229
117
-25
-129
-186
-171
-67
40
138
280
433
539
568
590
574
573
576
549
390
212
24
-137
-297
-459
-624
-732
-766
-766
-738
-701
-623
-551
-464
-378
-254
-70
106
256
259
216
153
107
39
-67
-177
-185
-61
127
307
444
552
625
650
639
637
702
753
748
630
432
213
8
-205
-415
-549
-572
-533
-460
-372
-265
-143
-14
87
162
248
262
203
101
-14
-97
-151
-187
-281
-360
-410
-431
-414
-360
-274
-171
-37
153
282
372
444
500
539
566
470
299
107
-63
-253
-423
-539
-560
-516
-453
-424
-406
-383
-303
-246
-157
-40
103
240
341
283
187
110
50
-56
-159
-225
-183
-87
-7
72
150
252
350
364
388
402
463
501
494
344
169
5
-141
-324
-476
-547
-576
-564
-546
-515
-459
-410
-319
-226
-90
41
187
300
386
334
212
92
-14
-106
-144
-114
-53
65
167
236
245
302
355
371
389
391
424
502
541
447
277
86
-107
-329
-523
-698
-755
-713
-636
-553
-453
-336
-241
-140
-30
63
141
246
321
239
171
120
54
-24
-49
-54
-19
58
111
149
210
298
365
406
467
543
638
687
651
449
254
43
-159
-355
-530
-663
-700
-653
-562
-492
-458
-453
-403
-312
-201
-105
32
166
291
248
149
10
-102
-213
-291
-334
-310
-213
-103
-8
86
205
340
391
401
403
463
520
496
348
194
67
-71
-239
-410
-536
-576
-564
-538
-510
-454
-385
-282
-173
-59
63
194
285
311
258
164
14
-95
-196
-241
-255
-204
-114
-14
88
171
264
360
426
469
482
520
570
629
550
395
229
65
-151
-351
-485
-540
-528
-449
-336
-248
-148
-27
78
156
224
318
395
445
413
353
264
171
51
-17
-31
-7
42
72
96
144
221
313
360
418
468
531
542
506
332
111
-138
-357
-546
-678
-744
-733
-688
-609
-554
-516
-466
-426
-364
-271
-182
-79
73
225
240
202
119
27
-96
-179
-243
-220
-95
40
142
241
372
500
543
582
575
571
624
648
503
312
165
34
-155
-366
-508
-563
-565
-551
-535
-496
-432
-366
-271
-157
-55
56
183
264
215
146
42
-37
-148
-219
-237
-221
-168
-66
51
122
208
268
302
364
405
495
577
632
541
365
143
-86
-294
-461
-609
-662
-619
-569
-497
-452
-401
-312
-214
-137
-46
90
207
287
255
192
117
48
-51
-141
-211
-188
-109
-44
21
88
183
295
368
411
453
534
557
534
380
195
5
-168
-353
-511
-604
-602
-575
-524
-484
-444
-394
-331
-266
-170
-79
57
195
322
315
253
158
55
-61
-148
-195
-159
-50
87
199
268
370
480
520
539
536
542
527
533
448
295
131
17
-139
-338
-505
-600
-610
-607
-595
-550
-458
-348
-244
-149
-48
79
190
267
202
125
24
-58
-144
-189
-148
-76
50
172
252
288
343
369
391
472
540
607
686
726
614
449
253
20
-214
-399
-532
-609
-587
-515
-458
-400
-350
-290
-228
-150
-58
34
152
243
180
96
23
-37
-133
-185
-221
-208
-117
-20
35
70
186
316
403
467
473
491
520
500
306
131
-35
-193
-350
-496
-622
-649
-643
-619
-585
-510
-417
-323
-232
-139
-64
76
230
331
267
197
105
12
-134
-210
-242
-212
-125
4
127
243
339
397
399
432
443
464
461
475
389
250
82
-88
-256
-444
-621
-695
-692
-655
-605
-541
-463
-358
-237
-115
-5
150
293
374
308
176
37
-63
-145
-207
-211
-106
46
155
220
268
359
413
441
488
581
675
707
646
476
287
115
-75
-282
-476
-579
-648
-643
-577
-502
-435
-370
-286
-200
-113
-17
77
172
275
236
138
74
70
0
-53
-82
-93
-69
-6
51
98
203
361
471
555
605
652
642
596
427
231
36
-131
-316
-483
-566
-580
-545
-485
-455
-464
-437
-351
-288
-175
-37
122
253
362
321
236
146
46
-121
-246
-274
-242
-159
-39
78
147
229
310
342
374
409
446
481
477
346
173
-3
-165
-341
-475
-573
-649
-654
-610
-568
-536
-476
-358
-224
-91
2
106
246
346
285
165
67
-9
-106
-151
-160
-91
12
93
152
180
279
331
396
485
524
567
593
577
443
265
91
-116
-321
-514
-630
-682
-660
-601
-547
-464
-370
-293
-237
-162
-98
21
130
238
240
212
144
95
21
-27
-77
-76
-30
58
146
215
303
398
502
587
609
638
650
639
470
255
39
-130
-276
-416
-534
-587
-553
-494
-467
-427
-386
-326
-249
-164
-57
109
284
384
298
182
66
-47
-183
-254
-258
-187
-77
27
127
197
288
356
369
389
421
478
493
457
337
203
65
-78
-255
-426
-538
-604
-628
-608
-560
-510
-448
-331
-172
-25
112
225
312
361
279
178
90
3
-98
-137
-142
-112
-25
87
153
158
233
311
330
364
402
458
536
561
450
265
57
-150
-355
-589
-717
-760
-733
-643
-591
-543
-456
-333
-247
-159
-66
34
129
219
199
169
118
46
-77
-145
-161
-120
-58
22
82
157
293
393
431
504
543
607
632
602
414
182
-28
-243
-417
-518
-590
-629
-617
-570
-553
-533
-509
-441
-352
-222
-100
53
205
312
248
148
29
-59
-180
-245
-242
-169
-42
77
174
253
364
404
433
483
518
558
581
556
430
307
151
-7
-179
-347
-482
-560
-569
-565
-523
-428
-342
-256
-114
14
131
222
295
336
263
166
59
-37
-107
-115
-125
-100
-11
86
167
206
263
315
335
358
393
459
508
508
390
219
-19
-200
-396
-551
-687
-693
-637
-547
-460
-379
-309
-211
-114
-26
60
206
326
404
367
296
214
146
32
-61
-121
-104
-44
32
129
201
271
345
396
453
480
552
586
539
381
178
-38
-216
-398
-557
-631
-620
-594
-558
-541
-529
-500
-432
-327
-208
-65
96
244
385
366
279
171
58
-73
-169
-200
-154
-46
94
209
253
335
407
462
482
489
545
566
555
426
262
111
-38
-229
-431
-588
-657
-669
-632
-558
-473
-357
-268
-203
-115
-24
101
214
266
191
107
25
-60
-176
-208
-194
-139
-33
42
104
165
236
297
368
467
513
572
633
653
508
327
115
-86
-297
-472
-579
-615
-528
-444
-380
-307
-245
-188
-133
-66
-9
109
239
359
324
258
168
97
-15
-96
-155
-120
-35
34
79
143
279
388
449
515
558
619
645
605
407
224
35
-156
-338
-499
-607
-618
-582
-535
-506
-464
-406
-351
-275
-160
-47
117
283
364
318
243
129
41
-70
-144
-159
-102
14
150
250
315
398
466
495
497
481
512
536
501
378
226
59
-122
-313
-519
-672
-735
-734
-722
-668
-589
-493
-397
-311
-206
-95
55
175
214
136
55
-22
-63
-142
-183
-157
-83
23
130
211
262
335
389
411
470
573
648
657
624
492
327
118
-89
-286
-482
-601
-626
-596
-500
-445
-412
-399
-325
-224
-110
-17
97
187
267
245
192
118
62
-32
-90
-139
-140
-94
-14
48
92
202
344
432
474
499
543
537
496
329
152
14
-127
-301
-414
-478
-510
-568
-860
-1075
-1084
-885
-733
-643
-534
-359
-4
154
255
179
196
206
12
-131
-195
-48
324
604
747
820
824
815
702
341
60
155
483
648
695
591
427
248
69
-111
-301
-491
-598
-607
-615
-590
-536
-407
-261
-157
-62
50
160
252
292
174
63
-27
-101
-176
-201
-189
-128
-12
42
38
40
115
188
265
359
438
568
613
585
416
241
40
-155
-336
-512
-623
-657
-645
-602
-539
-475
-431
-370
-260
-170
-75
15
143
235
206
158
33
-30
-238
-652
-909
-910
-680
-550
-429
-331
-162
137
234
336
278
404
561
511
393
228
294
476
462
313
142
43
12
-26
-52
-75
-90
-73
-32
12
102
238
356
398
328
219
75
-47
-177
-283
-306
-236
-125
-22
73
124
212
290
311
337
383
402
396
393
295
168
30
-125
-286
-436
-550
-590
-572
-526
-465
-402
-301
-208
-90
39
149
231
314
361
262
118
-5
-71
-133
-148
-157
-102
-18
55
85
99
177
237
268
332
390
489
562
556
395
223
64
-124
-348
-548
-648
-629
-556
-462
-384
-304
-252
-200
-161
-132
-97
-7
66
150
140
111
67
8
-119
-220
-280
-254
-160
-61
41
144
282
362
433
503
541
560
566
560
415
238
80
-72
-217
-358
-457
-467
-438
-416
-402
-365
-349
-299
-222
-141
-41
81
223
273
162
52
-55
-169
-290
-366
-389
-307
-171
-69
33
141
259
305
318
356
412
480
510
490
380
242
97
-85
-247
-361
-471
-527
-498
-444
-371
-299
-228
-158
-78
-2
67
153
216
