0
-38
-50
-30
-4
-12
-39
-24
13
41
109
225
343
440
490
438
331
194
72
-59
-158
-199
-166
-88
21
140
206
301
380
392
405
404
415
436
448
328
153
21
-98
-255
-408
-526
-569
-559
-515
-476
-419
-315
-191
-53
76
184
305
425
476
389
276
168
73
-53
-117
-136
-107
-34
70
104
140
234
301
328
380
420
501
530
559
413
224
16
-195
-419
-576
-681
-739
-716
-593
-482
-400
-326
-240
-163
-64
18
104
209
301
241
165
109
71
0
-56
-91
-84
-13
55
95
131
223
314
380
446
477
513
534
494
340
167
5
-176
-359
-521
-603
-596
-559
-520
-502
-468
-411
-327
-236
-143
-21
112
244
338
317
268
178
46
-104
-195
-249
-231
-143
-42
69
170
249
306
380
431
461
511
536
528
409
237
68
-82
-233
-383
-497
-540
-523
-493
-461
-427
-366
-275
-183
-100
-8
112
254
326
272
186
85
8
-109
-193
-229
-162
-68
2
60
73
129
190
224
257
319
445
495
505
391
248
100
-99
-335
-535
-647
-662
-649
-587
-486
-378
-302
-188
-94
-13
67
164
240
317
285
234
178
104
-1
-79
-146
-130
-60
26
83
108
212
335
412
475
534
583
603
564
390
167
-32
-201
-361
-507
-560
-512
-471
-447
-436
-438
-384
-343
-311
-227
-83
80
245
344
306
210
101
3
-143
-238
-258
-205
-98
19
144
238
376
448
484
538
566
599
591
540
391
240
78
-77
-239
-393
-496
-544
-542
-541
-535
-484
-426
-347
-230
-81
36
127
248
315
215
91
-30
-122
-230
-264
-273
-201
-57
66
137
180
262
331
368
406
449
556
615
639
516
350
162
-21
-253
-444
-547
-558
-531
-483
-409
-297
-229
-181
-136
-65
35
149
236
285
244
191
110
10
-127
-217
-272
-235
-151
-68
27
86
196
288
388
502
563
626
637
567
385
185
-25
-205
-335
-487
-581
-563
-515
-482
-447
-422
-384
-293
-194
-120
-35
112
278
377
305
192
85
-21
-148
-224
-249
-213
-96
32
132
211
321
386
421
453
461
500
489
463
352
231
72
-100
-255
-404
-508
-563
-599
-597
-592
-543
-481
-388
-246
-105
13
102
178
250
195
100
-18
-106
-182
-211
-190
-97
22
134
208
249
314
358
385
438
503
610
677
687
560
375
182
-22
-253
-446
-576
-624
-562
-488
-409
-349
-291
-238
-205
-147
-62
34
126
191
155
105
39
-9
-144
-203
-229
-218
-142
-86
-20
55
178
282
365
463
525
567
589
546
406
247
82
-98
-234
-325
-405
-462
-452
-440
-441
-437
-390
-317
-211
-94
23
149
288
352
276
175
75
-44
-164
-221
-243
-199
-73
56
138
193
251
289
342
385
419
468
492
478
359
230
88
-88
-267
-419
-542
-609
-618
-604
-571
-501
-401
-290
-174
-63
32
136
223
252
177
126
26
-67
-158
-190
-198
-133
-3
107
186
221
272
327
381
429
481
571
637
664
556
372
134
-84
-300
-505
-642
-648
-588
-534
-499
-444
-381
-258
-180
-144
-82
23
124
198
175
107
53
8
-63
-148
-174
-125
-38
19
82
139
237
340
427
497
556
609
633
576
419
240
27
-163
-304
-422
-475
-487
-458
-414
-381
-366
-380
-364
-299
-207
-84
70
226
325
273
147
26
-75
-206
-296
-338
-291
-180
-50
78
184
320
412
429
429
454
530
560
534
374
199
60
-98
-303
-474
-582
-626
-639
-637
-604
-520
-410
-311
-195
-89
23
156
233
262
158
72
-5
-65
-155
-186
-186
-129
-26
89
165
217
305
372
411
484
542
602
650
670
499
271
44
-166
-338
-489
-598
-630
-567
-497
-450
-395
-362
-322
-287
-258
-158
-45
79
194
175
127
59
-1
-96
-192
-232
-175
-86
2
75
165
307
437
524
601
647
683
667
594
441
287
118
-56
-203
-334
-429
-449
-424
-414
-415
-406
-379
-343
-266
-160
-37
113
267
354
327
249
92
-66
-209
-292
-323
-267
-117
11
121
204
278
335
386
406
415
474
538
533
390
220
67
-85
-265
-433
-555
-579
-562
-527
-463
-407
-364
-258
-146
-59
58
182
272
290
178
73
-33
-95
-179
-210
-185
-109
-35
32
97
145
203
257
305
388
460
543
556
539
399
222
29
-190
-370
-512
-605
-637
-617
-547
-482
-443
-388
-311
-225
-149
-58
46
144
268
245
194
114
36
-87
-177
-232
-200
-108
-11
98
194
320
418
487
538
573
625
649
603
440
258
82
-84
-260
-416
-505
-541
-532
-522
-525
-512
-464
-408
-347
-251
-128
15
167
284
242
174
73
-44
-194
-265
-269
-222
-101
60
171
230
317
386
428
477
473
530
599
608
480
336
182
15
-160
-340
-510
-580
-556
-525
-503
-446
-352
-250
-144
-63
24
141
250
265
134
32
-52
-118
-210
-224
-190
-104
-12
60
86
122
212
264
334
430
499
604
649
618
452
242
46
-180
-392
-530
-603
-612
-558
-484
-398
-309
-250
-220
-175
-115
-55
48
189
291
266
219
150
58
-32
-129
-210
-179
-107
-12
88
176
292
407
505
553
544
578
602
549
374
199
35
-99
-252
-433
-536
-571
-566
-568
-550
-517
-486
-407
-298
-210
-76
101
223
254
162
50
-64
-140
-248
-293
-251
-150
-41
47
160
241
326
402
440
492
542
595
611
593
437
242
47
-128
-264
-410
-515
-571
-588
-540
-472
-409
-360
-282
-192
-118
-30
78
193
251
154
50
-44
-96
-186
-226
-213
-125
-24
68
111
169
286
386
437
494
549
613
636
623
472
306
128
-67
-267
-458
-581
-603
-542
-471
-389
-307
-236
-189
-140
-69
-20
41
154
256
233
172
109
31
-56
-128
-213
-225
-144
-59
31
107
248
342
424
508
525
561
593
513
335
149
-40
-199
-285
-384
-439
-458
-450
-448
-469
-480
-456
-401
-304
-182
-31
138
313
404
322
212
95
-41
-192
-263
-255
-133
13
135
214
275
361
402
426
446
456
481
495
473
348
222
47
-150
-337
-503
-619
-674
-681
-635
-562
-470
-379
-258
-157
-70
-23
49
144
183
119
76
28
15
-43
-86
-141
-110
3
84
131
157
235
329
394
490
538
618
666
638
467
274
78
-113
-314
-494
-568
-566
-521
-486
-444
-380
-316
-265
-232
-173
-83
17
148
236
228
172
70
-9
-118
-200
-214
-154
-51
22
122
190
312
401
462
537
590
624
634
587
421
215
34
-117
-245
-389
-491
-510
-462
-408
-389
-354
-279
-197
-99
-3
127
266
361
391
250
90
-87
-245
-416
-522
-550
-467
-315
-177
-91
-34
111
251
357
457
542
581
552
483
291
132
34
-41
-146
-274
-388
-479
-527
-517
-457
-328
-215
-134
-55
59
134
208
323
396
340
283
188
114
34
17
47
152
315
433
410
294
182
153
192
260
298
343
376
341
149
-56
-259
-460
-646
-800
-858
-813
-745
-640
-548
-472
-404
-353
-287
-201
-81
59
209
326
295
245
181
81
-62
-153
-208
-182
-99
-11
83
211
332
412
497
600
640
639
629
552
381
233
82
-93
-223
-334
-441
-510
-520
-509
-483
-461
-434
-336
-212
-86
29
149
273
353
274
149
29
-53
-188
-274
-290
-157
-18
79
157
201
287
345
370
374
360
452
533
542
421
286
115
-92
-318
-514
-608
-618
-617
-586
-519
-424
-350
-271
-186
-46
81
183
256
314
262
168
93
27
-52
-84
-83
-23
76
139
187
221
287
339
396
443
496
564
587
539
351
111
-102
-277
-441
-587
-651
-659
-619
-553
-505
-475
-421
-345
-265
-194
-112
14
173
281
257
211
150
62
-80
-166
-198
-158
-77
-9
57
115
243
345
427
481
510
540
536
507
308
90
-96
-251
-393
-520
-610
-640
-617
-544
-493
-439
-408
-359
-279
-160
-51
99
249
306
232
171
75
-27
-149
-200
-224
-169
-42
82
156
203
280
344
362
362
358
430
525
541
426
293
130
-54
-239
-436
-562
-591
-564
-512
-456
-351
-236
-123
-26
48
136
267
361
395
334
272
197
168
124
114
124
157
212
246
269
282
360
439
529
623
695
762
765
693
503
253
9
-204
-378
-517
-598
-632
-573
-511
-489
-489
-481
-433
-344
-285
-213
-67
94
195
152
111
50
-14
-144
-252
-282
-234
-131
-33
59
143
281
401
445
477
501
555
521
464
298
122
-66
-216
-379
-537
-610
-629
-624
-616
-601
-548
-478
-375
-286
-150
-3
134
271
374
341
265
139
18
-110
-175
-178
-98
23
146
233
271
337
411
443
469
478
521
543
533
394
210
27
-122
-317
-524
-662
-684
-674
-628
-584
-535
-413
-281
-187
-90
24
135
238
273
161
74
10
-45
-132
-150
-120
-45
57
123
148
166
257
322
369
446
513
595
632
597
430
230
27
-197
-403
-552
-638
-654
-595
-505
-412
-352
-291
-242
-160
-37
60
163
283
381
350
298
202
92
-25
-117
-178
-154
-55
59
158
237
353
421
471
494
469
467
482
445
264
89
-63
-222
-371
-501
-595
-614
-617
-611
-611
-552
-471
-344
-226
-95
64
224
343
409
342
235
104
8
-93
-118
-114
-5
127
222
294
328
368
379
395
438
456
503
532
527
387
210
3
-188
-359
-526
-663
-717
-710
-656
-603
-524
-432
-314
-214
-130
-65
48
187
258
196
108
29
-13
-85
-116
-92
-35
32
89
119
140
255
346
387
413
450
530
563
504
345
150
-45
-266
-453
-611
-666
-641
-604
-521
-420
-355
-335
-290
-214
-106
-2
123
267
370
331
250
160
63
-77
-151
-188
-196
-116
15
91
136
257
329
364
385
403
449
464
441
276
60
-111
-243
-399
-532
-612
-617
-570
-514
-483
-482
-412
-311
-208
-92
55
238
381
449
398
334
230
131
-20
-107
-114
-52
42
106
133
202
307
351
323
346
386
454
491
474
348
191
3
-202
-375
-548
-680
-732
-732
-674
-598
-509
-431
-328
-210
-92
-9
95
254
330
261
177
93
26
-54
-115
-125
-62
20
79
115
165
281
351
400
455
514
585
636
588
397
193
-5
-204
-389
-573
-661
-655
-600
-535
-455
-386
-318
-275
-202
-130
-39
87
228
326
330
299
196
41
-139
-207
-232
-202
-139
-43
83
176
298
405
467
520
503
511
521
503
352
144
-35
-172
-305
-441
-574
-613
-591
-564
-483
-424
-355
-249
-154
-69
50
219
383
473
398
281
140
18
-124
-202
-223
-146
-5
129
207
253
290
314
334
372
400
450
482
466
355
215
36
-144
-332
-506
-612
-631
-615
-536
-443
-365
-305
-223
-139
-15
114
188
272
341
286
204
137
95
9
-31
-53
-16
68
148
185
200
282
360
413
457
484
535
577
559
373
141
-41
-220
-421
-575
-649
-639
-575
-521
-465
-415
-359
-295
-226
-154
-56
76
235
349
319
255
153
49
-116
-193
-204
-146
-18
90
176
251
356
413
422
453
469
490
496
485
346
187
32
-117
-270
-400
-528
-610
-633
-601
-549
-482
-415
-293
-162
-44
64
170
319
390
293
168
56
-30
-124
-179
-197
-90
46
133
172
221
302
330
333
339
364
420
475
455
327
197
38
-143
-332
-533
-655
-685
-660
-613
-510
-401
-322
-233
-134
-40
58
172
294
360
303
224
162
90
0
-39
-57
-24
44
88
121
155
230
323
376
406
429
489
526
487
292
84
-112
-292
-447
-613
-691
-673
-598
-529
-465
-408
-342
-256
-191
-142
-34
137
287
383
352
283
206
105
-49
-145
-165
-114
-59
25
122
202
316
411
442
460
491
506
499
478
361
204
19
-131
-298
-443
-544
-594
-629
-606
-566
-539
-477
-371
-252
-123
3
143
251
303
223
108
-27
-96
-198
-247
-253
-159
-47
57
159
215
300
351
358
379
398
479
533
515
384
224
99
-66
-276
-446
-581
-645
-617
-549
-475
-398
-300
-204
-137
-45
43
123
230
263
205
143
102
59
-43
-82
-89
-78
-64
-47
11
79
169
230
305
410
470
495
532
507
328
114
-100
-287
-455
-584
-651
-650
-581
-487
-422
-350
-292
-232
-141
-72
18
165
328
408
336
280
217
131
-14
-126
-213
-139
-8
106
202
301
400
430
469
514
503
509
505
450
294
153
7
-131
-287
-445
-551
-598
-604
-588
-565
-518
-490
-418
-272
-130
-17
121
251
311
225
149
41
-41
-117
-179
-192
-97
29
118
165
172
212
294
365
471
511
580
636
625
468
255
28
-134
-279
-462
-595
-648
-616
-555
-488
-444
-377
-258
-146
-80
-9
67
156
195
147
92
58
12
-91
-149
-161
-137
-75
-38
14
66
166
276
362
462
533
566
559
505
346
166
3
-178
-349
-500
-592
-606
-564
-492
-439
-406
-359
-301
-205
-105
2
134
275
383
334
258
169
64
-110
-221
-261
-194
-85
42
136
210
333
422
447
457
453
509
540
499
311
125
-28
-187
-371
-508
-603
-605
-581
-588
-597
-531
-444
-327
-198
-52
75
181
284
344
260
168
61
-31
-116
-131
-105
-17
84
159
214
264
327
378
415
490
523
547
585
555
410
257
108
-62
-247
-462
-623
-700
-666
-597
-538
-445
-338
-238
-151
-97
-7
112
221
230
159
138
100
40
-60
-122
-119
-52
27
85
140
205
305
377
430
475
513
569
597
535
369
202
19
-170
-331
-465
-547
-534
-494
-476
-427
-415
-402
-349
-268
-147
-18
142
324
430
393
294
138
-17
-180
-259
-274
-203
-65
38
172
267
346
397
398
382
357
379
401
399
283
125
-23
-155
-307
-476
-600
-626
-610
-586
-554
-478
-388
-280
-184
-71
64
199
308
328
240
184
104
19
-96
-121
-108
-34
62
135
197
215
296
306
301
341
378
424
462
483
367
204
36
-183
-391
-572
-701
-748
-714
-631
-546
-474
-403
-296
-180
-85
-3
87
196
276
222
190
150
101
7
-60
-88
-72
35
123
181
193
289
388
440
484
522
571
603
534
335
159
-1
-176
-356
-487
-563
-582
-554
-522
-485
-446
-417
-347
-249
-120
23
177
309
387
352
295
184
54
-107
-163
-175
-110
-5
82
138
195
290
361
417
459
421
433
453
429
283
114
-32
-188
-332
-481
-616
-651
-610
-554
-521
-441
-342
-229
-112
12
115
219
329
387
309
235
126
39
-72
-133
-140
-61
19
64
108
172
263
290
311
359
409
494
543
497
333
154
-15
-220
-411
-620
-727
-736
-683
-616
-506
-405
-338
-265
-157
-70
24
142
252
343
315
269
194
113
20
-42
-62
-39
45
93
143
182
285
407
498
543
571
608
583
462
239
29
-160
-314
-487
-660
-729
-703
-666
-636
-589
-518
-459
-352
-268
-164
-8
163
305
396
358
292
184
74
-82
-162
-169
-121
-28
119
240
324
408
459
477
496
457
442
450
452
335
185
36
-117
-302
-481
-613
-664
-649
-591
-539
-452
-340
-208
-79
33
120
225
342
384
296
191
98
12
-95
-128
-127
-78
8
59
87
128
230
295
324
382
429
477
528
488
310
120
-65
-242
-419
-577
-662
-662
-605
-507
-432
-371
-292
-218
-139
-18
92
198
293
353
314
257
175
82
-8
-45
-67
-52
9
62
92
139
240
310
374
435
464
493
501
439
242
47
-152
-299
-422
-537
-644
-653
-612
-577
-559
-518
-478
-417
-318
-183
-33
156
316
414
372
315
200
85
-49
-110
-139
-115
-43
67
214
336
439
502
508
510
481
474
446
383
262
140
-12
-128
-237
-364
-502
-592
-613
-610
-574
-526
-464
-359
-231
-110
11
135
223
231
168
67
-52
-134
-208
-220
-172
-53
66
155
199
192
249
305
344
366
425
528
595
593
425
243
85
-62
-267
-453
-518
-489
-434
-367
-297
-238
-185
-125
-83
-29
83
225
340
383
276
107
-48
-203
-362
-446
-486
-465
-397
-311
-191
-87
74
231
373
506
554
525
451
355
166
22
-54
-90
-166
-289
-425
-455
-407
-338
-308
-269
-172
-59
38
114
181
281
388
401
327
281
217
170
107
88
97
187
306
340
247
119
98
127
150
158
150
176
162
84
-58
-211
-384
-530
-648
-740
-782
-743
-666
-599
-539
-471
-400
-333
-250
-130
-9
121
270
353
290
194
77
-25
-122
-170
-163
-92
37
136
199
233
333
404
452
474
495
566
612
560
406
249
92
-74
-226
-416
-534
-575
-552
-513
-474
-405
-351
-289
-218
-141
-54
80
182
238
195
152
69
-16
-136
-177
-179
-116
-41
27
129
214
334
421
472
523
558
614
624
577
425
238
67
-87
-251
-398
-516
-548
-516
-450
-387
-338
-322
-264
-189
-99
0
148
291
375
317
200
81
-7
-140
-186
-183
-118
-23
59
111
161
228
310
363
423
466
534
570
559
407
196
17
-150
-328
-493
-596
-620
-580
-521
-471
-431
-365
-305
-248
-169
-62
73
204
281
233
157
55
-35
-143
-189
-190
-177
-115
-24
56
120
248
334
378
415
433
465
470
438
314
136
-48
-217
-387
-561
-669
-695
-659
-600
-569
-551
-478
-396
-308
-225
-129
-2
141
206
171
99
24
-65
-195
-239
-228
-172
-55
43
119
201
317
393
433
491
533
583
600
570
423
253
68
-116
-276
-398
-476
-483
-435
-386
-367
-312
-264
-200
-102
9
109
235
359
438
374
304
212
99
-9
-61
-55
42
200
333
404
451
544
604
622
625
607
642
645
596
434
241
82
-74
-249
-443
-585
-606
-594
-583
-560
-499
-421
-353
-253
-158
-57
73
185
262
220
135
45
-57
-166
-202
-197
-138
-29
50
123
177
284
345
367
381
382
421
434
399
249
98
-63
-220
-365
-544
-663
-686
-625
-559
-484
-439
-373
-252
-103
-5
86
197
319
367
264
148
41
-5
-97
-164
-152
-61
44
154
230
294
367
408
403
427
466
547
561
553
408
201
17
-131
-304
-473
-541
-569
-597
-573
-546
-501
-468
-410
-310
-160
-21
91
187
259
211
120
0
-104
-229
-299
-308
-238
-139
11
136
220
336
418
473
510
500
544
568
540
386
225
72
-58
-220
-394
-524
-592
-565
-528
-489
-427
-346
-273
-209
-129
-50
74
240
325
256
172
95
-3
-152
-220
-196
-127
-10
90
177
254
338
355
364
382
402
473
516
498
362
180
-2
-199
-336
-468
-572
-622
-592
-536
-496
-439
-391
-318
-218
-71
64
188
316
404
349
257
165
86
-24
-114
-130
-48
44
114
170
240
344
410
454
473
471
516
530
473
300
137
-30
-186
-356
-503
-625
-641
-592
-558
-550
-521
-470
-415
-344
-224
-97
50
188
277
222
163
51
-61
-205
-286
-292
-217
-106
2
137
252
368
434
453
475
472
511
535
501
408
286
140
-31
-201
-405
-595
-683
-651
-579
-524
-459
-378
-257
-164
-80
14
101
188
242
159
40
-34
-73
-146
-181
-175
-90
9
81
136
163
243
315
336
357
409
511
571
558
407
220
47
-137
-333
-503
-597
-613
-593
-521
-430
-352
-279
-216
-156
-85
-12
86
195
267
252
221
138
86
-20
-100
-168
-159
-106
-23
69
170
291
403
459
519
531
555
556
477
252
57
-78
-203
-357
-499
-588
-592
-550
-513
-502
-453
-367
-278
-205
-111
1
163
334
432
357
275
196
77
-69
-135
-150
-89
17
113
199
288
389
428
424
451
463
472
489
456
323
186
17
-171
-375
-542
-642
-688
-655
-586
-512
-428
-350
-263
-171
-66
42
154
276
293
169
57
-28
-90
-165
-230
-235
-121
-5
58
110
158
267
343
388
409
457
536
561
493
343
187
4
-151
-338
-517
-627
-637
-593
-541
-469
-404
-354
-274
-193
-100
-23
74
184
261
213
195
116
37
-76
-160
-206
-169
-82
28
142
211
299
376
422
467
443
460
467
443
315
144
-11
-139
-298
-470
-584
-599
-563
-515
-476
-441
-402
-294
-176
-65
77
265
423
516
449
342
223
110
-39
-129
-289
-483
-450
-325
-202
-76
89
180
140
187
545
832
929
920
778
602
410
207
-28
-260
-422
-532
-562
-549
-493
-425
-337
-232
-119
-3
102
198
278
330
259
141
56
33
-26
-55
-50
16
108
174
229
224
282
346
397
467
513
575
614
576
399
177
-19
-208
-424
-612
-728
-762
-694
-600
-530
-474
-418
-361
-310
-216
-86
71
224
329
300
250
187
63
-329
-743
-801
-549
-125
167
291
187
29
-11
-7
90
128
200
255
236
95
-58
-242
-376
-417
-291
-46
56
72
45
-22
-62
-76
-24
76
177
269
380
487
552
442
312
173
44
-60
-123
-167
-96
40
126
197
244
314
348
374
393
409
469
483
440
293
144
-21
-211
-399
-592
-740
-776
-752
-714
-628
-531
-434
-317
-201
-80
35
164
286
351
301
247
141
59
-9
-55
-76
-33
68
147
205
232
286
364
414
452
471
516
544
486
305
102
-115
-307
-507
-702
-795
-780
-700
-602
-504
-416
-344
-266
-220
-174
-79
87
275
409
374
314
230
126
-24
-96
-102
-60
-13
47
123
210
361
440
483
514
533
536
485
407
235
39
-122
-254
-408
-519
-571
-560
-544
-517
-480
-456
-427
-349
-232
-77
48
177
285
382
335
229
91
-25
-160
-209
-209
-165
-47
66
143
172
218
266
298
324
313
334
378
384
263
160
72
-58
-250
-451
-569
-607
-594
-545
-457
-330
-190
-104
-27
72
137
204
292
348
269
176
101
35
-65
-111
-111
-57
41
109
131
150
214
225
261
318
352
403
446
426
280
114
-88
-266
-424
-598
-722
-722
-650
-538
-460
-406
-366
-310
-219
-139
-79
78
257
356
286
211
120
20
-77
-146
-210
-174
-70
35
112
202
324
386
429
480
467
496
512
453
320
197
61
-89
-252
-390
-473
-533
-554
-568
-537
-473
-409
-323
-231
-94
43
194
323
376
306
215
90
-21
-150
-207
-210
-159
-59
65
169
215
267
316
314
325
365
424
472
493
408
273
122
-31
-209
-403
-543
-621
-608
-550
-481
-399
-295
-179
-94
-37
49
158
260
313
225
100
12
-66
-192
-255
-246
-168
-88
-34
33
100
162
214
252
295
384
480
526
531
378
197
19
-168
-350
-507
-588
-601
-564
-480
-395
-323
-270
-212
-158
-90
-18
93
232
364
312
213
116
14
-112
-186
-258
-240
-156
-48
40
132
276
395
485
555
576
614
619
574
383
191
35
-117
-279
-440
-534
-584
-580
-531
-511
-453
-381
-308
-222
-95
61
192
289
355
294
192
63
-70
-189
-230
-224
-158
-16
137
244
319
398
438
462
497
524
565
604
598
491
344
148
-57
-282
-486
-606
-638
-621
-577
-494
-399
-309
-231
-158
-75
0
91
200
256
197
117
25
-27
-127
-203
-254
-204
-106
-25
65
131
216
309
384
472
540
613
622
570
423
235
29
-161
-339
-471
-529
-524
-477
-415
-352
-313
-293
-260
-207
-135
-28
117
234
339
311
223
88
-2
-108
-189
-250
-239
-139
-15
84
169
275
380
439
478
475
475
459
454
316
146
-7
-106
-246
-417
-524
-516
-500
-488
-469
-460
-382
-290
-207
-120
9
163
278
343
256
122
1
-80
-201
-255
-226
-153
-41
69
191
264
325
336
351
380
403
448
492
531
440
289
112
-71
-260
-443
-561
-622
-612
-555
-480
-433
-373
-288
-184
-86
-8
66
145
202
127
50
7
-19
-93
-134
-158
-110
6
95
141
163
242
300
335
421
507
595
640
626
481
304
118
-64
-272
-426
-506
-490
-422
-373
-357
-316
-292
-264
-209
-121
-34
84
223
343
321
250
154
64
-70
-168
-242
-218
-112
-11
118
232
344
408
489
552
536
545
565
562
436
286
149
16
-146
-307
-429
-455
-438
-420
-384
-352
-306
-216
-108
3
94
253
363
440
384
288
174
77
-36
-92
-80
-10
100
171
231
262
299
319
341
380
410
460
511
508
409
258
71
-118
-313
-528
-669
-730
-717
-670
-591
-510
-447
-377
-293
-210
-120
-18
67
118
15
-89
-182
-236
-322
-372
-394
-349
-267
-181
-110
-49
57
157
228
289
339
408
440
395
232
91
-68
-241
-447
-614
-708
-717
-676
-611
-581
-533
-479
-393
-319
-232
-112
9
120
215
163
99
39
-46
-194
-256
-286
-255
-163
-32
109
243
371
444
492
559
573
579
577
592
476
317
160
-1
-177
-337
-444
-498
-503
-455
-436
-420
-364
-272
-153
-42
53
152
262
324
264
145
30
-68
-202
-271
-281
-230
-95
15
96
196
328
382
400
439
470
505
523
510
387
244
103
-85
-287
-470
-622
-674
-651
-610
-527
-425
-326
-249
-173
-77
38
138
232
297
232
154
73
30
-34
-81
-120
-100
-12
80
132
183
289
385
494
596
624
666
694
656
483
260
31
-157
-317
-452
-537
-522
-459
-394
-360
-312
-273
-229
-195
-132
-26
152
332
439
394
296
186
107
-30
-156
-246
-274
-200
-86
12
82
160
201
174
182
209
279
340
416
389
311
192
14
-213
-453
-669
-766
-739
-633
-520
-437
-324
-209
-60
62
182
275
373
455
389
274
157
90
-10
-97
-103
-26
109
270
391
460
545
566
509
397
292
263
297
342
258
125
-3
-165
-399
-657
-843
-912
-881
-775
-659
-550
-433
-329
-243
-135
-23
108
232
319
265
178
113
84
2
-46
-67
-16
55
119
153
185
251
326
385
468
526
580
606
604
443
219
-5
-203
-399
-543
-644
-666
-607
-521
-487
-491
-446
-357
-304
-238
-144
19
216
358
314
267
214
130
-22
-130
-171
-153
-78
48
158
264
373
461
497
532
551
563
565
512
350
195
18
-162
-344
-501
-579
-615
-619
-619
-616
-574
-501
-408
-271
-131
-17
118
242
297
228
143
63
-47
-153
-202
-200
-151
-11
94
202
281
352
374
419
469
474
523
590
610
504
344
158
-17
-233
-480
-652
-704
-677
-611
-510
-401
-307
-224
-148
-67
26
134
204
263
200
137
45
-9
-88
-163
-191
-149
-107
-58
31
98
167
246
325
420
470
518
539
516
370
163
-61
-241
-386
-504
-560
-553
-535
-469
-413
-389
-369
-289
-182
-96
30
191
347
459
416
319
190
76
-60
-170
-207
-169
-65
76
194
279
386
471
489
482
482
511
502
459
333
171
18
-119
-287
-476
-595
-650
-665
-639
-604
-555
-447
-316
-207
-90
35
159
254
311
267
187
87
14
-75
-102
-74
-16
86
200
269
292
345
383
418
504
541
577
624
627
483
298
105
-78
-280
-453
-586
-631
-602
-559
-539
-473
-403
-302
-212
-155
-71
54
177
259
211
166
99
24
-74
-119
-157
-120
-22
58
103
159
264
341
384
439
477
524
548
529
397
253
70
-147
-342
-463
-550
-561
-512
-434
-369
-308
-290
-256
-189
-95
-8
109
261
395
371
308
204
90
-29
-134
-207
-200
-104
19
121
163
259
375
424
422
383
388
403
389
281
139
4
-113
-246
-414
-553
-604
-592
-590
-589
-545
-441
-324
-189
-61
88
243
380
445
379
265
153
66
-46
-77
-57
23
133
179
221
244
269
280
311
374
407
463
526
528
435
281
59
-139
-336
-522
-651
-700
-669
-584
-519
-446
-345
-252
-188
-135
-74
28
147
274
234
186
145
128
18
-99
-169
-141
-61
-4
39
101
224
349
406
470
499
525
542
508
351
181
14
-152
-360
-525
-605
-607
-590
-537
-483
-449
-387
-322
-257
-147
-35
89
228
359
332
225
73
-76
-223
-308
-343
-321
-217
-52
80
138
225
287
302
337
333
343
400
426
306
150
-2
-137
-282
-407
-533
-585
-560
-519
-511
-478
-372
-251
-129
-9
103
222
339
409
323
241
162
65
-44
-104
-97
-54
53
145
221
278
321
336
344
386
403
474
522
515
391
251
58
-151
-327
-477
-606
-668
-651
-559
-443
-326
-262
-181
-85
-8
53
116
218
346
328
289
257
223
154
72
-29
-39
44
155
230
296
382
487
570
608
608
645
685
654
482
287
93
-61
-226
-399
-514
-522
-491
-465
-450
-403
-336
-231
-128
-23
76
236
378
472
438
371
256
152
22
-80
-82
-22
97
210
314
374
455
511
524
527
521
516
498
461
350
197
26
-110
-236
-399
-534
-603
-641
-645
-653
-688
-667
-560
-439
-329
-220
-101
12
83
-22
-139
-229
-323
-448
-527
-543
-472
-360
-208
-107
-43
37
88
91
98
170
257
299
339
262
120
-3
-190
-426
-631
-782
-831
-793
-684
-563
-463
-391
-295
-214
-139
-64
44
148
258
264
256
231
190
93
20
-29
-29
29
99
120
135
199
289
360
423
429
457
489
457
288
84
-99
-270
-411
-532
-636
-684
-672
-621
-591
-567
-531
-483
-418
-306
-159
10
174
271
190
146
72
-44
-197
-301
-295
-191
-53
78
189
288
382
410
398
413
422
459
484
468
391
283
100
-74
-225
-382
-529
-625
-618
-571
-500
-438
-375
-285
-176
-66
45
153
263
358
337
275
167
107
41
-37
-87
-53
49
119
183
241
314
393
463
502
532
585
631
642
530
360
183
7
-202
-367
-459
-494
-470
-432
-386
-310
-253
-174
-128
-44
71
202
290
357
313
243
157
56
-64
-134
-143
-97
-28
37
67
83
118
192
267
338
390
461
501
526
394
178
-17
-181
-337
-499
-600
-596
-524
-432
-385
-372
-356
-300
-227
-158
-65
95
267
434
433
348
251
129
-78
-207
-218
-175
-78
35
136
223
361
444
455
449
449
457
481
514
430
285
145
-9
-187
-364
-509
-610
-645
-640
-571
-502
-400
-274
-167
-71
20
111
195
256
199
88
-36
-102
-160
-179
-140
-83
46
161
182
197
241
292
321
389
435
537
654
713
586
379
142
-59
-235
-405
-543
-601
-540
-459
-400
-347
-303
-266
-230
-177
-121
-5
125
191
170
173
131
70
-45
-143
-238
-238
-169
-96
-18
62
173
270
333
401
438
475
483
476
379
219
42
-130
-275
-407
-521
-570
-553
-519
-476
-436
-405
-340
-242
-137
-51
77
223
332
305
220
118
27
-86
-198
-257
-226
-79
54
161
229
284
343
380
374
367
420
474
500
385
227
78
-71
-256
-457
-589
-632
-635
-635
-599
-521
-431
-325
-253
-170
-51
115
235
296
244
144
42
-42
-132
-192
-144
-62
11
117
200
241
284
334
346
389
444
515
572
602
505
317
140
-23
-231
-435
-571
-593
-555
-481
-427
-390
-335
-254
-194
-145
-95
5
91
195
174
129
93
30
-91
-153
-187
-178
-115
-33
37
93
208
330
427
527
565
593
611
586
454
296
134
-48
-212
-328
-408
-454
-472
-448
-417
-387
-378
-357
-276
-162
-38
80
229
347
318
239
120
-30
-159
-233
-254
-228
-98
54
188
266
330
361
376
400
408
429
472
500
420
292
149
-7
-182
-347
-508
-583
-578
-556
-524
-444
-326
-230
-131
-41
50
160
260
287
194
130
75
37
-58
-140
-133
-47
66
123
115
139
199
275
328
409
473
509
535
587
524
376
163
-50
-279
-443
-556
-605
-601
-534
-467
-416
-404
-371
-312
-242
-182
-42
128
268
268
235
160
106
-1
-137
-199
-167
-60
44
130
205
303
431
472
499
522
572
610
586
447
276
116
-29
-184
-352
-476
-514
-513
-508
-481
-456
-432
-376
-319
-258
-148
5
184
302
283
195
102
-9
-151
-268
-294
-260
-198
-100
15
114
229
339
363
369
379
385
412
437
360
231
86
-45
-211
-390
-536
-623
-625
-527
-463
-413
-304
-188
-86
11
110
217
303
376
271
176
93
11
-103
-167
-176
-145
-60
30
68
73
159
254
298
349
397
489
565
601
487
303
89
-136
-358
-551
-677
-715
-657
-562
-483
-403
-357
-310
-277
-207
-121
-15
86
216
235
220
157
96
1
-88
-121
-104
-26
58
115
183
280
374
437
484
533
569
589
553
401
227
50
-116
-263
-386
-495
-527
-522
-544
-559
-522
-475
-433
-364
-244
-111
47
207
317
272
193
83
-59
-198
-282
-257
-180
-62
64
167
242
287
323
378
419
437
487
551
582
509
384
212
36
-134
-320
-499
-575
-563
-525
-480
-426
-346
-248
-157
-99
-59
46
140
224
212
155
59
-49
-112
-135
-156
-128
-40
47
103
141
189
241
284
331
383
479
536
548
433
276
93
-92
-291
-471
-593
-589
-559
-500
-412
-341
-307
-251
-191
-147
-33
75
187
297
286
223
128
48
-43
-152
-181
-148
-64
48
136
152
219
310
374
437
464
454
472
504
403
212
-13
-154
-266
-391
-484
-524
-515
-511
-531
-527
-464
-385
-306
-226
-109
46
201
347
313
235
178
69
-75
-178
-217
-189
-78
32
142
227
347
445
461
484
493
529
565
585
501
377
219
40
-169
-384
-554
-653
-667
-618
-593
-525
-404
-270
-167
-69
0
62
141
216
170
93
14
-49
-128
-182
-198
-151
-44
39
94
145
204
283
321
370
429
536
639
660
510
321
101
-57
-230
-396
-507
-501
-459
-406
-395
-368
-330
-314
-259
-196
-97
56
180
288
310
292
209
61
-86
-189
-233
-229
-148
-57
47
122
197
300
390
443
456
467
465
445
319
156
-17
-149
-249
-373
-508
-569
-568
-567
-536
-499
-448
-362
-260
-162
-43
85
216
338
303
223
133
48
-66
-181
-207
-168
-51
67
167
240
312
372
379
367
374
398
462
506
403
234
84
-54
-233
-411
-538
-615
-648
-633
-573
-490
-421
-367
-310
-200
-58
90
185
272
239
175
112
47
-52
-112
-110
-72
1
83
125
148
193
286
342
426
496
578
667
712
568
335
99
-93
-277
-457
-582
-606
-563
-480
-404
-349
-283
-264
-259
-225
-175
-61
51
178
189
147
105
33
-63
-146
-195
-198
-120
-43
41
139
252
339
378
442
473
492
530
539
431
265
100
-13
-120
-245
-356
-446
-480
-474
-453
-418
-371
-320
-205
-95
-18
95
244
378
340
227
112
-20
-134
-240
-273
-205
-79
50
128
165
215
263
285
304
325
388
481
543
472
325
154
-2
-195
-391
-551
-619
-580
-483
-420
-362
-284
-215
-132
6
112
196
272
331
293
249
172
85
-31
-139
-203
-223
-195
-147
-106
-91
-71
-18
49
125
193
322
473
599
589
436
186
-39
-291
-549
-704
-703
-588
-424
-276
-182
-114
-28
52
109
156
252
362
458
440
362
277
187
67
-28
-102
-56
54
169
311
438
564
695
721
627
479
382
326
266
83
-136
-355
-541
-687
-799
-866
-884
-858
-804
-714
-643
-597
-543
-438
-286
-109
65
219
348
363
265
127
14
-120
-241
-267
-194
-49
103
201
245
290
347
368
372
362
390
472
530
457
297
131
12
-151
-374
-536
-598
-625
-598
-558
-486
-384
-277
-176
-90
6
114
195
275
229
152
115
81
-11
-82
-97
-53
26
87
122
182
248
322
344
404
449
511
563
558
434
264
87
-112
-289
-442
-580
-651
-628
-557
-503
-444
-391
-343
-289
-219
-141
-54
88
256
274
229
173
86
-30
-119
-196
-153
25
141
192
272
375
475
503
494
488
517
584
606
469
299
140
-20
-162
-335
-487
-559
-554
-541
-498
-450
-423
-387
-295
-183
-55
88
175
275
294
202
75
-45
-161
-242
-252
-181
-66
36
131
207
259
314
339
368
411
466
531
559
464
305
86
-89
-215
-372
-537
-617
-626
-586
-528
-456
-372
-243
-149
-59
21
102
174
242
198
127
74
16
-47
-115
-129
-58
15
73
94
103
138
215
251
306
371
418
433
433
328
161
-52
-265
-446
-595
-672
-695
-677
-606
-528
-462
-418
-393
-338
-272
-159
-28
110
302
384
370
304
208
63
-86
-137
-157
-78
43
122
205
312
433
472
494
513
535
578
574
428
227
72
-80
-277
-425
-514
-564
-550
-520
-499
-481
-445
-371
-247
-94
81
247
377
483
450
354
249
142
52
17
37
89
186
302
389
436
481
535
532
562
593
621
678
714
617
437
258
76
-114
-278
-478
-605
-660
-605
-536
-472
-411
-352
-281
-192
-147
-109
-11
73
57
29
-20
-80
-148
-227
-284
-275
-207
-108
-30
57
138
209
253
318
369
458
528
530
399
215
38
-146
-335
-502
-612
-616
-556
-504
-443
-389
-340
-313
-266
-183
-99
46
207
360
387
348
258
127
12
-86
-142
-146
-82
3
91
159
215
297
375
392
423
443
486
482
343
137
-40
-161
-296
-447
-572
-636
-644
-613
-583
-553
-500
-383
-226
-97
26
158
288
365
315
237
139
62
-40
-137
-142
-83
4
83
158
245
311
361
348
336
363
405
440
494
444
310
133
-49
-245
-435
-606
-713
-735
-661
-571
-510
-430
-323
-224
-133
-52
44
132
238
243
177
81
12
-79
-145
-141
-99
-3
88
143
165
222
311
364
429
504
578
617
616
512
320
116
-82
-275
-428
-539
-584
-550
-498
-453
-411
-354
-311
-261
-177
-81
18
168
312
333
292
207
98
-26
-123
-175
-197
-167
-59
76
169
244
328
390
435
430
386
385
420
323
176
34
-102
-210
-338
-484
-596
-605
-580
-527
-490
-413
-307
-184
-63
38
177
327
445
389
290
189
68
-51
-157
-169
-107
1
112
167
207
232
265
258
262
293
350
415
472
384
257
69
-123
-316
-485
-647
-708
-695
-643
-586
-521
-448
-361
-250
-136
-48
54
165
293
296
230
115
7
-78
-160
-179
-127
-36
45
89
109
183
295
350
395
448
540
607
597
472
278
75
-79
-246
-424
-538
-571
-543
-501
-448
-410
-376
-331
-275
-213
-126
-2
130
234
238
216
166
93
-47
-182
-226
-222
-157
-68
34
172
307
402
421
426
438
450
475
509
417
240
93
-52
-211
-336
-474
-556
-562
-507
-456
-425
-370
-280
-187
-90
2
133
268
396
356
250
128
15
-104
-194
-212
-150
-26
100
180
199
213
265
271
308
351
413
478
494
413
278
117
-69
-274
-449
-575
-633
-623
-561
-504
-425
-336
-250
-173
-83
1
78
166
238
226
178
134
84
10
-68
-106
-93
-25
31
67
130
185
270
358
418
448
495
572
586
463
242
35
-145
-320
-459
-580
-658
-627
-562
-509
-474
-420
-358
-286
-241
-185
-61
101
242
267
235
166
58
-70
-183
-220
-191
-111
-17
111
202
275
324
343
397
469
540
583
575
485
352
184
46
-136
-271
-418
-494
-530
-508
-451
-429
-403
-340
-243
-134
-27
100
203
324
320
219
85
-37
-146
-224
-228
-132
3
118
207
221
224
297
352
379
393
448
525
576
495
329
161
6
-190
-391
-551
-616
-634
-590
-526
-407
-315
-228
-167
-104
-35
57
145
251
254
226
189
127
37
-66
-96
-101
-76
11
100
167
237
315
378
448
529
586
618
630
503
298
74
-125
-310
-457
-588
-668
-642
-544
-470
-448
-437
-383
-305
-232
-132
8
188
364
387
316
237
151
43
-74
-136
-146
-54
64
173
241
325
429
448
464
483
508
552
557
475
308
160
31
-108
-266
-420
-519
-581
-628
-639
-588
-517
-414
-327
-171
-23
112
222
331
280
162
13
-100
-184
-227
-223
-202
-100
40
122
178
211
250
294
344
373
421
508
537
446
280
88
-57
-205
-380
-564
-611
-575
-515
-470
-412
-341
-284
-233
-168
-89
12
117
224
215
176
126
33
-56
-150
-215
-218
-133
-70
-5
66
129
210
268
320
388
459
497
513
426
247
56
-122
-279
-419
-532
-565
-525
-475
-429
-396
-364
-307
-209
-119
-6
115
256
399
403
293
189
120
30
-75
-114
-101
-29
68
149
230
314
430
494
482
487
507
520
503
409
235
75
-48
-187
-341
-474
-546
-590
-571
-550
-528
-507
-406
-282
-180
-41
81
212
343
346
257
143
57
-20
-106
-112
-70
13
122
219
258
264
306
294
352
454
530
599
638
571
396
218
26
-209
-428
-600
-702
-703
-594
-482
-412
-354
-288
-235
-198
-155
-90
0
117
130
78
51
33
-37
-130
-171
-187
-129
-77
-28
43
137
241
280
336
431
512
581
569
436
248
57
-100
-254
-384
-459
-504
-517
-499
-469
-443
-428
-406
-307
-164
-21
96
206
337
359
249
136
21
-59
-153
-198
-189
-97
34
145
229
279
362
421
439
441
458
505
518
430
268
77
-72
-216
-379
-555
-636
-622
-583
-553
-469
-381
-286
-181
-124
-60
60
184
289
282
222
161
73
-16
-89
-135
-112
2
96
183
247
274
313
326
376
430
490
557
597
540
405
205
24
-158
-374
-601
-706
-711
-665
-574
-503
-433
-342
-277
-204
-141
-45
83
211
222
129
47
14
-33
-124
-155
-127
-50
7
50
83
145
252
327
411
493
551
593
586
487
298
121
-52
-220
-370
-479
-518
-513
-473
-432
-399
-381
-357
-292
-204
-88
51
186
312
327
260
189
85
-51
-188
-252
-261
-190
-48
88
170
232
320
387
414
404
396
424
455
384
239
99
-37
-213
-362
-538
-636
-658
-603
-557
-518
-448
-322
-214
-100
6
138
272
385
349
272
173
58
-59
-163
-146
-88
8
89
155
202
232
273
272
301
360
429
532
564
470
321
139
-59
-266
-435
-585
-673
-656
-583
-530
-462
-429
-383
-271
-160
-74
18
149
302
329
277
214
128
70
16
-37
-60
5
82
153
213
270
362
445
489
513
503
517
498
395
238
61
-104
-248
-382
-505
-564
-578
-561
-518
-483
-439
-396
-345
-289
-203
-80
52
204
264
257
178
54
-89
-224
-253
-203
-110
-34
60
149
207
299
348
394
412
420
447
488
429
294
106
-64
-203
-343
-503
-608
-629
-590
-533
-475
-432
-356
-230
-118
-22
89
202
322
312
196
91
-3
-62
-144
-205
-157
-52
74
158
188
198
262
271
299
362
435
532
582
506
334
131
-72
-268
-435
-576
-622
-609
-548
-475
-408
-350
-297
-226
-147
-43
69
181
303
327
268
218
158
88
21
-4
-43
-32
21
75
126
201
325
411
473
525
541
572
565
429
217
15
-146
-302
-450
-587
-639
-586
-511
-478
-480
-454
-402
-340
-268
-160
-24
141
326
379
311
215
100
-41
-162
-210
-195
-99
24
143
265
351
413
419
437
473
494
547
548
483
349
203
44
-135
-300
-473
-580
-605
-568
-535
-472
-400
-317
-232
-118
-32
58
190
295
260
132
16
-47
-95
-129
-179
-148
-61
26
47
45
71
168
242
303
353
427
539
582
494
344
170
-17
-198
-375
-523
-577
-550
-505
-441
-386
-311
-240
-169
-122
-76
28
153
276
301
249
176
93
-6
-149
-206
-224
-173
-66
53
131
186
269
343
401
440
455
485
491
416
265
65
-95
-245
-391
-533
-592
-567
-496
-458
-461
-425
-335
-247
-166
-71
46
219
363
387
312
208
91
-35
-149
-188
-161
-66
59
174
257
314
388
385
405
465
495
520
529
464
