0
29
103
159
192
209
278
358
411
411
394
385
361
358
249
81
-71
-200
-331
-463
-558
-565
-543
-504
-456
-411
-328
-216
-117
3
139
298
440
533
458
342
229
100
-68
-161
-173
-133
-20
79
135
159
216
271
251
255
277
342
383
439
342
201
19
-147
-314
-465
-586
-624
-611
-545
-463
-361
-291
-208
-120
-33
60
146
236
323
273
184
97
37
-62
-129
-143
-109
-31
35
40
38
108
200
280
355
418
502
574
548
378
209
53
-100
-256
-414
-528
-535
-462
-410
-369
-309
-243
-202
-170
-132
-71
38
186
282
261
199
126
23
-121
-218
-287
-283
-213
-134
-25
87
205
293
366
433
429
434
452
450
332
168
27
-75
-174
-289
-398
-432
-396
-362
-352
-342
-310
-243
-150
-35
61
200
348
422
338
206
64
-62
-232
-314
-317
-234
-116
-21
3
46
130
191
230
237
270
361
417
452
367
243
105
-70
-257
-420
-508
-536
-530
-493
-417
-316
-268
-198
-108
-24
57
155
233
272
203
129
61
-2
-89
-156
-185
-168
-102
-18
47
67
137
242
329
407
459
501
534
535
389
195
13
-123
-273
-435
-505
-506
-465
-413
-381
-364
-320
-271
-231
-164
-74
43
170
278
237
183
105
-21
-199
-318
-347
-327
-223
-110
-1
108
270
387
440
499
524
540
577
577
462
310
174
39
-96
-212
-316
-371
-369
-368
-368
-349
-337
-316
-256
-148
-43
82
212
288
177
43
-93
-209
-332
-370
-362
-285
-145
-16
61
108
171
219
283
339
353
447
553
599
510
374
229
63
-130
-287
-412
-480
-484
-434
-362
-275
-207
-145
-61
9
63
132
177
213
151
87
35
-52
-150
-208
-224
-174
-95
-44
19
51
104
158
244
309
372
489
556
563
438
268
105
-63
-223
-398
-506
-527
-481
-415
-360
-336
-332
-310
-260
-171
-83
32
166
253
218
150
58
-36
-180
-304
-334
-271
-170
-84
19
118
239
358
423
457
533
592
613
603
471
292
128
4
-136
-270
-374
-428
-450
-445
-433
-411
-396
-330
-233
-153
-56
43
106
154
70
-38
-159
-247
-353
-402
-369
-280
-158
-12
77
134
210
285
341
392
431
512
601
654
564
403
264
131
-53
-261
-401
-474
-468
-424
-366
-300
-219
-162
-134
-75
8
86
156
212
158
82
5
-68
-183
-247
-269
-263
-219
-160
-68
16
132
212
302
402
480
548
610
620
495
305
96
-73
-197
-311
-407
-448
-400
-342
-322
-337
-311
-259
-200
-132
-67
40
180
291
258
175
82
-30
-168
-266
-339
-307
-203
-87
3
103
233
342
428
487
519
552
543
505
351
223
95
-39
-185
-327
-434
-492
-517
-525
-509
-467
-429
-370
-285
-171
-48
76
155
203
141
49
-83
-161
-227
-285
-320
-226
-82
49
145
188
251
339
399
467
472
562
656
684
556
398
244
117
-79
-300
-458
-495
-467
-435
-387
-319
-272
-192
-149
-103
-61
-3
92
143
52
-21
-82
-146
-272
-365
-380
-318
-219
-142
-56
21
135
235
328
425
509
588
640
632
512
322
119
-44
-190
-316
-402
-425
-388
-344
-305
-289
-282
-255
-179
-119
-38
80
206
307
236
119
30
-58
-176
-268
-332
-316
-216
-90
-11
48
190
339
420
461
471
519
538
526
378
237
137
24
-123
-289
-411
-457
-478
-461
-445
-422
-385
-321
-246
-142
-11
116
202
241
162
108
18
-94
-240
-297
-279
-197
-79
60
169
255
337
381
395
462
511
565
628
666
568
407
194
9
-206
-363
-491
-572
-560
-486
-456
-415
-342
-244
-171
-120
-57
39
107
159
85
6
-45
-111
-223
-272
-287
-208
-101
-36
24
102
237
326
411
511
590
673
724
690
544
376
173
-28
-191
-306
-388
-430
-429
-423
-411
-377
-357
-327
-262
-182
-121
-12
125
220
176
90
-19
-127
-236
-317
-365
-331
-245
-123
10
111
242
376
449
470
477
526
543
521
429
279
131
37
-105
-288
-455
-502
-473
-445
-422
-372
-341
-284
-210
-117
-17
105
207
267
210
110
-11
-124
-266
-315
-298
-208
-111
-6
98
173
243
287
318
375
418
516
599
624
511
363
173
-22
-199
-381
-509
-597
-589
-500
-394
-334
-295
-242
-159
-64
-10
50
115
185
139
50
-39
-77
-134
-183
-188
-142
-45
38
74
106
248
370
444
511
576
626
679
681
510
318
156
-31
-205
-354
-440
-486
-485
-474
-456
-434
-415
-404
-356
-268
-170
-56
85
196
168
113
20
-107
-254
-338
-395
-356
-240
-103
35
157
281
379
435
491
501
537
586
593
465
319
184
52
-93
-243
-393
-442
-443
-426
-408
-371
-332
-278
-210
-107
9
133
260
307
204
104
-15
-128
-248
-304
-317
-232
-119
-52
29
90
201
268
311
381
460
570
630
620
476
310
136
-52
-237
-395
-512
-554
-549
-501
-431
-368
-308
-241
-123
-74
-31
53
158
206
169
128
53
-1
-70
-141
-187
-181
-90
-18
58
121
242
353
452
561
606
660
714
707
552
343
157
-1
-190
-375
-474
-498
-483
-487
-507
-542
-592
-606
-582
-506
-372
-228
-98
-10
-10
-33
-108
-175
-256
-281
-271
-219
-108
90
275
383
464
511
542
588
631
691
717
717
603
451
281
133
-41
-214
-349
-452
-515
-501
-494
-484
-424
-297
-142
-14
86
208
330
352
209
58
-83
-228
-424
-531
-549
-468
-337
-220
-176
-131
16
149
230
339
448
570
662
678
577
457
301
97
-100
-245
-371
-438
-411
-357
-297
-221
-158
-107
-50
14
60
117
159
186
147
104
63
1
-135
-238
-278
-260
-152
-70
1
70
182
272
352
426
484
545
604
601
446
253
67
-97
-245
-419
-529
-531
-472
-424
-402
-387
-364
-325
-266
-183
-97
46
213
312
239
150
39
-73
-227
-285
-295
-242
-118
4
113
240
356
422
450
481
482
521
536
510
399
280
124
-28
-172
-329
-477
-536
-572
-571
-541
-508
-454
-336
-216
-102
-17
74
157
219
163
48
-87
-155
-240
-287
-266
-194
-111
-23
68
117
210
309
370
434
478
573
649
683
591
434
268
91
-127
-369
-510
-539
-514
-468
-395
-332
-260
-201
-176
-159
-100
5
101
158
124
65
-10
-83
-188
-233
-247
-245
-172
-101
-24
61
181
278
361
429
491
566
625
639
484
258
44
-129
-294
-427
-502
-525
-488
-447
-460
-466
-438
-385
-315
-215
-115
26
179
265
190
100
-2
-124
-288
-362
-363
-287
-178
-80
-2
81
199
306
349
390
435
494
532
544
408
274
149
-7
-166
-330
-468
-559
-618
-613
-577
-482
-388
-289
-194
-69
45
142
220
255
180
83
-29
-103
-206
-255
-242
-168
-31
117
200
277
409
511
573
618
671
744
818
844
711
545
363
168
-11
-190
-341
-376
-332
-292
-241
-193
-156
-119
-71
-19
26
105
216
244
163
110
30
-50
-201
-270
-330
-320
-237
-181
-117
-31
95
190
283
370
426
504
534
485
346
184
8
-166
-302
-420
-499
-502
-488
-464
-411
-382
-364
-306
-229
-139
-46
89
217
271
208
140
20
-74
-210
-291
-323
-287
-208
-86
33
124
256
355
391
425
456
517
549
550
433
318
193
43
-135
-333
-473
-528
-546
-536
-502
-441
-400
-316
-210
-107
-3
118
232
295
217
130
23
-68
-180
-237
-218
-121
-19
88
174
203
279
341
389
442
505
608
696
701
567
361
152
-56
-292
-500
-606
-650
-600
-512
-457
-426
-362
-284
-239
-189
-105
0
109
167
110
47
11
-50
-173
-243
-277
-270
-155
-94
-9
90
245
381
463
544
596
661
687
662
472
277
115
-52
-192
-325
-418
-481
-488
-472
-456
-420
-400
-357
-293
-206
-85
60
211
304
256
188
93
-41
-202
-275
-345
-321
-213
-75
39
126
240
327
375
409
411
464
527
540
406
278
141
3
-136
-324
-471
-494
-493
-477
-469
-445
-371
-274
-171
-99
1
141
248
290
208
127
19
-92
-198
-258
-245
-153
-29
50
102
142
203
240
297
364
428
512
564
566
464
304
106
-106
-296
-485
-593
-610
-567
-505
-424
-373
-330
-267
-188
-108
-27
67
176
231
166
105
31
-46
-151
-212
-215
-172
-106
-46
10
140
304
424
496
527
568
623
650
620
446
262
102
-65
-236
-383
-452
-467
-470
-471
-483
-457
-422
-354
-292
-208
-94
44
173
262
229
132
-12
-152
-288
-354
-387
-329
-216
-48
98
182
271
343
356
398
457
529
575
583
481
336
173
12
-166
-351
-490
-548
-518
-475
-469
-463
-381
-246
-143
-46
50
137
199
202
80
-9
-75
-145
-242
-248
-210
-141
-51
22
79
114
197
252
293
364
450
566
633
605
489
329
150
-73
-278
-446
-575
-619
-576
-503
-417
-322
-239
-176
-103
-34
46
126
243
292
250
220
135
41
-76
-163
-230
-211
-139
-59
15
102
228
296
422
509
551
592
632
600
414
224
48
-125
-293
-427
-509
-554
-535
-502
-482
-437
-406
-360
-311
-222
-90
56
185
256
215
171
55
-55
-189
-261
-282
-189
-57
71
185
308
423
484
504
557
579
651
679
629
497
340
163
6
-147
-324
-461
-534
-547
-523
-505
-482
-439
-327
-201
-114
-36
65
165
204
125
39
-42
-109
-172
-220
-223
-159
-54
23
104
158
259
354
428
484
542
654
718
702
548
362
180
-30
-231
-431
-553
-552
-520
-467
-380
-310
-243
-189
-154
-115
-30
71
170
252
224
176
113
22
-123
-199
-248
-218
-152
-61
26
111
240
338
410
465
504
578
615
607
409
165
-24
-179
-305
-434
-522
-544
-477
-433
-451
-480
-456
-383
-303
-189
-63
99
257
351
282
214
112
-10
-168
-225
-241
-202
-96
29
124
222
350
430
439
455
464
514
549
538
406
268
136
-20
-206
-401
-570
-648
-621
-554
-518
-494
-431
-341
-232
-138
-50
24
121
163
91
-3
-86
-160
-219
-225
-220
-156
-44
38
101
140
231
322
411
475
535
637
731
709
543
346
144
-67
-297
-490
-606
-612
-533
-474
-413
-350
-308
-275
-239
-213
-158
-12
131
191
158
104
8
-104
-231
-281
-295
-249
-157
-74
32
141
245
329
406
486
517
583
605
576
431
230
60
-66
-211
-347
-471
-496
-476
-452
-448
-456
-440
-322
-216
-102
39
183
296
352
285
189
54
-60
-181
-232
-231
-140
-6
121
193
239
358
445
452
435
444
506
518
526
448
337
189
3
-175
-363
-524
-618
-652
-627
-579
-521
-421
-305
-208
-94
26
134
217
265
190
76
-25
-127
-204
-190
-145
-93
13
118
191
234
326
382
432
473
502
588
682
681
532
330
125
-78
-290
-496
-604
-618
-567
-495
-454
-418
-368
-311
-268
-208
-127
-4
148
234
208
155
83
-27
-172
-236
-251
-211
-130
-50
44
151
264
382
466
540
588
626
637
581
414
224
50
-112
-273
-365
-444
-466
-475
-468
-479
-472
-454
-373
-240
-131
-9
139
268
329
235
137
40
-45
-168
-269
-305
-231
-92
29
117
206
335
374
380
383
379
449
506
495
374
255
133
-35
-224
-432
-578
-624
-625
-632
-586
-480
-370
-265
-161
-63
23
124
229
265
196
122
46
-33
-110
-138
-122
-52
17
87
152
189
247
294
347
422
501
602
670
662
496
256
12
-190
-371
-546
-647
-655
-593
-528
-470
-443
-399
-314
-236
-183
-121
-24
126
220
208
182
115
57
-80
-160
-180
-144
-92
-28
64
177
328
459
522
582
632
663
628
540
368
203
43
-117
-275
-382
-432
-481
-517
-529
-479
-466
-458
-393
-316
-198
-59
90
190
291
262
200
83
-31
-171
-227
-241
-202
-79
57
154
218
312
378
428
461
475
515
547
552
431
271
119
-46
-213
-395
-535
-594
-593
-574
-535
-472
-375
-265
-172
-72
24
111
211
248
176
105
24
-67
-159
-192
-190
-140
-47
55
116
144
220
267
299
403
499
565
608
590
420
207
5
-227
-408
-555
-648
-672
-625
-561
-497
-439
-387
-324
-221
-118
-49
57
209
315
297
260
177
96
8
-71
-137
-110
-61
-7
83
183
329
444
505
538
560
613
614
504
292
159
12
-137
-294
-454
-538
-573
-556
-525
-506
-492
-491
-400
-281
-161
-41
107
247
286
232
144
-1
-111
-215
-277
-283
-187
-33
100
213
285
356
403
422
428
458
530
594
597
473
305
144
-8
-177
-378
-531
-588
-578
-564
-526
-458
-380
-271
-168
-92
18
159
282
281
172
81
-15
-91
-175
-200
-175
-92
1
59
122
175
263
319
352
395
448
549
586
558
411
225
48
-143
-335
-507
-607
-604
-550
-499
-444
-365
-299
-235
-170
-95
-4
75
191
315
310
245
179
110
-9
-103
-169
-145
-54
64
148
228
367
453
492
482
468
500
524
474
266
57
-87
-229
-381
-513
-573
-594
-581
-561
-579
-556
-504
-413
-306
-189
-6
173
325
374
287
191
64
-58
-195
-248
-210
-85
65
148
222
299
385
405
406
411
408
440
489
484
377
233
73
-111
-272
-454
-598
-675
-687
-664
-634
-576
-457
-317
-188
-100
-22
72
196
215
152
88
-4
-67
-134
-164
-160
-81
30
98
137
159
257
310
348
382
430
533
593
526
370
215
56
-126
-318
-486
-559
-552
-504
-448
-357
-265
-216
-182
-146
-95
1
131
245
312
285
230
153
59
-63
-139
-176
-133
-66
24
108
164
262
373
445
488
523
558
545
470
278
77
-74
-192
-323
-465
-552
-551
-531
-512
-505
-464
-394
-308
-200
-90
39
222
368
438
360
256
134
18
-111
-187
-177
-103
5
94
209
294
397
414
384
371
407
441
464
452
331
180
35
-131
-311
-494
-606
-672
-656
-596
-544
-476
-386
-267
-156
-63
44
144
250
298
238
154
96
31
-85
-148
-168
-95
12
69
110
149
232
305
372
462
515
572
637
609
444
231
23
-180
-383
-567
-642
-652
-588
-518
-480
-427
-346
-264
-215
-147
-68
64
218
269
219
188
96
-17
-126
-163
-204
-169
-95
-7
89
185
292
355
423
504
524
544
554
509
316
106
-78
-239
-362
-488
-567
-578
-539
-515
-492
-470
-396
-285
-166
-56
45
192
369
429
345
257
150
22
-106
-171
-195
-90
26
87
156
256
357
378
395
406
401
447
460
406
300
189
59
-138
-340
-514
-605
-625
-619
-595
-517
-441
-356
-247
-131
-49
24
138
276
303
258
200
121
45
-44
-80
-83
-22
53
119
181
209
247
294
354
402
473
555
605
565
377
160
-49
-210
-375
-542
-618
-603
-569
-534
-492
-443
-397
-324
-256
-176
-53
68
195
230
171
128
65
-4
-139
-197
-191
-130
-47
47
135
236
365
433
471
534
549
571
549
492
356
172
-5
-143
-271
-391
-487
-538
-545
-541
-501
-440
-405
-312
-190
-76
32
170
308
344
261
150
44
-85
-232
-270
-291
-209
-50
78
163
221
313
312
298
338
371
403
445
455
341
185
63
-122
-323
-491
-579
-604
-579
-556
-484
-386
-293
-190
-82
42
160
246
363
391
322
238
143
28
-52
-81
-100
-49
44
126
156
174
232
254
343
411
438
493
527
489
301
106
-74
-246
-395
-548
-638
-644
-589
-531
-487
-434
-357
-273
-180
-105
-28
110
274
335
289
241
149
57
-57
-124
-157
-110
-14
68
133
213
335
412
461
501
504
543
532
443
308
171
13
-164
-325
-480
-578
-636
-610
-566
-525
-488
-449
-354
-224
-109
-3
131
261
290
226
109
-13
-107
-216
-253
-238
-147
0
94
170
224
286
326
348
375
408
482
544
549
400
216
48
-154
-358
-556
-656
-660
-594
-535
-472
-394
-293
-200
-109
-42
69
182
268
245
178
133
74
5
-88
-119
-125
-76
-7
60
102
113
183
242
317
414
469
502
492
418
255
59
-143
-338
-501
-608
-670
-685
-631
-540
-474
-394
-325
-263
-204
-113
-17
107
245
353
348
298
219
139
0
-84
-131
-96
-17
81
152
252
380
436
464
506
529
566
584
509
330
145
-42
-246
-448
-623
-688
-669
-609
-579
-544
-484
-410
-356
-249
-130
12
160
284
318
270
199
77
-49
-155
-159
-134
-66
45
147
229
289
347
374
422
472
504
511
565
544
398
226
59
-123
-314
-503
-607
-628
-573
-519
-451
-391
-294
-187
-118
-45
40
159
276
272
192
120
58
-4
-96
-145
-151
-91
-30
2
57
133
239
313
381
439
474
538
538
452
293
113
-87
-269
-428
-566
-615
-586
-535
-431
-330
-290
-279
-250
-198
-111
12
158
306
372
334
263
159
65
-81
-181
-214
-159
-42
84
199
294
389
452
481
479
470
487
481
428
281
120
-35
-172
-328
-501
-580
-576
-555
-535
-519
-478
-399
-309
-178
-40
119
260
399
410
321
198
61
-69
-193
-193
-146
-70
57
196
278
317
394
408
413
444
476
506
548
533
399
218
47
-155
-320
-467
-574
-634
-622
-577
-532
-489
-374
-261
-166
-81
-7
99
228
256
175
74
4
-47
-166
-230
-238
-149
-34
12
62
156
272
330
352
426
497
579
609
537
376
190
8
-203
-397
-521
-566
-531
-457
-399
-361
-318
-282
-229
-170
-104
-8
143
302
350
294
209
105
-39
-192
-248
-282
-223
-124
10
132
207
297
336
389
430
432
480
493
421
254
88
-50
-199
-336
-485
-577
-594
-560
-553
-538
-485
-408
-289
-152
-33
107
260
370
354
252
143
25
-60
-147
-182
-158
-56
56
123
193
230
293
326
361
401
431
484
514
475
358
161
-32
-219
-393
-562
-661
-680
-659
-601
-510
-420
-323
-219
-149
-108
-39
59
185
246
210
148
75
45
-35
-75
-90
-87
-23
74
147
202
278
352
416
510
614
744
787
702
494
260
51
-157
-370
-526
-592
-555
-545
-502
-446
-393
-352
-311
-264
-183
-46
100
209
231
181
112
22
-96
-243
-292
-285
-220
-117
10
134
220
323
383
434
503
514
527
528
488
355
192
57
-78
-202
-349
-422
-467
-488
-490
-447
-388
-297
-195
-104
-6
107
239
370
358
265
168
73
-38
-172
-224
-213
-131
-4
-42
-241
-299
-234
-163
-68
24
122
175
282
569
697
629
453
192
-68
-273
-405
-446
-445
-408
-349
-256
-196
-159
-113
-68
20
146
241
269
249
211
118
33
-58
-84
-80
-24
76
155
200
247
339
411
488
561
591
650
682
602
377
148
-68
-262
-429
-602
-657
-622
-568
-533
-497
-456
-417
-339
-273
-189
-80
75
236
271
202
139
52
-21
-132
-184
-209
-356
-578
-508
-185
287
591
693
524
231
106
46
40
-20
-121
-238
-361
-490
-623
-806
-914
-910
-703
-345
-83
81
187
277
353
426
539
654
729
664
481
290
151
60
-40
-67
-57
21
168
293
336
304
367
393
390
366
381
435
474
432
294
130
-32
-224
-383
-528
-596
-621
-684
-718
-724
-702
-619
-498
-383
-202
13
197
280
228
132
95
40
1
-69
-49
19
77
132
207
255
296
389
432
477
557
590
593
563
474
276
49
-153
-304
-439
-566
-645
-647
-595
-563
-573
-545
-480
-362
-260
-148
-11
158
315
352
284
240
174
70
-89
-180
-213
-143
-11
109
218
308
417
472
497
497
489
499
521
445
284
134
-10
-180
-356
-527
-632
-664
-628
-604
-554
-480
-421
-346
-209
-62
79
190
287
308
225
106
-27
-163
-257
-254
-212
-98
56
143
206
257
323
346
362
394
437
527
582
509
364
178
11
-180
-375
-570
-682
-670
-600
-541
-456
-352
-266
-164
-110
-36
58
173
276
251
174
132
94
30
-58
-106
-119
-92
-58
5
72
148
218
302
397
488
548
589
577
486
320
118
-86
-269
-421
-555
-620
-636
-622
-556
-493
-447
-410
-327
-228
-144
-36
112
250
276
210
133
19
-80
-208
-296
-309
-213
-62
66
157
226
317
371
398
376
398
452
469
387
235
84
-61
-247
-426
-593
-644
-663
-667
-643
-607
-512
-371
-265
-160
-49
99
262
381
371
256
129
27
-77
-167
-168
-124
-57
66
170
229
272
345
374
395
451
512
602
682
666
527
326
125
-75
-258
-411
-491
-533
-464
-381
-323
-233
-155
-53
22
64
185
304
438
408
318
273
246
194
95
38
18
91
147
167
195
255
336
375
430
512
552
599
623
524
334
127
-94
-327
-547
-666
-710
-682
-605
-555
-498
-460
-429
-371
-287
-190
-57
120
285
327
288
207
86
-45
-186
-267
-280
-201
-72
28
124
199
303
367
422
421
395
435
466
387
230
50
-114
-267
-396
-542
-598
-589
-565
-571
-550
-486
-382
-286
-180
-37
127
265
363
320
226
112
-1
-110
-177
-190
-144
-46
45
108
166
211
276
321
389
424
485
576
617
571
406
215
26
-172
-386
-556
-649
-690
-665
-596
-531
-466
-392
-283
-196
-128
-25
100
219
222
164
124
60
-14
-116
-174
-168
-104
-7
56
120
164
273
345
426
524
581
640
639
519
309
130
-15
-180
-363
-492
-524
-515
-487
-464
-440
-408
-350
-278
-193
-79
47
192
352
374
293
173
53
-89
-227
-280
-279
-212
-71
66
174
241
349
407
449
462
458
466
461
397
245
77
-37
-172
-316
-481
-586
-623
-599
-585
-547
-478
-382
-253
-124
11
151
268
388
367
266
185
112
4
-87
-105
-70
21
110
170
219
255
300
302
329
371
433
491
516
458
312
136
-74
-299
-456
-576
-651
-706
-675
-591
-518
-427
-364
-288
-184
-104
-15
138
295
321
248
188
107
-2
-74
-104
-124
-54
48
134
212
257
322
399
475
550
580
627
634
524
319
106
-84
-243
-397
-543
-599
-578
-537
-516
-479
-421
-365
-301
-228
-127
11
157
290
307
260
169
46
-70
-192
-254
-244
-171
-72
30
144
219
317
389
443
460
460
456
467
423
301
130
-17
-141
-293
-461
-560
-591
-584
-548
-478
-425
-343
-219
-95
-19
97
236
375
389
273
126
36
-48
-146
-205
-168
-58
55
117
115
129
215
256
271
308
357
455
524
484
333
150
-33
-253
-479
-648
-704
-683
-626
-531
-448
-367
-296
-226
-145
-32
65
154
247
284
270
248
186
77
-18
-37
-57
-14
45
118
131
169
283
420
508
559
576
582
597
521
335
125
-68
-264
-440
-591
-674
-667
-587
-542
-526
-483
-425
-351
-253
-157
-7
150
325
345
259
179
110
-10
-132
-183
-162
-81
28
118
207
269
360
387
417
435
459
507
545
487
349
183
17
-172
-336
-495
-602
-652
-637
-599
-528
-450
-359
-261
-139
-30
102
231
333
307
212
100
3
-103
-167
-193
-179
-62
88
176
189
204
261
335
381
411
470
571
612
519
354
180
-14
-219
-400
-545
-613
-599
-525
-442
-364
-290
-244
-184
-118
-51
67
215
301
294
264
211
159
87
-11
-76
-72
-12
30
93
176
246
331
391
484
545
563
578
553
485
269
77
-98
-261
-436
-590
-627
-620
-580
-532
-529
-501
-430
-338
-219
-102
57
214
373
388
314
212
105
-24
-157
-219
-198
-117
1
125
219
282
376
424
454
471
504
546
559
468
338
183
26
-177
-370
-523
-606
-646
-640
-600
-554
-482
-395
-294
-175
-36
89
194
313
304
201
65
-50
-132
-205
-221
-190
-95
22
122
153
170
214
260
313
380
451
536
586
497
334
139
-46
-241
-425
-571
-665
-671
-602
-533
-473
-377
-308
-237
-153
-51
60
185
314
312
245
192
117
-4
-134
-178
-188
-130
-75
-31
39
106
189
275
361
444
469
477
464
370
208
35
-122
-277
-416
-537
-569
-593
-572
-530
-440
-371
-298
-224
-139
-37
108
285
457
473
388
264
138
7
-122
-203
-197
-73
88
185
243
294
364
397
412
401
410
453
465
369
250
88
-79
-250
-407
-562
-613
-647
-666
-636
-569
-492
-405
-294
-179
-78
78
223
313
267
172
74
-32
-98
-143
-137
-93
2
98
169
204
254
322
345
388
464
518
582
622
542
374
184
1
-182
-370
-524
-605
-603
-525
-446
-394
-333
-250
-199
-164
-113
-25
116
235
235
164
100
42
-19
-125
-179
-177
-109
-44
8
72
168
315
392
427
502
583
603
603
487
287
66
-105
-283
-431
-524
-551
-558
-515
-421
-369
-364
-302
-234
-150
-55
72
184
308
332
276
160
45
-81
-186
-249
-234
-117
25
118
170
237
304
319
361
389
403
446
490
449
322
163
12
-188
-374
-508
-597
-611
-571
-548
-490
-393
-298
-204
-97
1
112
204
267
219
121
38
-43
-107
-140
-122
-106
-21
67
114
178
242
305
368
439
496
542
595
608
536
368
184
3
-177
-356
-537
-633
-643
-604
-527
-457
-407
-353
-273
-224
-162
-81
39
177
192
149
74
-24
-125
-218
-262
-240
-142
-29
36
91
198
329
418
489
530
590
636
651
564
378
179
-5
-165
-332
-474
-488
-464
-432
-414
-382
-388
-370
-323
-218
-101
43
179
284
292
223
91
-33
-137
-226
-254
-208
-109
2
89
184
267
341
364
399
408
429
465
489
430
290
117
-4
-140
-286
-452
-568
-603
-587
-544
-489
-403
-291
-190
-86
23
128
254
319
258
168
74
-10
-89
-184
-224
-186
-96
-15
70
142
209
334
400
437
489
558
607
606
494
293
92
-85
-300
-494
-600
-655
-639
-573
-486
-433
-397
-387
-343
-258
-150
-18
98
221
251
211
145
70
-34
-144
-215
-220
-156
-48
58
134
233
337
420
508
592
639
659
654
511
314
125
-37
-194
-327
-480
-523
-476
-445
-445
-466
-432
-386
-351
-288
-163
10
216
359
319
233
136
18
-130
-238
-279
-246
-145
1
110
216
322
402
435
467
483
489
529
589
542
423
254
79
-107
-303
-466
-574
-596
-581
-538
-476
-414
-332
-227
-127
-37
65
198
291
225
115
7
-87
-160
-209
-215
-199
-95
12
68
81
148
231
305
375
439
523
593
610
535
371
185
-15
-215
-409
-560
-607
-565
-520
-443
-356
-315
-299
-269
-215
-128
-7
132
245
246
187
125
42
-57
-140
-181
-175
-133
-64
27
109
203
320
409
494
531
582
616
604
490
309
100
-69
-217
-368
-500
-558
-541
-489
-445
-432
-433
-399
-332
-263
-164
-5
140
279
285
207
108
-12
-149
-257
-295
-244
-136
3
118
208
305
428
473
486
505
570
622
632
547
416
247
83
-107
-296
-464
-549
-579
-566
-525
-474
-420
-342
-243
-169
-98
-1
96
182
158
55
-60
-136
-208
-249
-249
-219
-116
-30
24
71
140
231
298
374
441
529
647
721
620
418
189
2
-198
-394
-540
-609
-578
-499
-436
-366
-288
-216
-163
-95
-34
25
137
258
237
176
116
48
-53
-121
-157
-170
-109
-44
10
95
182
293
356
425
475
520
546
552
450
284
102
-61
-221
-375
-531
-602
-586
-534
-510
-480
-462
-416
-315
-200
-102
24
186
324
299
200
99
-16
-136
-218
-277
-226
-58
91
198
258
329
403
433
453
457
489
542
581
523
376
206
3
-201
-390
-556
-632
-658
-634
-585
-512
-460
-410
-314
-202
-83
46
150
221
174
65
-28
-102
-162
-206
-177
-119
-15
75
144
191
231
302
377
449
512
579
649
668
575
398
180
-20
-194
-352
-479
-530
-517
-466
-428
-397
-349
-280
-233
-200
-118
26
159
278
284
224
109
8
-125
-225
-248
-229
-172
-90
-13
89
197
307
384
445
493
521
527
516
410
250
74
-53
-223
-371
-475
-533
-558
-521
-479
-457
-449
-393
-295
-160
-30
109
238
381
358
275
131
3
-115
-200
-219
-178
-32
109
181
221
285
361
394
435
438
459
497
523
453
293
145
-25
-216
-381
-556
-651
-646
-610
-577
-534
-461
-364
-248
-147
-36
61
151
222
168
92
34
-37
-125
-176
-164
-112
-34
51
121
181
257
350
427
506
575
624
681
695
576
386
165
-58
-253
-429
-565
-621
-592
-517
-449
-370
-328
-292
-246
-193
-142
-26
108
238
234
187
107
14
-84
-197
-277
-270
-165
-41
30
126
226
345
441
503
528
591
621
610
493
316
117
-40
-179
-315
-433
-483
-486
-483
-481
-463
-432
-383
-317
-209
-73
86
196
288
227
140
36
-85
-197
-271
-311
-238
-116
-17
84
164
210
312
370
400
432
474
498
526
472
321
144
-10
-184
-369
-537
-645
-662
-610
-560
-523
-443
-331
-242
-175
-57
62
148
244
223
146
69
-9
-103
-181
-189
-141
-54
46
109
141
214
310
378
457
547
612
666
676
559
356
136
-72
-276
-432
-573
-639
-639
-571
-467
-397
-349
-317
-291
-216
-140
-31
114
267
266
185
99
30
-79
-163
-210
-194
-76
74
155
209
301
410
463
523
559
613
656
661
487
296
137
4
-147
-314
-445
-491
-481
-460
-480
-464
-438
-377
-285
-151
-16
106
226
321
255
160
40
-84
-213
-261
-267
-217
-86
41
139
216
275
338
375
412
437
436
494
576
537
398
204
7
-203
-389
-557
-651
-640
-598
-554
-483
-378
-266
-137
-40
11
92
206
302
251
164
80
16
-66
-133
-139
-80
18
89
121
136
190
235
268
311
370
455
547
550
440
264
85
-101
-288
-445
-571
-603
-571
-513
-450
-378
-331
-290
-273
-201
-75
72
198
300
298
242
151
59
-40
-97
-142
-137
-80
17
105
161
277
433
517
558
582
617
638
653
522
342
138
2
-153
-340
-506
-557
-564
-540
-503
-475
-437
-368
-302
-213
-73
90
214
318
301
218
79
-59
-174
-258
-267
-236
-121
1
120
146
232
314
413
514
589
594
547
571
516
341
185
25
-182
-351
-493
-597
-614
-563
-502
-436
-322
-229
-122
0
81
131
191
286
245
122
10
-55
-134
-195
-212
-200
-128
-50
-11
15
95
209
287
393
462
536
639
659
511
297
82
-120
-327
-511
-642
-655
-623
-595
-548
-458
-398
-355
-328
-253
-135
16
163
280
285
238
136
17
-92
-159
-229
-249
-167
-38
56
154
276
383
461
528
542
541
552
539
397
237
39
-105
-236
-390
-529
-594
-609
-612
-593
-573
-555
-509
-410
-277
-131
43
194
306
263
174
56
-66
-197
-297
-325
-244
-95
47
170
246
343
422
433
455
474
541
600
609
507
349
185
6
-149
-359
-530
-594
-624
-586
-504
-414
-353
-303
-204
-94
1
99
187
245
203
109
2
-58
-117
-175
-167
-129
-62
5
61
83
124
219
287
347
413
508
584
618
482
278
72
-88
-279
-487
-600
-602
-552
-496
-458
-385
-328
-232
-159
-79
13
137
258
356
315
258
160
71
-64
-156
-178
-138
-67
21
126
233
341
433
460
508
539
555
548
549
459
319
164
-10
-184
-342
-465
-549
-582
-580
-593
-616
-603
-554
-465
-336
-235
-138
-55
5
-82
-198
-243
-248
-273
-250
-210
-160
-104
-47
8
110
282
451
573
667
751
838
934
949
808
617
418
201
-24
-262
-470
-588
-608
-577
-525
-418
-277
-145
-5
113
251
374
431
387
165
-37
-177
-263
-319
-330
-319
-305
-273
-254
-240
-227
-170
-56
74
214
313
421
515
578
504
337
117
-66
-240
-418
-573
-599
-544
-459
-406
-359
-306
-240
-182
-119
-40
85
205
310
275
237
147
41
-86
-192
-251
-210
-120
-34
42
141
251
356
417
471
495
544
582
555
416
227
40
-105
-258
-410
-530
-565
-548
-517
-461
-407
-371
-293
-179
-63
62
200
343
454
392
265
144
43
-80
-167
-173
-99
19
106
182
221
294
386
439
454
467
521
565
596
470
307
123
-35
-239
-470
-652
-736
-733
-698
-633
-547
-437
-326
-233
-140
-43
70
159
244
223
165
128
64
-43
-114
-106
-79
-1
102
155
202
273
363
447
559
606
646
664
656
516
261
37
-139
-337
-507
-630
-646
-592
-520
-492
-451
-427
-396
-329
-249
-153
3
149
270
253
195
115
28
-129
-250
-310
-288
-190
-67
25
131
268
373
427
471
502
541
557
519
368
201
46
-90
-263
-418
-526
-587
-586
-576
-560
-522
-469
-384
-253
-116
33
167
291
400
344
258
141
4
-108
-168
-178
-139
-40
77
167
210
255
301
349
394
414
478
533
573
504
345
157
-32
-190
-402
-590
-633
-569
-506
-440
-348
-284
-175
-46
49
113
250
393
490
465
423
378
304
193
107
91
157
205
234
278
316
358
412
449
501
528
582
603
569
399
183
-68
-300
-507
-696
-804
-819
-792
-750
-687
-649
-618
-566
-494
-390
-253
-101
58
217
240
187
88
20
-82
-178
-224
-172
-87
7
97
182
296
431
497
533
542
571
578
554
401
235
87
-42
-215
-407
-538
-610
-619
-591
-600
-573
-485
-388
-264
-122
23
163
291
385
329
214
95
-36
-144
-190
-180
-140
-26
82
161
194
265
323
335
361
388
411
468
518
432
252
52
-140
-343
-538
-680
-711
-669
-601
-533
-462
-356
-234
-140
-41
47
141
277
351
263
168
101
22
-65
-89
-96
-63
10
69
101
128
211
298
350
417
482
550
612
595
438
254
36
-161
-386
-550
-652
-665
-632
-598
-553
-502
-480
-406
-298
-175
-69
71
221
348
339
301
204
93
-13
-70
-103
-101
-32
69
155
207
292
380
442
465
439
465
512
516
379
205
32
-127
-290
-461
-603
-651
-636
-609
-591
-564
-494
-393
-281
-182
-48
114
265
342
277
174
50
-65
-170
-220
-216
-147
-16
108
199
240
291
332
344
373
429
497
578
610
503
342
162
-37
-251
-455
-595
-639
-612
-573
-482
-402
-338
-242
-122
-46
11
88
184
276
209
135
54
-15
-117
-158
-182
-173
-103
-30
6
48
159
287
361
417
486
576
610
576
394
165
-42
-204
-377
-539
-625
-603
-532
-473
-449
-407
-370
-295
-229
-139
-37
103
251
371
356
299
204
74
-94
-201
-242
-239
-162
-28
103
187
294
381
444
515
537
533
543
518
365
163
17
-132
-307
-454
-567
-629
-610
-577
-566
-549
-508
-441
-328
-191
-67
91
260
376
292
129
12
-80
-190
-238
-223
-144
-18
77
147
224
320
358
382
443
502
555
634
668
545
376
169
-53
-244
-417
-550
-603
-588
-535
-465
-407
-351
-279
-201
-104
-50
19
120
217
160
91
46
-31
-82
-120
-148
-152
-92
-33
-5
59
157
284
382
473
524
594
644
638
452
239
47
-108
-267
-428
-526
-525
-473
-442
-442
-395
-338
-255
-188
-117
-25
112
232
316
294
236
139
30
-125
-219
-248
-219
-156
-63
41
130
243
343
420
482
505
516
520
508
405
249
65
-93
-223
-382
-506
-563
-555
-537
-503
-478
-427
-334
-212
-109
0
133
303
429
353
194
62
-25
-152
-212
-200
-136
-12
106
181
235
316
379
446
494
530
616
660
657
514
305
159
6
-224
-443
-578
-641
-662
-615
-539
-454
-356
-260
-172
-72
-2
50
155
253
195
113
39
-18
-112
-143
-162
-117
-28
70
112
142
225
350
418
502
519
575
640
676
537
324
138
-44
-239
-398
-508
-542
-498
-462
-458
-442
-394
-324
-256
-180
-97
51
200
281
196
120
36
-57
-193
-275
-295
-234
-127
-59
6
93
222
300
336
390
432
503
545
528
409
272
119
-48
-198
-347
-468
-524
-528
-530
-491
-441
-395
-318
-197
-51
67
209
314
359
273
182
66
-33
-125
-184
-176
-101
15
96
166
226
266
304
334
386
425
519
602
623
535
379
180
-50
-279
-501
-677
-715
-682
-623
-540
-479
-401
-293
-225
-164
-88
18
106
177
115
99
33
-27
-130
-169
-161
-98
-37
23
89
139
241
360
420
500
559
597
642
647
484
263
32
-172
-332
-490
-592
-613
-595
-562
-534
-529
-502
-437
-356
-270
-155
-5
134
247
206
133
13
-87
-176
-248
-258
-206
-116
-22
65
157
291
387
439
459
480
496
526
540
420
260
118
-35
-196
-366
-475
-526
-543
-522
-485
-465
-425
-320
-187
-46
61
169
269
340
273
164
68
-18
-109
-150
-154
-137
-63
56
180
240
301
379
412
442
465
506
551
587
485
315
128
-77
-301
-485
-622
-633
-558
-479
-429
-374
-308
-239
-160
-80
-26
91
235
324
279
234
181
93
-26
-102
-134
-101
-44
19
62
145
257
345
397
513
612
701
708
692
494
268
41
-154
-311
-454
-576
-585
-525
-481
-468
-464
-466
-433
-352
-260
-169
-30
141
267
238
159
67
-24
-120
-196
-246
-198
-84
22
113
223
360
450
524
559
546
584
611
586
465
306
158
25
-121
-315
-470
-525
-549
-571
-557
-524
-473
-366
-263
-170
-57
66
180
234
181
101
-13
-108
-216
-274
-274
-217
-105
2
99
162
230
296
333
364
404
472
537
569
473
322
113
-55
-254
-449
-580
-614
-585
-513
-463
-421
-375
-319
-245
-153
-52
67
177
271
226
157
89
31
-87
-152
-160
-126
-73
3
62
90
184
284
342
410
484
590
613
589
427
225
34
-143
-296
-420
-498
-532
-528
-462
-421
-401
-370
-329
-256
-157
-45
79
212
315
261
164
95
22
-74
-152
-186
-137
-13
108
199
254
361
432
472
507
489
501
529
512
378
250
121
-27
-198
-393
-575
-648
-646
-637
-618
-546
-445
-351
-246
-154
-53
39
129
184
120
43
-35
-123
-220
-224
-182
-92
40
128
182
237
307
349
379
454
527
624
679
682
538
349
133
-81
-291
-477
-635
-663
-612
-552
-504
-441
-381
-269
-95
24
18
-5
48
129
85
47
4
-22
-114
-175
-195
-160
-95
-35
35
90
217
366
448
498
530
584
598
575
427
239
34
-141
-292
-450
-547
-555
-530
-502
-441
-381
-343
-293
-232
-155
-21
119
265
354
328
263
144
23
-98
-157
-173
-137
-49
58
213
303
393
466
518
515
485
488
505
508
389
225
54
-111
-276
-449
-594
-652
-652
-616
-575
-529
-468
-375
-258
-137
-12
109
232
307
225
131
61
-5
-108
-153
-117
-23
77
143
190
226
300
354
367
445
530
600
633
626
463
287
107
-87
-309
-494
-619
-653
-628
-557
-482
-431
-378
-306
-277
-211
-127
-48
51
195
185
146
73
11
-94
-185
-225
-220
-120
-4
64
140
257
351
426
489
526
570
580
500
299
145
23
-137
-317
-465
-541
-552
-516
-494
-470
-433
-402
-342
-270
-192
-75
66
211
319
297
256
151
26
-129
-203
-232
-189
-71
45
145
226
327
367
377
393
385
419
434
403
282
165
28
-128
-295
-464
-610
-666
-612
-570
-537
-483
-431
-325
-191
-54
88
215
337
393
306
198
105
21
-71
-98
-104
-34
68
135
197
225
299
360
384
434
475
545
581
587
468
292
90
-131
-378
-584
-698
-725
-697
-627
-512
-404
-323
-235
-175
-120
-65
21
128
230
233
204
123
86
21
-55
-119
-90
2
102
186
225
304
416
501
557
584
630
627
576
383
189
-33
-192
-361
-521
-607
-620
-590
-533
-493
-470
-421
-339
-254
-162
-40
115
278
369
295
213
118
-14
-166
-227
-231
-183
-82
21
129
207
298
337
363
408
448
487
502
488
357
177
30
-135
-302
-450
-565
-631
-629
-599
-575
-512
-375
-236
-101
28
112
188
285
333
229
129
49
-1
-73
-84
-97
-50
42
135
196
229
293
338
349
382
414
470
502
524
384
198
-1
-210
-432
-600
-709
-726
-676
-617
-549
-473
-375
-289
-207
-124
-32
98
199
285
235
194
120
49
-44
-87
-122
-88
20
133
214
275
357
415
483
547
582
623
628
585
428
219
23
-121
-250
-415
-539
-567
-525
-502
-505
-519
-507
-435
-322
-191
-60
111
277
374
303
194
86
-22
-130
-194
-193
-130
-37
85
208
287
390
446
444
432
459
528
560
506
388
243
66
-96
-267
-446
-558
-608
-624
-611
-540
-456
-381
-270
-152
-54
29
127
214
288
214
136
54
-5
-112
-142
-124
-79
-18
74
136
160
203
252
295
327
376
445
493
507
358
157
-47
-210
-389
-581
-723
-757
-661
-580
-501
-412
-337
-257
-188
-109
-15
111
236
316
262
221
160
72
-74
-122
-145
-116
-31
70
145
234
355
427
470
533
553
572
564
491
299
82
-100
-261
-390
-490
-563
-593
-572
-532
-512
-472
-428
-349
-269
-165
-51
75
235
344
288
195
137
57
-62
-120
-156
-99
15
129
226
308
415
459
497
517
524
542
554
533
383
245
110
-68
-263
-439
-545
-594
-609
-601
-533
-417
-331
-265
-177
-76
-11
64
155
203
130
65
-11
-77
-132
-160
-177
-129
-45
40
126
169
226
303
396
482
516
580
611
612
459
245
26
-176
-369
-524
-611
-595
-516
-445
-403
-344
-292
-248
-201
-123
-25
100
220
310
276
216
145
75
-37
-114
-156
-139
-90
-27
50
139
264
370
438
497
518
540
507
432
267
72
-90
-237
-390
-532
-616
-635
-594
-554
-492
-455
-411
-365
-288
-184
-59
49
205
335
299
220
123
9
-109
-187
-195
-110
27
165
274
321
404
467
494
514
504
503
490
488
372
213
64
-120
-313
-507
-649
-688
-671
-628
-595
-529
-418
-286
-191
-118
-29
85
171
208
126
61
-23
-85
-178
-175
-140
-72
32
146
208
243
297
338
388
453
501
561
605
595
465
276
60
-166
-364
-514
-620
-637
-576
-508
-466
-395
-329
-256
-169
-91
-20
88
248
335
265
176
69
-12
-140
-215
-263
-241
-130
-19
66
154
273
362
428
473
509
524
538
506
354
198
26
-140
-300
-446
-539
-545
-500
-483
-471
-429
-381
-332
-235
-78
71
188
308
379
343
260
132
-3
-116
-188
-235
-200
-55
86
203
276
349
381
392
405
404
454
491
463
338
178
30
-109
-299
-498
-642
-688
-690
-676
-640
-557
-453
-326
-194
-84
16
144
251
285
210
115
28
-19
-101
-127
-104
-8
83
156
214
230
259
315
360
422
485
557
588
594
469
271
25
-203
-380
-537
-650
-665
-634
-555
-467
-395
-326
-251
-155
-79
-9
105
238
335
296
244
181
132
30
-72
-118
-74
15
129
212
286
439
552
599
625
627
633
602
513
311
61
-185
-394
-572
-723
-794
-804
-833
-844
-803
-725
-595
-419
-264
-97
53
119
183
195
136
113
121
110
60
58
75
140
272
431
499
507
550
567
580
589
566
550
572
579
444
279
118
-38
-169
-290
-368
-379
-383
-450
-557
-600
-580
-490
-377
-273
-177
-58
20
-3
-134
-222
-269
-282
-333
-318
-266
-153
-48
19
62
102
206
291
352
435
494
568
603
558
405
248
39
-182
-372
-518
-615
-628
-578
-505
-410
-304
-243
-215
-184
-126
-49
77
214
312
286
225
140
59
-48
-142
-222
-217
-116
-11
81
156
297
433
508
539
538
573
586
530
357
162
-14
-165
-298
-448
-538
-544
-483
-433
-419
-385
-326
-280
-213
-125
14
170
295
336
257
157
28
-46
-189
-264
-261
-192
-92
23
110
169
264
320
336
368
417
463
478
459
350
218
46
-102
-235
-376
-493
-550
-557
-503
-427
-345
-267
-161
-74
15
107
194
272
305
203
127
37
-31
-168
-218
-205
-132
-30
53
84
117
234
308
327
392
451
530
559
521
347
157
-56
-244
-411
-562
-638
-631
-576
-504
-450
-404
-357
-310
-269
-190
-70
50
156
206
162
109
44
-58
-196
-272
-316
-285
-177
-57
65
159
279
337
409
474
472
481
474
435
286
113
-35
-155
-258
-362
-442
-471
-451
-445
-462
-429
-363
-301
-210
-105
19
152
266
272
157
61
-47
-138
-273
-356
-313
-202
-58
78
181
294
407
452
479
548
599
693
725
718
636
527
358
176
39
-129
-286
-348
-334
-292
-232
-113
-20
55
168
265
292
326
384
402
313
198
70
-20
-114
-180
-232
-190
-98
-36
24
69
139
220
271
307
344
420
479
456
277
82
-95
-272
-445
-595
-666
-656
-595
-523
-452
-401
-337
-266
-219
-171
-65
62
177
243
216
147
38
-76
-186
-259
-294
-276
-221
-130
-7
89
223
330
409
474
517
562
575
534
373
167
-3
-141
-260
-371
-432
-475
-494
-501
-494
-488
-442
-349
-217
-87
17
137
252
283
194
86
-17
-134
-269
-334
-309
-218
-103
53
164
248
381
450
454
467
497
553
606
614
510
383
233
31
-161
-325
-464
-549
-570
-554
-504
-433
-372
-296
-222
-137
-45
51
122
140
69
-18
-98
-191
-292
-301
-306
-266
-138
-20
9
82
200
282
356
455
523
594
647
627
449
251
41
-124
-265
-399
-458
-454
-402
-373
-356
-301
-256
-239
-199
-141
-63
77
229
283
214
148
83
-5
-133
-228
-284
-254
-152
-79
14
134
267
363
426
473
536
575
582
537
383
222
65
-113
-235
-359
-461
-514
-491
-451
-399
-361
-338
-288
-215
-107
4
129
238
266
215
133
16
-92
-218
-284
-299
-206
-55
93
221
271
382
434
457
445
434
500
551
534
433
299
123
-46
-214
-401
-537
-561
-556
-513
-444
-363
-315
-260
-196
-121
-30
65
129
127
40
-16
-109
-181
-245
-257
-234
-150
-77
-5
76
107
167
243
352
462
555
644
676
661
539
362
160
-49
-247
-409
-472
-485
-433
-393
-357
-314
-276
-243
-216
-158
-56
24
156
225
144
54
-41
-162
-309
-387
-393
-342
-237
-126
1
112
272
362
424
493
541
574
585
549
392
202
62
-85
-233
-366
-454
-489
-464
-422
-380
-352
-317
-255
-177
-56
67
182
308
342
260
144
21
-110
-257
-320
-319
-234
-83
41
142
238
331
384
411
440
436
503
551
546
424
252
85
-106
-281
-442
-547
-586
-565
-529
-465
-403
-319
-231
-151
-51
55
154
226
223
115
27
-26
-74
-158
-176
-173
-115
-26
51
119
194
308
381
464
550
608
652
663
630
469
280
87
-107
-265
-412
-521
-550
-528
-486
-442
-413
-382
-354
-286
-219
-161
-60
106
191
147
48
-59
-149
-277
-377
-401
-323
-202
-69
52
172
337
447
515
548
571
607
614
548
410
241
78
-68
-196
-337
-432
-450
-441
-447
-422
-382
-349
-269
-186
-74
63
168
247
268
168
57
-63
-149
-278
-347
-330
-217
-76
70
174
230
277
329
379
442
465
535
578
556
429
269
103
-25
-190
-379
-517
-571
-556
-521
-472
-395
-319
-198
-125
-44
49
185
273
272
176
87
14
-54
-162
-197
-173
-102
-23
25
74
150
289
380
423
491
565
656
681
636
482
272
69
-166
-349
-484
-554
-564
-496
-434
-386
-340
-317
-319
-296
-251
-156
-28
122
190
178
142
70
-31
-159
-226
-265
-236
-128
11
133
215
344
444
538
602
619
643
663
603
445
287
149
-11
-171
-325
-426
-443
-446
-467
-460
-411
-367
-303
-233
-141
-63
53
154
164
53
-45
-131
-226
-331
-369
-344
-246
-131
-40
33
106
189
258
320
404
452
547
623
647
528
379
171
-22
-201
-375
-508
-582
-562
-503
-415
-335
-286
-211
-131
-58
-33
22
130
169
89
22
-36
-108
-231
-282
-277
-215
-150
-86
-14
54
186
284
370
451
550
657
686
590
409
196
-6
-207
-399
-551
-583
-555
-499
-453
-389
-364
-335
-287
-245
-178
-82
33
156
230
214
147
62
-39
-150
-207
-240
-206
-103
33
155
239
383
496
571
629
646
665
661
606
429
229
91
-39
-172
-336
-479
-548
-538
-513
-519
-496
-422
-334
-266
-172
-48
75
188
219
137
62
-35
-149
-275
-302
-255
-149
-22
101
196
286
399
437
462
528
576
623
656
664
543
392
206
3
-193
-383
-529
-593
-561
-509
-467
-402
-354
-309
-207
-129
-92
24
167
221
117
71
16
-55
-174
-239
-261
-225
-129
-34
48
102
207
301
405
475
535
591
613
536
371
210
48
-150
-307
-431
-486
-494
-465
-424
-403
-367
-333
-292
-229
-141
-46
53
200
265
211
133
23
-95
-236
-303
-345
-300
-164
-33
114
248
355
404
461
507
522
549
546
475
308
145
13
-108
-242
-395
-516
-539
-546
-554
-537
-498
-432
-316
-219
-126
-23
122
236
259
162
53
-60
-174
-300
-342
-324
-175
12
161
257
335
415
445
435
435
474
568
640
663
534
361
175
-20
-206
-405
-522
-555
-538
-476
-411
-346
-306
-253
-159
-97
-35
39
115
141
68
-13
-83
-164
-247
-269
-255
-165
-45
51
111
139
248
347
453
532
586
653
695
660
506
293
87
-112
-282
-415
-455
-463
-422
-412
-417
-397
-323
-245
-178
-115
-42
60
189
243
168
104
43
-72
-225
-307
-321
-284
-197
-81
55
194
339
418
458
505
530
547
570
515
345
173
17
-139
-291
-431
-524
-571
-559
-512
-472
-441
-398
-299
-185
-78
24
146
270
283
179
61
-62
-164
-266
-300
-295
-176
-11
109
152
192
284
350
383
413
470
572
639
620
450
254
61
-144
-333
-512
-636
-652
-615
-562
-491
-416
-352
-307
-230
-168
-109
-18
77
113
93
53
1
-48
-121
-137
-137
-88
-27
44
118
190
314
439
543
603
651
733
764
687
490
257
49
-129
-276
-434
-509
-513
-496
-475
-426
-373
-321
-252
-196
-175
-131
-6
157
219
168
107
12
-90
-216
-284
-290
-215
-108
-17
96
220
349
409
449
502
546
586
614
573
424
270
104
-76
-247
-401
-477
-513
-506
-475
-445
-410
-384
-322
-245
-132
-10
93
202
234
161
83
-40
-134
-232
-253
-235
-160
-31
77
144
185
257
345
426
486
543
615
650
619
436
215
45
-125
-321
-493
-593
-621
-603
-547
-479
-416
-333
-243
-189
-99
-5
71
167
182
114
80
39
-33
-128
-132
-98
-57
15
67
156
238
382
466
542
631
672
703
698
605
400
209
45
-132
-277
-388
-472
-511
-512
-467
-427
-411
-403
-347
-266
-198
-127
15
174
249
208
123
23
-97
-242
-305
-313
-218
-69
61
181
294
422
489
509
515
523
560
559
497
365
222
94
-38
-180
-330
-436
-483
-495
-508
-496
-452
-415
-343
-245
-107
31
163
267
276
168
57
-79
-195
-281
-300
-252
-135
7
94
161
193
245
290
335
360
417
516
556
522
413
274
103
-65
-237
-419
-565
-596
-541
-501
-432
-361
-316
-225
-123
-49
34
131
231
246
181
102
30
-25
-151
-214
-204
-137
-65
32
130
217
349
427
478
548
617
669
621
509
352
155
-27
-216
-381
-499
-556
-559
-529
-499
-460
-457
-469
-434
-384
-308
-171
0
185
273
228
120
17
-92
-236
-294
-296
-199
-33
123
226
318
435
487
516
537
546
575
591
556
405
236
115
-13
-172
-335
-451
-517
-544
-532
-512
-471
-382
-283
-193
-82
45
161
223
226
141
34
-78
-185
-312
-300
-232
-127
-3
106
165
209
269
322
382
460
502
572
651
632
493
309
131
-65
-261
-453
-593
-643
-568
-464
-387
-324
-257
-173
-104
-60
-28
72
195
213
161
119
65
-14
-138
-177
-173
-115
-20
40
86
150
261
313
385
477
558
652
654
559
364
166
-28
-223
-374
-537
-621
-596
-507
-446
-402
-366
-364
-332
-279
-202
-93
35
166
238
230
154
49
-55
-159
-187
-186
-122
-26
81
192
282
394
475
519
531
521
545
546
495
346
170
6
-139
-313
-492
-600
-635
-612
-560
-526
-484
-415
-304
-209
-118
0
108
161
162
90
22
-63
-138
-251
-272
-211
-92
28
123
194
244
355
423
473
530
591
663
680
621
456
272
73
-141
-331
-490
-589
-603
-542
-457
-380
-342
-311
-272
-210
-159
-101
-12
123
194
148
72
22
-41
-124
-193
-212
-186
-89
25
92
147
289
383
450
516
561
609
622
541
380
169
-8
-192
-366
-502
-562
-554
-496
-453
-450
-405
-345
-279
-229
-145
-6
133
274
314
254
172
53
-69
-191
-242
-254
-192
-81
10
119
225
334
396
452
506
512
512
519
462
280
106
-52
-201
-331
-473
-597
-645
-615
-584
-556
-499
-433
-323
-201
-86
3
119
267
299
198
99
4
-70
-166
-204
-178
-64
55
130
182
239
347
391
409
449
500
582
613
521
357
191
4
-195
-369
-535
-633
-653
-617
-562
-504
-445
-424
-395
-280
-168
-59
52
159
200
178
105
9
-66
-157
-225
-222
-127
-24
57
128
197
318
410
484
487
546
603
618
499
302
106
-63
-206
-345
-491
-539
-526
-494
-469
-454
-433
-397
-314
-241
-156
-10
153
276
323
260
187
96
-13
-174
-214
-181
-77
45
154
269
362
446
480
471
489
513
542
551
525
404
262
118
-38
-213
-362
-462
-522
-508
-453
-402
-355
-292
-190
-79
-7
45
105
194
184
64
-67
-194
-299
-436
-492
-468
-331
-139
59
202
270
317
282
208
179
243
401
571
631
562
414
259
77
-100
-259
-363
-397
-365
-328
-277
-215
-167
-140
-105
-49
38
131
265
366
385
363
329
287
166
-29
-247
-335
-309
-250
-210
-159
-59
-11
86
158
200
303
364
303
147
-14
-154
-281
-400
-546
-606
-598
-528
-478
-427
-366
-318
-265
-195
-113
-30
98
250
303
217
143
53
-51
-162
-202
-195
-87
42
159
249
324
404
438
439
453
455
502
551
507
361
222
67
-111
-278
-441
-551
-593
-588
-573
-515
-440
-367
-245
-122
-29
67
174
296
331
250
145
44
-22
-89
-115
-113
-43
63
124
182
215
291
354
390
426
500
579
605
505
350
141
-64
-260
-460
-643
-730
-725
-646
-556
-493
-404
-301
-228
-178
-169
-98
19
160
236
229
210
174
125
16
-35
-42
-7
47
120
207
255
357
421
471
526
571
626
628
535
354
131
-44
-213
-327
-448
-532
-549
-500
-494
-494
-457
-428
-361
-267
-162
-54
92
253
306
219
119
15
-97
-223
-283
-279
-182
-62
54
118
182
321
390
389
406
415
449
473
412
250
91
-44
-206
-397
-581
-661
-646
-618
-574
-545
-487
-442
-366
-228
-95
18
113
236
273
212
128
51
-14
-94
-82
-64
-32
77
136
162
208
302
358
424
467
503
572
619
560
379
173
-15
-210
-387
-543
-592
-560
-473
-406
-325
-230
-152
-84
-13
33
99
249
424
478
446
410
346
238
140
97
84
123
207
277
377
483
574
610
640
665
652
645
598
467
311
111
-111
-281
-402
-499
-612
-645
-652
-660
-662
-654
-626
-548
-426
-274
-114
89
275
334
246
117
-19
-135
-252
-296
-289
-178
-25
100
177
253
376
430
422
437
462
506
496
434
286
146
11
-140
-302
-472
-570
-608
-619
-594
-550
-487
-392
-285
-185
-91
29
128
178
207
176
99
-4
-101
-172
-175
-152
-91
-1
71
132
159
211
233
322
402
478
562
624
587
447
226
-15
-227
-404
-559
-629
-617
-541
-453
-401
-336
-266
-207
-158
-123
-25
110
242
269
203
124
71
2
-129
-201
-202
-142
-37
31
92
166
297
365
405
467
509
528
495
408
268
111
-67
-250
-391
-479
-541
-561
-507
-473
-463
-430
-400
-339
-241
-90
39
186
328
382
286
197
98
-14
-134
-150
-164
-97
42
147
246
325
416
477
498
489
454
493
534
482
308
162
53
-113
-315
-543
-705
-721
-651
-607
-575
-497
-415
-322
-214
-138
-47
89
214
224
164
76
-11
-79
-153
-156
-124
-43
57
143
216
261
308
318
365
446
533
603
623
543
384
184
-58
-266
-437
-601
-647
-608
-529
-439
-376
-353
-298
-219
-132
-94
-30
73
190
202
161
90
16
-39
-129
-187
-208
-151
-65
-13
32
112
254
374
439
487
536
603
586
461
261
79
-84
-224
-377
-512
-537
-520
-519
-481
-447
-370
-332
-285
-196
-104
24
203
374
422
356
254
127
-18
-180
-243
-212
-134
-25
107
203
249
334
377
410
459
480
505
513
481
354
188
23
-145
-324
-496
-601
-621
-614
-597
-580
-556
-463
-357
-280
-178
-61
59
190
210
139
90
41
-46
-145
-158
-112
-9
97
140
177
227
332
384
447
536
615
671
685
591
420
225
33
-180
-394
-569
-658
-640
-588
-542
-499
-446
-383
-323
-231
-144
-51
62
196
231
167
103
37
-14
-83
-152
-188
-139
-23
80
168
270
384
456
499
532
554
571
578
487
321
153
-6
-158
-300
-445
-528
-525
-498
-475
-473
-441
-408
-367
-287
-190
-43
125
284
301
215
128
44
-59
-208
-279
-253
-154
-21
111
207
273
343
368
395
418
419
433
473
467
356
217
44
-140
-327
-496
-604
-628
-589
-561
-511
-447
-369
-244
-125
-52
75
209
324
315
205
98
15
-52
-114
-105
-42
60
146
192
220
253
338
389
440
481
522
585
600
546
408
200
10
-170
-338
-482
-545
-561
-532
-467
-374
-322
-289
-276
-209
-121
-24
99
245
321
298
219
147
41
-73
-124
-120
-62
35
167
271
361
490
546
571
599
587
586
577
498
308
101
-57
-196
-334
-465
-541
-543
-513
-469
-486
-475
-416
-349
-304
-208
-72
93
230
283
197
95
10
-109
-233
-276
-239
-137
-5
81
176
242
330
347
365
417
467
513
524
458
309
160
24
-143
-317
-463
-544
-584
-576
-549
-499
-415
-326
-219
-99
-15
72
185
304
284
175
83
16
-63
-130
-133
-126
-87
-1
55
106
144
221
273
328
380
437
525
547
444
274
77
-82
-258
-430
-594
-644
-588
-530
-480
-421
-359
-307
-271
-252
-211
-112
44
215
258
238
194
134
45
-73
-128
-154
-98
-21
68
162
237
353
432
475
516
512
541
553
470
277
76
-93
-236
-375
-515
-593
-574
-535
-505
-467
-446
-405
-308
-211
-123
0
164
282
295
193
48
-65
-146
-254
-291
-230
-64
84
188
250
301
371
413
438
439
468
529
525
459
350
210
73
-117
-292
-448
-521
-544
-527
-480
-415
-335
-264
-193
-120
-46
33
102
174
164
95
-2
-94
-157
-213
-216
-190
-118
-21
61
114
132
202
289
375
454
503
557
587
504
355
159
-22
-233
-430
-577
-615
-564
-470
-393
-351
-315
-258
-215
-209
-149
-24
138
293
312
261
193
119
2
-125
-157
-148
-97
20
112
179
263
361
418
423
455
494
523
532
473
307
117
-73
-263
-420
-534
-589
-591
-573
-548
-508
-466
-428
-348
-239
-85
64
210
341
341
211
87
-24
-112
-211
-222
-209
-90
66
198
284
360
456
495
508
507
496
549
580
486
357
219
68
-124
-313
-490
-587
-604
-596
-557
-489
-407
-332
-268
-175
-90
11
106
202
207
129
31
-53
-103
-164
-189
-177
-125
-46
4
69
136
222
287
376
462
543
636
682
596
416
209
-6
-200
-359
-506
-553
-533
-454
-392
-350
-326
-300
-249
-201
-134
3
168
296
299
237
150
29
-90
-212
-286
-307
-237
-152
-44
58
159
305
412
491
529
556
571
527
404
220
44
-112
-246
-373
-460
-480
-488
-503
-495
-478
-458
-420
-313
-210
-98
21
171
334
379
301
162
24
-103
-204
-199
-154
-82
30
126
220
291
380
394
390
437
461
511
545
497
337
174
34
-132
-338
-536
-635
-644
-594
-551
-514
-440
-347
-288
-225
-114
13
116
220
210
118
39
-17
-85
-166
-188
-157
-87
11
90
138
194
284
318
402
501
587
648
688
623
454
286
87
-122
-280
-441
-530
-553
-478
-401
-374
-345
-327
-298
-227
-156
-63
73
194
185
102
22
-64
-161
-252
-291
-298
-236
-124
-2
107
223
364
448
486
529
558
579
545
431
266
123
-2
-134
-279
-410
-462
-455
-450
-437
-414
-372
-342
-274
-166
-38
104
242
351
310
205
86
-44
-161
-252
-268
-249
-151
-30
88
187
236
276
315
328
333
383
459
543
512
381
194
18
-171
-351
-526
-598
-580
-525
-492
-438
-384
-281
-187
-109
-55
23
136
234
183
111
38
-17
-67
-146
-189
-165
-89
-7
29
58
147
274
356
428
497
583
665
655
552
410
200
-14
-223
-390
-542
-597
-578
-520
-448
-413
-388
-360
-306
-251
-188
-98
18
156
201
177
121
43
-45
-159
-205
-210
-142
-49
53
126
206
335
443
519
561
572
603
626
527
333
160
13
-142
-290
-411
-489
-511
-475
-439
-437
-419
-372
-312
-229
-129
22
162
288
272
161
54
-61
-200
-313
-339
-321
-211
-47
71
151
217
305
331
386
406
460
522
565
520
396
242
66
-129
-309
-473
-586
-623
-580
-544
-469
-355
-265
-183
-100
-13
91
194
308
293
185
86
36
-30
-78
-92
-91
-42
25
56
98
155
260
334
412
486
545
590
585
464
297
128
-48
-253
-451
-581
-619
-597
-560
-513
-428
-359
-350
-337
-283
-188
-66
61
185
243
222
170
66
-49
-140
-187
-211
-163
-60
51
167
281
391
474
555
594
605
627
636
547
370
185
10
-141
-283
-438
-495
-492
-472
-465
-484
-477
-450
-383
-306
-209
-46
123
238
234
129
6
-109
-209
-314
-328
-274
-137
1
100
193
288
397
424
432
458
507
566
583
529
388
210
55
-132
-300
-430
-496
-546
-520
-474
-397
-340
-296
-240
-124
-42
23
105
226
232
139
11
-64
-112
-195
-213
-190
-127
-24
34
82
148
266
362
422
459
522
564
592
500
311
120
-56
-230
-412
-545
-593
-592
-538
-482
-455
-397
-346
-300
-252
-164
-21
138
284
315
251
180
87
-54
-189
-232
-234
-137
16
165
275
332
403
447
508
562
581
601
583
505
360
188
8
-181
-343
-486
-558
-560
-529
-496
-513
-503
-458
-373
-261
-147
-16
153
300
257
145
17
-118
-236
-308
-321
-253
-116
14
112
204
281
365
399
453
469
479
562
627
566
439
284
123
-84
-284
-455
-554
-574
-573
-509
-422
-333
-240
-162
-86
-23
41
117
188
158
85
18
-44
-82
-140
-176
-177
-115
-45
-3
39
91
185
247
332
410
523
627
659
581
396
174
-22
-215
-389
-525
-549
-500
-440
-396
-334
-287
-235
-180
-162
-118
6
171
324
330
260
172
81
-30
-177
-244
-215
-124
-27
73
141
202
320
392
432
461
483
490
466
391
255
88
-61
-210
-347
-480
-549
-559
-539
-520
-514
-477
-413
-332
-217
-69
66
191
