0
11
33
76
141
200
270
342
402
453
466
479
462
458
458
447
466
499
540
587
612
638
638
643
633
589
563
534
514
513
507
509
503
510
510
516
542
564
588
611
608
601
595
604
607
617
642
661
693
731
762
791
815
851
871
901
952
1016
1090
1149
1201
1241
1283
1335
1366
1399
1431
1442
1437
1391
1340
1260
1192
1126
1042
987
934
889
848
794
757
709
683
656
615
610
615
628
650
656
657
644
639
625
610
618
631
656
682
702
724
741
766
765
748
734
711
696
671
644
605
562
518
446
377
316
253
198
129
56
-16
-67
-94
-122
-125
-124
-137
-153
-203
-239
-286
-304
-307
-309
-278
-231
-168
-87
-15
81
171
289
403
498
616
736
859
984
1092
1191
1270
1346
1394
1420
1456
1489
1523
1550
1562
1575
1564
1572
1566
1550
1527
1500
1473
1425
1376
1322
1266
1217
1158
1130
1109
1084
1068
1046
1015
979
945
922
878
856
839
824
819
792
768
732
710
682
639
604
569
538
520
486
473
432
402
341
246
168
97
41
9
-10
-4
25
98
187
288
414
531
639
723
779
817
827
828
795
754
724
692
674
654
646
640
650
679
705
749
807
861
912
941
955
946
934
919
876
853
835
815
805
773
752
715
689
654
595
551
514
493
498
498
523
532
562
585
596
625
648
667
683
688
685
664
650
627
605
610
617
625
624
618
614
606
605
575
530
485
422
356
274
194
99
29
-12
-40
-44
-22
6
15
2
-5
-37
-71
-89
-114
-99
-55
-4
77
146
221
274
325
357
364
375
392
414
459
487
530
550
586
603
601
603
582
551
515
461
416
378
370
362
364
402
452
512
560
588
596
591
600
605
633
686
739
796
832
860
868
873
877
860
842
829
813
799
768
738
692
658
628
576
555
547
544
559
563
572
565
574
588
591
620
647
671
699
705
722
713
710
686
639
600
564
544
543
551
571
585
609
612
599
591
568
539
492
426
346
262
198
126
64
12
-42
-71
-81
-53
-7
68
155
243
338
447
533
612
669
720
740
766
783
763
770
781
779
791
787
782
759
733
696
639
602
567
546
548
543
561
564
577
584
579
575
560
537
515
486
466
438
438
434
433
443
446
447
437
422
403
380
366
338
326
337
352
374
378
375
352
326
299
256
218
192
168
154
132
141
149
182
218
231
266
309
357
418
464
505
515
521
510
463
422
361
287
218
140
82
24
-5
-27
-43
-36
-18
18
67
112
158
192
235
260
274
298
315
331
334
328
318
315
334
350
389
453
520
593
647
693
728
762
794
799
794
781
751
718
640
573
495
426
349
264
214
179
159
170
173
201
219
275
325
359
420
478
517
548
542
532
501
482
459
444
463
488
516
550
573
582
568
543
491
421
356
276
200
112
27
-59
-131
-171
-209
-219
-199
-162
-93
-16
75
163
249
325
372
423
483
546
617
662
715
740
769
784
766
753
733
704
679
638
607
553
516
477
418
380
331
277
227
166
115
62
31
8
-7
4
15
27
29
13
-9
-49
-85
-138
-182
-192
-190
-167
-132
-75
-8
68
156
223
295
376
455
539
604
649
668
672
666
631
603
573
535
504
451
422
382
362
344
305
278
261
246
228
197
181
147
136
132
123
143
169
217
253
255
245
225
213
198
172
165
143
108
46
-46
-152
-271
-384
-495
-582
-623
-639
-629
-618
-601
-590
-569
-520
-471
-390
-280
-173
-56
52
159
259
357
446
501
557
608
650
691
697
706
691
691
693
685
694
706
716
727
714
714
693
692
685
658
653
645
636
629
609
591
566
551
521
483
466
452
444
430
406
384
360
354
337
324
328
329
334
327
319
300
280
268
236
207
174
124
76
21
-27
-82
-137
-192
-269
-321
-360
-388
-393
-411
-417
-446
-470
-502
-547
-566
-565
-542
-495
-454
-401
-364
-320
-276
-261
-224
-182
-138
-80
-17
55
110
188
259
313
386
453
511
553
567
561
547
540
514
491
485
483
499
510
528
537
542
535
499
461
435
404
385
356
342
331
336
350
344
353
350
323
287
226
180
134
114
108
98
111
120
124
127
100
82
38
14
-12
-45
-57
-72
-86
-105
-143
-191
-254
-306
-361
-408
-412
-392
-346
-291
-238
-191
-158
-128
-133
-149
-161
-186
-207
-236
-250
-261
-256
-236
-226
-206
-166
-114
-35
62
191
325
476
636
775
930
1071
1183
1282
1343
1396
1422
1450
1469
1468
1485
1501
1512
1517
1481
1439
1353
1268
1168
1065
996
933
886
872
860
861
866
896
912
923
959
978
1005
1011
1010
982
944
914
876
839
819
804
812
807
804
789
774
768
741
707
680
662
650
634
630
622
626
627
597
597
611
635
675
707
757
809
887
967
1030
1113
1187
1247
1299
1315
1333
1326
1330
1324
1309
1307
1298
1286
1263
1218
1162
1094
1047
1002
975
990
1026
1085
1150
1213
1267
1311
1356
1368
1366
1359
1339
1320
1286
1256
1216
1178
1143
1090
1037
985
927
871
795
736
668
626
592
539
508
477
434
388
321
256
181
124
75
20
0
-17
-41
-69
-130
-189
-273
-352
-445
-541
-614
-677
-725
-760
-790
-799
-809
-810
-813
-828
-845
-852
-823
-764
-674
-562
-439
-309
-210
-92
19
111
191
244
280
304
327
366
398
442
485
515
537
528
512
472
449
428
397
395
401
411
428
420
407
369
336
300
231
182
125
63
1
-84
-164
-255
-331
-413
-499
-565
-629
-684
-730
-772
-798
-822
-823
-835
-851
-851
-856
-851
-836
-802
-748
-676
-586
-516
-446
-374
-322
-278
-256
-240
-237
-238
-243
-271
-296
-315
-328
-328
-350
-360
-400
-425
-446
-474
-470
-453
-429
-391
-369
-345
-349
-347
-353
-382
-382
-381
-380
-371
-373
-360
-349
-324
-316
-322
-319
-319
-313
-309
-314
-310
-308
-287
-277
-271
-256
-253
-274
-306
-355
-410
-486
-557
-650
-735
-802
-859
-894
-941
-968
-993
-1030
-1061
-1102
-1134
-1154
-1169
-1171
-1173
-1140
-1109
-1039
-948
-859
-745
-637
-541
-449
-376
-296
-230
-149
-75
-35
27
75
114
157
181
197
201
211
207
192
194
198
213
230
244
272
306
365
420
484
578
680
792
898
1007
1111
1221
1348
1469
1609
1770
1925
2077
2208
2333
2462
2610
2780
2949
3155
3395
3666
3974
4278
4609
4923
5244
5545
5808
6057
6273
6455
6617
6734
6837
6890
6937
6962
6959
6978
6992
7000
7008
7007
7014
7020
7039
7039
7019
6995
6948
6892
6824
6746
6671
6586
6501
6382
6236
6078
5887
5672
5417
5137
4832
4522
4214
3882
3553
3252
2937
2626
2305
1990
1667
1356
1068
761
499
247
4
-243
-505
-751
-995
-1206
-1388
-1541
-1629
-1676
-1686
-1659
-1634
-1583
-1566
-1550
-1556
-1587
-1605
-1617
-1614
-1577
-1520
-1436
-1347
-1240
-1133
-1029
-908
-791
-678
-574
-479
-378
-275
-163
-79
-16
32
45
32
-17
-83
-169
-252
-315
-373
-397
-386
-363
-324
-286
-243
-211
-181
-158
-170
-169
-165
-164
-151
-158
-157
-182
-208
-252
-323
-383
-440
-488
-514
-546
-555
-587
-604
-635
-687
-722
-761
-803
-846
-897
-942
-990
-1021
-1059
-1101
-1126
-1157
-1186
-1224
-1277
-1346
-1439
-1533
-1645
-1734
-1766
-1753
-1694
-1626
-1556
-1512
-1492
-1488
-1506
-1502
-1462
-1394
-1289
-1173
-1050
-923
-784
-655
-552
-422
-297
-186
-77
-1
66
98
146
168
164
171
187
203
224
216
226
209
209
195
160
137
107
67
26
-13
-43
-67
-67
-76
-90
-90
-103
-125
-162
-221
-286
-366
-428
-497
-553
-586
-614
-628
-650
-668
-698
-728
-752
-787
-807
-807
-797
-769
-748
-724
-720
-712
-707
-735
-753
-779
-817
-853
-913
-977
-1068
-1152
-1239
-1339
-1410
-1469
-1518
-1551
-1597
-1611
-1628
-1608
-1578
-1536
-1463
-1383
-1288
-1173
-1040
-882
-722
-551
-404
-279
-153
-46
47
112
151
172
181
198
201
215
250
283
317
323
318
289
252
216
169
136
122
120
133
137
148
136
128
108
50
-12
-60
-112
-138
-175
-187
-207
-215
-226
-257
-272
-307
-333
-347
-399
-440
-495
-535
-581
-628
-664
-701
-741
-789
-849
-899
-944
-951
-948
-911
-824
-706
-558
-400
-238
-71
90
259
394
521
657
775
885
969
1043
1089
1117
1131
1123
1122
1134
1147
1168
1174
1195
1197
1209
1215
1197
1205
1227
1256
1299
1330
1369
1389
1412
1421
1390
1365
1322
1268
1218
1151
1104
1055
1032
1010
989
986
979
966
939
891
837
770
717
659
613
597
589
594
601
609
618
629
657
676
716
776
832
891
930
962
981
1003
1035
1056
1086
1128
1176
1237
1281
1337
1364
1388
1392
1364
1354
1350
1355
1388
1434
1504
1573
1661
1762
1829
1918
1997
2070
2130
2164
2207
2222
2261
2288
2314
2344
2380
2415
2448
2462
2461
2442
2434
2409
2381
2375
2368
2367
2346
2313
2259
2201
2137
2047
1963
1898
1832
1781
1724
1669
1622
1587
1560
1517
1481
1456
1442
1451
1449
1470
1475
1499
1526
1538
1570
1599
1614
1623
1611
1602
1562
1520
1460
1369
1302
1233
1163
1098
1015
934
841
762
677
591
527
464
408
356
308
285
277
299
321
353
410
471
545
622
705
781
847
910
944
988
1054
1127
1211
1284
1349
1400
1444
1481
1483
1478
1460
1428
1395
1333
1280
1204
1143
1081
998
922
840
753
675
590
531
468
436
407
363
351
336
306
281
241
182
113
70
23
-23
-45
-65
-83
-110
-144
-204
-282
-359
-441
-513
-559
-597
-615
-639
-661
-691
-725
-754
-804
-856
-905
-959
-1011
-1074
-1135
-1204
-1268
-1329
-1412
-1480
-1529
-1570
-1578
-1590
-1558
-1514
-1425
-1311
-1190
-1041
-891
-753
-628
-543
-466
-425
-378
-348
-346
-316
-278
-236
-195
-179
-178
-204
-233
-282
-346
-396
-446
-494
-550
-619
-689
-767
-832
-905
-965
-994
-1009
-995
-968
-910
-833
-740
-639
-573
-522
-490
-490
-513
-566
-627
-696
-756
-809
-883
-935
-970
-986
-973
-963
-920
-874
-797
-710
-641
-568
-514
-488
-495
-556
-626
-731
-823
-924
-1043
-1145
-1260
-1390
-1528
-1681
-1828
-1967
-2085
-2165
-2208
-2185
-2131
-2023
-1880
-1718
-1542
-1363
-1180
-1034
-893
-737
-612
-495
-396
-309
-251
-207
-179
-180
-187
-192
-205
-210
-226
-242
-273
-286
-291
-320
-336
-359
-393
-420
-476
-529
-600
-657
-700
-749
-771
-783
-789
-789
-816
-836
-890
-933
-983
-1039
-1061
-1071
-1073
-1071
-1079
-1089
-1107
-1111
-1121
-1129
-1104
-1068
-1019
-974
-943
-917
-898
-863
-839
-805
-751
-702
-649
-610
-567
-538
-515
-494
-499
-509
-526
-560
-597
-652
-705
-765
-802
-810
-822
-799
-773
-759
-749
-769
-793
-841
-885
-928
-974
-981
-966
-936
-895
-875
-838
-823
-794
-778
-776
-758
-742
-723
-707
-712
-727
-762
-788
-824
-860
-865
-861
-843
-816
-792
-760
-747
-733
-752
-774
-788
-803
-801
-824
-828
-830
-831
-848
-880
-912
-941
-977
-1018
-1069
-1109
-1155
-1176
-1174
-1173
-1120
-1050
-970
-884
-815
-761
-740
-728
-730
-759
-760
-752
-738
-709
-713
-723
-772
-820
-889
-974
-1046
-1121
-1189
-1248
-1297
-1312
-1300
-1242
-1171
-1094
-997
-908
-827
-763
-717
-681
-651
-608
-579
-537
-473
-408
-343
-310
-291
-296
-307
-322
-363
-412
-467
-531
-589
-657
-706
-757
-773
-769
-771
-732
-677
-626
-576
-563
-569
-606
-644
-692
-762
-800
-821
-822
-802
-805
-803
-826
-839
-866
-903
-925
-947
-957
-955
-945
-917
-886
-830
-781
-737
-683
-645
-612
-596
-588
-580
-564
-520
-485
-439
-371
-302
-250
-227
-201
-186
-157
-116
-95
-83
-79
-84
-111
-165
-214
-282
-332
-380
-440
-461
-469
-475
-463
-459
-445
-448
-452
-462
-479
-459
-429
-382
-322
-278
-232
-207
-183
-172
-181
-178
-186
-191
-202
-228
-251
-274
-272
-274
-279
-273
-284
-305
-348
-402
-460
-512
-550
-607
-656
-693
-737
-777
-829
-876
-921
-951
-967
-986
-985
-964
-937
-905
-900
-880
-876
-850
-813
-780
-709
-626
-546
-470
-427
-395
-398
-405
-426
-470
-474
-462
-432
-378
-327
-263
-216
-171
-153
-168
-196
-250
-316
-396
-491
-577
-658
-709
-755
-789
-804
-831
-872
-936
-997
-1041
-1049
-1008
-959
-879
-771
-662
-560
-498
-487
-500
-516
-533
-575
-596
-600
-596
-572
-556
-526
-522
-499
-462
-449
-413
-364
-314
-267
-238
-205
-181
-137
-91
-69
-17
35
85
125
150
174
185
204
203
191
185
159
131
104
69
48
14
-9
-45
-79
-97
-125
-155
-203
-255
-311
-356
-372
-384
-363
-316
-266
-208
-168
-142
-128
-110
-83
-73
-56
-42
-37
-32
-56
-70
-107
-123
-131
-145
-139
-130
-122
-111
-122
-124
-144
-143
-145
-175
-190
-215
-248
-279
-321
-359
-405
-443
-496
-568
-635
-713
-792
-870
-940
-984
-1007
-987
-954
-899
-815
-730
-644
-577
-525
-500
-492
-487
-505
-512
-506
-503
-489
-477
-452
-421
-374
-314
-269
-211
-147
-87
-21
1
24
11
0
-31
-85
-125
-181
-231
-259
-311
-358
-415
-443
-480
-537
-586
-638
-694
-745
-803
-841
-861
-833
-790
-721
-621
-516
-417
-333
-267
-204
-155
-103
-75
-56
-18
10
25
8
-31
-94
-156
-201
-253
-281
-283
-265
-219
-166
-105
-52
1
48
64
93
126
156
192
198
204
180
159
125
63
2
-67
-134
-184
-235
-246
-259
-237
-214
-203
-167
-130
-92
-56
-41
-43
-72
-105
-160
-230
-288
-353
-416
-487
-567
-639
-693
-707
-708
-681
-617
-537
-440
-356
-277
-218
-162
-107
-77
-42
4
48
98
134
166
184
202
216
198
200
208
211
219
201
185
137
93
42
-17
-74
-135
-191
-245
-319
-368
-434
-482
-532
-595
-655
-721
-793
-860
-919
-963
-996
-991
-982
-968
-926
-883
-836
-796
-771
-753
-727
-679
-638
-579
-501
-420
-337
-273
-226
-195
-172
-151
-154
-147
-125
-107
-84
-70
-46
-31
-6
12
-13
-34
-64
-100
-118
-147
-161
-182
-188
-198
-228
-242
-256
-262
-251
-253
-231
-227
-198
-165
-123
-45
44
139
227
289
330
339
344
330
315
328
347
372
385
377
348
296
244
174
114
77
45
29
9
1
-7
-2
14
23
42
72
98
128
141
158
153
154
154
126
117
105
78
49
-9
-66
-130
-171
-197
-231
-244
-263
-304
-339
-381
-409
-455
-462
-456
-442
-392
-327
-261
-193
-147
-102
-99
-104
-136
-178
-217
-265
-316
-362
-405
-438
-464
-465
-470
-468
-461
-457
-447
-455
-456
-463
-455
-427
-403
-368
-319
-270
-214
-185
-158
-153
-133
-107
-102
-77
-54
-44
-29
-31
-26
-34
-30
-28
-48
-46
-51
-57
-56
-76
-81
-95
-81
-63
-41
6
58
113
161
189
208
210
218
209
194
197
193
187
163
121
62
-11
-83
-177
-259
-311
-345
-352
-354
-345
-334
-310
-273
-248
-219
-188
-166
-142
-139
-117
-110
-77
-39
-24
4
23
29
36
22
5
-35
-66
-103
-160
-183
-193
-188
-162
-150
-136
-144
-151
-175
-199
-210
-236
-259
-285
-323
-362
-408
-431
-474
-508
-484
-450
-411
-380
-356
-352
-357
-363
-381
-382
-358
-332
-287
-244
-188
-140
-76
-4
49
103
156
205
271
323
397
452
515
574
614
661
699
720
732
715
694
651
621
587
536
519
505
485
453
382
291
173
56
-74
-208
-319
-424
-512
-589
-655
-686
-688
-651
-615
-576
-518
-461
-402
-355
-312
-274
-232
-172
-118
-38
65
164
258
329
388
427
458
484
483
487
491
492
503
493
505
505
527
552
561
592
627
656
677
663
648
612
599
591
573
592
614
631
640
622
591
537
485
417
339
280
226
185
131
73
11
-49
-108
-177
-239
-277
-310
-329
-351
-380
-400
-413
-424
-449
-454
-441
-423
-398
-380
-354
-329
-302
-269
-253
-216
-164
-113
-62
-44
-16
-17
-2
9
9
24
44
61
88
93
104
86
83
71
44
54
78
113
159
190
218
234
261
280
293
323
347
368
377
367
350
317
282
217
145
87
28
-17
-63
-97
-125
-139
-137
-150
-153
-147
-148
-140
-137
-129
-128
-124
-116
-128
-123
-120
-130
-148
-207
-268
-354
-422
-482
-546
-584
-613
-640
-664
-714
-756
-825
-875
-918
-955
-938
-885
-797
-676
-550
-425
-328
-246
-195
-161
-114
-67
-16
30
66
105
145
205
254
297
360
441
522
582
641
689
728
766
781
781
789
778
782
764
753
736
731
722
684
661
645
617
591
532
477
405
345
281
213
177
148
139
144
138
150
138
139
132
114
128
150
182
222
250
273
279
287
274
239
212
170
123
64
-4
-66
-122
-151
-179
-185
-158
-119
-68
-32
6
43
93
158
201
237
264
270
267
240
206
156
120
98
67
68
81
99
132
148
172
181
205
235
255
296
340
384
425
428
435
409
392
358
307
274
245
228
227
227
231
223
217
191
155
139
121
101
69
25
-21
-70
-107
-163
-215
-253
-293
-324
-366
-404
-454
-478
-485
-513
-534
-552
-588
-635
-705
-770
-851
-916
-941
-980
-974
-941
-895
-844
-812
-790
-793
-797
-803
-817
-786
-716
-597
-435
-260
-51
136
325
478
590
702
793
867
923
958
988
1012
1039
1047
1042
1053
1053
1048
1026
991
951
910
886
850
820
799
765
730
679
636
589
556
539
516
500
485
457
424
366
308
226
158
102
37
14
11
18
43
58
80
85
100
112
103
110
108
96
81
32
-14
-82
-132
-186
-249
-302
-364
-422
-473
-521
-555
-587
-591
-597
-603
-590
-574
-545
-510
-466
-415
-362
-293
-233
-154
-55
42
145
228
305
370
438
508
556
603
634
663
673
651
608
533
470
415
355
339
346
356
403
442
465
464
471
463
428
409
382
363
352
318
296
265
252
230
194
171
142
117
81
34
-11
-61
-99
-144
-190
-209
-226
-244
-275
-308
-337
-359
-365
-387
-404
-416
-443
-471
-517
-567
-629
-684
-723
-766
-798
-815
-812
-769
-711
-612
-520
-410
-315
-263
-214
-177
-149
-117
-101
-75
-52
9
99
193
328
468
602
728
817
895
947
1003
1042
1066
1093
1107
1110
1100
1074
1052
1022
1003
967
923
895
862
835
803
773
738
702
678
640
618
616
611
614
604
592
570
548
526
485
449
415
381
361
322
298
244
199
152
108
82
64
57
75
80
97
96
83
63
3
-22
-52
-63
-47
-7
69
160
278
396
497
600
684
754
814
853
893
930
995
1048
1111
1193
1270
1335
1371
1385
1385
1396
1429
1446
1477
1518
1548
1575
1579
1569
1545
1520
1502
1471
1460
1465
1473
1490
1474
1458
1403
1346
1272
1169
1074
980
887
806
717
652
583
547
517
476
474
482
494
514
528
550
567
598
617
627
656
686
721
750
766
778
779
796
803
820
857
890
922
929
919
885
838
790
719
662
628
601
588
567
542
508
472
432
366
315
279
255
249
219
196
145
105
69
30
17
19
33
60
96
164
206
270
330
361
408
450
487
516
520
543
550
572
588
609
646
675
699
711
697
668
621
587
543
506
479
453
439
410
377
323
259
197
113
42
-7
-40
-53
-53
-53
-61
-74
-92
-141
-181
-219
-262
-293
-336
-351
-369
-362
-352
-354
-338
-321
-301
-276
-271
-251
-260
-258
-269
-299
-307
-320
-336
-351
-377
-400
-427
-440
-463
-491
-497
-502
-499
-504
-526
-555
-590
-605
-626
-635
-617
-594
-568
-561
-560
-574
-589
-599
-625
-634
-622
-609
-589
-577
-558
-543
-519
-492
-482
-439
-378
-310
-227
-165
-95
-39
34
108
164
227
270
291
299
269
246
196
171
124
80
52
25
-23
-76
-145
-214
-280
-318
-358
-413
-432
-443
-462
-488
-516
-547
-584
-617
-682
-739
-775
-807
-827
-855
-881
-917
-955
-983
-1016
-1021
-994
-945
-867
-772
-651
-517
-364
-208
-85
34
126
189
240
254
262
242
222
189
130
80
28
-26
-74
-148
-200
-261
-289
-310
-332
-330
-326
-320
-316
-320
-315
-309
-280
-251
-209
-129
-40
58
147
220
292
373
488
614
764
941
1125
1321
1503
1681
1840
1997
2161
2314
2476
2652
2834
3031
3227
3441
3651
3879
4110
4313
4531
4742
4938
5137
5316
5498
5663
5827
5974
6084
6194
6283
6353
6411
6427
6442
6424
6414
6391
6364
6362
6362
6360
6344
6312
6278
6250
6222
6171
6101
6038
5947
5837
5701
5518
5323
5099
4864
4568
4262
3951
3631
3311
2972
2644
2326
2030
1755
1477
1209
954
691
440
181
-42
-267
-455
-625
-804
-950
-1083
-1213
-1320
-1408
-1453
-1475
-1448
-1390
-1329
-1233
-1140
-1058
-983
-943
-902
-890
-873
-874
-884
-878
-870
-853
-837
-834
-832
-838
-824
-813
-793
-745
-696
-643
-597
-560
-532
-513
-492
-492
-486
-466
-450
-425
-414
-399
-391
-383
-377
-396
-417
-431
-446
-453
-468
-454
-438
-391
-332
-287
-216
-146
-92
-49
-37
-31
-44
-45
-46
-64
-58
-54
-54
-56
-89
-118
-159
-176
-190
-200
-185
-169
-155
-155
-181
-217
-266
-301
-341
-381
-405
-416
-409
-412
-411
-399
-387
-370
-387
-418
-452
-501
-528
-574
-608
-641
-658
-665
-683
-687
-672
-650
-617
-604
-580
-578
-556
-540
-549
-537
-534
-542
-551
-581
-600
-627
-634
-643
-666
-659
-642
-631
-618
-627
-638
-669
-691
-716
-735
-719
-684
-628
-563
-509
-459
-428
-396
-385
-381
-363
-343
-312
-281
-246
-212
-177
-137
-122
-103
-68
-32
19
61
102
137
172
210
225
236
238
228
218
180
157
112
84
62
27
16
13
7
3
-21
-41
-84
-118
-163
-235
-281
-328
-371
-400
-431
-453
-488
-520
-570
-628
-668
-704
-721
-720
-712
-691
-674
-645
-632
-624
-598
-574
-536
-493
-434
-386
-315
-234
-170
-116
-57
-17
16
34
60
89
121
170
211
249
287
328
377
395
425
419
428
428
410
411
423
445
483
504
545
567
605
633
632
655
680
703
726
726
712
680
637
566
479
408
338
276
214
142
73
5
-48
-121
-196
-247
-286
-298
-294
-263
-216
-149
-63
7
87
177
260
348
429
516
601
694
794
877
972
1064
1143
1217
1252
1285
1285
1282
1260
1213
1185
1166
1162
1177
1182
1204
1204
1221
1230
1220
1239
1265
1297
1335
1358
1373
1366
1359
1340
1322
1339
1377
1446
1537
1635
1738
1831
1924
1979
2005
2019
2005
1984
1941
1897
1854
1827
1826
1821
1834
1855
1869
1879
1880
1860
1829
1803
1793
1765
1764
1776
1770
1778
1767
1764
1725
1702
1678
1651
1657
1675
1717
1784
1843
1928
1999
2087
2167
2216
2287
2349
2416
2476
2521
2561
2591
2621
2634
2629
2628
2622
2621
2613
2600
2595
2593
2608
2606
2598
2598
2586
2574
2543
2511
2468
2433
2412
2383
2371
2373
2367
2353
2315
2267
2202
2137
2073
1989
1937
1906
1890
1893
1880
1872
1842
1818
1790
1747
1716
1681
1647
1616
1557
1497
1389
1265
1094
880
664
448
261
124
31
-12
-17
35
118
231
385
542
696
832
951
1060
1157
1261
1346
1429
1522
1602
1673
1713
1739
1747
1757
1773
1768
1765
1770
1778
1797
1801
1794
1757
1708
1644
1564
1526
1490
1457
1445
1412
1381
1332
1286
1237
1176
1149
1115
1091
1071
1027
989
911
837
753
653
567
479
396
323
255
195
131
94
48
-8
-45
-89
-124
-161
-199
-236
-261
-268
-284
-298
-296
-299
-301
-327
-358
-401
-442
-477
-524
-564
-598
-643
-693
-766
-835
-911
-960
-989
-1029
-1034
-1031
-1028
-1011
-996
-956
-910
-843
-777
-734
-684
-647
-615
-577
-559
-526
-509
-474
-444
-421
-380
-341
-308
-287
-290
-301
-325
-329
-333
-332
-310
-293
-279
-279
-293
-315
-342
-356
-384
-406
-415
-430
-441
-468
-497
-538
-570
-586
-605
-610
-600
-588
-571
-577
-581
-610
-631
-659
-714
-746
-766
-775
-781
-784
-770
-766
-762
-753
-760
-743
-721
-690
-658
-661
-661
-673
-688
-716
-754
-789
-852
-929
-1026
-1125
-1205
-1272
-1307
-1337
-1357
-1354
-1366
-1378
-1414
-1470
-1530
-1583
-1603
-1616
-1602
-1557
-1485
-1376
-1246
-1103
-970
-846
-738
-663
-597
-535
-481
-419
-372
-308
-268
-221
-188
-191
-176
-153
-126
-88
-63
-33
-19
-1
-5
-57
-107
-172
-237
-286
-346
-393
-446
-479
-514
-551
-569
-583
-583
-570
-551
-512
-468
-403
-358
-331
-308
-306
-311
-328
-345
-358
-363
-354
-366
-371
-360
-341
-298
-259
-223
-200
-184
-174
-186
-194
-196
-197
-194
-219
-242
-294
-334
-367
-407
-410
-393
-366
-323
-291
-252
-237
-221
-227
-267
-284
-301
-335
-364
-414
-450
-488
-495
-489
-501
-499
-498
-508
-542
-581
-609
-638
-638
-647
-638
-596
-555
-517
-498
-495
-509
-547
-581
-645
-693
-723
-745
-746
-740
-722
-703
-682
-664
-655
-629
-595
-559
-514
-497
-468
-459
-429
-390
-361
-314
-265
-223
-182
-167
-150
-158
-158
-170
-208
-220
-237
-259
-277
-305
-325
-350
-362
-386
-419
-438
-462
-488
-524
-575
-625
-677
-706
-738
-757
-748
-736
-724
-728
-739
-756
-766
-755
-749
-719
-670
-625
-574
-533
-497
-476
-464
-463
-501
-545
-597
-660
-721
-813
-890
-977
-1033
-1073
-1112
-1126
-1133
-1139
-1139
-1145
-1109
-1059
-954
-824
-698
-539
-382
-231
-88
16
100
157
220
249
256
271
265
248
220
173
112
43
-13
-92
-153
-177
-181
-158
-139
-116
-92
-65
-34
-30
-23
-9
1
16
18
16
-7
-38
-66
-119
-151
-178
-200
-211
-225
-213
-207
-186
-166
-164
-156
-160
-178
-200
-246
-266
-291
-285
-284
-307
-322
-358
-416
-487
-578
-672
-775
-871
-979
-1089
-1167
-1229
-1266
-1286
-1293
-1279
-1251
-1191
-1130
-1055
-957
-862
-766
-685
-604
-531
-449
-357
-279
-192
-94
1
102
191
273
340
405
459
469
477
472
448
425
372
326
266
226
193
156
141
132
128
134
120
122
102
103
96
73
68
57
45
30
-2
-40
-95
-143
-203
-258
-292
-307
-294
-288
-303
-318
-345
-377
-436
-494
-549
-611
-675
-742
-824
-925
-1027
-1131
-1271
-1413
-1559
-1699
-1810
-1880
-1880
-1812
-1657
-1433
-1194
-902
-602
-334
-90
88
240
348
443
516
565
626
691
755
821
850
875
860
858
847
827
829
832
840
847
835
816
778
740
679
604
545
480
415
341
259
176
87
3
-98
-190
-258
-313
-346
-376
-397
-430
-464
-492
-529
-547
-541
-521
-481
-444
-397
-360
-310
-260
-243
-215
-195
-195
-201
-240
-282
-342
-391
-441
-512
-571
-644
-726
-805
-903
-971
-1036
-1054
-1042
-997
-894
-758
-591
-408
-232
-71
52
156
217
245
273
289
304
313
315
308
293
298
291
287
311
339
382
417
463
509
540
566
585
586
567
531
490
421
360
276
215
164
94
49
12
-28
-57
-111
-150
-196
-215
-222
-233
-206
-166
-126
-82
-63
-38
-34
-14
-15
-26
-21
-15
1
20
33
50
55
65
53
28
12
-17
-47
-85
-125
-166
-214
-266
-358
-469
-587
-722
-858
-1015
-1178
-1358
-1536
-1700
-1861
-1987
-2062
-2083
-2038
-1949
-1797
-1625
-1417
-1196
-994
-769
-548
-349
-167
-25
99
188
268
330
366
429
497
572
658
722
787
820
848
848
830
818
798
777
747
700
652
593
546
483
413
367
327
299
271
243
216
193
184
155
131
120
91
72
37
17
-20
-53
-79
-127
-180
-236
-297
-356
-411
-432
-474
-492
-511
-556
-587
-633
-702
-775
-880
-980
-1076
-1124
-1131
-1104
-992
-824
-605
-352
-121
98
267
414
517
593
664
736
812
879
913
927
908
878
814
736
673
607
550
495
446
403
373
363
343
332
332
320
302
261
209
144
78
17
-56
-115
-158
-195
-219
-266
-297
-343
-358
-355
-355
-329
-304
-290
-280
-295
-305
-329
-325
-310
-304
-264
-226
-189
-144
-118
-97
-97
-98
-124
-178
-239
-321
-412
-512
-621
-720
-814
-886
-965
-1044
-1111
-1191
-1265
-1337
-1382
-1382
-1313
-1162
-975
-741
-478
-222
22
219
371
468
529
557
547
549
538
510
493
459
437
398
393
392
397
418
453
475
504
513
536
527
526
507
465
443
419
391
365
328
286
224
173
124
76
60
49
52
47
21
-21
-84
-147
-228
-314
-379
-433
-462
-482
-486
-483
-468
-436
-418
-391
-359
-340
-321
-321
-338
-370
-398
-415
-437
-427
-392
-342
-273
-225
-162
-117
-50
19
70
133
194
248
297
317
345
351
378
402
406
429
444
451
457
446
433
411
397
372
334
310
284
263
237
205
182
163
164
151
136
132
113
87
40
-13
-73
-124
-157
-197
-219
-224
-231
-232
-237
-236
-233
-220
-201
-205
-195
-186
-185
-188
-226
-238
-268
-297
-327
-365
-384
-403
-418
-420
-452
-473
-495
-508
-536
-578
-589
-608
-635
-676
-727
-777
-825
-850
-866
-859
-793
-704
-581
-446
-316
-189
-81
24
100
158
215
255
289
304
320
311
295
284
262
262
288
320
362
392
421
441
467
490
479
479
473
458
444
402
363
306
265
229
181
149
120
100
97
79
77
47
31
2
-47
-76
-102
-123
-137
-150
-154
-160
-154
-160
-174
-173
-178
-184
-197
-219
-241
-264
-272
-292
-304
-293
-277
-248
-230
-208
-197
-183
-161
-156
-150
-144
-153
-169
-215
-286
-398
-524
-669
-855
-1025
-1187
-1343
-1474
-1601
-1688
-1748
-1755
-1723
-1685
-1588
-1475
-1341
-1211
-1100
-958
-824
-657
-492
-349
-212
-69
76
207
333
478
623
786
926
1039
1158
1257
1335
1381
1397
1390
1365
1337
1282
1229
1189
1137
1087
1017
946
855
767
682
587
505
430
349
275
193
124
45
-21
-79
-151
-187
-203
-209
-196
-193
-179
-177
-168
-166
-185
-187
-193
-200
-202
-229
-245
-281
-301
-328
-359
-364
-351
-310
-246
-178
-103
-39
27
66
89
122
140
148
143
128
111
94
90
76
81
114
155
205
239
270
287
304
324
330
346
380
423
476
508
540
540
536
518
463
423
389
359
347
327
314
289
272
248
201
172
139
102
67
9
-36
-96
-121
-167
-228
-279
-337
-407
-483
-567
-661
-745
-807
-848
-872
-838
-781
-695
-617
-553
-496
-440
-379
-336
-283
-216
-149
-85
-45
-13
4
5
2
-25
-48
-74
-109
-148
-206
-246
-302
-340
-371
-416
-433
-437
-435
-411
-386
-336
-283
-207
-132
-83
-16
42
91
144
174
209
228
251
249
222
198
162
124
78
20
-32
-85
-113
-139
-154
-130
-85
-12
68
149
225
299
383
446
511
585
652
723
768
791
778
746
702
633
567
518
486
478
463
475
471
486
503
504
528
556
579
604
611
621
613
617
616
586
576
558
530
498
444
395
337
302
269
243
235
219
218
212
177
143
110
93
73
65
86
105
120
135
123
87
33
-17
-103
-189
-265
-327
-359
-374
-363
-329
-263
-166
-72
52
199
344
488
597
708
785
859
909
925
944
948
944
933
911
908
899
912
925
918
938
949
951
953
941
938
930
935
928
912
908
902
902
897
878
856
819
792
752
712
694
674
658
630
601
566
527
489
423
363
319
284
274
271
283
302
333
377
409
452
492
525
568
594
639
662
694
715
716
732
756
790
835
860
892
898
918
930
915
912
890
858
832
796
767
740
741
750
765
800
832
860
875
872
871
845
840
811
787
768
756
756
748
736
717
701
683
663
661
655
645
650
644
636
618
593
574
531
499
470
440
419
376
344
297
263
230
179
140
98
52
1
-75
-140
-215
-248
-274
-309
-310
-309
-312
-320
-343
-364
-389
-393
-395
-391
-357
-316
-265
-213
-168
-126
-101
-71
-60
-50
-27
-8
11
12
3
-28
-69
-112
-183
-254
-325
-407
-480
-549
-602
-643
-657
-647
-646
-619
-582
-550
-508
-481
-436
-408
-373
-350
-352
-354
-370
-395
-416
-454
-469
-499
-500
-496
-489
-446
-397
-349
-304
-278
-259
-258
-255
-268
-289
-285
-277
-259
-249
-253
-264
-291
-318
-368
-417
-448
-478
-491
-508
-497
-497
-490
-470
-457
-438
-409
-383
-372
-360
-349
-340
-337
-322
-335
-323
-310
-310
-304
-322
-342
-382
-410
-439
-473
-491
-503
-517
-520
-560
-588
-645
-682
-732
-791
-820
-835
-827
-805
-785
-762
-751
-735
-737
-743
-721
-687
-632
-565
-494
-419
-351
-281
-239
-210
-176
-153
-123
-102
-74
-57
-38
-13
-2
12
27
26
17
-14
-44
-80
-100
-115
-155
-174
-194
-222
-241
-270
-275
-273
-238
-182
-122
-24
94
231
388
530
696
845
1015
1176
1326
1499
1677
1863
2053
2236
2424
2603
2789
2958
3118
3296
3475
3669
3871
4086
4322
4568
4831
5075
5317
5561
5784
5991
6159
6308
6436
6565
6686
6768
6856
6946
7007
7059
7091
7116
7119
7134
7150
7138
7140
7151
7125
7087
7008
6929
6826
6721
6602
6462
6334
6195
6040
5870
5656
5435
5166
4898
4614
4307
4009
3708
3410
3117
2818
2526
2232
1963
1685
1415
1174
952
756
573
406
258
125
14
-102
-203
-280
-351
-405
-464
-514
-572
-625
-669
-720
-762
-791
-817
-833
-864
-883
-920
-942
-959
-992
-990
-972
-948
-912
-889
-857
-836
-797
-758
-741
-704
-677
-664
-655
-682
-711
-769
-826
-900
-981
-1041
-1089
-1117
-1128
-1124
-1091
-1045
-970
-896
-817
-717
-623
-534
-462
-409
-374
-353
-329
-329
-320
-295
-281
-268
-271
-268
-263
-245
-209
-177
-138
-100
-76
-58
-91
-106
-149
-178
-222
-281
-314
-341
-370
-389
-427
-474
-521
-532
-541
-558
-530
-495
-457
-410
-392
-367
-368
-370
-397
-440
-479
-528
-583
-633
-696
-758
-833
-898
-972
-1041
-1086
-1129
-1164
-1205
-1230
-1247
-1250
-1215
-1163
-1069
-939
-804
-666
-556
-466
-397
-330
-262
-215
-177
-151
-142
-133
-156
-173
-221
-259
-298
-353
-383
-403
-420
-430
-454
-466
-491
-500
-508
-530
-507
-463
-397
-309
-224
-129
-50
32
91
122
144
133
95
33
-47
-121
-198
-254
-315
-369
-394
-418
-440
-476
-522
-579
-635
-673
-716
-730
-713
-685
-638
-592
-539
-488
-430
-366
-321
-275
-233
-195
-154
-146
-138
-168
-193
-222
-268
-285
-291
-277
-263
-260
-252
-258
-255
-256
-270
-268
-251
-228
-195
-188
-173
-178
-189
-232
-311
-384
-457
-521
-577
-624
-654
-675
-685
-706
-733
-735
-742
-736
-720
-674
-609
-522
-415
-326
-227
-128
-53
13
56
92
123
169
231
280
341
407
471
538
567
594
588
595
603
598
608
620
637
668
692
738
772
827
872
889
922
944
954
957
938
912
870
834
784
724
678
625
573
519
462
416
369
340
298
266
268
289
333
375
419
454
490
535
561
599
653
710
779
839
887
916
940
958
943
937
937
943
966
976
1006
1019
1045
1071
1088
1132
1191
1257
1330
1381
1437
1460
1506
1551
1562
1593
1629
1662
1697
1721
1737
1735
1733
1725
1698
1700
1706
1731
1755
1765
1781
1804
1847
1880
1919
1980
2045
2118
2165
2199
2221
2233
2248
2249
2257
2276
2284
2289
2273
2261
2231
2200
2158
2093
2058
2044
2047
2079
2108
2165
2217
2285
2351
2399
2456
2504
2547
2592
2604
2620
2602
2593
2567
2517
2482
2439
2385
2320
2240
2163
2085
2024
1954
1876
1814
1750
1698
1657
1629
1627
1649
1714
1794
1904
2043
2183
2330
2465
2594
2697
2781
2852
2895
2935
2975
2993
2995
2967
2920
2840
2746
2641
2505
2391
2289
2196
2124
2042
1974
1893
1818
1726
1603
1486
1367
1255
1166
1080
1038
1000
1000
1003
997
1009
992
966
922
851
764
685
629
571
515
491
470
455
442
435
418
401
407
407
414
447
477
516
529
527
500
470
444
407
373
359
343
337
329
332
331
346
358
338
336
334
334
334
307
280
232
189
139
72
23
-27
-76
-118
-178
-221
-280
-313
-344
-376
-390
-414
-444
-482
-532
-577
-620
-639
-665
-699
-726
-769
-827
-903
-992
-1087
-1189
-1280
-1387
-1484
-1558
-1617
-1652
-1684
-1700
-1716
-1715
-1694
-1662
-1597
-1504
-1404
-1299
-1218
-1146
-1111
-1088
-1085
-1119
-1136
-1148
-1158
-1146
-1130
-1090
-1047
-981
-908
-851
-775
-708
-652
-602
-583
-557
-551
-528
-513
-506
-486
-475
-472
-487
-530
-582
-650
-703
-760
-810
-847
-882
-914
-953
-1004
-1056
-1099
-1135
-1170
-1173
-1150
-1123
-1054
-966
-862
-767
-695
-637
-612
-602
-602
-612
-625
-657
-689
-736
-776
-809
-870
-911
-946
-972
-980
-987
-964
-934
-867
-795
-750
-685
-624
-570
-519
-505
-497
-516
-530
-562
-605
-632
-663
-694
-733
-790
-850
-922
-978
-1043
-1106
-1149
-1189
-1211
-1229
-1245
-1257
-1265
-1258
-1257
-1230
-1171
-1103
-1027
-969
-919
-885
-858
-833
-825
-813
-792
-763
-717
-682
-627
-591
-547
-516
-523
-527
-542
-568
-585
-613
-629
-654
-663
-673
-703
-704
-704
-709
-716
-755
-802
-872
-930
-988
-1037
-1059
-1070
-1061
-1043
-1034
-1024
-1026
-1020
-1029
-1038
-1022
-996
-960
-927
-896
-864
-852
-842
-851
-862
-868
-878
-881
-901
-922
-949
-986
-1015
-1063
-1110
-1154
-1199
-1219
-1228
-1193
-1154
-1079
-994
-921
-826
-736
-660
-584
-542
-510
-505
-497
-495
-525
-537
-567
-609
-665
-753
-855
-971
-1068
-1159
-1235
-1275
-1298
-1308
-1323
-1358
-1402
-1459
-1499
-1541
-1566
-1553
-1521
-1462
-1391
-1308
-1221
-1128
-1021
-931
-837
-741
-662
-584
-518
-450
-382
-309
-239
-205
-188
-191
-215
-243
-302
-351
-420
-468
-507
-542
-539
-520
-503
-492
-515
-543
-598
-635
-674
-730
-756
-779
-802
-821
-855
-889
-925
-937
-942
-934
-895
-853
-813
-787
-781
-782
-800
-816
-851
-876
-863
-827
-762
-691
-620
-568
-529
-495
-510
-524
-532
-565
-614
-672
-727
-784
-827
-849
-885
-898
-897
-873
-837
-812
-760
-717
-666
-615
-588
-545
-516
-502
-500
-525
-535
-559
-563
-551
-539
-491
-438
-395
-358
-348
-355
-388
-417
-463
-511
-543
-572
-587
-597
-614
-626
-642
-647
-671
-699
-716
-735
-740
-747
-749
-757
-764
-770
-809
-850
-882
-914
-935
-959
-980
-1003
-1019
-1029
-1062
-1078
-1095
-1125
-1157
-1219
-1271
-1335
-1370
-1380
-1376
-1330
-1267
-1195
-1110
-1043
-960
-898
-816
-738
-671
-568
-458
-350
-251
-178
-119
-77
-29
5
24
51
67
79
81
67
48
19
0
-38
-80
-107
-132
-140
-149
-145
-144
-136
-119
-128
-142
-168
-221
-284
-367
-449
-524
-583
-646
-728
-787
-836
-888
-928
-977
-1020
-1068
-1070
-1065
-1071
-1042
-998
-953
-898
-877
-843
-838
-813
-785
-750
-677
-595
-522
-451
-404
-365
-349
-335
-345
-362
-360
-357
-339
-315
-278
-227
-184
-136
-122
-128
-138
-159
-169
-175
-156
-126
-80
-21
23
64
95
104
103
82
59
25
4
-10
-47
-59
-60
-56
-42
-56
-78
-127
-167
-203
-244
-259
-270
-280
-289
-333
-373
-445
-507
-586
-676
-747
-819
-890
-958
-1024
-1079
-1133
-1172
-1223
-1276
-1293
-1291
-1265
-1234
-1211
-1195
-1188
-1173
-1180
-1188
-1178
-1160
-1121
-1078
-1013
-942
-849
-739
-638
-537
-441
-371
-322
-311
-310
-333
-344
-341
-346
-328
-298
-279
-246
-244
-239
-240
-228
-212
-207
-182
-165
-134
-95
-90
-71
-81
-91
-124
-190
-259
-332
-406
-481
-558
-618
-667
-674
-666
-644
-590
-540
-495
-461
-446
-439
-442
-433
-448
-452
-446
-447
-445
-448
-437
-426
-403
-368
-341
-307
-268
-238
-213
-216
-222
-256
-281
-303
-350
-371
-387
-402
-404
-416
-417
-423
-408
-386
-382
-355
-331
-308
-280
-275
-259
-258
-241
-238
-250
-255
-268
-279
-288
-299
-297
-291
-261
-238
-216
-176
-142
-112
-99
-101
-110
-121
-120
-135
-141
-134
-135
-140
-174
-215
-263
-304
-338
-385
-425
-453
-476
-488
-517
-533
-567
-585
-601
-632
-629
-614
-601
-585
-588
-588
-616
-630
-625
-641
-628
-596
-543
-474
-421
-365
-361
-366
-416
-489
-586
-699
-804
-880
-937
-959
-971
-958
-968
-994
-1016
-1047
-1060
-1060
-1049
-1017
-965
-893
-828
-757
-675
-608
-551
-531
-528
-542
-550
-552
-561
-547
-509
-456
-392
-352
-303
-273
-224
-169
-129
-57
32
131
244
344
447
525
602
656
665
679
673
650
622
566
512
446
398
341
274
215
152
98
54
8
-29
-69
-88
-119
-157
-181
-207
-227
-256
-293
-343
-403
-455
-518
-556
-563
-556
-529
-502
-465
-426
-381
-330
-291
-239
-182
-131
-82
-72
-67
-98
-121
-146
-184
-197
-199
-192
-174
-171
-161
-171
-171
-184
-228
-254
-291
-338
-364
-393
-417
-440
-445
-457
-473
-466
-451
-437
-425
-398
-372
-354
-315
-280
-255
-221
-210
-208
-237
-290
-369
-453
-522
-598
-662
-697
-722
-725
-723
-708
-684
-639
-582
-539
-480
-414
-345
-270
-241
-220
-239
-256
-283
-330
-366
-404
-444
-477
-522
-550
-594
-621
-654
-709
-739
-769
-794
-804
-812
-805
-791
-749
-697
-628
-523
-408
-287
-175
-90
-23
20
64
88
107
137
157
171
162
140
102
62
36
1
-14
-8
1
20
33
50
65
83
99
81
63
37
1
-31
-88
-126
-179
-215
-252
-306
-352
-404
-462
-513
-580
-623
-673
-683
-672
-651
-586
-512
-433
-350
-279
-212
-150
-85
-17
38
115
170
220
261
285
309
335
381
406
444
491
506
505
472
420
349
267
183
88
7
-61
-124
-167
-204
-227
-250
-263
-275
-316
-353
-390
-426
-439
-459
-450
-454
-435
-414
-414
-414
-430
-458
-486
-536
-564
-604
-615
-623
-641
-628
-612
-594
-573
-555
-531
-504
-455
-414
-383
-342
-316
-303
-309
-337
-366
-394
-395
-400
-393
-365
-336
-298
-273
-250
-246
-242
-232
-234
-225
-209
-201
-197
-212
-237
-281
-322
-360
-417
-440
-444
-440
-417
-407
-387
-383
-362
-338
-326
-301
-284
-276
-268
-280
-264
-253
-209
-162
-120
-55
11
78
140
192
245
286
333
361
372
388
388
377
338
274
217
142
74
0
-57
-91
-113
-112
-133
-137
-158
-168
-187
-218
-241
-237
-225
-201
-185
-165
-170
-171
-167
-176
-144
-104
-73
-29
12
67
121
185
247
280
315
323
313
296
242
190
112
64
31
21
59
115
180
243
289
321
328
331
314
284
265
236
200
143
68
-16
-104
-174
-247
-300
-326
-342
-339
-340
-329
-324
-309
-283
-265
-243
-218
-199
-178
-174
-167
-172
-159
-138
-144
-134
-134
-156
-184
-237
-284
-335
-367
-397
-439
-456
-465
-466
-458
-470
-461
-460
-431
-400
-367
-311
-250
-178
-103
-34
41
110
192
256
310
377
438
497
540
564
567
552
540
502
457
440
429
421
408
408
398
391
390
377
367
354
355
347
320
301
268
233
185
92
17
-57
-130
-187
-242
-267
-271
-239
-179
-115
-18
78
163
239
285
334
363
415
469
520
584
626
655
660
631
586
526
491
466
461
496
542
600
651
692
717
726
739
733
732
740
743
752
745
729
687
633
575
502
440
398
373
376
380
413
440
495
561
610
672
724
761
801
828
866
896
947
1002
1037
1096
1148
1177
1184
1146
1098
1026
968
905
844
810
781
762
739
706
680
649
639
631
639
680
728
784
833
876
913
948
991
1009
1024
1039
1037
1031
1013
976
947
917
899
846
788
721
643
568
479
409
313
255
215
154
125
115
109
113
97
81
59
52
37
-3
-11
-18
-22
-26
-49
-73
-112
-149
-188
-215
-203
-177
-127
-71
-19
36
68
95
96
86
83
68
54
27
-4
-42
-82
-114
-171
-229
-283
-344
-389
-427
-445
-451
-441
-416
-403
-380
-355
-345
-347
-399
-462
-563
-652
-738
-830
-890
-933
-966
-985
-1018
-1040
-1072
-1072
-1057
-1041
-976
-899
-822
-743
-681
-616
-557
-481
-412
-347
-257
-159
-53
48
128
193
227
246
224
175
115
29
-67
-175
-272
-351
-390
-381
-362
-316
-249
-186
-122
-78
-46
-29
-16
0
-4
2
5
-6
-7
-57
-109
-188
-246
-300
-361
-394
-436
-457
-462
-474
-491
-532
-566
-600
-647
-659
-655
-640
-624
-622
-618
-620
-603
-602
-614
-616
-616
-616
-610
-609
-601
-602
-595
-615
-642
-647
-653
-657
-675
-692
-710
-712
-694
-690
-678
-662
-666
-681
-713
-743
-771
-782
-771
-763
-728
-681
-632
-571
-535
-487
-464
-428
-386
-341
-263
-173
-79
16
76
127
131
132
106
48
6
-41
-93
-147
-218
-289
-366
-427
-492
-556
-593
-624
-640
-649
-652
-637
-609
-549
-483
-392
-255
-85
125
355
610
867
1129
1395
1638
1880
2111
2311
2491
2642
2777
2897
3025
3173
3320
3508
3722
3952
4200
4422
4642
4825
4994
5172
5352
5548
5757
5982
6208
6401
6596
6750
6903
7022
7121
7210
7280
7325
7358
7363
7355
7332
7320
7285
7232
7185
7119
7042
6949
6828
6691
6545
6397
6225
6052
5892
5735
5586
5419
5240
5037
4812
4579
4308
4028
3738
3427
3108
2770
2430
2082
1752
1442
1127
852
597
351
123
-110
-315
-513
-671
-799
-907
-962
-987
-990
-979
-992
-990
-1012
-1021
-1044
-1081
-1090
-1084
-1059
-1021
-989
-964
-962
-958
-975
-998
-992
-973
-936
-892
-844
-786
-726
-655
-610
-578
-549
-540
-535
-550
-566
-593
-612
-614
-623
-620
-608
-600
-587
-588
-589
-609
-625
-638
-669
-671
-666
-667
-666
-689
-712
-753
-787
-825
-882
-921
-958
-1016
-1061
-1136
-1192
-1277
-1329
-1375
-1413
-1416
-1396
-1355
-1308
-1248
-1174
-1120
-1055
-997
-953
-910
-891
-897
-920
-956
-987
-1008
-1001
-994
-961
-900
-823
-741
-678
-626
-594
-559
-510
-471
-422
-362
-303
-230
-182
-141
-134
-134
-143
-181
-194
-208
-233
-258
-304
-349
-417
-478
-540
-614
-651
-665
-646
-589
-532
-441
-361
-268
-194
-141
-89
-54
-28
-14
-16
-20
-32
-27
-33
-50
-59
-81
-110
-151
-197
-241
-280
-299
-324
-332
-321
-318
-319
-352
-398
-463
-521
-559
-589
-592
-571
-542
-508
-504
-509
-550
-584
-612
-654
-667
-669
-665
-646
-639
-630
-639
-640
-641
-659
-649
-637
-620
-591
-578
-549
-529
-493
-462
-440
-394
-369
-350
-346
-350
-357
-365
-347
-356
-361
-355
-356
-362
-359
-351
-337
-321
-303
-300
-287
-265
-252
-235
-233
-222
-224
-219
-214
-219
-223
-212
-193
-160
-155
-150
-187
-231
-283
-360
-411
-444
-461
-454
-442
-405
-367
-301
-232
-190
-137
-105
-95
-93
-111
-116
-131
-132
-137
-142
-132
-128
-120
-111
-106
-88
-65
-17
25
62
103
122
123
99
59
15
-19
-24
-30
-10
42
109
196
277
355
427
507
605
699
809
922
1017
1092
1110
1109
1063
1022
983
940
938
958
989
1036
1074
1125
1167
1233
1299
1339
1395
1430
1445
1453
1444
1450
1460
1499
1542
1584
1637
1676
1710
1732
1729
1737
1746
1756
1745
1734
1730
1714
1694
1653
1601
1540
1491
1439
1372
1316
1292
1282
1296
1317
1357
1399
1447
1497
1521
1553
1595
1639
1693
1730
1775
1791
1818
1837
1843
1869
1899
1922
1951
1953
1969
1966
1981
1990
1978
1987
1991
1991
1999
1997
2001
1998
2006
2006
1998
2006
2013
2028
2045
2058
2086
2126
2202
2284
2383
2513
2645
2777
2883
2962
3005
3023
3022
2981
2936
2896
2847
2800
2741
2679
2606
2536
2470
2389
2328
2280
2241
2220
2183
2174
2168
2207
2271
2340
2430
2516
2589
2647
2662
2670
2640
2611
2562
2481
2417
2347
2275
2206
2127
2054
1989
1951
1921
1895
1894
1889
1881
1861
1823
1778
1721
1679
1632
1580
1569
1573
1595
1599
1611
1611
1600
1591
1563
1534
1504
1470
1445
1382
1298
1197
1092
985
860
749
659
584
541
489
466
439
435
419
387
359
323
280
233
165
124
81
80
89
83
103
111
112
116
111
108
95
94
87
77
86
91
94
88
70
47
15
-8
-45
-76
-81
-79
-64
-63
-70
-102
-150
-202
-279
-351
-415
-481
-538
-600
-653
-702
-734
-761
-815
-858
-902
-955
-997
-1050
-1082
-1120
-1137
-1147
-1164
-1160
-1156
-1153
-1151
-1178
-1186
-1206
-1192
-1173
-1165
-1143
-1137
-1149
-1169
-1198
-1219
-1236
-1232
-1227
-1216
-1175
-1126
-1065
-1016
-993
-996
-1031
-1078
-1157
-1240
-1300
-1347
-1368
-1378
-1368
-1345
-1303
-1237
-1188
-1119
-1039
-963
-901
-869
-844
-857
-860
-852
-875
-901
-929
-970
-1009
-1063
-1104
-1132
-1123
-1096
-1076
-1034
-998
-967
-946
-948
-941
-953
-949
-952
-964
-949
-936
-925
-926
-949
-969
-1001
-1027
-1063
-1098
-1103
-1098
-1077
-1061
-1060
-1071
-1092
-1103
-1128
-1146
-1142
-1134
-1111
-1096
-1083
-1095
-1124
-1161
-1217
-1261
-1286
-1305
-1315
-1334
-1341
-1355
-1353
-1335
-1320
-1264
-1191
-1117
-1034
-970
-902
-853
-803
-764
-754
-733
-716
-701
-683
-692
-685
-694
-680
-667
-656
-627
-608
-594
-590
-601
-619
-655
-694
-758
-837
-901
-971
-1035
-1103
-1175
-1248
-1320
-1377
-1440
-1480
-1482
-1463
-1420
-1379
-1328
-1288
-1251
-1218
-1211
-1207
-1210
-1224
-1229
-1234
-1239
-1257
-1251
-1244
-1258
-1247
-1240
-1255
-1275
-1318
-1365
-1404
-1410
-1390
-1363
-1300
-1230
-1157
-1093
-1073
-1055
-1065
-1057
-1040
-1016
-965
-898
-832
-784
-766
-766
-782
-791
-815
-846
-845
-843
-829
-823
-819
-824
-839
-847
-880
-911
-933
-965
-995
-1039
-1075
-1111
-1131
-1135
-1144
-1141
-1132
-1131
-1134
-1166
-1197
-1254
-1294
-1326
-1374
-1394
-1412
-1438
-1460
-1497
-1520
-1542
-1529
-1490
-1442
-1345
-1238
-1136
-1042
-988
-943
-920
-885
-860
-844
-813
-787
-763
-750
-753
-759
-776
-782
-804
-833
-846
-867
-888
-915
-940
-961
-976
-975
-989
-993
-981
-976
-972
-986
-1006
-1042
-1076
-1098
-1124
-1137
-1134
-1121
-1091
-1068
-1020
-982
-934
-877
-831
-773
-730
-697
-670
-674
-676
-692
-704
-723
-766
-773
-794
-815
-817
-815
-796
-773
-735
-700
-677
-642
-618
-602
-602
-622
-654
-692
-715
-754
-791
-811
-825
-826
-832
-842
-852
-866
-869
-894
-907
-905
-902
-879
-849
-802
-748
-686
-617
-565
-510
-459
-425
-401
-417
-430
-473
-507
-552
-623
-676
-726
-778
-829
-898
-956
-1021
-1058
-1083
-1112
-1091
-1049
-987
-905
-830
-744
-667
-585
-528
-496
-466
-448
-429
-415
-414
-413
-429
-443
-477
-515
-537
-563
-586
-620
-662
-717
-779
-836
-915
-986
-1046
-1107
-1156
-1213
-1267
-1318
-1354
-1373
-1396
-1391
-1356
-1298
-1216
-1150
-1071
-1018
-957
-906
-878
-845
-824
-823
-828
-852
-860
-890
-891
-893
-912
-903
-880
-835
-787
-744
-677
-623
-573
-535
-507
-476
-457
-454
-461
-480
-495
-512
-508
-519
-532
-543
-554
-566
-581
-592
-605
-612
-600
-605
-597
-574
-558
-533
-523
-530
-549
-569
-594
-650
-699
-740
-776
-799
-846
-885
-949
-1002
-1056
-1111
-1124
-1098
-1028
-915
-798
-658
-544
-417
-301
-208
-99
-6
73
140
172
178
148
105
31
-63
-143
-229
-314
-402
-486
-538
-566
-556
-540
-511
-471
-446
-433
-450
-477
-512
-536
-544
-558
-550
-518
-485
-444
-413
-386
-371
-354
-332
-331
-312
-289
-268
-237
-231
-214
-214
-201
-193
-206
-211
-220
-228
-230
-248
-247
-267
-267
-288
-333
-366
-395
-439
-487
-537
-581
-624
-645
-669
-702
-707
-714
-728
-739
-752
-761
-769
-765
-769
-754
-716
-685
-655
-648
-649
-667
-689
-712
-746
-767
-772
-771
-760
-757
-760
-770
-774
-758
-755
-715
-667
-622
-578
-571
-569
-598
-627
-663
-714
-746
-773
-792
-798
-818
-810
-817
-803
-798
-811
-809
-818
-834
-852
-879
-899
-915
-904
-890
-874
-833
-789
-740
-697
-665
-633
-596
-532
-474
-411
-339
-282
-232
-210
-198
-208
-220
-222
-232
-228
-211
-198
-185
-191
-198
-219
-235
-252
-300
-334
-368
-404
-425
-457
-475
-504
-520
-540
-580
-603
-625
-643
-649
-674
-680
-707
-720
-749
-796
-836
-887
-944
-998
-1060
-1091
-1077
-1024
-971
-913
-839
-781
-736
-709
-712
-716
-721
-688
-666
-635
-598
-576
-566
-579
-601
-633
-666
-693
-730
-750
-742
-719
-674
-615
-529
-456
-368
-284
-220
-127
-29
62
162
237
309
345
364
350
291
234
161
80
5
-93
-174
-273
-354
-440
-531
-602
-662
-706
-738
-765
-764
-733
-652
-554
-440
-297
-160
-34
64
136
188
223
258
268
282
306
316
315
276
211
113
-2
-128
-275
-415
-536
-641
-720
-792
-836
-880
-892
-885
-890
-866
-837
-804
-757
-717
-668
-631
-585
-547
-540
-518
-502
-485
-459
-451
-429
-420
-393
-379
-377
-368
-368
-372
-376
-387
-388
-391
-370
-347
-325
-288
-248
-217
-215
-220
-221
-215
-195
-188
-167
-144
-132
-99
-99
-115
-144
-176
-220
-285
-355
-412
-463
-497
-547
-578
-621
-633
-643
-663
-650
-622
-592
-553
-523
-471
-429
-376
-330
-318
-290
-273
-276
-284
-317
-338
-365
-369
-369
-370
-365
-377
-400
-430
-474
-519
-570
-598
-624
-636
-617
-591
-552
-513
-473
-436
-405
-371
-367
-362
-339
-306
-249
-195
-141
-97
-60
-30
-24
-17
-11
-14
-10
-18
2
10
39
62
55
54
43
20
-5
-52
-96
-157
-199
-239
-296
-321
-341
-364
-387
-431
-467
-510
-531
-546
-553
-529
-491
-430
-356
-284
-207
-137
-57
0
43
87
109
113
88
43
-36
-121
-212
-316
-420
-498
-561
-596
-618
-619
-614
-609
-580
-558
-533
-492
-438
-370
-321
-263
-231
-175
-120
-83
-29
18
48
73
77
96
111
153
195
218
257
283
283
265
206
143
74
26
-23
-70
-97
-127
-157
-193
-241
-281
-319
-337
-366
-389
-383
-367
-334
-301
-268
-245
-224
-193
-183
-163
-130
-102
-66
-38
-11
5
14
17
-10
-32
-51
-68
-69
-91
-96
-120
-127
-128
-141
-143
-150
-161
-162
-172
-155
-140
-85
-16
46
145
242
319
374
389
381
349
321
282
241
226
217
214
199
165
125
79
49
6
-29
-27
-2
41
71
93
106
122
148
154
168
193
207
229
266
299
319
340
366
363
370
377
358
347
299
277
234
229
238
251
279
307
332
371
389
429
457
517
587
641
712
770
808
811
777
724
667
626
588
556
559
568
583
593
594
594
578
568
540
511
501
496
510
523
543
555
569
583
565
537
503
461
433
414
414
421
447
490
517
563
608
646
691
709
737
747
772
797
811
845
886
927
961
951
934
880
845
814
780
781
792
809
831
842
843
821
797
751
694
655
615
578
534
475
408
327
254
165
80
10
-64
-132
-207
-270
-330
-373
-397
-432
-457
-471
-485
-490
-502
-506
-511
-505
-500
-503
-484
-480
-490
-501
-542
-579
-628
-658
-684
-717
-694
-660
-602
-520
-450
-378
-343
-310
-291
-294
-280
-267
-253
-241
-249
-285
-345
-402
-476
-552
-595
-622
-617
-598
-577
-553
-533
-507
-501
-510
-514
-527
-533
-550
-559
-568
-560
-531
-507
-471
-425
-381
-336
-308
-279
-268
-251
-237
-247
-235
-221
-216
-205
-213
-212
-224
-225
-229
-252
-260
-273
-298
-331
-401
-461
-543
-599
-653
-703
-719
-726
-729
-736
-753
-762
-771
-754
-743
-737
-715
-701
-683
-673
-671
-668
-659
-627
-603
-565
-506
-445
-378
-336
-305
-289
-261
-221
-195
-171
-148
-136
-130
-149
-170
-212
-243
-270
-321
-349
-373
-401
-435
-468
-489
-502
-504
-499
-508
-492
-473
-446
-410
-414
-394
-392
-390
-395
-398
-387
-380
-376
-384
-405
-430
-477
-521
-588
-667
-726
-784
-820
-842
-844
-834
-818
-794
-789
-780
-751
-721
-677
-633
-586
-542
-481
-403
-329
-236
-126
-9
118
230
354
465
596
730
841
983
1141
1301
1465
1605
1743
1864
1993
2120
2226
2359
2494
2630
2775
2899
3039
3168
3315
3455
3590
3739
3879
4019
4157
4289
4434
4578
4732
4864
4980
5090
5169
5226
5254
5267
5274
5280
5297
5291
5285
5289
5288
5291
5279
5265
5241
5221
5214
5202
5203
5207
5196
5173
5102
5012
4871
4728
4580
4409
4259
4109
3948
3777
3568
3340
3076
2813
2539
2242
1963
1694
1413
1146
874
631
386
174
-19
-212
-355
-483
-575
-665
-750
-833
-918
-995
-1094
-1198
-1276
-1351
-1407
-1457
-1496
-1519
-1529
-1515
-1513
-1492
-1466
-1445
-1419
-1392
-1353
-1309
-1259
-1205
-1164
-1112
-1054
-997
-938
-911
-874
-856
-819
-781
-768
-744
-730
-735
-749
-790
-825
-875
-901
-917
-937
-909
-865
-820
-772
-744
-710
-689
-662
-651
-655
-646
-633
-606
-576
-553
-524
-501
-464
-448
-440
-420
-401
-368
-334
-292
-245
-193
-135
-106
-79
-53
-51
-63
-106
-166
-240
-312
-373
-442
-493
-531
-566
-592
-642
-671
-712
-721
-715
-714
-686
-646
-598
-538
-495
-449
-441
-442
-475
-548
-596
-635
-664
-675
-689
-695
-675
-617
-565
-513
-436
-363
-279
-185
-87
24
125
246
317
359
383
384
370
332
281
224
169
126
63
7
-42
-104
-178
-268
-353
-438
-508
-555
-604
-616
-600
-566
-508
-460
-398
-356
-320
-300
-306
-306
-313
-328
-341
-374
-390
-417
-413
-406
-420
-412
-409
-409
-405
-409
-402
-398
-379
-376
-393
-404
-424
-437
-447
-455
-448
-432
-390
-356
-321
-269
-219
-168
-139
-129
-144
-164
-172
-185
-170
-125
-74
-15
28
63
85
107
128
121
128
138
140
142
107
69
-2
-74
-161
-272
-366
-454
-533
-593
-655
-679
-703
-690
-672
-657
-606
-547
-479
-399
-318
-226
-138
-43
34
98
153
209
257
303
334
377
419
475
516
566
636
692
760
809
826
817
810
803
772
742
710
676
645
604
561
510
462
424
371
366
388
427
487
532
593
640
689
727
738
758
784
804
821
805
796
755
724
681
620
582
548
528
528
544
590
656
755
853
940
1026
1081
1112
1121
1108
1088
1066
1064
1056
1066
1105
1151
1204
1235
1250
1241
1230
1228
1213
1212
1222
1225
1226
1210
1195
1172
1167
1180
1183
1220
1269
1320
1386
1436
1498
1544
1597
1647
1687
1750
1816
1883
1952
1999
2067
2115
2176
2216
2233
2255
2261
2259
2249
2229
2217
2212
2235
2257
2275
2312
2345
2379
2402
2413
2417
2417
2431
2448
2465
2496
2514
2527
2503
2465
2412
2341
2283
2207
2127
2033
1943
1863
1785
1725
1660
1630
1627
1613
1636
1682
1738
1821
1883
1950
1988
2029
2051
2053
2078
2114
2158
2224
2288
2392
2501
2635
2749
2845
2946
3027
3085
3115
3119
3118
3106
3105
3090
3069
3067
3060
3056
3045
3029
3010
2983
2957
2910
2870
2852
2834
2815
2766
2703
2616
2520
2424
2317
2222
2147
2084
2038
1986
1950
1898
1852
1791
1687
1590
1483
1368
1266
1155
1056
951
863
781
682
604
520
441
385
331
314
303
330
365
396
440
478
515
544
557
563
550
541
512
481
474
473
486
498
505
507
505
511
498
495
514
531
546
550
547
506
449
394
313
234
168
104
53
-15
-53
-123
-176
-233
-309
-363
-414
-465
-498
-544
-577
-615
-626
-617
-608
-570
-537
-508
-494
-517
-536
-573
-585
-599
-614
-613
-607
-604
-606
-628
-649
-682
-699
-725
-750
-752
-757
-762
-774
-791
-816
-850
-882
-937
-981
-1004
-1018
-1008
-1000
-988
-990
-1004
-1026
-1072
-1114
-1145
-1164
-1157
-1152
-1115
-1080
-1012
-938
-883
-808
-733
-667
-603
-562
-524
-514
-507
-523
-583
-637
-714
-814
-931
-1078
-1223
-1377
-1509
-1634
-1745
-1814
-1863
-1890
-1905
-1911
-1882
-1822
-1709
-1576
-1418
-1222
-1021
-824
-657
-526
-436
-377
-331
-319
-305
-282
-267
-247
-246
-254
-277
-302
-342
-388
-424
-457
-508
-546
-603
-638
-683
-697
-710
-747
-755
-745
-746
-738
-731
-698
-674
-622
-579
-555
-513
-480
-459
-448
-471
-512
-588
-658
-737
-811
-852
-884
-903
-919
-942
-953
-960
-943
-917
-884
-828
-772
-712
-668
-635
-617
-607
-594
-605
-611
-611
-620
-625
-641
-665
-704
-749
-794
-859
-912
-956
-996
-1026
-1080
-1113
-1152
-1159
-1159
-1181
-1201
-1231
-1256
-1254
-1248
-1216
-1196
-1158
-1128
-1127
-1110
-1105
-1113
-1125
-1151
-1171
-1191
-1185
-1166
-1132
-1058
-966
-851
-729
-615
-505
-420
-344
-303
-281
-255
-248
-249
-273
-313
-374
-446
-515
-603
-672
-716
-751
-767
-779
-779
-777
-765
-745
-742
-721
-696
-675
-655
-659
-644
-635
-617
-597
-595
-579
-578
-591
-613
-690
-758
-841
-904
-984
-1068
-1114
-1149
-1177
-1213
-1256
-1288
-1316
-1321
-1323
-1330
-1313
-1306
-1292
-1287
-1285
-1292
-1317
-1334
-1359
-1372
-1346
-1293
-1207
-1094
-953
-803
-642
-478
-352
-241
-147
-85
-41
-30
-41
-72
-94
-93
-94
-62
-20
20
69
94
129
140
163
185
193
219
247
276
303
296
289
246
210
159
87
40
-4
-48
-93
-154
-223
-305
-377
-453
-522
-560
-590
-604
-611
-615
-611
-614
-610
-636
-674
-702
-734
-755
-774
-772
-767
-747
-712
-692
-665
-637
-626
-620
-627
-630
-633
-617
-587
-575
-537
-490
-441
-379
-332
-265
-203
-123
-46
3
56
109
173
223
235
255
239
238
232
216
221
227
242
251
254
252
243
249
241
234
262
293
325
344
343
336
320
305
263
223
194
163
151
131
126
120
130
147
159
175
195
194
186
159
131
89
59
40
3
-3
1
8
30
34
46
42
48
57
61
99
150
209
274
303
330
318
310
284
241
213
184
161
147
124
96
53
25
-7
-37
-39
-35
-17
11
49
100
160
235
292
352
427
498
575
640
712
779
848
913
947
970
982
981
978
959
940
902
879
863
829
824
824
818
815
791
769
729
696
656
599
569
551
549
568
572
577
570
590
602
594
607
622
641
659
671
680
675
674
660
617
592
576
584
594
612
626
644
673
691
721
774
834
906
953
999
1023
1038
1053
1045
1036
1023
989
935
846
754
661
608
592
586
622
674
727
789
834
876
895
922
944
948
980
1016
1054
1097
1112
1133
1129
1129
1111
1087
1083
1082
1085
1084
1068
1053
1033
1030
1017
1001
1005
1009
1023
1037
1058
1085
1115
1155
1169
1178
1184
1171
1151
1108
1062
1006
954
913
869
838
820
804
799
781
780
760
762
776
777
805
834
852
868
864
867
859
863
868
854
872
893
912
934
933
941
936
953
969
984
1003
1011
1020
1027
1011
1000
978
973
952
932
941
937
947
973
996
1007
1027
1070
1101
1149
1207
1266
1321
1348
1347
1313
1258
1200
1119
1061
1023
1009
1017
1014
1024
1007
996
981
956
966
1000
1042
1091
1128
1175
1203
1236
1252
1233
1231
1219
1199
1178
1134
1089
1023
963
889
804
734
670
630
613
620
665
727
816
896
978
1073
1155
1229
1274
1296
1296
1284
1275
1242
1216
1200
1181
1167
1144
1122
1099
1087
1086
1074
1074
1081
1089
1104
1093
1096
1073
1062
1047
1019
1015
1023
1037
1063
1072
1085
1070
1061
1038
987
964
943
924
912
887
868
843
837
827
815
823
829
839
847
852
870
880
917
943
976
1007
1021
1033
1023
1007
987
972
968
964
978
992
998
1004
994
981
954
927
915
892
884
889
894
907
893
887
850
827
798
745
710
675
647
632
611
605
594
606
619
607
622
630
631
631
619
613
602
604
597
582
581
575
569
557
535
513
489
482
465
453
462
470
482
477
467
452
448
461
467
500
564
638
724
793
844
873
893
906
892
895
913
936
966
963
961
929
903
872
828
811
815
840
882
908
947
962
990
1006
993
996
990
973
946
895
834
755
683
598
505
434
368
319
279
241
207
173
159
135
118
123
130
134
132
148
158
176
225
280
355
448
543
625
680
705
715
706
699
675
683
698
727
791
869
980
1088
1209
1324
1423
1528
1611
1682
1740
1750
1761
1732
1722
1704
1673
1665
1661
1656
1654
1639
1630
1624
1646
1674
1713
1784
1858
1930
1982
2009
2025
2029
2039
2027
2011
2003
1983
1957
1904
1844
1771
1701
1640
1561
1487
1414
1331
1246
1152
1071
1000
958
938
906
913
939
976
1036
1083
1140
1179
1229
1279
1320
1381
1441
1495
1550
1578
1618
1628
1648
1653
1635
1629
1617
1602
