0
-10
-42
-81
-129
-161
-192
-212
-200
-179
-147
-120
-109
-110
-127
-138
-169
-202
-228
-266
-305
-355
-386
-401
-388
-348
-313
-269
-227
-197
-163
-138
-112
-101
-85
-68
-75
-56
-27
7
59
102
161
210
269
323
355
397
429
452
471
459
453
417
391
349
287
238
185
130
73
11
-44
-99
-134
-172
-205
-207
-193
-159
-93
-31
36
103
184
235
275
314
316
324
300
279
232
200
178
156
143
135
113
86
27
-39
-119
-182
-231
-305
-358
-408
-454
-496
-542
-565
-573
-550
-505
-453
-357
-241
-114
20
126
236
308
376
421
453
509
576
652
727
790
850
886
921
937
943
963
977
995
1010
1023
1036
1044
1058
1046
1027
1008
974
942
904
889
890
915
958
999
1054
1122
1190
1263
1317
1374
1406
1441
1469
1465
1475
1486
1496
1518
1532
1559
1583
1628
1680
1718
1782
1847
1913
1981
2018
2058
2071
2090
2095
2096
2119
2147
2185
2223
2248
2264
2256
2239
2189
2120
2061
2002
1960
1928
1909
1905
1911
1931
1955
1992
2029
2060
2100
2117
2128
2128
2130
2125
2086
2059
2018
1972
1936
1907
1909
1918
1964
2037
2106
2210
2330
2457
2601
2733
2853
2942
3029
3097
3136
3189
3226
3244
3243
3202
3160
3104
3057
3001
2929
2869
2807
2748
2692
2636
2599
2572
2575
2581
2597
2639
2684
2733
2777
2820
2866
2918
2992
3054
3124
3197
3256
3312
3342
3363
3364
3361
3358
3335
3308
3276
3234
3189
3112
3039
2945
2868
2799
2716
2660
2610
2560
2516
2454
2394
2313
2243
2172
2085
2032
1988
1951
1926
1885
1847
1786
1717
1611
1469
1321
1163
1014
868
721
591
473
390
314
258
248
262
299
343
399
469
560
683
804
937
1073
1190
1277
1343
1382
1398
1383
1359
1310
1273
1254
1259
1287
1283
1299
1289
1269
1237
1184
1137
1081
1008
923
815
706
570
444
319
181
87
0
-74
-135
-203
-266
-337
-394
-455
-524
-576
-635
-694
-748
-813
-869
-920
-946
-980
-1012
-1022
-1034
-1039
-1049
-1045
-1022
-982
-928
-895
-855
-807
-769
-732
-717
-715
-730
-748
-765
-802
-834
-866
-900
-916
-944
-950
-978
-986
-982
-971
-921
-847
-757
-653
-571
-492
-449
-401
-366
-359
-336
-323
-322
-323
-343
-370
-419
-472
-555
-667
-783
-908
-1023
-1128
-1225
-1301
-1361
-1386
-1404
-1403
-1366
-1317
-1255
-1201
-1153
-1118
-1084
-1043
-1026
-1009
-993
-995
-1005
-1033
-1063
-1092
-1102
-1096
-1095
-1082
-1055
-1048
-1042
-1071
-1086
-1122
-1131
-1114
-1103
-1040
-960
-872
-802
-761
-728
-731
-740
-779
-848
-893
-936
-973
-994
-1010
-1000
-982
-936
-888
-834
-775
-728
-691
-660
-647
-636
-636
-629
-634
-639
-635
-639
-639
-652
-667
-693
-709
-702
-697
-669
-623
-581
-543
-533
-549
-596
-659
-730
-823
-891
-944
-989
-1020
-1066
-1093
-1131
-1150
-1168
-1198
-1206
-1204
-1191
-1160
-1138
-1093
-1074
-1049
-1046
-1070
-1075
-1078
-1078
-1076
-1077
-1061
-1031
-970
-911
-865
-819
-801
-802
-820
-846
-866
-886
-888
-903
-916
-912
-910
-904
-914
-924
-947
-965
-971
-985
-976
-943
-904
-857
-826
-807
-815
-834
-863
-924
-967
-1003
-1034
-1046
-1070
-1087
-1105
-1102
-1111
-1137
-1142
-1149
-1152
-1142
-1149
-1135
-1150
-1137
-1143
-1160
-1164
-1175
-1199
-1235
-1282
-1314
-1334
-1317
-1281
-1234
-1166
-1108
-1071
-1053
-1037
-1019
-1000
-967
-953
-935
-899
-865
-832
-814
-802
-792
-778
-750
-730
-698
-657
-624
-588
-560
-524
-497
-463
-432
-436
-425
-410
-394
-366
-352
-326
-307
-271
-240
-237
-230
-235
-249
-267
-315
-348
-396
-417
-436
-463
-475
-494
-514
-534
-561
-592
-637
-670
-708
-741
-747
-749
-749
-760
-785
-820
-870
-918
-990
-1063
-1122
-1182
-1233
-1300
-1368
-1451
-1530
-1599
-1671
-1725
-1751
-1752
-1717
-1665
-1580
-1487
-1366
-1231
-1119
-991
-879
-792
-716
-670
-628
-601
-558
-511
-474
-433
-381
-339
-299
-301
-281
-275
-252
-241
-243
-249
-290
-341
-400
-488
-575
-657
-712
-757
-778
-761
-724
-679
-646
-631
-632
-652
-673
-726
-767
-789
-806
-813
-833
-845
-849
-838
-813
-802
-798
-788
-790
-791
-808
-816
-845
-869
-901
-968
-1020
-1074
-1132
-1176
-1224
-1258
-1305
-1355
-1426
-1533
-1625
-1720
-1810
-1877
-1929
-1918
-1864
-1743
-1595
-1435
-1258
-1091
-939
-811
-714
-633
-569
-491
-419
-349
-263
-188
-120
-73
-47
-41
-51
-59
-90
-120
-141
-169
-188
-219
-244
-270
-285
-288
-299
-305
-302
-291
-265
-254
-232
-230
-209
-188
-191
-179
-174
-187
-210
-260
-311
-376
-425
-473
-537
-571
-600
-627
-645
-684
-727
-787
-840
-890
-945
-967
-977
-968
-962
-966
-963
-985
-978
-971
-959
-938
-901
-848
-792
-733
-688
-643
-586
-550
-505
-441
-381
-314
-274
-237
-217
-194
-184
-200
-218
-230
-243
-244
-262
-266
-279
-266
-252
-253
-230
-203
-180
-155
-152
-148
-164
-165
-169
-193
-190
-194
-212
-245
-317
-400
-503
-594
-688
-776
-834
-883
-918
-949
-986
-1019
-1062
-1100
-1158
-1218
-1246
-1248
-1213
-1159
-1092
-1027
-971
-925
-919
-919
-912
-901
-865
-818
-751
-673
-587
-502
-445
-392
-349
-321
-293
-288
-267
-266
-248
-231
-227
-199
-165
-135
-104
-98
-94
-124
-150
-181
-225
-228
-225
-221
-214
-224
-232
-251
-260
-276
-292
-281
-272
-264
-256
-255
-275
-323
-367
-437
-504
-547
-588
-618
-643
-650
-670
-685
-696
-727
-751
-770
-792
-797
-804
-805
-802
-791
-774
-776
-777
-776
-765
-741
-737
-714
-712
-687
-657
-636
-600
-552
-513
-479
-489
-505
-555
-595
-637
-691
-710
-727
-743
-751
-764
-769
-775
-762
-750
-735
-691
-644
-591
-546
-522
-511
-522
-535
-577
-634
-687
-751
-808
-865
-912
-958
-996
-1022
-1064
-1095
-1111
-1122
-1114
-1101
-1076
-1049
-1014
-969
-938
-886
-827
-779
-736
-730
-720
-728
-713
-686
-658
-603
-543
-483
-421
-385
-343
-334
-322
-331
-366
-378
-382
-372
-347
-326
-304
-289
-262
-247
-245
-232
-226
-224
-236
-268
-307
-355
-409
-471
-531
-583
-652
-707
-765
-811
-850
-868
-875
-898
-894
-843
-781
-690
-591
-495
-422
-353
-299
-277
-250
-225
-202
-163
-141
-108
-105
-87
-71
-67
-40
-13
13
36
24
18
-14
-30
-47
-77
-76
-62
-32
16
69
132
182
233
258
260
263
249
225
189
146
113
88
92
97
110
137
153
169
168
169
165
170
196
218
259
306
340
363
358
339
302
274
252
213
207
217
230
256
259
268
260
266
272
260
267
275
286
301
286
280
246
227
202
168
157
146
139
136
130
134
139
163
181
196
230
257
280
287
275
248
207
166
98
25
-39
-105
-169
-239
-283
-298
-278
-201
-104
22
159
298
447
556
655
731
789
822
835
877
924
967
1000
1003
998
964
927
886
833
814
800
805
815
799
782
735
705
676
635
608
571
523
473
416
360
306
278
248
216
205
194
187
175
161
152
150
166
166
167
170
153
123
66
7
-59
-112
-147
-178
-178
-143
-87
-11
56
136
205
291
376
430
498
554
584
594
561
510
426
334
226
94
-21
-140
-253
-349
-449
-513
-565
-565
-543
-507
-441
-364
-278
-191
-118
-53
-13
22
25
4
-18
-53
-83
-107
-116
-108
-92
-65
-70
-90
-117
-161
-205
-268
-337
-424
-514
-597
-695
-780
-844
-882
-910
-942
-943
-950
-933
-905
-896
-859
-798
-722
-644
-583
-527
-490
-444
-412
-411
-390
-376
-370
-364
-388
-409
-452
-490
-541
-591
-630
-673
-707
-741
-779
-809
-842
-864
-889
-917
-931
-959
-985
-1013
-1036
-1048
-1049
-1029
-1018
-993
-950
-913
-877
-864
-858
-863
-861
-847
-836
-812
-782
-759
-738
-745
-750
-791
-831
-886
-972
-1043
-1110
-1169
-1203
-1229
-1226
-1216
-1177
-1129
-1095
-1030
-961
-886
-804
-745
-685
-647
-606
-586
-588
-590
-609
-634
-667
-709
-746
-789
-814
-851
-891
-911
-930
-942
-956
-970
-988
-1005
-1009
-1026
-1028
-1014
-1011
-1016
-1046
-1086
-1137
-1180
-1201
-1213
-1188
-1134
-1062
-974
-905
-842
-810
-771
-757
-789
-805
-813
-815
-791
-755
-700
-646
-564
-448
-335
-167
33
266
516
760
1006
1248
1489
1704
1888
2061
2209
2344
2457
2568
2693
2813
2955
3086
3228
3400
3576
3757
3928
4092
4261
4443
4652
4865
5108
5382
5666
5961
6234
6480
6679
6837
6957
7033
7105
7179
7246
7314
7350
7392
7404
7423
7436
7428
7429
7420
7395
7359
7286
7207
7098
6996
6877
6724
6586
6433
6263
6080
5864
5636
5393
5162
4925
4684
4451
4200
3934
3647
3339
3028
2713
2418
2115
1817
1544
1276
1018
755
498
250
23
-175
-367
-524
-647
-758
-854
-956
-1059
-1164
-1260
-1346
-1447
-1533
-1614
-1687
-1731
-1774
-1773
-1763
-1717
-1662
-1616
-1551
-1479
-1394
-1305
-1253
-1194
-1169
-1140
-1134
-1147
-1118
-1087
-1042
-972
-924
-889
-854
-795
-739
-679
-611
-550
-499
-466
-455
-447
-448
-435
-450
-469
-485
-515
-551
-608
-667
-726
-773
-794
-810
-796
-750
-688
-612
-536
-461
-403
-359
-326
-325
-312
-296
-280
-253
-249
-239
-258
-277
-309
-364
-411
-463
-517
-564
-632
-687
-767
-829
-891
-962
-999
-1035
-1073
-1108
-1147
-1176
-1204
-1216
-1230
-1240
-1221
-1197
-1167
-1142
-1129
-1120
-1122
-1121
-1138
-1152
-1148
-1145
-1131
-1121
-1104
-1087
-1054
-1000
-952
-885
-800
-720
-646
-602
-580
-587
-606
-635
-697
-745
-784
-814
-819
-826
-810
-801
-780
-768
-778
-779
-786
-791
-785
-790
-765
-767
-741
-726
-714
-689
-664
-634
-608
-597
-592
-605
-615
-613
-601
-571
-530
-477
-432
-399
-388
-401
-409
-441
-480
-503
-521
-522
-525
-520
-520
-509
-494
-505
-514
-522
-536
-550
-574
-605
-645
-680
-719
-793
-850
-906
-959
-989
-1018
-1018
-1021
-1010
-1008
-1032
-1042
-1054
-1064
-1065
-1085
-1079
-1074
-1026
-959
-884
-778
-665
-547
-426
-314
-205
-111
-15
59
114
165
186
189
171
134
88
36
-3
-50
-84
-94
-95
-79
-66
-39
-9
35
84
108
125
141
145
147
131
116
79
42
1
-68
-113
-146
-166
-167
-178
-179
-189
-178
-158
-149
-121
-99
-84
-68
-77
-68
-73
-52
-33
-12
35
92
144
188
230
254
252
260
260
256
276
298
312
324
317
313
281
250
191
139
100
69
54
37
16
-22
-64
-104
-157
-214
-272
-317
-332
-349
-334
-317
-256
-171
-98
-4
99
202
326
448
597
752
927
1099
1241
1384
1501
1592
1665
1696
1724
1727
1741
1743
1730
1725
1708
1686
1656
1612
1567
1514
1482
1452
1437
1454
1475
1510
1549
1596
1645
1684
1718
1714
1699
1684
1658
1632
1591
1551
1505
1465
1432
1389
1349
1319
1288
1265
1229
1212
1189
1194
1215
1221
1258
1313
1388
1496
1605
1728
1844
1972
2094
2197
2330
2469
2608
2743
2843
2936
3003
3078
3144
3201
3268
3326
3379
3418
3433
3436
3428
3433
3421
3420
3433
3427
3424
3415
3396
3361
3315
3273
3195
3109
3050
2976
2914
2855
2821
2791
2780
2779
2780
2789
2800
2800
2797
2768
2751
2703
2677
2654
2616
2606
2606
2609
2631
2640
2647
2633
2626
2614
2585
2580
2586
2603
2628
2630
2625
2595
2572
2538
2499
2471
2440
2412
2387
2353
2324
2283
2254
2212
2169
2144
2112
2081
2039
1995
1951
1906
1868
1807
1751
1705
1653
1605
1540
1467
1384
1309
1251
1195
1165
1158
1168
1194
1195
1200
1173
1152
1122
1067
1026
984
936
888
818
754
676
620
572
517
505
506
511
515
494
468
425
392
352
311
291
275
267
258
240
222
193
176
143
102
70
29
-2
-44
-60
-77
-78
-83
-116
-149
-177
-209
-228
-254
-290
-313
-332
-374
-454
-542
-650
-773
-901
-1058
-1187
-1326
-1436
-1529
-1617
-1667
-1690
-1698
-1683
-1670
-1632
-1608
-1561
-1515
-1475
-1401
-1313
-1222
-1122
-1034
-954
-900
-856
-845
-863
-880
-899
-899
-888
-878
-861
-848
-819
-797
-768
-711
-646
-576
-521
-478
-455
-438
-423
-435
-448
-458
-477
-494
-524
-559
-597
-627
-647
-682
-700
-709
-714
-706
-719
-719
-740
-751
-769
-804
-827
-848
-869
-885
-921
-944
-991
-1022
-1060
-1115
-1140
-1160
-1177
-1194
-1232
-1281
-1349
-1416
-1499
-1591
-1663
-1732
-1787
-1830
-1861
-1865
-1849
-1794
-1727
-1637
-1521
-1412
-1309
-1233
-1173
-1127
-1078
-1015
-969
-926
-887
-845
-817
-814
-821
-840
-868
-890
-913
-915
-882
-846
-792
-780
-761
-772
-768
-771
-795
-811
-825
-844
-857
-889
-906
-944
-973
-1017
-1071
-1086
-1096
-1090
-1076
-1062
-1048
-1041
-1027
-1026
-1038
-1041
-1053
-1056
-1056
-1059
-1062
-1075
-1086
-1122
-1166
-1203
-1248
-1290
-1345
-1395
-1442
-1466
-1461
-1453
-1417
-1358
-1300
-1240
-1192
-1146
-1114
-1082
-1053
-1052
-1035
-1021
-1022
-1026
-1064
-1107
-1173
-1229
-1289
-1363
-1412
-1445
-1457
-1440
-1426
-1379
-1341
-1276
-1220
-1186
-1141
-1107
-1085
-1078
-1091
-1111
-1140
-1149
-1160
-1167
-1147
-1122
-1088
-1052
-1018
-974
-925
-858
-810
-775
-747
-749
-769
-823
-889
-972
-1045
-1095
-1135
-1141
-1109
-1056
-988
-930
-879
-862
-833
-807
-823
-818
-798
-773
-733
-711
-690
-698
-713
-715
-749
-769
-785
-781
-769
-777
-770
-777
-764
-762
-786
-809
-845
-882
-927
-976
-1026
-1103
-1187
-1297
-1425
-1536
-1647
-1743
-1824
-1875
-1888
-1854
-1773
-1669
-1528
-1352
-1168
-980
-813
-658
-532
-422
-325
-259
-208
-168
-149
-141
-162
-195
-257
-313
-362
-423
-448
-454
-454
-444
-454
-465
-498
-536
-592
-676
-739
-792
-832
-856
-901
-935
-995
-1046
-1110
-1185
-1239
-1283
-1306
-1305
-1287
-1249
-1212
-1157
-1113
-1073
-1015
-961
-906
-862
-827
-796
-769
-733
-718
-704
-683
-674
-667
-683
-701
-728
-753
-771
-796
-804
-792
-772
-743
-739
-742
-780
-812
-842
-888
-899
-908
-890
-854
-816
-784
-767
-749
-752
-795
-826
-865
-914
-935
-953
-955
-956
-916
-873
-828
-767
-722
-679
-647
-640
-642
-661
-672
-698
-731
-740
-750
-754
-770
-793
-822
-848
-860
-877
-877
-854
-825
-796
-790
-791
-811
-840
-873
-924
-969
-1003
-1035
-1061
-1103
-1127
-1158
-1164
-1155
-1151
-1115
-1067
-1019
-964
-924
-880
-854
-822
-801
-810
-801
-796
-791
-777
-776
-760
-757
-742
-739
-748
-748
-760
-781
-818
-877
-943
-1025
-1093
-1167
-1234
-1279
-1331
-1386
-1446
-1495
-1522
-1518
-1475
-1432
-1371
-1289
-1200
-1088
-978
-858
-733
-593
-439
-300
-166
-46
50
129
165
194
187
183
162
104
44
-27
-108
-184
-271
-342
-421
-475
-527
-570
-582
-584
-578
-552
-537
-506
-473
-438
-396
-368
-335
-340
-356
-396
-450
-502
-563
-602
-640
-674
-686
-699
-711
-732
-771
-826
-889
-928
-980
-1007
-1005
-984
-943
-902
-860
-831
-805
-790
-810
-833
-856
-882
-902
-949
-984
-1037
-1072
-1098
-1127
-1124
-1106
-1081
-1045
-1021
-983
-959
-918
-880
-861
-815
-768
-714
-644
-578
-503
-434
-349
-267
-192
-112
-47
5
32
27
1
-53
-105
-169
-225
-256
-282
-300
-331
-375
-437
-504
-566
-649
-724
-784
-840
-876
-907
-926
-943
-957
-968
-995
-998
-979
-943
-886
-846
-796
-778
-764
-779
-837
-898
-966
-1037
-1101
-1175
-1221
-1268
-1281
-1285
-1296
-1273
-1244
-1214
-1190
-1166
-1138
-1130
-1109
-1079
-1046
-988
-928
-868
-818
-790
-746
-725
-696
-688
-667
-622
-578
-531
-493
-460
-437
-419
-400
-400
-385
-356
-320
-264
-224
-202
-201
-210
-221
-262
-292
-319
-336
-336
-344
-340
-356
-364
-386
-428
-458
-488
-519
-548
-598
-631
-688
-733
-792
-873
-924
-969
-1011
-1045
-1074
-1077
-1055
-991
-920
-854
-781
-728
-688
-662
-651
-644
-640
-613
-583
-532
-451
-365
-279
-219
-180
-173
-181
-195
-238
-280
-311
-340
-351
-359
-357
-353
-333
-305
-305
-298
-303
-326
-352
-405
-443
-483
-490
-482
-480
-461
-444
-431
-424
-450
-464
-500
-513
-525
-542
-523
-491
-449
-402
-365
-333
-324
-321
-359
-395
-411
-417
-424
-426
-440
-465
-514
-565
-646
-741
-801
-834
-849
-853
-822
-773
-704
-609
-530
-435
-336
-252
-174
-109
-50
-10
15
36
23
29
35
28
23
3
2
3
28
51
63
80
91
101
115
110
125
125
150
174
191
234
282
333
379
399
395
358
314
253
186
146
115
99
90
82
79
77
89
82
75
83
91
111
120
134
139
149
163
160
161
165
156
146
124
111
89
79
70
31
8
-16
-41
-52
-69
-64
-51
-6
56
117
203
289
368
442
483
531
556
597
618
615
617
610
592
551
477
384
270
168
64
-26
-73
-96
-94
-95
-108
-140
-178
-226
-294
-361
-408
-454
-474
-474
-455
-410
-338
-244
-170
-78
22
126
239
331
437
533
639
738
799
865
923
956
987
985
989
967
955
947
935
948
966
987
1006
1003
1008
984
969
942
905
879
847
810
764
702
644
580
528
461
385
320
243
157
48
-79
-214
-354
-480
-615
-735
-828
-912
-975
-1038
-1082
-1118
-1130
-1117
-1099
-1061
-1005
-943
-874
-822
-760
-715
-651
-583
-536
-462
-379
-299
-219
-167
-125
-116
-113
-126
-170
-200
-243
-306
-385
-501
-608
-718
-790
-843
-877
-876
-869
-858
-851
-858
-864
-874
-863
-858
-850
-818
-782
-739
-707
-686
-672
-665
-648
-654
-668
-684
-703
-714
-750
-786
-822
-854
-864
-859
-818
-743
-643
-512
-414
-313
-256
-205
-177
-195
-209
-222
-241
-256
-290
-324
-376
-418
-470
-550
-604
-668
-741
-806
-893
-972
-1061
-1125
-1182
-1216
-1213
-1186
-1145
-1099
-1057
-1003
-950
-887
-847
-821
-786
-760
-737
-730
-736
-751
-767
-769
-788
-796
-788
-783
-770
-771
-779
-808
-857
-922
-1012
-1093
-1155
-1196
-1210
-1219
-1184
-1143
-1063
-962
-867
-750
-638
-544
-466
-424
-393
-397
-407
-438
-501
-540
-578
-613
-636
-669
-684
-693
-674
-653
-633
-597
-568
-547
-537
-544
-554
-575
-580
-598
-616
-616
-618
-617
-629
-643
-660
-674
-679
-708
-734
-751
-773
-785
-798
-792
-784
-739
-665
-588
-491
-356
-199
-25
137
330
508
702
902
1102
1310
1519
1731
1948
2142
2352
2544
2763
2973
3154
3348
3526
3688
3849
3991
4154
4320
4508
4696
4880
5089
5297
5502
5691
5861
6013
6140
6256
6342
6413
6483
6533
6576
6605
6635
6658
6679
6702
6697
6694
6695
6688
6682
6654
6605
6529
6436
6325
6176
6021
5853
5668
5476
5249
5026
4764
4494
4199
3872
3556
3250
2955
2676
2387
2117
1830
1561
1288
1001
754
523
305
106
-86
-258
-420
-555
-691
-825
-932
-1025
-1096
-1156
-1213
-1257
-1299
-1326
-1369
-1411
-1431
-1443
-1437
-1428
-1407
-1391
-1371
-1347
-1350
-1357
-1366
-1388
-1404
-1420
-1421
-1411
-1385
-1344
-1314
-1254
-1185
-1115
-1043
-997
-952
-922
-880
-840
-823
-794
-757
-732
-702
-691
-685
-728
-750
-769
-793
-776
-759
-729
-686
-647
-608
-582
-550
-522
-508
-469
-437
-401
-383
-387
-399
-417
-428
-453
-476
-488
-502
-515
-547
-579
-617
-651
-677
-723
-764
-801
-849
-893
-947
-995
-1040
-1060
-1058
-1065
-1042
-1005
-967
-922
-906
-885
-881
-862
-845
-842
-827
-819
-819
-815
-831
-831
-854
-858
-860
-866
-843
-822
-806
-799
-806
-813
-823
-817
-820
-830
-823
-817
-803
-785
-758
-711
-651
-570
-509
-459
-415
-395
-386
-399
-414
-436
-447
-445
-454
-455
-444
-433
-411
-397
-377
-368
-351
-332
-339
-328
-319
-322
-320
-335
-334
-338
-328
-317
-318
-292
-287
-301
-323
-383
-434
-507
-562
-626
-691
-721
-750
-757
-748
-733
-703
-679
-642
-613
-596
-567
-541
-507
-474
-444
-418
-394
-347
-312
-270
-203
-137
-65
-20
13
16
20
23
10
-1
-3
-16
-40
-99
-166
-256
-337
-417
-520
-593
-652
-703
-736
-779
-798
-807
-781
-736
-688
-602
-501
-389
-273
-194
-116
-73
-25
6
19
41
56
67
73
66
63
57
71
76
74
85
85
80
63
34
0
-39
-70
-120
-161
-184
-205
-221
-258
-304
-370
-437
-503
-581
-648
-692
-716
-708
-694
-653
-611
-544
-473
-433
-383
-340
-307
-268
-245
-217
-198
-164
-129
-111
-67
-20
35
94
146
227
284
333
363
372
380
379
380
368
351
348
370
409
443
478
535
569
586
560
511
436
349
267
170
86
21
-46
-90
-134
-166
-185
-177
-126
-51
58
200
367
556
735
920
1081
1252
1417
1541
1658
1746
1804
1849
1863
1871
1853
1835
1805
1755
1735
1725
1726
1742
1746
1777
1820
1905
1996
2084
2178
2249
2298
2326
2332
2337
2336
2354
2362
2366
2384
2393
2395
2371
2325
2268
2207
2157
2085
2013
1949
1885
1836
1788
1759
1743
1753
1784
1812
1852
1900
1952
2019
2077
2153
2204
2256
2294
2301
2321
2334
2339
2351
2357
2381
2400
2440
2479
2493
2523
2540
2545
2548
2528
2514
2493
2491
2479
2463
2476
2495
2512
2533
2548
2570
2576
2587
2584
2564
2568
2602
2648
2687
2733
2774
2798
2820
2800
2790
2791
2788
2787
2774
2760
2744
2725
2721
2704
2702
2714
2737
2779
2807
2853
2876
2904
2909
2884
2868
2840
2801
2756
2678
2592
2477
2372
2263
2133
2032
1931
1828
1730
1619
1519
1418
1343
1272
1211
1179
1154
1135
1107
1065
1023
972
936
889
849
836
830
836
833
823
801
771
744
691
639
592
540
492
432
370
299
227
156
60
-30
-108
-167
-196
-222
-207
-193
-154
-121
-117
-111
-110
-109
-98
-103
-96
-110
-107
-110
-140
-154
-185
-238
-305
-394
-481
-570
-638
-705
-765
-794
-808
-800
-781
-775
-762
-756
-724
-722
-729
-720
-719
-710
-709
-714
-740
-757
-766
-802
-819
-820
-821
-803
-787
-767
-743
-719
-700
-709
-711
-713
-721
-731
-771
-790
-823
-842
-860
-891
-900
-910
-926
-955
-1007
-1046
-1109
-1161
-1219
-1284
-1303
-1291
-1249
-1182
-1116
-1050
-995
-935
-893
-867
-835
-813
-789
-765
-746
-727
-721
-712
-730
-755
-770
-785
-792
-807
-821
-844
-866
-885
-934
-984
-1023
-1054
-1066
-1072
-1067
-1062
-1048
-1031
-1048
-1060
-1078
-1107
-1129
-1171
-1194
-1228
-1243
-1259
-1286
-1290
-1280
-1254
-1213
-1189
-1157
-1155
-1142
-1136
-1135
-1098
-1053
-1005
-956
-917
-879
-852
-820
-807
-804
-779
-747
-703
-661
-635
-626
-646
-678
-740
-802
-855
-903
-926
-972
-1027
-1086
-1129
-1160
-1200
-1220
-1235
-1241
-1241
-1235
-1236
-1237
-1222
-1192
-1189
-1159
-1126
-1091
-1059
-1061
-1066
-1095
-1115
-1142
-1192
-1218
-1236
-1258
-1272
-1318
-1347
-1396
-1419
-1445
-1476
-1483
-1484
-1488
-1499
-1521
-1538
-1559
-1560
-1555
-1543
-1502
-1451
-1384
-1309
-1235
-1160
-1093
-1022
-979
-945
-906
-878
-852
-852
-860
-886
-912
-931
-964
-988
-998
-1003
-989
-973
-948
-933
-913
-889
-885
-856
-818
-784
-747
-736
-723
-728
-719
-711
-711
-686
-658
-637
-621
-642
-656
-691
-702
-713
-735
-744
-763
-794
-839
-898
-951
-1000
-1022
-1039
-1046
-1018
-974
-914
-853
-801
-754
-714
-670
-653
-645
-633
-629
-623
-639
-661
-703
-753
-788
-844
-913
-976
-1040
-1096
-1163
-1221
-1281
-1324
-1353
-1372
-1369
-1367
-1368
-1356
-1368
-1373
-1394
-1387
-1365
-1341
-1287
-1228
-1168
-1104
-1076
-1031
-1010
-980
-970
-981
-982
-980
-973
-971
-986
-1010
-1049
-1073
-1115
-1160
-1187
-1219
-1249
-1287
-1328
-1362
-1391
-1397
-1404
-1382
-1323
-1247
-1153
-1071
-994
-936
-884
-835
-808
-779
-743
-711
-682
-681
-682
-710
-732
-751
-786
-790
-779
-768
-749
-751
-756
-779
-787
-787
-794
-765
-724
-671
-610
-581
-556
-563
-568
-597
-643
-678
-718
-751
-775
-796
-805
-817
-813
-820
-826
-799
-758
-698
-642
-596
-562
-543
-529
-546
-568
-587
-616
-644
-685
-721
-759
-787
-810
-854
-904
-960
-1040
-1105
-1185
-1231
-1301
-1342
-1363
-1388
-1372
-1330
-1277
-1223
-1174
-1131
-1137
-1150
-1177
-1231
-1241
-1223
-1185
-1126
-1089
-1048
-1023
-984
-954
-928
-888
-841
-774
-695
-625
-549
-489
-423
-382
-351
-318
-294
-271
-263
-268
-270
-259
-224
-201
-171
-137
-119
-108
-118
-128
-146
-159
-167
-190
-203
-209
-215
-217
-247
-267
-305
-319
-325
-346
-343
-338
-334
-328
-343
-362
-417
-482
-570
-686
-775
-862
-947
-1020
-1094
-1136
-1163
-1153
-1129
-1094
-1032
-966
-895
-832
-782
-728
-678
-612
-564
-529
-496
-489
-494
-519
-551
-590
-626
-646
-681
-703
-705
-712
-715
-729
-743
-760
-770
-771
-787
-790
-783
-775
-767
-793
-813
-866
-910
-964
-1031
-1048
-1056
-1055
-1036
-1025
-1005
-995
-956
-933
-922
-886
-833
-786
-720
-659
-576
-500
-419
-366
-337
-317
-313
-316
-336
-369
-401
-440
-459
-482
-511
-524
-554
-584
-626
-655
-676
-682
-664
-652
-622
-579
-537
-489
-453
-419
-388
-351
-306
-271
-213
-137
-59
19
57
90
84
80
64
27
8
-8
-22
-30
-55
-65
-95
-109
-130
-171
-183
-192
-195
-188
-183
-166
-149
-116
-94
-90
-84
-98
-120
-154
-201
-245
-292
-326
-379
-434
-472
-515
-558
-616
-676
-735
-777
-792
-813
-823
-828
-849
-877
-926
-976
-1019
-1037
-1017
-980
-886
-744
-567
-350
-140
85
279
471
644
787
936
1081
1222
1360
1457
1567
1643
1714
1774
1822
1903
1995
2098
2213
2327
2454
2611
2782
2947
3103
3272
3414
3537
3625
3691
3750
3809
3889
3964
4047
4150
4238
4324
4396
4468
4532
4602
4682
4746
4818
4903
4989
5083
5160
5230
5278
5330
5396
5452
5543
5652
5770
5904
6013
6127
6212
6295
6358
6383
6399
6398
6390
6387
6366
6364
6337
6330
6321
6300
6306
6315
6325
6340
6344
6345
6335
6335
6327
6313
6321
6331
6349
6355
6341
6313
6267
6222
6157
6096
6055
6019
5990
5945
5897
5835
5778
5739
5700
5691
5712
5747
5800
5849
5906
5955
6013
6076
6111
6164
6219
6268
6317
6331
6344
6334
6325
6302
6249
6194
6120
6030
5928
5788
5661
5512
5387
5264
5122
5025
4931
4856
4780
4709
4650
4602
4592
4601
4628
4681
4762
4863
4945
5010
5072
5113
5151
5155
5143
5135
5105
5064
5001
4943
4881
4835
4801
4762
4731
4709
4671
4632
4577
4524
4447
4370
4284
4169
4082
3992
3893
3803
3695
3593
3477
3369
3256
3123
3007
2892
2777
2663
2519
2385
2224
2074
1912
1739
1583
1426
1271
1119
967
829
699
598
495
389
303
214
134
56
-22
-98
-175
-239
-315
-378
-420
-463
-504
-562
-618
-689
-768
-850
-946
-1025
-1083
-1131
-1153
-1162
-1141
-1123
-1087
-1049
-1044
-1021
-1002
-998
-1001
-1036
-1075
-1132
-1178
-1222
-1278
-1305
-1327
-1344
-1354
-1389
-1411
-1452
-1473
-1500
-1533
-1549
-1566
-1574
-1575
-1580
-1580
-1588
-1557
-1540
-1523
-1488
-1456
-1436
-1440
-1458
-1508
-1555
-1594
-1645
-1707
-1754
-1814
-1868
-1949
-2039
-2137
-2215
-2277
-2337
-2372
-2382
-2368
-2340
-2323
-2294
-2276
-2254
-2238
-2259
-2265
-2281
-2310
-2344
-2400
-2453
-2520
-2570
-2613
-2667
-2686
-2700
-2714
-2722
-2748
-2751
-2759
-2744
-2733
-2723
-2696
-2672
-2652
-2642
-2651
-2662
-2682
-2683
-2684
-2673
-2632
-2586
-2534
-2496
-2473
-2466
-2469
-2464
-2480
-2494
-2499
-2506
-2508
-2523
-2537
-2552
-2553
-2542
-2550
-2566
-2589
-2622
-2659
-2727
-2796
-2899
-2998
-3106
-3241
-3359
-3469
-3563
-3623
-3669
-3680
-3673
-3614
-3515
-3396
-3221
-3037
-2863
-2706
-2592
-2493
-2429
-2373
-2349
-2351
-2358
-2386
-2425
-2478
-2550
-2623
-2707
-2774
-2849
-2917
-2958
-2996
-2997
-2986
-2980
-2970
-2950
-2920
-2909
-2889
-2857
-2829
-2801
-2774
-2766
-2769
-2776
-2775
-2796
-2813
-2823
-2828
-2822
-2837
-2837
-2862
-2874
-2888
-2931
-2954
-2968
-2994
-3026
-3087
-3151
-3226
-3277
-3319
-3375
-3388
-3392
-3380
-3361
-3352
-3334
-3328
-3307
-3291
-3272
-3230
-3185
-3135
-3088
-3057
-3036
-3039
-3043
-3077
-3129
-3175
-3228
-3273
-3319
-3359
-3399
-3438
-3470
-3524
-3567
-3591
-3611
-3610
-3602
-3572
-3526
-3463
-3383
-3316
-3244
-3182
-3144
-3125
-3159
-3204
-3292
-3378
-3471
-3584
-3682
-3774
-3861
-3928
-3992
-4021
-4042
-4015
-3963
-3913
-3822
-3723
-3626
-3534
-3466
-3404
-3354
-3297
-3256
-3230
-3197
-3179
-3173
-3187
-3223
-3262
-3307
-3336
-3375
-3408
-3413
-3409
-3392
-3381
-3374
-3383
-3423
-3456
-3526
-3594
-3670
-3742
-3794
-3841
-3870
-3879
-3864
-3843
-3823
-3775
-3731
-3688
-3635
-3616
-3593
-3590
-3581
-3568
-3575
-3578
-3603
-3654
-3721
-3817
-3902
-3978
-3997
-3972
-3918
-3791
-3626
-3442
-3258
-3089
-2923
-2775
-2624
-2508
-2420
-2333
-2263
-2195
-2132
-2079
-2027
-1990
-1950
-1934
-1924
-1904
-1892
-1877
-1873
-1870
-1875
-1876
-1865
-1868
-1856
-1828
-1796
-1748
-1702
-1653
-1613
-1572
-1528
-1505
-1467
-1428
-1391
-1342
-1311
-1261
-1223
-1165
-1104
-1049
-971
-889
-811
-737
-696
-647
-624
-583
-553
-541
-504
-469
-434
-397
-372
-352
-343
-324
-315
-311
-287
-265
-243
-234
-246
-265
-288
-291
-303
-309
-294
-275
-239
-207
-168
-134
-92
-42
-20
-7
-3
-27
-50
-78
-83
-100
-107
-109
-128
-133
-131
-127
-133
-149
-148
-156
-152
-122
-91
-28
46
122
206
264
322
344
375
385
373
363
341
304
264
204
144
76
29
-23
-66
-75
-73
-41
5
53
109
162
224
259
280
300
303
307
296
285
260
226
184
110
32
-37
-100
-147
-192
-219
-237
-228
-199
-181
-131
-73
-24
20
27
24
-11
-45
-81
-119
-120
-101
-66
-18
2
28
19
19
5
-20
-21
-20
-17
-15
-29
-50
-89
-126
-182
-250
-297
-339
-366
-383
-389
-379
-364
-333
-314
-288
-248
-218
-191
-187
-185
-192
-191
-182
-187
-188
-183
-182
-177
-186
-192
-210
-204
-180
-170
-114
-38
13
53
64
66
54
55
56
45
58
78
78
76
36
5
-54
-102
-158
-220
-262
-301
-329
-346
-359
-356
-358
-334
-294
-250
-186
-126
-70
-23
10
34
47
77
82
91
100
106
129
149
183
214
255
309
355
413
487
564
651
731
831
929
1054
1189
1307
1453
1605
1744
1873
1968
2053
2120
2197
2266
2314
2393
2484
2583
2685
2756
2834
2890
2953
2996
3022
3057
3084
3114
3148
3186
3242
3304
3393
3480
3573
3700
3840
3999
4162
4326
4489
4654
4833
4995
5168
5359
5547
5730
5885
6033
6167
6304
6450
6590
6742
6896
7035
7159
7243
7322
7367
7412
7450
7455
7473
7485
7486
7493
7463
7442
7399
7359
7297
7213
7150
7087
7027
6982
6918
6865
6810
6791
6762
6742
6760
6788
6823
6864
6893
6931
6947
6955
6926
6876
6831
6776
6724
6691
6672
6658
6646
6636
6600
6565
6528
6472
6407
6311
6216
6112
6015
5932
5843
5770
5710
5653
5601
5518
5431
5306
5178
5036
4862
4707
4562
4428
4322
4228
4172
4121
4094
4069
4024
4009
3999
3996
4007
3999
3991
3960
3938
3903
3858
3824
3778
3721
3643
3539
3430
3309
3205
3098
2996
2912
2822
2732
2627
2512
2392
2277
2181
2073
1979
1896
1803
1710
1602
1490
1371
1260
1162
1060
977
912
853
799
713
634
525
426
327
216
136
72
15
-33
-100
-162
-242
-305
-364
-442
-477
-494
-492
-490
-503
-519
-550
-587
-647
-721
-803
-883
-942
-999
-1071
-1124
-1175
-1202
-1229
-1259
-1262
-1259
-1243
-1226
-1203
-1186
-1164
-1143
-1140
-1135
-1115
-1107
-1105
-1132
-1170
-1225
-1290
-1361
-1463
-1556
-1643
-1728
-1793
-1869
-1913
-1961
-1977
-1986
-2007
-2009
-2005
-2002
-1993
-2003
-2001
-2020
-2018
-2007
-1998
-1942
-1872
-1799
-1719
-1648
-1566
-1479
-1367
-1257
-1157
-1055
-982
-938
-930
-956
-995
-1048
-1094
-1162
-1235
-1297
-1369
-1445
-1544
-1653
-1768
-1875
-1960
-2052
-2122
-2167
-2205
-2227
-2252
-2273
-2291
-2294
-2276
-2269
-2243
-2212
-2179
-2134
-2113
-2081
-2073
-2046
-2013
-1983
-1925
-1858
-1783
-1700
-1642
-1578
-1546
-1505
-1481
-1492
-1499
-1528
-1569
-1608
-1645
-1669
-1683
-1663
-1631
-1614
-1594
-1588
-1603
-1633
-1659
-1655
-1625
-1546
-1457
-1369
-1261
-1164
-1066
-989
-937
-916
-905
-896
-912
-920
-920
-932
-948
-988
-1040
-1093
-1146
-1199
-1271
-1322
-1350
-1361
-1346
-1345
-1315
-1298
-1257
-1222
-1203
-1174
-1152
-1137
-1120
-1124
-1108
-1111
-1096
-1091
-1112
-1124
-1152
-1195
-1247
-1318
-1386
-1453
-1493
-1525
-1547
-1538
-1519
-1489
-1463
-1453
-1446
-1447
-1435
-1441
-1451
-1451
-1461
-1472
-1504
-1544
-1602
-1660
-1709
-1769
-1810
-1823
-1821
-1793
-1755
-1704
-1656
-1601
-1550
-1534
-1515
-1506
-1508
-1502
-1509
-1494
-1486
-1458
-1431
-1423
-1414
-1423
-1446
-1472
-1527
-1570
-1630
-1659
-1678
-1691
-1667
-1635
-1601
-1565
-1536
-1504
-1482
-1454
-1440
-1437
-1417
-1419
-1415
-1414
-1430
-1461
-1493
-1510
-1544
-1572
-1570
-1571
-1561
-1564
-1551
-1557
-1555
-1541
-1536
-1524
-1489
-1451
-1388
-1329
-1260
-1206
-1144
-1086
-1069
-1055
-1049
-1061
-1080
-1127
-1178
-1243
-1294
-1347
-1419
-1465
-1506
-1531
-1541
-1559
-1542
-1529
-1485
-1442
-1406
-1353
-1304
-1255
-1207
-1165
-1116
-1071
-1005
-945
-894
-831
-781
-738
-708
-693
-681
-680
-675
-691
-699
-681
-653
-612
-582
-555
-549
-550
-554
-577
-592
-589
-574
-541
-514
-477
-451
-417
-386
-384
-361
-338
-323
-298
-286
-263
-250
-224
-199
-196
-184
-188
-207
-238
-309
-376
-457
-503
-530
-530
-477
-400
-306
-205
-113
-28
35
96
128
143
171
196
226
251
271
294
315
353
382
425
488
574
685
789
883
947
995
1012
995
988
977
958
959
955
955
936
916
898
850
821
789
755
733
707
685
662
652
647
619
606
586
567
549
504
470
421
401
383
351
329
301
274
248
216
190
157
141
114
83
67
40
11
-33
-89
-152
-219
-268
-328
-369
-380
-375
-339
-297
-237
-181
-123
-69
-40
-21
-7
-1
12
9
20
11
15
15
-15
-36
-68
-115
-166
-243
-320
-409
-479
-545
-627
-674
-714
-750
-780
-831
-867
-902
-905
-893
-872
-831
-796
-772
-769
-802
-862
-955
-1044
-1137
-1209
-1234
-1231
-1190
-1127
-1041
-935
-817
-695
-614
-556
-507
-471
-437
-407
-368
-309
-248
-181
-128
-81
-35
10
56
67
95
98
101
104
86
84
76
44
2
-51
-94
-151
-187
-216
-254
-250
-242
-239
-238
-276
-327
-394
-447
-495
-541
-559
-575
-575
-573
-581
-590
-604
-603
-616
-629
-620
-610
-590
-575
-564
-564
-576
-595
-649
-705
-752
-799
-821
-823
-791
-744
-684
-620
-576
-529
-486
-456
-431
-439
-434
-446
-430
-406
-394
-362
-332
-313
-299
-307
-305
-311
-289
-258
-236
-178
-114
-48
16
49
63
44
14
-43
-116
-178
-242
-298
-354
-419
-485
-564
-629
-702
-767
-806
-839
-860
-883
-898
-912
-916
-907
-915
-916
-910
-910
-898
-888
-866
-836
-789
-727
-685
-625
-546
-482
-430
-410
-382
-392
-403
-428
-491
-539
-596
-647
-715
-812
-905
-1010
-1099
-1179
-1259
-1277
-1275
-1256
-1229
-1217
-1202
-1197
-1183
-1168
-1150
-1106
-1043
-955
-845
-728
-603
-491
-367
-257
-143
-16
105
223
320
404
474
538
594
604
597
584
559
537
503
467
419
370
324
260
215
178
141
115
68
33
-22
-62
-97
-134
-142
-137
-128
-112
-120
-119
-144
-155
-171
-204
-211
-220
-232
-244
-265
-285
-317
-341
-383
-437
-476
-520
-562
-606
-651
-689
-727
-749
-789
-834
-866
-896
-917
-945
-969
-994
-999
-977
-955
-916
-871
-835
-797
-766
-730
-696
-652
-604
-578
-530
-481
-445
-409
-405
-390
-370
-328
-293
-265
-210
-145
-77
-4
45
86
88
116
117
89
82
78
64
50
19
-6
-34
-45
-64
-88
-96
-110
-138
-167
-200
-225
-253
-268
-297
-321
-335
-362
-393
-447
-501
-556
-604
-637
-678
-698
-696
-694
-697
-730
-784
-860
-917
-939
-944
-894
-816
-727
-623
-544
-466
-415
-363
-324
-313
-304
-315
-342
-367
-409
-428
-455
-450
-441
-438
-404
-359
-300
-231
-164
-93
-34
25
54
53
49
24
-14
-71
-141
-210
-277
-331
-406
-483
-541
-590
-616
-635
-628
-609
-567
-503
-442
-366
-275
-183
-88
-14
55
106
159
212
241
292
346
391
436
453
467
466
477
487
484
490
507
524
565
581
628
665
720
758
776
801
809
833
859
860
858
844
831
797
742
692
634
567
478
372
265
159
80
1
-58
-87
-105
-113
-128
-138
-144
-128
-75
-16
72
180
276
357
401
431
431
430
421
380
359
341
313
284
226
170
106
62
24
-23
-36
-40
-37
-20
-21
0
9
38
54
55
67
77
96
125
162
220
285
379
478
587
720
845
963
1064
1154
1238
1315
1398
1454
1505
1550
1568
1562
1510
1424
1303
1172
1048
928
842
797
774
767
742
723
683
652
623
570
541
518
493
479
448
416
362
302
221
99
-20
-153
-285
-396
-507
-585
-672
-743
-810
-887
-932
-949
-932
-898
-843
-745
-634
-471
-318
-163
-23
92
182
242
262
251
218
187
127
79
58
49
61
61
52
27
3
-32
-86
-145
-193
-241
-284
-357
-422
-507
-572
-627
-686
-698
-679
-640
-572
-493
-387
-292
-202
-145
-146
-151
-176
-212
-244
-291
-319
-352
-366
-391
-431
-467
-517
-569
-626
-691
-742
-786
-800
-817
-829
-819
-810
-795
-784
-777
-776
-782
-787
-820
-846
-855
-856
-841
-837
-843
-868
-902
-934
-974
-992
-986
-964
-924
-896
-845
-806
-739
-656
-587
-500
-420
-354
-292
-253
-207
-179
-146
-136
-165
-181
-205
-227
-235
-248
-250
-268
-286
-326
-377
-412
-448
-477
-480
-474
-463
-453
-433
-442
-471
-495
-530
-574
-637
-685
-748
-810
-857
-903
-930
-937
-949
-947
-955
-961
-970
-969
-949
-925
-881
-813
-727
-626
-547
-454
-387
-302
-218
-160
-100
-57
-32
-5
-13
-25
-72
-115
-172
-258
-326
-405
-494
-580
-675
-759
-838
-880
-904
-904
-862
-806
-743
-692
-666
-652
-652
-637
-632
-627
-602
-575
-541
-516
-498
-489
-480
-461
-459
-446
-423
-407
-391
-391
-401
-421
-443
-465
-506
-528
-538
-547
-547
-573
-588
-626
-648
-666
-692
-694
-686
-668
-634
-605
-546
-487
-396
-306
-240
-155
-74
6
96
181
282
393
530
668
808
968
1120
1266
1398
1512
1625
1738
1856
1984
2124
2320
2540
2796
3053
3303
3534
3758
3977
4156
4360
4587
4800
5019
5235
5443
5633
5813
5982
6128
6277
6410
6525
6640
6723
6808
6856
6905
6935
6936
6924
6888
6830
6767
6671
6591
6487
6408
6329
6224
6129
6015
5874
5710
5511
5286
5031
4765
4469
4149
3826
3483
3133
2781
2427
2085
1752
1450
1158
903
701
533
400
271
152
29
-86
-187
-301
-403
-494
-587
-666
-742
-803
-856
-890
-908
-942
-948
-941
-932
-910
-909
-900
-906
-896
-885
-887
-874
-867
-865
-864
-891
-905
-936
-940
-948
-968
-964
-956
-945
-933
-932
-930
-932
-918
-912
-916
-905
-897
-891
-900
-926
-961
-1010
-1053
-1118
-1187
-1245
-1305
-1352
-1393
-1416
-1419
-1425
-1430
-1455
-1463
-1455
-1432
-1375
-1322
-1229
-1126
-989
-853
-734
-600
-463
-340
-219
-124
-25
40
90
107
82
63
28
-15
-62
-132
-198
-291
-367
-439
-513
-553
-581
-599
-609
-631
-655
-691
-720
-766
-820
-848
-859
-846
-817
-784
-746
-716
-679
-666
-656
-640
-631
-614
-613
-610
-619
-622
-615
-615
-596
-555
-512
-463
-426
-384
-360
-333
-318
-350
-380
-422
-479
-529
-587
-624
-666
-691
-721
-773
-811
-852
-889
-916
-961
-988
-1030
-1046
-1062
-1081
-1078
-1068
-1046
-1017
-994
-969
-950
-910
-869
-822
-746
-668
-586
-516
-462
-422
-400
-381
-393
-413
-425
-432
-416
-396
-358
-318
-266
-200
-151
-112
-55
8
65
106
158
184
214
237
227
235
239
250
246
218
185
144
112
79
27
6
-10
-25
-41
-84
-109
-143
-160
-183
-209
-226
-251
-282
-329
-392
-458
-534
-589
-638
-680
-683
-681
-659
-627
-591
-547
-493
-412
-336
-251
-160
-86
-25
0
4
-25
-67
-109
-154
-171
-156
-123
-71
-25
46
110
195
284
347
424
489
530
559
556
546
520
507
495
464
455
443
424
401
349
298
228
173
114
56
16
-25
-56
-75
-83
-67
-41
8
44
70
106
137
178
222
270
319
369
430
471
506
531
526
516
499
499
507
532
574
602
630
658
686
721
734
735
724
726
737
724
745
773
792
808
799
784
732
702
676
621
599
594
597
619
639
672
704
750
788
825
889
965
1063
1169
1278
1384
1470
1553
1610
1652
1704
1740
1776
1796
1807
1819
1820
1824
1803
1782
1762
1728
1698
1657
1629
1611
1616
1639
1651
1668
1685
1696
1706
1688
1678
1644
1625
1609
1590
1609
1648
1699
1769
1834
1910
1968
2039
2104
2146
2216
2287
2359
2435
2483
2519
2528
2537
2532
2520
2529
2543
2566
2589
2599
2608
2600
2594
2561
2514
2473
2424
2384
2348
2328
2321
2328
2355
2368
2394
2431
2457
2483
2490
2495
2494
2499
2509
2499
2492
2478
2450
2415
2346
2280
2179
2080
1974
1860
1775
1710
1653
1620
1562
1518
1456
1422
1385
1338
1335
1326
1348
1394
1451
1514
1590
1679
1756
1814
1866
1905
1940
1957
1950
1933
1905
1902
1890
1893
1917
1949
1973
1971
1948
1911
1867
1834
1784
1747
1730
1707
1676
1623
1562
1498
1447
1409
1359
1322
1286
1242
1195
1114
1041
944
857
773
680
614
562
516
480
431
398
344
304
253
175
119
65
18
-19
-59
-87
-115
-126
-142
-167
-177
-189
-193
-191
-190
-178
-169
-150
-156
-180
-208
-259
-323
-408
-495
-588
-669
-729
-792
-827
-833
-831
-817
-805
-788
-774
-750
-723
-725
-718
-706
-688
-647
-615
-555
-497
-412
-317
-228
-125
-32
43
102
119
134
108
78
40
-12
-54
-96
-123
-145
-166
-177
-198
-215
-253
-293
-329
-364
-399
-438
-495
-566
-650
-718
-805
-901
-994
-1099
-1200
-1313
-1426
-1538
-1620
-1680
-1742
-1775
-1777
-1761
-1731
-1704
-1676
-1646
-1610
-1562
-1542
-1498
-1441
-1379
-1305
-1254
-1197
-1162
-1120
-1079
-1041
-969
-877
-770
-655
-571
-488
-451
-419
-413
-432
-438
-451
-466
-485
-520
-561
-616
-661
-716
-782
-832
-883
-928
-975
-1025
-1063
-1085
-1066
-1032
-969
-875
-777
-680
-610
-554
-526
-509
-492
-487
-464
-427
-392
-355
-338
-326
-330
-326
-318
-342
-352
-367
-393
-416
-464
-510
-579
-648
-722
-810
-874
-930
-977
-1010
-1061
-1099
-1163
-1218
-1287
-1368
-1426
-1469
-1510
-1522
-1522
-1501
-1485
-1430
-1366
-1299
-1208
-1108
-1004
-915
-831
-744
-679
-607
-550
-497
-447
-412
-399
-418
-457
-519
-575
-605
-624
-616
-593
-554
-506
-479
-466
-492
-519
-550
-615
-661
-704
-749
-770
-802
-816
-833
-836
-845
-878
-891
-901
-904
-892
-896
-879
-876
-853
-844
-853
-856
-865
-871
-878
-893
-902
-907
-883
-860
-837
-798
-768
-744
-735
-742
-759
-783
-791
-809
-819
-816
-820
-823
-845
-871
-910
-945
-970
-996
-1006
-993
-971
-938
-919
-895
-899
-899
-901
-921
-905
-864
-806
-730
-676
-626
-593
-548
-509
-503
-493
-503
-525
-544
-581
-600
-636
-658
-690
-728
-749
-771
-791
-816
-853
-889
-935
-971
-1015
-1061
-1077
-1102
-1116
-1131
-1133
-1123
-1091
-1016
-954
-865
-747
-627
-515
-417
-330
-265
-204
-154
-119
-85
-53
-34
-15
-24
-27
-69
-105
-155
-228
-279
-315
-344
-351
-365
-364
-373
-371
-366
-381
-380
-386
-396
-400
-425
-441
-471
-491
-527
-573
-608
-649
-690
-732
-778
-811
-844
-848
-849
-840
-805
-772
-739
-720
-708
-702
-695
-677
-676
-666
-642
-622
-600
-594
-592
-597
-600
-600
-614
-616
-600
-573
-525
-486
-426
-387
-339
-304
-303
-299
-307
-330
-353
-391
-417
-450
-467
-490
-541
-574
-610
-641
-656
-675
-671
-661
-622
-581
-542
-487
-433
-376
-330
-304
-289
-296
-303
-334
-376
-408
-446
-479
-531
-600
-680
-759
-838
-932
-1003
-1053
-1084
-1084
-1078
-1066
-1058
-1056
-1086
-1154
-1234
-1313
-1381
-1423
-1452
-1417
-1367
-1283
-1192
-1126
-1051
-980
-919
-856
-795
-713
-640
-545
-460
-396
-308
-224
-155
-90
-59
-35
-36
-34
-48
-74
-85
-100
-117
-144
-189
-235
-291
-337
-396
-446
-465
-475
-478
-494
-522
-567
-614
-647
-689
-708
-703
-695
-679
-675
-679
-696
-716
-728
-749
-745
-717
-668
-594
-536
-467
-427
-384
-362
-377
-401
-447
-513
-588
-688
-769
-854
-900
-927
-948
-914
-858
-790
-714
-644
-563
-488
-400
-324
-260
-194
-151
-133
-144
-181
-224
-277
-317
-363
-391
-376
-341
-286
-237
-192
-165
-151
-145
-174
-226
-277
-338
-404
-492
-567
-631
-683
-722
-770
-798
-808
-800
-749
-713
-650
-593
-516
-446
-383
-299
-199
-94
17
96
173
214
263
290
297
320
327
316
288
244
198
137
80
21
-32
-44
-53
-54
-56
-65
-75
-95
-109
-144
-185
-219
-263
-309
-375
-451
-542
-634
-724
-833
-931
-1012
-1090
-1149
-1199
-1226
-1233
-1211
-1170
-1143
-1094
-1044
-1004
-962
-943
-905
-872
-811
-738
-673
-596
-524
-456
-383
-329
-256
-204
-138
-86
-58
-15
16
33
32
1
-49
-118
-186
-270
-363
-435
-502
-556
-607
-657
-699
-737
-756
-779
-785
-761
-724
-668
-614
-554
-498
-439
-378
-344
-311
-277
-252
-228
-218
-218
-230
-231
-223
-249
-250
-254
-266
-281
-325
-351
-397
-416
-414
-429
-439
-443
-448
-473
-551
-649
-777
-875
-958
-1031
-1059
-1066
-1051
-1035
-1015
-998
-992
-982
-985
-983
-936
-866
-765
-651
-547
-446
-354
-261
-185
-107
-16
74
177
275
382
482
582
683
759
824
877
903
913
890
854
798
752
714
656
619
586
548
514
459
409
345
298
262
226
222
231
249
276
276
283
264
262
255
243
250
258
269
277
268
247
212
189
161
132
118
101
89
73
48
