0
-19
-51
-85
-140
-188
-208
-176
-221
-233
-232
-216
-206
-187
-208
-207
-188
-143
-178
-187
-199
-208
-221
-230
-282
-293
-281
-243
-309
-323
-342
-354
-363
-375
-404
-406
-366
-327
-358
-367
-373
-392
-416
-453
-513
-530
-517
-519
-552
-538
-526
-499
-463
-450
-440
-392
-304
-281
-277
-261
-247
-232
-209
-202
-183
-142
-63
-88
-92
-100
-112
-132
-146
-192
-222
-231
-216
-275
-303
-328
-347
-368
-378
-423
-420
-384
-319
-342
-315
-295
-276
-262
-258
-271
-254
-205
-162
-184
-165
-160
-163
-170
-193
-228
-228
-185
-172
-187
-165
-150
-147
-149
-190
-230
-243
-212
-229
-253
-256
-259
-264
-267
-298
-314
-307
-249
-297
-303
-305
-297
-295
-283
-301
-299
-278
-227
-259
-255
-254
-248
-245
-231
-252
-226
-171
-99
-111
-88
-76
-71
-70
-78
-104
-104
-76
-61
-110
-118
-133
-153
-157
-192
-247
-263
-233
-236
-267
-262
-249
-257
-249
-263
-268
-246
-181
-167
-159
-143
-125
-116
-98
-120
-128
-114
-44
-83
-79
-75
-64
-59
-46
-58
-54
-43
-14
-85
-118
-154
-180
-209
-233
-298
-317
-301
-268
-304
-299
-293
-279
-256
-236
-229
-191
-124
-73
-89
-71
-70
-79
-90
-120
-158
-159
-113
-105
-116
-93
-72
-55
-34
-41
-43
-21
34
37
23
26
26
19
12
-41
-79
-99
-70
-151
-190
-224
-249
-269
-273
-296
-292
-262
-197
-231
-215
-205
-187
-174
-157
-169
-139
-80
-16
-18
9
28
40
44
32
-3
-4
34
61
29
37
38
39
37
9
-37
-59
-44
-73
-118
-142
-163
-189
-192
-220
-236
-215
-173
-178
-187
-181
-177
-171
-159
-176
-157
-121
-44
-69
-61
-57
-49
-49
-43
-69
-72
-52
0
-59
-66
-81
-96
-118
-136
-178
-180
-152
-126
-156
-152
-154
-155
-153
-158
-178
-161
-106
-65
-79
-54
-37
-22
-12
-31
-57
-50
3
-2
-26
-24
-18
-15
-7
-20
-30
-16
29
19
-5
-20
-36
-56
-68
-124
-149
-146
-93
-132
-128
-116
-99
-86
-71
-87
-74
-37
43
14
47
66
81
80
73
44
48
86
133
129
164
198
233
265
280
270
288
338
363
330
327
307
275
240
183
127
106
131
94
45
23
6
-12
-27
-51
-75
-75
-60
-82
-105
-111
-99
-106
-95
-136
-126
-88
-1
-12
16
49
82
96
117
102
109
137
200
147
157
155
157
149
138
104
101
123
144
108
117
127
140
144
133
99
95
123
126
83
83
84
87
94
78
61
77
142
147
144
165
187
206
232
242
249
274
334
324
318
321
331
330
329
278
256
254
288
236
210
186
164
134
105
41
22
39
103
59
82
103
127
143
152
138
145
175
197
159
162
160
156
148
127
92
96
137
152
121
124
122
114
105
66
29
23
68
52
28
26
25
26
35
29
30
56
126
123
136
169
201
203
222
205
223
270
344
345
349
358
362
356
344
295
288
317
370
322
328
329
324
308
282
238
221
235
248
206
210
213
222
233
226
201
207
249
258
221
219
220
221
226
199
173
171
211
190
160
156
151
143
142
126
120
142
212
197
212
236
264
281
299
275
273
294
348
328
332
328
320
301
280
214
189
192
230
175
176
174
175
173
164
141
150
193
236
222
255
288
325
362
380
381
411
478
504
487
498
499
488
472
418
359
319
313
243
161
101
43
-10
-52
-106
-138
-133
-68
-95
-83
-62
-28
4
42
43
68
117
176
155
159
166
172
166
170
118
107
142
205
178
199
216
235
257
262
244
256
290
308
258
244
227
210
192
159
114
103
133
131
92
87
84
84
98
85
76
93
149
145
125
126
125
127
135
117
116
141
222
199
219
244
275
296
319
308
317
347
411
394
415
428
438
433
425
370
355
367
395
349
348
347
353
363
365
346
354
395
427
398
411
418
423
426
409
381
383
425
425
397
399
399
393
390
359
338
345
389
382
355
341
319
291
261
193
148
135
185
134
136
148
167
176
181
152
140
150
195
153
162
165
194
207
232
203
231
290
358
373
406
434
449
472
477
464
477
521
552
513
495
470
440
399
339
271
246
276
266
241
251
267
283
311
310
318
352
422
444
447
460
469
471
473
431
416
423
475
410
381
355
337
318
307
272
263
278
326
272
268
257
254
245
242
210
217
250
286
257
257
249
241
238
233
215
237
297
345
337
368
393
418
445
451
447
473
544
562
562
596
633
663
691
689
689
715
777
794
801
826
850
868
889
864
864
884
951
912
914
919
927
929
931
904
900
922
984
940
957
965
980
984
981
944
934
949
972
941
926
926
940
961
982
979
1016
1075
1121
1106
1125
1133
1144
1162
1168
1164
1200
1284
1313
1326
1360
1388
1408
1429
1429
1431
1456
1517
1533
1546
1570
1587
1595
1609
1577
1579
1603
1672
1644
1649
1656
1665
1667
1666
1625
1603
1600
1632
1549
1523
1485
1449
1398
1339
1248
1184
1148
1112
1024
974
921
872
828
780
723
711
747
771
752
774
791
804
815
802
785
796
850
840
815
813
810
804
802
779
757
758
793
767
736
709
679
641
611
535
490
473
502
449
433
428
429
430
434
404
408
437
502
450
451
431
402
359
311
246
217
225
238
197
196
188
181
181
181
146
145
179
187
144
132
122
96
58
7
-41
-55
-16
-34
-55
-42
-32
-25
-13
-21
-32
-21
24
2
-9
-14
-15
-23
-24
-67
-74
-60
-12
-45
-52
-53
-54
-59
-58
-91
-90
-63
-1
-52
-42
-38
-28
-22
-23
-46
-51
-39
-42
-113
-147
-188
-225
-256
-288
-323
-311
-252
-218
-228
-199
-174
-153
-129
-132
-134
-109
-38
-32
-39
-23
-9
1
13
1
-14
-13
29
-9
-24
-35
-43
-65
-85
-149
-187
-200
-177
-224
-238
-246
-247
-249
-248
-286
-281
-248
-185
-231
-224
-219
-206
-188
-170
-165
-131
-70
-18
-34
-16
-10
-6
-2
-8
-23
2
70
100
100
104
99
66
39
-18
-76
-86
-56
-83
-115
-111
-114
-120
-125
-148
-152
-137
-80
-113
-111
-112
-105
-107
-96
-116
-110
-79
-15
-22
1
29
60
87
115
102
139
206
290
269
298
321
347
375
392
388
410
466
523
526
582
641
711
790
861
929
1041
1205
1339
1441
1578
1712
1843
1983
2102
2233
2398
2606
2754
2888
3044
3200
3359
3533
3692
3876
4099
4388
4587
4834
5097
5373
5646
5929
6179
6448
6731
7032
7238
7462
7664
7852
8014
8162
8251
8364
8478
8580
8560
8545
8488
8395
8270
8108
7903
7706
7512
7271
6920
6562
6157
5721
5263
4776
4271
3800
3375
2917
2432
1992
1566
1155
768
370
-1
-318
-588
-878
-1151
-1385
-1591
-1785
-1956
-2146
-2295
-2407
-2451
-2591
-2678
-2739
-2771
-2797
-2788
-2778
-2733
-2656
-2541
-2509
-2431
-2354
-2268
-2189
-2107
-2065
-1981
-1872
-1749
-1704
-1621
-1537
-1455
-1374
-1309
-1265
-1198
-1104
-1027
-1019
-976
-945
-918
-891
-886
-896
-879
-821
-808
-819
-793
-762
-733
-696
-683
-658
-599
-501
-450
-415
-361
-305
-247
-185
-163
-124
-65
40
29
55
78
103
120
135
112
99
94
112
31
-2
-37
-60
-84
-101
-151
-160
-139
-109
-144
-139
-131
-117
-96
-82
-84
-55
4
49
35
64
88
110
131
128
113
130
190
205
201
230
263
295
335
349
368
409
477
493
483
481
475
432
379
289
225
196
220
143
107
67
49
33
24
-12
-13
14
91
62
91
111
134
138
137
95
82
94
106
58
45
29
17
12
-6
-45
-49
-18
1
-41
-41
-47
-50
-52
-73
-100
-99
-57
-74
-108
-110
-105
-100
-88
-98
-101
-74
-5
22
41
76
112
142
181
179
204
249
337
320
334
346
353
345
331
282
258
259
304
244
249
250
259
260
258
224
220
241
259
218
212
208
210
215
208
182
187
228
249
218
230
239
247
256
242
226
244
316
335
342
372
398
414
432
426
420
436
486
486
482
489
494
489
487
437
408
420
453
396
366
356
366
373
398
384
390
425
514
490
533
572
617
663
693
694
719
779
828
821
845
864
887
909
920
913
941
1008
1058
1061
1102
1137
1169
1197
1195
1177
1182
1234
1217
1183
1171
1158
1144
1136
1113
1095
1106
1158
1151
1148
1152
1155
1148
1147
1103
1098
1127
1204
1208
1246
1287
1331
1369
1407
1405
1434
1482
1566
1531
1555
1567
1579
1583
1581
1560
1566
1604
1643
1626
1652
1676
1703
1728
1736
1724
1746
1808
1843
1830
1852
1870
1888
1911
1912
1916
1953
2033
2045
2044
2065
2087
2110
2141
2155
2168
2202
2272
2268
2279
2298
2324
2343
2373
2361
2378
2419
2492
2480
2489
2495
2504
2502
2498
2435
2413
2432
2488
2450
2479
2502
2529
2559
2582
2579
2593
2622
2650
2622
2634
2652
2689
2726
2748
2752
2786
2856
2889
2870
2879
2877
2866
2856
2818
2783
2779
2823
2808
2783
2778
2765
2757
2754
2736
2725
2740
2802
2784
2794
2807
2819
2813
2805
2750
2718
2711
2741
2699
2686
2677
2676
2671
2673
2636
2644
2674
2726
2667
2658
2636
2607
2567
2516
2446
2402
2389
2372
2296
2264
2223
2183
2143
2087
2017
1982
1985
1956
1888
1858
1827
1793
1761
1704
1657
1646
1680
1654
1615
1595
1573
1549
1527
1482
1449
1445
1490
1439
1420
1403
1388
1361
1337
1277
1238
1220
1233
1174
1151
1130
1110
1077
1040
954
909
891
903
837
808
771
751
729
702
657
631
632
608
531
492
438
367
296
204
112
56
59
34
-17
-31
-42
-47
-43
-67
-87
-79
-33
-47
-77
-89
-109
-139
-167
-226
-271
-294
-256
-314
-325
-334
-339
-355
-366
-407
-424
-414
-365
-390
-376
-365
-353
-352
-353
-400
-408
-386
-340
-370
-350
-329
-304
-282
-276
-297
-298
-277
-273
-337
-362
-394
-427
-460
-512
-576
-601
-575
-578
-600
-582
-562
-542
-515
-518
-515
-486
-422
-414
-428
-431
-443
-459
-468
-504
-517
-499
-425
-460
-456
-451
-441
-435
-423
-439
-440
-425
-381
-431
-443
-464
-481
-508
-532
-596
-619
-615
-604
-667
-692
-716
-731
-742
-735
-758
-746
-698
-652
-659
-631
-603
-581
-581
-592
-604
-584
-523
-507
-525
-506
-502
-504
-508
-531
-554
-550
-514
-527
-557
-573
-594
-623
-653
-721
-762
-779
-747
-825
-859
-890
-913
-944
-971
-1017
-1040
-1039
-997
-1044
-1030
-1012
-979
-950
-917
-920
-883
-816
-741
-727
-682
-645
-613
-584
-565
-565
-534
-473
-437
-468
-466
-479
-498
-519
-558
-599
-603
-561
-567
-595
-592
-587
-585
-576
-591
-597
-572
-515
-508
-519
-522
-534
-557
-574
-629
-652
-648
-593
-645
-658
-668
-672
-677
-679
-710
-716
-698
-640
-684
-667
-655
-635
-623
-613
-637
-629
-595
-559
-583
-575
-575
-576
-580
-594
-626
-621
-580
-560
-593
-594
-605
-630
-658
-698
-749
-758
-711
-725
-749
-735
-720
-710
-700
-727
-751
-750
-728
-759
-787
-804
-819
-836
-849
-904
-926
-920
-862
-901
-898
-885
-859
-832
-799
-798
-765
-704
-601
-616
-571
-540
-513
-498
-487
-506
-500
-472
-448
-481
-480
-482
-484
-486
-499
-530
-528
-488
-466
-498
-496
-509
-533
-562
-616
-671
-690
-656
-676
-704
-707
-711
-719
-719
-734
-743
-723
-666
-663
-662
-652
-638
-628
-606
-628
-623
-600
-544
-585
-598
-609
-615
-622
-622
-654
-658
-639
-582
-637
-628
-626
-618
-616
-617
-643
-646
-624
-606
-645
-644
-644
-642
-639
-647
-669
-653
-598
-569
-589
-572
-560
-550
-537
-551
-557
-522
-443
-436
-425
-394
-358
-316
-278
-255
-252
-220
-163
-179
-206
-227
-251
-280
-311
-373
-399
-397
-359
-411
-439
-467
-500
-540
-578
-645
-665
-642
-567
-596
-564
-538
-511
-492
-486
-499
-489
-450
-417
-445
-440
-447
-458
-470
-491
-525
-524
-486
-482
-528
-542
-565
-591
-613
-660
-705
-720
-685
-711
-742
-746
-744
-740
-727
-732
-734
-715
-656
-675
-675
-665
-643
-624
-593
-600
-576
-524
-439
-435
-410
-388
-366
-350
-333
-359
-347
-309
-240
-284
-273
-265
-255
-251
-258
-286
-292
-274
-264
-320
-341
-373
-407
-441
-484
-535
-543
-502
-486
-508
-491
-475
-462
-447
-463
-479
-468
-412
-418
-435
-437
-428
-435
-452
-489
-525
-535
-498
-540
-543
-555
-545
-536
-520
-545
-541
-519
-457
-483
-478
-479
-469
-466
-457
-484
-463
-412
-331
-354
-328
-312
-297
-285
-288
-316
-320
-298
-280
-320
-314
-313
-304
-296
-305
-326
-306
-242
-212
-224
-204
-186
-167
-146
-158
-170
-160
-111
-124
-151
-161
-176
-191
-197
-221
-228
-209
-145
-185
-196
-206
-213
-231
-244
-286
-300
-290
-249
-285
-290
-299
-309
-325
-337
-389
-398
-383
-348
-401
-410
-423
-437
-451
-474
-513
-523
-502
-488
-540
-552
-571
-593
-619
-662
-718
-738
-711
-714
-744
-731
-712
-689
-660
-661
-658
-628
-561
-553
-561
-550
-540
-527
-506
-510
-502
-469
-389
-428
-428
-428
-413
-413
-407
-429
-450
-455
-419
-466
-474
-484
-491
-495
-486
-528
-532
-496
-445
-474
-462
-455
-443
-430
-426
-439
-420
-366
-315
-318
-280
-249
-223
-200
-199
-217
-216
-179
-189
-240
-265
-295
-329
-353
-399
-433
-431
-384
-381
-389
-376
-366
-360
-354
-383
-393
-379
-312
-354
-352
-350
-345
-344
-332
-341
-327
-294
-230
-259
-244
-233
-213
-202
-191
-220
-211
-176
-132
-162
-163
-171
-188
-212
-253
-318
-356
-363
-381
-455
-480
-503
-519
-524
-541
-564
-552
-491
-468
-462
-425
-391
-363
-332
-331
-327
-303
-252
-251
-271
-277
-285
-291
-286
-313
-309
-275
-187
-207
-185
-167
-159
-158
-165
-204
-242
-244
-213
-282
-287
-313
-324
-355
-372
-428
-445
-439
-417
-449
-443
-451
-451
-454
-472
-510
-518
-490
-478
-522
-519
-516
-509
-498
-504
-519
-499
-437
-424
-430
-407
-385
-359
-325
-313
-300
-266
-205
-198
-211
-212
-214
-221
-222
-268
-286
-277
-217
-259
-263
-265
-266
-270
-270
-296
-293
-262
-192
-227
-202
-183
-159
-145
-136
-159
-151
-114
-70
-78
-47
-20
5
27
36
25
46
98
126
93
95
86
71
50
0
-59
-87
-68
-103
-152
-173
-192
-210
-213
-231
-238
-214
-154
-145
-150
-149
-153
-163
-165
-206
-210
-183
-109
-133
-128
-126
-126
-129
-126
-148
-138
-104
-39
-84
-82
-108
-123
-145
-167
-211
-227
-204
-196
-229
-216
-204
-194
-178
-173
-175
-154
-94
-66
-97
-100
-115
-133
-149
-186
-218
-210
-150
-148
-159
-142
-125
-115
-98
-97
-93
-65
-8
-14
-23
-31
-45
-72
-92
-154
-179
-175
-124
-160
-167
-175
-187
-207
-228
-281
-295
-275
-210
-258
-240
-230
-216
-207
-201
-216
-204
-163
-124
-141
-118
-96
-70
-44
-30
-35
-10
46
64
26
19
4
-13
-29
-66
-101
-105
-62
-86
-124
-143
-166
-190
-205
-232
-249
-237
-182
-191
-186
-172
-154
-145
-129
-156
-153
-124
-58
-72
-54
-29
3
31
56
35
43
71
131
78
87
88
88
75
56
21
-8
-11
-22
-76
-84
-89
-77
-74
-84
-94
-63
10
59
60
94
118
127
130
109
88
94
148
135
117
121
124
123
124
104
88
102
155
128
123
128
143
147
151
113
101
106
139
94
79
69
65
56
51
5
3
35
103
64
79
85
91
91
82
52
45
64
77
29
21
9
1
-2
-16
-43
-38
4
11
-19
-14
-12
-15
-16
-47
-71
-58
7
13
6
17
20
16
9
-20
-41
-34
24
-6
-2
9
27
33
47
24
24
47
103
87
99
109
124
133
147
118
131
172
240
210
231
245
261
268
259
223
203
207
202
130
112
78
59
31
17
0
21
96
117
99
105
121
131
145
118
100
119
181
177
171
191
198
196
185
147
122
125
184
142
132
119
110
87
68
14
-16
-23
1
-56
-73
-88
-92
-99
-97
-139
-139
-111
-60
-93
-80
-71
-62
-52
-48
-58
-38
12
52
23
34
40
48
58
49
25
34
84
97
80
97
110
119
132
109
88
93
136
127
104
102
98
94
94
62
44
53
116
73
72
73
78
76
82
59
61
89
151
127
143
156
178
194
211
183
196
236
288
259
265
267
271
273
263
230
226
256
279
240
242
236
226
210
170
116
102
129
96
52
50
54
67
81
72
55
77
141
159
159
180
205
230
244
225
223
243
312
266
261
260
262
256
250
212
185
174
195
126
105
85
78
68
69
35
45
88
139
124
145
163
179
193
197
180
194
242
278
255
275
286
293
298
283
262
279
345
368
370
393
408
412
413
378
336
305
300
247
187
152
123
91
62
-11
-60
-85
-57
-133
-163
-184
-192
-193
-181
-184
-161
-120
-47
-80
-61
-52
-38
-33
-26
-52
-43
-7
33
12
26
38
51
62
61
40
55
104
130
90
81
61
38
14
-28
-74
-83
-42
-52
-78
-78
-76
-69
-76
-105
-124
-109
-56
-50
-46
-41
-46
-39
-17
-35
-18
32
135
139
171
198
225
246
264
255
270
311
390
355
375
376
372
351
325
266
235
232
230
174
145
108
74
44
2
-54
-70
-40
-25
-60
-55
-55
-54
-51
-68
-88
-72
-10
-10
-25
-9
10
29
55
59
64
89
143
135
116
104
90
67
55
4
-10
6
69
39
41
52
73
97
131
133
165
214
292
240
238
219
202
180
162
128
127
160
197
183
207
229
251
269
270
248
254
293
300
244
219
186
152
119
66
18
13
63
59
52
75
103
130
156
155
147
149
198
159
123
76
45
9
-25
-85
-119
-122
-81
-105
-100
-93
-91
-92
-81
-112
-116
-93
-28
-90
-94
-116
-137
-164
-193
-238
-254
-239
-227
-267
-270
-275
-276
-275
-282
-297
-273
-199
-141
-128
-82
-44
-11
20
22
22
51
122
123
111
118
122
120
118
98
80
86
130
102
90
88
92
87
90
44
22
18
46
-10
-39
-66
-91
-119
-141
-192
-194
-160
-82
-111
-79
-55
-29
-9
7
10
44
112
181
186
221
239
250
255
243
216
225
278
307
303
346
393
439
487
504
520
563
646
660
659
677
692
704
720
719
725
755
829
821
841
871
906
932
969
972
981
1021
1101
1101
1136
1159
1183
1187
1197
1156
1151
1167
1215
1164
1172
1165
1163
1163
1155
1132
1132
1160
1188
1154
1166
1172
1177
1178
1163
1135
1145
1198
1220
1205
1226
1245
1261
1285
1281
1281
1308
1376
1382
1377
1391
1402
1411
1423
1418
1423
1452
1529
1508
1513
1512
1503
1469
1427
1342
1278
1236
1229
1149
1101
1047
993
934
881
789
749
749
786
738
742
740
736
727
705
663
647
667
686
646
654
658
664
668
656
630
637
682
687
653
650
644
634
622
575
527
505
523
487
438
412
383
352
325
274
243
249
320
295
311
327
341
339
338
303
287
291
319
269
269
247
230
216
207
159
150
174
212
157
155
146
133
114
87
39
26
37
40
-20
-37
-64
-89
-111
-144
-186
-194
-158
-159
-190
-188
-185
-190
-195
-235
-274
-283
-256
-282
-327
-348
-372
-393
-407
-449
-470
-465
-404
-449
-444
-433
-415
-406
-390
-403
-394
-361
-294
-314
-291
-278
-267
-273
-280
-332
-345
-333
-310
-361
-373
-391
-409
-430
-464
-520
-548
-542
-544
-599
-604
-610
-613
-612
-627
-647
-633
-573
-555
-565
-545
-529
-518
-505
-525
-547
-550
-521
-540
-572
-580
-585
-588
-585
-616
-622
-601
-523
-553
-541
-527
-509
-496
-477
-481
-462
-421
-350
-382
-369
-368
-363
-371
-387
-422
-443
-430
-417
-455
-452
-462
-461
-470
-498
-541
-540
-506
-486
-532
-543
-550
-569
-593
-638
-682
-698
-666
-684
-723
-730
-735
-737
-726
-733
-727
-685
-611
-588
-584
-567
-550
-537
-524
-555
-557
-537
-468
-504
-501
-495
-486
-481
-474
-496
-493
-469
-407
-449
-434
-428
-414
-404
-388
-398
-372
-317
-258
-257
-220
-179
-127
-62
8
74
188
347
498
595
732
862
993
1129
1250
1372
1528
1729
1874
2004
2161
2318
2473
2638
2790
2954
3150
3385
3577
3762
3963
4166
4366
4575
4749
4964
5214
5521
5737
5996
6261
6530
6796
7063
7295
7547
7813
8101
8254
8444
8596
8717
8789
8816
8774
8720
8653
8549
8354
8171
7959
7722
7429
7080
6675
6250
5831
5354
4801
4273
3744
3217
2700
2169
1646
1184
793
355
-70
-436
-779
-1095
-1372
-1640
-1872
-2051
-2170
-2322
-2457
-2563
-2650
-2726
-2781
-2867
-2912
-2916
-2865
-2891
-2877
-2845
-2796
-2740
-2673
-2635
-2563
-2467
-2337
-2329
-2260
-2199
-2132
-2073
-2018
-1990
-1938
-1861
-1786
-1769
-1720
-1678
-1634
-1589
-1554
-1534
-1474
-1372
-1292
-1260
-1189
-1122
-1058
-992
-947
-900
-819
-690
-628
-581
-516
-456
-407
-359
-335
-312
-267
-186
-173
-158
-141
-127
-126
-121
-169
-196
-204
-178
-237
-264
-284
-296
-307
-311
-348
-344
-315
-250
-298
-282
-270
-247
-223
-200
-192
-159
-101
-51
-70
-61
-70
-88
-112
-148
-196
-200
-149
-139
-181
-178
-185
-191
-195
-231
-265
-286
-249
-278
-318
-342
-357
-371
-371
-393
-403
-383
-314
-317
-297
-268
-234
-212
-185
-203
-194
-167
-105
-118
-100
-80
-52
-30
-4
-28
-15
23
100
62
76
74
65
47
19
-24
-36
-12
15
-14
0
9
18
26
23
9
32
93
121
101
116
124
127
132
107
86
96
156
157
148
158
161
161
162
145
139
161
232
218
234
257
285
304
331
315
320
346
401
377
380
383
391
392
391
341
329
341
380
318
308
296
286
275
257
221
215
242
265
227
233
239
251
268
271
262
288
353
380
368
387
395
412
407
367
327
322
366
342
318
314
296
288
295
279
273
294
364
353
373
403
437
470
497
485
491
517
571
548
565
586
617
643
679
669
697
750
823
807
836
850
857
857
840
798
780
791
799
750
751
748
748
754
748
729
748
814
849
855
897
935
966
998
997
999
1026
1094
1106
1103
1124
1149
1181
1220
1234
1263
1315
1416
1408
1437
1469
1503
1525
1547
1536
1548
1584
1653
1642
1668
1690
1714
1727
1741
1708
1718
1757
1815
1793
1811
1823
1834
1848
1858
1857
1894
1966
2032
2038
2089
2134
2177
2214
2225
2214
2227
2274
2276
2247
2251
2254
2255
2262
2242
2234
2255
2325
2345
2351
2364
2370
2385
2396
2380
2384
2402
2475
2446
2461
2478
2500
2509
2529
2525
2536
2573
2656
2647
2684
2719
2762
2804
2851
2862
2912
2988
3071
3078
3115
3140
3156
3161
3152
3120
3118
3144
3163
3125
3131
3133
3138
3145
3135
3115
3124
3174
3174
3145
3140
3132
3121
3116
3086
3060
3059
3092
3078
3046
3028
3007
2984
2965
2909
2881
2882
2940
2891
2885
2880
2879
2875
2873
2841
2826
2828
2860
2789
2768
2739
2717
2686
2658
2596
2570
2567
2564
2494
2454
2406
2356
2309
2257
2195
2175
2197
2211
2171
2172
2165
2156
2145
2109
2061
2039
2056
2014
1943
1890
1829
1755
1681
1579
1478
1402
1364
1292
1220
1172
1128
1077
1036
960
906
868
898
818
780
749
717
688
655
618
614
641
701
662
674
672
649
612
566
489
445
429
417
350
319
287
255
222
175
109
77
81
63
-7
-38
-68
-102
-130
-179
-229
-247
-216
-238
-273
-277
-277
-278
-272
-288
-302
-294
-257
-270
-295
-306
-315
-330
-334
-377
-388
-375
-323
-376
-401
-426
-450
-475
-491
-529
-533
-509
-446
-500
-500
-514
-530
-558
-592
-652
-683
-681
-673
-718
-729
-746
-764
-782
-812
-859
-867
-832
-817
-852
-847
-845
-844
-842
-863
-889
-885
-838
-853
-879
-880
-883
-891
-896
-919
-936
-928
-883
-898
-916
-925
-928
-934
-933
-981
-998
-989
-935
-970
-957
-960
-975
-991
-1003
-1041
-1045
-1013
-933
-987
-966
-945
-921
-907
-894
-904
-878
-840
-805
-836
-824
-821
-814
-805
-808
-830
-821
-778
-764
-806
-817
-836
-861
-890
-942
-991
-1003
-960
-978
-1001
-991
-980
-972
-963
-977
-996
-996
-964
-1001
-1029
-1044
-1052
-1062
-1056
-1085
-1080
-1047
-974
-985
-972
-962
-957
-959
-963
-1010
-1023
-1014
-974
-1055
-1084
-1125
-1164
-1202
-1237
-1279
-1284
-1251
-1211
-1221
-1185
-1152
-1116
-1077
-1052
-1045
-1011
-947
-916
-932
-917
-907
-900
-889
-905
-922
-913
-861
-875
-895
-890
-885
-884
-881
-900
-916
-910
-861
-891
-904
-914
-920
-935
-940
-982
-992
-974
-919
-937
-928
-921
-917
-923
-932
-978
-979
-951
-882
-919
-882
-858
-835
-817
-827
-859
-859
-836
-822
-866
-869
-865
-849
-839
-848
-863
-846
-789
-762
-780
-763
-757
-757
-752
-774
-790
-779
-723
-735
-760
-767
-774
-782
-787
-818
-841
-838
-789
-830
-843
-851
-852
-860
-853
-872
-858
-818
-751
-765
-758
-760
-765
-778
-794
-857
-882
-883
-861
-940
-968
-998
-1027
-1062
-1110
-1174
-1202
-1188
-1166
-1194
-1172
-1150
-1125
-1102
-1097
-1107
-1087
-1030
-1016
-1045
-1044
-1044
-1043
-1034
-1047
-1043
-1006
-926
-908
-908
-895
-890
-892
-892
-916
-929
-918
-858
-902
-912
-923
-933
-954
-969
-1014
-1033
-1028
-991
-1028
-1027
-1021
-1004
-992
-979
-1010
-997
-953
-880
-885
-839
-781
-725
-680
-670
-674
-663
-627
-592
-635
-632
-650
-652
-652
-659
-677
-644
-561
-511
-506
-461
-421
-393
-369
-388
-409
-407
-373
-400
-449
-480
-521
-564
-603
-664
-703
-706
-647
-687
-688
-683
-671
-663
-652
-670
-666
-641
-587
-621
-617
-617
-610
-610
-607
-649
-651
-627
-589
-625
-617
-606
-587
-568
-566
-587
-583
-552
-539
-596
-620
-655
-690
-720
-760
-798
-793
-737
-718
-724
-698
-672
-649
-623
-628
-627
-598
-530
-510
-506
-487
-476
-472
-466
-494
-502
-483
-410
-446
-438
-432
-428
-437
-446
-484
-501
-492
-445
-487
-478
-474
-466
-471
-480
-530
-545
-530
-503
-533
-524
-516
-507
-503
-515
-551
-562
-525
-508
-569
-580
-596
-609
-615
-640
-661
-664
-606
-586
-584
-554
-518
-490
-456
-469
-476
-464
-415
-416
-435
-435
-437
-444
-449
-498
-525
-527
-471
-513
-509
-505
-496
-490
-480
-497
-496
-473
-412
-454
-442
-435
-421
-413
-403
-428
-420
-389
-355
-381
-374
-370
-366
-364
-375
-407
-410
-386
-386
-448
-473
-500
-525
-545
-582
-624
-630
-590
-600
-624
-617
-611
-611
-606
-625
-638
-621
-563
-544
-530
-498
-466
-440
-412
-430
-421
-388
-306
-330
-322
-318
-315
-320
-327
-365
-381
-381
-349
-430
-455
-489
-514
-545
-576
-634
-659
-654
-642
-678
-674
-666
-652
-634
-625
-634
-611
-554
-524
-555
-553
-562
-568
-567
-597
-624
-615
-546
-534
-538
-506
-491
-486
-467
-471
-475
-453
-404
-411
-423
-435
-454
-474
-492
-560
-594
-601
-552
-589
-586
-572
-549
-524
-493
-488
-453
-393
-301
-331
-301
-283
-265
-252
-243
-265
-264
-240
-220
-256
-256
-259
-257
-252
-256
-276
-259
-205
-180
-213
-214
-226
-245
-270
-326
-393
-433
-428
-483
-548
-584
-619
-653
-675
-708
-728
-714
-653
-648
-640
-624
-605
-593
-574
-601
-600
-579
-522
-553
-553
-550
-544
-541
-537
-568
-564
-534
-466
-515
-506
-506
-502
-501
-501
-519
-508
-469
-433
-459
-452
-451
-449
-444
-447
-462
-437
-367
-319
-322
-292
-273
-264
-258
-280
-304
-296
-242
-234
-243
-222
-221
-208
-193
-199
-194
-185
-135
-163
-166
-165
-155
-155
-142
-168
-169
-162
-119
-159
-183
-209
-236
-261
-275
-322
-323
-296
-233
-285
-277
-282
-283
-290
-300
-328
-330
-308
-287
-323
-320
-330
-345
-365
-399
-445
-448
-404
-381
-401
-387
-381
-382
-384
-414
-441
-436
-387
-404
-435
-443
-452
-464
-473
-502
-524
-519
-464
-486
-480
-466
-445
-434
-412
-424
-404
-361
-290
-297
-277
-256
-230
-203
-169
-177
-146
-92
-13
-46
-31
-32
-41
-61
-93
-144
-171
-168
-169
-231
-248
-270
-291
-312
-350
-400
-415
-390
-397
-443
-452
-461
-466
-458
-472
-477
-447
-371
-355
-354
-335
-325
-325
-330
-350
-365
-374
-320
-350
-337
-306
-273
-241
-217
-217
-193
-150
-89
-108
-103
-97
-100
-103
-104
-149
-155
-139
-101
-162
-184
-218
-256
-295
-338
-392
-408
-384
-366
-408
-405
-416
-434
-459
-500
-550
-560
-516
-494
-495
-454
-412
-375
-334
-324
-309
-265
-175
-134
-96
-36
15
54
83
74
65
68
113
46
11
-27
-62
-108
-150
-226
-282
-313
-309
-378
-404
-425
-431
-434
-424
-448
-424
-372
-303
-324
-309
-301
-294
-289
-290
-304
-288
-241
-203
-228
-211
-203
-197
-192
-207
-235
-231
-187
-183
-212
-208
-205
-202
-196
-222
-244
-243
-207
-223
-251
-251
-241
-220
-186
-182
-165
-136
-64
-114
-127
-134
-153
-174
-186
-218
-226
-215
-163
-209
-223
-230
-231
-243
-251
-297
-296
-260
-212
-234
-208
-181
-156
-130
-123
-136
-118
-64
-17
-35
-17
-11
-6
-8
-33
-67
-67
-17
-14
-41
-36
-28
-26
-21
-49
-73
-76
-47
-70
-111
-137
-160
-177
-183
-223
-240
-236
-183
-242
-258
-268
-269
-271
-266
-287
-285
-258
-195
-223
-198
-179
-159
-152
-143
-167
-150
-103
-46
-55
-35
-24
-17
-16
-34
-82
-104
-91
-89
-143
-152
-166
-182
-195
-228
-267
-272
-230
-230
-245
-224
-199
-175
-145
-140
-131
-97
-32
-15
-14
-2
2
-3
-8
-60
-88
-90
-37
-90
-106
-125
-144
-168
-187
-235
-240
-237
-186
-256
-256
-265
-277
-285
-307
-356
-368
-335
-297
-311
-293
-274
-244
-217
-210
-222
-202
-154
-117
-133
-102
-71
-41
-9
-4
-11
6
69
72
54
59
62
59
58
27
-4
-15
1
-36
-83
-111
-135
-160
-175
-231
-254
-247
-191
-233
-243
-253
-265
-283
-295
-332
-332
-301
-223
-251
-216
-190
-159
-137
-118
-129
-116
-77
-38
-55
-40
-35
-33
-34
-51
-89
-97
-71
-62
-101
-95
-87
-76
-62
-72
-87
-71
-12
-20
-46
-48
-46
-47
-43
-57
-69
-59
-17
-26
-35
-31
-25
-24
-14
-49
-54
-38
21
-15
-23
-32
-44
-61
-76
-125
-142
-134
-88
-159
-173
-201
-220
-240
-282
-336
-356
-349
-334
-381
-384
-398
-397
-393
-398
-417
-395
-324
-272
-282
-253
-232
-215
-198
-209
-218
-191
-116
-107
-116
-105
-101
-102
-98
-112
-124
-110
-54
-61
-61
-49
-30
-18
0
-26
-18
16
87
71
77
78
70
46
18
-53
-84
-86
-45
-113
-113
-118
-115
-114
-118
-142
-140
-111
-83
-115
-106
-102
-95
-85
-86
-102
-85
-32
-6
-27
-12
-2
3
6
-20
-43
-34
24
21
12
28
44
54
66
55
41
52
108
93
95
105
122
137
168
166
199
263
364
389
437
480
521
551
578
558
570
601
664
615
620
617
614
608
596
569
567
602
653
632
658
692
739
796
840
875
936
1023
1085
1095
1131
1158
1185
1214
1219
1216
1238
1298
1287
1258
1252
1245
1241
1246
1237
1239
1270
1349
1342
1359
1367
1374
1369
1365
1319
1293
1291
1323
1289
1289
1298
1311
1314
1313
1264
1254
1272
1323
1278
1290
1300
1311
1318
1311
1279
1266
1277
1282
1227
1214
1194
1174
1154
1123
1083
1077
1113
1117
1083
1082
1078
1073
1072
1041
1015
1018
1063
1047
1018
1009
999
988
986
968
966
991
1067
1044
1055
1068
1083
1087
1096
1072
1071
1091
1143
1123
1136
1143
1149
1141
1126
1058
1026
1011
1010
917
873
829
788
750
706
647
616
615
607
539
518
493
467
463
422
376
351
376
369
321
320
305
274
249
207
170
162
192
164
134
115
86
54
31
-24
-59
-67
-18
-70
-80
-84
-84
-99
-117
-167
-201
-216
-203
-274
-311
-353
-396
-445
-486
-565
-597
-592
-561
-602
-594
-584
-571
-558
-557
-581
-581
-556
-542
-588
-588
-589
-583
-569
-565
-567
-537
-468
-443
-453
-432
-415
-406
-398
-428
-458
-466
-441
-474
-529
-574
-628
-688
-744
-830
-893
-926
-899
-974
-1003
-1022
-1031
-1045
-1055
-1094
-1112
-1103
-1055
-1089
-1071
-1052
-1023
-1001
-982
-1008
-998
-961
-911
-931
-915
-903
-894
-891
-906
-945
-956
-935
-929
-985
-1003
-1027
-1045
-1053
-1072
-1090
-1068
-1002
-976
-976
-943
-927
-910
-878
-882
-870
-838
-774
-761
-756
-735
-718
-709
-706
-741
-756
-759
-707
-752
-754
-753
-748
-753
-756
-794
-816
-817
-778
-833
-831
-831
-819
-811
-800
-822
-811
-773
-734
-754
-740
-732
-724
-718
-727
-766
-783
-771
-777
-840
-859
-880
-900
-919
-957
-1001
-1008
-965
-968
-990
-983
-978
-978
-971
-984
-987
-959
-894
-873
-863
-835
-805
-777
-745
-759
-750
-718
-632
-640
-593
-524
-429
-316
-184
-68
76
245
453
555
715
866
1022
1169
1314
1427
1573
1750
1931
2057
2221
2388
2562
2743
2922
3091
3299
3545
3774
3947
4160
4367
4574
4781
4966
5150
5373
5649
5872
6077
6305
6520
6719
6916
7086
7260
7426
7599
7700
7748
7773
7756
7695
7603
7417
7245
7076
6934
6660
6386
6065
5704
5287
4843
4343
3856
3382
2948
2405
1933
1467
1026
603
210
-179
-509
-785
-1040
-1336
-1579
-1816
-2034
-2241
-2441
-2642
-2785
-2874
-2960
-3073
-3123
-3156
-3174
-3180
-3202
-3216
-3187
-3098
-3060
-3028
-2967
-2903
-2840
-2776
-2735
-2695
-2633
-2540
-2504
-2466
-2417
-2364
-2316
-2259
-2247
-2199
-2123
-2002
-1970
-1908
-1843
-1773
-1703
-1626
-1581
-1505
-1412
-1291
-1296
-1245
-1208
-1170
-1139
-1112
-1104
-1064
-989
-908
-880
-814
-756
-704
-659
-632
-626
-584
-504
-450
-451
-422
-405
-398
-395
-424
-458
-464
-426
-454
-494
-504
-506
-505
-499
-513
-525
-517
-474
-499
-517
-502
-495
-488
-478
-505
-495
-470
-403
-424
-433
-433
-420
-410
-394
-413
-399
-349
-274
-318
-310
-309
-318
-338
-372
-428
-458
-460
-462
-520
-536
-548
-545
-536
-535
-543
-511
-436
-386
-388
-359
-333
-316
-303
-318
-330
-310
-239
-229
-226
-201
-179
-162
-143
-145
-149
-137
-92
-133
-161
-187
-209
-241
-265
-328
-357
-356
-315
-343
-338
-328
-310
-294
-271
-283
-245
-173
-61
-58
-6
29
54
65
64
46
52
85
113
76
79
77
77
76
56
19
16
55
63
27
20
5
-19
-48
-113
-173
-202
-184
-224
-269
-283
-291
-293
-284
-291
-288
-259
-177
-177
-145
-107
-63
-32
1
-6
16
58
131
120
138
168
196
224
253
226
238
281
347
309
316
305
299
288
252
191
165
166
164
105
92
86
89
102
105
99
127
197
235
239
279
316
353
394
404
416
461
549
575
583
605
623
638
658
654
661
691
772
752
766
779
791
791
797
771
769
787
832
795
787
775
767
758
759
725
745
802
885
881
919
947
969
990
1003
1002
1032
1095
1152
1148
1190
1230
1270
1309
1327
1324
1348
1413
1438
1431
1453
1468
1475
1484
1458
1435
1432
1465
1442
1408
1400
1397
1400
1413
1403
1411
1445
1534
1519
1549
1585
1630
1670
1718
1739
1784
1856
1960
1980
2037
2083
2134
2176
2205
2184
2229
2309
2416
2453
2519
2575
2601
2624
2625
2598
2588
2614
2629
2591
2591
2595
2597
2598
2574
2538
2536
2580
2587
2571
2590
2612
2629
2652
2646
2646
2668
2727
2735
2729
2741
2761
2784
2816
2811
2830
2875
2974
2962
2990
3018
3049
3069
3085
3070
3076
3104
3167
3141
3161
3171
3181
3175
3163
3105
3081
3085
3104
3060
3053
3047
3046
3049
3043
3019
3026
3065
3088
3052
3062
3069
3080
3095
3095
3090
3117
3185
3199
3186
3198
3209
3213
3217
3184
3151
3140
3158
3123
3063
3011
2950
2881
2816
2717
2650
2614
2637
2559
2525
2496
2473
2449
2428
2378
2342
2319
2324
2223
2171
2109
2049
1977
1902
1793
1722
1676
1653
1556
1484
1409
1340
1283
1212
1125
1070
1027
978
886
844
803
773
745
711
659
644
671
656
615
600
582
564
556
525
493
482
495
450
392
347
302
260
232
171
151
159
217
173
159
136
107
66
22
-53
-104
-135
-130
-234
-278
-327
-368
-413
-454
-517
-544
-543
-540
-591
-603
-612
-614
-610
-615
-642
-640
-607
-599
-650
-661
-674
-688
-703
-743
-790
-808
-779
-809
-858
-885
-916
-955
-992
-1050
-1103
-1128
-1112
-1141
-1169
-1184
-1196
-1217
-1235
-1300
-1332
-1337
-1295
-1346
-1364
-1376
-1379
-1377
-1364
-1381
-1368
-1334
-1260
-1299
-1277
-1263
-1243
-1233
-1227
-1248
-1243
-1213
-1183
-1210
-1203
-1200
-1199
-1194
-1203
-1237
-1242
-1219
-1210
-1257
-1258
-1253
-1253
-1243
-1244
-1243
-1213
-1136
-1128
-1124
-1090
-1067
-1054
-1030
-1030
-1028
-1001
-945
-953
-971
-990
-1011
-1046
-1077
-1153
-1195
-1208
-1174
-1221
-1231
-1234
-1229
-1226
-1215
-1240
-1238
-1213
-1150
-1202
-1193
-1195
-1194
-1200
-1210
-1242
-1248
-1224
-1202
-1240
-1243
-1251
-1259
-1263
-1276
-1302
-1291
-1243
-1220
-1242
-1224
-1206
-1184
-1157
-1154
-1148
-1112
-1030
-1018
-1022
-1010
-1006
-1012
-1018
-1050
-1085
-1102
-1083
-1136
-1174
-1202
-1222
-1246
-1258
-1309
-1326
-1316
-1265
-1290
-1285
-1276
-1262
-1252
-1243
-1275
-1269
-1238
-1170
-1211
-1188
-1167
-1141
-1122
-1117
-1137
-1137
-1115
-1100
-1145
-1147
-1151
-1150
-1147
-1158
-1187
-1184
-1146
-1143
-1176
-1173
-1176
-1193
-1187
-1208
-1218
-1183
-1111
-1095
-1104
-1080
-1064
-1053
-1054
-1072
-1086
-1074
-1030
-1060
-1068
-1073
-1076
-1094
-1108
-1164
-1194
-1197
-1164
-1202
-1208
-1207
-1200
-1193
-1183
-1210
-1198
-1163
-1105
-1157
-1158
-1168
-1180
-1193
-1212
-1246
-1252
-1227
-1207
-1251
-1256
-1271
-1285
-1296
-1316
-1344
-1332
-1278
-1257
-1278
-1269
-1268
-1275
-1280
-1311
-1328
-1309
-1240
-1227
-1221
-1190
-1159
-1132
-1107
-1108
-1107
-1088
-1026
-1059
-1064
-1067
-1066
-1080
-1091
-1144
-1174
-1180
-1150
-1187
-1188
-1186
-1182
-1184
-1185
-1233
-1238
-1215
-1162
-1197
-1179
-1161
-1136
-1111
-1093
-1094
-1068
-1012
-966
-989
-975
-970
-961
-948
-949
-958
-929
-859
-830
-843
-832
-836
-853
-872
-926
-956
-962
-938
-959
-984
-979
-974
-974
-964
-1003
-1019
-1001
-925
-948
-924
-899
-863
-852
-832
-853
-850
-832
-785
-814
-800
-784
-762
-748
-737
-776
-778
-755
-714
-764
-772
-792
-819
-850
-892
-951
-976
-968
-961
-1007
-1004
-1004
-1003
-999
-1012
-1034
-1022
-969
-957
-973
-951
-928
-910
-892
-915
-942
-944
-900
-897
-899
-873
-844
-814
-779
-780
-771
-745
-671
-714
-724
-739
-754
-780
-803
-854
-882
-886
-855
-907
-911
-916
-913
-918
-920
-959
-952
-912
-852
-862
-835
-817
-806
-798
-800
-816
-799
-746
-700
-713
-681
-650
-619
-589
-583
-594
-581
-532
-533
-568
-579
-596
-623
-648
-702
-750
-769
-750
-776
-816
-831
-839
-855
-858
-902
-914
-902
-830
-854
-847
-842
-821
-806
-791
-806
-804
-777
-710
-742
-726
-703
-671
-648
-620
-634
-612
-567
-519
-541
-537
-545
-559
-571
-599
-646
-659
-636
-628
-685
-705
-725
-738
-749
-774
-806
-804
-752
-741
-748
-724
-700
-679
-656
-661
-658
-629
-567
-551
-548
-527
-505
-487
-466
-490
-497
-490
-437
-495
-515
-534
-547
-560
-566
-598
-606
-593
-546
-608
-615
-630
-636
-646
-653
-691
-696
-671
-640
-663
-650
-638
-628
-624
-639
-682
-695
-673
-663
-702
-695
-691
-691
-693
-717
-743
-734
-676
-673
-688
-677
-668
-666
-660
-678
-692
-678
-629
-624
-628
-620
-612
-611
-606
-649
-673
-665
-625
-682
-717
-728
-732
-736
-721
-753
-757
-752
-697
-754
-744
-741
-718
-689
-658
-659
-617
-544
-478
-472
-442
-417
-394
-379
-379
-404
-404
-382
-389
-462
-504
-559
-617
-668
-731
-790
-808
-779
-805
-843
-846
-840
-830
-808
-804
-799
-773
-713
-706
-703
-690
-679
-675
-664
-697
-700
-679
-616
-649
-652
-653
-650
-647
-639
-663
-657
-632
-574
-637
-639
-653
-661
-672
-681
-709
-707
-677
-648
-673
-664
-661
-661
-665
-681
-716
-716
-676
-654
-679
-664
-650
-637
-621
-629
-638
-615
-542
-527
-520
-488
-458
-435
-416
-430
-454
-465
-446
-492
-533
-562
-583
-604
-615
-667
-685
-674
-623
-655
-656
-651
-643
-622
-600
-631
-616
-571
-487
-515
-493
-479
-487
-498
-515
-551
-565
-551
-542
-586
-601
-609
-610
-603
-610
-634
-620
-565
-538
-555
-536
-522
-513
-504
-522
-542
-539
-495
-515
-546
-550
-552
-550
-538
-545
-551
-533
-473
-486
-486
-483
-475
-475
-465
-493
-489
-459
-392
-401
-381
-360
-338
-322
-306
-330
-316
-277
-212
-267
-272
-288
-301
-317
-333
-362
-364
-334
-305
-331
-310
-294
-277
-260
-256
-268
-250
-196
-174
-199
-192
-196
-211
-235
-294
-349
-371
-343
-374
-410
-417
-416
-409
-396
-400
-398
-372
-303
-325
-330
-339
-353
-382
-405
-463
-488
-484
-445
-481
-491
-500
-500
-497
-483
-509
-490
-445
-364
-380
-365
-356
-348
-338
-337
-355
-336
-296
-266
-284
-261
-249
-240
-238
-255
-284
-290
-263
-267
-314
-334
-360
-391
-415
-466
-512
-528
-502
-532
-566
-568
-567
-558
-538
-533
-513
-468
-375
-376
-343
-315
-288
-275
-256
-270
-260
-229
-171
-191
-185
-184
-182
-187
-190
-234
-232
-202
-149
-192
-198
-218
-249
-290
-345
-418
-455
-454
-448
-494
-485
-478
-468
-457
-463
-481
-464
-403
-375
-381
-356
-337
-324
-309
-323
-332
-313
-254
-251
-262
-254
-248
-242
-232
-250
-258
-241
-171
-208
-209
-214
-219
-232
-239
-273
-283
-273
-234
-277
-284
-297
-305
-320
-329
-376
-377
-347
-297
-325
-310
-301
-298
-301
-296
-324
-314
-289
-259
-288
-277
-256
-251
-246
-262
-273
-255
-198
-193
-223
-221
-230
-252
-261
-292
-320
-318
-283
-299
-329
-334
-334
-333
-325
-346
-340
-310
-226
-259
-253
-249
-246
-258
-263
-293
-305
-300
-268
-326
-338
-351
-352
-354
-348
-376
-362
-317
-262
-280
-269
-267
-273
-281
-302
-344
-356
-336
-330
-386
-396
-405
-406
-400
-407
-420
-402
-346
-342
-367
-360
-353
-348
-339
-357
-367
-349
-297
-297
-321
-336
-356
-375
-380
-410
-405
-368
-272
-281
-249
-219
-190
-176
-167
-193
-203
-192
-143
-191
-184
-184
-182
-193
-207
-259
-274
-259
-235
-271
-268
-261
-250
-238
-239
-262
-254
-216
-196
-236
-233
-232
-247
-245
-252
-264
-234
-171
-156
-177
-165
-162
-171
-185
-227
-261
-266
-248
-273
-311
-337
-369
-405
-429
-483
-493
-459
-362
-363
-319
-270
-217
-171
-132
-131
-114
-84
-22
-72
-60
-50
-32
-22
-12
-32
-20
20
60
40
49
52
49
40
13
-36
-51
-29
-20
-69
-81
-102
-126
-148
-186
-223
-224
-178
-186
-211
-212
-219
-229
-229
-244
-249
-227
-174
-173
-181
-176
-173
-175
-169
-207
-213
-192
-121
-147
-139
-133
-130
-134
-138
-177
-189
-176
-120
-174
-164
-164
-160
-163
-163
-183
-169
-122
-70
-65
-18
33
92
158
219
263
338
444
523
544
600
647
687
725
735
744
794
867
877
877
903
926
937
955
944
921
934
985
982
979
991
1001
1003
999
946
925
932
979
941
936
940
953
971
995
986
1007
1046
1122
1076
1091
1102
1118
1131
1139
1125
1137
1177
1209
1181
1186
1185
1187
1191
1190
1182
1211
1279
1317
1302
1320
1326
1324
1321
1296
1274
1286
1343
1334
1315
1319
1320
1311
1296
1256
1213
1189
1200
1145
1098
1058
1024
983
952
885
858
865
918
894
902
914
929
941
956
931
940
967
1026
963
955
937
921
898
872
829
815
830
842
795
786
775
771
773
769
758
788
858
894
876
881
871
851
832
787
745
735
776
758
733
724
728
704
689
640
605
595
616
567
523
477
431
381
330
239
177
147
172
121
98
81
79
71
70
22
13
30
76
13
7
-4
-11
-10
-15
-35
-28
4
30
-7
-13
-29
-46
-69
-108
-159
-171
-144
-150
-200
-216
-238
-268
-298
-357
-411
-434
-410
-447
-493
-516
-541
-569
-595
-641
-678
-686
-641
-684
-698
-712
-724
-745
-756
-803
-823
-819
-786
-829
-841
-848
-844
-841
-831
-862
-846
-802
-728
-759
-749
-756
-770
-791
-821
-870
-895
-890
-885
-935
-938
-944
-947
-949
-967
-998
-998
-957
-951
-985
-988
-995
-1002
-996
-1012
-1014
-980
-899
-877
-868
-840
-817
-803
-794
-817
-836
-829
-770
-803
-816
-823
-824
-845
-854
-904
-935
-951
-930
-979
-982
-975
-958
-937
-910
-938
-920
-866
-791
-803
-776
-755
-731
-706
-688
-694
-681
-647
-626
-667
-665
-669
-672
-668
-681
-707
-703
-656
-650
-686
-699
-722
-755
-788
-853
-912
-940
-922
-952
-988
-995
-994
-984
-961
-961
-945
-909
-822
-844
-828
-815
-801
-804
-813
-856
-875
-863
-810
-829
-799
-767
-725
-682
-631
-620
-566
-486
-395
-383
-334
-293
-259
-232
-220
-230
-213
-166
-129
-149
-115
-73
-14
61
134
215
344
528
676
800
961
1120
1275
1431
1554
1680
1833
2025
2171
2311
2480
2656
2837
3026
3185
3368
3579
3846
4006
4211
4421
4635
4850
5090
5293
5521
5787
6087
6300
6553
6790
7019
7208
7391
7510
7639
7757
7852
7839
7829
7772
7686
7574
7429
7241
7064
6885
6645
6289
5926
5521
5086
4625
4130
3617
3130
2686
2204
1710
1269
850
451
78
-296
-645
-945
-1194
-1472
-1747
-1984
-2202
-2403
-2581
-2781
-2938
-3052
-3093
-3225
-3295
-3342
-3364
-3372
-3360
-3357
-3316
-3236
-3106
-3068
-2976
-2895
-2807
-2727
-2642
-2589
-2496
-2373
-2242
-2170
-2065
-1968
-1879
-1800
-1739
-1703
-1638
-1537
-1451
-1423
-1359
-1311
-1273
-1243
-1242
-1258
-1252
-1206
-1212
-1232
-1217
-1193
-1163
-1119
-1094
-1063
-1007
-920
-881
-851
-807
-764
-729
-691
-699
-679
-636
-546
-562
-544
-528
-516
-512
-510
-541
-552
-542
-505
-565
-593
-631
-668
-702
-724
-773
-774
-749
-733
-766
-754
-746
-732
-710
-695
-683
-647
-580
-534
-532
-492
-452
-409
-364
-342
-331
-291
-205
-175
-162
-123
-90
-69
-51
-63
-76
-71
-41
-65
-93
-110
-129
-157
-182
-253
-291
-296
-251
-300
-312
-319
-319
-320
-316
-344
-342
-312
-241
-282
-261
-250
-235
-231
-231
-255
-249
-213
-174
-188
-163
-144
-127
-114
-116
-138
-129
-85
-66
-102
-106
-118
-133
-149
-190
-232
-239
-193
-201
-218
-209
-201
-195
-180
-182
-183
-159
-94
-81
-62
-33
-7
5
21
-7
-5
19
78
43
34
22
4
-21
-43
-94
-105
-88
-29
-81
-63
-49
-26
-10
7
0
18
52
85
69
82
97
110
118
113
99
117
164
181
147
162
181
190
204
200
191
209
273
274
267
282
294
299
306
293
277
280
321
297
290
301
322
339
363
348
364
403
478
472
491
510
525
532
538
504
506
530
586
527
525
515
509
499
483
456
464
509
562
566
620
675
736
801
852
887
953
1048
1102
1102
1128
1139
1139
1131
1083
1027
997
1014
972
929
916
912
917
935
939
953
998
1089
1097
1121
1145
1170
1187
1216
1210
1235
1284
1364
1369
1400
1433
1468
1498
1528
1514
1542
1599
1686
1666
1699
1723
1749
1770
1780
1771
1785
1824
1858
1827
1849
1879
1905
1923
1939
1933
1963
2033
2061
2047
2049
2060
2072
2091
2073
2066
2085
2151
2146
2137
2152
2170
2192
2222
2239
2269
2324
2428
2438
2475
2510
2552
2583
2616
2605
2622
2664
2743
2740
2762
2773
2784
2782
2780
2733
2735
2775
2852
2844
2892
2940
2988
3027
3048
3047
3072
3130
3187
3188
3236
3280
3326
3374
3404
3415
3451
3517
3539
3514
3518
3518
3513
3511
3476
3443
3438
3474
3451
3412
3390
3365
3342
3330
3300
3286
3299
3363
3321
3313
3303
3293
3270
3250
3197
3167
3161
3189
3140
3127
3110
3097
3078
3064
3008
2996
3007
3035
2978
2958
2929
2897
2866
2829
2773
2742
2741
2733
2669
2655
2641
2632
2622
2595
2551
2557
2582
2555
2489
2453
2414
2362
2321
2255
2180
2144
2152
2098
2014
1936
1842
1755
1667
1560
1476
1439
1465
1397
1377
1356
1331
1290
1248
1172
1112
1071
1068
984
942
898
857
808
762
671
621
605
603
530
498
462
425
384
328
249
200
183
156
72
38
7
-14
-26
-52
-87
-91
-55
-66
-109
-125
-146
-176
-206
-267
-321
-345
-333
-371
-427
-464
-501
-539
-571
-637
-680
-695
-655
-724
-748
-764
-772
-783
-793
-830
-841
-824
-769
-806
-792
-781
-756
-729
-695
-699
-671
-622
-573
-595
-591
-596
-608
-626
-659
-719
-751
-758
-786
-876
-924
-972
-1016
-1058
-1118
-1184
-1216
-1201
-1230
-1277
-1292
-1297
-1302
-1301
-1329
-1353
-1337
-1294
-1294
-1307
-1320
-1338
-1350
-1349
-1383
-1381
-1354
-1264
-1280
-1266
-1252
-1220
-1196
-1172
-1180
-1172
-1145
-1086
-1134
-1127
-1129
-1125
-1130
-1135
-1174
-1180
-1162
-1136
-1167
-1164
-1169
-1170
-1176
-1199
-1244
-1254
-1225
-1207
-1241
-1229
-1219
-1209
-1201
-1215
-1231
-1210
-1141
-1127
-1137
-1125
-1119
-1123
-1131
-1171
-1213
-1234
-1220
-1250
-1288
-1314
-1342
-1376
-1401
-1465
-1488
-1471
-1390
-1393
-1348
-1290
-1224
-1159
-1096
-1074
-1037
-984
-898
-929
-904
-890
-870
-860
-855
-881
-877
-846
-818
-850
-854
-868
-890
-922
-978
-1060
-1109
-1122
-1153
-1232
-1269
-1306
-1343
-1374
-1423
-1471
-1477
-1429
-1430
-1441
-1424
-1406
-1393
-1374
-1375
-1373
-1347
-1275
-1250
-1233
-1224
-1202
-1194
-1178
-1202
-1211
-1191
-1144
-1179
-1185
-1187
-1195
-1194
-1186
-1207
-1209
-1178
-1110
-1163
-1160
-1172
-1180
-1193
-1205
-1233
-1231
-1202
-1177
-1208
-1205
-1208
-1217
-1229
-1259
-1312
-1339
-1322
-1323
-1368
-1369
-1365
-1357
-1343
-1347
-1352
-1323
-1247
-1235
-1238
-1220
-1205
-1197
-1188
-1197
-1206
-1191
-1140
-1152
-1161
-1166
-1172
-1189
-1200
-1256
-1278
-1270
-1219
-1249
-1248
-1240
-1228
-1218
-1206
-1233
-1227
-1198
-1132
-1185
-1176
-1176
-1172
-1172
-1174
-1194
-1185
-1147
-1110
-1130
-1111
-1097
-1082
-1068
-1068
-1079
-1053
-988
-952
-967
-948
-936
-930
-924
-944
-962
-948
-886
-888
-900
-887
-875
-867
-856
-864
-873
-864
-817
-844
-857
-863
-867
-888
-889
-948
-989
-990
-943
-955
-931
-897
-848
-824
-793
-809
-801
-790
-757
-848
-874
-916
-941
-968
-986
-1019
-1023
-995
-970
-1005
-998
-994
-984
-971
-970
-980
-956
-901
-880
-909
-907
-909
-916
-922
-951
-975
-959
-887
-870
-860
-828
-798
-775
-757
-769
-786
-784
-742
-787
-805
-815
-813
-817
-814
-856
-879
-884
-860
-913
-938
-960
-974
-986
-987
-1021
-1002
-948
-857
-865
-821
-785
-752
-721
-698
-692
-666
-618
-581
-611
-602
-600
-600
-607
-636
-681
-686
-647
-642
-679
-685
-699
-720
-741
-795
-846
-867
-846
-883
-927
-946
-962
-973
-976
-998
-1009
-995
-932
-964
-966
-966
-964
-972
-972
-1001
-1004
-984
-934
-954
-937
-927
-905
-887
-849
-859
-826
-761
-693
-728
-712
-708
-709
-714
-731
-759
-754
-721
-694
-716
-700
-696
-695
-698
-716
-747
-744
-694
-679
-700
-686
-672
-666
-660
-686
-705
-693
-639
-639
-642
-617
-592
-565
-537
-539
-535
-512
-440
-476
-480
-489
-501
-530
-560
-625
-667
-684
-666
-720
-728
-732
-725
-719
-701
-718
-687
-627
-553
-566
-553
-560
-579
-605
-641
-691
-700
-665
-632
-661
-651
-648
-641
-632
-639
-654
-632
-569
-552
-574
-576
-591
-618
-646
-709
-766
-793
-775
-800
-829
-825
-810
-791
-765
-770
-756
-718
-625
-639
-608
-572
-526
-485
-438
-422
-394
-356
-295
-330
-326
-330
-327
-330
-329
-356
-353
-323
-306
-351
-370
-399
-419
-455
-497
-566
-585
-571
-565
-625
-634
-643
-653
-672
-699
-727
-719
-658
-640
-644
-615
-592
-576
-563
-586
-614
-620
-597
-620
-658
-673
-685
-692
-693
-723
-728
-710
-647
-699
-714
-730
-747
-775
-803
-858
-889
-894
-858
-916
-920
-927
-923
-920
-911
-934
-919
-874
-820
-829
-802
-778
-754
-727
-705
-695
-645
-558
-486
-477
-437
-414
-401
-392
-406
-428
-425
-386
-402
-440
-448
-456
-468
-477
-512
-542
-544
-511
-524
-549
-558
-564
-570
-569
-606
-611
-594
-530
-578
-589
-599
-602
-608
-607
-631
-630
-604
-537
-575
-552
-535
-512
-499
-487
-504
-487
-443
-398
-416
-409
-400
-398
-419
-443
-484
-491
-463
-463
-514
-542
-563
-580
-594
-633
-674
-682
-637
-653
-668
-648
-620
-602
-589
-606
-627
-626
-593
-608
-628
-634
-636
-638
-629
-665
-662
-629
-548
-567
-557
-545
-528
-519
-515
-550
-565
-560
-520
-595
-608
-630
-646
-669
-694
-744
-764
-753
-731
-754
-735
-715
-690
-660
-634
-621
-567
-471
-394
-368
-304
-250
-205
-165
-154
-152
-125
-58
-60
-84
-92
-107
-131
-154
-201
-250
-277
-270
-320
-370
-406
-435
-461
-469
-514
-525
-515
-470
-522
-547
-567
-576
-585
-592
-632
-638
-619
-559
-614
-602
-597
-590
-591
-596
-623
-621
-586
-549
-568
-550
-534
-514
-492
-484
-501
-481
-421
-404
-435
-430
-422
-411
-399
-402
-422
-418
-354
-350
-359
-345
-337
-331
-319
-334
-358
-360
-332
-376
-410
-436
-454
-475
-480
-521
-527
-507
-451
-479
-491
-504
-516
-530
-535
-572
-573
-547
-483
-541
-542
-556
-571
-592
-617
-654
-659
-631
-601
-622
-595
-570
-545
-524
-521
-536
-520
-468
-445
-468
-453
-441
-429
-410
-417
-422
-395
-320
-305
-299
-272
-251
-234
-214
-215
-217
-203
-156
-196
-227
-258
-287
-325
-351
-412
-438
-432
-387
-415
-412
-405
-394
-384
-370
-399
-388
-352
-285
-333
-332
-343
-355
-371
-390
-422
-424
-396
-367
-393
-372
-353
-330
-305
-294
-300
-273
-211
-185
-205
-193
-195
-189
-199
-232
-283
-288
-244
-268
-288
-302
-313
-328
-326
-351
-365
-355
-291
-305
-292
-287
-277
-276
-278
-316
-326
-300
-233
-237
-210
-183
-151
-125
-94
-112
-86
-36
38
7
20
14
4
-12
-42
-101
-143
-164
-198
-292
-337
-383
-422
-454
-498
-551
-564
-529
-525
-554
-543
-531
-516
-492
-488
-470
-415
-311
-265
-233
-180
-131
-88
-49
-40
-25
14
106
99
125
150
179
200
227
221
237
274
338
321
333
344
361
374
391
364
384
436
515
507
543
576
612
652
684
698
734
796
845
824
840
850
861
877
877
862
874
922
929
895
887
875
862
860
836
827
857
934
968
995
1025
1067
1115
1162
1185
1212
1263
1347
1326
1335
1337
1335
1325
1325
1302
1294
1315
1373
1349
1363
1368
1374
1370
1364
1313
1301
1317
1348
1299
1282
1255
1218
1177
1129
1066
1042
1057
1070
1029
1037
1046
1058
1070
1059
1033
1033
1069
1059
1018
1006
988
961
936
881
836
823
852
837
813
814
817
823
838
829
848
897
996
978
994
998
994
972
947
888
846
822
828
742
703
659
623
581
544
472
444
446
461
408
390
370
350
329
296
241
218
229
229
169
152
130
107
86
46
3
-2
36
23
-20
-39
-67
-107
-145
-212
-270
-297
-283
-307
-339
-349
-360
-379
-393
-437
-474
-482
-427
-475
-475
-477
-470
-481
-504
-547
-574
-582
-555
-618
-619
-616
-611
-615
-615
-646
-646
-616
-580
-604
-596
-593
-593
-592
-602
-631
-626
-592
-581
-631
-646
-663
-682
-701
-739
-779
-790
-760
-787
-836
-857
-876
-899
-915
-952
-980
-977
-933
-930
-938
-932
-931
-936
-936
-977
-986
-968
-897
-925
-911
-892
-870
-859
-851
-875
-878
-861
-808
-869
-875
-893
-905
-923
-938
-982
-995
-979
-960
-998
-1001
-1003
-995
-979
-966
-972
-949
-895
-862
-882
-861
-845
-830
-814
-820
-828
-802
-729
-716
-727
-722
-728
-741
-748
-774
-798
-794
-750
-745
-736
-709
-680
-660
-639
-673
-688
-690
-653
-720
-734
-763
-776
-800
-806
-839
-853
-831
-782
-849
-850
-847
-842
-841
-841
-859
-831
-778
-733
-741
-711
-696
-683
-680
-696
-735
-747
-726
-729
-781
-793
-804
-817
-823
-849
-874
-860
-792
-782
-781
-749
-719
-694
-659
-641
-616
-557
-450
-383
-296
-184
-63
56
194
293
426
588
797
925
1088
1258
1433
1608
1789
1933
2109
2309
2549
2676
2869
3061
3267
3479
3695
3894
4118
4369
4618
4808
5036
5264
5505
5760
6012
6250
6523
6826
7091
7291
7513
7716
7903
8076
8206
8313
8423
8549
8574
8552
8517
8445
8333
8191
7998
7766
7513
7252
6874
6467
6035
5579
5094
4606
4072
3573
3105
2683
2196
1757
1343
953
581
232
-133
-440
-697
-917
-1228
-1453
-1676
-1869
-2056
-2229
-2408
-2536
-2618
-2687
-2801
-2862
-2905
-2928
-2946
-2962
-2978
-2956
-2889
-2847
-2849
-2815
-2789
-2768
-2746
-2749
-2744
-2703
-2610
-2574
-2545
-2485
-2412
-2334
-2249
-2188
-2125
-2044
-1923
-1885
-1828
-1768
-1704
-1646
-1579
-1552
-1497
-1422
-1317
-1290
-1236
-1180
-1120
-1063
-1002
-987
-932
-854
-749
-759
-726
-706
-689
-682
-682
-697
-682
-642
-610
-638
-619
-604
-585
-566
-560
-568
-543
-483
-461
-484
-474
-466
-459
-445
-457
-464
-436
-357
-336
-322
-289
-263
-246
-235
-253
-273
-273
-228
-273
-286
-292
-293
-303
-305
-342
-355
-345
-305
-340
-345
-352
-357
-369
-380
-439
-458
-443
-397
-443
-441
-438
-416
-407
-402
-403
-375
-310
-252
-255
-216
-195
-158
-120
-101
-108
-86
-40
-34
-81
-94
-110
-124
-137
-180
-218
-227
-193
-219
-261
-285
-314
-341
-359
-396
-416
-402
-330
-351
-333
-307
-272
-239
-205
-207
-189
-152
-91
-116
-111
-111
-110
-118
-119
-156
-144
-102
-38
-62
-47
-38
-32
-27
-27
-43
-32
7
38
7
16
12
5
-3
-28
-68
-79
-52
-68
-118
-136
-155
-174
-181
-211
-227
-207
-141
-125
-126
-108
-89
-67
-34
-28
-5
39
133
114
130
141
152
151
154
128
124
145
200
172
190
209
240
266
296
282
308
359
419
402
418
426
430
433
426
401
408
473
508
482
490
502
525
542
553
548
564
630
665
669
698
718
725
747
728
711
719
770
763
739
730
720
712
714
687
687
712
789
757
762
763
768
772
787
782
799
840
918
900
925
937
950
949
945
906
910
951
1011
1012
1050
1083
1113
1138
1147
1129
1138
1175
1195
1159
1173
1191
1214
1239
1245
1245
1280
1359
1389
1394
1430
1464
1493
1528
1540
1560
1607
1692
1732
1758
1798
1837
1873
1921
1932
1971
2032
2137
2124
2143
2158
2168
2164
2158
2129
2131
2161
2232
2202
2229
2252
2287
2317
2351
2354
2393
2460
2532
2547
2597
2643
2687
2729
2759
2769
2811
2887
2944
2939
2968
2982
2995
3002
2993
2970
2987
3063
3078
3081
3102
3112
3111
3122
3108
3094
3098
3127
3116
3097
3086
3084
3093
3108
3080
3085
3117
3210
3206
3243
3282
3319
3347
3372
3367
3389
3438
3528
3510
3548
3572
3596
3613
3627
3609
3621
3660
3701
3680
3686
3685
3682
3670
3639
3583
3554
3556
3538
3471
3448
3425
3406
3389
3346
3298
3278
3301
3263
3207
3174
3136
3091
3048
2982
2917
2871
2852
2773
2688
2618
2553
2487
2434
2343
2291
2271
2295
2226
2187
2148
2110
2069
2025
1943
1886
1846
1837
1712
1655
1600
1559
1516
1474
1411
1381
1383
1388
1337
1321
1300
1279
1256
1213
1145
1104
1096
1061
976
933
888
847
810
750
688
657
668
620
573
540
499
463
422
358
292
241
233
155
104
64
28
-24
-58
-132
-166
-177
-138
-181
-192
-203
-215
-230
-239
-282
-289
-272
-219
-285
-289
-299
-304
-317
-332
-367
-373
-354
-331
-365
-358
-358
-357
-359
-378
-423
-445
-439
-468
-550
-598
-652
-708
-759
-830
-890
-909
-875
-900
-935
-946
-954
-960
-957
-966
-968
-943
-874
-874
-856
-826
-789
-760
-726
-738
-722
-683
-608
-608
-580
-553
-534
-533
-543
-606
-642
-660
-651
-756
-804
-855
-899
-941
-983
-1038
-1067
-1073
-1081
-1144
-1158
-1165
-1156
-1134
-1118
-1117
-1087
-1027
-1008
-1042
-1044
-1052
-1060
-1060
-1079
-1086
-1058
-984
-975
-981
-973
-973
-981
-992
-1001
-1020
-1019
-975
-1013
-1022
-1037
-1042
-1058
-1086
-1144
-1166
-1160
-1116
-1138
-1133
-1114
-1097
-1079
-1058
-1074
-1058
-1020
-953
-991
-977
-971
-965
-963
-972
-999
-994
-958
-925
-952
-937
-928
-918
-910
-915
-927
-907
-853
-842
-881
-895
-918
-945
-969
-1016
-1051
-1050
-998
-1003
-1019
-1014
-1014
-1018
-1021
-1045
-1056
-1039
-972
-999
-994
-988
-978
-976
-964
-984
-981
-961
-916
-945
-938
-927
-912
-904
-891
-921
-909
-874
-823
-873
-881
-895
-906
-916
-932
-961
-959
-927
-898
-931
-920
-910
-893
-874
-869
-877
-853
-793
-777
-804
-804
-813
-832
-853
-906
-947
-949
-901
-904
-917
-908
-900
-897
-893
-919
-933
-925
-868
-922
-936
-952
-965
-994
-1019
-1060
-1082
-1071
-1022
-1063
-1068
-1067
-1059
-1056
-1048
-1086
-1074
-1026
-964
-986
-959
-940
-917
-888
-864
-853
-816
-753
-706
-726
-708
-702
-701
-706
-726
-753
-737
-675
-656
-680
-674
-671
-672
-667
-690
-705
-692
-642
-647
-675
-694
-727
-771
-812
-881
-923
-931
-875
-918
-910
-891
-861
-833
-799
-794
-773
-734
-666
-687
-663
-645
-625
-615
-609
-648
-656
-641
-616
-664
-677
-694
-712
-728
-749
-782
-776
-732
-695
-715
-690
-669
-646
-622
-613
-611
-573
-488
-450
-444
-416
-396
-386
-375
-397
-411
-393
-334
-314
-300
-262
-224
-192
-160
-169
-156
-119
-28
-46
-21
6
37
61
85
67
65
75
103
17
-4
-34
-53
-67
-80
-109
-107
-61
-11
-25
-17
-9
-4
6
-6
-27
-18
23
43
-7
-23
-51
-86
-124
-184
-249
-280
-258
-277
-309
-311
-307
-307
-298
-319
-331
-318
-269
-270
-286
-286
-286
-290
-287
-322
-324
-296
-213
-229
-199
-162
-119
-80
-41
-34
-4
47
134
116
155
186
223
249
272
258
268
298
330
306
319
332
344
357
360
343
355
398
421
387
394
398
406
419
415
408
433
503
512
496
495
485
462
440
395
355
347
378
370
362
372
380
377
373
321
297
302
358
315
308
307
316
327
343
327
331
355
417
369
385
390
420
433
438
427
449
501
548
536
555
542
537
539
530
496
498
534
560
528
546
561
582
598
588
576
602
684
714
734
779
818
841
859
845
820
814
839
811
784
768
753
736
728
676
658
665
716
675
665
660
659
657
656
621
619
644
707
650
650
637
628
614
599
567
571
612
658
647
668
675
677
677
664
634
639
681
701
675
690
703
712
719
698
673
675
722
704
678
679
685
694
710
710
709
730
785
772
766
770
779
781
789
750
739
749
794
755
744
737
738
739
745
712
716
744
810
757
759
748
738
726
715
688
688
719
745
699
692
676
675
670
656
635
637
679
706
691
711
727
735
748
733
705
699
747
728
696
690
682
679
684
673
666
680
736
717
720
731
757
781
820
824
854
901
978
972
981
985
990
992
996
958
956
979
1036
982
983
978
976
972
960
930
922
938
949
899
890
879
871
860
830
782
772
808
820
794
803
808
808
812
787
766
774
828
820
801
800
792
779
769
742
722
727
782
752
748
750
758
761
777
763
777
811
870
848
848
845
845
841
840
796
795
824
885
847
857
859
861
858
846
816
815
846
873
843
862
882
902
935
950
950
957
1012
1022
989
1003
1002
1009
1011
997
985
1003
1050
1040
1016
1010
990
979
973
943
923
923
974
924
901
877
854
824
799
746
717
717
748
709
706
705
705
702
707
678
699
756
837
828
860
878
892
904
905
883
881
903
910
850
829
803
780
761
732
696
698
748
764
751
774
797
820
852
856
868
907
985
1004
1002
1011
1008
996
983
941
915
916
975
928
914
892
868
836
815
772
753
757
793
750
749
750
760
762
765
724
725
754
801
764
761
747
727
701
664
611
591
605
611
558
552
546
546
553
552
547
582
662
693
698
723
728
745
776
786
810
857
950
977
1000
1044
1088
1124
1164
1168
1197
1237
1334
1312
1327
1332
1334
1327
1323
1294
1288
1307
1363
1331
1346
1357
1379
1397
1428
1433
1485
1574
1675
1708
1770
1816
1849
1873
1881
1867
1885
1937
1976
1957
1984
2009
2035
2064
2075
2077
2104
2166
2171
2146
2144
2141
2135
2139
2119
2110
2126
2174
2170
2150
2149
2147
2145
2150
2118
2113
2134
2211
2178
2185
2190
2196
2189
2179
2137
2113
2111
2143
2077
2066
2050
2042
2024
2006
1951
1928
1934
1949
1906
