0
75
171
284
411
535
644
783
948
1092
1169
1275
1358
1419
1463
1474
1471
1495
1557
1563
1537
1534
1530
1525
1530
1509
1494
1506
1555
1563
1566
1593
1622
1648
1677
1663
1676
1715
1808
1797
1830
1867
1905
1931
1953
1940
1949
1981
2045
2003
2014
2016
2025
2024
2018
1974
1961
1971
1982
1933
1916
1893
1873
1861
1846
1820
1834
1891
1941
1943
1970
2001
2041
2080
2106
2114
2149
2213
2227
2217
2232
2240
2242
2253
2242
2224
2237
2289
2291
2280
2279
2276
2274
2282
2247
2239
2253
2317
2280
2282
2289
2295
2294
2295
2262
2255
2267
2320
2266
2275
2278
2286
2289
2295
2281
2303
2354
2406
2400
2427
2450
2477
2507
2531
2540
2585
2668
2730
2735
2775
2805
2829
2851
2849
2843
2870
2942
2951
2939
2945
2946
2938
2931
2900
2872
2872
2913
2909
2909
2927
2953
2978
3014
3005
3025
3066
3150
3145
3174
3209
3248
3285
3324
3329
3367
3432
3538
3530
3584
3627
3675
3720
3766
3795
3853
3935
4013
4034
4094
4150
4203
4249
4278
4286
4327
4400
4443
4429
4447
4455
4459
4470
4472
4453
4462
4523
4525
4520
4534
4549
4553
4545
4517
4476
4450
4455
4404
4365
4352
4348
4351
4373
4360
4378
4420
4498
4488
4505
4524
4542
4553
4560
4530
4536
4561
4620
4562
4562
4559
4563
4568
4575
4568
4579
4610
4631
4589
4586
4583
4587
4597
4599
4592
4632
4721
4791
4820
4884
4932
4963
4983
4968
4949
4951
4986
4943
4879
4831
4779
4722
4672
4607
4548
4512
4516
4443
4386
4337
4294
4248
4215
4144
4107
4095
4115
4052
4010
3967
3924
3876
3832
3748
3702
3681
3693
3593
3551
3504
3463
3423
3380
3321
3285
3278
3267
3196
3165
3125
3085
3042
2980
2901
2857
2858
2835
2772
2745
2714
2678
2639
2564
2488
2437
2430
2355
2294
2239
2194
2143
2107
2055
1999
1979
2000
1936
1909
1904
1901
1888
1877
1823
1804
1792
1800
1724
1676
1614
1549
1472
1395
1280
1208
1163
1145
1019
943
867
796
730
663
585
541
535
528
464
449
430
416
409
393
367
377
431
456
441
460
475
488
502
483
467
475
521
505
477
468
455
436
413
363
320
303
335
273
247
229
221
210
208
175
170
190
242
214
211
202
197
187
183
138
139
167
220
177
178
172
162
142
105
42
-2
-24
-54
-142
-182
-225
-263
-297
-345
-404
-428
-409
-421
-459
-457
-451
-440
-418
-423
-425
-410
-366
-390
-432
-450
-460
-458
-441
-439
-421
-374
-292
-311
-281
-255
-215
-188
-154
-151
-117
-68
4
-16
-12
-16
-20
-48
-78
-148
-180
-185
-173
-243
-271
-303
-336
-368
-404
-449
-458
-426
-397
-430
-425
-432
-447
-466
-511
-566
-585
-558
-562
-584
-561
-531
-499
-462
-456
-442
-398
-312
-277
-261
-234
-223
-226
-235
-284
-315
-322
-274
-336
-363
-392
-419
-455
-485
-541
-573
-579
-543
-586
-574
-557
-528
-502
-474
-488
-464
-414
-353
-368
-352
-344
-337
-329
-332
-360
-365
-347
-348
-412
-428
-439
-442
-443
-465
-499
-505
-475
-500
-557
-585
-611
-635
-650
-694
-730
-732
-688
-680
-676
-648
-622
-605
-593
-627
-643
-635
-571
-614
-615
-608
-586
-587
-591
-608
-600
-562
-485
-505
-473
-462
-436
-424
-418
-460
-462
-442
-414
-460
-470
-483
-492
-504
-529
-575
-589
-570
-566
-620
-632
-648
-660
-668
-697
-735
-736
-694
-701
-731
-732
-730
-723
-707
-710
-703
-666
-597
-577
-573
-553
-529
-507
-478
-494
-487
-456
-375
-404
-402
-405
-413
-430
-446
-488
-500
-483
-423
-465
-449
-443
-435
-442
-455
-499
-509
-488
-461
-486
-469
-448
-422
-395
-385
-400
-390
-353
-341
-385
-387
-389
-389
-389
-413
-448
-457
-424
-445
-481
-485
-483
-480
-469
-478
-486
-475
-437
-454
-484
-501
-516
-534
-541
-591
-609
-601
-542
-575
-570
-560
-548
-536
-514
-514
-485
-415
-331
-370
-361
-360
-347
-350
-347
-375
-397
-392
-389
-453
-492
-537
-583
-609
-648
-693
-693
-639
-609
-631
-617
-610
-604
-594
-604
-620
-612
-569
-587
-623
-636
-646
-651
-640
-639
-634
-605
-534
-517
-497
-461
-423
-399
-378
-413
-423
-416
-368
-407
-410
-404
-393
-388
-388
-431
-447
-440
-394
-462
-465
-470
-463
-456
-451
-472
-475
-463
-458
-510
-520
-526
-522
-508
-497
-499
-467
-398
-354
-364
-342
-327
-318
-312
-338
-370
-377
-342
-374
-416
-432
-446
-460
-471
-503
-532
-533
-488
-498
-490
-466
-436
-412
-380
-395
-379
-343
-272
-288
-276
-264
-250
-242
-235
-271
-276
-259
-205
-266
-261
-259
-243
-235
-238
-274
-290
-270
-261
-302
-303
-322
-345
-363
-398
-452
-473
-458
-462
-504
-515
-525
-517
-502
-510
-512
-484
-408
-403
-416
-412
-414
-419
-419
-434
-446
-432
-377
-393
-387
-373
-360
-356
-345
-376
-380
-361
-305
-325
-321
-318
-315
-319
-322
-369
-374
-351
-294
-346
-345
-354
-365
-380
-404
-446
-462
-448
-435
-478
-476
-478
-479
-483
-504
-547
-558
-526
-519
-546
-527
-505
-481
-453
-457
-460
-438
-378
-387
-410
-417
-429
-445
-460
-495
-522
-523
-476
-516
-526
-528
-521
-518
-501
-513
-493
-444
-360
-353
-321
-295
-272
-260
-254
-301
-315
-312
-286
-365
-394
-427
-460
-498
-543
-603
-633
-633
-628
-679
-693
-723
-735
-748
-768
-794
-792
-749
-762
-801
-806
-807
-810
-796
-806
-801
-771
-681
-643
-616
-568
-526
-484
-439
-422
-400
-359
-270
-285
-268
-254
-242
-250
-254
-295
-310
-308
-274
-321
-333
-353
-370
-393
-411
-469
-479
-458
-418
-471
-481
-494
-500
-500
-500
-506
-472
-403
-342
-347
-312
-291
-281
-282
-313
-362
-384
-367
-389
-444
-461
-470
-470
-458
-474
-482
-463
-407
-406
-421
-419
-422
-430
-436
-474
-498
-497
-441
-491
-499
-505
-505
-513
-514
-544
-550
-531
-481
-513
-507
-505
-497
-493
-483
-510
-490
-441
-379
-400
-386
-379
-372
-360
-351
-356
-330
-273
-227
-242
-214
-195
-180
-175
-174
-194
-182
-119
-95
-98
-83
-79
-83
-108
-157
-192
-196
-159
-159
-168
-141
-126
-109
-95
-110
-110
-90
-18
-53
-42
-23
2
22
46
44
71
124
204
188
211
226
248
261
274
246
251
280
319
293
305
314
320
322
311
283
293
342
385
373
409
444
480
514
529
539
581
661
689
690
719
745
765
790
789
800
844
922
948
950
960
958
947
940
898
888
912
996
976
998
1021
1046
1068
1096
1097
1116
1155
1229
1205
1232
1250
1274
1288
1300
1277
1287
1317
1345
1306
1297
1284
1272
1262
1242
1206
1207
1245
1267
1229
1226
1214
1198
1178
1132
1080
1059
1084
1058
1022
1019
1014
1009
1008
996
983
999
1054
1055
1047
1068
1090
1104
1114
1064
1043
1045
1081
1004
968
924
880
836
799
745
728
745
812
778
805
818
835
840
843
814
819
850
876
829
806
770
724
672
604
514
455
435
403
323
290
261
240
234
216
202
225
297
314
316
345
370
384
397
381
364
367
399
375
341
317
295
270
256
197
165
152
179
109
69
30
-9
-52
-95
-173
-226
-263
-269
-395
-459
-524
-568
-599
-615
-644
-641
-607
-569
-581
-551
-520
-488
-458
-445
-458
-446
-402
-383
-410
-392
-372
-350
-329
-334
-349
-342
-294
-312
-346
-360
-384
-425
-477
-570
-666
-748
-792
-897
-959
-991
-1001
-998
-991
-1016
-1021
-991
-927
-955
-970
-983
-997
-1012
-1031
-1069
-1068
-1042
-973
-1019
-1002
-996
-991
-998
-1014
-1051
-1066
-1052
-1039
-1079
-1079
-1080
-1079
-1078
-1095
-1125
-1121
-1078
-1063
-1095
-1087
-1079
-1068
-1052
-1060
-1065
-1039
-968
-960
-964
-943
-918
-892
-860
-847
-833
-796
-725
-726
-722
-719
-716
-722
-717
-753
-759
-750
-716
-769
-800
-830
-858
-888
-914
-978
-1001
-996
-954
-1022
-1025
-1031
-1032
-1037
-1045
-1063
-1048
-1003
-960
-978
-957
-941
-925
-911
-916
-941
-936
-891
-875
-903
-896
-896
-903
-912
-950
-986
-994
-960
-994
-1036
-1051
-1058
-1055
-1040
-1041
-1038
-1012
-938
-940
-915
-879
-812
-750
-688
-654
-591
-504
-391
-368
-319
-292
-249
-199
-140
-118
-41
71
235
294
430
573
735
896
1043
1167
1313
1483
1643
1739
1876
2012
2155
2306
2448
2575
2742
2958
3156
3326
3538
3751
3969
4196
4398
4606
4847
5138
5373
5600
5850
6102
6351
6595
6805
7011
7228
7478
7617
7763
7884
7978
8029
8052
8003
7939
7853
7753
7531
7290
6996
6654
6260
5826
5314
4827
4357
3911
3374
2895
2419
1957
1510
1074
644
269
-47
-340
-675
-951
-1217
-1464
-1691
-1918
-2144
-2327
-2460
-2613
-2782
-2892
-2976
-3033
-3061
-3098
-3109
-3076
-2987
-2943
-2903
-2843
-2791
-2742
-2689
-2662
-2627
-2575
-2479
-2491
-2466
-2437
-2399
-2366
-2325
-2314
-2275
-2202
-2085
-2055
-1989
-1941
-1890
-1858
-1830
-1838
-1809
-1747
-1643
-1619
-1551
-1486
-1427
-1367
-1313
-1282
-1223
-1122
-1028
-1002
-935
-882
-834
-794
-779
-781
-759
-707
-704
-734
-736
-735
-731
-716
-725
-726
-701
-635
-620
-623
-609
-599
-590
-579
-601
-606
-586
-510
-536
-514
-485
-451
-430
-411
-429
-431
-417
-376
-422
-428
-441
-454
-479
-505
-573
-598
-592
-569
-617
-624
-632
-640
-649
-668
-704
-706
-672
-643
-672
-654
-638
-621
-602
-604
-622
-612
-566
-567
-595
-592
-591
-592
-585
-603
-610
-585
-520
-499
-494
-473
-457
-446
-434
-456
-453
-424
-339
-365
-350
-336
-320
-309
-295
-309
-304
-282
-228
-268
-261
-260
-260
-259
-272
-323
-357
-343
-312
-332
-295
-276
-260
-261
-265
-290
-274
-223
-175
-177
-137
-112
-83
-55
-57
-71
-61
-14
-22
-61
-73
-84
-93
-97
-121
-140
-129
-81
-70
-65
-39
-18
-1
17
-11
-19
-8
53
4
-4
-8
-6
-5
2
-14
-3
31
99
60
73
79
95
106
122
110
137
194
252
245
262
267
268
267
253
219
221
260
286
259
280
302
324
343
339
328
349
412
418
395
391
384
380
390
384
386
418
488
511
521
541
555
558
559
511
488
488
533
476
455
435
419
403
392
353
340
353
409
357
368
379
406
432
456
450
473
522
572
578
619
633
658
687
704
704
724
785
809
792
815
833
846
862
851
840
848
911
919
916
938
956
970
989
985
981
998
1051
1058
1071
1104
1140
1165
1195
1179
1196
1242
1332
1329
1361
1396
1435
1470
1504
1501
1525
1573
1665
1648
1701
1747
1796
1837
1874
1884
1913
1959
1991
1958
1955
1946
1941
1942
1939
1924
1946
2004
2036
2017
2041
2067
2101
2146
2171
2194
2246
2339
2366
2378
2409
2434
2451
2471
2471
2473
2499
2567
2585
2616
2660
2706
2740
2775
2758
2761
2777
2819
2764
2728
2689
2650
2610
2578
2519
2509
2543
2638
2638
2717
2800
2897
2992
3084
3157
3250
3362
3462
3490
3539
3565
3579
3584
3581
3570
3574
3615
3626
3594
3598
3592
3594
3589
3553
3536
3553
3616
3614
3598
3595
3585
3555
3517
3461
3410
3385
3409
3367
3347
3338
3339
3339
3357
3343
3367
3423
3509
3511
3536
3557
3577
3580
3573
3516
3492
3488
3520
3442
3426
3404
3387
3367
3339
3292
3263
3247
3215
3116
3055
2988
2923
2862
2789
2707
2668
2674
2651
2584
2552
2513
2472
2435
2373
2319
2300
2331
2298
2251
2220
2177
2124
2066
1987
1914
1874
1893
1843
1832
1833
1843
1842
1842
1797
1771
1764
1780
1714
1667
1617
1567
1508
1445
1333
1261
1217
1205
1091
1031
968
911
858
803
736
700
695
686
615
587
557
536
523
504
474
476
514
516
471
474
453
433
397
343
296
272
308
269
215
177
146
108
71
3
-62
-97
-88
-182
-235
-275
-309
-345
-374
-430
-455
-451
-407
-437
-433
-428
-412
-405
-397
-438
-437
-410
-363
-419
-429
-442
-454
-472
-505
-565
-602
-614
-632
-713
-756
-811
-866
-917
-981
-1051
-1081
-1062
-1070
-1105
-1098
-1092
-1091
-1087
-1114
-1132
-1119
-1056
-1038
-1025
-987
-953
-928
-909
-928
-944
-943
-890
-939
-948
-950
-945
-949
-949
-983
-996
-987
-946
-982
-980
-978
-971
-972
-972
-1016
-1019
-996
-960
-1011
-1028
-1055
-1083
-1112
-1147
-1192
-1194
-1154
-1116
-1141
-1127
-1122
-1119
-1115
-1125
-1143
-1126
-1064
-1042
-1049
-1022
-996
-970
-937
-936
-933
-908
-848
-862
-884
-882
-888
-892
-905
-952
-991
-999
-955
-1024
-1056
-1088
-1111
-1140
-1175
-1226
-1250
-1251
-1220
-1278
-1285
-1285
-1271
-1258
-1238
-1259
-1239
-1191
-1127
-1132
-1101
-1077
-1053
-1028
-1010
-1013
-989
-938
-906
-942
-939
-945
-952
-960
-988
-1024
-1024
-980
-980
-1008
-1011
-1021
-1039
-1054
-1093
-1122
-1121
-1082
-1089
-1110
-1112
-1119
-1131
-1144
-1199
-1230
-1235
-1185
-1244
-1256
-1257
-1245
-1229
-1202
-1196
-1168
-1121
-1045
-1071
-1053
-1046
-1036
-1037
-1037
-1073
-1075
-1051
-1021
-1059
-1069
-1087
-1107
-1127
-1153
-1188
-1181
-1134
-1099
-1122
-1102
-1087
-1071
-1055
-1057
-1064
-1036
-963
-943
-951
-936
-927
-924
-920
-941
-955
-941
-892
-891
-908
-912
-910
-898
-899
-943
-958
-955
-905
-967
-987
-1010
-1038
-1058
-1072
-1115
-1133
-1120
-1064
-1105
-1100
-1106
-1108
-1116
-1122
-1150
-1141
-1104
-1068
-1097
-1101
-1115
-1136
-1160
-1193
-1242
-1252
-1216
-1191
-1209
-1184
-1159
-1134
-1107
-1110
-1123
-1105
-1046
-1045
-1062
-1051
-1039
-1031
-1023
-1043
-1067
-1070
-1044
-1066
-1093
-1101
-1104
-1105
-1095
-1126
-1128
-1106
-1037
-1067
-1061
-1051
-1035
-1019
-1001
-1014
-1001
-966
-891
-928
-906
-896
-887
-890
-905
-952
-971
-960
-944
-982
-986
-997
-1015
-1039
-1076
-1132
-1151
-1131
-1131
-1180
-1185
-1189
-1186
-1175
-1183
-1194
-1173
-1108
-1104
-1112
-1090
-1063
-1035
-1004
-998
-996
-974
-919
-921
-928
-925
-923
-925
-917
-955
-963
-954
-884
-924
-925
-931
-926
-917
-913
-930
-926
-911
-856
-909
-906
-911
-915
-924
-921
-945
-942
-906
-861
-881
-865
-858
-851
-846
-857
-888
-886
-844
-823
-843
-825
-812
-803
-794
-808
-823
-817
-768
-784
-820
-836
-851
-867
-879
-910
-940
-947
-919
-955
-980
-991
-992
-995
-985
-1017
-1020
-1005
-956
-994
-1004
-1011
-1014
-1015
-1011
-1043
-1036
-997
-914
-942
-912
-894
-874
-863
-864
-889
-895
-876
-858
-898
-900
-909
-919
-930
-953
-987
-982
-934
-913
-938
-925
-914
-903
-891
-909
-932
-932
-891
-912
-938
-933
-920
-902
-876
-863
-843
-797
-708
-699
-677
-657
-641
-636
-623
-654
-664
-661
-633
-687
-718
-748
-778
-809
-840
-907
-944
-945
-896
-958
-949
-950
-949
-951
-946
-952
-928
-877
-837
-858
-845
-852
-855
-844
-844
-855
-831
-773
-746
-761
-740
-723
-712
-700
-718
-729
-710
-650
-662
-690
-703
-718
-739
-753
-789
-821
-826
-778
-812
-816
-812
-803
-800
-790
-813
-802
-762
-690
-695
-676
-659
-643
-636
-634
-684
-696
-681
-637
-688
-683
-677
-666
-654
-652
-667
-657
-621
-592
-627
-619
-619
-623
-632
-663
-706
-713
-680
-682
-724
-733
-745
-757
-761
-789
-809
-801
-752
-762
-787
-794
-803
-810
-809
-827
-827
-800
-722
-744
-732
-717
-697
-688
-672
-689
-681
-652
-598
-630
-641
-662
-683
-712
-739
-810
-836
-834
-809
-865
-858
-866
-874
-869
-867
-867
-830
-752
-675
-671
-610
-556
-500
-453
-422
-413
-375
-315
-298
-330
-343
-374
-416
-462
-537
-600
-623
-589
-595
-611
-606
-606
-617
-633
-676
-705
-704
-647
-686
-681
-666
-649
-639
-628
-651
-654
-634
-580
-602
-583
-566
-540
-522
-507
-543
-540
-511
-464
-495
-488
-485
-485
-487
-502
-540
-551
-529
-515
-559
-555
-547
-527
-498
-483
-480
-449
-386
-375
-405
-412
-427
-452
-473
-521
-557
-562
-528
-541
-568
-572
-575
-574
-564
-585
-584
-558
-479
-511
-501
-490
-477
-471
-461
-478
-471
-442
-379
-406
-386
-376
-361
-354
-348
-386
-389
-367
-338
-380
-389
-402
-418
-438
-478
-516
-539
-528
-529
-576
-565
-560
-541
-524
-541
-559
-533
-462
-433
-427
-394
-354
-331
-307
-315
-308
-282
-219
-204
-200
-175
-148
-120
-89
-98
-86
-46
46
27
46
66
90
112
134
128
146
181
250
219
243
263
293
321
355
359
399
467
538
546
583
614
638
658
663
644
653
694
721
692
704
712
720
730
723
710
728
788
790
763
760
755
750
753
737
735
766
832
849
850
868
889
908
935
917
928
963
1048
1031
1055
1086
1122
1155
1189
1193
1220
1265
1347
1322
1351
1366
1379
1371
1348
1281
1232
1202
1173
1087
1036
984
935
888
833
762
731
745
751
708
716
714
705
679
630
590
579
624
614
586
593
617
644
679
692
704
749
829
844
845
863
867
855
837
764
719
693
709
625
572
527
497
475
462
424
418
443
510
461
463
452
440
415
385
329
305
311
320
276
271
264
258
251
231
190
180
205
201
136
100
53
3
-45
-120
-196
-240
-241
-307
-393
-457
-519
-576
-621
-680
-735
-760
-744
-779
-807
-818
-821
-826
-818
-854
-855
-829
-758
-771
-752
-732
-711
-697
-685
-715
-718
-700
-646
-711
-715
-729
-739
-751
-763
-790
-788
-762
-742
-782
-788
-804
-821
-839
-869
-914
-926
-901
-904
-958
-973
-992
-1010
-1022
-1057
-1097
-1103
-1057
-1083
-1126
-1125
-1123
-1115
-1100
-1109
-1110
-1098
-1031
-1032
-1021
-1008
-982
-966
-937
-960
-947
-918
-859
-891
-906
-925
-950
-986
-1025
-1105
-1145
-1164
-1143
-1231
-1254
-1283
-1299
-1315
-1327
-1351
-1340
-1293
-1241
-1248
-1218
-1196
-1175
-1157
-1154
-1168
-1147
-1088
-1061
-1083
-1070
-1062
-1056
-1042
-1051
-1059
-1042
-986
-999
-1022
-1021
-1027
-1042
-1064
-1113
-1161
-1185
-1159
-1203
-1213
-1204
-1183
-1167
-1142
-1151
-1126
-1074
-987
-977
-942
-912
-886
-872
-864
-905
-909
-888
-837
-897
-904
-919
-932
-947
-967
-1004
-1012
-992
-976
-1020
-1018
-1020
-1018
-1013
-1021
-1037
-1013
-948
-915
-923
-893
-860
-825
-783
-768
-750
-709
-629
-614
-608
-573
-530
-455
-379
-320
-244
-132
45
138
274
423
566
714
877
1007
1162
1346
1558
1711
1888
2074
2263
2461
2662
2826
3038
3281
3548
3713
3925
4135
4352
4573
4797
5013
5265
5558
5850
6085
6366
6638
6901
7157
7381
7576
7789
8021
8193
8299
8409
8483
8518
8515
8439
8329
8211
8100
7894
7635
7354
7020
6637
6211
5727
5231
4748
4313
3776
3278
2787
2312
1843
1396
936
524
165
-133
-481
-769
-1041
-1286
-1518
-1730
-1969
-2148
-2280
-2372
-2534
-2637
-2727
-2798
-2857
-2916
-2989
-3031
-3035
-3034
-3079
-3069
-3057
-3037
-3014
-3005
-3006
-2972
-2893
-2842
-2815
-2749
-2684
-2624
-2560
-2523
-2479
-2409
-2304
-2253
-2219
-2163
-2104
-2043
-1976
-1939
-1884
-1807
-1670
-1644
-1586
-1530
-1471
-1407
-1345
-1306
-1242
-1170
-1065
-1033
-966
-914
-866
-842
-814
-828
-811
-773
-713
-737
-733
-739
-755
-772
-800
-839
-839
-799
-762
-784
-762
-755
-752
-750
-760
-768
-734
-659
-624
-621
-594
-571
-552
-529
-534
-532
-502
-437
-424
-427
-414
-407
-409
-415
-464
-500
-521
-492
-574
-613
-647
-673
-699
-713
-744
-744
-718
-654
-683
-660
-642
-617
-601
-583
-597
-568
-509
-440
-443
-417
-397
-378
-357
-344
-349
-322
-265
-227
-254
-246
-251
-262
-275
-310
-359
-380
-360
-390
-443
-466
-483
-496
-497
-518
-525
-499
-435
-415
-409
-387
-368
-355
-341
-373
-380
-361
-288
-322
-318
-316
-312
-320
-317
-347
-362
-376
-338
-407
-420
-425
-433
-437
-451
-479
-471
-433
-399
-417
-399
-379
-363
-333
-313
-313
-278
-214
-165
-172
-137
-108
-83
-65
-79
-106
-107
-64
-79
-108
-108
-101
-99
-87
-98
-100
-81
-30
-34
-59
-77
-97
-120
-133
-183
-196
-180
-113
-150
-154
-160
-160
-157
-145
-159
-145
-107
-33
-70
-50
-42
-29
-23
-14
-26
0
58
121
128
164
190
212
233
240
226
245
299
335
317
337
348
353
354
329
298
299
344
331
305
307
312
318
331
324
318
337
387
382
372
371
373
373
383
355
365
402
485
477
509
551
598
640
679
683
717
776
874
848
897
927
944
961
970
954
962
992
1026
985
991
998
1008
1012
1006
980
995
1032
1054
1022
1036
1047
1060
1083
1087
1093
1129
1209
1225
1224
1247
1274
1305
1345
1374
1411
1472
1568
1596
1625
1661
1692
1711
1735
1712
1721
1753
1828
1821
1845
1871
1895
1909
1920
1894
1904
1944
2027
1996
2028
2052
2082
2109
2131
2133
2158
2206
2247
2223
2232
2233
2230
2229
2222
2211
2247
2329
2386
2392
2428
2455
2480
2511
2516
2519
2548
2624
2635
2633
2651
2663
2670
2680
2672
2667
2691
2757
2753
2763
2780
2801
2811
2827
2800
2810
2850
2925
2922
2945
2970
3000
3027
3053
3035
3055
3098
3176
3143
3170
3190
3215
3237
3252
3251
3270
3297
3320
3279
3291
3295
3300
3311
3288
3246
3252
3298
3311
3283
3292
3307
3329
3349
3336
3331
3351
3409
3401
3373
3362
3346
3326
3311
3276
3248
3247
3303
3282
3289
3298
3308
3305
3300
3245
3213
3201
3213
3147
3103
3049
2983
2896
2796
2645
2536
2459
2425
2297
2237
2182
2139
2103
2066
2020
2006
2025
2042
1995
1986
1968
1946
1918
1870
1806
1776
1785
1764
1704
1679
1651
1624
1604
1558
1517
1500
1517
1467
1401
1352
1296
1234
1170
1084
1006
951
947
847
777
711
654
594
550
478
438
425
442
386
364
344
333
320
312
263
259
285
335
288
285
272
259
243
217
174
160
178
191
136
113
88
50
12
-64
-137
-176
-173
-192
-262
-295
-341
-374
-400
-447
-486
-484
-435
-443
-478
-487
-498
-519
-540
-594
-631
-636
-583
-632
-648
-663
-676
-693
-706
-749
-772
-773
-742
-791
-810
-832
-848
-870
-891
-955
-976
-971
-948
-1005
-1013
-1017
-1013
-1003
-998
-1010
-994
-950
-915
-942
-927
-917
-907
-895
-899
-910
-886
-821
-797
-801
-769
-736
-706
-672
-676
-686
-682
-649
-671
-713
-738
-769
-804
-837
-902
-949
-974
-945
-1021
-1051
-1071
-1081
-1096
-1106
-1148
-1171
-1173
-1141
-1188
-1186
-1184
-1177
-1180
-1183
-1229
-1236
-1212
-1172
-1200
-1189
-1174
-1147
-1108
-1074
-1058
-1017
-950
-902
-919
-895
-881
-874
-881
-921
-981
-1019
-1005
-1040
-1119
-1157
-1189
-1218
-1228
-1263
-1279
-1277
-1220
-1199
-1186
-1157
-1126
-1098
-1062
-1080
-1075
-1051
-972
-1003
-995
-985
-974
-972
-971
-1000
-1009
-994
-938
-970
-946
-931
-911
-901
-894
-923
-924
-903
-879
-926
-944
-970
-998
-1029
-1068
-1121
-1133
-1103
-1081
-1115
-1106
-1104
-1103
-1101
-1118
-1139
-1128
-1073
-1069
-1089
-1080
-1075
-1074
-1068
-1084
-1089
-1061
-994
-968
-953
-921
-894
-876
-861
-892
-895
-871
-792
-822
-819
-817
-814
-820
-829
-870
-889
-883
-836
-891
-886
-888
-879
-872
-858
-871
-856
-824
-798
-843
-867
-899
-929
-954
-984
-1024
-1023
-980
-946
-967
-951
-947
-949
-949
-968
-990
-979
-924
-927
-953
-960
-977
-997
-1007
-1059
-1103
-1121
-1094
-1108
-1123
-1107
-1100
-1105
-1088
-1111
-1103
-1070
-989
-1005
-980
-960
-943
-925
-904
-916
-901
-870
-802
-849
-834
-818
-789
-765
-740
-738
-712
-666
-629
-663
-676
-707
-747
-787
-831
-887
-903
-879
-876
-925
-936
-952
-966
-979
-1014
-1048
-1041
-980
-971
-972
-949
-929
-918
-909
-925
-939
-926
-874
-874
-878
-875
-872
-873
-870
-914
-921
-898
-825
-837
-811
-779
-744
-716
-689
-700
-685
-648
-572
-614
-602
-607
-614
-630
-650
-696
-717
-712
-708
-760
-769
-777
-782
-788
-804
-833
-822
-765
-724
-729
-698
-675
-661
-653
-679
-714
-727
-700
-738
-787
-811
-830
-847
-854
-878
-903
-905
-875
-889
-905
-894
-889
-873
-849
-878
-867
-851
-802
-845
-852
-858
-851
-839
-810
-804
-767
-713
-618
-637
-607
-593
-588
-595
-611
-653
-670
-662
-657
-711
-721
-737
-749
-763
-788
-824
-820
-778
-757
-779
-761
-744
-723
-692
-682
-668
-620
-528
-505
-499
-478
-465
-463
-461
-481
-498
-488
-431
-443
-432
-415
-393
-380
-361
-387
-392
-378
-330
-357
-358
-361
-367
-387
-415
-491
-530
-546
-529
-623
-658
-695
-722
-743
-759
-781
-772
-734
-702
-732
-726
-730
-734
-740
-759
-789
-779
-727
-703
-719
-698
-683
-672
-656
-666
-673
-652
-591
-600
-625
-625
-623
-619
-608
-617
-623
-607
-545
-573
-577
-579
-574
-578
-576
-604
-598
-586
-536
-556
-552
-543
-541
-541
-546
-584
-577
-539
-468
-491
-453
-418
-393
-371
-360
-373
-365
-337
-320
-372
-390
-419
-452
-485
-530
-579
-587
-549
-547
-584
-581
-577
-569
-557
-570
-574
-548
-480
-473
-478
-465
-455
-446
-435
-452
-463
-452
-389
-422
-418
-413
-403
-400
-388
-410
-408
-385
-337
-373
-381
-395
-408
-428
-447
-509
-527
-513
-470
-510
-498
-484
-464
-438
-415
-404
-361
-285
-218
-217
-172
-130
-86
-41
-12
5
56
151
209
234
289
338
383
432
454
487
552
661
717
761
832
909
992
1084
1153
1244
1369
1557
1645
1782
1926
2080
2230
2389
2523
2683
2869
3085
3208
3358
3500
3611
3699
3786
3831
3923
4042
4187
4245
4334
4433
4533
4627
4702
4757
4835
4948
5040
5064
5126
5177
5215
5241
5231
5193
5176
5192
5160
5088
5038
4982
4924
4866
4775
4687
4617
4577
4477
4352
4244
4137
4026
3920
3784
3673
3589
3562
3429
3339
3251
3171
3090
3018
2923
2848
2789
2755
2624
2529
2418
2304
2168
2020
1819
1649
1502
1371
1181
1040
903
774
656
544
431
363
339
314
237
205
169
131
90
22
-63
-125
-154
-237
-349
-433
-522
-614
-697
-804
-902
-971
-1003
-1076
-1155
-1208
-1251
-1284
-1304
-1354
-1371
-1359
-1290
-1327
-1322
-1314
-1303
-1299
-1291
-1309
-1302
-1278
-1226
-1287
-1310
-1352
-1391
-1436
-1475
-1546
-1553
-1547
-1522
-1564
-1557
-1546
-1543
-1526
-1528
-1554
-1546
-1494
-1460
-1482
-1459
-1436
-1392
-1347
-1324
-1302
-1239
-1140
-1091
-1063
-996
-914
-823
-712
-615
-505
-363
-186
-64
34
139
234
320
406
443
507
598
737
767
829
886
935
968
993
980
984
1001
1050
985
970
941
914
874
829
751
705
689
682
627
615
610
616
633
645
644
680
753
809
811
855
897
936
971
979
977
999
1059
1057
1036
1041
1047
1048
1050
1022
992
985
1012
987
955
935
914
883
856
787
754
751
799
755
745
734
718
693
666
609
590
609
680
648
685
718
758
792
820
821
846
892
928
896
883
853
810
759
674
573
515
487
448
353
296
233
186
150
96
41
14
40
4
-59
-102
-144
-194
-240
-304
-362
-385
-367
-400
-431
-451
-468
-491
-502
-554
-568
-551
-482
-498
-485
-481
-479
-485
-494
-538
-548
-533
-478
-540
-538
-544
-545
-555
-577
-628
-659
-668
-678
-743
-768
-790
-803
-806
-814
-835
-821
-770
-744
-763
-743
-726
-708
-685
-684
-686
-666
-610
-624
-657
-674
-695
-720
-733
-758
-775
-766
-717
-735
-744
-745
-746
-760
-772
-832
-863
-870
-842
-897
-925
-950
-971
-993
-1011
-1060
-1062
-1030
-951
-975
-930
-883
-826
-771
-723
-698
-661
-609
-572
-604
-601
-602
-596
-584
-582
-593
-572
-507
-458
-470
-451
-427
-406
-376
-373
-369
-344
-292
-298
-320
-328
-350
-372
-394
-427
-461
-460
-411
-437
-443
-436
-416
-400
-375
-389
-374
-334
-262
-265
-238
-211
-183
-159
-136
-150
-127
-73
19
15
68
115
160
195
215
214
235
278
313
286
305
318
330
339
333
311
322
377
403
394
424
455
488
527
539
557
608
704
739
763
807
848
884
920
934
954
997
1085
1081
1107
1135
1167
1187
1212
1200
1211
1242
1298
1276
1281
1287
1301
1314
1335
1316
1344
1400
1484
1469
1505
1539
1579
1623
1663
1691
1748
1836
1915
1923
1967
2002
2040
2084
2119
2147
2211
2315
2384
2413
2474
2526
2562
2613
2607
2606
2629
2702
2725
2730
2763
2785
2788
2800
2797
2806
2842
2936
2929
2970
3000
3032
3052
3087
3086
3118
3178
3271
3285
3329
3369
3414
3454
3497
3499
3541
3605
3689
3684
3722
3756
3784
3810
3831
3830
3850
3894
3925
3888
3888
3878
3870
3862
3834
3795
3788
3822
3814
3770
3756
3738
3714
3691
3640
3602
3603
3654
3661
3659
3678
3694
3704
3712
3688
3675
3684
3743
3696
3692
3694
3701
3700
3702
3673
3661
3663
3689
3621
3587
3548
3517
3484
3456
3387
3360
3361
3378
3321
3301
3276
3249
3224
3189
3136
3111
3117
3108
3029
2983
2920
2852
2781
2694
2604
2552
2549
2507
2440
2404
2364
2316
2266
2185
2113
2071
2067
2022
1956
1908
1848
1787
1742
1656
1601
1567
1575
1469
1412
1361
1316
1267
1219
1156
1118
1091
1098
1026
1001
968
940
901
868
797
764
755
750
672
624
570
520
473
416
342
304
307
302
251
245
231
212
187
132
58
6
-11
-82
-181
-253
-324
-397
-464
-554
-632
-673
-668
-697
-734
-753
-777
-810
-847
-929
-986
-1016
-990
-1067
-1099
-1126
-1146
-1168
-1184
-1223
-1236
-1224
-1174
-1226
-1226
-1239
-1252
-1274
-1296
-1348
-1362
-1347
-1325
-1361
-1359
-1356
-1348
-1338
-1338
-1360
-1351
-1307
-1279
-1307
-1290
-1276
-1261
-1245
-1244
-1240
-1197
-1107
-1075
-1072
-1052
-1039
-1036
-1030
-1052
-1069
-1061
-1020
-1027
-1048
-1055
-1067
-1091
-1117
-1184
-1212
-1224
-1193
-1250
-1272
-1284
-1282
-1281
-1268
-1295
-1279
-1239
-1160
-1200
-1172
-1155
-1126
-1114
-1094
-1104
-1084
-1043
-1005
-1029
-1021
-1017
-1007
-991
-978
-977
-929
-837
-759
-731
-655
-582
-506
-434
-381
-334
-253
-128
-56
8
110
224
345
479
594
715
865
1051
1186
1312
1446
1574
1685
1785
1822
1874
1934
2022
1999
1993
1977
1954
1921
1883
1802
1745
1707
1709
1594
1537
1464
1394
1312
1221
1100
1003
933
861
735
647
558
472
387
291
181
113
91
56
-22
-55
-85
-117
-152
-219
-295
-349
-359
-435
-527
-600
-675
-751
-821
-905
-983
-1037
-1059
-1151
-1251
-1351
-1453
-1567
-1681
-1851
-2006
-2155
-2283
-2511
-2725
-2924
-3139
-3361
-3574
-3814
-4009
-4178
-4298
-4526
-4705
-4875
-5027
-5180
-5337
-5506
-5648
-5745
-5847
-5997
-6104
-6199
-6291
-6381
-6480
-6593
-6665
-6693
-6739
-6824
-6866
-6908
-6943
-6973
-7026
-7076
-7093
-7060
-7085
-7119
-7126
-7124
-7117
-7101
-7098
-7090
-7054
-6971
-6950
-6905
-6844
-6775
-6711
-6634
-6597
-6531
-6439
-6310
-6256
-6167
-6065
-5947
-5819
-5676
-5563
-5406
-5219
-4991
-4872
-4694
-4526
-4361
-4202
-4049
-3914
-3756
-3575
-3403
-3295
-3147
-3003
-2852
-2697
-2553
-2425
-2266
-2074
-1916
-1803
-1655
-1516
-1384
-1255
-1157
-1062
-948
-799
-722
-663
-589
-525
-470
-417
-384
-350
-295
-197
-188
-166
-149
-135
-133
-125
-156
-160
-145
-105
-146
-164
-188
-214
-250
-285
-361
-385
-376
-334
-394
-396
-388
-381
-370
-362
-384
-380
-336
-295
-313
-286
-267
-240
-212
-214
-237
-222
-176
-168
-198
-190
-179
-171
-167
-196
-226
-228
-185
-198
-222
-225
-232
-237
-239
-259
-274
-261
-198
-234
-239
-239
-228
-218
-194
-199
-179
-141
-78
-94
-79
-65
-45
-31
-10
-27
8
74
164
154
189
217
246
275
292
287
302
340
364
321
316
304
292
279
248
203
189
210
189
131
106
79
52
33
-7
-30
-14
57
81
96
131
159
183
210
208
215
246
333
319
344
371
400
417
438
422
425
448
497
461
450
428
405
373
350
290
279
299
342
304
313
321
345
378
403
401
450
526
594
606
648
689
716
756
773
775
797
862
881
870
881
902
920
939
927
921
946
1011
1023
1018
1030
1038
1042
1053
1034
1033
1054
1135
1111
1129
1137
1150
1153
1163
1144
1149
1183
1255
1246
1282
1311
1344
1365
1385
1362
1379
1423
1484
1474
1501
1523
1544
1564
1573
1564
1587
1644
1693
1683
1716
1746
1777
1808
1816
1813
1841
1910
1933
1929
1955
1978
1995
2015
2005
2001
2023
2082
2097
2100
2124
2151
2178
2212
2210
2231
2276
2374
2363
2396
2433
2477
2517
2563
2583
2628
2699
2805
2810
2855
2881
2902
2910
2920
2897
2918
2973
3037
3035
3064
3085
3103
3117
3114
3085
3084
3108
3133
3091
3079
3069
3062
3067
3059
3053
3094
3162
3192
3202
3239
3271
3309
3354
3386
3414
3478
3574
3630
3667
3718
3765
3804
3846
3844
3866
3912
4007
3992
4020
4049
4074
4090
4102
4076
4072
4090
4148
4110
4129
4141
4162
4179
4199
4191
4219
4277
4340
4345
4381
4413
4445
4477
4493
4483
4494
4532
4544
4494
4484
4471
4460
4455
4429
4400
4404
4454
4446
4416
4411
4403
4391
4384
4357
4338
4350
4400
4405
4405
4420
4432
4437
4447
4412
4408
4429
4496
4457
4450
4440
4428
4409
4393
4350
4336
4347
4397
4334
4330
4313
4298
4268
4228
4154
4109
4086
4061
3983
3946
3912
3880
3842
3787
3709
3662
3653
3628
3551
3520
3490
3463
3445
3407
3352
3326
3338
3297
3230
3181
3130
3051
2968
2873
2783
2722
2706
2641
2582
2542
2493
2427
2372
2271
2200
2157
2155
2064
2003
1942
1882
1819
1755
1652
1576
1514
1489
1352
1285
1218
1158
1092
1030
950
895
865
834
747
704
668
646
634
617
588
593
631
636
582
559
528
492
453
383
309
266
271
215
151
114
80
47
23
-17
-58
-75
-51
-87
-117
-140
-165
-202
-235
-318
-370
-398
-387
-457
-496
-530
-563
-600
-638
-718
-764
-780
-750
-823
-825
-828
-821
-817
-820
-846
-850
-832
-824
-881
-905
-937
-970
-1002
-1047
-1106
-1126
-1105
-1106
-1148
-1148
-1148
-1142
-1130
-1142
-1151
-1127
-1055
-1053
-1055
-1048
-1043
-1062
-1063
-1088
-1120
-1121
-1097
-1138
-1169
-1178
-1186
-1199
-1211
-1256
-1267
-1255
-1223
-1261
-1268
-1272
-1270
-1274
-1271
-1308
-1308
-1285
-1231
-1291
-1299
-1315
-1331
-1345
-1362
-1387
-1382
-1344
-1313
-1339
-1324
-1315
-1304
-1290
-1284
-1293
-1269
-1209
-1180
-1193
-1166
-1143
-1124
-1106
-1117
-1125
-1104
-1041
-1048
-1076
-1092
-1116
-1151
-1193
-1261
-1325
-1364
-1355
-1431
-1478
-1515
-1539
-1565
-1575
-1616
-1624
-1602
-1541
-1547
-1521
-1492
-1458
-1428
-1392
-1399
-1366
-1309
-1225
-1247
-1222
-1210
-1204
-1208
-1226
-1264
-1276
-1262
-1258
-1321
-1346
-1381
-1416
-1455
-1507
-1567
-1584
-1554
-1552
-1587
-1583
-1578
-1573
-1562
-1576
-1581
-1556
-1488
-1480
-1483
-1465
-1452
-1442
-1426
-1433
-1418
-1382
-1313
-1327
-1300
-1266
-1222
-1196
-1163
-1190
-1184
-1159
-1107
-1140
-1138
-1138
-1131
-1146
-1154
-1210
-1218
-1200
-1160
-1213
-1220
-1234
-1247
-1261
-1280
-1310
-1306
-1268
-1243
-1291
-1298
-1307
-1309
-1301
-1301
-1304
-1268
-1198
-1177
-1201
-1202
-1213
-1227
-1233
-1264
-1284
-1269
-1208
-1197
-1197
-1175
-1156
-1140
-1126
-1145
-1155
-1145
-1090
-1144
-1163
-1178
-1185
-1200
-1211
-1252
-1266
-1251
-1200
-1227
-1216
-1213
-1205
-1204
-1197
-1229
-1219
-1182
-1134
-1171
-1170
-1172
-1173
-1173
-1182
-1210
-1209
-1180
-1162
-1211
-1221
-1243
-1269
-1294
-1334
-1383
-1398
-1372
-1386
-1427
-1431
-1430
-1427
-1416
-1435
-1448
-1432
-1378
-1375
-1385
-1371
-1355
-1337
-1315
-1330
-1334
-1320
-1259
-1311
-1322
-1320
-1297
-1288
-1263
-1262
-1231
-1177
-1090
-1082
-1044
-1022
-989
-973
-964
-1001
-1004
-981
-950
-999
-1017
-1032
-1045
-1057
-1072
-1106
-1105
-1070
-1048
-1085
-1079
-1075
-1065
-1049
-1052
-1063
-1041
-978
-963
-983
-987
-1002
-1026
-1049
-1098
-1136
-1140
-1103
-1105
-1120
-1121
-1129
-1145
-1159
-1210
-1234
-1231
-1171
-1213
-1206
-1193
-1180
-1175
-1170
-1192
-1192
-1172
-1118
-1165
-1163
-1167
-1162
-1159
-1150
-1172
-1156
-1110
-1056
-1063
-1035
-1008
-979
-950
-932
-933
-904
-842
-798
-814
-791
-782
-779
-783
-814
-854
-861
-822
-827
-843
-824
-801
-781
-757
-758
-755
-724
-653
-619
-591
-543
-499
-458
-411
-405
-364
-295
-176
-165
-119
-71
-17
35
90
114
151
217
301
281
298
322
348
358
383
361
371
402
450
434
451
454
455
457
442
397
393
428
439
396
392
387
384
385
369
349
363
421
430
425
454
484
513
550
568
586
628
701
718
718
724
728
722
717
659
622
601
620
533
473
412
357
309
278
228
215
235
300
258
283
305
337
364
389
387
408
451
489
467
477
485
493
499
489
460
461
491
493
439
424
405
382
357
305
250
228
252
215
164
137
110
80
55
14
-20
-24
11
-7
-22
-22
-15
-16
-17
-69
-96
-104
-74
-135
-166
-192
-213
-236
-260
-326
-366
-390
-376
-472
-495
-516
-523
-523
-529
-586
-619
-625
-634
-689
-713
-736
-767
-782
-804
-839
-844
-816
-810
-850
-865
-880
-900
-920
-973
-1033
-1062
-1036
-1067
-1101
-1106
-1106
-1104
-1095
-1106
-1120
-1118
-1078
-1101
-1113
-1114
-1112
-1113
-1103
-1140
-1153
-1149
-1115
-1170
-1201
-1233
-1261
-1291
-1317
-1379
-1404
-1402
-1365
-1441
-1455
-1474
-1484
-1496
-1513
-1551
-1567
-1561
-1561
-1621
-1639
-1656
-1666
-1674
-1696
-1734
-1740
-1706
-1694
-1720
-1701
-1681
-1658
-1631
-1631
-1631
-1598
-1516
-1494
-1480
-1446
-1418
-1400
-1386
-1394
-1401
-1387
-1336
-1371
-1398
-1430
-1462
-1499
-1522
-1575
-1596
-1590
-1548
-1580
-1582
-1580
-1567
-1550
-1526
-1543
-1518
-1468
-1388
-1419
-1397
-1383
-1368
-1364
-1378
-1418
-1439
-1438
-1434
-1474
-1489
-1507
-1525
-1542
-1577
-1632
-1647
-1630
-1646
-1681
-1667
-1648
-1626
-1595
-1594
-1586
-1559
-1494
-1495
-1512
-1518
-1523
-1528
-1522
-1530
-1527
-1495
-1413
-1420
-1399
-1369
-1337
-1313
-1280
-1289
-1274
-1248
-1198
-1223
-1217
-1217
-1216
-1226
-1242
-1302
-1318
-1304
-1262
-1320
-1325
-1333
-1340
-1345
-1354
-1371
-1353
-1306
-1267
-1301
-1299
-1310
-1325
-1341
-1372
-1413
-1421
-1388
-1388
-1421
-1415
-1410
-1406
-1397
-1419
-1440
-1438
-1401
-1425
-1461
-1477
-1494
-1505
-1505
-1521
-1516
-1478
-1383
-1386
-1349
-1307
-1255
-1208
-1150
-1120
-1061
-978
-866
-833
-768
-706
-642
-584
-520
-493
-416
-305
-166
-106
6
120
241
367
487
589
719
877
1024
1109
1240
1371
1510
1650
1797
1919
2092
2306
2505
2682
2889
3114
3335
3570
3790
4044
4337
4682
4971
5240
5537
5821
6095
6369
6610
6848
7097
7382
7544
7729
7893
8028
8116
8170
8153
8119
8060
7991
7798
7609
7384
7125
6808
6443
5988
5529
5066
4605
4065
3569
3076
2587
2103
1616
1123
678
289
-82
-487
-818
-1125
-1400
-1648
-1893
-2130
-2318
-2453
-2618
-2798
-2931
-3045
-3140
-3210
-3293
-3356
-3378
-3350
-3357
-3369
-3358
-3346
-3331
-3310
-3322
-3310
-3271
-3172
-3179
-3144
-3109
-3070
-3033
-2985
-2956
-2898
-2809
-2679
-2636
-2545
-2460
-2369
-2285
-2201
-2160
-2079
-1967
-1842
-1782
-1686
-1596
-1509
-1427
-1362
-1325
-1265
-1181
-1117
-1125
-1103
-1098
-1101
-1111
-1147
-1192
-1203
-1170
-1187
-1225
-1235
-1239
-1260
-1264
-1283
-1294
-1261
-1197
-1178
-1177
-1151
-1127
-1107
-1088
-1112
-1103
-1064
-979
-996
-963
-928
-890
-860
-833
-839
-835
-818
-766
-813
-803
-801
-794
-799
-812
-863
-875
-857
-830
-867
-871
-879
-887
-890
-901
-929
-927
-891
-868
-903
-892
-880
-864
-840
-833
-827
-787
-702
-670
-659
-625
-598
-580
-559
-564
-567
-545
-489
-481
-489
-483
-481
-487
-492
-543
-569
-572
-526
-579
-591
-591
-584
-579
-575
-605
-612
-595
-534
-571
-544
-524
-501
-491
-482
-502
-490
-453
-418
-444
-440
-440
-439
-433
-432
-446
-423
-363
-326
-345
-328
-317
-310
-304
-323
-350
-347
-302
-318
-348
-352
-352
-354
-349
-366
-376
-348
-303
-311
-313
-304
-293
-294
-291
-339
-370
-361
-303
-334
-330
-311
-288
-260
-236
-242
-224
-180
-97
-126
-95
-74
-47
-32
-24
-44
-42
-20
-9
-65
-93
-118
-136
-140
-154
-180
-173
-129
-113
-152
-151
-152
-149
-143
-158
-171
-146
-70
-51
-40
-3
32
59
85
88
93
124
197
212
229
257
290
317
346
328
340
375
448
432
442
449
454
451
446
401
386
395
444
379
377
368
360
343
318
269
244
245
243
187
176
169
175
194
211
222
273
363
425
440
491
535
571
602
601
596
614
671
653
617
600
583
570
571
566
570
602
680
695
730
774
846
892
948
950
987
1051
1138
1154
1185
1202
1226
1257
1287
1271
1290
1327
1407
1360
1366
1363
1375
1380
1384
1373
1388
1427
1457
1425
1433
1436
1441
1450
1444
1428
1451
1514
1550
1541
1562
1580
1604
1634
1642
1659
1708
1801
1827
1843
1879
1913
1944
1979
1997
2020
2068
2161
2169
2193
2213
2229
2229
2231
2193
2183
2199
2248
2216
2209
2205
2207
2207
2211
2174
2178
2205
2262
2212
2213
2209
2208
2209
2208
2197
2220
2276
2330
2321
2352
2375
2398
2420
2424
2410
2426
2477
2492
2461
2462
2464
2469
2484
2475
2476
2508
2586
2600
2598
2610
2616
2615
2614
2590
2575
2583
2636
2591
2572
2554
2539
2516
2499
2447
2422
2423
2450
2401
2369
2338
2325
2309
2316
2288
2304
2353
2440
2431
2464
2479
2483
2484
2471
2424
2403
2418
2422
2361
2337
2295
2242
2178
2094
1998
1940
1925
1875
1792
1742
1689
1629
1574
1489
1416
1376
1388
1352
1309
1289
1268
1244
1220
1161
1104
1058
1057
954
892
839
801
766
746
707
697
709
745
691
659
616
578
537
502
427
395
390
403
336
313
289
269
254
234
203
205
240
266
226
223
206
185
161
114
52
22
33
5
-53
-77
-101
-129
-155
-215
-267
-287
-261
-278
-302
-304
-314
-331
-351
-413
-469
-512
-509
-619
-688
-752
-803
-847
-870
-909
-916
-896
-843
-879
-877
-884
-889
-897
-890
-935
-947
-915
-867
-881
-852
-824
-791
-779
-774
-800
-804
-784
-765
-809
-809
-829
-849
-882
-944
-1025
-1073
-1070
-1099
-1145
-1155
-1162
-1170
-1173
-1200
-1217
-1206
-1159
-1158
-1177
-1176
-1183
-1190
-1194
-1229
-1246
-1240
-1178
-1221
-1219
-1212
-1199
-1190
-1174
-1180
-1163
-1123
-1053
-1085
-1079
-1089
-1104
-1131
-1158
-1220
-1242
-1231
-1205
-1236
-1228
-1220
-1209
-1196
-1186
-1188
-1150
-1073
-1006
-998
-951
-915
-884
-857
-853
-861
-840
-778
-766
-780
-773
-773
-779
-785
-822
-857
-870
-852
-885
-933
-969
-1008
-1044
-1067
-1126
-1154
-1157
-1110
-1173
-1197
-1219
-1239
-1261
-1277
-1316
-1325
-1305
-1244
-1286
-1274
-1273
-1265
-1262
-1253
-1270
-1246
-1191
-1136
-1121
-1090
-1072
-1060
-1053
-1062
-1107
-1118
-1095
-1103
-1147
-1129
-1111
-1095
-1077
-1088
-1097
-1089
-1037
-1046
-1068
-1071
-1078
-1090
-1096
-1120
-1137
-1126
-1081
-1082
-1091
-1077
-1065
-1058
-1039
-1058
-1043
-1000
-914
-935
-916
-898
-878
-860
-840
-853
-842
-808
-740
-785
-771
-766
-762
-772
-789
-837
-856
-846
-832
-871
-877
-888
-898
-907
-924
-955
-944
-892
-858
-874
-851
-836
-824
-812
-826
-847
-840
-789
-801
-831
-838
-849
-865
-875
-906
-931
-928
-887
-898
-912
-914
-912
-914
-909
-948
-958
-946
-894
-934
-945
-956
-966
-973
-970
-991
-977
-941
-870
-919
-905
-897
-883
-880
-883
-911
-912
-882
-845
-858
-829
-801
-774
-751
-739
-751
-736
-693
-674
-692
-678
-665
-655
-659
-692
-720
-721
-681
-705
-748
-758
-763
-779
-786
-798
-809
-795
-741
-751
-749
-733
-715
-708
-702
-745
-758
-736
-665
-671
-646
-615
-584
-562
-549
-577
-571
-543
-483
-545
-550
-566
-580
-598
-625
-673
-696
-691
-689
-746
-766
-790
-807
-818
-838
-870
-864
-821
-807
-842
-841
-839
-833
-818
-829
-836
-809
-735
-730
-741
-733
-723
-710
-693
-697
-700
-681
-620
-630
-620
-605
-589
-583
-570
-601
-604
-589
-543
-583
-603
-626
-651
-686
-725
-810
-858
-876
-849
-919
-918
-914
-901
-892
-890
-905
-894
-850
-801
-806
-766
-732
-698
-668
-657
-664
-639
-575
-540
-549
-517
-491
-484
-499
-536
-578
-588
-544
-568
-585
-585
-565
-547
-526
-540
-549
-545
-501
-563
-595
-622
-643
-668
-681
-723
-735
-722
-679
-709
-708
-708
-699
-695
-687
-725
-720
-691
-631
-679
-673
-677
-682
-694
-716
-757
-774
-767
-766
-827
-846
-869
-890
-906
-931
-966
-961
-911
-892
-910
-892
-874
-861
-846
-859
-865
-843
-779
-778
-788
-775
-760
-742
-714
-702
-676
-627
-535
-551
-548
-557
-572
-602
-627
-687
-723
-739
-723
-776
-791
-801
-800
-802
-797
-834
-826
-788
-722
-745
-720
-697
-670
-642
-622
-618
-585
-525
-478
-507
-507
-522
-540
-557
-590
-633
-642
-608
-610
-643
-640
-637
-638
-634
-658
-681
-664
-627
-667
-723
-761
-794
-825
-846
-881
-914
-905
-833
-862
-854
-839
-819
-795
-776
-778
-754
-693
-603
-596
-558
-532
-506
-492
-478
-509
-502
-475
-432
-473
-478
-487
-499
-516
-543
-586
-593
-559
-536
-578
-580
-587
-590
-593
-618
-661
-679
-668
-706
-777
-813
-841
-861
-869
-901
-922
-912
-866
-872
-893
-892
-891
-887
-876
-899
-903
-879
-794
-809
-776
-737
-693
-661
-633
-645
-647
-636
-594
-639
-636
-635
-628
-629
-628
-666
-664
-634
-597
-636
-645
-658
-667
-667
-670
-684
-666
-622
-599
-648
-663
-688
-716
-744
-791
-843
-854
-815
-816
-839
-833
-828
-826
-818
-835
-842
-818
-753
-727
-712
-680
-652
-633
-626
-659
-679
-667
-607
-654
-652
-665
-673
-664
-643
-645
-622
-579
-487
-482
-437
-409
-372
-352
-335
-347
-318
-253
-176
-157
-101
-45
12
69
118
144
201
287
353
358
396
414
424
428
407
379
381
426
419
397
410
430
450
478
483
492
521
579
587
578
580
578
573
579
553
562
602
699
692
721
745
764
774
781
759
760
779
832
776
781
776
776
773
775
749
754
780
802
765
764
767
776
788
791
780
803
859
894
871
887
892
