0
84
213
365
538
694
832
990
1141
1263
1306
1384
1455
1516
1576
1599
1628
1687
1777
1824
1841
1892
1921
1936
1931
1873
1823
1794
1802
1780
1749
1750
1752
1766
1777
1745
1762
1779
1839
1792
1770
1761
1737
1713
1673
1605
1582
1570
1603
1538
1531
1548
1565
1603
1625
1627
1679
1741
1807
1815
1855
1895
1929
1971
1989
1999
2044
2100
2135
2101
2061
2029
2002
1974
1920
1878
1877
1904
1918
1905
1947
1979
2031
2077
2089
2093
2118
2176
2198
2210
2264
2322
2393
2457
2465
2524
2585
2691
2695
2734
2784
2811
2818
2796
2720
2665
2585
2528
2354
2236
2141
2048
1988
1935
1884
1881
1883
1875
1798
1754
1716
1685
1679
1666
1657
1692
1750
1791
1771
1789
1797
1801
1807
1782
1782
1822
1907
1945
1962
2005
2020
2012
1982
1911
1847
1797
1776
1710
1643
1614
1590
1589
1596
1565
1594
1629
1705
1692
1701
1723
1735
1747
1738
1690
1686
1682
1718
1638
1617
1616
1617
1642
1662
1679
1731
1787
1833
1814
1834
1866
1904
1962
2012
2075
2190
2329
2437
2472
2527
2561
2576
2586
2572
2533
2508
2533
2504
2457
2452
2452
2452
2435
2405
2396
2389
2426
2413
2402
2411
2397
2385
2355
2264
2211
2147
2104
1969
1846
1738
1643
1572
1503
1414
1393
1377
1411
1346
1358
1406
1460
1530
1589
1640
1725
1813
1893
1905
1951
1995
2027
2053
2039
2015
2026
2059
2072
2040
2050
2047
2025
1987
1896
1813
1747
1712
1616
1504
1435
1372
1326
1293
1246
1224
1229
1278
1261
1260
1298
1335
1389
1435
1435
1479
1520
1585
1566
1561
1570
1577
1600
1614
1588
1617
1637
1682
1607
1580
1565
1554
1569
1591
1635
1739
1880
2029
2111
2229
2343
2441
2525
2557
2564
2587
2610
2583
2493
2432
2353
2254
2129
1937
1743
1561
1419
1226
1076
951
863
790
763
729
713
723
754
677
614
607
582
573
579
554
586
621
685
683
723
772
821
884
939
954
1026
1081
1155
1107
1097
1092
1087
1094
1085
1068
1092
1137
1188
1181
1218
1261
1300
1341
1348
1354
1394
1456
1489
1479
1507
1517
1506
1481
1409
1361
1330
1329
1276
1213
1189
1174
1170
1165
1130
1124
1136
1199
1168
1155
1161
1156
1170
1173
1133
1115
1084
1062
944
839
750
669
620
572
497
497
507
552
513
520
538
558
590
608
628
696
789
883
908
968
1018
1050
1070
1040
994
962
937
871
765
709
663
637
624
579
561
562
593
577
550
567
595
632
666
669
693
731
791
768
795
852
907
971
1012
997
1016
999
986
872
800
748
703
672
643
607
638
672
723
685
675
658
614
564
482
390
331
307
294
230
211
198
181
170
126
85
79
110
116
100
140
189
249
303
301
306
319
353
340
309
316
334
368
412
424
476
529
622
598
596
608
606
607
596
560
561
569
610
562
552
557
553
570
584
577
634
698
768
760
778
790
783
761
696
607
551
518
492
421
414
419
425
433
403
374
372
389
355
286
263
245
242
245
210
193
187
205
183
149
156
173
209
248
252
307
366
471
466
480
515
556
574
566
557
586
624
701
676
689
696
698
713
694
647
651
666
697
668
691
722
744
755
716
640
588
547
505
425
408
389
372
358
308
267
258
272
239
179
164
153
148
147
110
90
85
104
79
35
16
-10
-27
-43
-101
-98
-86
-27
-76
-104
-122
-153
-187
-234
-299
-307
-287
-213
-230
-185
-121
-69
-17
0
-16
9
48
98
95
133
181
235
301
339
354
389
421
427
372
371
384
410
452
468
499
558
648
684
699
763
836
926
1022
1087
1159
1232
1305
1299
1243
1184
1093
991
871
692
566
450
399
277
203
163
126
103
73
16
-2
16
38
-54
-93
-98
-112
-125
-148
-189
-208
-195
-147
-154
-128
-77
-27
39
65
75
104
150
151
90
76
73
82
114
124
159
203
265
257
220
219
212
202
194
161
146
163
216
230
246
296
340
393
438
438
497
561
669
694
742
804
857
918
976
1012
1109
1215
1361
1388
1455
1504
1500
1452
1333
1161
993
822
654
443
296
185
101
43
-33
-114
-159
-181
-217
-298
-325
-336
-331
-313
-327
-321
-290
-226
-221
-234
-209
-187
-165
-152
-172
-183
-173
-128
-148
-165
-153
-149
-133
-128
-171
-161
-144
-88
-100
-75
-20
36
101
149
154
208
254
334
297
319
360
419
490
544
563
608
657
684
643
646
640
624
637
604
550
525
523
486
393
327
258
219
184
115
72
48
52
-10
-98
-142
-190
-222
-251
-283
-284
-257
-193
-199
-193
-160
-142
-123
-120
-161
-157
-152
-115
-149
-160
-150
-140
-119
-112
-146
-121
-95
-30
-61
-25
37
108
193
255
300
364
427
478
458
479
502
520
548
553
558
598
649
654
588
552
508
471
448
405
406
439
504
499
453
414
348
268
179
69
-7
-53
-44
-111
-149
-157
-176
-181
-189
-228
-223
-213
-176
-212
-222
-215
-206
-174
-150
-171
-148
-144
-123
-205
-237
-256
-275
-285
-313
-347
-351
-352
-346
-394
-408
-432
-417
-376
-349
-302
-233
-148
-120
-133
-116
-114
-103
-79
-85
-56
-9
94
146
172
220
258
292
321
317
339
377
463
436
429
440
429
420
393
326
293
263
254
174
132
127
132
164
191
180
229
272
332
298
299
301
300
307
293
275
292
317
328
269
255
248
244
250
228
216
247
314
351
349
387
422
466
513
523
556
604
677
689
667
658
632
601
562
483
432
384
385
291
243
235
227
230
214
158
124
87
76
-18
-75
-110
-146
-154
-157
-177
-124
-66
-2
-34
-47
-61
-77
-80
-98
-117
-91
-45
-2
-18
24
77
133
189
246
290
364
480
575
628
701
753
788
778
735
721
709
692
625
521
444
356
295
234
161
133
123
167
106
77
74
68
87
95
82
110
141
201
166
173
207
242
293
328
322
361
392
420
364
328
282
223
171
104
46
48
88
137
141
205
275
336
387
392
393
416
468
478
463
494
522
551
574
555
551
562
600
601
588
610
635
667
696
680
712
744
820
786
781
797
808
832
847
835
857
881
939
895
898
924
947
990
1016
1013
1054
1096
1135
1105
1103
1102
1093
1086
1052
1008
1005
1020
1026
975
974
982
999
1026
1025
1042
1095
1182
1217
1239
1299
1329
1328
1295
1194
1071
950
856
706
542
446
364
300
251
170
140
106
103
-8
-67
-102
-130
-128
-116
-119
-73
-28
60
27
46
77
110
159
187
182
220
271
324
315
332
343
343
336
289
223
191
180
158
86
68
57
52
54
28
21
52
129
171
210
302
391
475
544
566
580
584
579
497
384
288
182
81
-24
-175
-267
-355
-390
-496
-552
-562
-554
-516
-469
-441
-361
-282
-168
-178
-143
-103
-79
-54
-65
-112
-139
-167
-200
-293
-345
-384
-412
-417
-436
-450
-414
-347
-291
-290
-249
-223
-212
-211
-248
-264
-242
-174
-155
-151
-107
-69
-28
5
-9
-10
-9
10
-57
-90
-89
-97
-83
-90
-139
-148
-150
-142
-239
-325
-394
-457
-502
-563
-628
-623
-617
-560
-612
-602
-574
-551
-519
-502
-493
-463
-416
-365
-375
-346
-313
-285
-253
-248
-254
-221
-162
-117
-119
-78
-42
-13
9
-13
-24
-19
14
-14
-51
-41
-22
8
36
32
31
39
75
45
22
28
30
60
101
116
192
270
369
374
377
374
345
308
245
138
85
29
7
-130
-210
-270
-325
-364
-409
-443
-424
-375
-312
-304
-251
-194
-142
-89
-70
-62
-21
39
70
48
64
73
79
82
44
21
11
27
-14
-55
-42
-11
41
99
120
136
141
164
95
37
10
21
57
86
113
214
323
450
481
511
506
498
497
475
381
344
286
246
68
-50
-158
-249
-336
-437
-536
-581
-591
-586
-630
-610
-589
-573
-543
-543
-545
-519
-471
-447
-453
-408
-353
-299
-247
-249
-247
-243
-219
-262
-326
-344
-334
-281
-193
-102
28
172
348
417
491
572
618
650
648
579
515
420
320
115
-98
-326
-596
-887
-1223
-1619
-1955
-2286
-2578
-2942
-3233
-3486
-3713
-3908
-4103
-4286
-4408
-4479
-4510
-4566
-4544
-4492
-4419
-4323
-4247
-4166
-4048
-3907
-3792
-3707
-3558
-3392
-3210
-3021
-2872
-2705
-2528
-2330
-2190
-2069
-1922
-1781
-1640
-1501
-1397
-1268
-1134
-959
-898
-825
-748
-704
-670
-663
-693
-688
-664
-605
-644
-653
-644
-639
-622
-613
-619
-573
-538
-467
-490
-498
-490
-477
-464
-482
-523
-540
-523
-506
-546
-526
-496
-466
-433
-438
-429
-389
-319
-282
-269
-205
-134
-59
16
43
72
98
133
100
34
-15
-68
-107
-133
-181
-183
-175
-117
-164
-175
-159
-146
-119
-95
-94
-56
-9
69
62
91
135
168
216
247
240
287
334
398
397
435
477
511
544
551
544
565
595
612
563
565
575
587
611
608
606
625
662
651
598
581
553
523
486
402
336
281
252
183
106
76
65
78
107
113
180
261
390
400
426
456
465
476
480
464
487
519
587
559
565
575
553
556
517
449
399
382
383
324
328
328
331
334
333
298
296
311
314
256
249
241
260
303
313
337
391
468
485
454
454
446
443
437
403
400
423
482
508
526
575
623
677
725
729
789
851
961
959
974
993
990
989
982
962
994
1038
1118
1089
1104
1132
1144
1154
1125
1051
1007
962
913
793
694
593
489
398
291
185
134
123
128
98
136
192
256
324
354
386
436
505
508
466
446
410
374
339
284
262
277
331
351
360
397
427
469
509
503
552
599
678
644
625
618
605
599
578
519
496
480
511
442
434
452
467
493
494
466
466
466
459
413
410
384
387
420
431
433
461
504
508
480
493
519
537
585
604
651
711
812
848
858
894
931
980
1038
1071
1117
1188
1297
1347
1373
1421
1442
1450
1420
1321
1268
1222
1213
1111
1024
941
837
723
587
417
305
215
194
91
73
89
111
148
170
176
215
262
308
293
315
345
379
429
453
463
496
532
538
482
463
441
424
429
420
449
517
627
683
723
800
869
938
1003
1041
1092
1161
1264
1316
1372
1453
1516
1573
1600
1560
1554
1530
1514
1378
1230
1077
909
747
582
395
278
175
126
-16
-75
-93
-89
-59
-40
-30
10
62
111
94
111
132
151
174
174
182
196
230
253
229
246
262
300
340
345
402
502
619
684
723
772
788
780
745
683
624
583
590
542
519
536
551
596
639
647
711
778
866
869
876
894
912
936
943
904
917
924
955
866
829
809
798
809
805
789
797
805
800
724
683
644
605
578
530
486
486
514
522
484
493
497
501
510
487
496
536
616
638
642
679
713
745
765
746
732
724
751
692
654
655
659
684
704
687
715
748
805
786
787
805
819
838
830
766
750
717
704
586
522
479
447
435
412
383
387
401
407
343
322
310
306
322
319
322
365
435
477
462
507
501
498
463
414
400
410
475
469
435
424
432
418
401
376
392
446
564
594
669
786
881
983
1064
1100
1162
1215
1281
1257
1244
1233
1209
1190
1149
1060
1020
971
929
782
672
573
481
411
335
266
248
255
258
179
126
63
-8
-72
-164
-255
-315
-353
-426
-532
-582
-620
-644
-659
-703
-710
-684
-613
-577
-546
-478
-408
-342
-292
-290
-269
-247
-183
-224
-238
-225
-218
-199
-188
-205
-183
-153
-93
-112
-97
-63
-36
6
34
26
76
122
177
143
143
155
176
217
250
291
384
499
609
642
702
740
750
741
677
593
523
470
384
274
226
192
172
154
91
47
27
46
-13
-65
-68
-70
-57
-46
-73
-92
-101
-93
-199
-287
-332
-374
-393
-430
-477
-474
-455
-407
-441
-431
-393
-356
-300
-247
-219
-141
-75
0
-9
8
18
27
42
42
33
64
111
148
109
104
94
83
82
59
55
95
173
217
230
284
325
357
370
330
298
270
256
199
126
83
38
0
-39
-115
-143
-161
-122
-179
-187
-151
-98
-21
59
119
214
304
407
385
381
368
326
283
214
118
81
58
53
-7
-24
-28
-27
-16
-30
-52
-36
-7
7
-47
-60
-75
-100
-129
-195
-246
-251
-204
-180
-166
-96
-19
67
144
172
197
215
229
174
86
20
-33
-42
-76
-151
-153
-158
-131
-221
-283
-328
-377
-387
-385
-422
-403
-366
-289
-328
-330
-323
-326
-322
-336
-361
-324
-261
-187
-177
-135
-101
-73
-21
27
84
199
341
472
545
646
716
749
738
649
529
403
283
99
-106
-262
-403
-519
-618
-732
-818
-869
-879
-917
-949
-934
-902
-840
-772
-755
-695
-649
-574
-604
-609
-591
-566
-519
-465
-424
-329
-233
-107
-106
-62
-9
33
88
123
138
194
259
319
304
300
271
218
157
65
-34
-92
-130
-183
-287
-335
-373
-400
-413
-455
-478
-469
-421
-423
-433
-392
-344
-284
-224
-197
-168
-135
-90
-112
-146
-149
-145
-112
-76
-89
-56
-43
29
-36
-81
-133
-167
-182
-201
-219
-177
-133
-42
-45
-21
-6
-4
-8
-40
-100
-135
-152
-144
-199
-206
-198
-181
-151
-144
-144
-104
-50
-17
-32
1
35
70
100
91
84
83
100
45
-29
-61
-83
-87
-78
-83
-67
-34
23
17
16
47
70
101
121
84
84
70
79
3
-53
-89
-124
-141
-159
-203
-177
-140
-54
-82
-63
-44
-40
-35
-54
-87
-91
-79
-58
-87
-62
-23
23
82
117
147
211
295
361
385
453
512
551
561
504
445
392
362
262
136
43
-51
-146
-250
-381
-491
-573
-600
-684
-741
-758
-774
-767
-757
-776
-737
-686
-598
-583
-549
-504
-475
-437
-422
-446
-448
-442
-395
-465
-482
-496
-523
-552
-575
-614
-608
-579
-521
-513
-446
-386
-323
-239
-189
-151
-85
-9
35
34
76
128
190
257
270
299
332
377
329
245
175
102
37
-17
-80
-102
-93
-30
-42
-28
23
69
131
183
196
249
301
372
359
361
371
368
368
344
269
250
228
231
129
65
2
-68
-134
-228
-339
-419
-480
-534
-639
-678
-691
-686
-658
-652
-644
-604
-547
-527
-552
-528
-489
-431
-357
-310
-231
-131
-3
61
91
134
162
189
218
225
262
301
365
309
263
235
198
180
171
156
207
280
386
408
445
483
493
498
473
398
376
351
344
259
245
219
190
198
191
174
193
228
261
220
246
287
311
348
361
370
391
409
382
299
243
172
97
22
-85
-162
-214
-224
-281
-367
-415
-450
-473
-488
-527
-520
-491
-406
-426
-415
-384
-361
-325
-293
-281
-227
-163
-63
-41
20
100
170
254
321
350
435
516
605
611
645
668
662
626
534
411
320
254
200
100
64
47
47
63
42
9
-15
-35
-108
-219
-279
-325
-346
-346
-366
-344
-293
-211
-181
-182
-165
-157
-150
-152
-194
-189
-169
-85
-97
-66
-9
34
70
75
39
31
28
60
7
7
32
50
83
94
62
71
72
68
-16
-69
-117
-159
-181
-215
-206
-184
-146
-130
-159
-136
-108
-54
20
62
132
259
394
458
482
519
525
496
445
337
256
178
132
53
-34
-83
-125
-148
-150
-187
-166
-137
-52
-64
-38
5
36
63
69
49
65
94
162
133
152
187
209
243
257
240
265
289
311
264
251
255
278
327
366
399
465
538
587
564
578
586
590
598
576
567
593
647
645
604
597
587
585
588
568
580
620
691
726
746
793
833
878
917
910
959
1016
1121
1125
1155
1197
1220
1231
1211
1144
1100
1050
1036
922
869
836
795
757
689
598
552
522
502
438
433
462
514
589
644
685
754
824
862
825
841
860
887
904
905
934
989
1078
1112
1099
1100
1099
1073
1027
937
866
812
782
685
567
486
380
268
144
-28
-133
-221
-257
-368
-443
-478
-503
-493
-486
-508
-492
-472
-417
-479
-491
-495
-509
-508
-524
-555
-546
-519
-485
-500
-469
-424
-382
-334
-313
-296
-237
-154
-86
-69
2
82
170
265
322
389
473
575
601
588
597
589
576
551
486
421
362
325
231
135
71
4
-49
-109
-219
-274
-330
-350
-452
-523
-565
-595
-598
-598
-622
-586
-542
-448
-451
-376
-274
-174
-74
-10
20
60
90
108
62
54
50
44
40
3
-45
-63
-69
-107
-203
-251
-292
-325
-346
-400
-435
-429
-369
-377
-412
-376
-338
-295
-248
-248
-253
-281
-287
-386
-505
-589
-662
-700
-720
-769
-736
-691
-617
-628
-625
-611
-601
-585
-584
-612
-575
-543
-462
-482
-445
-391
-334
-266
-219
-191
-150
-110
-89
-139
-156
-177
-211
-244
-303
-353
-355
-329
-323
-362
-352
-334
-308
-274
-277
-263
-236
-186
-203
-238
-238
-237
-225
-201
-189
-151
-98
-15
-23
-23
-9
-27
-56
-112
-223
-294
-358
-382
-462
-501
-508
-507
-483
-457
-460
-393
-326
-231
-251
-230
-210
-207
-213
-254
-314
-347
-370
-389
-463
-480
-484
-482
-467
-477
-483
-449
-390
-359
-370
-327
-279
-223
-162
-136
-81
-5
101
147
175
233
278
354
392
383
388
406
450
387
348
335
282
248
213
138
87
55
52
-13
-61
-76
-103
-103
-125
-175
-147
-100
-10
-6
48
119
179
240
284
321
397
491
584
623
723
831
949
1081
1192
1303
1443
1602
1719
1777
1849
1884
1886
1850
1740
1623
1497
1374
1165
906
646
357
47
-286
-659
-1003
-1326
-1586
-1930
-2227
-2481
-2720
-2916
-3082
-3236
-3310
-3344
-3326
-3371
-3376
-3354
-3327
-3271
-3215
-3183
-3080
-2971
-2840
-2793
-2708
-2616
-2528
-2438
-2374
-2323
-2242
-2149
-2063
-2045
-1980
-1913
-1851
-1783
-1742
-1694
-1609
-1498
-1423
-1389
-1319
-1262
-1206
-1149
-1126
-1068
-984
-863
-786
-733
-661
-604
-556
-522
-534
-520
-514
-458
-514
-541
-544
-542
-520
-511
-522
-483
-447
-384
-380
-345
-302
-257
-184
-127
-112
-61
-27
28
-13
-39
-71
-113
-145
-195
-254
-261
-257
-250
-309
-308
-302
-294
-284
-294
-288
-244
-170
-133
-129
-81
-36
13
64
81
127
199
303
368
415
490
555
608
633
593
575
543
544
432
355
310
267
238
205
153
145
151
199
161
170
194
208
236
247
226
252
282
323
302
319
347
375
411
423
429
475
534
578
547
547
525
477
414
305
202
136
114
66
2
-10
-18
-16
-15
-48
-56
-40
3
1
-24
-25
-32
-34
-41
-94
-94
-85
-18
-46
-38
-14
-4
1
2
-30
-35
-65
-23
-71
-55
6
54
125
168
204
276
343
402
386
389
387
365
363
338
300
309
336
350
303
299
294
288
281
219
159
118
97
21
-73
-111
-129
-123
-108
-112
-95
-56
4
18
24
68
118
185
254
283
369
454
575
582
603
632
643
646
623
556
515
460
428
275
176
105
41
6
-31
-68
-49
-6
50
52
91
131
166
200
199
186
212
259
297
283
318
354
389
423
422
433
466
525
524
504
534
577
640
713
767
835
918
1012
1034
1019
1009
977
944
897
808
788
786
837
806
808
836
862
891
901
874
892
908
957
874
860
833
762
714
665
610
599
610
635
582
589
604
607
582
531
467
443
424
412
367
412
479
575
694
790
902
1034
1190
1284
1338
1414
1482
1539
1576
1558
1523
1476
1429
1287
1122
973
812
660
503
306
180
85
61
-13
-44
-41
-33
-8
16
15
73
132
226
197
217
244
250
243
192
113
62
30
12
-49
-56
-51
-50
-43
-63
-79
-46
15
58
56
109
171
242
320
362
425
514
643
709
747
807
844
864
865
826
797
786
810
762
713
682
636
607
580
526
539
567
637
636
653
678
687
696
682
624
626
635
690
643
658
689
716
748
752
752
776
779
773
708
692
676
657
661
628
592
622
669
655
590
569
549
539
545
521
546
586
651
653
632
639
640
636
638
604
588
583
619
565
520
491
444
408
366
296
283
281
318
288
289
316
340
372
383
349
377
411
486
471
517
581
644
714
758
786
836
888
929
899
914
933
947
963
944
917
918
932
907
834
804
779
769
775
754
765
801
869
875
863
882
897
914
932
926
952
996
1077
1045
1008
973
904
831
748
642
595
571
583
520
480
458
434
428
411
358
380
417
495
500
563
641
717
793
840
868
919
972
1003
945
907
880
831
789
683
608
576
569
546
464
427
380
368
355
313
306
321
368
359
304
278
248
203
159
88
63
62
119
81
79
108
118
137
147
125
136
147
190
160
172
202
226
267
298
291
334
355
364
262
183
111
45
-2
-60
-116
-128
-117
-106
-158
-167
-176
-184
-179
-191
-183
-133
-54
-14
-12
34
81
133
188
202
240
294
366
375
345
326
292
252
207
127
98
86
135
88
81
104
116
136
141
115
120
122
144
71
33
11
-15
-20
-36
-89
-97
-112
-119
-197
-238
-264
-277
-269
-269
-269
-232
-193
-177
-239
-256
-267
-269
-253
-259
-255
-227
-158
-140
-192
-180
-153
-119
-82
-84
-57
-33
39
65
77
98
126
150
167
114
110
99
140
70
42
50
63
91
110
107
149
191
266
258
300
364
416
480
514
515
550
581
609
570
566
564
555
547
509
452
427
415
385
282
214
140
62
-7
-97
-165
-190
-177
-203
-249
-243
-230
-203
-170
-167
-139
-86
-7
25
27
44
47
53
49
-4
-8
-11
33
-29
-61
-68
-76
-77
-93
-143
-161
-181
-163
-241
-255
-239
-220
-182
-162
-167
-133
-94
-52
-68
-47
-21
2
27
22
1
12
30
24
-53
-93
-136
-180
-215
-273
-307
-300
-253
-257
-287
-276
-270
-247
-209
-228
-219
-174
-90
-47
-15
59
114
160
211
207
226
250
322
302
312
342
363
403
420
390
386
371
387
290
252
250
244
258
261
262
307
361
402
366
355
341
325
324
303
285
309
354
382
355
373
389
400
406
369
335
313
309
237
138
77
20
-26
-67
-128
-164
-173
-150
-174
-199
-189
-177
-144
-113
-132
-101
-73
-10
-33
-27
5
40
87
117
99
114
115
143
41
-15
-56
-94
-108
-127
-147
-124
-84
-41
-58
-41
-24
-16
-4
-17
-32
-8
31
38
-19
-35
-52
-66
-71
-107
-122
-111
-63
-71
-94
-78
-65
-49
-34
-43
-32
7
84
140
180
261
305
384
444
432
466
466
473
378
322
271
242
267
317
358
458
530
614
564
541
524
494
466
414
345
303
271
227
104
11
-81
-175
-256
-356
-441
-476
-476
-486
-539
-534
-518
-498
-481
-507
-514
-495
-434
-423
-421
-383
-351
-322
-298
-300
-286
-254
-184
-184
-167
-115
-71
-19
13
-10
2
9
46
8
-7
-3
1
27
56
59
128
196
294
280
314
349
362
369
345
302
280
260
233
139
89
44
-6
-53
-130
-201
-220
-195
-172
-179
-130
-80
-29
22
31
57
97
157
149
123
132
142
158
172
157
161
175
224
183
166
186
208
254
299
324
397
427
485
466
454
455
440
435
395
340
340
347
369
304
279
256
200
149
81
17
-4
5
18
-30
-29
-27
-29
-25
-52
-82
-63
-15
14
4
45
75
101
116
80
61
54
75
38
-18
-42
-68
-91
-117
-179
-225
-271
-282
-390
-463
-492
-512
-499
-479
-479
-435
-388
-318
-334
-329
-313
-310
-296
-297
-335
-310
-283
-232
-270
-268
-263
-265
-263
-280
-299
-269
-208
-137
-123
-54
28
109
195
254
320
424
557
660
730
848
963
1075
1174
1220
1285
1371
1497
1585
1669
1800
1936
2071
2187
2242
2300
2333
2378
2287
2203
2130
2052
1998
1955
1905
1909
1935
1994
1963
1965
2001
1993
1999
2010
1991
2034
2073
2127
2087
2065
2056
2036
1981
1894
1793
1725
1678
1637
1546
1527
1519
1502
1473
1384
1273
1172
1082
959
796
669
536
406
271
93
-66
-217
-349
-544
-769
-961
-1144
-1308
-1470
-1674
-1843
-2018
-2153
-2401
-2620
-2812
-3000
-3160
-3307
-3456
-3548
-3616
-3640
-3756
-3841
-3924
-4029
-4133
-4271
-4459
-4607
-4758
-4899
-5102
-5262
-5408
-5546
-5661
-5782
-5897
-5961
-6003
-6048
-6152
-6199
-6230
-6246
-6246
-6272
-6293
-6293
-6279
-6320
-6395
-6425
-6455
-6472
-6486
-6539
-6585
-6631
-6671
-6767
-6889
-6982
-7074
-7151
-7226
-7338
-7392
-7436
-7428
-7522
-7574
-7591
-7605
-7604
-7601
-7609
-7563
-7495
-7382
-7363
-7293
-7203
-7121
-7021
-6937
-6885
-6749
-6642
-6518
-6480
-6389
-6297
-6225
-6148
-6127
-6149
-6156
-6144
-6179
-6292
-6341
-6375
-6387
-6379
-6392
-6374
-6302
-6199
-6127
-6065
-5944
-5815
-5673
-5528
-5410
-5273
-5112
-4922
-4773
-4643
-4491
-4348
-4188
-4026
-3904
-3722
-3539
-3305
-3169
-3009
-2836
-2676
-2517
-2374
-2263
-2117
-1975
-1803
-1747
-1643
-1525
-1416
-1295
-1191
-1110
-987
-852
-708
-615
-483
-343
-206
-67
39
134
269
423
562
639
758
874
988
1100
1173
1248
1337
1443
1490
1515
1584
1654
1733
1821
1883
1957
2036
2128
2157
2152
2147
2108
2061
1999
1892
1850
1821
1845
1790
1777
1793
1808
1832
1843
1822
1852
1891
1978
1958
2002
2067
2127
2201
2253
2281
2342
2408
2466
2447
2440
2420
2381
2344
2233
2118
2046
1985
1916
1802
1748
1704
1705
1713
1696
1689
1721
1791
1813
1803
1839
1886
1933
1966
1964
1966
1980
2009
1963
1906
1870
1825
1784
1753
1686
1693
1718
1804
1817
1864
1926
1981
2042
2084
2084
2128
2163
2232
2186
2196
2216
2219
2218
2182
2120
2079
2043
2008
1921
1885
1868
1864
1877
1865
1841
1840
1845
1821
1746
1725
1717
1725
1750
1745
1759
1794
1856
1852
1823
1825
1820
1814
1805
1773
1768
1796
1870
1888
1919
1988
2059
2150
2238
2287
2393
2505
2643
2682
2715
2737
2727
2697
2619
2470
2347
2201
2094
1893
1780
1711
1667
1656
1648
1647
1686
1745
1809
1816
1872
1942
2022
2117
2186
2251
2341
2446
2533
2523
2531
2548
2560
2570
2544
2538
2545
2566
2535
2487
2454
2427
2410
2396
2364
2352
2371
2430
2407
2395
2417
2436
2475
2511
2508
2564
2625
2708
2729
2786
2872
2961
3059
3132
3158
3238
3305
3401
3385
3421
3461
3490
3520
3523
3508
3513
3517
3510
3435
3408
3392
3384
3396
3393
3404
3467
3565
3643
3675
3748
3816
3886
3960
4002
4072
4165
4285
4340
4366
4404
4418
4412
4389
4327
4285
4261
4291
4252
4262
4326
4403
4511
4620
4698
4818
4942
5085
5144
5210
5275
5311
5339
5328
5253
5227
5190
5173
5061
5006
4974
4954
4953
4941
4934
4972
5033
5101
5111
5176
5254
5336
5429
5498
5567
5664
5773
5836
5846
5892
5933
5972
6057
6078
6141
6225
6367
6455
6507
6581
6626
6633
6627
6601
6587
6574
6624
6574
6562
6576
6587
6608
6637
6629
6672
6741
6866
6936
7054
7197
7334
7455
7522
7504
7494
7433
7353
7163
7015
6877
6735
6607
6470
6345
6269
6218
6170
6056
5986
5916
5849
5798
5726
5667
5649
5662
5643
5587
5572
5555
5541
5525
5470
5443
5441
5472
5455
5413
5395
5370
5346
5319
5256
5225
5198
5221
5136
5082
5051
5004
4960
4900
4803
4728
4645
4580
4426
4310
4221
4133
4068
3993
3887
3844
3805
3785
3692
3637
3591
3549
3522
3475
3422
3404
3396
3375
3284
3238
3197
3155
3115
3037
2962
2919
2901
2839
2733
2661
2577
2488
2389
2250
2146
2083
2068
2037
1987
1961
1901
1853
1812
1725
1689
1660
1669
1562
1514
1482
1442
1406
1360
1272
1208
1123
1061
919
812
725
641
581
516
434
412
410
422
378
365
368
372
387
372
346
346
353
342
254
200
135
59
-20
-135
-242
-312
-344
-414
-511
-565
-618
-659
-685
-726
-723
-680
-601
-561
-548
-519
-515
-529
-576
-688
-767
-852
-888
-1019
-1101
-1141
-1164
-1157
-1144
-1154
-1133
-1124
-1097
-1186
-1234
-1268
-1305
-1316
-1334
-1369
-1353
-1331
-1305
-1338
-1333
-1311
-1278
-1225
-1185
-1148
-1068
-975
-904
-905
-873
-854
-851
-853
-888
-908
-897
-852
-857
-888
-878
-874
-869
-869
-904
-919
-912
-878
-886
-911
-908
-911
-913
-940
-1026
-1058
-1120
-1159
-1262
-1318
-1336
-1333
-1316
-1301
-1327
-1300
-1273
-1214
-1256
-1228
-1172
-1116
-1047
-982
-938
-860
-778
-705
-703
-682
-667
-663
-647
-660
-699
-697
-669
-650
-677
-645
-601
-546
-481
-454
-409
-331
-211
-142
-98
-13
69
160
253
315
389
478
589
644
680
731
756
764
736
633
563
473
405
240
101
-13
-124
-227
-344
-495
-602
-719
-808
-1022
-1181
-1322
-1469
-1604
-1755
-1915
-2034
-2135
-2230
-2382
-2500
-2624
-2763
-2909
-3092
-3287
-3448
-3595
-3769
-4005
-4200
-4394
-4589
-4789
-5035
-5274
-5500
-5704
-5967
-6242
-6470
-6693
-6904
-7110
-7340
-7558
-7762
-7939
-8169
-8393
-8578
-8759
-8918
-9078
-9286
-9446
-9614
-9755
-9986
-10207
-10379
-10575
-10756
-10933
-11113
-11226
-11334
-11392
-11561
-11696
-11802
-11900
-11998
-12134
-12274
-12394
-12508
-12637
-12820
-12968
-13090
-13219
-13323
-13429
-13511
-13533
-13514
-13505
-13537
-13545
-13566
-13587
-13603
-13645
-13657
-13637
-13566
-13534
-13502
-13412
-13316
-13206
-13094
-13010
-12915
-12808
-12668
-12592
-12497
-12355
-12202
-12014
-11813
-11635
-11398
-11154
-10882
-10694
-10500
-10306
-10131
-9952
-9781
-9641
-9438
-9233
-8992
-8868
-8697
-8517
-8338
-8144
-7964
-7789
-7582
-7362
-7141
-6972
-6745
-6496
-6236
-5961
-5716
-5484
-5227
-4957
-4715
-4519
-4274
-4026
-3782
-3544
-3356
-3160
-2957
-2730
-2564
-2416
-2237
-2062
-1889
-1724
-1593
-1454
-1314
-1146
-1073
-992
-884
-784
-667
-553
-479
-367
-266
-157
-137
-105
-59
-23
22
49
31
84
124
180
113
105
121
138
175
214
247
319
440
555
592
673
761
840
917
942
947
994
1045
1054
1011
1006
999
993
981
936
908
906
934
917
896
924
958
1010
1074
1126
1214
1320
1469
1517
1575
1649
1702
1757
1794
1795
1833
1870
1926
1904
1907
1928
1944
1976
1993
1966
1992
2002
2023
1941
1897
1856
1805
1749
1657
1545
1462
1401
1356
1271
1262
1279
1308
1350
1366
1389
1448
1529
1578
1592
1662
1739
1823
1906
1945
2007
2088
2198
2255
2288
2345
2393
2436
2465
2448
2452
2464
2526
2486
2474
2489
2495
2511
2512
2471
2449
2419
2404
2294
2201
2119
2029
1960
1890
1798
1789
1807
1868
1861
1899
1937
1977
2016
2016
1979
2010
2065
2131
2161
2237
2312
2342
2361
2309
2233
2176
2142
2073
1972
1914
1887
1887
1896
1876
1883
1912
1972
1989
1991
2034
2083
2129
2183
2206
2267
2328
2429
2410
2407
2411
2392
2379
2351
2300
2292
2304
2364
2351
2380
2425
2454
2491
2507
2491
2540
2606
2704
2743
2829
2924
3015
3100
3146
3163
3201
3239
3258
3205
3200
3205
3215
3231
3215
3205
3230
3289
3315
3316
3370
3432
3509
3590
3634
3698
3769
3853
3878
3865
3864
3853
3845
3837
3795
3811
3846
3943
3940
3971
4018
4048
4080
4095
4084
4116
4171
4278
4297
4360
4431
4484
4542
4570
4556
4581
4604
4629
4587
4575
4564
4548
4540
4510
4470
4470
4480
4514
4476
4471
4486
4520
4566
4585
4621
4697
4771
4807
4811
4853
4874
4916
4957
4971
4990
5036
5091
5101
5068
5051
5021
4997
4969
4902
4899
4925
5008
5001
5044
5119
5196
5279
5344
5377
5450
5521
5627
5622
5660
5700
5713
5725
5709
5665
5664
5674
5692
5651
5641
5631
5613
5597
5543
5467
5421
5388
5342
5240
5193
5155
5126
5111
5074
5055
5063
5092
5053
4981
4946
4912
4895
4891
4871
4880
4912
4965
4961
4934
4927
4908
4893
4874
4812
4811
4814
4861
4809
4779
4758
4724
4691
4648
4578
4558
4554
4605
4558
4581
4633
4681
4730
4733
4685
4637
4559
4456
4282
4143
4016
3897
3796
3679
3569
3508
3471
3421
3316
3260
3211
3162
3124
3050
2968
2901
2852
2727
2551
2400
2258
2117
1986
1876
1804
1750
1744
1697
1637
1599
1547
1497
1459
1373
1345
1328
1354
1293
1251
1213
1173
1131
1077
978
930
881
877
760
712
692
666
651
610
550
528
523
520
462
447
446
452
475
477
477
516
573
606
584
608
635
665
695
676
663
662
680
619
519
439
345
254
171
75
3
-36
-28
-73
-118
-141
-180
-211
-251
-336
-361
-370
-329
-355
-344
-303
-260
-209
-178
-193
-158
-126
-54
-90
-60
-9
36
80
83
50
29
10
-11
-88
-109
-105
-74
-9
37
74
126
172
165
79
11
-80
-187
-300
-442
-539
-581
-564
-605
-647
-674
-713
-793
-856
-949
-1033
-1081
-1101
-1183
-1256
-1272
-1302
-1313
-1320
-1362
-1350
-1329
-1284
-1285
-1245
-1191
-1142
-1084
-1043
-1049
-1010
-990
-947
-1012
-1023
-1006
-976
-930
-901
-885
-842
-794
-755
-788
-782
-770
-756
-731
-730
-727
-690
-638
-616
-643
-626
-606
-579
-541
-524
-468
-382
-263
-215
-213
-221
-272
-351
-450
-582
-693
-783
-822
-937
-1019
-1060
-1100
-1127
-1166
-1244
-1277
-1298
-1277
-1311
-1306
-1272
-1242
-1205
-1188
-1221
-1203
-1196
-1165
-1240
-1267
-1273
-1267
-1239
-1214
-1183
-1110
-1025
-949
-950
-916
-883
-852
-814
-805
-797
-757
-698
-674
-700
-687
-681
-675
-672
-708
-716
-698
-643
-641
-659
-652
-661
-679
-706
-771
-792
-808
-809
-879
-894
-870
-843
-798
-745
-737
-662
-582
-469
-446
-373
-275
-176
-87
-10
9
75
104
133
53
9
-27
-65
-94
-137
-191
-213
-225
-268
-407
-525
-650
-774
-874
-993
-1098
-1167
-1215
-1305
-1436
-1522
-1606
-1679
-1740
-1818
-1840
-1814
-1736
-1699
-1677
-1624
-1573
-1516
-1459
-1441
-1395
-1350
-1267
-1294
-1295
-1270
-1251
-1217
-1194
-1204
-1184
-1164
-1119
-1156
-1160
-1147
-1139
-1108
-1086
-1097
-1049
-1000
-937
-956
-938
-913
-889
-853
-833
-816
-758
-687
-623
-629
-594
-570
-557
-546
-565
-576
-548
-493
-479
-502
-481
-459
-434
-421
-465
-504
-529
-523
-557
-607
-626
-647
-663
-685
-748
-777
-811
-798
-886
-931
-932
-922
-931
-947
-979
-974
-972
-947
-1003
-1035
-1058
-1063
-1044
-1060
-1095
-1066
-1035
-996
-1030
-1033
-1017
-1005
-990
-997
-1014
-992
-954
-922
-937
-907
-877
-850
-813
-809
-798
-760
-689
-653
-647
-602
-567
-537
-512
-527
-521
-502
-460
-457
-461
-419
-362
-291
-236
-254
-260
-297
-305
-426
-515
-574
-633
-677
-722
-783
-796
-789
-727
-755
-737
-708
-696
-678
-688
-732
-733
-735
-739
-816
-867
-917
-965
-999
-1043
-1073
-1040
-970
-893
-860
-769
-676
-590
-512
-472
-422
-338
-227
-171
-151
-105
-83
-79
-95
-162
-224
-274
-303
-371
-449
-488
-527
-552
-574
-635
-637
-633
-579
-624
-633
-607
-572
-520
-474
-457
-412
-344
-267
-292
-302
-281
-286
-297
-312
-356
-351
-332
-282
-313
-317
-311
-308
-294
-300
-318
-275
-200
-144
-134
-64
21
109
199
245
290
348
422
439
433
471
507
541
564
534
500
464
444
380
316
298
291
305
321
291
313
329
379
330
308
308
310
323
329
307
328
345
397
331
320
320
310
308
285
250
256
275
295
248
227
199
155
103
10
-105
-198
-284
-389
-541
-638
-729
-817
-903
-1023
-1121
-1184
-1198
-1247
-1291
-1266
-1212
-1127
-1030
-958
-885
-819
-755
-766
-791
-783
-773
-748
-731
-765
-748
-733
-683
-721
-736
-728
-711
-671
-625
-597
-502
-393
-232
-182
-79
25
109
207
282
299
349
392
402
330
270
188
54
-80
-272
-471
-642
-766
-889
-1032
-1119
-1168
-1189
-1187
-1218
-1225
-1211
-1168
-1191
-1238
-1241
-1228
-1196
-1157
-1126
-1076
-1004
-905
-867
-824
-738
-659
-563
-478
-451
-398
-376
-357
-449
-550
-662
-801
-932
-1056
-1184
-1218
-1224
-1176
-1230
-1226
-1212
-1208
-1201
-1216
-1239
-1223
-1185
-1139
-1149
-1108
-1057
-1011
-969
-968
-980
-963
-927
-911
-939
-918
-892
-859
-815
-799
-757
-690
-594
-566
-565
-532
-499
-458
-414
-396
-370
-347
-312
-380
-460
-532
-628
-718
-820
-969
-1071
-1163
-1210
-1316
-1387
-1428
-1463
-1475
-1482
-1504
-1442
-1367
-1252
-1247
-1201
-1156
-1122
-1081
-1057
-1040
-994
-942
-889
-889
-893
-913
-939
-968
-1028
-1082
-1080
-1053
-1051
-1061
-1005
-959
-896
-824
-796
-759
-721
-662
-661
-687
-686
-686
-678
-666
-686
-696
-694
-665
-741
-803
-835
-877
-902
-939
-1016
-1046
-1069
-1051
-1095
-1111
-1101
-1087
-1054
-1031
-1043
-983
-914
-808
-794
-731
-662
-603
-548
-530
-538
-533
-537
-562
-663
-714
-749
-774
-783
-819
-854
-854
-831
-842
-893
-896
-895
-885
-872
-901
-914
-917
-896
-930
-981
-996
-1005
-1000
-984
-986
-950
-901
-808
-814
-790
-734
-679
-605
-535
-494
-417
-337
-236
-223
-193
-159
-152
-149
-172
-230
-211
-178
-112
-125
-94
-56
-28
-6
-16
-45
-51
-48
-49
-108
-108
-91
-67
-43
-19
-30
-4
7
-19
-105
-162
-194
-210
-203
-206
-135
-48
68
144
195
276
356
442
539
616
714
821
978
1031
1107
1193
1248
1292
1302
1258
1226
1181
1149
1014
889
759
580
365
78
-301
-658
-1027
-1377
-1778
-2112
-2408
-2675
-2906
-3128
-3328
-3453
-3521
-3550
-3606
-3585
-3538
-3471
-3385
-3326
-3270
-3203
-3135
-3132
-3179
-3183
-3179
-3153
-3110
-3093
-3044
-2965
-2848
-2763
-2698
-2612
-2539
-2471
-2416
-2408
-2360
-2312
-2217
-2230
-2214
-2177
-2144
-2098
-2057
-2038
-1977
-1899
-1777
-1736
-1648
-1538
-1436
-1325
-1242
-1198
-1102
-999
-887
-843
-765
-679
-598
-517
-469
-438
-376
-303
-247
-259
-228
-193
-158
-116
-103
-77
-12
85
137
153
192
217
205
211
202
219
261
317
312
252
221
146
57
-68
-236
-354
-460
-522
-671
-769
-838
-907
-950
-980
-1009
-984
-950
-864
-866
-807
-732
-652
-558
-487
-457
-386
-318
-253
-262
-245
-223
-198
-158
-132
-110
-50
17
52
4
-15
-41
-67
-80
-116
-133
-110
-50
-36
-51
-26
-9
11
30
13
6
6
21
-15
-70
-98
-134
-160
-185
-246
-234
-202
-108
-99
-56
5
55
104
137
139
185
242
344
343
396
459
505
554
574
565
591
619
638
584
555
526
497
479
436
378
352
334
294
193
143
103
74
63
29
20
48
111
108
67
49
15
-22
-65
-145
-201
-211
-223
-294
-354
-389
-432
-462
-491
-566
-591
-595
-545
-591
-587
-545
-494
-429
-378
-354
-286
-224
-125
-139
-91
-24
31
84
113
122
155
199
241
222
246
288
342
417
462
487
537
585
598
535
501
460
414
362
260
166
100
80
20
-34
-26
1
55
122
166
216
267
326
311
281
268
235
203
153
51
5
-33
-21
-75
-91
-78
-61
-36
-27
-60
-43
-27
31
-18
-1
37
74
121
145
148
176
211
244
215
218
216
203
194
162
136
161
217
253
231
243
244
238
227
171
132
121
159
152
131
136
123
105
83
39
16
20
69
54
52
80
147
198
248
233
278
316
371
362
373
396
431
510
568
575
648
706
792
743
728
708
690
666
629
583
565
544
503
377
282
180
82
7
-80
-151
-171
-160
-162
-209
-211
-209
-201
-178
-179
-146
-81
28
85
127
201
262
308
337
330
341
373
449
448
463
504
532
569
594
574
587
586
598
518
442
374
300
242
176
74
35
-8
-24
-148
-223
-277
-315
-324
-336
-342
-307
-260
-221
-252
-244
-232
-217
-187
-177
-158
-95
-4
60
69
107
129
142
151
117
106
114
156
146
120
127
130
132
128
96
91
107
175
158
173
223
272
346
425
477
561
643
729
733
730
752
780
822
862
868
931
984
1080
1052
1041
1004
948
878
781
663
590
560
530
439
402
372
339
305
225
142
80
39
-45
-156
-207
-243
-271
-289
-348
-377
-386
-363
-381
-398
-368
-332
-293
-267
-288
-293
-299
-261
-315
-325
-291
-249
-182
-109
-58
29
113
206
201
208
218
215
229
235
211
257
306
371
347
357
367
371
379
364
343
364
403
436
395
386
363
327
290
222
165
156
194
217
225
288
353
420
478
483
498
518
556
543
511
503
484
459
421
340
292
246
241
117
8
-88
-199
-302
-413
-550
-651
-738
-784
-901
-965
-994
-1021
-1008
-976
-988
-951
-879
-791
-779
-728
-678
-632
-597
-573
-559
-521
-464
-408
-416
-376
-338
-287
-236
-231
-225
-177
-83
-6
49
150
256
361
439
471
516
561
610
596
547
522
488
452
413
331
294
257
262
158
86
42
-2
-28
-53
-101
-121
-152
-174
-312
-419
-513
-610
-673
-731
-799
-802
-786
-749
-766
-741
-700
-651
-585
-533
-482
-381
-255
-139
-86
8
95
165
215
201
160
119
89
5
-105
-168
-222
-257
-280
-334
-375
-411
-433
-502
-589
-644
-696
-730
-760
-827
-834
-827
-766
-804
-805
-781
-754
-706
-652
-615
-533
-446
-325
-317
-267
-209
-160
-87
-20
35
144
259
359
416
458
476
466
454
387
275
192
119
7
-147
-224
-295
-371
-423
-511
-581
-629
-630
-676
-712
-695
-661
-610
-556
-545
-536
-527
-499
-532
-581
-588
-582
-543
-491
-475
-391
-300
-170
-143
-104
-55
-22
9
29
22
62
103
177
128
124
127
108
89
44
-18
-32
-22
-2
-37
-38
-34
-35
-37
-75
-126
-136
-119
-109
-146
-127
-101
-68
-29
-32
-33
-15
33
25
-4
8
21
42
63
54
52
61
88
53
5
-18
-41
-40
-34
-71
-59
-63
-48
-145
-228
-291
-348
-386
-424
-481
-471
-443
-361
-387
-354
-310
-277
-239
-221
-219
-185
-135
-78
-73
-22
40
101
167
212
243
302
360
404
400
430
446
449
415
311
224
138
64
-75
-227
-333
-423
-501
-570
-632
-678
-701
-682
-714
-733
-712
-695
-649
-609
-604
-544
-472
-365
-340
-306
-259
-225
-192
-177
-207
-183
-154
-86
-136
-136
-126
-124
-114
-121
-135
-115
-78
-37
-57
-39
-19
-5
13
-3
-36
-40
-32
-50
-117
-133
-141
-138
-127
-152
-157
-138
-83
-94
-125
-120
-110
-90
-69
-73
-63
-43
1
-38
-79
-106
-154
-192
-231
-302
-311
-304
-256
-278
-278
-266
-268
-270
-294
-357
-352
-336
-271
-307
-288
-263
-252
-249
-283
-335
-359
-367
-369
-428
-432
-422
-401
-363
-343
-319
-252
-156
-84
-61
22
114
201
261
302
353
412
504
510
491
484
490
500
519
534
591
676
798
806
816
819
766
693
598
468
393
332
306
217
155
95
22
-48
-134
-259
-319
-378
-403
-521
-581
-616
-644
-654
-677
-702
-693
-673
-655
-699
-689
-667
-641
-600
-581
-558
-505
-440
-414
-433
-402
-361
-307
-248
-231
-198
-159
-102
-109
-136
-126
-106
-69
-21
6
55
104
170
108
40
-24
-105
-174
-239
-319
-339
-329
-266
-254
-194
-104
-23
60
110
99
127
132
141
51
0
-47
-99
-145
-211
-282
-311
-316
-311
-358
-347
-326
-302
-269
-264
-265
-250
-235
-276
-369
-421
-469
-502
-517
-552
-549
-482
-396
-374
-363
-310
-264
-225
-189
-178
-156
-113
-24
-55
-92
-107
-145
-173
-228
-296
-334
-354
-364
-463
-537
-592
-645
-675
-715
-777
-782
-782
-751
-787
-769
-739
-711
-671
-647
-636
-594
-551
-522
-566
-566
-563
-556
-536
-543
-546
-517
-465
-452
-469
-430
-375
-297
-205
-142
-49
61
191
262
298
346
371
376
359
289
251
219
247
185
170
185
185
179
142
54
-15
-81
-110
-221
-287
-335
-395
-441
-499
-582
-601
-607
-595
-645
-648
-625
-581
-509
-441
-370
-259
-144
-57
-54
-23
-3
4
6
-30
-66
-80
-75
-121
-209
-264
-326
-386
-442
-523
-567
-575
-543
-538
-542
-515
-479
-440
-422
-453
-436
-412
-338
-363
-337
-298
-272
-211
-166
-168
-128
-75
18
24
89
189
317
456
563
624
717
800
876
872
905
934
968
1014
1051
1078
1132
1173
1172
1081
1010
931
847
767
660
564
497
457
367
248
169
86
9
-62
-157
-226
-264
-262
-284
-307
-288
-259
-213
-166
-161
-99
-28
96
122
180
255
321
393
448
462
501
527
575
506
488
489
488
509
519
505
527
549
567
521
514
527
556
602
627
642
693
760
809
796
825
853
