0
80
180
302
359
461
583
711
842
947
1039
1164
1298
1413
1449
1523
1591
1647
1701
1723
1756
1830
1940
2009
2036
2095
2141
2185
2224
2221
2239
2271
2327
2331
2301
2283
2244
2198
2139
2027
1952
1876
1848
1712
1616
1559
1521
1515
1516
1497
1511
1526
1566
1491
1484
1470
1433
1423
1417
1386
1395
1400
1399
1293
1227
1180
1142
1114
1096
1086
1133
1182
1228
1201
1235
1264
1296
1331
1334
1338
1363
1405
1394
1323
1272
1211
1148
1082
983
909
872
881
864
848
869
891
921
943
915
934
951
1014
977
977
1008
1042
1086
1117
1116
1148
1177
1239
1194
1198
1220
1238
1275
1297
1299
1349
1412
1480
1490
1536
1585
1630
1674
1680
1657
1649
1633
1576
1434
1320
1201
1092
1010
919
866
866
914
923
913
946
977
1011
1039
1021
999
980
977
920
843
792
733
683
623
517
476
457
506
482
504
562
635
732
822
869
929
957
994
899
849
809
761
728
683
638
641
642
637
583
584
594
604
636
631
613
654
702
706
647
628
602
576
548
485
464
475
530
545
551
607
663
720
781
795
807
811
827
783
736
712
684
666
639
560
526
489
495
413
360
336
325
342
365
365
416
466
553
526
555
591
612
641
651
650
681
719
751
716
709
698
682
675
646
617
634
677
706
684
709
732
750
763
732
713
711
743
719
680
681
681
687
695
681
683
705
757
749
749
782
809
849
884
873
906
930
981
942
917
901
877
862
845
811
854
913
1021
1021
1084
1168
1258
1370
1476
1581
1722
1877
2031
2119
2235
2364
2467
2549
2538
2510
2476
2421
2325
2141
1992
1826
1685
1541
1363
1213
1101
1045
950
835
776
721
664
606
523
456
408
390
293
211
167
118
95
71
3
-18
-34
-7
-41
-39
-6
43
123
219
302
468
638
830
894
986
1057
1086
1087
1040
956
879
797
698
522
372
200
-9
-252
-570
-929
-1273
-1604
-1960
-2348
-2671
-2973
-3253
-3506
-3760
-3942
-4043
-4049
-4061
-4046
-3961
-3849
-3714
-3575
-3466
-3344
-3218
-3054
-2975
-2873
-2740
-2607
-2452
-2293
-2163
-1991
-1823
-1640
-1544
-1443
-1342
-1260
-1169
-1084
-1030
-914
-801
-664
-637
-577
-522
-476
-419
-374
-329
-250
-164
-91
-102
-83
-74
-78
-85
-131
-185
-212
-190
-204
-282
-290
-277
-259
-242
-270
-267
-271
-221
-217
-211
-169
-88
16
136
213
320
417
550
558
578
617
648
695
739
756
822
884
960
956
971
996
1004
1018
1013
975
998
1024
1074
1038
1042
1053
1063
1085
1091
1092
1130
1187
1246
1241
1283
1320
1344
1367
1353
1334
1341
1368
1362
1324
1344
1373
1408
1435
1409
1397
1396
1423
1401
1362
1349
1331
1324
1327
1304
1309
1311
1345
1262
1203
1158
1094
1035
969
879
826
775
750
638
550
470
375
295
205
90
53
39
65
34
58
98
138
179
193
191
223
268
308
285
317
358
404
456
472
487
528
588
603
573
578
577
596
631
607
608
633
690
697
685
726
767
822
914
977
1051
1123
1229
1203
1185
1175
1141
1127
1095
1037
1023
1023
1057
995
963
955
930
918
888
836
849
882
939
947
1011
1090
1171
1257
1316
1370
1464
1573
1672
1702
1770
1829
1879
1924
1925
1921
1928
1936
1864
1727
1610
1482
1362
1247
1103
987
900
853
779
702
671
654
657
667
643
676
721
821
815
839
880
907
933
945
931
957
1002
1092
1088
1129
1176
1193
1202
1176
1111
1095
1088
1090
1028
999
980
968
977
973
969
1005
1050
1073
1033
1043
1064
1095
1139
1154
1179
1227
1293
1303
1278
1287
1293
1309
1331
1320
1324
1339
1359
1349
1292
1270
1218
1210
1209
1170
1213
1246
1322
1283
1284
1273
1240
1210
1165
1094
1063
1015
1011
900
824
758
673
597
496
371
292
236
203
126
103
107
126
164
179
189
236
303
355
357
422
507
603
707
774
842
919
1004
1013
977
957
920
885
859
819
813
840
894
898
883
887
877
874
872
837
874
931
1046
1079
1140
1206
1245
1261
1235
1155
1109
1067
1082
1009
1020
1072
1129
1200
1244
1263
1312
1371
1434
1445
1500
1564
1618
1659
1649
1604
1569
1525
1440
1291
1193
1110
1047
1009
955
927
928
959
926
867
846
824
816
818
808
827
871
940
945
933
941
936
935
920
875
890
877
926
909
915
943
960
985
974
950
968
994
1044
1000
1020
1063
1085
1131
1158
1175
1206
1236
1252
1208
1213
1237
1272
1320
1326
1304
1306
1306
1267
1164
1109
1065
1048
1048
1030
1040
1082
1156
1158
1127
1121
1104
1083
1060
1019
997
991
1010
955
899
866
821
789
754
680
666
664
706
684
694
732
770
814
838
816
844
866
920
856
845
852
860
879
876
859
864
871
863
780
737
708
692
698
687
680
709
751
756
701
680
651
615
577
503
459
446
478
459
429
435
439
444
450
434
439
461
518
493
479
493
496
511
520
494
521
554
623
619
645
700
706
714
709
651
630
585
569
429
331
276
243
216
191
166
165
164
145
50
5
-38
-77
-94
-122
-131
-89
-19
26
3
-3
-32
-73
-125
-214
-272
-295
-266
-281
-306
-293
-280
-259
-237
-240
-222
-190
-118
-133
-123
-79
-39
22
83
114
189
265
367
393
440
504
561
626
671
669
721
760
817
769
763
768
773
789
783
764
771
782
777
697
664
649
655
686
700
721
777
848
870
827
805
761
705
641
527
429
340
273
145
-5
-123
-233
-324
-393
-473
-512
-533
-502
-565
-592
-578
-558
-516
-479
-473
-433
-393
-331
-344
-323
-281
-248
-207
-191
-233
-195
-194
-161
-239
-249
-249
-258
-245
-266
-302
-298
-243
-201
-218
-174
-126
-72
-11
19
69
173
294
379
419
495
557
612
654
637
622
602
591
513
404
323
242
165
79
-53
-158
-269
-335
-501
-622
-700
-763
-793
-811
-844
-833
-809
-749
-766
-739
-687
-638
-572
-522
-508
-439
-381
-327
-367
-383
-398
-417
-426
-452
-479
-463
-430
-401
-437
-424
-401
-370
-324
-299
-259
-174
-62
6
29
77
104
118
118
68
34
11
11
-33
-91
-108
-111
-91
-54
-37
37
120
248
263
304
364
411
461
489
468
458
430
413
289
203
139
80
55
35
3
36
78
121
92
94
101
111
134
99
77
109
143
156
87
55
7
-16
-36
-70
-98
-77
-30
-28
-82
-99
-124
-158
-216
-322
-416
-484
-506
-541
-552
-498
-425
-341
-258
-238
-195
-184
-143
-224
-270
-286
-292
-275
-258
-266
-243
-222
-172
-230
-246
-249
-262
-259
-266
-288
-253
-201
-142
-148
-124
-98
-80
-65
-83
-115
-112
-96
-95
-158
-171
-180
-191
-209
-269
-321
-338
-314
-327
-356
-328
-287
-228
-164
-133
-86
-21
71
126
175
260
344
435
514
539
610
672
771
763
772
783
764
731
672
572
490
381
280
45
-140
-297
-436
-526
-598
-654
-640
-590
-521
-509
-478
-460
-463
-474
-523
-587
-617
-623
-622
-708
-744
-749
-744
-731
-747
-738
-697
-627
-587
-553
-489
-408
-306
-204
-142
-87
-29
39
34
3
-4
-13
-4
-5
-68
-78
-91
-72
-137
-167
-168
-157
-122
-84
-58
28
121
258
275
347
421
469
511
524
518
547
583
613
573
553
518
453
366
220
45
-97
-209
-322
-470
-553
-614
-658
-683
-725
-734
-704
-631
-611
-611
-577
-557
-541
-540
-578
-612
-635
-629
-673
-703
-680
-639
-569
-498
-474
-409
-359
-288
-310
-315
-303
-289
-257
-224
-213
-138
-58
62
66
119
179
230
295
347
394
475
567
655
678
734
786
826
862
858
829
812
787
717
581
482
381
276
214
77
-37
-148
-194
-279
-368
-387
-401
-419
-433
-451
-480
-506
-488
-540
-583
-609
-646
-659
-652
-686
-658
-623
-556
-569
-562
-540
-515
-487
-472
-491
-445
-398
-316
-358
-350
-337
-331
-316
-324
-331
-295
-237
-172
-173
-140
-113
-99
-88
-111
-140
-129
-88
-58
-57
7
79
153
225
252
291
341
415
416
382
368
341
313
276
208
158
128
145
87
51
52
50
65
72
38
44
44
59
-12
-78
-142
-220
-287
-359
-460
-482
-489
-447
-493
-480
-447
-410
-363
-335
-318
-273
-220
-167
-177
-145
-123
-121
-129
-184
-249
-280
-282
-304
-361
-364
-362
-356
-347
-375
-377
-357
-305
-302
-317
-288
-283
-257
-222
-227
-214
-204
-179
-281
-346
-394
-442
-469
-477
-501
-462
-419
-341
-329
-313
-305
-316
-319
-333
-378
-352
-306
-218
-202
-136
-45
46
142
202
247
309
376
436
433
483
540
590
629
615
578
551
525
450
325
240
161
96
39
-51
-107
-134
-118
-147
-193
-207
-218
-218
-213
-235
-230
-221
-172
-236
-275
-285
-298
-295
-299
-330
-322
-301
-247
-265
-252
-223
-206
-178
-170
-203
-174
-143
-88
-115
-101
-82
-65
-49
-62
-92
-92
-78
-68
-122
-127
-130
-137
-143
-188
-239
-269
-281
-328
-402
-417
-420
-406
-382
-389
-366
-322
-253
-230
-228
-201
-178
-149
-124
-127
-67
-26
49
40
56
83
94
101
92
39
32
36
61
17
32
78
123
179
231
254
337
421
516
530
571
602
610
612
577
513
485
468
432
327
274
233
207
203
184
190
228
289
295
256
246
215
172
116
14
-74
-151
-210
-316
-446
-553
-663
-757
-829
-908
-907
-875
-778
-780
-751
-707
-676
-638
-604
-588
-527
-453
-343
-329
-273
-210
-168
-119
-91
-98
-66
-44
-31
-93
-123
-139
-148
-147
-169
-204
-204
-191
-188
-245
-244
-225
-193
-151
-146
-142
-120
-84
-111
-175
-200
-224
-229
-215
-218
-187
-125
-32
20
47
90
119
148
169
146
173
195
254
201
163
174
140
102
40
-33
-62
-86
-58
-139
-196
-231
-257
-281
-341
-410
-430
-420
-396
-412
-387
-334
-294
-247
-226
-215
-168
-105
-56
-56
-11
41
101
172
210
248
291
346
329
266
233
180
126
68
-17
-77
-107
-102
-135
-174
-178
-180
-168
-155
-187
-166
-145
-73
-86
-62
-15
23
59
75
55
74
90
145
89
89
103
110
128
121
89
91
102
115
71
66
75
94
135
160
184
249
331
397
399
439
474
505
540
545
574
642
753
811
844
902
944
988
1033
1054
1094
1155
1238
1263
1268
1285
1275
1252
1195
1062
970
880
845
741
678
645
611
581
530
432
378
305
264
95
15
-12
-26
-8
3
-8
6
52
87
56
66
90
114
149
135
98
105
111
83
5
-22
-40
-48
-47
-60
-48
9
105
152
174
223
246
260
259
233
225
243
301
311
327
368
390
413
419
371
374
380
424
388
376
379
370
362
334
257
229
198
203
96
48
20
-4
-9
-21
-35
-14
17
40
-10
-29
-52
-81
-102
-152
-208
-232
-239
-272
-355
-387
-414
-434
-442
-476
-478
-448
-379
-363
-357
-313
-276
-246
-226
-234
-226
-205
-151
-172
-185
-172
-177
-176
-184
-231
-226
-220
-183
-222
-234
-220
-200
-159
-122
-118
-55
-2
74
33
46
68
98
143
141
91
80
62
26
-79
-154
-222
-306
-359
-427
-485
-486
-453
-442
-477
-469
-431
-371
-298
-252
-180
-92
16
49
50
76
90
83
65
13
-31
-66
-62
-144
-207
-243
-294
-336
-399
-507
-582
-658
-709
-831
-927
-996
-1057
-1093
-1132
-1200
-1197
-1190
-1150
-1206
-1207
-1190
-1165
-1120
-1082
-1044
-968
-876
-789
-774
-722
-671
-628
-584
-579
-580
-547
-489
-459
-476
-454
-444
-442
-445
-487
-502
-494
-444
-437
-439
-405
-370
-335
-305
-310
-291
-261
-181
-187
-153
-80
-12
66
131
159
221
282
360
356
377
420
461
514
538
502
510
505
516
437
404
380
346
304
220
107
11
-88
-163
-324
-446
-549
-625
-676
-748
-807
-828
-848
-882
-932
-930
-936
-912
-881
-877
-859
-805
-715
-654
-618
-544
-466
-384
-319
-307
-283
-256
-199
-251
-262
-236
-202
-146
-94
-64
2
64
151
150
178
220
249
289
312
298
339
372
406
347
316
290
262
237
195
159
177
225
278
273
316
360
399
438
438
433
449
480
465
415
415
422
443
476
482
515
564
635
649
627
612
573
510
412
239
74
-116
-280
-574
-861
-1162
-1512
-1894
-2317
-2775
-3184
-3562
-3878
-4251
-4554
-4803
-5019
-5172
-5287
-5379
-5364
-5299
-5185
-5115
-4993
-4852
-4703
-4538
-4385
-4226
-4011
-3772
-3550
-3418
-3275
-3173
-3111
-3057
-3046
-3034
-2983
-2873
-2771
-2678
-2519
-2341
-2176
-2033
-1925
-1820
-1731
-1628
-1574
-1545
-1481
-1415
-1336
-1232
-1180
-1096
-1025
-927
-951
-954
-945
-927
-895
-857
-843
-790
-738
-660
-693
-680
-648
-621
-572
-539
-529
-462
-389
-313
-305
-276
-253
-239
-218
-217
-225
-192
-137
-90
-105
-72
-39
-10
17
9
16
59
136
169
174
219
254
287
311
293
279
272
284
252
207
194
184
197
221
211
258
308
401
390
407
440
462
486
501
491
529
580
672
650
670
696
706
724
722
693
696
690
669
571
495
418
337
265
171
78
36
28
27
-15
5
32
57
82
62
46
54
97
85
68
92
114
118
149
141
132
141
150
110
39
15
-11
-11
7
-2
56
117
201
206
236
274
312
363
411
435
506
579
692
691
729
778
805
819
791
731
705
694
691
623
582
535
484
440
374
308
290
304
317
296
340
398
465
539
576
624
697
803
855
895
975
1049
1120
1180
1202
1222
1247
1292
1279
1259
1269
1274
1288
1287
1230
1215
1180
1158
1022
884
746
596
458
317
159
80
36
65
9
35
87
125
158
149
105
75
45
13
-69
-100
-115
-121
-112
-128
-147
-130
-97
-90
-138
-134
-121
-103
-83
-103
-107
-91
-43
-54
-77
-51
-11
50
123
170
258
346
435
476
539
633
715
807
897
911
989
1065
1172
1174
1201
1232
1249
1248
1244
1200
1228
1238
1271
1167
1096
1017
918
827
729
617
536
486
452
376
353
341
327
322
281
235
218
224
210
151
143
141
145
151
122
113
126
178
179
173
212
259
320
385
430
496
576
685
713
750
813
872
949
1022
1054
1128
1199
1293
1308
1339
1378
1400
1415
1395
1317
1284
1241
1224
1098
1025
969
915
876
824
767
735
705
667
568
532
524
536
568
576
578
608
655
671
637
644
646
648
654
622
615
628
671
652
615
614
619
634
654
657
697
762
872
895
933
1000
1055
1087
1096
1059
1059
1053
1067
1014
960
898
836
768
654
510
446
397
394
311
281
288
292
301
290
274
298
343
391
393
443
504
565
632
658
674
703
741
736
680
674
681
710
759
773
808
855
924
931
917
934
960
998
1039
1050
1088
1132
1213
1177
1153
1149
1136
1131
1112
1059
1046
1046
1086
1063
1078
1118
1151
1192
1206
1170
1187
1199
1231
1177
1169
1173
1179
1192
1176
1137
1112
1085
1046
936
872
818
784
780
762
756
778
809
787
712
675
637
604
571
499
462
457
487
472
442
443
442
447
451
421
425
441
513
485
492
523
541
563
562
521
502
508
525
462
395
368
328
302
285
230
252
290
391
424
511
619
728
844
927
969
1040
1107
1131
1071
1050
1037
1031
1031
993
950
933
928
876
776
698
598
490
387
254
154
78
32
-60
-170
-243
-304
-345
-371
-419
-408
-378
-291
-312
-304
-276
-260
-239
-231
-253
-242
-223
-167
-200
-190
-162
-146
-120
-117
-147
-127
-105
-75
-110
-108
-98
-86
-64
-66
-80
-64
-37
-16
-46
-15
31
94
180
246
317
399
475
471
410
377
333
293
258
201
181
191
234
239
230
252
270
284
284
232
230
242
314
292
309
351
387
431
458
448
455
444
453
348
285
240
186
175
155
79
73
90
112
73
65
69
53
69
52
25
9
12
-10
-94
-152
-192
-226
-241
-291
-324
-319
-273
-268
-288
-265
-239
-212
-188
-175
-130
-51
57
126
176
258
321
379
417
399
430
455
518
472
447
436
420
417
413
385
393
394
421
334
299
282
266
270
257
218
209
198
183
107
67
42
30
40
39
43
89
148
181
143
136
122
100
78
20
-27
-49
-37
-75
-126
-123
-106
-69
-21
6
57
130
232
288
332
387
404
392
336
212
142
86
91
24
0
10
28
62
87
80
119
158
237
200
213
232
228
209
149
63
9
-42
-90
-186
-275
-350
-402
-423
-453
-479
-447
-408
-403
-434
-411
-404
-380
-342
-339
-321
-277
-200
-172
-179
-171
-177
-184
-188
-214
-226
-206
-152
-144
-125
-62
-3
65
108
91
127
160
233
229
244
278
307
345
366
343
363
371
406
312
265
218
152
88
4
-88
-138
-166
-186
-263
-299
-329
-352
-352
-359
-354
-297
-212
-146
-136
-91
-61
-46
-43
-86
-113
-117
-88
-118
-161
-162
-157
-146
-140
-169
-192
-200
-170
-200
-212
-181
-147
-94
-47
-49
-5
35
106
96
104
128
146
175
193
169
197
216
264
193
168
149
118
93
60
31
43
71
94
48
39
26
2
-28
-58
-114
-110
-101
-86
-118
-111
-91
-82
-78
-121
-121
-117
-79
-85
-105
-81
-58
-43
-26
-35
-53
-65
-49
-124
-188
-218
-246
-245
-243
-274
-254
-223
-155
-148
-106
-31
46
139
217
248
335
411
503
473
476
481
481
490
483
473
498
530
549
490
464
434
393
351
274
194
152
137
97
9
-36
-81
-121
-161
-248
-317
-368
-385
-452
-524
-543
-542
-524
-499
-495
-464
-419
-328
-327
-300
-242
-191
-132
-91
-94
-69
-48
-4
-37
-51
-57
-75
-84
-106
-166
-156
-140
-94
-139
-132
-110
-83
-43
-19
3
67
146
221
227
276
326
369
411
418
427
479
563
622
644
718
789
812
838
820
809
803
808
753
652
599
537
499
462
420
414
415
426
327
254
210
156
121
85
29
19
16
44
-3
-19
-19
-9
23
49
37
89
130
185
147
143
141
135
134
109
75
73
79
73
-6
-46
-89
-141
-195
-285
-374
-426
-444
-479
-530
-519
-499
-470
-438
-450
-448
-440
-413
-437
-477
-476
-462
-428
-384
-367
-306
-237
-124
-127
-106
-64
-36
-10
-12
-58
-81
-103
-99
-182
-222
-231
-231
-195
-157
-139
-48
59
188
241
322
400
464
525
551
555
586
626
657
619
618
610
592
575
518
451
396
354
264
136
44
-61
-167
-274
-416
-517
-558
-582
-634
-668
-652
-621
-570
-506
-491
-453
-410
-326
-386
-418
-429
-443
-442
-448
-472
-453
-432
-383
-434
-448
-450
-463
-461
-462
-485
-453
-402
-331
-315
-259
-195
-129
-46
17
67
153
249
342
378
467
557
633
697
712
723
747
784
764
708
689
657
618
558
432
297
161
51
-86
-217
-296
-357
-393
-424
-496
-513
-525
-488
-551
-583
-593
-604
-597
-589
-600
-563
-514
-423
-442
-421
-393
-383
-367
-374
-403
-383
-350
-311
-329
-313
-293
-280
-266
-280
-304
-286
-245
-213
-240
-218
-191
-158
-116
-103
-73
-12
83
128
146
206
266
337
405
430
455
479
509
478
424
387
388
373
369
297
293
279
288
205
133
59
-22
-65
-124
-203
-205
-188
-119
-167
-171
-163
-152
-146
-163
-207
-214
-211
-198
-230
-206
-170
-135
-99
-96
-110
-92
-62
-41
-69
-39
8
63
125
145
161
184
227
209
171
181
198
232
279
310
361
432
532
584
632
712
785
865
934
949
1009
1053
1112
1051
982
898
775
632
463
256
99
-45
-130
-310
-414
-489
-561
-616
-685
-759
-785
-784
-763
-783
-749
-702
-657
-609
-591
-584
-544
-489
-455
-478
-455
-427
-394
-354
-349
-334
-309
-268
-301
-359
-378
-392
-388
-368
-355
-313
-239
-127
-74
-21
59
128
199
254
260
316
378
470
484
480
499
519
539
553
531
552
540
571
460
406
360
319
282
223
132
76
48
22
-59
-84
-87
-76
-45
-43
-37
8
78
120
126
187
251
308
360
359
367
378
405
360
293
255
212
179
155
118
107
119
170
149
136
150
156
181
208
206
272
356
483
539
612
688
741
788
809
784
819
856
933
904
925
949
956
956
923
871
843
825
808
735
716
708
701
704
678
651
666
711
736
723
763
802
831
847
809
786
784
815
787
744
734
720
706
689
651
639
647
694
648
606
577
522
466
394
282
219
169
156
76
22
-14
-62
-94
-118
-208
-240
-242
-202
-254
-244
-220
-205
-203
-217
-244
-260
-261
-261
-326
-344
-359
-357
-336
-341
-347
-321
-279
-274
-316
-312
-293
-258
-217
-199
-145
-61
66
146
209
310
403
484
549
563
586
605
652
583
517
451
347
228
83
-95
-223
-324
-373
-468
-508
-501
-485
-452
-439
-470
-439
-410
-360
-403
-397
-373
-340
-293
-267
-257
-230
-208
-204
-270
-279
-266
-235
-182
-153
-126
-78
-21
-17
-67
-80
-94
-96
-90
-124
-135
-125
-79
-81
-110
-122
-150
-186
-232
-314
-361
-396
-377
-450
-482
-482
-489
-485
-491
-527
-529
-521
-478
-512
-509
-481
-454
-407
-384
-413
-394
-385
-369
-389
-392
-374
-356
-309
-280
-271
-218
-159
-133
-164
-119
-71
-22
62
125
202
294
390
407
359
303
221
133
50
-68
-155
-217
-238
-308
-397
-460
-532
-607
-689
-811
-876
-909
-865
-900
-886
-837
-791
-734
-690
-677
-637
-596
-528
-551
-534
-500
-474
-430
-406
-424
-394
-372
-351
-408
-433
-446
-447
-425
-412
-398
-339
-261
-197
-212
-204
-218
-257
-309
-401
-490
-550
-584
-664
-775
-839
-896
-936
-960
-1003
-1001
-953
-852
-768
-682
-553
-417
-272
-130
-36
91
194
311
290
279
276
252
225
173
80
9
-65
-107
-240
-304
-320
-324
-302
-289
-289
-229
-156
-76
-69
-45
-31
-27
-16
-17
-35
-20
-19
-23
-74
-72
-49
-5
50
77
148
241
356
423
482
593
712
836
976
1122
1300
1512
1764
1979
2172
2378
2548
2693
2782
2783
2780
2736
2693
2513
2330
2157
1962
1749
1485
1148
810
453
122
-312
-676
-997
-1301
-1568
-1826
-2077
-2253
-2391
-2493
-2624
-2694
-2734
-2753
-2746
-2750
-2744
-2680
-2587
-2509
-2498
-2448
-2398
-2343
-2271
-2219
-2153
-2073
-1988
-1973
-1989
-1970
-1958
-1940
-1918
-1924
-1916
-1894
-1851
-1855
-1865
-1835
-1801
-1751
-1706
-1709
-1658
-1604
-1506
-1495
-1443
-1357
-1262
-1153
-1053
-991
-904
-838
-756
-813
-843
-879
-933
-973
-1026
-1086
-1097
-1087
-1072
-1109
-1095
-1059
-1007
-928
-858
-775
-640
-478
-336
-271
-172
-78
-20
8
16
27
55
118
118
104
115
133
147
143
110
91
92
124
102
104
149
189
239
276
249
260
253
269
190
131
81
37
12
-18
-77
-83
-85
-38
-94
-84
-44
2
69
116
147
206
269
317
278
247
201
146
104
43
-15
-27
-9
3
-19
23
78
142
206
220
233
249
281
245
187
168
148
131
114
69
35
21
42
9
-9
12
28
55
71
38
54
63
97
47
16
9
9
37
67
65
115
153
214
154
146
152
151
157
144
124
138
167
191
142
123
104
86
84
62
42
67
120
159
153
192
226
258
288
273
267
316
382
393
408
490
582
671
755
804
832
879
961
945
913
916
906
911
888
824
787
749
708
566
421
285
150
40
-71
-195
-245
-279
-257
-328
-333
-314
-294
-258
-240
-237
-206
-168
-131
-161
-156
-158
-174
-189
-231
-268
-262
-229
-217
-249
-238
-227
-213
-196
-218
-217
-196
-140
-136
-136
-82
-9
87
193
275
369
461
576
588
614
670
714
763
791
773
790
807
848
809
788
781
762
747
704
611
577
546
550
464
432
411
384
361
322
281
278
293
302
241
219
198
172
154
114
86
104
150
168
149
184
225
272
316
314
326
345
381
354
303
279
264
249
221
152
120
111
147
82
52
38
10
23
32
7
26
51
93
53
30
18
26
49
62
48
105
170
268
284
354
422
479
521
534
531
562
597
629
597
618
649
675
697
676
644
634
643
619
563
564
576
605
642
647
682
742
839
897
945
1033
1132
1246
1362
1442
1545
1634
1743
1721
1710
1706
1678
1647
1592
1496
1427
1360
1315
1177
1063
953
818
689
546
378
281
197
142
25
-40
-88
-127
-151
-190
-232
-231
-205
-170
-183
-128
-54
24
101
137
170
229
303
327
309
328
337
350
368
354
366
401
469
499
514
562
615
676
732
737
778
811
899
871
861
843
846
860
868
870
906
961
1035
1025
1036
1046
1034
1028
999
932
905
903
920
868
858
862
868
881
870
849
865
896
905
856
868
898
942
996
1013
1025
1058
1106
1108
1081
1113
1159
1226
1303
1350
1423
1517
1639
1716
1765
1822
1848
1845
1799
1671
1553
1408
1287
1045
830
646
476
336
209
81
15
-21
-4
-75
-87
-72
-65
-46
-50
-87
-83
-76
-61
-107
-120
-128
-141
-148
-182
-223
-218
-188
-158
-181
-146
-97
-36
41
93
153
227
309
322
296
309
324
356
397
411
442
486
539
529
481
444
393
352
314
243
239
247
309
274
264
274
285
306
350
356
385
441
558
565
619
685
748
797
843
875
946
1001
1067
1066
1102
1129
1175
1225
1250
1232
1224
1197
1122
957
819
674
541
410
248
109
-5
-92
-239
-411
-538
-651
-749
-828
-920
-972
-988
-963
-972
-978
-944
-908
-859
-818
-825
-772
-713
-613
-612
-596
-572
-558
-537
-523
-538
-503
-466
-384
-412
-381
-334
-298
-256
-238
-233
-184
-115
-39
-16
46
111
165
217
235
239
274
324
352
328
361
407
461
513
515
514
520
542
490
405
342
261
172
77
-46
-146
-212
-233
-296
-352
-373
-396
-401
-411
-468
-472
-479
-455
-521
-569
-603
-640
-662
-691
-750
-744
-722
-648
-664
-607
-549
-503
-445
-404
-384
-337
-275
-238
-280
-262
-241
-239
-212
-196
-181
-128
-64
-41
-63
-51
-39
-13
27
37
69
122
217
240
236
255
268
277
284
257
243
247
278
235
192
174
146
123
91
14
-12
-32
-12
-60
-87
-98
-112
-115
-128
-175
-156
-131
-62
-97
-77
-46
-18
18
25
11
18
36
56
23
43
85
144
224
283
345
449
574
672
716
793
860
918
969
973
994
1035
1103
1099
1053
1002
913
802
684
551
451
388
383
318
282
279
264
253
219
132
81
30
13
-69
-120
-147
-177
-198
-241
-336
-379
-437
-472
-616
-705
-765
-802
-805
-815
-797
-755
-694
-667
-678
-646
-620
-581
-553
-554
-564
-515
-455
-419
-421
-382
-345
-309
-286
-284
-247
-193
-104
-79
-86
-75
-81
-94
-115
-159
-178
-165
-90
-98
-84
-48
-19
24
58
40
47
50
87
56
53
72
87
113
116
63
58
39
36
-70
-133
-179
-214
-232
-256
-272
-244
-200
-165
-213
-230
-255
-286
-310
-363
-415
-434
-430
-457
-521
-535
-546
-548
-545
-578
-578
-547
-472
-441
-429
-389
-358
-333
-314
-326
-307
-273
-177
-161
-96
6
97
192
270
314
392
472
578
609
677
761
822
866
857
769
710
631
563
408
296
193
90
-10
-135
-268
-358
-425
-486
-599
-655
-672
-679
-700
-716
-699
-638
-539
-475
-446
-403
-344
-285
-222
-228
-206
-179
-125
-138
-162
-166
-170
-183
-198
-250
-264
-276
-248
-328
-362
-367
-375
-360
-356
-385
-391
-398
-381
-440
-459
-449
-440
-409
-393
-411
-371
-330
-281
-308
-301
-286
-266
-233
-215
-204
-158
-102
-62
-99
-100
-108
-123
-135
-174
-195
-170
-110
-87
-100
-76
-65
-63
-73
-124
-148
-145
-105
-93
-85
-38
11
60
90
55
49
37
74
7
-19
-17
-16
-1
3
-25
-30
-40
-21
-100
-135
-148
-163
-153
-150
-170
-131
-80
-17
-18
11
39
63
102
128
152
215
286
335
309
318
316
306
294
248
205
198
231
186
110
83
55
29
4
-42
-79
-111
-92
-101
-142
-134
-116
-87
-67
-99
-90
-69
-6
-48
-53
-31
-7
33
63
72
105
132
184
132
131
151
156
176
187
176
211
252
294
273
277
280
278
285
277
273
321
397
470
486
543
591
625
649
621
591
583
606
590
563
585
600
601
570
472
364
255
164
38
-80
-140
-183
-206
-228
-296
-314
-341
-331
-420
-480
-516
-554
-582
-614
-662
-656
-637
-572
-617
-611
-598
-600
-592
-605
-642
-652
-665
-685
-765
-808
-837
-859
-863
-875
-877
-820
-733
-655
-632
-569
-513
-468
-436
-456
-476
-475
-444
-463
-494
-478
-475
-444
-445
-469
-515
-520
-502
-536
-548
-526
-496
-445
-372
-370
-331
-307
-265
-315
-342
-359
-361
-329
-304
-296
-226
-142
-10
13
96
201
303
420
527
623
742
846
914
895
878
833
756
670
552
426
334
256
152
-9
-119
-216
-298
-363
-451
-504
-518
-489
-511
-539
-515
-482
-438
-393
-372
-339
-292
-219
-208
-199
-161
-131
-88
-56
-80
-61
-49
-8
-57
-91
-111
-131
-133
-142
-182
-163
-139
-75
-128
-130
-121
-116
-95
-83
-73
-27
27
70
43
56
76
96
122
115
101
123
170
203
197
245
300
354
402
402
411
431
478
463
438
463
500
546
586
593
602
615
642
589
532
451
375
330
280
199
169
148
137
64
-23
-111
-241
-357
-484
-631
-719
-780
-781
-873
-901
-897
-883
-848
-825
-810
-754
-677
-605
-605
-555
-501
-449
-397
-377
-364
-310
-235
-176
-153
-74
13
106
196
231
268
306
363
347
302
281
257
240
229
194
180
180
215
160
118
103
82
83
92
79
124
181
267
278
313
369
427
505
577
616
727
847
1006
1065
1170
1279
1379
1471
1517
1524
1534
1531
1506
1403
1339
1277
1211
1148
1046
937
858
800
720
616
582
572
583
601
578
578
592
632
616
587
598
612
636
657
642
639
635
663
590
543
531
523
534
552
561
581
607
674
652
632
603
555
507
436
356
368
382
447
439
477
518
546
572
573
555
567
599
637
618
642
658
666
663
613
562
541
542
514
450
434
429
435
449
431
440
475
544
564
567
603
646
702
770
815
890
953
1024
940
840
736
610
497
384
254
172
104
65
-55
-147
-224
-307
-373
-451
-563
-613
-660
-680
-770
-809
-828
-836
-822
-813
-795
-719
-614
-501
-448
-347
-245
-150
-61
-21
2
40
92
102
78
104
130
159
183
157
137
114
99
20
-93
-178
-259
-324
-380
-455
-470
-466
-409
-461
-488
-495
-509
-509
-510
-530
-506
-464
-383
-395
-333
-289
-244
-206
-166
-162
-115
-54
0
-38
-48
-30
-33
-36
-46
-66
-47
-24
-19
-75
-69
-69
-62
-43
-49
-49
-28
7
-8
-70
-97
-123
-132
-121
-128
-104
-52
24
47
31
13
-31
-85
-155
-273
-342
-402
-410
-525
-608
-665
-719
-748
-768
-797
-776
-735
-646
-642
-580
-494
-423
-353
-331
-371
-386
-406
-416
-478
-492
-488
-477
-457
-464
-491
-494
-493
-506
-574
-579
-567
-540
-498
-486
-470
-436
-384
-388
-422
-414
-410
-398
-384
-398
-386
-352
-291
-271
-267
-235
-204
-164
-136
-161
-137
-111
-33
-55
-51
-25
-3
26
42
28
52
80
148
113
126
138
110
61
-43
-194
-316
-418
-536
-674
-740
-778
-790
-776
-772
-774
-698
-611
-534
-527
-462
-396
-330
-284
-274
-242
-189
-117
-104
-125
-111
-103
-88
-57
-45
-9
45
137
183
213
261
304
350
388
365
381
384
422
357
313
285
248
217
178
118
116
134
216
210
285
396
511
643
757
849
974
1104
1229
1291
1387
1487
1583
1687
1758
1802
1851
1871
1820
1664
1515
1338
1143
942
699
457
213
-37
-389
-802
-1201
-1609
-2002
-2372
-2736
-3051
-3315
-3519
-3740
-3928
-4046
-4124
-4149
-4142
-4147
-4060
-3939
-3754
-3643
-3513
-3387
-3296
-3228
-3197
-3217
-3195
-3176
-3116
-3159
-3127
-3059
-2972
-2849
-2728
-2612
-2459
-2296
-2142
-2063
-1971
-1884
-1782
-1703
-1660
-1602
-1517
-1428
-1371
-1373
-1336
-1310
-1261
-1193
-1168
-1112
-1023
-898
-842
-823
-778
-750
-736
-737
-772
-796
-792
-737
-723
-680
-597
-528
-440
-353
-307
-205
-105
22
69
138
226
311
401
472
488
533
547
562
426
317
203
79
-34
-161
-287
-370
-428
-471
-564
-601
-622
-634
-625
-625
-611
-544
-448
-372
-350
-290
-235
-180
-120
-89
-29
60
180
228
246
289
320
342
348
319
299
293
325
285
265
278
281
291
279
212
184
160
183
153
162
198
226
253
252
195
187
172
201
142
155
196
250
319
365
386
418
446
459
396
377
374
389
429
449
465
499
579
582
524
484
448
406
352
274
222
182
195
193
177
191
219
241
248
193
134
70
64
-34
-97
-123
-151
-164
-186
-247
-258
-263
-221
-230
-203
-150
-101
-47
-6
-9
49
106
194
192
246
315
383
453
491
501
519
524
504
403
339
274
216
179
123
78
78
112
127
107
137
170
209
245
228
219
214
231
193
142
130
124
124
124
99
110
137
213
194
200
231
253
292
324
327
368
410
476
468
491
536
584
663
744
791
894
983
1076
1067
1090
1118
1146
1187
1210
1212
1221
1210
1163
1023
911
797
681
575
448
331
254
214
157
80
62
52
66
83
65
45
56
108
109
95
112
114
110
123
83
66
50
99
55
68
113
164
254
335
387
476
564
675
693
739
821
904
1012
1093
1129
1203
1256
1299
1257
1241
1226
1201
1177
1137
1100
1103
1116
1115
1043
1013
984
953
923
859
801
783
796
775
718
703
689
689
704
696
723
781
877
939
987
1073
1161
1252
1325
1334
1355
1348
1355
1224
1105
997
881
785
695
595
538
489
471
362
295
253
215
211
214
212
288
381
488
525
590
648
681
693
664
616
606
613
617
562
557
558
561
572
550
532
545
589
599
588
633
691
765
843
877
917
960
1009
1014
1011
1014
994
999
987
915
889
849
852
739
688
679
676
706
747
774
841
899
999
991
1024
1074
1121
1184
1223
1217
1233
1236
1223
1114
1026
940
861
807
751
703
712
746
761
710
694
672
637
591
500
410
350
331
283
236
258
303
373
445
473
500
532
583
594
596
633
672
724
769
761
794
818
878
828
803
808
825
864
900
908
951
993
1067
1026
1036
1066
1093
1139
1175
1193
1254
1321
1380
1360
1348
1315
1255
1186
1080
955
864
793
716
588
509
438
372
319
242
190
176
202
183
153
176
205
240
271
264
262
267
286
248
196
176
161
166
163
146
152
141
158
85
27
-21
-54
-54
-55
-43
54
154
274
279
315
345
331
322
281
237
218
216
225
191
204
225
234
241
191
116
77
60
32
-43
-62
-64
-55
-45
-79
-113
-133
-128
-184
-254
-275
-284
-273
-248
-240
-217
-180
-124
-131
-141
-118
-94
-58
-32
-55
-19
24
106
104
120
150
175
204
215
184
200
209
247
159
124
103
78
63
31
-6
-1
22
40
-9
-28
-54
-90
-119
-171
-216
-211
-178
-158
-184
-161
-142
-133
-132
-174
-197
-198
-169
-205
-258
-267
-263
-236
-193
-164
-120
-64
15
13
5
14
10
17
19
-18
-5
6
40
-10
-34
-48
-73
-97
-121
-171
-162
-149
-91
-162
-192
-191
-208
-228
-265
-306
-317
-315
-327
-410
-430
-449
-474
-492
-540
-587
-588
-561
-540
-566
-531
-490
-429
-359
-327
-283
-216
-117
-82
-66
-20
22
70
121
148
189
239
316
302
294
305
291
267
211
101
31
-32
-66
-178
-269
-340
-405
-443
-480
-545
-540
-532
-488
-542
-539
-519
-497
-462
-447
-443
-413
-372
-334
-361
-344
-323
-308
-288
-297
-306
-280
-234
-226
-278
-302
-332
-354
-364
-403
-417
-410
-369
-382
-410
-401
-389
-374
-364
-386
-390
-381
-326
-358
-362
-335
-318
-291
-273
-287
-258
-224
-167
-193
-209
-228
-267
-303
-354
-442
-434
-409
-354
-413
-394
-365
-344
-308
-307
-307
-284
-225
-162
-152
-81
-1
79
159
176
180
181
158
67
-87
-201
-310
-407
-495
-610
-686
-748
-770
-835
-910
-943
-966
-971
-959
-958
-916
-850
-733
-715
-679
-630
-608
-589
-589
-623
-619
-603
-546
-555
-524
-471
-424
-362
-312
-298
-222
-155
-79
-98
-87
-77
-74
-73
-105
-155
-175
-189
-212
-299
-329
-346
-354
-345
-357
-358
-320
-249
-208
-197
-134
-66
14
97
138
188
235
293
286
248
229
207
184
152
73
18
-41
-62
-202
-320
-415
-513
-587
-650
-715
-718
-689
-607
-597
-550
-487
-440
-389
-364
-382
-351
-325
-292
-336
-340
-333
-283
-238
-244
-263
-248
-234
-240
-310
-316
-330
-312
-268
-246
-232
-172
-93
-60
-86
-60
-41
-4
19
0
-9
-14
-9
-61
-145
-201
-273
-344
-406
-493
-515
-515
-445
-461
-421
-345
-264
-170
-79
-17
73
159
262
250
259
271
253
218
128
-22
-134
-236
-315
-441
-512
-549
-559
-539
-526
-514
-467
-413
-381
-419
-412
-397
-378
-349
-349
-338
-298
-230
-206
-206
-161
-119
-71
-19
1
45
107
191
227
233
255
262
265
251
185
173
169
215
149
105
77
44
19
-25
-109
-166
-224
-248
-373
-442
-486
-530
-555
-602
-680
-714
-738
-746
-801
-806
-789
-765
-738
-748
-781
-785
-762
-744
-795
-789
-763
-714
-652
-614
-550
-477
-393
-349
-349
-345
-353
-355
-355
-376
-366
-325
-229
-178
-143
-78
-22
30
58
14
19
10
42
-33
-84
-124
-175
-223
-274
-347
-374
-394
-371
-454
-469
-457
-446
-417
-407
-416
-391
-364
-344
-392
-410
-416
-415
-392
-378
-360
-294
-206
-139
-134
-86
-31
39
129
201
296
423
582
682
748
830
880
907
912
874
843
827
840
805
757
723
663
600
525
392
301
200
135
-21
-153
-268
-387
-492
-600
-729
-799
-857
-869
-990
-1040
-1058
-1063
-1039
-1020
-1012
-973
-928
-884
-902
-885
-868
-859
-845
-854
-866
-838
-793
-771
-801
-784
-769
-759
-721
-715
-677
-641
-545
-508
-497
-437
-403
-371
-362
-369
-380
-372
-322
-318
-300
-246
-214
-165
-136
-183
-190
-206
-192
-258
-297
-306
-301
-268
-243
-244
-193
-149
-69
-103
-72
-23
27
88
131
168
243
324
392
377
373
352
323
315
300
302
358
440
494
480
488
472
431
366
235
107
-4
-77
-202
-335
-429
-526
-618
-703
-800
-867
-897
-872
-901
-904
-864
-826
-778
-746
-771
-760
-757
-730
-783
-813
-818
-816
-791
-767
-775
-724
-681
-614
-667
-671
-665
-660
-639
-629
-621
-579
-525
-479
-501
-480
-450
-418
-377
-362
-346
-284
-192
-122
-101
-45
-1
29
43
3
-24
-26
12
-10
-27
-20
-53
-67
-67
-95
-98
-79
1
-8
35
115
199
284
379
436
543
636
772
831
908
972
1004
1021
1002
916
859
770
697
512
382
288
221
196
180
176
210
254
269
193
134
58
-38
-140
-279
-420
-522
-591
-682
-815
-902
-982
-1046
-1091
-1156
-1177
-1159
-1093
-1069
-1054
-1001
-948
-891
-840
-826
-798
-767
-701
-729
-727
-688
-651
-597
-552
-545
-503
-462
-399
-415
-411
-392
-377
-343
-318
-330
-276
-223
-150
-174
-158
-133
-107
-69
-48
-33
17
79
136
124
147
158
157
162
142
133
169
244
302
332
410
481
545
600
605
627
662
728
744
742
770
798
833
864
875
934
986
1099
1131
1211
1331
1454
1610
1741
1823
1949
2067
2165
2157
2141
2089
1975
1828
1628
1389
1209
1040
909
716
574
441
305
195
83
-12
-45
-41
-30
-72
-64
-48
-27
-4
-16
-27
-4
53
76
58
77
87
93
92
41
5
-20
-18
-58
-110
-121
-123
-110
-91
-106
-83
-55
18
-22
-33
-17
3
48
96
124
187
249
332
315
326
346
353
376
386
363
397
430
471
431
415
393
362
338
301
267
288
342
401
400
441
477
500
515
485
453
451
481
478
457
500
561
645
738
796
866
935
1008
1017
986
964
921
871
813
714
660
601
582
458
368
335
270
218
112
-9
-102
-192
-223
-361
-456
-542
-611
-677
-750
-831
-847
-838
-808
-839
-815
-770
-742
-715
-728
-764
-768
-760
-758
-807
-800
-790
-777
-760
-782
-805
-810
-789
-817
-867
-868
-864
-847
-822
-829
-817
-791
-748
-750
-773
-767
-759
-736
-713
-733
-699
-664
-584
-611
-610
-589
-576
-555
-539
-545
-508
-465
-384
-411
-392
-364
-353
-335
-336
-356
-323
-272
-210
-201
-151
-90
-39
-1
-13
-58
-83
-100
-129
-207
-227
-238
-244
-241
-271
-291
-285
-252
-275
-327
-343
-366
-386
-410
-468
-516
-549
-558
-610
-671
-699
-728
-740
-748
-797
-785
-766
-698
-727
-735
-732
-741
-746
-761
-801
-791
-754
-661
-715
-694
-651
-628
-594
-581
-578
-550
-480
-413
-397
-365
-320
-288
-254
-271
-291
-275
-240
-221
-248
-222
-188
-154
-122
-127
-123
-106
-72
-92
-133
-126
-115
-85
-45
-18
30
99
187
208
201
201
179
160
129
50
25
0
7
-78
-149
-210
-277
-330
-384
-456
-460
-449
-389
-435
-418
-392
-377
-351
-338
-328
-280
-218
-156
-154
-115
-75
-39
3
8
-9
-6
4
-18
-99
-129
-143
-139
-118
-125
-110
-75
-18
-37
-94
-126
-167
-202
-234
-284
-316
-324
-290
-302
-293
-234
-158
-42
90
194
357
519
705
794
877
937
942
903
806
630
475
299
147
-130
-364
-603
-860
-1120
-1472
-1873
-2250
-2620
-2982
-3376
-3672
-3930
-4170
-4359
-4550
-4750
-4885
-4969
-5044
-5128
-5124
-5077
-4981
-4857
-4752
-4611
-4445
-4246
-4117
-4014
-3863
-3709
-3548
-3379
-3230
-3069
-2897
-2700
-2589
-2473
-2336
-2210
-2068
-1931
-1824
-1666
-1507
-1327
-1234
-1131
-1021
-926
-832
-758
-721
-608
-480
-310
-248
-143
-43
31
93
121
132
175
232
284
263
276
280
262
232
160
78
31
5
-46
-141
-184
-218
-241
-258
-313
-344
-350
-321
-354
-410
-436
-467
-492
-513
-552
-564
-554
-499
-532
-548
-541
-543
-524
-502
-504
-456
-400
-314
-307
-287
-263
-260
-260
-285
-353
-352
-343
-291
-326
-302
-261
-219
-167
-137
-119
-73
-25
54
36
77
101
148
207
235
284
353
420
431
400
381
352
346
357
350
380
437
540
602
628
671
695
709
714
684
676
681
728
670
626
590
523
438
315
155
36
-61
-108
-210
-264
-285
-306
-312
-338
-413
-428
-439
-416
-465
-453
-418
-379
-331
-306
-294
-254
-210
-178
-220
-217
-207
-193
-161
-147
-123
-63
19
57
46
71
93
124
164
170
200
245
317
342
351
390
434
489
545
566
615
663
748
721
721
739
737
733
713
662
651
653
688
648
651
681
714
775
826
836
900
960
1032
1026
1059
1102
1139
1177
1178
1156
1159
1168
1158
1069
1011
944
872
817
740
681
626
621
595
538
533
529
533
531
525
541
590
656
673
642
614
536
441
336
183
75
-8
-19
-107
-133
-115
-82
-31
11
11
42
77
150
137
177
243
313
390
434
422
435
424
401
301
240
193
161
152
134
118
147
194
235
216
245
273
297
325
324
334
374
439
456
437
455
466
483
507
502
524
572
655
700
727
780
826
866
888
855
868
887
959
928
930
956
977
1000
1007
983
989
991
1016
932
889
861
825
803
765
704
693
690
699
657
665
692
729
781
814
842
909
985
1042
1036
1082
1139
1204
1275
1303
1319
1330
1334
1253
1128
1047
917
777
659
515
401
323
287
219
134
105
90
81
91
75
124
181
281
290
332
386
421
447
442
394
371
343
359
270
238
245
265
310
342
350
394
445
491
468
476
484
494
516
520
523
571
637
684
665
683
695
705
722
717
738
800
903
958
990
1058
1118
1181
1246
1284
1338
1411
1504
1541
1551
1576
1582
1575
1532
1404
1298
1172
1084
912
787
713
671
667
666
628
617
591
605
518
511
542
580
635
670
681
719
752
774
728
711
694
674
662
624
576
567
575
561
485
449
412
380
359
315
293
302
344
328
291
292
291
298
303
271
285
282
318
300
313
369
421
502
565
553
588
634
692
649
638
645
656
668
664
616
625
609
628
533
507
509
523
559
592
610
656
708
742
701
688
673
667
675
663
658
698
768
823
828
875
918
959
1004
1017
1053
1115
1204
1213
1176
1142
1078
1001
915
803
707
629
582
471
369
305
245
209
175
104
86
66
74
-1
-55
-88
-116
-124
-133
-169
-147
-130
-81
-151
-169
-176
-181
-169
-164
-160
-119
-65
-16
-34
-14
-3
-7
-15
-56
-99
-102
-82
-89
-145
-157
-170
-187
-207
-264
-291
-282
-227
-225
-237
-214
-191
-161
-126
-117
-97
-69
-11
-33
-42
-11
8
42
33
-14
-14
-20
2
-48
-81
-99
-86
-60
-36
-47
18
80
179
152
173
213
234
249
240
224
252
306
360
354
383
420
451
500
525
555
615
695
729
700
700
686
662
632
563
518
493
499
449
388
369
352
335
304
228
155
82
44
-77
-154
-177
-181
-151
-116
-113
-73
-39
10
-27
-49
-59
-78
-81
-96
-147
-134
-120
-81
-147
-181
-223
-279
-334
-401
-458
-460
-434
-402
-432
-412
-384
-358
-330
-338
-348
-322
-270
-246
-258
-222
-184
-144
-110
-126
-128
-116
-75
-84
-111
-106
-102
-94
-89
-116
-116
-109
-57
-100
-108
-88
-78
-53
-33
-35
3
62
173
184
202
253
288
334
374
379
459
537
665
719
809
917
1029
1140
1208
1233
1287
1347
1394
1377
1410
1441
1452
1428
1312
1143
958
763
532
274
72
-115
-278
-424
-593
-728
-840
-906
-1002
-1092
-1130
-1147
-1144
-1131
-1148
-1128
-1105
-1037
-1074
-1074
-1042
-1012
-964
-919
-896
-837
-773
-681
-678
-644
-601
-572
-537
-525
-552
-520
-480
-420
-429
-402
-374
-357
-340
-346
-358
-325
-273
-224
-232
-187
-136
-92
-52
-55
-66
-63
-49
-86
-160
-185
-200
-197
-184
-203
-197
-180
-143
-152
-174
-153
-116
-56
23
82
205
347
541
625
736
861
966
1066
1147
1202
1287
1368
1463
1441
1435
1414
1331
1245
1057
789
543
306
82
-197
-412
-601
-796
-952
-1088
-1211
-1281
-1294
-1293
-1329
-1310
-1271
-1235
-1179
-1169
-1148
-1098
-1022
-996
-997
-948
-884
-813
-738
-696
-639
-571
-487
-456
-447
-411
-379
-332
-285
-272
-202
-127
-4
9
45
95
127
153
158
131
139
153
206
159
164
181
185
193
175
128
133
159
206
202
235
273
299
319
297
251
237
241
243
200
217
237
250
254
208
151
101
67
-19
-115
-147
-161
-151
-120
-106
-73
-34
7
-23
-96
-158
-238
-317
-410
-552
-630
-690
-681
-752
-779
-772
-758
-728
-703
-703
-656
-600
-503
-517
-482
-440
-418
-392
-392
-416
-400
-374
-331
-345
-321
-300
-268
-214
-189
-173
-121
-77
-69
-103
-105
-114
-117
-103
-121
-119
-100
-58
-56
-89
-94
-107
-118
-131
-172
-201
-200
-177
-202
-246
-258
-274
-273
-284
-349
-371
-401
-390
-466
-510
-527
-540
-537
-535
-552
-505
-441
-329
-326
-260
-178
-105
-25
27
52
104
163
220
211
236
260
270
278
249
200
174
155
112
17
-20
-48
-67
-73
-107
-120
-100
-40
-30
-30
10
45
80
106
94
78
55
32
-78
-210
-318
-425
-505
-573
-667
-687
-687
-635
-653
-639
-603
-573
-545
-540
-581
-576
-570
-517
-569
-557
-524
-492
-447
-419
-401
-359
-317
-284
-314
-304
-287
-271
-254
-257
-264
-251
-248
-249
-309
-327
-328
-329
-308
-326
-300
-254
-185
-183
-200
-174
-140
-103
-36
22
95
181
286
300
310
338
353
387
430
442
530
638
784
858
947
1032
1085
1109
1070
950
857
744
658
461
317
179
27
-125
-302
-485
-630
-752
-862
-1020
-1114
-1178
-1214
-1215
-1226
-1231
-1195
-1135
-1100
-1115
-1085
-1058
-1028
-993
-990
-960
-906
-823
-803
-806
-777
-749
-714
-673
-651
-603
-531
-417
-389
-351
-293
-251
-203
-171
-181
-147
-103
-23
-10
29
87
136
191
225
211
251
279
327
270
265
273
271
263
220
153
105
68
33
-52
-72
-68
-51
-20
-11
6
65
150
198
176
205
194
151
110
37
-18
-63
-76
-146
-265
-338
-402
-459
-530
-607
-652
-665
-638
-683
-701
-670
-659
-649
-666
-730
-763
-789
-777
-820
-834
-822
-802
-765
-739
-753
-701
-642
-546
-537
-464
-369
-261
-140
-41
37
128
206
250
193
156
108
60
34
-8
-39
-33
-10
-30
-98
-131
-171
-210
-245
-312
-340
-332
-277
-261
-254
-210
-164
-114
-69
-61
-29
4
79
52
56
82
92
101
85
21
-24
-68
-75
-145
-167
-155
-147
-131
-142
-202
-209
-220
-211
-280
-302
-306
-300
-276
-261
-246
-189
-120
-66
-94
-91
-101
-120
-135
-179
-217
-218
-191
-203
-253
-261
-268
-262
-248
-265
-232
-165
-74
-28
1
55
88
108
119
58
14
-5
21
-72
-118
-124
-131
-123
-129
-173
-165
-159
-121
-161
-154
-119
-81
-26
26
36
99
154
220
210
236
266
300
348
374
395
455
524
581
561
575
578
566
550
500
460
459
498
504
482
502
518
537
558
548
567
615
700
747
775
829
873
909
925
881
873
868
917
874
890
957
1042
1151
1255
1332
1441
1549
1684
1716
1791
1884
1959
2030
2054
2011
1969
1885
1775
1579
1404
1228
1059
917
783
670
610
571
516
387
291
184
71
-34
-162
-270
-334
-355
-411
-489
-521
-553
-576
-593
-639
-663
-663
-629
-628
-635
-614
-576
-542
-516
-567
-540
-513
-444
-462
-456
-412
-375
-308
-267
-261
-223
-190
-124
-171
-188
-177
-171
-160
-163
-185
-162
-136
-115
-162
-176
-180
-194
-194
-213
-234
-215
-180
-156
-194
-193
-204
-219
-228
-261
-274
-244
-163
-112
-61
56
196
363
542
696
869
1060
1269
1423
1548
1684
1789
1865
1881
1784
1675
1507
1331
1024
728
450
179
-56
-259
-442
-536
-603
-622
-751
-826
-885
-953
-1003
-1064
-1132
-1149
-1146
-1137
-1182
-1185
-1175
-1158
-1130
-1127
-1133
-1102
-1054
-1021
-1041
-1014
-991
-979
-974
-1013
-1043
-1043
-1002
-1007
-1021
-984
-941
-887
-831
-803
-765
-711
-628
-589
-553
-488
-436
-382
-349
-377
-360
-350
-274
-285
-298
-269
-224
-163
-104
-75
11
67
173
151
176
184
190
206
213
187
202
218
229
153
100
35
-47
-133
-253
-373
-434
-465
-507
-591
-632
-678
-729
-777
-855
-905
-927
-909
-947
-1002
-1024
-1057
-1091
-1128
-1188
-1232
-1255
-1241
-1278
-1299
-1276
-1244
-1187
-1133
-1124
-1066
-1013
-931
-933
-917
-886
-858
-815
-773
-757
-679
-602
-493
-511
-486
-460
-449
-437
-445
-461
-445
-416
-387
-422
-417
-411
-416
-426
-476
-541
-575
-587
-618
-688
-703
-706
-692
-664
-667
-650
-610
-530
-495
-455
-355
-237
-101
40
157
282
413
570
641
705
775
813
839
834
772
745
710
699
608
534
476
418
392
376
309
320
344
402
332
289
245
161
56
-53
-168
-269
-342
-404
-526
-602
-674
-755
-809
-887
-954
-965
-944
-940
-972
-946
-888
-812
-714
-644
-542
-415
-250
-136
-29
123
271
414
536
600
648
665
669
537
385
232
47
-147
-378
-683
-987
-1329
-1674
-2105
-2510
-2880
-3227
-3532
-3822
-4121
-4324
-4493
-4596
-4759
-4835
-4866
-4870
-4840
-4801
-4746
-4635
-4485
-4317
-4198
-4023
-3841
-3667
-3498
-3371
-3257
-3119
-2970
-2861
-2804
-2707
-2610
-2508
-2399
-2329
-2238
-2135
-2006
-1937
-1889
-1806
-1717
-1614
-1501
-1409
-1287
-1155
-989
-939
-881
-806
-750
-691
-647
-638
-594
-551
-486
-509
-516
-517
-535
-554
-596
-677
-683
-670
-625
-628
-603
-557
-548
-512
-508
-530
-506
-484
-469
-530
-517
-510
-495
-459
-451
-437
-391
-335
-304
-303
-268
-229
-186
-143
-146
-131
-102
-48
-52
-92
-103
-112
-113
-110
-134
-112
-77
8
-14
-7
27
58
106
151
179
253
341
459
485
525
556
555
553
526
464
471
488
530
499
504
507
493
467
405
325
285
276
288
267
315
386
465
549
592
622
666
722
735
715
749
791
844
897
898
899
888
871
780
651
541
423
307
184
22
-98
-207
-256
-396
-488
-543
-591
-617
-639
-673
-659
-630
-568
-598
-591
-568
-555
-527
-523
-557
-539
-509
-453
-446
-391
-325
-264
-207
-187
-174
-131
-114
-82
-90
-36
44
135
249
319
417
527
656
707
721
755
772
763
762
728
720
720
744
722
681
668
648
637
626
563
536
511
522
420
343
296
251
233
212
166
152
143
170
99
79
80
82
110
131
133
189
255
329
334
363
389
410
438
438
417
421
426
412
337
308
283
257
236
186
147
132
136
83
1
-31
-54
-55
-42
-46
-16
40
116
140
137
154
160
164
160
112
124
148
225
203
208
226
228
230
216
174
176
185
234
176
170
184
195
221
231
224
266
320
383
395
450
519
592
671
718
749
811
880
917
877
882
904
896
898
887
894
924
977
979
939
922
921
939
944
944
984
1057
1163
1220
1253
1304
1323
1327
1301
1204
1145
1079
1050
939
851
777
694
616
526
415
360
319
334
238
197
167
124
91
35
-39
-77
-100
-117
-187
-213
-227
-235
-225
-229
-229
-183
-119
-76
-87
-44
13
86
177
243
327
438
579
652
692
753
795
835
870
872
878
888
910
858
784
728
662
608
550
451
424
422
484
482
515
568
611
654
680
671
721
780
887
884
940
1008
1063
1115
1132
1117
1116
1108
1086
994
937
882
824
774
694
604
548
517
474
387
351
326
315
321
302
297
341
376
355
284
268
247
224
223
197
186
201
277
266
249
264
261
265
248
175
159
162
198
179
202
262
328
411
488
532
622
693
790
771
806
856
902
960
987
988
1001
1001
983
889
832
786
750
735
704
678
690
721
725
673
656
635
620
620
595
600
629
690
681
644
631
606
578
546
489
450
433
466
435
432
467
496
533
553
524
533
537
567
523
498
489
475
472
460
412
432
454
515
475
493
531
567
607
625
635
679
734
788
777
811
849
883
918
913
897
907
930
916
849
818
779
745
721
673
667
694
757
756
730
723
700
664
612
482
384
311
284
182
109
73
21
15
-9
-68
-103
-128
-133
-207
-268
-291
-299
-287
-296
-346
-332
-314
-271
-329
-333
-318
-298
-270
-253
-247
-212
-176
-146
-189
-188
-186
-185
-171
-182
-186
-150
-91
-60
-65
-18
34
98
174
223
306
416
561
650
715
799
865
911
931
901
880
856
865
768
695
655
612
585
546
465
400
317
244
82
-54
-166
-268
-336
-396
-472
-463
-437
-375
-390
-358
-314
-271
-219
-191
-178
-139
-98
-74
-128
-145
-172
-217
-269
-351
-419
-437
-413
-416
-458
-461
-465
-460
-450
-472
-460
-415
-326
-271
-230
-159
-95
-38
0
-16
-13
-22
12
-45
-107
-149
-172
-178
-184
-208
-186
-160
-115
-135
-113
-87
-58
-10
14
-7
17
44
85
45
39
43
51
68
60
36
54
83
90
23
-4
-32
-57
-67
-99
-107
-74
-7
34
45
104
158
208
247
237
241
256
299
306
301
333
369
416
460
454
476
484
526
452
401
361
301
241
176
97
60
28
26
-73
-130
-169
-213
-233
-255
-284
-234
-149
-28
37
127
204
256
289
276
232
205
182
146
42
-25
-100
-177
-240
-324
-386
-405
-380
-381
-398
-362
-326
-288
-254
-262
-254
-228
-174
-156
-148
-104
-59
-5
42
36
69
95
161
119
107
122
137
156
199
175
188
182
224
153
115
107
91
94
102
125
190
264
358
384
434
462
462
445
401
326
287
263
228
133
85
40
8
-10
-48
-63
-43
7
-5
-66
-105
-170
-249
-337
-465
-569
-641
-671
-723
-767
-757
-728
-674
-616
-606
-548
-496
-410
-434
-439
-428
-420
-397
-374
-366
-309
-248
-157
-187
-173
-153
-146
-128
-128
-142
-101
-40
29
37
66
77
61
33
-29
-102
-128
-125
-124
-172
-172
-174
-178
-179
-209
-226
-215
-165
-156
-157
-108
-59
-6
37
34
30
32
55
29
-7
-15
-26
-22
-24
-76
-78
-79
-35
-79
-96
-88
-72
-32
7
20
83
142
230
205
225
265
268
292
300
283
302
330
349
293
287
266
232
187
113
22
-21
-48
-80
-138
-151
-168
-186
-207
-265
-310
-334
-311
-338
-366
-346
-303
-232
-139
-63
34
134
243
271
278
305
327
366
402
387
419
440
483
429
386
352
305
261
203
112
81
57
77
-16
-55
-86
-127
-156
-197
-236
-231
-203
-170
-201
-198
-196
-200
-199
-227
-260
-258
-241
-250
-306
-306
-291
-263
-231
-249
-266
-269
-241
-277
-331
-346
-357
-354
-346
-360
-358
-341
-288
-303
-309
-283
-263
-227
-196
-204
-153
-87
22
55
107
175
231
288
324
316
363
403
472
420
416
419
414
411
378
339
344
337
315
252
218
171
109
42
-51
-151
-192
-197
-227
-284
-281
-267
-244
-218
-216
-199
-179
-144
-189
-267
-324
-395
-471
-542
-631
-702
-740
-720
-768
-785
-757
-725
-663
-599
-566
-479
-393
-282
-253
-217
-184
-179
-186
-229
-321
-345
-356
-313
-353
-332
-300
-280
-260
-262
-267
-235
-188
-138
-144
-96
-39
12
61
63
41
37
48
29
-29
-35
-31
-15
6
-15
-19
-9
27
4
-40
-56
-74
-82
-83
-107
-111
-111
-74
-134
-170
-173
-181
-176
-179
-211
-195
-166
-99
-101
-79
-46
-26
0
3
-41
-20
9
78
73
125
186
237
280
280
248
228
207
175
78
31
43
44
65
60
75
126
194
241
242
258
278
315
337
294
270
233
200
76
-79
-213
-327
-432
-507
-581
-595
-578
-501
-521
-500
-458
-421
-363
-315
-297
-245
-193
-111
-112
-91
-54
-33
-4
3
-30
-1
32
88
69
94
132
168
207
219
213
233
259
271
208
185
162
136
114
58
11
7
36
32
-12
-13
-14
-7
4
-18
-10
19
75
85
73
89
100
111
110
64
52
46
92
35
9
4
-7
-1
-3
-35
-41
-51
-40
-121
-170
-205
-255
-295
-351
-434
-448
-443
-406
-418
-375
-312
-246
-177
-136
-111
-56
8
60
47
78
111
145
192
213
234
287
347
343
266
218
159
96
44
-26
-68
-81
-29
-21
-38
-27
-17
-12
-16
-81
-109
-117
-85
-163
-199
-200
-197
-178
-166
-164
-125
-65
31
44
104
183
248
327
374
376
414
451
493
470
473
474
469
471
447
411
413
432
445
405
424
467
537
639
726
826
950
1090
1166
1190
1234
1256
1265
1258
1203
1159
1127
1116
1060
980
923
855
779
686
551
488
460
510
482
500
540
566
586
580
530
507
481
489
397
361
355
356
383
398
391
423
454
477
435
425
423
424
434
416
380
372
370
351
272
243
220
202
196
161
142
158
212
219
204
226
233
254
280
261
235
254
296
291
284
301
323
341
365
327
336
361
454
474
544
648
785
947
1097
1214
1362
1495
1648
1665
1707
1730
1707
1642
1521
1349
1189
1019
840
598
403
230
72
-55
-191
-314
-381
-417
-459
-547
-580
-604
-623
-630
-661
-662
-625
-550
-532
-539
-510
-488
-462
-436
-437
-426
-400
-351
-353
-364
-349
-345
-334
-335
-385
-379
-366
-309
-337
-340
-321
-303
-280
-276
-316
-316
-328
-302
-389
-413
-410
-400
-370
-360
-361
-322
-267
-209
-211
-177
-142
-110
-66
-43
-23
32
101
142
128
168
223
293
390
472
581
711
862
930
955
993
1005
1007
998
956
918
886
859
782
664
539
400
276
130
-81
-246
-411
-562
-758
-890
-969
-1034
-1048
-1058
-1093
-1089
-1084
-1058
-1140
-1173
-1178
-1173
-1141
-1121
-1108
-1062
-999
-955
-988
-984
-979
-972
-947
-939
-921
-855
-774
-726
-744
-724
-710
-699
-688
-713
-711
-669
-571
-518
-476
-404
-346
-301
-276
-291
-301
-301
-271
-314
-342
-333
-325
-301
-284
-313
-304
-298
-263
-302
-312
-288
-249
-181
-115
-86
2
85
195
183
208
233
242
251
234
204
200
208
213
148
118
84
48
24
-24
-67
-67
-36
-34
-84
-100
-126
-161
-200
-285
-352
-400
-410
-475
-552
-591
-627
-660
-695
-757
-799
-822
-794
-836
-845
-816
-793
-759
-716
-710
-674
-642
-573
-567
-538
-485
-416
-339
-272
-214
-98
-8
109
123
174
230
277
328
378
404
444
482
506
457
449
436
427
415
379
347
366
419
444
422
445
468
494
525
522
550
609
708
768
833
957
1104
1270
1441
1576
1723
1865
2041
2116
2218
2341
2436
2507
2526
2474
2432
2370
2311
2159
2022
1899
1768
1641
1477
1243
1042
815
596
280
5
-261
-519
-749
-968
-1161
-1288
-1379
-1466
-1623
-1745
-1872
-2007
-2140
-2303
-2455
-2557
-2612
-2679
-2761
-2782
-2791
-2785
-2770
-2790
-2782
-2753
-2695
-2689
-2698
-2663
-2614
-2553
-2490
-2468
-2424
-2383
-2300
-2314
-2281
-2199
-2101
-1977
-1856
-1767
-1651
-1541
-1414
-1386
-1317
-1241
-1180
-1135
-1077
-1057
-984
-900
-820
-825
-817
-792
-785
-770
-769
-762
-701
-611
-537
-513
-436
-364
-285
-193
-126
-53
49
171
253
304
397
498
608
712
769
840
925
1030
1084
1107
1151
1181
1204
1201
1129
1068
980
911
707
518
346
169
17
-119
-254
-331
-387
-404
-506
-566
-605
-649
-670
-699
-749
-732
-700
-650
-663
-641
-614
-585
-548
-526
-505
-441
-358
-283
-277
-232
-196
-173
-154
-175
-196
-184
-138
-127
-139
-102
-61
-5
56
78
114
159
226
252
265
317
374
440
500
505
544
568
625
561
518
488
445
413
376
320
308
303
328
253
230
231
228
241
241
218
284
364
439
478
564
648
716
771
789
756
765
772
748
614
518
410
306
190
59
-62
-140
-192
-282
-392
-453
-512
-561
-601
-653
-682
-687
-651
-651
-658
-633
-605
-563
-514
-514
-461
-414
-327
-351
-353
-336
-322
-288
-249
-222
-146
-67
42
31
60
95
114
142
151
138
168
207
248
227
234
241
242
247
225
192
197
221
235
199
221
247
268
284
257
235
241
286
292
294
356
436
538
647
725
819
932
1063
1133
1168
1203
1206
1199
1171
1076
1011
925
871
721
602
505
410
334
262
179
160
161
217
167
171
184
180
175
138
79
57
54
63
18
1
-9
-22
-56
-116
-171
-170
-140
-119
-132
-102
-72
-10
59
71
104
165
251
271
257
267
282
294
305
293
295
311
346
313
280
269
254
257
270
244
280
313
381
366
373
400
425
455
470
448
480
519
605
585
631
700
770
852
917
975
1071
1183
1289
1315
1350
1354
1324
1277
1187
1085
1016
959
872
725
623
530
451
377
260
151
58
-11
-147
-297
-390
-458
-494
-507
-523
-510
-472
-404
-407
-415
-399
-387
-353
-319
-325
-275
-219
-125
-106
-67
-18
17
54
75
60
105
154
245
223
258
307
353
406
441
470
539
630
724
758
836
921
1000
1074
1101
1103
1114
1143
1104
1008
923
877
853
845
824
807
809
829
798
708
626
537
456
387
302
229
193
212
152
115
116
121
153
185
179
223
274
348
347
361
381
388
401
407
380
426
480
577
579
639
706
760
809
828
828
850
878
902
863
878
908
937
963
942
897
869
848
796
705
674
659
663
683
674
690
719
770
755
715
702
688
687
696
687
705
735
805
780
768
779
781
802
822
819
871
949
1082
1165
1285
1423
1544
1650
1698
1661
1656
1632
1629
1526
1465
1404
1330
1245
1120
964
823
686
547
353
218
106
7
-76
-186
-295
-368
-412
-476
-566
-592
-598
-582
-530
-504
-487
-432
-340
-314
-313
-291
-270
-268
-241
-247
-209
-170
-67
-66
-34
0
31
69
96
76
81
81
108
60
40
46
60
92
106
86
121
144
175
116
91
81
72
80
71
52
59
71
78
23
18
22
25
32
5
-25
-29
-16
-43
-108
-124
-135
-130
-111
-116
-87
-36
39
62
59
86
117
159
201
212
269
346
480
506
549
589
588
572
531
460
427
409
428
369
347
346
334
331
304
231
205
170
147
53
3
-23
-30
-10
6
22
72
122
143
78
46
10
-30
-64
-127
-182
-199
-183
-199
-242
-237
-234
-222
-203
-216
-202
-170
-117
-106
-103
-105
-108
-96
-86
-115
-91
-33
84
97
175
290
377
483
582
655
766
891
1053
1135
1253
1374
1469
1549
1569
1497
1403
1258
1065
769
495
239
6
-188
-376
-546
-648
-714
-773
-882
-935
-968
-982
-969
-963
-927
-852
-749
-694
-676
-623
-581
-541
-505
-510
-500
-482
-445
-456
-492
-504
-522
-530
-537
-574
-546
-500
-394
-389
-352
-295
-251
-209
-189
-203
-192
-186
-152
-220
-233
-220
-204
-164
-139
-141
-101
-59
-11
-27
-12
9
30
63
79
92
143
201
233
190
183
169
150
135
97
80
103
162
170
146
147
124
88
39
-49
-116
-156
-161
-196
-238
-250
-268
-279
-306
-342
-346
-329
-288
-318
-310
-281
-233
-186
-154
-157
-96
-57
12
-23
-8
22
32
39
32
11
14
23
28
-31
-59
-80
-95
-87
-95
-103
-62
0
44
22
34
41
41
45
15
-2
14
65
56
15
2
-24
-52
-81
-131
-155
-145
-91
-64
-32
34
96
168
231
237
288
333
414
400
403
414
410
406
386
337
341
351
401
331
311
300
277
266
240
200
191
186
181
121
104
99
94
92
53
2
-10
1
-6
-71
-93
-117
-141
-164
-219
-244
-221
-147
-122
-117
-79
-52
-32
-25
-55
-82
-97
-86
-125
-152
-139
-130
-113
-109
-158
-159
-163
-129
-172
-182
-160
-125
-112
-92
-103
-74
-55
-16
-100
-145
-150
-170
-166
-180
-181
-141
-78
-28
-26
28
85
132
186
214
240
299
366
405
381
386
371
355
328
256
201
178
192
152
91
59
22
-13
-52
-121
-175
-208
-200
-250
-281
-274
-270
-254
-251
-297
-300
-306
-286
-343
-375
-378
-369
-333
-296
-289
-220
-152
-50
-62
-22
25
59
95
102
93
113
138
149
84
55
27
0
-13
-41
-57
-26
31
59
24
17
-4
-29
-52
-112
-146
-147
-105
-117
-144
-137
-130
-119
-107
-124
-128
-125
-93
-147
-179
-172
-160
-129
-102
-114
-84
-54
2
-15
-8
22
54
100
133
116
157
204
231
127
80
39
-6
-35
-63
-86
-66
1
83
80
125
171
200
217
186
146
140
151
128
62
45
32
22
0
-71
-139
-204
-229
-294
-358
-365
-350
-312
-255
-221
-164
-99
0
6
32
80
108
137
147
111
105
96
108
38
-14
-50
-90
-113
-142
-207
-207
-210
-188
-267
-306
-332
-349
-345
-349
-350
-304
-228
-141
-116
-45
27
91
153
174
186
226
289
317
301
322
327
321
301
229
172
130
117
57
-11
-33
-39
-30
-23
-55
-66
-73
-33
-91
-119
-120
-126
-113
-101
-113
-93
-83
-64
-140
-197
-236
-273
-281
-285
-308
-257
-200
-122
-132
-115
-114
-89
-95
-110
-147
-118
-59
7
35
104
152
181
219
187
129
104
98
64
-3
-13
-12
14
28
-1
-12
-9
15
-8
-49
-54
-62
-65
-68
-108
-114
-117
-79
-141
-165
-148
-114
-47
37
115
236
360
498
527
567
600
603
602
568
485
452
418
402
323
292
280
275
281
266
238
242
255
254
184
158
128
93
57
-14
-79
-109
-106
-132
-172
-148
-109
-57
0
16
47
80
118
91
29
-12
-56
-88
-116
-181
-196
-200
-150
-202
-218
-214
-226
-235
-260
-318
-347
-373
-364
-455
-506
-539
-577
-592
-617
-660
-638
-600
-540
-536
-491
-434
-375
-309
-270
-244
-185
-107
-50
-61
-72
-78
-77
-71
-88
-91
-68
-29
-14
-41
-21
-3
41
95
126
163
221
318
366
389
444
496
557
610
607
652
687
760
709
682
661
629
605
585
545
549
557
603
552
562
593
611
633
625
582
581
593
621
597
610
629
644
663
657
646
674
715
737
696
696
692
684
677
632
591
572
576
524
442
397
347
304
270
217
192
196
234
236
231
259
294
357
433
473
575
675
810
832
866
905
929
955
966
949
981
1026
1116
1094
1124
1161
1181
1206
1208
1182
1182
1178
1165
1087
1036
981
915
849
755
653
594
559
517
434
414
410
410
421
412
382
356
377
330
248
206
167
143
117
85
76
70
90
55
5
-23
-74
-111
-153
-244
-276
-296
-258
-290
-285
-259
-230
-189
-165
-158
-85
2
138
165
247
339
413
482
515
516
537
552
559
499
466
428
383
347
290
234
217
212
169
57
-14
-77
-123
-149
-198
-223
-224
-202
-249
-321
-353
-380
-392
-398
-425
-435
-426
-386
-400
-405
-372
-338
-286
-232
-214
-135
-48
74
111
162
223
271
318
338
307
319
322
355
263
217
173
117
59
-32
-147
-243
-335
-428
-575
-667
-732
-778
-800
-840
-875
-864
-827
-814
-850
-834
-806
-764
-712
-695
-660
-612
-541
-546
-539
-539
-552
-577
-591
-625
-639
-612
-539
-554
-545
-482
-434
-380
-316
-292
-208
-129
-18
5
59
106
135
159
156
98
85
56
60
-59
-127
-179
-232
-272
-331
-402
-439
-467
-503
-600
-648
-668
-664
-632
-620
-615
-589
-566
-593
-679
-715
-730
-716
-672
-647
-590
-511
-409
-382
-393
-389
-395
-396
-391
-410
-414
-413
-374
-418
-440
-436
-447
-454
-479
-548
-566
-570
-531
-555
-551
-532
-523
-512
-525
-588
-590
-588
-547
-598
-589
-564
-535
-493
-464
-436
-367
-281
-197
-179
-122
-68
-26
10
-4
-38
-54
-61
-107
-206
-264
-320
-368
-402
-460
-478
-464
-404
-378
-354
-285
-206
-115
-21
56
148
240
342
344
365
391
394
400
367
277
233
176
143
44
-3
-17
-19
-13
-20
-43
-9
17
63
21
23
36
39
51
34
12
16
41
61
17
20
40
73
132
179
243
350
486
584
633
717
787
850
907
928
985
1059
1149
1162
1120
1071
986
870
723
519
331
139
-21
-310
-602
-902
-1234
-1569
-1919
-2291
-2607
-2894
-3129
-3420
-3652
-3838
-4002
-4122
-4229
-4346
-4381
-4398
-4376
-4410
-4377
-4306
-4201
-4056
-3917
-3787
-3629
-3470
-3326
-3255
-3144
-3028
-2908
-2775
-2670
-2561
-2421
-2258
-2146
-2082
-1987
-1904
-1826
-1754
-1721
-1663
-1585
-1478
-1418
-1382
-1322
-1272
-1225
-1190
-1198
-1169
-1137
-1055
-1078
-1072
-1032
-990
-955
-953
-948
-908
-863
-778
-785
-744
-693
-630
-549
-488
-456
-367
-280
-193
-199
-159
-109
-58
1
32
50
105
161
183
118
82
30
-15
-39
-79
-91
-49
37
93
122
187
240
286
329
333
360
404
472
492
483
491
478
452
405
303
245
195
200
104
47
25
8
5
-4
-37
-34
-28
12
-51
-70
-74
-80
-61
-52
-69
-39
-5
34
6
6
6
-2
-5
-30
-55
-29
20
56
22
28
33
38
53
42
48
95
181
222
230
272
301
331
358
347
351
378
437
458
456
468
456
424
357
219
121
17
-44
-201
-316
-392
-452
-481
-503
-542
-544
-513
-468
-541
-552
-524
-496
-453
-418
-404
-379
-337
-287
-305
-311
-301
-293
-267
-276
-275
-239
-176
-154
-207
-232
-260
-290
-309
-346
-344
-306
-219
-160
-103
9
116
212
293
333
373
426
496
518
524
551
567
588
594
543
538
533
577
540
544
575
599
624
629
598
610
620
666
597
582
581
574
584
582
569
596
626
638
562
495
413
318
227
114
10
-33
-35
-39
-90
-89
-85
-81
-81
-126
-162
-170
-134
-141
-151
-109
-59
2
62
92
132
187
268
293
313
371
431
513
595
628
705
767
849
833
832
846
853
866
869
837
858
875
925
851
830
820
814
815
785
734
726
737
735
658
603
510
379
264
113
-46
-140
-180
-216
-282
-295
-310
-304
-303
-343
-362
-354
-306
-310
-326
-284
-234
-160
-81
-20
42
106
178
172
166
192
214
241
254
220
235
252
305
281
278
298
324
372
419
435
505
566
656
627
650
682
704
729
728
711
718
731
739
678
651
621
585
555
504
461
467
508
538
532
576
619
655
678
646
621
612
636
605
564
570
590
630
675
686
695
698
720
655
597
572
547
543
535
488
490
503
550
523
517
531
546
583
619
624
692
753
838
808
821
835
840
850
836
814
826
853
908
903
938
940
960
986
982
994
1035
1110
1148
1156
1195
1226
1255
1279
1249
1226
1200
1224
1200
1160
1160
1166
1186
1218
1225
1242
1254
1280
1182
1093
1024
941
870
796
690
631
586
576
505
461
440
421
430
435
406
445
488
565
550
585
624
655
692
711
721
759
804
842
805
807
807
803
806
785
768
786
824
819
761
730
682
626
571
484
429
404
420
389
346
344
355
378
402
391
399
401
427
341
272
230
182
154
131
93
105
135
204
205
238
289
329
384
429
444
527
607
692
668
662
638
588
531
449
359
299
248
190
68
2
-49
-85
-103
-113
-127
-140
-122
-131
-182
-192
-204
-207
-232
-278
-300
-305
-303
-335
-381
-382
-388
-358
-317
-289
-230
-161
-49
-48
-27
10
37
89
132
153
223
299
404
415
445
474
478
469
432
351
329
312
315
252
238
242
254
277
282
282
321
379
439
443
504
576
652
736
784
825
881
949
962
926
921
900
861
794
659
519
371
229
37
-171
-340
-496
-618
-705
-796
-814
-807
-744
-787
-802
-796
-797
-780
-765
-775
-751
-720
-658
-689
-683
-663
-655
-634
-628
-653
-619
-572
-504
-490
-432
-364
-293
-211
-146
-87
14
129
230
265
344
424
506
592
643
689
742
794
769
697
656
581
508
435
324
221
128
70
-51
-209
-324
-442
-565
-665
-782
-827
-846
-798
-843
-823
-779
-738
-677
-614
-562
-465
-364
-221
-193
-121
-44
17
81
117
110
134
153
166
114
92
69
41
9
-57
-138
-178
-198
-224
-297
-302
-286
-261
-235
-252
-272
-277
-263
-304
-370
-389
-401
-399
-387
-402
-393
-362
-304
-287
-291
-271
-257
-236
-219
-246
-212
-170
-77
-84
-71
-52
-53
-56
-79
-137
-160
-180
-157
-235
-251
-244
-241
-226
-229
-244
-212
-165
-110
-106
-58
4
68
135
171
194
256
345
431
469
556
638
707
762
765
764
774
798
750
662
597
511
422
333
212
137
73
51
-42
-112
-154
-209
-236
-281
-367
-399
-400
-374
-442
-484
-511
-540
-563
-611
-677
-684
-696
-657
-714
-689
-627
-555
-457
-368
-292
-187
-76
30
66
125
177
219
259
268
259
274
293
278
193
143
87
32
-14
-92
-151
-185
-186
-250
-339
-392
-441
-475
-500
-541
-558
-550
-507
-518
-531
-520
-523
-520
-528
-584
-580
-563
-498
-503
-469
-406
-345
-287
-254
-270
-240
-214
-152
-204
-191
-152
-110
-52
-13
9
55
100
127
76
53
25
-19
-70
-161
-264
-329
-369
-422
-520
-566
-601
-617
-605
-605
-573
-514
-424
-400
-398
-360
-324
-285
-249
-238
-211
-161
-73
-49
-15
43
106
171
182
158
190
217
276
255
258
254
263
266
250
164
137
98
99
-23
-59
-59
-28
27
81
135
216
294
344
305
294
272
234
213
165
119
109
123
108
47
24
-5
-43
-87
-174
-248
-304
-324
-399
-489
-540
-585
-619
-644
-681
-686
-662
-585
-580
-556
-504
-469
-431
-417
-451
-438
-413
-352
-358
-342
-303
-262
-197
-142
-133
-75
-40
1
-81
-122
-149
-169
-166
-166
-163
-125
-77
-35
-62
-52
-43
-38
-28
-48
-69
-57
-27
-33
-95
-124
-161
-200
-238
-314
-360
-380
-365
-404
-461
-483
-502
-512
-518
-547
-553
-541
-480
-500
-484
-432
-385
-325
-278
-273
-234
-181
-79
-77
-42
28
97
170
215
213
245
245
278
215
169
139
109
84
35
-30
-68
-86
-114
-213
-263
-303
-334
-346
-376
-382
-346
-278
-234
-226
-177
-138
-112
-104
-148
-181
-200
-185
-215
-248
-240
-228
-213
-202
-224
-218
-206
-154
-206
-228
-215
-198
-160
-129
-126
-88
-40
41
52
99
171
244
341
427
467
548
594
617
521
437
339
229
122
-1
-124
-204
-258
-307
-411
-457
-490
-520
-536
-572
-590
-561
-498
-471
-482
-456
-436
-415
-396
-419
-418
-398
-345
-335
-343
-324
-316
-317
-333
-395
-423
-438
-395
-449
-468
-461
-460
-445
-434
-452
-439
-425
-380
-417
-411
-385
-378
-341
-367
-429
-466
-469
-444
-480
-447
-408
-363
-305
-236
-186
-95
20
119
136
171
169
147
117
21
-84
-168
-222
-307
-408
-444
-461
-454
-437
-451
-434
-395
-329
-310
-311
-298
-305
-327
-368
-456
-499
-534
-513
-586
-604
-574
-532
-470
-419
-401
-362
-332
-288
-359
-403
-441
-492
-526
-570
-633
-631
-616
-588
-622
-617
-602
-584
-554
-542
-534
-481
-411
-354
-363
-334
-313
-301
-289
-313
-328
-307
-251
-235
-245
-211
-184
-159
-144
-172
-184
-176
-139
-141
-153
-125
-87
-30
25
35
94
155
258
251
267
297
311
320
307
252
230
213
234
153
125
113
94
95
84
59
85
120
153
125
129
96
72
61
22
-12
2
40
45
3
-14
-34
-78
-112
-175
-211
-219
-170
-155
-159
-130
-108
-90
-83
-120
-153
-169
-156
-181
-218
-204
-181
-135
-94
-98
-54
-14
56
24
22
52
94
160
226
266
348
428
540
531
564
603
627
662
681
689
740
799
851
828
820
796
751
694
601
500
443
417
387
313
295
288
292
312
310
330
383
473
513
542
623
713
813
911
968
1024
1086
1165
1189
1199
1227
1242
1260
1259
1195
1169
1131
1122
1016
925
851
780
734
695
640
642
647
692
617
588
563
523
488
433
364
329
303
271
171
106
50
4
-24
-63
-79
-89
-84
-82
-131
-128
-116
-90
-63
-80
-66
-23
33
43
45
89
132
179
230
254
276
296
336
310
280
278
269
283
289
246
261
277
321
283
272
295
342
414
475
491
544
580
628
534
474
403
307
207
80
-53
-142
-204
-248
-333
-362
-380
-405
-430
-487
-551
-577
-576
-593
-649
-644
-626
-597
-555
-546
-514
-456
-365
-338
-331
-288
-242
-183
-121
-86
-46
2
76
72
73
99
115
143
166
147
174
200
249
208
173
138
88
50
6
-64
-58
-39
28
-10
5
20
15
-2
-57
-133
-172
-177
-155
-173
-138
-98
-67
-42
-59
-85
-80
-55
-55
-110
-86
-103
-111
-136
-177
-197
-209
-181
-232
-319
-374
-399
-427
-450
-477
-482
-474
-446
-520
-583
-605
-645
-667
-694
-749
-756
-752
-715
-743
-748
-732
-712
-670
-630
-615
-535
-449
-335
-328
-285
-256
-253
-271
-339
-442
-526
-594
-656
-767
-811
-828
-822
-790
-774
-747
-672
-563
-479
-443
-376
-328
-297
-281
-318
-332
-322
-275
-277
-293
-276
-266
-258
-251
-269
-256
-234
-174
-215
-235
-229
-229
-209
-190
-201
-170
-134
-67
-76
-64
-45
-44
-43
-67
-136
-145
-153
-134
-203
-229
-246
-261
-268
-300
-347
-362
-359
-352
-406
-408
-407
-413
-419
-465
-518
-553
-578
-644
-744
-782
-795
-775
-731
-713
-657
-581
-469
-443
-427
-369
-315
-256
-203
-197
-180
-134
-60
-94
-110
-89
-70
-26
2
6
53
93
149
121
124
143
146
139
100
5
-40
-99
-129
-232
-286
-332
-371
-406
-459
-525
-555
-563
-569
-631
-630
-608
-566
-498
-442
-371
-268
-140
-47
15
124
230
337
436
482
535
582
629
598
522
454
365
262
140
-28
-162
-297
-398
-636
-880
-1141
-1449
-1776
-2124
-2492
-2803
-3080
-3301
-3585
-3804
-3981
-4136
-4247
-4341
-4429
-4428
-4390
-4310
-4269
-4164
-4032
-3890
-3744
-3633
-3549
-3449
-3357
-3288
-3288
-3235
-3167
-3082
-2976
-2896
-2815
-2715
-2599
-2532
-2493
-2404
-2302
-2181
-2049
-1955
-1844
-1722
-1581
-1494
-1440
-1373
-1312
-1229
-1180
-1186
-1120
-1052
-940
-938
-909
-869
-855
-825
-807
-829
-804
-764
-685
-700
-667
-601
-537
-459
-399
-364
-274
-170
-54
1
106
224
327
428
485
505
535
549
516
396
307
216
138
77
5
-42
-49
-29
-67
-143
-180
-214
-229
-226
-242
-227
-187
-122
-107
-124
-130
-153
-176
-206
-282
-300
-302
-239
-257
-225
-158
-86
-3
65
98
159
217
310
296
333
380
408
436
429
381
362
343
322
238
190
157
133
125
96
58
58
68
58
-13
-31
-29
-5
39
55
85
139
222
245
236
263
287
323
366
387
427
484
563
595
609
642
655
661
650
582
555
507
529
417
329
251
194
153
98
21
-22
-93
-123
-245
-313
-360
-381
-378
-381
-409
-395
-376
-338
-363
-336
-286
-217
-122
-38
41
155
263
330
329
367
414
472
538
575
623
685
763
754
695
648
577
503
423
308
201
113
63
-23
-97
-129
-161
-181
-210
-289
-307
-313
-271
-304
-298
-258
-206
-135
-71
-36
53
142
271
282
348
422
483
544
574
578
605
631
652
614
618
628
636
655
646
620
617
618
585
487
431
378
336
309
252
219
212
243
221
186
187
182
181
180
156
156
183
246
248
250
278
297
333
366
353
381
394
422
363
324
310
299
308
295
237
205
175
191
88
43
16
-20
-46
-57
-81
-75
-56
-24
-44
-3
46
104
203
276
346
454
575
653
655
667
660
638
625
573
559
578
641
642
631
648
649
632
593
517
453
409
415
365
352
391
434
492
538
536
575
613
676
665
675
708
745
797
836
829
867
880
893
764
660
553
444
356
271
199
174
168
166
105
94
95
102
124
128
147
219
324
403
431
496
550
595
627
607
600
610
654
644
620
627
622
604
570
500
445
399
393
308
259
259
271
312
357
373
433
495
582
595
634
695
753
823
877
884
941
975
1011
942
921
880
806
754
667
560
495
448
416
314
281
260
242
247
240
246
293
359
414
433
491
540
583
616
598
598
614
668
673
647
656
670
691
711
700
714
741
813
781
774
782
773
760
722
637
576
507
457
332
250
212
198
223
243
225
266
295
331
264
220
172
118
74
19
-35
-36
-8
31
15
52
90
120
150
151
157
201
274
314
315
361
408
459
506
508
529
565
629
643
636
660
685
715
740
726
738
751
810
767
761
788
816
861
892
884
895
901
919
827
735
637
527
445
369
281
268
263
272
196
151
112
77
57
17
7
10
14
7
-53
-69
-88
-99
-100
-157
-196
-183
-135
-123
-115
-56
7
56
102
87
95
99
127
106
67
63
70
93
129
119
153
200
295
286
313
363
415
491
565
618
692
751
819
768
736
703
651
608
544
447
410
393
403
358
350
349
339
321
272
216
204
208
197
118
85
58
35
13
-48
-107
-135
-129
-154
-195
-182
-163
-140
-124
-152
-169
-178
-165
-193
-231
-228
-211
-172
-124
-110
-43
26
131
112
108
111
106
111
109
73
60
33
24
-101
-191
-267
-347
-400
-449
-498
-475
-424
-350
-328
-266
-195
-125
-48
6
54
139
238
318
326
384
431
449
440
387
337
299
286
234
146
97
76
59
32
-21
-49
-61
-48
-82
-121
-93
-64
-21
26
33
96
156
245
227
221
236
235
235
207
133
82
27
4
-132
-213
-274
-335
-371
-416
-473
-480
-466
-436
-452
-425
-385
-342
-285
-251
-222
-151
-57
29
57
133
206
267
310
290
245
193
152
49
-73
-141
-191
-212
-212
-220
-191
-122
-15
47
100
187
280
393
502
545
610
630
646
535
432
347
263
191
115
12
-44
-94
-96
-198
-228
-229
-228
-215
-229
-275
-307
-347
-401
-521
-603
-670
-726
-764
-822
-878
-888
-866
-843
-853
-798
-733
-666
-600
-579
-563
-519
-444
-428
-447
-386
-320
-251
-176
-152
-122
-100
-40
-47
-65
-59
-56
-35
-18
-59
-26
17
93
86
98
124
142
163
165
134
161
186
264
229
237
241
225
210
172
124
106
104
108
64
74
104
143
195
217
228
271
329
358
328
337
335
320
289
200
110
30
-28
-150
-287
-380
-459
-513
-546
-583
-589
-566
-503
-505
-508
-487
-477
-453
-438
-465
-436
-400
-326
-329
-316
-294
-282
-259
-245
-258
-201
-132
-18
-11
45
100
135
168
168
146
142
138
115
13
-60
-134
-209
-264
-327
-374
-372
-337
-315
-325
-271
-201
-115
-20
35
103
175
253
248
208
193
167
183
194
162
159
183
240
208
190
203
175
169
149
75
11
-46
-78
-180
-279
-349
-431
-491
-576
-691
-728
-742
-700
-741
-712
-656
-613
-576
-561
-560
-528
-484
-439
-451
-406
-354
-301
-246
-227
-221
-190
-146
-141
-187
-185
-173
-141
-91
-67
-16
57
160
203
225
276
323
373
422
438
466
487
528
458
396
352
291
241
190
115
98
105
154
142
163
203
232
259
250
174
139
89
67
-41
-88
-109
-117
-109
-118
-133
-114
-85
-65
-118
-132
-148
-168
-178
-212
-243
-248
-243
-283
-371
-412
-439
-442
-426
-438
-416
-374
-307
-298
-314
-302
-292
-277
-260
-269
-245
-215
-134
-155
-176
-183
-203
-207
-220
-252
-219
-186
-123
-108
-62
-27
-1
31
35
-12
-12
-23
7
-42
-37
-5
42
103
139
153
197
228
234
156
119
76
35
9
-25
-34
7
89
146
168
234
288
334
368
345
322
292
265
167
29
-88
-207
-318
-419
-533
-583
-599
-541
-566
-539
-479
-435
-395
-376
-397
-395
-396
-369
-425
-442
-438
-442
-430
-435
-470
-444
-408
-349
-352
-307
-244
-174
-93
-34
6
73
146
202
191
223
258
295
346
370
395
438
495
507
488
512
531
550
566
544
549
573
616
605
561
535
504
476
444
373
351
344
398
345
318
307
280
246
216
140
101
30
17
-87
-141
-143
-151
-128
-124
-132
-111
-98
-85
-146
-178
-204
-237
-237
-241
-259
-237
-207
-192
-241
-240
-221
-181
-121
-98
-75
-39
5
-24
-107
-159
-213
-248
-271
-310
-309
-270
-191
-147
-119
-60
-6
48
86
73
105
136
214
189
201
231
243
246
225
173
157
151
188
132
139
176
214
269
306
316
369
424
471
442
435
426
418
423
404
372
369
369
338
228
147
59
-23
-83
-154
-196
-196
-165
-190
-249
-270
-291
-295
-283
-283
-248
-181
-88
-43
-21
22
55
91
112
78
93
107
165
127
121
136
150
181
209
213
261
310
390
344
365
392
369
376
377
356
370
378
379
289
251
214
186
156
123
88
103
125
151
123
150
168
187
216
221
248
302
388
423
423
451
474
496
518
510
516
535
583
576
558
561
547
528
482
368
294
215
176
53
-30
-72
-97
-101
-114
-167
-178
-195
-174
-261
-276
-257
-224
-167
-121
-90
-28
44
116
135
202
287
374
466
528
580
666
766
835
835
865
881
885
884
845
823
826
864
849
824
838
845
853
853
819
794
786
808
774
740
742
745
773
804
793
833
873
944
931
942
979
1024
1089
1147
1163
1223
1269
1338
1275
1252
1234
1211
1205
1181
1152
1157
1132
1101
1019
988
964
940
944
913
875
898
937
917
838
793
733
666
597
482
394
321
282
189
91
46
13
-4
-3
-26
-30
-14
44
34
39
74
108
171
233
253
319
388
494
523
572
635
686
740
771
753
785
806
847
760
715
673
621
574
504
424
375
337
295
187
123
70
19
-18
-79
-136
-150
-135
-139
-184
-180
-175
-168
-155
-175
-168
-140
-81
-83
-100
-78
-53
-20
9
9
21
44
104
76
62
74
79
101
118
94
107
118
156
118
97
92
88
101
101
56
67
71
97
13
-28
-59
-88
-99
-112
-118
-82
-33
8
-21
-22
3
-4
13
-16
-4
61
161
264
319
417
504
602
658
640
622
599
595
520
405
330
265
192
121
23
-50
-116
-144
-271
-371
-439
-504
-539
-574
-644
-676
-703
-690
-740
-746
-720
-688
-626
-564
-532
-430
-331
-218
-211
-178
-149
-131
-113
-118
-128
-98
-47
7
-2
38
82
120
161
164
162
189
234
239
191
168
123
68
7
-100
-184
-244
-266
-328
-398
-420
-425
-414
-403
-425
-414
-391
-318
-348
-346
-314
-284
-235
-191
-178
-136
-101
-52
-101
-129
-142
-155
-142
-125
-124
-54
7
70
39
32
14
-24
-70
-145
-229
-270
-291
-314
-407
-455
-499
-536
-558
-607
-649
-655
-622
-619
-687
-689
-673
-647
-614
-630
-626
-633
-598
-625
-657
-654
-618
-562
-490
-471
-407
-339
-228
-237
-212
-158
-102
-27
46
110
222
338
464
484
512
535
531
534
508
445
424
398
381
292
236
183
132
97
45
-16
-40
-47
-57
-128
-140
-132
-103
-58
-42
-26
14
72
80
53
73
98
141
199
232
292
375
491
575
651
768
895
1039
1187
1296
1442
1567
1705
1698
1681
1646
1569
1469
1332
1145
972
780
594
277
-32
-353
-700
-1037
-1387
-1749
-2038
-2290
-2501
-2741
-2913
-3044
-3141
-3195
-3241
-3275
-3260
-3224
-3191
-3211
-3181
-3153
-3137
-3128
-3163
-3197
-3208
-3193
-3220
-3261
-3238
-3195
-3116
-2996
-2928
-2832
-2690
-2513
-2371
-2239
-2066
-1910
-1774
-1639
-1548
-1426
-1292
-1106
-1031
-950
-874
-824
-778
-754
-760
-723
-675
-580
-585
-540
-476
-436
-403
-399
-424
-414
-402
-396
-456
-478
-499
-527
-545
-590
-639
-649
-637
-627
-655
-615
-553
-473
-380
-316
-244
-153
-40
13
38
99
150
198
230
212
191
170
154
76
-22
-92
-158
-198
-225
-281
-261
-215
-102
-67
2
87
156
220
267
283
347
421
541
553
614
673
698
706
673
606
567
534
503
417
372
332
286
243
171
91
51
35
9
-61
-68
-57
-29
15
31
60
102
163
157
123
127
127
133
147
141
153
180
219
230
195
202
188
216
246
223
266
290
325
253
212
156
83
34
-18
-90
-104
-113
-69
-121
-121
-95
-72
-40
-34
-42
-15
32
82
76
110
149
191
247
270
289
340
409
462
467
525
588
653
721
749
788
842
917
916
881
870
851
837
829
802
790
795
823
772
697
627
533
444
347
213
144
85
63
-37
-116
-179
-245
-298
-356
-441
-458
-462
-413
-461
-434
-386
-344
-304
-295
-307
-292
-266
-233
-249
-208
-148
-78
5
59
105
182
271
327
325
364
399
433
462
447
450
479
546
557
554
585
608
626
637
618
608
607
633
576
521
481
418
353
280
169
133
88
109
80
76
104
129
161
161
141
170
206
279
275
336
409
453
503
536
543
564
594
622
594
622
665
724
797
848
885
953
1017
1021
939
880
800
716
634
522
449
412
414
360
291
258
235
236
265
292
351
429
543
560
581
615
626
642
648
619
638
671
741
741
760
791
805
819
807
747
743
739
769
701
678
654
612
560
474
373
304
252
203
93
41
14
6
21
14
8
29
62
57
11
20
45
88
145
174
232
312
426
488
533
609
678
742
796
808
836
861
919
870
843
836
808
773
707
593
512
442
419
337
301
308
276
246
223
165
170
179
211
157
138
147
165
177
175
168
198
244
286
275
314
355
393
436
446
457
495
550
579
573
601
630
667
708
713
746
793
866
877
853
850
829
805
772
704
674
660
709
668
674
716
757
813
857
861
886
900
930
866
833
817
799
801
790
736
730
715
708
623
578
545
524
520
501
477
498
545
601
610
679
760
841
925
975
1025
1099
1182
1205
1171
1160
1134
1110
1094
1054
1051
1072
1120
1119
1094
1093
1087
1081
1068
1011
984
944
934
805
706
635
564
511
455
378
339
310
325
269
280
327
368
411
417
364
383
360
344
247
202
163
115
90
51
-2
2
53
90
58
90
133
191
258
306
367
476
593
652
656
675
662
636
603
544
509
502
531
528
519
549
579
617
644
620
640
653
709
653
618
592
547
500
438
347
295
254
255
160
118
96
68
56
27
-34
-55
-74
-85
-151
-179
-198
-213
-212
-228
-253
-246
-228
-230
-297
-314
-318
-315
-300
-310
-298
-242
-149
-101
-86
-38
-2
31
57
45
51
74
120
125
119
152
193
250
302
299
334
352
403
346
318
317
318
331
332
303
307
303
326
234
197
184
171
175
162
125
126
131
133
70
31
4
-25
-36
-85
-118
-89
-42
-6
-29
-26
-45
-48
-57
-98
-117
-85
-11
20
19
56
100
133
152
136
133
148
190
178
160
163
162
156
142
68
41
2
11
-65
-101
-106
-103
-77
-48
-46
-1
39
108
54
50
57
58
72
71
60
92
141
192
183
211
253
296
347
369
380
422
469
481
421
393
360
330
315
278
267
294
371
411
457
563
680
805
923
995
1051
1093
1137
1099
1033
971
876
765
620
404
228
50
-80
-277
-429
-539
-632
-696
-749
-815
-811
-797
-745
-815
-837
-848
-865
-863
-872
-884
-858
-816
-773
-789
-767
-741
-719
-685
-669
-646
-577
-471
-365
-327
-260
-167
-79
2
41
81
140
214
242
251
282
312
348
381
382
376
386
416
371
334
334
336
369
404
396
441
478
529
509
522
559
596
636
648
603
594
561
553
418
324
224
111
11
-99
-203
-259
-287
-300
-360
-364
-353
-339
-315
-326
-351
-351
-336
-348
-399
-392
-375
-352
-336
-373
-400
-411
-387
-419
-463
-465
-463
-450
-432
-433
-413
-375
-301
-307
-296
-257
-228
-188
-163
-186
-168
-149
-101
-131
-143
-143
-147
-137
-135
-167
-133
-99
-32
-74
-79
-86
-97
-94
-97
-92
-33
60
166
212
300
384
453
517
543
559
600
652
664
622
620
614
602
622
570
529
507
537
514
469
464
456
421
391
347
320
290
315
249
215
203
196
202
215
172
158
135
135
56
4
-25
-44
-50
-59
-87
-32
37
135
132
167
200
212
218
186
138
121
112
96
8
-37
-80
-128
-170
-241
-306
-330
-323
-338
-380
-361
-327
-281
-231
-225
-198
-150
-63
-22
4
62
120
180
231
239
261
276
318
245
192
166
137
124
103
48
27
9
16
-57
-102
-125
-149
-144
-133
-137
-58
32
147
174
231
281
314
338
322
280
256
232
193
85
27
-21
-59
-80
-125
-170
-185
-176
-195
-241
-235
-223
-202
-183
-213
-235
-258
-270
-323
-386
-402
-407
-377
-322
-296
-228
-151
-55
-86
-74
-55
-65
-68
-71
-97
-75
-47
11
9
33
60
60
47
-9
-116
-173
-209
-222
-288
-310
-309
-299
-268
-249
-218
-130
-21
83
116
191
260
313
352
335
300
278
269
211
116
67
22
-7
-32
-98
-149
-186
-191
-229
-271
-269
-256
-226
-188
-179
-115
-40
84
99
144
205
243
275
285
259
264
272
309
246
219
204
173
149
101
18
-14
-38
-45
-107
-129
-146
-171
-196
-250
-313
-334
-335
-339
-398
-400
-386
-359
-316
-309
-303
-280
-245
-270
-334
-364
-395
-414
-420
-444
-440
-418
-378
-390
-427
-433
-429
-394
-344
-308
-212
-122
-14
15
67
131
191
236
266
246
269
282
322
260
247
248
236
220
197
156
163
194
248
258
316
386
456
532
578
589
623
657
662
599
585
584
593
615
609
623
666
732
727
670
624
547
451
335
179
40
-75
-154
-265
-378
-449
-508
-534
-545
-586
-558
-518
-424
-424
-398
-356
-318
-267
-218
-191
-120
-49
58
51
94
150
196
255
294
309
360
417
482
500
566
645
723
805
851
869
899
913
883
771
686
586
476
357
187
14
-140
-260
-417
-569
-650
-699
-706
-683
-662
-609
-528
-424
-372
-333
-276
-242
-216
-210
-262
-270
-286
-268
-341
-400
-415
-455
-507
-550
-597
-580
-551
-470
-494
-483
-435
-386
-320
-290
-261
-202
-130
-76
-70
-36
14
51
101
130
158
217
278
303
272
278
287
313
351
364
398
456
544
564
543
542
526
513
502
466
447
450
490
476
468
497
521
558
587
566
593
618
678
657
662
688
711
744
767
754
795
836
919
886
913
961
1007
1067
1110
1142
1200
1261
1306
1277
1281
1293
1311
1345
1350
1340
1351
1366
1346
1264
1221
1178
1139
1109
1048
1011
1002
1028
986
919
885
851
828
813
785
781
805
870
871
879
909
911
900
852
739
667
603
585
512
479
478
479
494
494
453
483
517
570
510
507
520
526
543
557
548
557
598
630
577
577
595
618
654
663
664
717
780
806
783
802
825
857
896
912
943
989
1049
1036
988
956
900
839
779
696
637
595
590
500
417
348
254
161
56
-84
-176
-258
-299
-396
-452
-470
-479
-468
-468
-502
-462
-420
-347
-381
-372
-364
-367
-369
-401
-452
-479
-493
-504
-569
-572
-554
-526
-481
-458
-431
-364
-275
-219
-209
-151
-92
-30
31
48
79
116
172
156
108
76
26
-37
-113
-231
-333
-424
-463
-579
-650
-672
-687
-680
-679
-711
-702
-689
-647
-672
-654
-604
-553
-493
-459
-476
-438
-412
-370
-429
-452
-482
-498
-511
-531
-576
-549
-512
-493
-535
-551
-563
-585
-575
-599
-615
-588
-537
-524
-562
-584
-598
-602
-610
-650
-657
-636
-577
-563
-559
-513
-451
-380
-304
-262
-195
-126
-15
-7
24
78
114
155
176
153
149
136
142
60
11
-11
-33
-33
-47
-105
-110
-119
-107
-173
-195
-205
-212
-212
-234
-265
-263
-253
-258
-337
-375
-414
-453
-481
-531
-557
-527
-455
-412
-408
-373
-362
-373
-413
-518
-614
-694
-738
-812
-888
-914
-923
-914
-902
-925
-911
-897
-838
-889
-905
-892
-881
-856
-838
-849
-829
-801
-733
-738
-687
-603
-520
-427
-359
-337
-274
-224
-174
-205
-205
-198
-189
-165
-152
-134
-63
29
137
170
209
258
309
351
350
347
383
424
440
409
403
345
281
201
80
-30
-86
-86
-87
-84
-19
72
190
311
382
486
585
715
732
803
919
1051
1203
1353
1477
1641
1799
1982
2054
2164
2287
2397
2512
2582
2590
2611
2590
2524
2342
2150
1931
1686
1432
1145
841
567
293
-5
-370
-684
-991
-1294
-1583
-1889
-2160
-2369
-2512
-2670
-2829
-2920
-2993
-3040
-3071
-3123
-3148
-3147
-3108
-3094
-3083
-3028
-2959
-2864
-2753
-2677
-2547
-2418
-2238
-2145
-1997
-1806
-1610
-1406
-1223
-1085
-934
-817
-704
-727
-721
-717
-734
-748
-791
-867
-904
-938
-977
-1083
-1162
-1239
-1317
-1380
-1452
-1514
-1522
-1506
-1504
-1567
-1588
-1614
-1652
-1683
-1737
-1800
-1819
-1781
-1765
-1752
-1675
-1568
-1456
-1354
-1264
-1160
-1066
-934
-836
-749
-635
-537
-450
-377
-376
-335
-295
-212
-227
-219
-202
-183
-158
-136
-139
-93
-52
21
-34
-45
-42
-53
-49
-60
-79
-47
1
54
43
57
62
51
42
10
-18
6
65
126
142
200
248
279
302
285
280
302
354
352
329
344
352
361
363
329
304
296
316
285
248
238
220
213
197
127
101
68
65
-29
-96
-133
-157
-153
-145
-162
-122
-80
-2
-41
-27
-2
11
33
38
36
78
135
183
155
148
128
85
29
-69
-174
-226
-240
-255
-303
-287
-251
-201
-145
-132
-107
-60
18
28
41
62
84
67
64
26
-11
-16
-4
-54
-98
-73
-50
8
83
127
238
355
493
556
642
727
804
885
956
995
1093
1189
1318
1318
1346
1367
1365
1352
1304
1231
1188
1152
1112
997
907
811
705
603
471
335
239
165
68
-79
-179
-273
-362
-446
-565
-656
-708
-703
-737
-775
-764
-739
-690
-626
-573
-500
-414
-299
-267
-237
-188
-153
-106
-62
-51
14
83
175
181
197
223
244
283
321
338
428
515
624
599
593
569
515
452
356
246
172
124
99
43
59
100
151
214
243
263
311
376
411
402
442
485
535
585
593
620
658
714
698
652
629
595
557
514
447
411
388
362
270
212
181
149
130
114
51
63
68
101
35
-3
-29
-52
-71
-80
-112
-70
-36
25
-14
-3
20
41
73
89
94
131
201
286
321
406
502
588
675
715
741
778
815
804
743
730
717
712
719
696
701
721
757
720
651
607
561
524
497
456
457
481
554
525
513
522
513
510
490
440
435
447
493
464
458
466
463
471
465
415
424
427
447
373
335
299
259
227
176
117
96
95
101
57
73
99
122
147
137
124
135
157
132
65
49
42
53
76
70
100
156
242
269
265
287
307
333
360
357
389
425
504
477
476
505
545
560
564
554
580
608
665
648
651
657
670
704
702
680
730
785
853
837
852
869
862
836
770
687
648
636
635
601
636
695
775
873
936
992
1062
1142
1176
1158
1174
1186
1202
1224
1205
1208
1222
1247
1207
1130
1073
1011
957
902
806
753
700
683
544
429
334
238
159
87
11
-4
13
86
85
136
209
272
342
384
387
439
490
546
528
540
555
560
560
518
455
424
410
394
327
320
326
340
364
362
370
410
474
487
463
473
471
471
468
423
396
390
416
407
385
396
413
448
495
518
605
701
840
852
869
887
889
899
904
887
901
961
1024
993
971
966
926
866
778
633
516
407
345
226
168
156
166
199
201
174
174
186
161
66
13
-35
-78
-113
-178
-226
-240
-226
-260
-321
-346
-375
-397
-402
-423
-411
-365
-290
-256
-244
-211
-179
-125
-57
-16
91
203
356
394
443
492
516
524
498
425
378
332
334
242
214
210
194
178
125
31
-38
-111
-180
-299
-369
-413
-434
-422
-414
-399
-340
-261
-197
-196
-155
-116
-76
-29
-16
7
53
121
126
104
122
140
165
192
191
210
248
315
341
355
392
418
452
478
454
481
507
570
531
502
473
423
371
309
220
180
138
133
10
-59
-116
-175
-216
-266
-371
-427
-462
-497
-581
-619
-642
-667
-649
-664
-681
-671
-636
-628
-677
-695
-699
-679
-644
-634
-597
-534
-441
-409
-406
-359
-312
-253
-194
-145
-76
18
133
191
230
288
328
371
398
367
381
385
417
360
326
313
302
303
289
229
209
181
192
103
94
118
146
183
186
156
141
128
108
23
-25
-68
-112
-149
-215
-288
-324
-338
-375
-464
-501
-525
-526
-498
-489
-449
-381
-283
-255
-260
-245
-240
-235
-236
-267
-284
-277
-229
-243
-253
-238
-240
-235
-240
-295
-304
-309
-274
-309
-318
-310
-308
-296
-300
-345
-333
-323
-278
-346
-355
-341
-319
-277
-247
-224
-168
-104
-37
-9
31
66
116
170
194
213
269
335
353
326
342
334
331
329
284
255
240
261
222
164
140
113
88
66
22
4
26
101
100
122
179
226
280
310
281
284
272
276
207
161
140
112
91
48
-45
-90
-150
-180
-308
-373
-407
-422
-406
-388
-357
-279
-181
-89
-71
-20
29
74
123
136
137
163
199
199
145
121
89
59
32
-32
-69
-80
-52
-78
-121
-130
-141
-150
-160
-197
-208
-196
-127
-134
-110
-63
-37
-15
-19
-78
-113
-154
-168
-247
-284
-287
-281
-255
-241
-269
-241
-224
-190
-261
-291
-312
-321
-303
-282
-249
-166
-64
30
46
101
156
208
255
306
319
367
418
442
404
375
329
259
158
17
-66
-132
-161
-217
-281
-299
-319
-336
-357
-392
-409
-414
-366
-403
-394
-343
-294
-229
-186
-183
-150
-119
-66
-95
-103
-85
-73
-47
-39
-73
-43
-14
33
-4
-1
5
5
9
-5
-22
1
39
69
26
25
24
20
20
-10
-36
-27
10
8
-31
-25
-18
-9
-1
-36
-48
-38
5
6
-10
8
28
54
70
41
37
30
74
21
9
30
55
104
156
187
253
319
410
408
431
460
472
489
485
453
487
522
561
512
485
450
404
357
286
208
166
131
80
-41
-114
-180
-243
-291
-359
-403
-391
-331
-297
-277
-214
-151
-115
-78
-85
-93
-96
-78
-109
-161
-151
-147
-139
-142
-181
-184
-182
-143
-203
-202
-175
-154
-121
-100
-106
-83
-65
-9
-49
-44
-28
-9
29
53
42
90
141
200
181
172
146
104
60
-11
-92
-128
-139
-147
-207
-214
-221
-228
-224
-249
-263
-245
-203
-212
-256
-260
-270
-274
-274
-305
-307
-283
-232
-222
-227
-199
-167
-126
-102
-144
-163
-202
-206
-322
-405
-455
-492
-498
-494
-504
-474
-444
-383
-426
-416
-383
-351
-295
-246
-213
-127
-29
69
91
124
140
136
125
79
17
-4
-6
-23
-102
-131
-153
-169
-174
-208
-228
-217
-173
-171
-177
-121
-54
25
99
125
163
227
285
274
266
278
275
278
265
197
162
136
148
48
-18
-63
-115
-160
-218
-285
-306
-325
-307
-402
-443
-461
-483
-491
-505
-528
-513
-474
-416
-405
-353
-292
-236
-169
-126
-96
-29
47
101
93
127
159
188
209
176
139
113
113
62
-4
-18
-29
-34
-43
-89
-127
-151
-152
-206
-271
-301
-326
-332
-337
-385
-372
-353
-292
-316
-307
-272
-234
-181
-133
-109
-37
33
140
134
187
251
300
353
383
398
451
518
589
595
625
637
623
597
529
449
417
423
436
418
460
505
539
559
525
490
467
466
403
326
293
264
238
202
125
45
-25
-67
-160
-244
-300
-320
-344
-364
-413
-373
-314
-216
-186
-133
-87
-36
41
93
87
143
193
283
244
268
301
348
399
438
469
538
622
711
748
846
950
1053
1158
1211
1231
1261
1285
1273
1202
1166
1123
1071
1015
914
822
749
713
626
533
489
454
436
431
414
418
440
496
487
498
550
603
674
745
774
845
908
988
977
970
967
948
925
871
762
700
630
595
449
363
299
247
216
173
123
108
114
132
103
130
174
224
281
305
319
360
413
434
407
437
483
540
591
585
574
558
549
459
337
237
133
33
-55
-152
-212
-238
-209
-249
-259
-228
-192
-129
-66
-40
25
98
186
184
175
180
181
182
165
117
124
127
190
144
132
120
93
54
-18
-122
-204
-248
-289
-381
-407
-415
-415
-404
-427
-446
-437
-402
-401
-434
-418
-395
-362
-312
-287
-225
-138
-20
42
88
162
224
278
321
327
351
382
451
422
418
438
441
443
421
354
318
277
257
157
79
15
-55
-105
-162
-251
-268
-275
-244
-295
-290
-271
-258
-257
-301
-379
-439
-494
-551
-666
-718
-755
-785
-806
-860
-914
-932
-919
-928
-960
-928
-880
-819
-750
-713
-649
-567
-457
-402
-372
-321
-280
-244
-217
-229
-219
-207
-157
-221
-268
-301
-355
-405
-465
-553
-597
-626
-615
-671
-687
-682
-687
-661
-639
-665
-652
-608
-536
-537
-479
-416
-347
-287
-233
-196
-128
-44
30
34
88
139
207
273
284
281
297
329
313
248
218
193
183
168
123
110
117
152
134
90
72
51
26
-15
-115
-194
-280
-327
-488
-618
-720
-826
-912
-991
-1079
-1118
-1138
-1112
-1162
-1165
-1142
-1124
-1092
-1082
-1108
-1076
-1040
-990
-1009
-988
-960
-935
-909
-909
-920
-900
-874
-868
-934
-954
-966
-968
-951
-954
-944
-897
-821
-783
-775
-724
-679
-630
-571
-534
-464
-373
-264
-210
-186
-142
-108
-73
-47
-63
-24
27
138
150
203
287
367
456
533
580
657
738
858
890
977
1088
1187
1290
1354
1365
1396
1397
1367
1282
1195
1083
965
851
700
530
394
273
120
-56
-142
-187
-205
-168
-139
-77
13
153
241
309
397
464
510
524
470
398
310
228
70
-128
-310
-520
-752
-1030
-1401
-1757
-2132
-2465
-2886
-3254
-3566
-3851
-4101
-4332
-4560
-4716
-4832
-4875
-4984
-5003
-4970
-4915
-4821
-4726
-4642
-4510
-4369
-4223
-4134
-4007
-3867
-3721
-3563
-3430
-3312
-3165
-3013
-2881
-2812
-2699
-2585
-2464
-2325
-2204
-2060
-1882
-1673
-1518
-1389
-1221
-1055
-880
-707
-576
-451
-334
-222
-181
-171
-145
-137
-125
-118
-159
-151
-158
-142
-248
-351
-454
-577
-700
-833
-985
-1075
-1141
-1139
-1220
-1217
-1175
-1125
-1057
-1013
-1000
-962
-925
-892
-921
-912
-892
-863
-816
-774
-730
-662
-585
-527
-524
-481
-435
-370
-312
-293
-233
-152
-62
-30
-24
7
23
29
20
-3
-27
-39
-19
-42
-65
-59
-66
-57
-66
-119
-116
-99
-37
-54
-44
-6
39
95
136
130
162
188
250
193
194
214
235
273
295
303
344
388
415
362
326
282
231
196
151
122
147
199
235
222
256
286
310
328
305
298
321
386
401
402
438
462
480
491
470
456
452
475
432
388
368
330
286
214
81
-4
-83
-116
-211
-260
-268
-262
-232
-206
-213
-167
-129
-57
-101
-91
-69
-55
-36
-43
-72
-79
-80
-88
-163
-200
-228
-243
-227
-217
-194
-122
-26
46
65
148
222
297
344
385
445
515
619
631
612
600
591
562
528
470
428
403
415
343
302
297
273
261
229
144
98
53
40
-40
-83
-100
-105
-87
-75
-100
-63
-26
39
-12
-18
-12
-9
4
-3
-19
-3
32
71
48
65
82
101
135
154
180
249
340
401
405
442
467
482
489
449
426
427
462
440
404
408
414
422
423
387
364
354
389
349
340
374
413
475
532
552
613
668
738
717
706
710
716
743
756
725
748
756
779
687
628
564
488
421
342
267
239
231
224
154
133
121
111
111
84
63
90
157
207
222
279
330
378
421
418
429
480
555
546
538
574
606
642
674
677
670
681
729
683
644
647
645
671
687
703
773
868
984
1016
1062
1109
1125
1129
1103
1037
1020
988
973
854
770
686
599
524
446
373
350
347
345
280
262
244
218
194
142
99
103
145
166
156
196
241
294
347
351
366
385
429
431
431
484
558
652
743
785
837
874
937
879
849
848
845
863
882
878
906
928
958
883
824
774
714
674
630
561
562
569
591
529
499
471
437
408
360
311
310
340
380
365
405
451
490
529
531
535
571
636
660
639
647
636
616
585
506
444
397
381
330
276
270
291
343
373
370
418
480
583
568
590
613
614
648
676
653
666
680
714
645
600
554
507
463
404
325
319
333
368
340
362
387
410
437
450
457
507
568
625
624
666
706
737
760
745
734
753
800
808
794
832
872
913
939
908
882
867
870
828
768
745
736
752
782
780
828
877
964
928
904
884
849
820
782
714
669
612
575
429
324
233
134
58
-18
-97
-101
-76
-30
-39
-14
19
53
94
112
115
150
193
213
159
141
116
83
50
-23
-91
-129
-136
-188
-258
-271
-268
-237
-189
-166
-125
-72
-3
16
15
41
67
105
139
125
158
172
239
167
124
63
20
-7
-30
-38
1
61
158
170
206
241
260
283
292
286
321
382
449
426
413
380
326
267
173
71
22
14
9
-32
-10
18
46
69
43
4
-28
-47
-128
-231
-286
-332
-360
-383
-432
-467
-481
-468
-496
-525
-516
-500
-458
-403
-380
-293
-203
-78
-58
-24
14
33
50
54
24
34
41
83
10
-9
-13
-24
-19
-24
-39
-13
31
93
114
184
259
322
379
394
384
389
387
347
241
177
115
58
12
-62
-119
-154
-162
-238
-342
-411
-477
-527
-564
-610
-627
-613
-561
-558
-559
-535
-518
-485
-447
-443
-374
-303
-203
-203
-202
-206
-233
-263
-288
-340
-374
-389
-351
-426
-435
-434
-440
-462
-479
-504
-465
-409
-324
-289
-201
-122
-36
45
81
81
101
128
134
92
96
104
124
152
146
169
208
270
258
236
256
284
310
333
328
337
356
391
343
283
239
176
119
49
-66
-126
-170
-165
-225
-259
-272
-288
-290
-301
-340
-313
-284
-222
-279
-290
-300
-329
-362
-425
-499
-538
-558
-567
-617
-598
-553
-501
-448
-441
-460
-460
-454
-480
-557
-584
-598
-593
-569
-570
-540
-481
-382
-342
-322
-271
-226
-180
-137
-124
-100
-65
-2
-28
-50
-52
-74
-93
-127
-200
-216
-215
-171
-189
-181
-157
-144
-122
-108
-127
-83
-45
16
-28
-6
-8
-15
-2
-8
-23
-9
31
60
11
27
56
61
79
70
52
61
86
76
29
27
30
47
75
72
85
104
151
120
55
14
-27
-63
-90
-134
-144
-122
-53
-73
-73
-55
-51
-36
-25
-42
-10
34
111
113
131
156
160
160
128
36
-14
-74
-103
-213
-259
-281
-297
-306
-340
-388
-413
-431
-453
-533
-548
-536
-497
-431
-382
-327
-239
-134
-72
-67
-30
-4
23
48
34
43
71
128
124
93
77
47
17
-9
-52
-47
-12
83
86
118
173
214
259
288
279
302
330
390
376
395
435
471
521
548
522
539
545
564
490
449
411
368
328
258
207
148
106
35
-71
-116
-149
-151
-145
-166
-177
-130
-86
-100
-161
-197
-245
-291
-332
-388
-393
-377
-314
-291
-284
-254
-237
-227
-217
-238
-216
-175
-77
-82
-62
-31
-13
7
10
-26
-42
-54
-33
-92
-112
-116
-127
-124
-140
-197
-197
-194
-177
-233
-248
-250
-243
-215
-194
-176
-122
-61
-18
-48
-31
-13
1
17
3
-4
25
83
103
87
113
132
149
159
132
134
163
228
255
261
292
312
328
332
291
291
290
336
274
241
225
187
143
78
-19
-84
-138
-149
-239
-270
-262
-248
-214
-199
-224
-209
-194
-170
-204
-189
-150
-96
-24
26
62
119
164
166
75
12
-59
-130
-231
-335
-405
-438
-431
-467
-526
-555
-555
-550
-528
-541
-512
-459
-372
-340
-319
-259
-204
-150
-106
-116
-79
-43
41
34
70
130
173
221
245
228
228
224
245
164
127
103
70
54
21
-47
-83
-120
-151
-240
-287
-314
-327
-320
-324
-322
-273
-211
-174
-211
-210
-208
-205
-192
-203
-191
-140
-59
-36
-53
-42
-43
-42
-44
-72
-68
-32
39
79
113
179
236
295
343
340
380
406
462
408
375
362
348
347
333
277
245
201
188
61
-14
-70
-122
-144
-168
-201
-195
-183
-181
-250
-292
-333
-376
-407
-453
-492
-481
-442
-411
-430
-397
-359
-321
-283
-284
-281
-249
-161
-158
-185
-155
-133
-112
-97
-114
-131
-146
-119
-130
-167
-167
-171
-166
-172
-232
-240
-252
-229
-300
-339
-350
-349
-323
-300
-296
-248
-210
-126
-145
-96
-20
55
141
216
279
380
493
595
623
663
686
683
669
620
563
552
571
574
515
480
422
347
264
139
32
-42
-72
-147
-229
-267
-306
-340
-376
-444
-506
-554
-568
-626
-669
-671
-673
-660
-655
-697
-681
-660
-597
-616
-615
-596
-580
-553
-537
-553
