0
-31
-84
-162
-282
-391
-482
-523
-629
-695
-708
-708
-682
-661
-684
-674
-674
-663
-738
-794
-828
-861
-871
-881
-918
-881
-839
-767
-809
-819
-828
-840
-840
-857
-884
-891
-878
-861
-916
-950
-955
-970
-991
-1041
-1109
-1140
-1158
-1182
-1253
-1282
-1305
-1312
-1304
-1329
-1342
-1327
-1291
-1333
-1403
-1445
-1483
-1506
-1524
-1566
-1575
-1562
-1511
-1543
-1537
-1493
-1449
-1384
-1324
-1299
-1242
-1192
-1122
-1135
-1122
-1095
-1080
-1056
-1045
-1069
-1030
-995
-941
-982
-982
-971
-958
-933
-925
-925
-894
-853
-824
-869
-875
-887
-910
-931
-976
-1006
-985
-923
-884
-878
-828
-782
-736
-691
-686
-651
-592
-499
-452
-420
-354
-285
-219
-172
-177
-167
-158
-103
-139
-130
-83
-41
7
36
21
23
13
16
-80
-159
-233
-326
-415
-522
-662
-735
-803
-855
-993
-1098
-1197
-1293
-1372
-1457
-1531
-1555
-1561
-1575
-1655
-1685
-1707
-1735
-1723
-1759
-1805
-1800
-1744
-1716
-1717
-1662
-1598
-1551
-1486
-1450
-1396
-1347
-1262
-1225
-1203
-1168
-1123
-1082
-1033
-1036
-1004
-972
-890
-917
-913
-885
-854
-816
-784
-771
-726
-681
-617
-657
-670
-668
-677
-661
-650
-648
-566
-466
-356
-329
-286
-255
-242
-244
-293
-373
-434
-492
-559
-683
-752
-810
-860
-887
-924
-936
-904
-835
-804
-806
-773
-753
-739
-735
-779
-813
-839
-846
-897
-961
-984
-992
-983
-969
-997
-981
-966
-907
-956
-973
-963
-955
-928
-898
-879
-812
-735
-632
-647
-641
-636
-652
-659
-683
-731
-726
-710
-682
-716
-718
-714
-709
-691
-696
-712
-693
-660
-638
-674
-659
-643
-629
-611
-625
-627
-591
-517
-469
-436
-366
-297
-219
-145
-127
-112
-87
-68
-105
-129
-117
-115
-88
-53
-65
-34
-26
-5
-93
-178
-252
-327
-385
-436
-496
-506
-496
-458
-534
-577
-612
-660
-689
-731
-778
-764
-727
-669
-658
-608
-549
-499
-455
-449
-462
-447
-433
-447
-527
-558
-576
-580
-576
-614
-658
-689
-701
-770
-862
-904
-935
-947
-950
-972
-967
-937
-879
-870
-876
-854
-833
-798
-766
-782
-743
-707
-634
-660
-661
-643
-627
-599
-587
-613
-601
-591
-539
-595
-593
-585
-594
-594
-608
-623
-583
-517
-446
-442
-417
-402
-397
-387
-403
-421
-393
-337
-288
-289
-240
-187
-130
-70
-51
-22
32
123
153
144
144
109
52
-31
-136
-245
-338
-433
-544
-649
-717
-764
-800
-824
-894
-875
-855
-791
-811
-806
-778
-749
-718
-676
-658
-597
-532
-432
-460
-448
-438
-448
-449
-464
-494
-483
-448
-402
-406
-367
-320
-280
-242
-250
-277
-277
-260
-260
-306
-300
-288
-273
-250
-262
-260
-242
-199
-220
-256
-248
-232
-198
-152
-121
-74
-13
73
89
101
131
139
138
113
37
11
-15
-14
-104
-182
-244
-302
-337
-370
-422
-395
-340
-220
-195
-110
-19
55
122
151
151
167
183
181
102
52
2
-51
-93
-157
-216
-226
-206
-205
-249
-245
-237
-230
-230
-282
-329
-366
-379
-455
-546
-596
-638
-668
-689
-723
-726
-695
-610
-585
-540
-431
-334
-258
-173
-117
-18
74
179
195
185
185
157
128
57
-47
-91
-126
-133
-223
-251
-245
-240
-224
-231
-250
-250
-251
-260
-326
-352
-368
-363
-332
-311
-280
-199
-88
3
45
134
223
311
387
401
411
418
436
373
272
185
84
-18
-111
-210
-269
-305
-300
-383
-443
-469
-496
-505
-516
-552
-532
-492
-410
-394
-356
-309
-276
-232
-205
-224
-182
-131
-39
-34
21
83
135
185
203
198
214
237
258
220
239
274
320
384
426
467
531
599
617
571
545
489
412
324
188
72
-30
-106
-241
-395
-505
-595
-655
-689
-726
-714
-673
-571
-557
-511
-436
-375
-306
-253
-240
-185
-118
-53
-69
-58
-32
-21
-5
0
-57
-69
-60
-29
-108
-126
-111
-81
-37
-15
-13
32
83
131
127
186
272
373
485
575
649
733
810
828
782
768
747
734
724
658
594
524
464
347
203
88
-26
-130
-226
-340
-399
-435
-409
-475
-498
-480
-458
-420
-396
-406
-386
-361
-304
-325
-309
-277
-260
-238
-239
-282
-265
-245
-206
-241
-235
-217
-193
-161
-147
-140
-98
-47
-7
-35
-14
10
30
49
32
14
23
56
52
15
22
29
42
60
43
56
97
180
229
257
305
340
375
407
401
439
484
577
558
566
597
623
659
686
686
715
738
776
704
659
614
583
551
525
445
453
469
490
457
430
392
335
302
230
149
111
87
58
-34
-86
-117
-133
-150
-195
-230
-225
-183
-185
-221
-218
-216
-208
-185
-180
-138
-69
24
71
88
123
139
145
133
70
53
43
91
46
47
77
101
126
132
104
105
109
151
98
98
122
145
188
219
223
273
328
387
382
409
447
494
561
612
653
722
786
813
755
726
692
661
645
611
601
632
704
736
747
800
843
875
891
863
849
852
874
840
770
703
604
496
376
201
72
-52
-115
-254
-341
-387
-422
-439
-458
-499
-497
-492
-446
-503
-497
-460
-411
-332
-261
-210
-130
-59
16
20
8
11
17
26
14
-7
20
46
78
44
67
88
140
210
261
309
397
514
572
587
634
672
712
750
755
781
835
914
938
951
977
983
983
977
929
946
957
999
936
894
863
818
768
693
577
501
427
399
270
208
171
132
105
55
-16
-55
-82
-102
-175
-203
-213
-212
-196
-207
-232
-231
-226
-254
-348
-407
-469
-526
-571
-639
-677
-669
-611
-599
-601
-563
-526
-480
-431
-403
-356
-285
-182
-134
-93
-32
9
48
66
26
34
45
99
81
100
149
201
262
308
312
357
392
464
425
448
483
510
551
584
616
689
778
864
882
927
962
976
999
1011
990
1015
1074
1097
1030
964
866
729
568
385
235
98
18
-99
-209
-259
-297
-326
-349
-407
-463
-506
-514
-574
-614
-615
-603
-573
-549
-569
-541
-518
-468
-503
-515
-497
-472
-426
-379
-365
-283
-197
-68
-49
28
123
214
313
387
442
517
589
642
616
617
607
584
565
521
485
500
547
575
550
556
541
504
453
360
290
250
255
216
175
180
189
208
233
238
262
300
370
353
344
360
367
385
390
345
331
309
310
232
172
134
100
92
83
43
70
96
152
101
97
102
101
111
108
109
154
218
277
263
285
303
311
320
299
279
303
360
390
414
450
495
516
563
575
608
679
772
798
796
843
860
874
899
901
931
972
1042
1020
1019
1016
988
953
895
786
705
626
588
491
428
391
349
317
271
191
194
203
243
186
173
175
184
207
212
210
245
295
343
325
358
397
433
472
478
486
528
593
623
610
641
666
694
727
722
738
768
821
821
809
841
877
912
942
936
953
972
1022
950
889
846
788
744
702
649
651
682
763
784
844
928
1012
1119
1220
1283
1399
1494
1581
1553
1529
1473
1373
1242
1062
857
681
511
317
23
-266
-594
-954
-1327
-1730
-2115
-2440
-2706
-2973
-3241
-3425
-3568
-3671
-3746
-3832
-3868
-3854
-3820
-3792
-3750
-3662
-3550
-3420
-3277
-3179
-3020
-2870
-2662
-2562
-2403
-2205
-1995
-1783
-1568
-1383
-1191
-1034
-880
-845
-800
-755
-727
-669
-607
-561
-448
-321
-186
-141
-92
-61
-58
-60
-97
-154
-184
-206
-238
-338
-394
-454
-525
-598
-704
-798
-843
-835
-836
-837
-765
-672
-560
-445
-375
-296
-218
-134
-110
-117
-103
-91
-65
-33
-33
20
82
189
181
200
238
269
318
367
396
460
521
601
571
566
563
548
553
550
526
563
612
674
673
712
761
811
871
907
936
1000
1079
1152
1165
1231
1309
1404
1521
1618
1721
1833
1932
1940
1883
1851
1820
1814
1838
1853
1893
1934
1964
1913
1799
1681
1553
1381
1190
970
802
640
537
346
197
77
-14
-67
-129
-193
-195
-180
-123
-171
-163
-136
-122
-100
-97
-121
-94
-54
-6
-8
25
55
79
102
89
62
75
108
141
120
157
208
268
341
378
416
468
537
543
516
530
548
579
617
627
655
701
768
785
777
794
807
838
874
870
928
996
1116
1140
1195
1272
1347
1433
1506
1547
1624
1696
1800
1787
1823
1866
1885
1897
1870
1801
1749
1692
1626
1487
1363
1223
1065
908
731
558
441
358
275
156
109
85
77
82
57
43
52
93
83
60
85
118
165
220
251
291
339
401
400
379
378
368
370
372
336
360
430
507
496
488
511
530
553
584
581
618
668
794
800
861
956
1047
1154
1230
1282
1360
1461
1553
1591
1667
1750
1825
1894
1914
1904
1894
1872
1802
1652
1530
1398
1256
1116
939
778
651
561
421
272
171
82
18
-19
-58
-68
-56
-14
-32
-53
-52
-64
-68
-76
-119
-100
-74
-12
-32
-31
-16
-7
15
32
24
85
159
284
302
375
450
504
552
567
562
583
617
656
647
693
761
836
923
982
1026
1094
1171
1216
1200
1221
1236
1250
1269
1249
1242
1246
1273
1235
1181
1167
1161
1167
1177
1159
1149
1151
1176
1120
1065
1035
999
985
985
962
1003
1048
1120
1099
1072
1030
968
895
804
641
555
488
468
362
334
328
315
334
321
295
286
289
283
223
204
209
248
305
335
364
425
500
538
517
545
574
614
658
682
734
811
918
969
993
1045
1087
1126
1160
1170
1204
1257
1347
1345
1348
1366
1360
1353
1323
1244
1203
1167
1170
1114
1092
1094
1101
1134
1175
1195
1288
1381
1498
1504
1555
1612
1660
1710
1736
1749
1790
1841
1888
1869
1890
1899
1884
1854
1779
1690
1627
1577
1490
1352
1248
1138
1031
936
818
740
685
655
557
433
341
253
177
109
25
-12
-14
46
23
33
74
108
152
183
181
221
275
366
391
443
505
542
570
565
508
508
503
532
498
497
504
548
599
621
629
655
684
687
634
627
613
607
617
606
599
617
666
678
645
653
662
683
718
718
744
797
886
918
934
979
1012
1044
1073
1070
1103
1144
1229
1210
1207
1212
1177
1122
1029
881
751
621
530
377
277
213
157
125
84
13
7
1
9
-64
-89
-91
-73
-34
-9
9
60
120
163
134
154
181
208
244
249
254
285
338
350
317
310
280
232
175
84
34
26
73
97
120
184
247
312
374
399
466
538
647
626
612
598
555
502
422
304
216
142
114
23
1
27
68
135
195
226
318
423
551
621
740
878
1021
1161
1300
1371
1442
1483
1490
1391
1289
1168
1025
858
671
519
401
307
196
57
-28
-119
-189
-249
-314
-351
-355
-329
-344
-383
-396
-414
-423
-450
-519
-535
-540
-485
-527
-530
-497
-459
-410
-368
-359
-319
-281
-213
-239
-211
-153
-89
4
88
142
239
329
415
428
467
506
540
578
590
588
614
637
625
531
476
420
364
314
233
161
118
104
47
-33
-67
-101
-121
-129
-156
-147
-101
-15
39
77
142
195
246
275
238
234
220
252
187
163
169
184
219
251
253
281
294
325
239
203
186
160
149
124
80
83
99
119
80
76
87
109
150
172
187
239
297
323
280
262
232
180
142
89
56
67
122
118
84
112
121
122
122
101
98
123
166
164
172
202
224
252
262
208
189
146
141
30
-44
-90
-108
-92
-63
-50
21
91
193
169
189
226
266
329
386
434
521
615
707
735
788
826
832
810
732
624
543
481
411
295
232
173
114
58
-35
-114
-170
-195
-273
-360
-391
-409
-408
-393
-389
-354
-283
-171
-103
-45
33
93
152
188
159
162
141
140
43
-22
-49
-53
-25
10
23
87
142
221
166
156
161
169
197
212
216
255
304
349
325
329
324
304
280
220
153
127
129
122
69
69
71
70
62
0
-46
-64
-60
-128
-176
-175
-171
-151
-147
-170
-192
-174
-123
-134
-133
-98
-69
-26
-2
-10
31
60
112
73
41
14
-26
-58
-88
-141
-142
-137
-92
-168
-197
-217
-241
-250
-273
-302
-289
-258
-223
-252
-241
-227
-220
-213
-241
-276
-273
-242
-227
-252
-221
-187
-153
-118
-122
-106
-66
11
33
46
99
151
203
248
260
276
294
332
284
249
251
249
259
258
209
196
172
169
88
33
8
-4
13
36
31
87
132
192
123
86
48
1
-36
-82
-120
-105
-53
17
30
92
157
210
257
262
254
276
325
361
373
445
513
562
576
513
442
369
314
197
78
15
16
26
30
15
27
45
92
53
33
11
-4
5
3
-57
-64
-77
-65
-141
-184
-217
-242
-268
-307
-383
-390
-395
-372
-449
-467
-479
-492
-494
-517
-545
-536
-507
-463
-472
-437
-398
-365
-319
-299
-279
-221
-134
-72
-49
22
95
171
239
244
244
232
234
169
80
26
-20
-54
-84
-142
-165
-171
-127
-178
-201
-193
-190
-177
-175
-211
-211
-205
-171
-211
-222
-215
-216
-205
-211
-254
-226
-189
-120
-133
-103
-67
-36
3
22
41
106
195
287
312
377
424
441
433
363
266
182
116
20
-105
-168
-209
-218
-204
-215
-198
-163
-102
-94
-112
-109
-117
-128
-145
-200
-228
-244
-218
-309
-368
-385
-389
-373
-355
-347
-317
-286
-201
-205
-195
-162
-132
-89
-63
-78
-34
43
141
162
223
286
335
370
350
299
255
216
170
76
38
12
-16
-33
-76
-115
-127
-121
-156
-219
-226
-218
-191
-157
-164
-152
-130
-90
-114
-178
-227
-286
-343
-395
-477
-506
-524
-490
-559
-591
-590
-583
-551
-509
-474
-389
-284
-142
-93
-20
50
87
117
110
59
58
57
60
-13
-55
-86
-109
-113
-132
-153
-132
-93
-58
-80
-44
4
53
95
87
63
48
46
-8
-94
-134
-170
-191
-205
-245
-258
-255
-234
-264
-319
-350
-380
-395
-402
-439
-416
-386
-310
-340
-336
-310
-300
-263
-241
-245
-239
-198
-120
-145
-107
-67
-36
-5
24
19
68
140
235
284
369
432
490
534
524
490
481
478
457
372
341
322
313
297
240
179
133
109
32
-68
-120
-157
-174
-174
-194
-189
-170
-138
-155
-194
-211
-237
-258
-280
-339
-325
-288
-188
-185
-161
-125
-102
-76
-60
-67
-26
25
115
90
107
129
131
138
115
54
14
-34
-87
-199
-265
-309
-334
-331
-335
-339
-311
-277
-272
-332
-344
-344
-328
-292
-284
-266
-227
-163
-157
-181
-173
-175
-176
-176
-203
-212
-201
-166
-180
-213
-225
-247
-257
-265
-312
-296
-270
-193
-200
-176
-126
-79
-26
9
6
45
88
170
165
204
222
240
269
261
218
195
177
128
37
-10
-38
-67
-49
-34
-1
63
162
236
254
293
316
326
330
287
253
250
296
286
257
275
285
296
300
270
247
240
248
197
136
106
71
47
15
-64
-85
-97
-60
-98
-112
-112
-123
-131
-152
-204
-197
-180
-113
-157
-144
-121
-107
-91
-107
-147
-164
-178
-196
-275
-305
-316
-313
-290
-286
-283
-242
-188
-163
-192
-171
-139
-92
-28
13
79
163
263
279
251
239
208
173
134
69
23
3
24
-12
-36
-32
-41
-45
-66
-136
-151
-154
-110
-131
-121
-80
-30
40
101
121
192
250
326
273
263
257
248
247
239
229
225
233
248
213
228
258
306
350
358
385
444
488
498
457
455
453
457
463
449
447
454
486
449
389
353
303
258
198
110
44
7
11
-62
-130
-176
-234
-285
-344
-443
-495
-540
-548
-618
-650
-647
-636
-607
-587
-605
-560
-517
-439
-460
-415
-338
-241
-121
-11
93
225
360
484
531
608
669
698
705
662
605
576
564
519
430
390
349
307
261
167
85
14
-31
-131
-239
-306
-368
-419
-463
-524
-550
-551
-500
-534
-542
-521
-516
-508
-514
-560
-566
-570
-545
-586
-589
-559
-524
-473
-440
-458
-423
-398
-349
-393
-381
-347
-300
-239
-196
-164
-108
-47
0
-33
-1
20
59
89
130
180
259
369
421
419
445
488
516
540
524
529
552
599
576
545
546
525
498
460
388
347
312
319
225
165
133
96
74
41
-22
-51
-72
-67
-138
-179
-196
-208
-192
-183
-209
-178
-156
-125
-189
-218
-238
-255
-260
-283
-312
-307
-289
-276
-329
-332
-321
-302
-264
-243
-208
-132
-29
37
62
121
165
200
225
200
195
205
246
243
218
219
216
217
221
188
190
200
266
238
259
323
392
477
550
587
651
714
800
798
833
890
948
1027
1087
1097
1142
1160
1155
1034
917
790
668
572
480
397
362
346
324
238
197
159
113
61
-35
-135
-190
-222
-333
-456
-517
-571
-605
-631
-678
-712
-692
-639
-614
-622
-586
-554
-515
-499
-512
-478
-437
-353
-371
-349
-291
-233
-164
-108
-79
-35
-6
48
-7
-29
-39
-54
-48
-45
-69
-39
-8
22
-24
-43
-56
-64
-57
-65
-72
-28
43
115
135
209
283
346
402
411
413
432
467
449
397
383
359
327
280
183
101
39
13
-39
-89
-89
-76
-51
-37
-81
-92
-112
-94
-185
-248
-285
-319
-333
-349
-388
-392
-399
-379
-464
-495
-499
-501
-477
-461
-460
-405
-340
-274
-279
-264
-251
-240
-217
-208
-196
-138
-65
-12
-22
12
46
78
113
117
135
186
270
305
314
357
398
453
467
442
443
472
534
566
606
670
718
795
870
866
911
946
1009
962
938
933
938
963
990
995
1032
1052
1074
932
803
643
443
247
44
-159
-294
-402
-491
-620
-706
-780
-851
-912
-990
-1066
-1090
-1085
-1085
-1130
-1118
-1096
-1069
-1037
-1041
-1032
-991
-912
-878
-855
-784
-713
-637
-565
-530
-487
-429
-343
-305
-275
-213
-155
-83
-17
-5
52
93
159
119
92
81
71
80
86
64
91
120
186
132
132
150
167
205
229
242
300
384
481
525
603
676
738
796
809
801
825
861
865
792
744
680
606
531
418
319
240
195
96
-16
-79
-133
-179
-230
-311
-378
-435
-429
-509
-566
-602
-600
-570
-549
-561
-540
-531
-499
-533
-575
-605
-623
-618
-608
-625
-586
-534
-432
-463
-445
-421
-408
-392
-397
-411
-384
-339
-292
-304
-271
-230
-190
-143
-119
-99
-40
42
106
125
190
248
297
339
337
349
388
465
490
504
557
613
677
735
761
795
841
912
893
848
799
715
630
534
402
337
293
290
212
154
114
63
10
-75
-223
-327
-437
-509
-685
-792
-870
-937
-982
-1035
-1082
-1082
-1049
-999
-1002
-958
-913
-876
-835
-821
-803
-741
-649
-575
-539
-452
-363
-270
-176
-126
-63
7
97
117
113
139
162
189
220
233
269
324
421
435
464
521
571
641
715
759
807
871
969
978
998
1021
1035
1048
1079
1068
1132
1183
1270
1239
1239
1200
1128
1042
921
781
681
606
548
442
390
351
309
267
180
91
31
-5
-67
-153
-175
-173
-161
-150
-188
-207
-211
-182
-204
-233
-220
-196
-159
-117
-99
-59
-14
63
37
30
49
60
84
102
94
136
190
279
295
329
365
376
386
370
307
307
307
335
274
255
237
208
179
124
60
32
20
7
-69
-93
-106
-114
-113
-142
-176
-186
-179
-207
-272
-281
-276
-251
-214
-213
-188
-153
-101
-110
-145
-152
-157
-155
-148
-160
-128
-75
29
24
43
85
118
165
201
200
222
238
265
202
175
119
37
-18
-87
-193
-229
-249
-250
-339
-367
-377
-411
-435
-483
-546
-580
-606
-633
-718
-748
-762
-759
-735
-734
-733
-705
-642
-617
-634
-603
-565
-515
-455
-430
-382
-316
-237
-227
-256
-275
-297
-307
-306
-330
-302
-258
-161
-164
-130
-78
-47
-22
-16
-41
-33
-18
29
-12
-17
-10
-21
-20
-30
-71
-57
-39
-5
-41
-41
-33
-31
-27
-48
-83
-84
-73
-71
-128
-128
-111
-84
-47
-44
-41
-15
30
29
-3
13
32
60
91
85
92
101
121
91
42
24
3
-15
-33
-92
-108
-131
-117
-218
-293
-345
-403
-451
-509
-592
-634
-659
-635
-692
-691
-662
-636
-596
-588
-577
-553
-512
-470
-459
-402
-340
-268
-208
-196
-196
-136
-79
-44
-67
-47
-22
-6
10
2
26
69
139
153
135
156
176
209
256
274
311
354
398
369
290
208
99
-25
-169
-358
-487
-588
-614
-716
-765
-775
-775
-751
-724
-712
-649
-574
-457
-442
-374
-291
-220
-144
-96
-80
-27
31
90
90
127
175
224
285
327
364
435
513
571
566
609
661
712
760
758
746
744
760
714
641
612
587
580
586
573
586
623
687
703
699
713
713
713
706
660
682
725
832
860
927
1019
1109
1212
1313
1396
1535
1685
1876
1950
2071
2197
2290
2368
2393
2362
2324
2250
2137
1937
1765
1582
1379
1114
796
446
99
-249
-625
-1057
-1438
-1772
-2091
-2373
-2658
-2874
-3020
-3092
-3204
-3306
-3329
-3342
-3341
-3324
-3320
-3280
-3197
-3070
-2968
-2863
-2721
-2597
-2461
-2339
-2266
-2142
-2009
-1833
-1735
-1619
-1501
-1409
-1330
-1288
-1303
-1286
-1278
-1231
-1294
-1288
-1253
-1214
-1154
-1102
-1062
-989
-908
-834
-829
-793
-754
-714
-668
-653
-652
-624
-581
-563
-598
-587
-572
-550
-515
-504
-467
-401
-298
-256
-235
-181
-134
-87
-41
-14
38
115
221
262
295
340
351
348
316
218
153
79
38
-73
-145
-181
-206
-212
-224
-270
-260
-250
-201
-262
-255
-222
-180
-124
-90
-74
-34
8
42
12
25
49
73
108
117
120
167
254
288
250
268
271
262
254
208
195
207
279
298
282
299
311
321
329
302
299
310
351
315
290
296
296
308
306
269
285
301
361
362
396
455
511
572
616
613
661
703
774
735
745
759
768
785
781
763
768
772
758
664
605
549
497
462
414
377
384
415
412
352
329
296
262
230
166
134
130
162
133
83
61
35
11
-12
-55
-66
-45
32
36
68
133
187
253
306
312
349
380
433
408
406
425
443
478
500
485
535
585
663
638
652
667
678
702
717
733
789
861
926
910
922
927
925
930
910
895
918
962
969
922
902
852
823
749
628
523
462
445
379
317
292
243
200
171
100
48
25
52
-4
-36
-27
-24
14
33
22
48
75
120
80
62
68
62
73
76
45
79
113
166
132
141
157
180
214
240
269
336
416
491
500
557
621
684
752
792
840
928
1040
1110
1125
1160
1166
1150
1116
1032
966
918
901
836
752
698
644
596
549
467
418
377
388
302
257
253
252
272
294
302
356
417
499
487
494
505
503
512
505
459
475
493
523
469
449
438
438
461
480
503
561
621
653
595
560
514
459
408
331
270
260
297
314
308
353
397
439
468
443
433
435
476
475
462
467
485
523
553
543
570
587
645
624
631
662
690
743
793
821
867
906
980
939
918
903
869
848
812
748
752
758
777
714
687
660
628
595
545
490
481
498
511
465
469
476
477
480
450
430
445
495
509
495
526
556
594
634
633
644
664
704
705
695
723
757
805
856
869
929
984
1075
1044
1034
1041
1047
1070
1088
1081
1105
1133
1195
1154
1157
1183
1216
1289
1380
1486
1672
1882
2093
2210
2306
2353
2347
2307
2206
2064
1934
1806
1667
1477
1345
1224
1108
1003
866
736
633
559
439
298
207
120
38
-48
-168
-267
-343
-390
-475
-571
-627
-669
-688
-683
-700
-677
-679
-615
-662
-688
-684
-684
-660
-644
-629
-568
-511
-414
-426
-390
-346
-328
-286
-258
-250
-193
-124
-49
-33
9
44
71
100
89
68
91
132
158
122
128
135
139
136
95
60
55
85
66
32
53
83
125
169
187
218
264
335
365
390
452
510
572
617
604
634
653
701
646
605
566
502
432
350
246
199
174
200
114
75
41
-8
-54
-126
-218
-274
-315
-347
-428
-461
-476
-485
-480
-505
-548
-556
-542
-541
-588
-580
-560
-533
-499
-502
-495
-465
-405
-401
-415
-386
-357
-324
-296
-301
-300
-287
-253
-283
-320
-326
-329
-310
-293
-318
-285
-250
-179
-209
-195
-197
-228
-249
-265
-312
-308
-292
-232
-313
-321
-294
-266
-235
-204
-181
-112
-35
66
116
229
332
420
495
526
532
557
592
614
579
597
628
657
677
640
600
571
565
474
342
220
89
-34
-145
-264
-354
-416
-439
-525
-608
-664
-730
-775
-811
-869
-859
-840
-791
-829
-856
-875
-904
-925
-953
-1001
-968
-914
-814
-834
-817
-800
-793
-779
-782
-788
-755
-703
-647
-655
-630
-613
-613
-616
-652
-687
-676
-631
-598
-607
-571
-540
-517
-499
-522
-527
-514
-474
-508
-574
-611
-648
-675
-694
-729
-739
-731
-686
-721
-742
-731
-719
-684
-651
-660
-630
-608
-566
-609
-638
-658
-687
-702
-721
-754
-709
-657
-566
-564
-493
-416
-355
-298
-302
-341
-331
-313
-304
-342
-316
-279
-241
-208
-223
-235
-233
-223
-242
-302
-307
-305
-291
-249
-235
-184
-120
-29
-13
-30
-37
-55
-74
-93
-137
-163
-181
-161
-236
-292
-316
-348
-366
-392
-454
-473
-486
-473
-535
-573
-595
-622
-630
-648
-702
-690
-678
-639
-695
-703
-702
-710
-719
-752
-790
-784
-750
-704
-707
-650
-577
-505
-431
-398
-377
-337
-290
-287
-329
-321
-309
-291
-271
-294
-296
-288
-257
-285
-338
-367
-400
-424
-438
-465
-442
-389
-278
-261
-211
-132
-64
2
44
40
61
81
127
100
104
119
103
68
-20
-177
-288
-401
-483
-636
-732
-777
-804
-815
-868
-902
-898
-878
-837
-866
-837
-811
-755
-688
-644
-587
-498
-395
-345
-366
-344
-331
-329
-334
-385
-409
-413
-392
-426
-486
-516
-550
-565
-568
-595
-576
-542
-452
-465
-452
-430
-428
-426
-436
-475
-476
-462
-407
-427
-405
-364
-342
-322
-330
-377
-360
-326
-255
-237
-161
-60
51
174
273
361
478
591
670
655
657
633
589
536
441
344
277
238
163
61
5
-51
-104
-162
-263
-344
-406
-441
-520
-621
-695
-769
-835
-895
-980
-998
-988
-908
-918
-885
-823
-769
-713
-677
-678
-651
-622
-562
-596
-589
-568
-560
-545
-553
-598
-591
-573
-538
-560
-539
-503
-461
-408
-376
-358
-319
-252
-226
-303
-324
-327
-326
-306
-299
-259
-202
-86
1
71
174
299
433
577
674
813
975
1176
1320
1417
1491
1492
1418
1259
984
717
418
170
-148
-395
-578
-731
-843
-939
-1038
-1096
-1143
-1156
-1268
-1326
-1352
-1363
-1340
-1325
-1334
-1301
-1263
-1223
-1247
-1235
-1208
-1173
-1121
-1082
-1042
-961
-869
-796
-788
-736
-680
-622
-555
-514
-461
-383
-286
-252
-257
-234
-222
-203
-178
-181
-167
-140
-96
-100
-127
-132
-143
-148
-161
-219
-215
-197
-120
-129
-100
-42
18
86
140
160
221
285
390
389
440
497
531
554
528
444
360
247
107
-111
-304
-487
-645
-760
-863
-939
-947
-919
-902
-944
-943
-945
-932
-903
-923
-927
-900
-838
-840
-872
-863
-883
-915
-920
-945
-965
-944
-879
-853
-830
-781
-748
-695
-665
-694
-672
-647
-575
-585
-566
-509
-456
-393
-350
-342
-299
-267
-213
-279
-287
-282
-279
-261
-259
-268
-244
-212
-187
-227
-236
-243
-251
-243
-252
-256
-212
-142
-89
-94
-63
-41
-26
-11
-26
-11
48
159
227
287
396
515
652
799
925
1061
1199
1334
1362
1329
1262
1136
986
809
574
387
198
50
-164
-333
-458
-565
-641
-710
-799
-829
-864
-868
-1000
-1086
-1162
-1236
-1283
-1328
-1363
-1351
-1317
-1278
-1297
-1273
-1237
-1196
-1138
-1098
-1050
-954
-832
-737
-702
-631
-570
-518
-472
-467
-445
-397
-315
-264
-241
-175
-146
-91
-39
-18
33
91
190
215
259
302
319
344
360
336
364
385
460
475
512
579
645
711
743
703
677
598
502
241
10
-211
-415
-573
-711
-823
-882
-914
-947
-1044
-1095
-1128
-1149
-1145
-1147
-1131
-1063
-963
-887
-864
-812
-776
-755
-747
-789
-815
-820
-789
-810
-836
-813
-778
-729
-673
-639
-583
-511
-402
-374
-328
-250
-181
-104
-48
-42
-3
32
95
89
111
156
199
252
281
255
273
278
307
223
178
134
85
46
-4
-48
-38
9
75
92
165
245
319
391
427
460
531
635
718
761
839
892
905
862
715
541
354
184
-43
-272
-440
-572
-663
-725
-773
-779
-796
-739
-752
-736
-686
-649
-598
-589
-609
-611
-609
-601
-659
-699
-715
-751
-752
-757
-784
-746
-703
-634
-657
-640
-622
-602
-560
-534
-520
-467
-409
-363
-391
-370
-345
-311
-268
-246
-216
-144
-43
23
39
87
116
134
143
104
84
87
131
142
151
206
270
340
400
411
430
431
452
346
254
182
98
21
-75
-208
-305
-391
-442
-560
-634
-676
-714
-728
-752
-808
-798
-780
-738
-778
-779
-771
-761
-742
-737
-731
-680
-612
-548
-549
-503
-457
-421
-388
-394
-398
-368
-309
-276
-269
-208
-143
-74
-11
0
20
44
84
73
42
42
44
56
69
46
57
68
122
63
46
70
57
61
74
70
97
128
200
170
163
191
217
232
245
234
284
339
413
427
499
583
663
740
776
780
792
779
735
591
470
339
211
93
-45
-165
-233
-251
-299
-370
-391
-409
-406
-393
-414
-421
-424
-420
-471
-549
-597
-640
-666
-686
-736
-731
-714
-644
-676
-668
-627
-581
-520
-469
-451
-399
-341
-250
-261
-238
-208
-193
-165
-150
-155
-101
-36
36
37
61
77
81
83
55
11
4
18
29
-14
-3
13
27
47
32
22
37
78
69
32
40
47
64
82
66
70
95
152
174
185
238
305
404
517
602
752
912
1119
1214
1324
1427
1491
1526
1513
1434
1393
1304
1248
1050
928
816
673
538
361
157
10
-84
-182
-335
-441
-545
-656
-774
-930
-1084
-1179
-1254
-1322
-1422
-1444
-1437
-1408
-1360
-1335
-1296
-1233
-1137
-1090
-1065
-995
-926
-842
-757
-703
-640
-567
-473
-425
-394
-335
-284
-224
-168
-161
-106
-58
20
-13
-32
-43
-67
-84
-105
-144
-126
-94
-12
-37
-3
48
90
145
181
193
235
275
298
238
188
124
50
-16
-99
-177
-209
-216
-225
-274
-262
-240
-212
-180
-185
-184
-170
-142
-187
-260
-290
-315
-327
-334
-363
-376
-379
-367
-418
-478
-506
-532
-532
-521
-541
-495
-442
-354
-365
-365
-357
-360
-354
-355
-383
-355
-320
-241
-275
-255
-224
-198
-156
-171
-179
-135
-76
0
25
99
171
268
358
417
440
488
527
523
429
380
339
300
261
190
138
111
117
58
-17
-50
-80
-102
-103
-118
-107
-74
4
27
63
128
185
250
305
309
363
415
493
477
464
444
391
320
222
83
7
-57
-68
-182
-232
-265
-297
-315
-344
-368
-344
-293
-235
-232
-182
-125
-71
-11
13
20
48
76
55
-39
-103
-174
-243
-311
-417
-499
-551
-561
-627
-702
-726
-730
-704
-658
-623
-566
-489
-384
-369
-361
-339
-337
-323
-311
-336
-308
-274
-205
-207
-188
-153
-125
-88
-65
-82
-39
6
90
73
114
170
221
278
306
315
343
387
456
436
467
534
611
698
754
803
867
926
962
952
967
1001
1060
1139
1192
1274
1382
1519
1573
1580
1593
1579
1546
1490
1390
1303
1214
1150
1002
879
782
682
603
529
435
396
376
405
375
386
416
429
439
421
355
347
341
376
325
331
349
359
371
356
328
330
344
355
299
292
292
295
315
313
316
353
410
437
423
453
482
516
557
568
611
676
767
788
770
764
742
712
677
613
575
554
585
524
486
468
432
408
380
330
326
328
354
300
268
251
227
215
182
105
91
83
108
49
35
31
22
13
-29
-95
-138
-174
-212
-308
-344
-365
-392
-370
-407
-424
-426
-383
-379
-429
-422
-426
-440
-450
-474
-493
-499
-464
-484
-519
-533
-553
-569
-567
-603
-596
-573
-495
-518
-507
-468
-436
-404
-388
-403
-385
-360
-302
-326
-309
-272
-249
-221
-226
-278
-272
-265
-235
-271
-256
-224
-191
-156
-153
-177
-185
-197
-227
-328
-383
-432
-470
-485
-514
-530
-512
-468
-463
-492
-472
-445
-402
-350
-332
-286
-218
-117
-63
-40
-10
-7
-22
-60
-154
-216
-277
-287
-398
-472
-522
-582
-629
-681
-751
-774
-770
-712
-726
-691
-637
-594
-543
-522
-550
-543
-543
-537
-599
-620
-628
-631
-623
-636
-656
-642
-622
-622
-696
-724
-745
-754
-740
-735
-709
-643
-551
-500
-493
-447
-445
-430
-408
-431
-433
-418
-379
-389
-392
-378
-367
-362
-357
-403
-400
-412
-370
-414
-421
-400
-376
-342
-320
-333
-324
-311
-265
-312
-312
-278
-243
-183
-139
-115
-49
16
68
39
30
19
6
4
-18
-52
-58
-64
-99
-214
-296
-385
-478
-562
-669
-753
-790
-780
-808
-861
-877
-902
-920
-935
-977
-993
-980
-932
-911
-892
-832
-771
-705
-650
-646
-593
-539
-429
-406
-337
-236
-133
-19
81
142
226
297
386
349
350
355
341
333
303
251
241
240
238
173
144
124
107
107
98
98
147
216
268
252
266
264
242
209
137
83
71
108
113
116
179
246
319
387
435
523
598
675
709
698
683
634
561
446
236
70
-107
-264
-516
-752
-993
-1274
-1584
-1917
-2291
-2629
-2966
-3250
-3626
-3917
-4157
-4364
-4508
-4623
-4719
-4735
-4708
-4658
-4653
-4604
-4544
-4473
-4390
-4327
-4257
-4139
-3997
-3872
-3802
-3681
-3560
-3442
-3328
-3251
-3158
-3037
-2877
-2773
-2690
-2571
-2455
-2332
-2209
-2117
-2018
-1906
-1773
-1700
-1636
-1544
-1460
-1365
-1276
-1237
-1148
-1067
-960
-949
-922
-881
-846
-801
-769
-770
-720
-673
-589
-619
-587
-536
-481
-402
-330
-259
-146
-20
102
154
227
280
299
300
256
194
164
154
125
47
19
-4
-17
-21
-59
-80
-84
-61
-95
-142
-147
-152
-157
-174
-231
-284
-325
-332
-394
-443
-410
-401
-366
-339
-334
-275
-227
-139
-136
-130
-92
-31
29
61
58
98
131
182
113
89
87
68
62
44
26
49
94
147
147
184
233
295
375
434
492
582
691
771
792
849
886
907
911
849
774
691
624
493
353
267
199
148
104
38
-6
-25
4
-36
-61
-52
-45
-17
8
-4
32
71
138
133
151
187
216
255
283
275
327
370
427
355
309
248
167
89
-3
-90
-124
-119
-86
-89
-27
50
125
202
242
272
329
400
441
436
476
518
561
598
583
575
569
577
514
425
367
306
252
200
125
78
54
87
40
23
44
71
123
173
187
249
303
377
349
351
379
398
436
465
444
475
523
580
527
509
502
490
494
477
468
530
610
688
697
744
786
820
853
865
875
925
990
1029
1018
1033
1014
976
920
813
727
664
647
592
528
503
482
465
438
372
333
304
323
243
196
185
176
188
195
169
179
195
234
187
153
122
72
31
-20
-98
-94
-72
-14
-30
0
42
84
139
182
223
306
408
510
552
643
734
817
899
944
981
1037
1099
1106
1057
1041
1017
995
975
912
870
837
823
751
654
593
547
525
517
492
516
557
645
623
627
649
660
682
698
688
709
730
769
717
695
685
675
689
669
600
632
679
749
755
785
820
832
861
867
854
876
905
920
864
846
846
839
822
761
696
658
644
588
499
469
455
447
453
426
419
425
458
450
430
450
474
520
577
608
686
763
873
857
853
853
830
802
754
680
645
625
649
589
574
580
583
603
607
580
610
652
715
725
780
850
920
993
1039
1075
1149
1238
1314
1318
1357
1383
1387
1374
1303
1214
1130
1059
936
780
664
555
468
400
309
249
212
205
165
117
105
100
118
152
160
229
304
423
429
457
497
528
569
608
633
704
783
893
891
917
933
909
870
794
684
622
570
572
509
492
501
531
568
567
553
569
565
551
487
469
445
439
435
397
347
324
314
264
176
137
109
105
112
91
81
87
98
54
-11
-61
-119
-168
-217
-294
-296
-286
-222
-259
-265
-251
-241
-220
-205
-214
-181
-146
-74
-113
-101
-76
-63
-40
-41
-69
-62
-48
-25
-51
-33
-2
29
61
58
40
59
100
134
123
174
236
307
385
430
487
567
671
706
699
713
711
701
678
614
545
472
410
296
176
93
19
-28
-63
-127
-122
-110
-58
-105
-142
-178
-232
-285
-351
-455
-513
-568
-575
-683
-723
-738
-754
-757
-780
-818
-821
-809
-787
-812
-782
-728
-664
-579
-523
-486
-428
-355
-299
-302
-254
-188
-128
-70
-29
9
43
96
74
4
-56
-146
-238
-296
-367
-403
-399
-357
-369
-387
-385
-385
-382
-381
-431
-415
-390
-321
-341
-340
-332
-342
-360
-406
-492
-521
-546
-529
-620
-646
-647
-640
-613
-598
-588
-543
-487
-433
-441
-408
-367
-323
-268
-239
-216
-160
-87
-43
-61
-42
-25
-7
16
1
-3
2
22
-32
-107
-145
-180
-205
-223
-262
-284
-293
-275
-337
-401
-448
-508
-554
-599
-673
-678
-661
-596
-599
-583
-555
-537
-516
-513
-552
-534
-519
-468
-523
-510
-465
-407
-331
-278
-248
-205
-164
-139
-191
-205
-211
-210
-194
-198
-203
-177
-139
-147
-202
-217
-238
-276
-271
-294
-288
-238
-158
-133
-140
-101
-71
-42
-15
-15
6
52
128
130
130
122
74
9
-88
-235
-341
-441
-498
-609
-687
-722
-739
-729
-717
-735
-681
-622
-522
-520
-454
-364
-263
-153
-69
-7
67
132
173
135
139
151
171
206
213
214
237
264
239
146
72
-21
-125
-231
-373
-484
-560
-585
-649
-716
-743
-771
-802
-839
-898
-917
-901
-820
-816
-780
-711
-652
-588
-545
-555
-548
-558
-550
-611
-631
-616
-596
-559
-538
-562
-528
-497
-435
-461
-435
-392
-341
-283
-255
-249
-226
-203
-189
-241
-241
-228
-204
-158
-127
-87
-20
49
53
-17
-71
-141
-208
-267
-357
-377
-376
-352
-350
-337
-286
-240
-196
-156
-185
-176
-156
-89
-144
-161
-163
-180
-209
-237
-303
-320
-336
-309
-341
-319
-268
-225
-176
-151
-193
-199
-217
-224
-311
-354
-382
-402
-402
-419
-437
-421
-389
-362
-403
-401
-396
-394
-387
-405
-413
-381
-319
-293
-307
-281
-257
-228
-200
-212
-193
-146
-62
-18
11
71
131
194
254
273
322
372
468
459
484
534
572
609
618
575
539
485
446
316
219
139
49
-27
-121
-246
-315
-385
-441
-564
-639
-695
-742
-775
-822
-868
-863
-831
-793
-810
-771
-718
-659
-593
-561
-528
-468
-387
-360
-385
-386
-407
-437
-474
-549
-594
-604
-566
-547
-533
-472
-407
-355
-307
-294
-229
-162
-43
-16
30
87
155
221
244
232
245
250
281
211
179
188
191
214
220
181
170
143
108
12
-58
-117
-172
-205
-252
-295
-296
-280
-282
-361
-410
-471
-540
-596
-673
-721
-713
-650
-618
-613
-580
-571
-576
-593
-651
-686
-690
-652
-638
-627
-577
-526
-469
-423
-431
-400
-380
-329
-394
-433
-443
-440
-412
-387
-393
-371
-352
-305
-367
-375
-354
-327
-271
-219
-181
-95
2
109
162
250
338
412
481
517
539
590
641
661
607
592
579
569
563
527
507
522
565
543
482
441
375
295
198
58
-66
-163
-218
-290
-349
-356
-351
-328
-312
-356
-370
-376
-359
-428
-488
-491
-492
-485
-474
-513
-513
-527
-484
-568
-594
-595
-591
-555
-518
-492
-391
-257
-127
-56
41
133
207
263
263
224
197
162
103
-16
-91
-160
-222
-267
-335
-375
-384
-356
-376
-411
-406
-406
-402
-398
-425
-444
-449
-427
-448
-469
-453
-436
-400
-367
-381
-341
-303
-229
-251
-257
-250
-249
-243
-253
-299
-298
-300
-264
-348
-376
-392
-412
-421
-443
-471
-454
-416
-371
-384
-365
-350
-352
-363
-410
-470
-494
-497
-512
-570
-571
-560
-541
-518
-530
-526
-498
-434
-419
-406
-338
-264
-188
-124
-99
-71
-36
18
1
-21
-16
-14
4
16
-17
-1
7
42
-7
-28
-27
-25
16
43
-2
19
42
85
-5
-59
-104
-173
-193
-208
-196
-137
-24
101
167
234
290
318
346
335
330
379
464
531
534
560
569
552
512
425
340
271
231
141
48
18
7
16
28
14
8
5
18
-55
-127
-169
-216
-249
-290
-372
-408
-448
-466
-568
-655
-727
-801
-856
-909
-980
-968
-936
-858
-885
-856
-813
-769
-718
-687
-662
-599
-516
-430
-409
-352
-298
-253
-206
-191
-181
-133
-61
-20
-30
3
36
70
108
105
118
140
184
155
101
77
51
28
7
-40
-69
-86
-67
-135
-184
-199
-217
-216
-217
-254
-247
-236
-203
-256
-294
-318
-340
-338
-336
-360
-306
-243
-133
-108
-72
-36
-4
31
40
39
82
124
149
128
151
148
143
139
94
40
17
18
9
-37
-28
0
45
101
114
137
175
227
211
166
150
123
95
58
-5
-37
-58
-37
-110
-153
-151
-140
-101
-55
-30
40
120
231
265
318
377
418
468
501
495
556
618
700
680
680
661
615
550
442
306
187
71
-51
-230
-345
-433
-501
-541
-598
-645
-649
-619
-610
-626
-586
-537
-476
-409
-385
-347
-300
-235
-229
-248
-243
-246
-248
-252
-284
-273
-240
-148
-155
-131
-88
-64
-34
-15
-23
9
55
136
142
178
225
254
284
283
223
203
171
150
49
-12
-66
-120
-174
-223
-309
-342
-384
-398
-468
-489
-486
-500
-517
-578
-613
-636
-630
-644
-681
-656
-621
-582
-520
-477
-419
-344
-250
-211
-204
-176
-157
-135
-114
-123
-74
-3
121
131
155
187
189
188
172
128
123
134
186
160
179
217
244
281
297
274
303
331
366
326
310
289
255
215
141
54
8
-16
-38
-108
-111
-92
-62
-27
-30
-34
-19
14
-6
-62
-75
-83
-77
-65
-88
-92
-79
-43
-50
-79
-80
-78
-58
-27
-25
29
82
174
152
152
166
167
170
153
98
73
57
88
34
35
51
42
26
-25
-115
-163
-203
-236
-328
-379
-416
-449
-472
-516
-563
-564
-541
-520
-552
-514
-453
-417
-347
-294
-240
-163
-75
-48
-78
-55
-56
-51
-61
-88
-94
-78
-65
-100
-161
-200
-247
-274
-291
-343
-338
-330
-266
-291
-285
-272
-267
-270
-292
-350
-364
-366
-312
-353
-325
-264
-197
-113
-59
-52
-34
-38
-59
-150
-210
-258
-298
-317
-351
-385
-371
-331
-294
-305
-259
-202
-140
-69
-34
6
62
140
153
130
134
121
110
99
61
41
44
74
58
30
31
27
29
20
-39
-42
-33
36
29
63
120
167
213
239
227
256
284
346
292
290
300
292
286
254
200
180
170
161
94
67
51
38
39
21
4
29
71
92
57
74
101
140
196
219
267
362
451
470
476
511
531
547
568
553
537
556
615
607
609
645
671
704
734
730
802
886
1009
1047
1101
1165
1207
1232
1229
1165
1125
1073
1057
929
873
842
811
797
756
689
650
625
614
555
552
578
621
681
710
722
752
780
768
692
655
619
591
578
540
526
541
593
585
559
573
593
628
670
690
722
762
818
789
739
696
628
558
470
334
254
194
191
126
89
69
43
21
-19
-101
-130
-162
-156
-247
-259
-236
-200
-147
-110
-84
-32
23
68
45
63
89
114
149
157
155
177
206
194
118
73
18
-41
-98
-190
-254
-283
-261
-281
-306
-300
-264
-262
-251
-285
-270
-223
-137
-106
-74
-29
-1
50
62
16
22
27
69
31
10
16
34
52
61
31
63
88
139
79
74
81
94
129
154
168
195
210
204
111
44
-29
-106
-163
-234
-288
-292
-263
-256
-291
-279
-269
-257
-244
-268
-260
-221
-138
-108
-104
-83
-85
-102
-134
-200
-248
-277
-256
-309
-322
-285
-236
-159
-84
-49
18
77
150
135
137
160
181
214
223
176
175
156
155
50
-15
-79
-153
-228
-330
-443
-529
-610
-700
-855
-957
-1042
-1109
-1145
-1182
-1194
-1145
-1047
-957
-897
-795
-708
-639
-599
-627
-652
-668
-658
-702
-760
-778
-789
-792
-796
-833
-847
-841
-782
-798
-805
-757
-701
-638
-586
-578
-544
-526
-461
-490
-488
-471
-439
-381
-324
-324
-262
-201
-133
-165
-157
-141
-124
-98
-99
-107
-82
-46
-24
-65
-68
-72
-83
-77
-96
-100
-68
-13
1
-30
-24
-27
-40
-69
-151
-214
-253
-251
-277
-299
-275
-245
-209
-177
-190
-185
-187
-150
-224
-272
-297
-332
-359
-405
-491
-556
-623
-659
-772
-839
-867
-875
-837
-786
-748
-635
-511
-370
-303
-196
-80
32
141
220
281
367
457
531
532
577
626
671
717
729
741
777
819
792
702
627
526
417
305
156
32
-61
-105
-163
-207
-191
-151
-92
-32
-20
18
43
99
33
-5
-11
-12
26
103
135
190
266
364
358
390
439
476
513
544
545
574
600
622
559
510
441
356
259
119
-42
-173
-311
-492
-776
-1050
-1336
-1636
-1949
-2296
-2633
-2941
-3220
-3538
-3875
-4140
-4371
-4556
-4694
-4827
-4895
-4907
-4858
-4819
-4770
-4665
-4542
-4395
-4244
-4137
-3983
-3828
-3623
-3516
-3369
-3194
-3022
-2845
-2686
-2568
-2429
-2305
-2160
-2127
-2052
-1962
-1879
-1776
-1681
-1600
-1464
-1324
-1189
-1131
-1053
-977
-900
-811
-741
-678
-580
-477
-403
-406
-383
-383
-404
-438
-514
-584
-620
-615
-644
-684
-669
-645
-603
-555
-541
-513
-470
-403
-377
-363
-317
-270
-208
-145
-129
-64
-5
97
99
132
186
237
297
346
364
420
475
555
555
571
605
617
659
679
663
686
697
678
587
535
467
392
347
286
231
217
237
262
272
340
423
506
584
611
630
652
693
662
608
600
594
596
589
536
488
447
417
330
224
150
80
33
-6
-82
-97
-104
-61
-99
-99
-72
-37
22
81
112
188
257
346
293
267
231
168
108
30
-53
-84
-85
-67
-94
-73
-42
-15
14
8
-9
14
60
93
75
100
121
134
142
105
73
59
80
55
27
59
106
171
241
276
306
337
388
381
377
415
460
528
593
609
669
719
793
767
749
737
715
703
682
631
633
634
672
592
567
556
534
514
480
425
407
382
376
332
332
345
362
377
356
356
385
436
465
450
475
502
513
526
520
522
541
596
593
576
594
598
607
606
583
565
564
584
529
477
470
472
512
567
592
675
756
857
864
873
879
859
831
778
682
650
631
666
609
616
636
645
659
653
637
655
694
743
739
782
829
866
900
894
879
898
940
966
954
994
1036
1072
1091
1044
992
940
907
802
676
590
516
460
408
325
257
205
195
118
78
93
127
196
271
307
374
424
480
447
424
408
381
356
306
212
186
173
212
164
179
202
215
221
190
137
111
102
102
45
54
98
129
150
168
186
239
324
378
393
443
513
590
660
694
753
824
911
909
879
864
834
804
777
734
729
744
798
757
734
727
721
734
740
712
725
745
799
781
782
799
802
813
806
759
783
821
902
900
946
999
1045
1088
1100
1096
1125
1168
1212
1191
1213
1234
1242
1240
1184
1105
1033
962
844
681
575
493
443
424
391
402
445
527
560
575
620
666
725
792
835
910
991
1109
1113
1131
1162
1164
1150
1092
974
874
775
712
584
506
466
437
439
444
428
486
552
642
649
692
738
775
808
809
785
783
788
792
743
758
791
836
893
917
930
997
1041
1017
937
903
857
809
780
724
676
666
700
674
606
582
562
566
571
560
589
652
759
756
772
795
788
771
731
672
644
636
675
642
657
690
701
707
674
584
551
526
526
460
431
406
377
351
297
226
184
154
117
22
-15
-36
-45
-34
-48
-55
-37
-4
-24
-88
-109
-126
-126
-110
-117
-92
-40
41
76
84
116
140
161
168
135
155
189
279
267
289
329
356
383
389
360
363
373
419
374
380
411
439
479
493
464
478
500
539
523
545
567
574
573
535
473
432
388
315
170
78
12
-24
-25
-33
-16
39
117
138
113
110
96
68
26
-68
-142
-196
-235
-312
-389
-437
-483
-484
-484
-528
-506
-457
-343
-320
-270
-205
-134
-83
-70
-105
-117
-130
-105
-181
-192
-188
-187
-177
-181
-214
-205
-198
-184
-224
-219
-200
-180
-156
-154
-164
-141
-109
-99
-156
-164
-158
-141
-116
-123
-117
-81
-18
-15
-49
-54
-61
-52
-30
-31
-16
11
54
47
22
18
1
-15
-39
-117
-152
-189
-179
-257
-294
-301
-303
-288
-279
-297
-273
-245
-180
-230
-228
-210
-202
-186
-199
-241
-252
-252
-244
-290
-298
-300
-303
-297
-311
-326
-295
-240
-198
-210
-175
-137
-97
-53
-43
-24
12
64
46
-6
-29
-61
-87
-104
-139
-144
-123
-48
-10
11
25
51
76
85
50
53
61
98
76
87
126
163
201
213
171
140
108
104
-23
-83
-116
-142
-146
-166
-210
-232
-254
-295
-392
-435
-456
-463
-457
-476
-503
-495
-477
-478
-534
-539
-535
-520
-488
-482
-452
-390
-290
-246
-219
-158
-109
-69
-43
-52
-57
-51
-15
-34
-46
-25
-6
27
50
21
42
67
133
128
152
198
237
273
278
219
185
126
93
-51
-127
-172
-206
-220
-252
-291
-295
-285
-274
-318
-314
-299
-282
-257
-257
-252
-204
-133
-83
-84
-44
-13
10
28
4
-2
15
65
59
45
73
107
153
201
219
238
263
311
274
235
211
163
108
62
-51
-136
-195
-189
-236
-240
-204
-156
-119
-79
-79
-32
-18
33
-41
-69
-114
-161
-213
-270
-339
-368
-376
-376
-428
-422
-400
-359
-308
-284
-254
-193
-116
-78
-102
-90
-78
-70
-55
-77
-69
-35
39
58
48
53
37
7
-39
-122
-193
-250
-264
-348
-395
-395
-386
-353
-322
-326
-284
-240
-171
-175
-153
-106
-63
-9
28
23
75
114
168
105
76
44
0
-38
-89
-134
-132
-109
-85
-130
-132
-130
-131
-123
-143
-157
-130
-77
-54
-77
-57
-38
-13
18
13
34
78
154
174
176
212
251
292
328
328
346
360
395
312
237
180
112
59
8
-65
-88
-94
-60
-77
-51
-16
13
59
95
83
129
179
217
129
90
44
-32
-96
-169
-241
-267
-270
-265
-293
-271
-249
-234
-220
-240
-257
-238
-176
-146
-151
-119
-90
-67
-51
-84
-95
-88
-53
-66
-92
-74
-40
6
55
77
138
208
319
317
335
370
393
426
447
432
443
436
425
299
175
51
-84
-195
-306
-441
-504
-553
-571
-662
-713
-750
-771
-763
-752
-725
-637
-519
-397
-339
-240
-152
-93
-57
-74
-106
-113
-92
-101
-136
-121
-109
-100
-104
-159
-202
-236
-250
-309
-379
-406
-420
-417
-409
-438
-427
-410
-343
-380
-383
-355
-329
-290
-258
-251
-210
-167
-98
-124
-118
-102
-100
-80
-77
-80
-28
38
87
90
123
149
179
190
173
132
149
171
185
139
142
144
142
127
93
64
53
70
51
11
26
43
68
97
90
90
99
123
95
44
26
17
22
30
-11
-14
-28
-5
-93
-141
-155
-164
-152
-142
-153
-127
-94
-26
-62
-58
-46
-50
-42
-52
-86
-64
-27
28
26
63
105
140
174
177
166
193
233
256
211
206
195
176
148
74
-4
-60
-87
-154
-236
-259
-271
-265
-254
-279
-289
-287
-265
-283
-315
-313
-308
-291
-272
-292
-250
-201
-107
-122
-118
-101
-92
-76
-66
-77
-44
-2
80
54
76
112
137
172
194
203
265
348
444
485
548
623
661
633
564
480
424
387
339
252
205
195
187
183
113
53
13
20
-22
-52
-26
18
60
97
97
104
115
131
84
11
-60
-154
-233
-316
-438
-502
-561
-576
-683
-769
-825
-874
-893
-899
-910
-856
-783
-661
-646
-575
-491
-419
-339
-280
-243
-172
-94
-18
-5
37
74
84
72
3
-96
-168
-226
-295
-402
-442
-463
-470
-463
-482
-484
-461
-409
-409
-420
-376
-315
-229
-125
-37
70
189
321
379
408
443
454
467
464
405
391
369
376
283
202
136
70
18
-39
-120
-136
-139
-95
-165
-177
-175
-185
-191
-217
-253
-246
-214
-170
-180
-152
-120
-93
-65
-75
-110
-111
-86
-107
-170
-168
-156
-149
-146
-175
-208
-231
-197
-212
-261
-256
-239
-210
-173
-150
-114
-49
33
38
37
61
76
101
111
85
103
116
150
97
54
17
-41
-90
-140
-217
-225
-221
-171
-221
-212
-192
-185
-180
-203
-243
-251
-233
-196
-202
-153
-92
-30
33
55
57
78
104
95
28
0
-30
-55
-68
-108
-113
-88
-30
-43
-88
-108
-133
-151
-160
-182
-182
-168
-120
-150
-179
-198
-242
-287
-340
-424
-443
-439
-387
-396
-374
-326
-277
-214
-166
-163
-102
-48
34
4
25
55
79
104
106
90
96
103
96
13
-36
-85
-136
-177
-242
-302
-315
-294
-287
-309
-270
-225
-138
-62
-5
49
146
266
302
313
318
304
280
272
214
175
156
176
106
49
5
-43
-75
-130
-222
-267
-294
-271
-302
-297
-272
-256
-242
-251
-308
-302
-289
-238
-267
-233
-178
-122
-68
-49
-57
-51
-45
-48
-112
-121
-119
-119
-115
-143
-169
-162
-137
-152
-219
-246
-270
-284
-284
-315
-312
-281
-212
-196
-201
-176
-153
-124
-91
-81
-34
32
148
164
198
250
290
340
378
377
409
450
522
516
528
547
545
539
497
399
351
300
278
188
165
180
220
288
346
396
472
548
606
588
621
667
720
784
818
848
897
945
928
852
815
781
755
735
683
667
679
728
746
748
738
745
771
796
793
824
870
950
952
976
1031
1055
1092
1102
1075
1058
1056
1088
1042
1019
1007
972
939
871
747
677
617
586
493
468
469
479
490
478
447
450
458
460
401
398
405
419
448
452
459
492
544
547
499
481
450
418
387
324
304
324
391
422
428
448
451
449
436
381
369
367
415
353
318
297
260
221
165
76
15
-48
-85
-214
-289
-321
-338
-324
-322
-358
-347
-341
-331
-395
-428
-453
-468
-461
-463
-467
-428
-375
-332
-353
-324
-288
-245
-188
-157
-116
-41
62
117
135
184
211
224
221
172
142
134
158
143
112
112
104
88
68
20
-13
-38
16
-17
-2
43
92
138
152
141
156
132
131
18
-60
-122
-185
-222
-253
-302
-299
-285
-266
-308
-317
-312
-283
-230
-191
-155
-82
-13
19
-43
-82
-125
-173
-215
-281
-328
-330
-294
-306
-346
-345
-351
-358
-376
-435
-480
-505
-500
-534
-581
-597
-618
-631
-643
-695
-692
-685
-627
-662
-660
-635
-618
-599
-595
-621
-606
-586
-525
-566
-544
-497
-453
-394
-356
-350
-315
-285
-261
-296
-292
-276
-257
-230
-230
-243
-223
-185
-162
-193
-176
-156
-139
-127
-160
-189
-197
-181
-228
-305
-344
-382
-414
-453
-526
-581
-609
-595
-610
-617
-579
-538
-485
-440
-453
-422
-399
-340
-380
-357
-349
-335
-339
-334
-364
-358
-341
-300
-384
-412
-397
-405
-401
-400
-411
-379
-340
-304
-322
-288
-260
-229
-188
-168
-150
-92
-21
27
3
6
-8
-34
-59
-110
-140
-135
-92
-108
-146
-151
-162
-172
-190
-240
-280
-305
-300
-341
-374
-368
-366
-354
-346
-379
-358
-342
-295
-332
-338
-316
-289
-244
-203
-195
-136
-78
19
2
44
106
168
248
317
376
468
575
688
744
841
944
1047
1167
1273
1388
1553
1753
1947
2096
2295
2490
2673
2842
2955
3069
3183
3302
3325
3296
3269
3206
3113
2984
2792
2565
2303
2031
1657
1266
899
527
177
-172
-560
-891
-1210
-1480
-1804
-2069
-2269
-2425
-2527
-2604
-2687
-2687
-2655
-2595
-2613
-2561
-2501
-2441
-2372
-2326
-2306
-2236
-2172
-2113
-2136
-2110
-2073
-2019
-1961
-1910
-1838
-1723
-1591
-1488
-1446
-1375
-1322
-1290
-1268
-1293
-1298
-1284
-1221
-1209
-1207
-1173
-1136
-1098
-1057
-1043
-1013
-975
-903
-912
-904
-861
-823
-773
-735
-737
-688
-631
-534
-498
-427
-329
-234
-128
-44
-16
53
96
150
84
61
43
15
-7
-45
-79
-70
-47
-34
-95
-112
-123
-134
-139
-167
-187
-164
-116
-103
-148
-160
-182
-208
-233
-292
-316
-307
-246
-220
-190
-111
-26
64
144
181
224
266
339
316
319
350
366
384
379
326
302
275
268
180
112
61
11
-6
-11
-30
33
104
201
194
220
249
288
289
245
202
186
180
171
89
36
-40
-115
-180
-285
-368
-395
-381
-386
-428
-413
-389
-358
-327
-337
-323
-285
-211
-182
-155
-94
-40
17
70
83
118
152
217
173
146
139
127
134
148
142
180
230
311
311
337
376
396
414
406
357
375
398
446
407
403
398
380
362
326
291
303
340
379
353
364
365
351
329
266
199
163
149
97
9
-22
-36
-24
3
-5
5
22
53
24
-30
-53
-68
-69
-62
-82
-60
-31
43
10
12
47
83
141
203
253
350
456
592
638
713
792
847
900
922
897
916
925
937
865
814
755
680
608
517
427
379
395
379
308
271
252
227
197
146
92
48
34
2
-73
-104
-112
-106
-86
-108
-101
-69
9
33
37
69
104
151
206
223
282
320
383
320
273
237
189
152
125
88
98
122
178
141
150
177
197
234
257
257
315
388
475
489
520
529
506
459
362
241
159
106
70
1
8
40
85
136
149
160
191
236
225
183
194
219
262
312
331
368
421
497
535
561
617
670
728
779
775
809
831
884
818
768
730
676
623
562
479
438
402
404
304
258
232
196
175
146
107
128
173
239
258
321
392
452
504
517
512
542
587
616
582
593
600
612
621
598
557
556
597
590
574
614
654
700
776
812
869
947
1066
1141
1200
1266
1323
1398
1446
1424
1446
1460
1512
1457
1416
1398
1374
1370
1359
1337
1361
1389
1446
1387
1360
1321
1240
1146
1023
887
798
731
683
598
567
554
544
537
499
451
437
437
421
355
342
335
335
347
334
337
363
410
398
369
391
424
475
535
572
620
674
734
722
685
666
637
621
611
577
625
696
821
861
917
983
1038
1096
1135
1132
1171
1207
1282
1236
1237
1238
1217
1188
1122
1029
972
935
906
823
782
752
729
722
692
654
647
646
611
511
453
399
351
313
242
188
154
141
72
5
-36
-78
-73
-59
-67
-51
-20
41
31
35
68
76
100
125
113
161
207
301
312
337
372
395
416
417
363
343
319
335
234
210
219
228
246
239
213
218
234
248
210
217
239
262
294
294
277
282
293
272
197
163
128
99
84
47
43
70
129
119
76
59
42
40
59
74
118
186
285
302
313
336
332
323
287
198
156
116
114
46
9
-8
-27
-36
-53
-100
-75
-38
51
48
119
217
319
433
524
596
678
743
783
747
748
747
727
687
589
457
329
192
10
-220
-389
-527
-624
-683
-747
-766
-751
-699
-707
-732
-724
-717
-704
-691
-660
-634
-598
-522
-510
-481
-439
-410
-382
-396
-441
-427
-414
-380
-402
-405
-393
-409
-414
-444
-502
-508
-511
-476
-533
-529
-498
-451
-371
-311
-258
-179
-103
-40
-48
-20
9
29
41
17
-22
-36
-39
-84
-182
-238
-291
-333
-362
-419
-439
-426
-370
-362
-370
-346
-320
-284
-241
-220
-167
-99
10
21
53
110
149
187
202
179
199
236
308
300
304
306
288
275
249
189
200
218
265
223
228
242
252
264
243
197
165
125
61
-87
-198
-303
-398
-464
-537
-586
-585
-549
-539
-563
-536
-504
-458
-405
-386
-336
-267
-174
-142
-139
-117
-110
-110
-118
-164
-182
-196
-164
-239
-274
-285
-312
-350
-392
-452
-476
-479
-432
-460
-444
-367
-291
-207
-136
-96
-1
93
189
194
257
319
372
429
457
470
513
559
600
565
577
580
588
606
602
600
629
664
630
520
415
278
129
-25
-210
-350
-446
-488
-554
-623
-651
-671
-682
-701
-769
-811
-852
-839
-925
-970
-981
-989
-978
-971
-993
-985
-975
-940
-992
-998
-974
-947
-894
-850
-836
-768
-702
-628
-627
-590
-541
-485
-414
-360
-314
-235
-151
-85
-90
-59
-36
-20
4
5
31
104
212
280
303
347
364
367
357
300
265
257
290
301
310
357
399
435
453
415
417
417
462
397
361
342
307
269
213
118
67
23
-3
-154
-226
-270
-310
-311
-324
-349
-335
-296
-255
-286
-289
-286
-279
-261
-277
-290
-270
-254
-262
-338
-368
-391
-413
-430
-470
-488
-476
-422
-409
-427
-407
-399
-394
-396
-437
-465
-471
-447
-452
-464
-442
-420
-387
-359
-380
-351
-322
-247
-275
-270
-240
-210
-169
-136
-136
-109
-93
-53
-124
-144
-136
-120
-74
-35
-17
43
108
175
178
210
247
288
343
373
386
424
465
479
422
396
357
309
258
174
107
69
62
-1
-96
-161
-243
-331
-420
-528
-600
-629
-609
-614
-619
-589
-562
-527
-507
-544
-533
-523
-467
-503
-508
-484
-452
-400
-350
-326
-263
-208
-127
-172
-175
-174
-149
-128
-145
-168
-139
-101
-70
-104
-105
-132
-148
-143
-154
-175
-133
-73
-31
-72
-63
-65
-57
-58
-96
-124
-125
-93
-121
-170
-169
-175
-173
-169
-197
-214
-212
-174
-170
-144
-74
0
73
115
76
61
28
23
-75
-150
-202
-248
-271
-299
-356
-361
-366
-336
-427
-463
-484
-508
-511
-518
-526
-490
-440
-388
-397
-373
-347
-330
-310
-321
-340
-323
-290
-279
-325
-332
-348
-374
-404
-473
-519
-532
-498
-508
-518
-477
-427
-362
-292
-250
-202
-146
-66
-54
-47
-16
5
36
52
9
5
-6
17
-35
-58
-61
-65
-57
-61
-105
-97
-95
-61
-144
-175
-197
-225
-242
-280
-330
-352
-346
-332
-388
-402
-400
-386
-363
-364
-355
-322
-278
-233
-246
-239
-234
-225
-221
-270
-321
-370
-376
-452
-541
-576
-588
-564
-513
-476
-415
-356
-276
-295
-315
-314
-311
-282
-241
-230
-180
-146
-102
-148
-182
-206
-238
-252
-267
-308
-276
-235
-151
-171
-135
-86
-33
36
90
136
212
297
366
349
347
317
250
162
27
-118
-227
-303
-388
-502
-551
-579
-587
-577
-595
-583
-545
-469
-449
-443
-406
-376
-351
-331
-339
-329
-308
-245
-270
-278
-257
-246
-217
-189
-191
-152
-122
-79
-127
-165
-191
-218
-221
-226
-261
-223
-181
-109
-136
-119
-95
-75
-51
-54
-68
-51
-20
11
-19
2
26
37
68
54
35
13
41
39
-4
20
34
58
72
58
47
45
72
49
13
10
-3
7
23
0
0
6
50
-6
-41
-51
-65
-56
-55
-75
-46
-6
64
57
74
98
107
120
115
75
109
152
226
216
247
276
294
315
312
295
305
324
336
279
268
263
259
264
240
220
235
277
286
262
292
327
367
406
399
407
415
431
375
287
227
172
128
93
34
18
13
50
-24
-71
-93
-118
-119
-116
-129
-103
-81
-47
-112
-152
-173
-199
-207
-229
-281
-264
-234
-178
-195
-169
-132
-90
-38
-4
26
95
176
243
234
263
290
318
355
364
380
430
505
530
533
564
557
570
590
557
534
513
520
459
406
400
424
454
505
517
570
599
677
620
565
485
368
243
110
-44
-158
-254
-289
-400
-450
-454
-447
-403
-361
-337
-250
-148
-35
12
86
158
213
255
254
225
217
209
184
102
83
84
96
119
116
123
158
217
230
218
255
297
351
410
438
495
575
685
758
816
906
984
1053
1104
1098
1131
1156
1217
1158
1119
1091
1053
1021
975
895
843
790
771
657
596
554
507
477
434
368
356
358
374
335
