0
11
8
21
12
0
-11
23
47
26
38
22
5
31
1
-49
-20
16
-15
15
33
14
-4
7
2
-9
11
10
-4
8
0
-32
-39
-70
-83
-84
-92
-77
-96
-89
-98
-113
-104
-95
-57
-71
-98
-108
-74
-66
-59
-61
-29
-32
-28
-10
11
3
-5
-19
-30
-44
-25
-24
-38
-21
-10
-6
9
13
-3
-1
15
25
15
-26
-21
-30
-37
-41
-51
-43
-7
4
-2
-3
19
1
16
18
-14
8
2
-20
12
2
-4
-42
-53
-79
-49
9
1
-5
26
23
34
70
34
32
19
61
40
18
-6
13
-18
-34
-27
-20
-31
-35
-42
-39
-19
-6
-5
-11
-6
-34
-6
29
2
-10
-5
-8
-53
-32
-40
-41
-37
-25
-30
-24
34
20
-16
26
44
23
24
-17
-21
17
-13
-42
-39
-64
-57
-50
-1
-10
-36
-40
-16
15
11
48
51
2
15
49
19
-11
-4
-27
-23
-23
-63
-30
-18
-28
-3
-4
25
28
20
49
34
42
52
60
49
56
17
6
11
12
-27
-7
9
-20
-29
-11
21
8
9
15
9
47
47
24
-14
-20
-6
-19
-6
-23
-60
-49
-24
-29
-42
-14
15
-8
-3
30
5
45
2
-19
6
7
4
-8
-3
-28
-51
-23
-15
-10
-20
27
-8
-11
-7
6
43
40
31
22
28
29
18
9
7
-24
-15
-2
-41
-55
-33
-75
-93
-77
-31
-37
-1
14
1
1
30
36
26
33
40
52
58
92
97
116
168
166
163
214
211
208
276
299
289
322
357
366
414
474
522
560
639
646
663
679
715
731
728
732
767
786
819
780
717
709
708
710
644
567
589
635
654
460
364
287
501
816
1258
1963
2695
3856
5146
6147
6772
6623
5601
4581
4067
3953
4009
3754
3564
3251
2841
2498
2230
1932
1540
1049
538
121
-284
-741
-1216
-1659
-2103
-2434
-2733
-2872
-2898
-2970
-3064
-3183
-3333
-3389
-3445
-3498
-3504
-3500
-3464
-3385
-3340
-3223
-3137
-3051
-2917
-2747
-2615
-2486
-2264
-2114
-2001
-1860
-1722
-1596
-1455
-1378
-1268
-1205
-1103
-992
-882
-806
-666
-589
-507
-419
-419
-363
-278
-249
-281
-305
-280
-266
-299
-272
-277
-295
-251
-241
-281
-318
-302
-289
-272
-276
-279
-281
-238
-194
-166
-93
-44
-15
-10
4
-7
45
86
93
108
123
134
104
128
113
110
115
104
71
58
39
7
5
16
-2
-8
17
-26
-18
18
-18
-7
-28
-24
-39
-82
-52
-21
-35
-31
5
-8
-39
-54
-49
-34
-17
-22
-18
18
21
-14
-45
-6
-35
-85
-47
-40
-59
-44
0
-73
-54
-8
-41
-39
-20
-30
-47
-20
-6
-31
-39
-27
-73
-60
-42
-61
-90
-85
-78
-87
-85
-38
-53
-13
-8
-32
6
6
2
13
6
-35
-38
-15
-30
-52
-47
-60
-40
-74
-46
-16
-32
-45
-38
3
37
53
36
17
30
-6
-7
-1
14
-6
-12
-24
-56
-48
-51
-55
-31
-29
-35
-8
7
-11
-2
11
-1
-19
-20
-37
-21
-4
-33
-64
-67
-55
-48
-69
-14
-31
-47
-11
-26
-22
-1
29
11
7
25
-8
-18
0
-1
-63
-73
-57
-114
-103
-69
-57
-53
-56
-81
-101
-47
-15
-39
-60
-16
-23
-64
-55
-30
-42
-79
-75
-76
-86
-88
-77
-70
-71
-62
-59
-77
-64
-80
-59
-68
-92
-72
-94
-94
-104
-87
-93
-94
-64
-80
-68
-50
-51
-58
-72
-100
-103
-85
-86
-107
-128
-101
-93
-86
-107
-108
-114
-128
-98
-70
-75
-58
-36
-42
-37
-32
-57
-103
-108
-128
-141
-134
-123
-105
-137
-160
-141
-133
-103
-77
-77
-47
-69
-74
-56
-60
-72
-89
-139
-108
-106
-139
-128
-143
-139
-120
-112
-104
-93
-92
-133
-129
-106
-132
-131
-124
-184
-147
-146
-203
-204
-189
-183
-205
-217
-198
-230
-245
-218
-203
-172
-159
-182
-168
-196
-229
-217
-226
-243
-258
-264
-279
-312
-325
-298
-308
-294
-256
-293
-277
-264
-293
-256
-218
-227
-247
-255
-270
-289
-260
-268
-290
-325
-307
-302
-305
-280
-266
-281
-264
-256
-220
-230
-186
-196
-207
-166
-146
-177
-167
-119
-139
-142
-167
-174
-138
-136
-154
-171
-109
-98
-115
-99
-69
-60
-87
-73
-86
-85
-63
-80
-101
-94
-109
-153
-138
-119
-107
-114
-93
-81
-75
-66
-53
-57
-13
-12
-54
-43
-33
-43
-70
-90
-87
-62
-43
-72
-75
-71
-49
26
44
77
65
73
97
123
112
155
140
107
140
163
174
166
164
190
200
173
179
212
209
219
226
236
265
261
271
292
305
294
300
322
339
375
356
326
331
327
332
348
333
324
328
356
357
366
388
372
388
385
402
392
382
357
370
380
386
352
339
360
378
366
328
346
369
367
356
348
364
379
376
352
318
299
291
281
289
269
243
210
206
229
199
197
215
227
191
161
136
163
181
155
157
169
148
139
154
160
145
132
153
131
124
113
117
121
101
107
106
77
87
113
93
85
73
96
113
82
61
102
76
61
69
36
32
51
36
45
80
50
55
79
67
19
34
61
0
17
48
45
27
54
73
80
71
96
57
38
38
17
16
66
52
29
25
17
33
36
44
60
20
33
59
68
76
72
14
8
38
36
15
-2
-17
-25
-29
-2
6
-5
-10
-23
-24
21
1
18
18
16
29
12
15
24
-9
-3
2
7
9
26
49
74
97
111
118
105
45
69
118
152
122
116
116
95
100
87
59
105
138
128
115
144
138
117
141
121
100
97
79
84
73
67
30
11
1
15
8
13
56
44
20
46
60
59
86
71
59
38
6
-11
-11
14
-4
-6
24
-28
-20
33
22
3
27
24
29
25
47
54
38
44
49
32
-1
1
2
21
16
32
30
17
37
67
101
73
46
32
48
7
16
18
22
-16
-28
-44
-45
-49
-43
-98
-97
-51
-42
-47
-62
-42
-27
-36
-70
-64
-66
-59
-45
-53
-55
-77
-87
-91
-111
-92
-59
-33
-62
-72
-56
-61
-32
-18
-21
-21
-24
-28
-68
-100
-108
-130
-122
-130
-134
-107
-115
-115
-96
-91
-91
-158
-147
-94
-86
-59
-53
-94
-83
-91
-81
-83
-95
-135
-136
-113
-125
-122
-141
-122
-131
-143
-108
-69
-56
-73
-75
-91
-122
-128
-169
-146
-109
-117
-150
-123
-102
-142
-138
-171
-158
-130
-79
-62
-94
-86
-65
-77
-66
-65
-75
-89
-72
-114
-130
-142
-125
-148
-122
-122
-121
-99
-85
-94
-91
-69
-76
-89
-75
-90
-137
-117
-125
-121
-92
-98
-96
-94
-91
-89
-58
-43
-73
-86
-80
-55
-61
-54
-41
-92
-109
-59
-74
-70
-71
-100
-84
-39
-9
-29
-46
-19
-33
-14
-12
-8
-38
-42
-57
-84
-49
-12
-39
-19
-41
-36
-61
-44
-26
-26
-41
-17
-15
-25
-17
-4
-37
-54
-48
-42
1
-9
-44
-29
-19
-44
-58
-26
-33
-31
-45
-31
-1
40
36
7
10
-3
13
-5
29
23
-57
-28
20
-8
-8
-6
2
26
15
5
11
39
12
41
47
39
-4
6
32
20
21
-15
-38
-26
14
2
-10
-8
29
21
22
28
36
54
71
36
43
81
31
0
-9
14
36
25
7
18
17
62
43
17
46
77
60
46
74
75
72
71
85
91
92
62
90
96
106
122
164
134
97
108
125
139
113
95
98
99
127
136
103
122
133
141
109
121
151
154
150
142
149
164
183
128
97
95
81
37
28
12
-21
12
15
1
-39
-58
-53
-39
-68
-61
-32
-41
-45
-73
-90
-103
-149
-146
-125
-140
-192
-195
-228
-236
-222
-230
-276
-275
-264
-271
-274
-287
-273
-252
-259
-213
-210
-200
-158
-184
-180
-137
-119
-135
-127
-119
-75
-98
-78
-61
-59
-64
-57
-81
-80
-73
-92
-37
-17
-5
-11
-33
-45
-21
-2
9
25
22
22
28
58
58
19
42
105
88
92
117
74
105
135
128
156
161
155
151
149
125
102
130
157
130
136
116
143
126
141
121
120
144
127
116
112
145
158
130
145
131
90
75
103
84
42
25
16
-10
27
13
23
-1
23
19
43
50
14
14
34
25
48
34
40
22
24
33
36
42
27
27
18
79
88
41
66
90
64
83
110
86
67
68
73
82
80
72
9
64
95
67
66
92
89
113
99
79
67
102
110
88
39
44
61
24
42
45
30
42
36
29
54
58
35
42
67
77
61
55
17
27
15
32
-4
6
31
7
25
50
48
43
51
34
5
26
45
26
53
66
24
-11
20
-9
10
41
51
4
56
74
89
80
83
50
41
53
48
20
54
41
27
20
7
-15
-19
-18
12
29
52
47
55
73
93
68
101
105
93
95
80
75
43
18
9
-14
4
10
9
24
0
12
28
82
97
71
76
60
64
66
52
20
21
35
39
19
3
4
6
35
8
32
32
56
61
57
63
59
51
80
29
35
23
47
43
27
20
15
-10
19
22
15
65
73
45
67
79
52
24
25
22
9
36
45
19
5
-11
0
38
56
9
7
34
45
32
27
24
20
71
19
8
21
15
9
-27
-16
-2
10
41
35
18
17
60
91
59
67
67
31
-12
2
24
11
51
3
-11
-16
-20
-29
-7
-7
21
0
28
42
23
63
40
42
70
69
13
-5
6
5
-36
-42
-39
-24
5
14
-18
5
15
3
9
36
37
51
51
44
30
51
18
-39
-51
-44
-72
-29
-3
2
31
26
15
2
3
17
-4
14
5
-14
30
49
16
15
8
-12
-15
26
43
26
7
22
6
-10
-6
-5
22
51
21
37
42
0
-25
-39
-10
-28
-20
-8
-5
-13
-11
-13
-4
35
43
5
-2
29
26
-21
-16
7
-20
-19
-16
-51
-22
6
-10
-24
10
28
63
64
58
30
47
9
-3
-7
4
-32
-41
-45
-51
-27
-21
-32
-25
-45
-33
-46
-36
-9
1
27
46
39
12
39
33
-7
12
13
-23
-39
-44
-65
-49
5
9
3
8
21
39
42
43
49
56
90
68
54
68
69
58
37
-2
2
21
-4
-37
-56
-61
-67
-59
-61
-65
-37
-34
-38
-31
-7
-14
-35
-19
-11
-20
-37
-42
-38
-54
-42
-48
-92
-89
-86
-79
-83
-68
-57
-80
-83
-46
-51
4
-24
-34
-24
29
5
-17
-11
-4
-26
-31
-8
1
-34
-53
-48
-82
-68
-45
-62
-59
-39
-2
28
41
-3
-31
-1
9
5
47
33
13
1
5
2
24
4
-26
-47
-16
-27
-14
-2
2
-14
31
38
17
4
3
-4
35
37
21
11
10
-25
-30
-3
3
-12
-25
-9
16
-9
23
8
-16
34
42
17
-9
17
11
20
-4
-29
-58
-48
-77
-58
-24
5
20
2
17
29
31
40
17
-31
-16
9
9
13
-26
-74
-50
-21
-52
-65
-40
-24
-40
11
19
8
18
24
28
-4
-8
-6
-6
-22
-17
-20
-24
-23
-11
-17
-13
-9
-9
-7
-18
-62
5
43
49
49
74
63
47
36
-13
-52
-16
-7
-60
-85
-65
-39
-45
-33
5
7
8
14
19
22
42
15
51
12
-51
-30
16
-21
-62
-51
-9
-47
-46
-26
-67
-5
9
-25
-37
-22
3
16
-22
1
-58
-83
-60
-42
-57
-41
-24
-32
9
28
9
9
-3
-2
12
25
7
-19
-5
-34
-32
-7
-41
-20
-12
8
-17
-44
-7
-19
-27
-17
-4
-15
23
-1
-59
-59
-36
-55
-42
5
-34
-67
-84
-1
-14
-17
58
46
83
133
157
133
181
243
248
263
314
297
300
320
340
384
444
495
541
611
612
661
754
785
761
818
911
900
932
984
1024
1015
1021
1008
984
992
1059
987
900
906
992
968
847
816
819
1005
1314
1721
2232
2810
3736
4837
5679
6227
6123
5340
4526
4102
3993
3972
3640
3331
3012
2633
2276
2012
1659
1135
633
185
-251
-697
-1112
-1591
-2081
-2485
-2797
-3080
-3239
-3201
-3268
-3319
-3344
-3429
-3462
-3473
-3494
-3487
-3456
-3398
-3327
-3200
-3104
-3024
-2925
-2756
-2591
-2441
-2263
-2150
-1987
-1856
-1710
-1560
-1431
-1298
-1223
-1181
-1080
-1024
-958
-844
-757
-686
-613
-561
-499
-478
-415
-355
-324
-323
-340
-350
-348
-329
-332
-320
-302
-329
-311
-347
-360
-376
-356
-313
-313
-285
-289
-281
-190
-179
-161
-111
-69
-23
4
16
40
64
93
75
48
45
75
61
21
11
23
12
8
-39
-55
-38
-20
-33
-60
-51
-77
-119
-109
-53
-57
-67
-60
-90
-76
-73
-89
-87
-62
-33
-34
-45
-30
-25
-53
-65
-67
-39
-57
-69
-61
-34
-10
-34
-60
-48
-40
-7
22
4
-12
-18
7
-14
-26
2
-20
-51
-77
-94
-154
-128
-110
-147
-166
-155
-102
-96
-101
-115
-60
-69
-55
-75
-71
-41
-46
-44
-75
-79
-97
-99
-114
-90
-86
-94
-70
-105
-66
-44
-43
-47
2
35
18
3
12
39
-8
-16
3
-4
-33
-27
-53
-59
-61
-48
-43
1
13
0
-22
19
31
-13
10
25
8
26
1
20
24
-5
-12
-16
-41
-55
-10
22
60
60
18
26
23
34
43
44
30
28
-2
3
-3
4
33
28
16
15
7
8
8
41
60
38
39
68
66
35
13
2
-16
-44
3
24
-19
-26
-27
-27
-21
7
10
-23
-12
0
10
45
9
8
5
12
-22
-25
-33
-35
-6
-1
-69
-87
-35
-4
0
11
-17
-37
-35
-26
-13
-5
-4
10
-11
-39
-56
-28
-29
-35
-27
-34
-40
-32
-60
-47
-46
-47
-47
-33
-32
-24
-18
-24
-39
-28
-37
-66
-69
-61
-113
-115
-114
-97
-107
-106
-84
-117
-107
-89
-88
-74
-88
-72
-75
-91
-83
-116
-141
-150
-153
-130
-118
-146
-172
-191
-187
-189
-166
-159
-172
-150
-166
-175
-151
-172
-183
-189
-174
-223
-242
-206
-233
-221
-221
-224
-265
-230
-198
-214
-258
-251
-242
-285
-264
-280
-279
-249
-242
-240
-216
-202
-208
-217
-202
-215
-211
-209
-228
-193
-182
-207
-225
-220
-206
-192
-231
-220
-178
-169
-161
-155
-135
-133
-103
-90
-152
-134
-118
-141
-169
-189
-175
-170
-175
-182
-177
-165
-175
-152
-145
-174
-182
-145
-124
-140
-128
-95
-123
-95
-83
-100
-125
-121
-118
-159
-154
-148
-162
-113
-87
-107
-154
-147
-115
-107
-71
-73
-87
-83
-61
-68
-67
-69
-83
-56
-79
-70
-90
-62
-76
-86
-70
-50
-34
4
44
60
35
29
67
107
82
94
100
159
165
156
189
172
236
249
240
237
231
239
287
249
266
265
266
279
289
263
294
308
316
346
349
355
377
338
342
367
393
385
405
378
405
405
374
336
362
356
385
387
389
366
337
352
382
374
382
360
370
385
398
385
362
356
372
347
309
287
288
323
302
258
270
266
276
269
292
273
276
297
277
289
290
291
246
244
258
207
207
188
179
178
188
167
148
172
176
158
180
193
194
169
186
177
140
161
137
125
130
127
117
105
97
123
139
143
124
107
132
118
110
143
124
115
99
76
54
66
42
73
95
69
64
60
86
54
43
43
51
53
95
71
80
62
36
33
55
42
3
-10
9
12
17
24
19
31
44
31
43
71
79
87
86
58
62
36
37
38
35
13
-14
-30
-40
-30
8
-10
-6
1
-16
10
44
18
30
64
43
35
49
50
15
9
30
20
-25
-24
-52
-94
-34
-32
-39
-40
18
38
16
11
23
32
48
33
4
13
2
-26
-39
-21
-21
-15
-2
26
18
14
32
54
41
39
38
56
37
36
44
32
36
19
32
46
46
47
66
85
74
94
125
106
107
83
52
71
101
90
80
94
98
85
116
110
115
134
117
141
141
136
113
123
121
108
89
126
123
90
121
95
78
82
83
79
100
97
89
113
107
99
105
109
128
145
117
82
54
61
62
39
27
22
23
14
4
36
61
95
91
86
71
81
73
58
80
90
37
68
87
121
132
114
95
99
111
121
115
112
89
90
96
71
61
52
83
54
32
85
58
33
32
69
73
68
42
31
63
30
-17
8
-15
-21
-60
-70
-54
-78
-87
-111
-140
-169
-172
-174
-204
-200
-169
-147
-137
-94
-63
-80
-61
-31
-46
-70
-96
-114
-91
-86
-81
-82
-69
-87
-124
-107
-64
-82
-88
-56
-31
-57
-79
-69
-79
-70
-68
-107
-72
-84
-132
-97
-69
-69
-68
-91
-112
-90
-87
-80
-78
-80
-74
-86
-65
-66
-85
-97
-113
-112
-111
-73
-88
-101
-74
-62
-92
-74
-49
-31
-72
-78
-46
-66
-64
-57
-99
-102
-99
-85
-98
-101
-116
-104
-82
-94
-91
-80
-71
-90
-80
-28
-13
-54
-27
-61
-77
-76
-71
-71
-114
-135
-87
-61
-69
-67
-101
-69
-51
-22
-32
-21
-25
-30
18
-35
-41
5
-6
-41
-54
-39
-75
-37
-48
-75
-70
-66
-50
-61
-53
-8
7
-7
-14
-24
-23
-20
-14
2
-30
-39
-54
-63
-63
-78
-85
-62
-65
-76
-72
-53
-34
-13
5
25
13
-24
-43
-12
-7
-15
-26
-20
-53
-51
-55
-65
-41
-72
-70
-94
-71
-60
-48
-36
-11
-29
-30
-6
-18
-63
-52
-84
-92
-66
-95
-98
-78
-94
-95
-91
-58
-87
-84
-90
-119
-135
-137
-108
-114
-123
-138
-132
-178
-183
-197
-209
-199
-203
-238
-264
-229
-147
-129
-146
-134
-137
-109
-126
-139
-108
-108
-126
-99
-51
-14
-6
-41
-21
-19
-8
22
24
7
31
38
53
49
32
59
70
115
84
100
109
101
81
110
127
110
134
98
80
86
65
51
46
59
75
108
100
87
65
88
98
74
64
76
50
28
42
45
19
9
39
35
24
0
-1
58
78
64
31
59
60
45
16
6
-61
-50
-8
11
-21
-25
1
-27
-19
-43
-18
1
44
29
7
12
37
-9
-5
-5
-8
14
0
-36
-27
-7
9
19
57
60
22
40
41
-13
-44
-15
25
39
53
47
22
49
61
34
63
73
64
38
63
68
61
48
45
59
60
52
14
-20
-2
22
54
58
51
35
64
39
36
50
34
63
48
24
13
-7
0
-8
-7
13
13
-20
-26
-27
-2
40
96
76
19
-37
-17
-20
28
21
10
-8
13
15
-10
-33
-21
17
20
35
26
11
12
4
28
39
5
9
56
43
29
10
5
26
30
1
-5
35
63
29
27
73
75
46
12
14
-1
1
30
30
10
31
38
8
12
9
19
57
41
-16
0
8
-5
-10
-3
23
-23
-21
-24
-21
-10
4
-27
-52
-7
-20
7
36
24
21
36
5
-16
-30
-47
-35
-26
-33
-56
-54
-35
-38
-52
-50
-32
-25
39
72
67
41
40
28
25
5
16
1
4
-17
-4
-4
-7
-14
-27
-25
-12
-31
28
39
22
33
9
13
15
-9
13
-19
-13
-5
-16
-22
-31
-40
-64
-44
-68
-52
-5
18
31
28
65
49
23
-6
-22
-30
-18
-16
-38
-14
-28
-41
-29
-51
-82
-52
-39
-33
-3
-8
-14
-10
-16
-33
-12
16
25
-7
-31
-17
-33
-65
-54
-73
-86
-78
-30
-2
-8
1
3
-18
-21
-9
-12
-5
1
-4
33
-9
-39
-13
-44
-33
-24
-23
-35
-23
-29
-16
24
6
2
17
28
36
37
13
7
-18
-61
-53
-47
-61
-39
-42
-51
-63
-61
-5
7
-21
-22
-7
46
48
1
-21
-35
-1
-60
-54
-49
-26
-14
-22
-5
-8
-14
10
-22
1
21
28
61
17
-9
9
23
-28
-55
-31
-30
3
0
-54
-66
-45
-19
2
-8
1
14
13
-4
-26
-21
-33
-5
-32
-21
7
-22
-21
9
3
10
33
23
16
13
14
2
23
31
-8
-25
-19
1
-14
52
36
23
18
13
7
38
55
54
-14
-12
-22
-50
-11
-29
-44
-26
-30
-46
-30
-39
-45
3
0
-15
-21
-10
-11
-11
-38
-46
-49
-45
-49
-63
-68
-88
-88
-83
-102
-59
-41
-15
-39
-62
-18
-2
-19
-15
-56
-28
-40
-5
17
-5
-9
1
-14
-33
-27
-52
-41
-36
-20
-30
-56
-21
17
14
17
-2
-9
39
42
16
-9
-5
-16
-11
-4
-22
-13
5
4
-12
-7
-8
22
59
53
45
29
65
46
19
24
46
28
23
-25
-25
-28
-25
-19
-5
-25
-16
-40
-21
43
12
45
56
31
48
51
36
37
14
-3
-13
-30
-31
-48
-47
0
-16
-3
29
43
16
15
16
33
26
46
14
-2
29
-10
-10
7
-8
-21
-19
-9
-9
-11
8
27
8
10
43
5
7
24
7
-9
-14
-53
-24
-6
-19
-19
-5
10
6
-9
-22
-8
54
14
-22
-22
21
40
1
1
25
26
31
33
-1
-12
28
48
23
23
16
25
46
51
-11
32
68
66
56
5
0
18
47
51
21
37
42
5
-9
-4
28
31
45
33
29
56
37
27
22
21
-10
0
4
-6
15
31
43
-11
14
49
28
37
52
28
26
41
25
22
34
23
-6
-17
-24
-37
-50
28
39
-10
17
17
12
19
2
18
22
29
-22
-18
-12
0
1
22
20
12
35
24
20
46
75
21
39
73
103
127
151
185
145
166
199
220
223
249
278
289
305
280
285
322
347
377
452
430
467
490
471
383
256
88
-128
-502
-1007
-1089
-211
1042
1755
1684
1178
679
8
-336
-604
-1240
-312
1248
1819
833
394
572
1255
1625
1338
682
711
1917
3662
4602
5190
5505
5213
4746
4096
3484
2917
2301
1927
1696
1611
1410
1170
902
604
260
-81
-429
-786
-1098
-1369
-1592
-1903
-2177
-2413
-2557
-2597
-2686
-2763
-2720
-2716
-2713
-2690
-2609
-2515
-2415
-2299
-2201
-2133
-2060
-1944
-1891
-1796
-1688
-1624
-1554
-1401
-1257
-1139
-1002
-910
-817
-753
-692
-624
-582
-545
-484
-421
-398
-367
-342
-261
-197
-145
-102
-80
-62
-84
-75
-76
-114
-133
-118
-108
-92
-72
-57
-67
-23
-28
-32
-25
-7
21
35
82
116
124
198
212
188
262
264
243
253
257
265
256
201
189
160
161
130
101
75
76
51
37
45
6
28
55
56
44
14
7
28
36
14
8
48
51
18
-8
-1
-5
-16
7
5
-33
-22
16
-12
-41
-20
10
-6
30
34
16
43
58
38
38
40
33
-22
-30
-13
-63
-50
-43
-41
-48
-49
-43
-42
-24
5
-14
1
12
2
-2
20
12
14
11
2
-13
18
2
-1
-13
-47
-25
-24
-44
-54
-1
-7
24
40
53
17
57
69
18
-1
27
24
-25
-34
-21
-4
-29
-50
-66
-68
-59
-44
-23
-41
-25
4
-8
14
-26
-32
-3
-13
-42
-40
-35
-63
-61
-39
-79
-62
-34
-55
-41
-44
-21
-30
-14
-20
-5
3
-5
-35
-70
-58
-62
-81
-81
-88
-81
-61
-55
-76
-52
-57
-27
-13
-39
-32
-33
-54
-92
-100
-73
-93
-80
-85
-67
-69
-60
-60
-45
-25
-15
-13
-23
-42
-71
-58
-63
-41
-25
-55
-59
-37
-56
-70
-81
-119
-85
-98
-65
-74
-49
-36
2
-30
-8
2
-9
-32
-22
-40
-51
-35
-48
-70
-71
-60
-71
-91
-74
-55
-36
-42
-52
1
10
-17
-16
-17
-16
-4
-16
-27
-21
-24
-62
-55
-28
-23
-53
-44
-46
-66
-56
-51
-61
-63
-32
-20
-57
-16
-16
-60
-81
-97
-109
-113
-93
-93
-125
-105
-93
-115
-69
-62
-74
-76
-62
-56
-73
-75
-88
-95
-79
-100
-112
-96
-78
-88
-78
-56
-41
-50
-26
-26
-32
-25
-58
-74
-44
-48
-45
-85
-84
-81
-125
-119
-120
-109
-81
-89
-86
-107
-123
-96
-77
-74
-74
-87
-113
-105
-101
-127
-157
-172
-170
-166
-189
-175
-213
-216
-210
-203
-184
-215
-228
-202
-225
-221
-177
-133
-156
-193
-220
-231
-229
-229
-245
-279
-282
-276
-274
-293
-255
-279
-275
-265
-273
-251
-246
-250
-258
-258
-253
-264
-244
-258
-270
-258
-250
-253
-236
-243
-254
-258
-224
-212
-205
-195
-216
-205
-216
-235
-258
-242
-214
-256
-241
-220
-205
-205
-159
-122
-137
-113
-120
-109
-96
-76
-72
-73
-79
-50
-39
-54
-44
-54
-60
-41
-34
-6
38
55
48
108
121
125
146
155
166
184
217
243
243
261
284
277
299
316
332
317
324
324
334
346
377
357
333
356
334
316
326
352
367
368
371
358
380
422
440
469
486
515
548
581
647
673
668
647
681
657
655
652
655
650
619
616
608
593
571
591
594
572
553
582
552
574
542
540
510
497
512
500
501
483
450
470
469
417
344
312
295
258
269
244
241
263
194
147
138
131
125
94
70
71
62
101
91
50
74
100
115
122
133
135
145
149
183
149
125
113
88
104
115
97
81
44
-5
2
30
24
16
18
52
23
14
13
37
46
24
38
45
42
-9
-44
3
24
15
0
-5
3
-5
16
24
6
7
7
23
27
19
5
-14
-33
-34
-38
-7
-4
-39
-27
-3
-23
-20
-2
-3
-25
-18
14
19
-10
-28
-10
11
10
-39
-52
-31
-17
-6
8
29
9
24
42
36
41
43
75
69
61
21
-2
0
25
-3
3
25
4
15
37
46
46
61
67
78
67
66
93
67
47
28
20
35
26
15
47
25
43
27
28
57
79
61
59
94
52
46
76
71
49
44
40
19
19
71
51
52
41
20
22
43
59
114
109
108
73
57
80
91
87
58
32
44
25
19
11
6
-4
-8
2
-1
-6
-10
7
20
36
44
53
50
23
9
-4
-6
2
20
18
-34
-52
-56
-69
-78
-23
-39
-48
-54
-45
-8
0
-1
-11
-14
13
2
7
-20
-30
-53
-77
-74
-81
-79
-51
-51
-46
-34
-29
-50
-34
-33
-54
-76
-77
-64
-57
-74
-62
-70
-80
-83
-82
-108
-102
-143
-123
-107
-95
-68
-16
28
-10
7
21
1
-28
-42
-61
-74
-99
-111
-113
-146
-142
-130
-112
-108
-102
-107
-84
-103
-55
-38
-74
-63
-61
-44
-84
-79
-108
-136
-150
-106
-91
-82
-71
-66
-73
-110
-97
-75
-59
-53
-100
-105
-91
-80
-106
-110
-117
-101
-100
-109
-124
-124
-118
-88
-57
-54
-69
-64
-66
-65
-72
-86
-81
-82
-86
-105
-114
-100
-77
-88
-70
-53
-29
-30
-30
-55
-59
-70
-95
-101
-77
-94
-72
-86
-101
-98
-88
-78
-96
-126
-111
-111
-79
-44
-29
-54
-46
-40
-37
-57
-85
-77
-64
-75
-95
-94
-90
-85
-63
-88
-95
-72
-59
-13
-1
-25
-30
-29
-23
-27
-33
-63
-37
-29
-20
-61
-88
-61
-50
-17
-14
-18
-54
-34
-16
-42
-34
-47
-50
-46
-59
-15
-36
-61
-68
-64
-43
-16
-43
-6
-32
-24
-7
-41
-37
-40
-1
10
-33
-71
-68
-73
-96
-85
-76
-61
-66
-66
-68
-24
-43
-23
-24
-25
-1
-38
-31
-43
-85
-95
-98
-122
-121
-123
-145
-197
-188
-158
-138
-95
-85
-90
-44
1
-7
27
33
33
67
61
76
86
104
102
85
106
96
65
80
87
63
59
59
91
104
156
178
163
182
189
190
208
209
198
197
209
175
147
160
155
144
118
107
116
127
119
99
68
60
64
62
71
49
52
62
65
34
41
51
60
11
9
-36
-95
-103
-131
-193
-240
-299
-375
-438
-472
-520
-527
-513
-552
-560
-524
-533
-556
-514
-481
-469
-421
-376
-342
-276
-227
-180
-147
-119
-57
-74
-71
-41
-43
-40
-8
16
-17
-23
11
20
18
71
93
88
90
116
99
85
85
58
82
108
80
100
109
102
71
112
61
27
73
62
23
29
64
58
37
-2
17
-11
-24
-26
-47
-41
-50
-52
-72
-49
-30
-45
-43
-31
6
35
-3
-32
-50
-39
-66
-62
-49
-66
-60
-15
-28
-86
-109
-67
-49
-42
-25
-55
-47
-17
-9
1
8
2
4
-14
1
27
7
25
35
4
29
32
79
91
97
92
127
139
129
92
90
101
109
168
175
148
149
147
150
124
156
145
140
174
150
134
160
151
126
95
120
109
97
104
118
98
88
103
97
84
43
22
45
51
40
25
34
8
1
-5
-12
-32
-45
-44
-49
-66
-57
-53
-67
-84
-80
-40
-10
-45
-30
-14
8
-38
-51
-46
-50
-54
-45
-54
-60
-72
-67
-49
-37
-25
-36
5
27
4
-5
11
52
31
1
-8
15
15
-1
-6
-46
-27
-40
-47
-34
-33
-49
-45
-26
-26
1
84
68
8
24
37
11
37
12
-25
-61
-43
-39
-82
-48
-41
-50
-21
4
-8
-22
15
24
15
18
15
26
23
21
-19
-8
15
-21
-47
-56
-44
-6
4
-13
-16
2
3
2
5
42
48
44
47
21
18
36
37
-6
-9
-17
-20
-11
-20
3
-8
3
1
4
9
20
29
39
45
41
40
46
5
0
11
-11
12
8
-11
-44
-51
1
9
-14
8
0
-5
25
24
34
26
49
31
29
7
-32
-40
-20
-23
-7
-25
-21
7
16
10
-22
-12
22
12
14
39
62
37
60
50
-6
-20
-10
-32
-17
-16
-8
-9
-6
-18
1
-3
-22
8
26
53
40
20
38
27
50
59
-2
-35
-8
24
28
-28
-36
-34
-24
15
27
23
36
30
-9
3
9
1
20
27
4
4
15
32
4
-12
-16
2
9
10
44
62
47
65
31
27
0
-8
-8
-28
-47
-76
-44
-55
-92
-114
-86
-70
-30
-24
-21
-25
-25
-24
-33
-8
-36
-23
-9
-22
-83
-68
-40
-59
-68
-55
-82
-107
-68
-59
-46
-43
-37
-53
-33
7
-26
-30
-57
-68
-55
-64
-44
-43
-72
-17
-24
-32
-17
-36
-25
-16
-13
-26
-50
-39
-32
-29
-47
-52
-17
-24
-7
11
18
29
4
24
11
12
13
40
30
13
16
10
-7
0
-12
10
-11
20
31
9
-9
24
56
93
85
37
15
-8
-26
-32
-19
-55
-45
-25
-35
-55
-40
4
-38
-58
-17
13
-40
-11
16
-1
-16
33
17
-13
-5
-12
-12
-21
-44
-38
-34
-49
-21
-37
-51
-45
5
-21
1
17
39
44
27
11
25
18
14
14
-28
-39
-20
-47
-30
-5
-31
-16
37
38
5
12
28
14
22
45
19
16
18
7
4
36
25
22
29
55
16
50
64
49
47
45
42
8
-15
12
5
40
13
1
18
-7
13
30
31
-4
10
41
-19
16
44
40
22
-15
-15
-36
-41
-1
-22
-25
-12
-9
-6
-2
33
15
28
22
7
-18
-30
16
27
35
11
-13
-1
6
-23
-10
8
-17
-36
-10
2
14
59
54
55
14
31
31
56
79
55
47
24
17
16
-31
7
-2
-38
-36
-1
-33
24
27
6
30
29
5
39
60
43
17
32
72
40
74
140
109
141
169
162
156
223
244
292
321
325
328
321
323
333
395
488
500
543
599
636
640
597
577
539
480
403
274
191
140
73
13
1
88
290
503
340
-291
-803
-1000
-1065
-1234
-1010
-841
-391
324
892
1651
2613
4069
5691
6433
6847
6781
5793
4652
3845
3489
3471
3127
2922
2726
2446
2133
1898
1698
1335
886
459
49
-345
-668
-1007
-1339
-1691
-1912
-2091
-2207
-2206
-2298
-2394
-2457
-2597
-2690
-2692
-2720
-2730
-2735
-2674
-2628
-2581
-2496
-2481
-2472
-2351
-2247
-2168
-2059
-1902
-1765
-1656
-1530
-1399
-1289
-1179
-1052
-1006
-952
-859
-775
-704
-619
-558
-463
-371
-305
-269
-217
-155
-126
-103
-81
-94
-116
-120
-135
-123
-65
-65
-80
-80
-86
-92
-75
-56
-79
-80
-32
-19
-41
14
51
59
137
133
178
213
264
212
193
218
206
168
187
145
137
133
150
148
92
76
45
40
35
32
50
44
39
43
19
6
-6
-17
6
-12
-30
-2
8
-13
29
27
28
33
31
30
-1
-22
-17
-16
-10
-18
-46
-30
-63
-54
-61
-2
-19
-37
-18
8
26
43
40
13
38
24
35
35
22
-8
-61
-86
-83
-72
-76
-65
-72
-57
-66
-62
-66
-35
-23
-28
-22
11
2
-25
-8
-5
-7
8
0
-33
-39
-23
-46
-48
-55
-64
-36
-22
-10
-13
-8
18
18
3
12
-9
-6
6
2
-22
-53
-83
-70
-58
-54
-50
-76
-66
-29
-5
-32
-19
-20
-35
-15
-30
-24
-24
-43
-33
-37
-51
-69
-56
-55
-67
-52
-18
-58
-44
-27
-24
-45
-41
-25
-43
-29
-50
-61
-65
-108
-78
-41
-61
-93
-129
-84
-93
-109
-97
-79
-75
-56
-51
-57
-30
13
10
-29
-50
-74
-49
-57
-90
-79
-72
-73
-104
-102
-76
-92
-89
-66
-45
-82
-60
-13
-66
-59
-64
-70
-80
-80
-104
-122
-145
-139
-164
-129
-137
-124
-129
-89
-111
-117
-95
-106
-131
-136
-122
-129
-144
-144
-179
-185
-148
-173
-168
-125
-115
-110
-120
-122
-137
-116
-91
-114
-104
-106
-113
-126
-140
-124
-113
-105
-99
-117
-97
-87
-69
-74
-64
-71
-107
-79
-93
-134
-111
-126
-114
-125
-131
-108
-98
-111
-132
-144
-116
-88
-89
-108
-111
-122
-102
-110
-138
-157
-120
-140
-183
-187
-217
-199
-187
-186
-215
-224
-182
-173
-174
-185
-197
-174
-192
-216
-232
-206
-203
-215
-230
-220
-239
-244
-252
-236
-241
-217
-189
-199
-199
-199
-214
-207
-192
-215
-226
-210
-227
-249
-220
-217
-240
-238
-258
-231
-204
-225
-207
-186
-178
-168
-178
-163
-162
-196
-195
-177
-178
-207
-231
-210
-218
-254
-217
-203
-185
-205
-195
-171
-155
-152
-162
-142
-135
-120
-107
-107
-131
-147
-150
-169
-148
-107
-130
-123
-115
-76
-76
-68
-67
-61
-88
-53
-58
-39
-44
-68
-50
-83
-60
-22
-26
-25
7
10
0
11
25
36
28
15
14
52
43
61
65
61
89
118
93
82
104
127
148
191
205
220
224
223
276
282
290
338
340
363
369
351
345
367
362
390
400
396
357
354
360
376
331
338
372
374
399
414
415
444
428
409
401
411
397
370
359
348
331
347
330
317
316
336
367
361
369
361
339
334
321
323
319
322
347
352
363
329
304
327
331
285
278
288
305
294
308
287
302
281
274
243
245
252
232
217
200
197
184
164
146
151
177
173
170
185
181
177
173
169
159
159
152
120
81
102
115
87
96
103
107
98
92
102
116
115
100
102
117
97
74
76
85
64
46
65
35
42
74
59
47
66
68
45
76
98
88
57
61
45
48
27
44
43
6
7
-30
-5
-12
-6
-6
-1
18
14
20
30
32
90
99
76
75
89
76
11
27
33
0
1
-12
-32
-33
-25
-24
6
38
29
70
82
57
66
9
2
-9
-6
-9
13
16
10
6
12
4
-1
-14
-2
47
55
3
39
54
28
-15
5
15
19
39
45
10
36
32
4
-8
-9
14
45
70
32
28
72
62
38
28
8
5
15
-10
7
24
21
34
28
15
-3
37
33
25
8
6
37
42
7
-2
-16
-4
-11
-39
-45
12
12
14
10
12
7
33
32
-9
-19
-7
-9
-14
-9
22
5
-10
-26
-28
-6
29
21
-22
-3
35
33
40
37
31
15
-2
1
10
-11
-3
-18
24
48
10
22
25
42
34
53
6
-18
-5
-20
20
2
16
5
-9
-22
-18
-7
-23
3
-50
-14
5
-6
-22
-43
-32
-22
-46
-53
-31
-20
-18
-34
-46
-30
-35
-29
-4
-17
-18
-14
-33
-82
-61
-44
-73
-85
-46
-51
-38
-51
-42
-49
-45
-34
-41
-48
-29
-57
-82
-73
-65
-57
-73
-75
-70
-57
-56
-50
-35
-42
-41
-50
-53
-50
-64
-75
-113
-70
-63
-42
-40
-39
-35
-5
-6
-28
-15
-19
-30
-54
-89
-80
-49
-49
-44
-29
-56
-40
15
4
-14
-22
-27
-51
-85
-103
-110
-69
-38
-44
-62
-46
-52
-27
-28
-44
-49
11
10
-30
-43
-40
-67
-67
-58
-56
-73
-68
-49
-59
-49
-24
-13
-17
-27
-26
-6
-30
-43
-40
-32
-23
-12
-24
-8
-63
-74
-66
-40
-31
-43
-59
-61
-23
-21
-2
38
29
33
9
13
22
-6
-38
-44
-66
-59
-80
-43
-53
-66
-79
-52
-7
-9
-40
-35
0
-7
-33
-24
-7
-17
-31
-72
-64
-18
-2
6
-5
-22
-36
-28
3
15
4
3
15
-8
-14
-28
-45
-15
-36
-25
-44
-63
-50
-40
-30
-26
-64
-38
19
16
60
26
13
24
43
58
7
1
-15
-33
-44
-40
-41
-50
-13
1
-10
-29
1
11
-1
9
13
14
2
2
19
3
-41
-44
-52
-39
-8
6
-10
-10
-4
24
34
59
74
75
65
77
125
114
128
140
100
73
89
112
58
79
49
34
26
16
47
65
83
76
59
72
71
55
94
77
71
71
78
61
27
42
35
-8
23
-14
-56
-18
-41
-61
-53
-58
-94
-105
-127
-155
-113
-35
-11
-43
-36
-48
-56
-26
-30
-50
-79
-76
-36
-63
-77
-83
-106
-61
-43
-47
-16
43
51
0
-20
-28
-20
-8
-18
-4
4
-6
-5
-12
-4
-12
-26
-13
10
-17
0
23
0
33
54
65
75
51
-1
-10
46
45
21
33
-3
-24
-27
8
21
29
30
29
12
7
27
53
66
51
70
31
46
55
23
25
5
21
24
-10
-17
-33
5
15
1
-6
21
22
27
35
46
42
28
21
31
18
2
-12
-12
-51
-52
-69
-60
-32
-42
-15
-29
-19
16
25
-15
11
31
37
-1
-4
-13
-6
-8
-32
-37
-32
-23
-11
-8
-2
-25
-18
15
53
45
77
45
47
47
36
31
16
10
1
-17
16
8
-26
22
17
18
45
60
61
54
59
25
30
38
27
-8
-10
27
26
34
26
8
19
42
32
41
34
24
47
48
56
47
41
43
28
17
5
-24
2
2
15
31
8
37
46
54
56
33
65
80
88
94
69
60
38
31
12
20
-4
21
12
5
3
3
10
59
70
55
63
100
79
34
21
18
6
64
17
-32
-11
18
23
41
46
38
48
91
73
43
45
71
89
55
28
6
38
43
25
27
51
45
23
-1
34
-5
13
38
42
27
34
40
66
30
6
22
41
9
1
13
12
-9
-10
3
42
35
49
53
62
42
49
78
82
72
78
25
47
42
7
13
-3
-18
-12
21
15
-10
18
42
39
62
69
57
64
63
22
38
53
45
31
37
37
10
-16
16
-15
-10
8
3
64
85
56
45
65
56
23
48
57
43
14
31
19
-12
2
-18
-1
44
23
54
56
30
44
60
60
55
41
38
45
37
30
-22
-37
-22
-3
-15
-18
9
-43
-15
-9
-6
28
24
14
38
20
3
-10
-26
-35
-61
-102
-91
-79
-75
-78
-36
-80
-70
-66
-32
-39
-16
-23
-40
-26
-36
-34
-40
-30
-66
-92
-78
-86
-71
-53
-42
-40
-14
-23
-40
-29
-10
3
13
34
7
-26
-21
-25
-69
-106
-95
-149
-176
-142
-140
-129
-128
-117
-131
-115
-86
-81
-87
-77
-80
-101
-71
-41
-73
-120
-150
-146
-111
-125
-143
-126
-119
-105
-107
-120
-120
-76
-63
-72
-71
-92
-76
-92
-66
-68
-94
-134
-108
-113
-115
-89
-80
-63
-54
-12
7
-13
-5
38
45
13
-9
-17
-34
-64
-90
-70
-23
-39
-57
-35
-27
-26
-16
16
14
25
18
25
-16
11
20
8
8
-20
-35
-27
-26
-44
-54
-21
14
6
27
58
33
22
31
39
30
29
8
12
27
-10
-13
37
0
-12
1
10
-22
-28
32
12
-13
9
13
2
14
7
-37
-33
5
-3
18
26
-19
-41
-39
-8
-22
-39
1
-43
6
26
0
33
49
41
56
64
37
25
33
28
9
9
-11
2
-42
-29
5
-17
21
51
59
36
32
59
44
38
25
5
49
11
17
25
4
-39
-19
32
32
33
48
25
42
48
36
32
40
16
4
13
20
25
21
15
-6
3
2
2
32
38
43
39
31
64
65
45
-17
-10
2
3
4
9
-13
10
34
2
10
2
8
28
55
50
42
42
18
22
15
19
-44
-6
-6
-4
9
25
3
18
43
38
55
58
65
58
56
66
41
16
44
38
7
-10
-6
-13
-29
16
5
18
36
40
60
81
90
102
70
110
106
116
139
113
111
107
124
137
179
197
194
226
278
293
329
336
361
380
429
490
498
544
589
669
774
786
830
862
931
970
1043
1059
1142
1199
1223
1226
1217
1218
1240
1220
1231
1185
1150
1204
1293
1221
1086
1032
1030
1267
1546
1996
2475
3109
4044
4958
5679
6057
5720
4880
4208
3821
3717
3509
3109
2809
2406
2077
1799
1513
1191
780
304
-64
-438
-862
-1298
-1759
-2188
-2549
-2823
-3071
-3167
-3131
-3235
-3285
-3345
-3394
-3428
-3459
-3476
-3493
-3461
-3340
-3262
-3146
-3036
-2976
-2857
-2685
-2530
-2367
-2198
-2034
-1893
-1800
-1640
-1511
-1386
-1247
-1160
-1125
-1030
-950
-864
-787
-734
-633
-557
-518
-456
-417
-363
-340
-316
-311
-283
-328
-385
-353
-362
-339
-306
-289
-320
-292
-261
-265
-267
-238
-207
-222
-178
-184
-149
-108
-46
2
32
83
96
88
120
129
108
139
141
125
149
148
134
88
80
62
41
43
37
17
35
23
3
49
13
-28
4
44
12
-10
5
10
-9
29
1
-36
-37
-23
-35
-31
-26
-51
-63
-42
-49
-49
8
23
22
3
-23
-7
19
41
9
-44
-50
-26
-3
-3
3
-57
-85
-36
-30
-27
10
15
-20
1
12
14
1
-14
-38
0
-6
-31
-27
-47
-56
-66
-83
-61
-73
-74
-91
-39
-19
5
2
-24
16
12
-14
-2
-42
-21
9
16
-54
-90
-77
-51
-40
-37
-27
-14
-47
-26
-14
-5
-6
6
-30
3
43
15
4
32
-3
-25
-32
-49
-39
-30
-40
-47
-16
-17
-7
15
39
47
45
28
13
-8
-19
-22
-15
-24
-10
-52
-65
-31
-13
-29
-32
-16
-54
-27
3
-4
-1
25
29
-13
-41
-58
-52
-33
-34
-49
-47
-75
-86
-48
-19
-48
-44
-38
-22
-35
-23
-35
-37
-35
-27
-26
-42
-52
-9
-13
-47
-54
-75
-58
-39
-53
-27
-42
-46
-59
-31
-18
-31
-48
-43
-58
-55
-70
-77
-93
-113
-131
-113
-113
-109
-98
-83
-92
-104
-77
-85
-62
-70
-83
-92
-107
-96
-83
-87
-95
-118
-111
-76
-85
-124
-152
-126
-94
-90
-90
-95
-85
-55
-82
-88
-90
-87
-91
-135
-112
-94
-101
-118
-118
-130
-134
-109
-106
-111
-106
-104
-94
-127
-150
-140
-142
-151
-170
-187
-172
-178
-203
-211
-190
-191
-156
-170
-190
-226
-208
-199
-194
-184
-188
-230
-210
-233
-243
-221
-220
-218
-213
-208
-206
-201
-240
-219
-235
-219
-211
-219
-181
-221
-256
-249
-213
-241
-214
-193
-201
-194
-188
-203
-177
-168
-179
-189
-192
-193
-196
-221
-217
-190
-204
-223
-212
-190
-161
-168
-159
-170
-144
-121
-117
-90
-89
-88
-76
-117
-113
-119
-103
-86
-107
-111
-94
-110
-113
-85
-95
-102
-70
-60
-54
-33
-19
-23
-23
-29
-45
-37
-50
-68
-66
-58
-95
-119
-140
-109
-102
-102
-94
-115
-76
-65
-84
-75
-60
-51
-42
-39
-61
-93
-87
-30
-39
-74
-88
-98
-70
-46
-21
-48
-29
-9
-17
10
42
48
101
90
93
77
156
162
174
203
180
168
208
189
208
221
221
242
246
263
224
219
218
246
266
259
283
289
273
256
275
290
301
301
297
344
332
293
320
320
324
322
332
324
318
341
324
276
280
297
300
288
319
346
349
351
355
350
349
359
374
326
323
305
310
300
267
260
297
303
269
252
244
251
250
244
259
269
253
221
232
213
230
203
168
159
140
145
155
156
113
146
159
135
161
172
149
169
148
127
119
111
73
97
106
92
85
54
55
62
65
63
89
88
113
92
79
120
125
105
74
72
67
60
83
55
-11
-36
22
56
23
50
61
29
35
79
66
50
62
48
57
55
9
19
39
3
5
14
-6
-4
1
-25
-18
-14
38
32
25
52
27
37
19
32
29
26
-6
1
5
-1
4
-4
12
26
12
37
61
44
62
86
67
26
20
17
14
7
12
-3
9
-17
-29
25
20
13
7
5
8
51
86
49
44
53
48
19
-11
-18
-29
18
35
17
12
13
-7
-22
4
-3
-3
25
21
32
45
7
8
9
11
-1
-21
-8
14
1
18
13
44
66
50
70
24
35
62
43
17
21
32
4
-33
-6
9
-4
16
15
12
30
12
4
51
61
43
59
65
62
50
38
13
-3
21
-33
-89
-38
-18
-24
-45
-22
-47
-35
-30
1
7
-16
-11
-15
9
37
18
26
7
-26
-24
17
-4
-37
-14
-26
-37
-15
-24
-16
18
38
19
-25
-9
-35
-39
-29
-49
-93
-58
-28
-16
11
11
-17
-43
-8
-14
-15
-22
-25
-10
-28
-17
-19
-55
-49
-73
-52
-19
-44
-67
-79
-66
-77
-69
-45
-39
-49
-9
-13
-40
-44
-62
-76
-65
-73
-69
-56
-76
-82
-82
-90
-67
-78
-50
-40
-30
19
15
23
12
44
24
15
8
-27
-53
-57
-47
-38
-43
-39
-47
-59
-12
2
-9
13
-9
-17
-21
-11
-35
-35
-42
-66
-40
-24
-15
-53
-39
-28
-37
-10
14
-16
-18
13
4
-19
31
52
4
13
10
-13
0
16
-14
-16
-2
-2
-58
-32
-32
-40
1
8
14
14
27
26
3
19
20
24
41
17
-34
-61
-40
-34
-52
-56
-63
-61
-47
5
-17
-9
-2
-28
-35
2
-7
7
19
3
-38
-5
-9
-25
-35
-55
-55
-52
-50
-27
-15
-12
-24
-16
21
-3
-26
-8
32
32
-9
-27
-34
-32
-14
-15
-47
-42
-34
-40
-90
-59
-42
-33
5
8
-10
10
27
45
28
38
14
-4
0
-3
-8
-23
-11
20
47
40
20
16
51
90
79
66
37
27
35
17
7
9
-17
-7
-50
-79
-70
-76
-32
-44
-53
-53
-13
-30
-33
-21
-15
-12
-19
-67
-103
-42
-71
-73
-64
-80
-110
-95
-72
-69
-57
-41
-66
-55
-20
3
-19
-25
-6
-61
-44
12
14
-16
-18
-5
17
11
-1
6
44
38
7
-8
37
53
36
24
32
15
36
16
-3
-9
3
30
18
37
19
20
5
43
46
57
88
77
51
43
28
2
66
63
20
2
-7
19
-5
-1
11
34
39
33
23
34
61
85
47
73
107
88
102
68
25
39
57
13
-11
0
-3
17
26
25
22
17
23
-4
13
26
48
14
19
25
32
45
22
-7
-22
-4
-15
-32
-32
-2
7
14
39
38
68
63
10
53
0
3
19
25
24
11
15
14
-17
-19
-1
9
11
7
8
16
33
20
21
39
33
42
13
29
-3
21
6
-43
-36
-14
-11
-30
9
33
8
-2
24
9
76
80
36
43
74
54
34
6
0
-32
-37
-54
-46
-37
-30
-19
-10
4
-3
-16
44
42
15
16
2
-18
12
40
3
-17
9
-5
13
0
5
14
-18
-2
-2
37
35
21
23
43
47
32
30
40
15
31
23
10
17
54
53
67
53
25
47
61
83
43
50
62
69
37
56
28
-16
35
51
35
30
35
59
1
19
26
18
60
76
62
35
24
34
38
7
-8
13
33
-4
24
64
63
30
-20
8
5
-9
1
34
19
13
23
5
23
30
0
56
36
3
31
70
38
9
-2
-22
-19
33
17
-18
-8
5
6
-28
0
-14
6
44
53
33
13
42
36
-11
-11
12
-13
-14
-47
-34
-43
-19
-4
-6
2
4
7
27
35
5
-14
11
16
33
-5
-30
-3
-10
-2
16
-8
-17
-64
-56
-32
-58
-14
6
14
6
44
47
-6
-34
-17
-35
-11
-17
-43
-41
-55
-70
-66
-56
-72
-11
38
7
16
-7
1
16
-13
32
11
13
11
10
-17
-18
-41
-45
-46
-19
-15
-45
-24
-3
16
20
49
44
9
31
32
27
4
-1
-26
-53
-37
-8
34
-7
-37
-28
-42
-35
9
26
24
-8
23
57
19
4
-6
7
4
26
28
-1
2
-10
-50
-20
-28
-43
-12
5
40
29
38
58
76
42
39
27
43
20
2
-25
-33
-31
-31
-19
-24
-29
-4
40
27
10
12
15
9
5
11
16
28
10
2
-4
-10
-23
-8
18
2
40
68
68
67
69
68
32
68
67
34
67
80
52
27
-5
-22
-37
-20
-37
-13
-29
13
-20
-37
29
27
-33
-10
-19
-27
-39
-53
-33
-49
-78
-60
-77
-72
-56
-45
-47
-52
-55
-70
-58
-90
-74
-63
-46
-61
-76
-57
-74
-44
-17
-18
-31
-36
-31
-18
-2
9
-11
-4
-25
-29
2
-22
-37
-21
14
-17
-14
6
-9
-8
19
29
29
-6
2
38
52
59
42
40
56
36
32
47
53
-10
-30
-30
-35
-31
-24
-10
-9
23
50
52
82
74
45
48
56
51
38
59
43
16
-22
18
-9
-32
-16
16
-8
1
22
7
25
11
-44
15
59
42
15
17
8
8
-10
-28
-32
-13
-23
-22
-39
-11
0
-5
30
-7
25
28
7
-4
21
27
-8
-51
-40
-26
-15
10
0
-15
-9
21
4
12
18
10
35
48
25
0
21
-22
-33
-22
-36
-52
-9
-13
-41
-45
6
-1
-32
7
-9
-28
21
35
6
-7
17
-12
9
11
-37
-61
-32
-39
-32
-23
5
-26
-30
-26
16
33
42
39
30
34
53
47
8
-9
-27
-50
-18
-25
-7
-43
-45
-52
-34
-11
-34
-11
23
4
-14
32
14
-39
-47
-18
-14
-36
-49
-46
-40
-14
-50
-49
-23
-9
-1
24
28
10
-8
15
40
31
28
26
-17
-24
-37
-33
-24
1
-17
-1
8
2
-26
8
11
37
36
37
50
4
21
16
36
54
46
22
63
116
119
130
176
175
222
263
270
296
307
347
361
385
413
459
521
584
645
752
816
827
826
870
935
947
1013
1070
1098
1109
1088
1048
1038
1053
1061
1034
1006
1005
1061
1125
1011
956
924
1066
1360
1700
2238
2752
3557
4590
5406
6018
6118
5508
4690
4207
4067
4030
3723
3450
3166
2738
2363
2087
1782
1357
849
354
-33
-438
-844
-1337
-1795
-2190
-2545
-2831
-3055
-3120
-3173
-3250
-3321
-3402
-3432
-3484
-3530
-3493
-3492
-3460
-3369
-3263
-3147
-3104
-3033
-2885
-2718
-2551
-2380
-2253
-2109
-1994
-1860
-1708
-1596
-1507
-1404
-1280
-1239
-1227
-1150
-1062
-1010
-926
-826
-772
-690
-636
-604
-544
-483
-478
-460
-441
-441
-422
-401
-369
-340
-317
-281
-298
-303
-319
-326
-314
-251
-260
-291
-264
-225
-196
-174
-109
-83
-39
18
38
66
89
117
149
138
156
161
154
165
155
153
163
149
131
102
131
77
34
43
21
10
-7
-9
-38
-47
-69
-88
-115
-96
-99
-92
-81
-73
-97
-72
-46
-52
-22
-23
-12
-16
7
7
6
-30
-27
-42
-7
-38
-40
-16
-4
-7
-15
26
38
10
3
20
5
19
-19
-20
-43
-54
-67
-60
-8
-6
-19
-40
-24
-16
13
4
-25
2
12
-17
-5
-8
4
-12
-23
-32
10
-17
-18
-4
-31
27
22
18
23
10
4
-5
14
7
15
7
4
14
33
22
-21
-13
-4
30
48
35
31
34
29
8
27
10
3
-42
-40
-49
-29
-11
-8
-24
-43
-24
4
-31
-13
30
15
21
33
38
-1
6
-35
-21
-3
-33
-49
-32
-20
-19
-14
-24
7
15
17
23
13
33
55
9
16
34
-4
-20
2
4
-30
0
39
5
1
-24
-36
-9
11
16
34
14
9
-29
-44
-37
-36
-19
-51
-38
-15
-16
-33
-21
-4
14
-29
-22
-17
-1
-13
-8
-26
-33
-49
-45
-57
-67
-68
-99
-79
-68
-41
-28
-23
-10
5
-17
-32
-42
-18
-56
-76
-103
-109
-121
-70
-59
-65
-87
-82
-76
-103
-66
-21
-18
-4
-15
-65
-61
-69
-69
-80
-73
-101
-130
-123
-117
-123
-93
-69
-86
-88
-85
-62
-65
-57
-78
-68
-71
-72
-80
-121
-108
-161
-180
-188
-155
-150
-193
-166
-154
-104
-133
-135
-140
-122
-147
-152
-133
-186
-146
-171
-178
-187
-183
-185
-209
-211
-182
-181
-179
-197
-174
-174
-180
-178
-178
-175
-172
-218
-240
-237
-246
-267
-246
-263
-261
-231
-188
-198
-231
-184
-186
-161
-173
-162
-166
-200
-185
-192
-212
-195
-196
-219
-225
-199
-183
-167
-171
-124
-139
-153
-132
-138
-158
-132
-107
-97
-126
-154
-159
-156
-193
-179
-153
-142
-171
-144
-118
-113
-102
-78
-99
-75
-84
-85
-120
-142
-143
-164
-160
-163
-190
-166
-186
-182
-194
-172
-165
-153
-133
-155
-134
-92
-90
-86
-111
-82
-91
-112
-115
-93
-86
-67
-56
-69
-52
-52
-74
-54
-21
6
32
19
15
71
76
78
111
152
177
187
200
189
200
214
249
287
255
276
285
292
294
323
351
334
322
306
318
332
316
318
381
364
385
408
390
374
408
417
420
439
468
470
444
388
413
417
430
425
390
406
413
409
385
429
438
462
447
398
399
404
398
366
361
358
360
325
298
287
298
285
292
305
301
293
268
278
266
271
278
269
262
272
271
266
254
229
218
216
184
190
182
175
168
176
159
159
169
147
155
206
186
178
187
158
110
131
107
96
69
87
70
41
32
71
49
34
103
103
98
110
144
108
87
116
105
79
73
58
83
94
77
37
47
70
61
33
49
65
66
74
76
78
69
41
43
68
18
32
20
38
23
43
26
0
23
44
77
96
108
71
70
79
66
21
43
33
-31
-22
4
-18
-59
-60
-65
-57
-48
-30
-55
-65
-37
-25
-48
-52
-57
-132
-130
-141
-196
-158
-151
-170
-181
-198
-268
-312
-296
-287
-296
-318
-299
-286
-284
-274
-278
-220
-189
-160
-116
-35
-2
41
128
193
221
271
327
365
403
447
467
477
452
488
489
480
475
473
461
431
418
425
383
363
354
310
298
277
254
255
230
221
189
141
131
98
57
63
52
28
-7
-53
-40
-60
-58
-11
-46
-89
-74
-101
-72
-57
-47
-85
-102
-67
-75
-58
-8
-26
-21
-11
-13
-14
-18
-6
-17
-17
-33
-32
-23
-37
-34
-32
-6
-19
-64
-54
-24
-48
-28
-24
-15
-46
-54
-54
-55
-38
-61
-59
-76
-47
-74
-122
-123
-110
-121
-110
-114
-97
-102
-85
-85
-65
-44
-57
-79
-59
-45
-44
-68
-97
-129
-162
-156
-145
-160
-164
-174
-165
-146
-132
-134
-93
-56
-43
-57
-36
-46
-61
-57
-68
-92
-113
-89
-121
-150
-132
-148
-126
-132
-155
-143
-122
-112
-111
-103
-72
-60
-73
-110
-113
-168
-141
-136
-149
-128
-139
-157
-181
-170
-126
-152
-158
-142
-140
-119
-104
-130
-147
-106
-91
-96
-85
-116
-115
-135
-139
-105
-124
-142
-165
-149
-106
-121
-155
-143
-138
-111
-96
-95
-91
-94
-56
-56
-70
-83
-103
-108
-103
-124
-134
-124
-97
-107
-113
-122
-98
-121
-88
-89
-86
-63
-63
-76
-86
-83
-78
-76
-104
-115
-115
-52
-75
-129
-114
-81
-77
-90
-49
-77
-102
-50
-22
-14
-8
-13
-48
-64
-41
-48
-74
-78
-85
-101
-62
-82
-46
-62
-64
-62
-50
4
10
34
39
38
28
39
52
27
6
-15
-44
-10
-8
-21
-21
3
27
16
36
35
42
15
35
52
24
-14
-8
-13
-7
15
19
-9
-6
13
16
44
73
100
107
110
58
82
88
64
72
88
68
36
63
74
76
98
99
117
145
180
170
157
118
125
137
153
121
101
154
175
120
129
144
159
164
182
161
144
168
177
179
210
201
170
195
213
155
140
161
148
142
176
167
108
96
107
88
116
125
142
129
133
196
182
167
170
157
137
144
104
64
64
65
94
65
69
78
57
48
26
61
69
75
49
52
71
76
79
104
101
77
93
67
80
75
67
-5
-38
-80
-101
-82
-75
-160
-227
-316
-430
-567
-666
-740
-803
-805
-805
-788
-744
-682
-651
-565
-454
-406
-351
-205
-81
-4
82
144
220
270
330
388
426
446
463
472
474
480
449
453
505
486
521
540
536
545
558
557
527
513
517
531
540
481
416
401
390
336
310
303
244
205
212
173
101
102
97
49
7
11
-69
-111
-101
-81
-59
-30
-35
-78
-81
-26
-5
7
59
45
48
92
111
108
96
124
153
151
121
129
127
133
122
101
92
59
36
52
46
25
52
31
10
16
51
40
26
85
88
79
83
82
77
71
59
57
53
60
42
51
75
81
88
87
79
60
91
101
94
88
96
95
97
104
96
25
-16
33
35
49
63
52
29
11
78
66
74
83
39
36
24
31
13
8
-10
-9
16
12
2
-9
20
47
26
23
25
39
94
69
24
37
60
35
24
31
8
19
37
35
37
16
-6
2
8
51
36
13
32
56
70
118
102
63
29
44
49
53
75
60
50
21
11
18
19
5
-10
11
29
55
58
47
88
43
60
75
65
78
30
15
-3
45
47
12
-5
10
-1
10
35
28
13
-20
-19
-8
7
13
8
31
29
24
23
47
46
15
25
13
-19
3
14
-15
-28
-3
23
33
29
31
34
29
25
59
48
29
31
14
7
4
3
19
-5
-27
11
13
10
8
10
-15
5
30
21
17
54
43
12
36
40
8
18
27
-1
5
-26
-57
-66
-51
-41
-78
-56
-62
-24
-5
27
51
26
33
51
59
46
-3
-16
21
55
24
-13
-17
-16
-10
-9
-42
-47
-31
-3
-7
-7
-26
-21
3
48
89
51
36
35
21
-16
-30
-45
-33
-37
-22
-9
-11
14
11
-8
-4
16
55
48
45
45
48
56
48
15
15
18
49
38
37
40
64
21
28
35
13
2
15
28
2
27
54
18
19
25
12
-22
-31
-38
-61
-61
-30
-53
-71
-30
-14
-14
-2
-21
-32
-8
-30
-42
-60
-57
-60
-86
-92
-73
-65
-51
-5
-14
-15
31
15
27
30
4
32
58
9
-19
23
41
8
35
19
1
-12
-10
39
40
38
29
29
45
48
47
49
18
-17
6
19
-9
-20
-9
25
17
34
49
50
77
75
65
61
83
73
58
38
14
4
25
26
-9
20
22
31
6
19
31
1
4
-11
-4
37
41
30
40
26
11
22
22
22
-14
-18
-37
-52
-29
16
6
15
48
40
53
79
68
42
50
29
11
27
21
16
-11
-15
-7
-12
2
-10
-42
-24
14
-12
-9
7
12
37
34
30
-21
-25
-41
-70
-13
-15
-4
-18
7
18
-5
24
34
16
32
24
20
11
27
-15
-7
10
-3
-22
0
15
23
31
13
-2
20
36
18
44
70
52
53
36
23
-17
-33
14
-14
0
12
-3
-22
4
41
-3
-23
-6
12
32
27
10
6
12
-16
-6
28
21
-32
4
12
15
1
8
-2
-19
-13
-34
-18
23
56
53
8
15
2
7
12
-10
20
16
-6
-32
-24
2
11
15
3
2
35
72
62
47
18
38
49
6
8
2
-10
16
26
12
-1
-3
-16
-1
15
43
69
86
93
153
198
221
230
243
226
232
293
293
284
303
339
367
354
371
385
394
419
471
544
529
523
490
405
314
209
13
-309
-525
-225
369
911
1218
1221
1080
657
165
-120
-800
-805
273
1206
827
461
461
951
1591
1660
1300
1171
2029
3732
4938
5467
5856
5517
4797
4001
3293
2756
2136
1678
1461
1275
1093
842
679
373
75
-255
-587
-892
-1100
-1313
-1519
-1760
-1957
-2102
-2256
-2287
-2309
-2388
-2401
-2386
-2434
-2439
-2411
-2374
-2369
-2286
-2281
-2232
-2172
-2115
-2049
-2024
-1905
-1800
-1719
-1658
-1528
-1416
-1249
-1110
-1018
-901
-828
-749
-703
-627
-577
-523
-439
-391
-384
-323
-244
-205
-190
-162
-102
-95
-93
-107
-139
-84
-80
-137
-139
-137
-92
-97
-93
-112
-117
-75
-44
-25
-6
41
67
34
90
150
180
209
224
228
253
285
296
270
271
250
210
182
167
139
125
95
85
62
53
59
22
3
-12
16
36
16
-53
-4
11
-20
9
65
62
84
58
48
18
27
24
15
31
1
-32
-17
17
-19
-55
11
11
19
45
42
45
47
77
69
46
9
1
-36
-2
-2
-43
-18
-32
-35
-19
-16
-36
-61
-42
-42
-32
-21
-5
-6
-27
-8
-58
-30
-18
-14
-30
-59
-72
-77
-67
-53
-48
-25
-24
-17
15
9
19
13
8
-8
-24
11
5
4
-17
-30
-38
-44
-49
-51
-48
-30
-46
-48
4
25
27
-14
-25
-14
-3
3
-8
-15
11
-29
-23
-44
-50
-29
-27
-22
-52
-31
21
-6
-11
24
55
37
26
-14
-43
-33
-28
-19
-53
-64
-36
-48
-63
-74
-65
-69
-57
-35
-23
4
25
-13
-2
2
-13
-10
-35
-74
-90
-52
-43
-71
-55
-68
-96
-63
-59
-58
-39
-45
-31
-15
-16
-26
-47
-75
-48
-45
-62
-50
-53
-40
-38
-55
-78
-67
-33
-30
-11
-20
-43
-41
-31
-15
-37
-20
-20
-48
-35
-70
-87
-83
-44
-46
-43
-33
-48
-39
-15
-22
-13
-5
-28
-28
-26
-25
-10
-40
-71
-71
-94
-97
-85
-87
-114
-88
-85
-67
-46
-58
-50
-16
-34
-67
-45
-32
-54
-64
-63
-97
-124
-100
-104
-141
-133
-95
-112
-131
-120
-135
-122
-116
-116
-62
-95
-106
-96
-103
-115
-136
-134
-115
-158
-179
-172
-162
-161
-131
-156
-178
-153
-126
-177
-191
-163
-177
-175
-168
-157
-176
-183
-187
-231
-236
-218
-246
-242
-269
-244
-252
-272
-265
-306
-270
-265
-305
-308
-297
-306
-327
-318
-302
-307
-334
-336
-286
-283
-298
-335
-341
-365
-337
-328
-342
-361
-359
-365
-385
-421
-402
-369
-370
-369
-334
-352
-346
-338
-351
-328
-294
-289
-344
-323
-349
-336
-318
-330
-356
-369
-345
-360
-389
-372
-348
-322
-311
-294
-284
-265
-252
-243
-202
-174
-177
-124
-126
-141
-131
-128
-116
-133
-128
-143
-136
-127
-93
-94
-103
-92
-80
-71
-53
-33
-15
-19
-2
5
1
16
21
35
69
65
64
37
47
114
103
127
159
141
186
197
191
217
244
276
270
288
348
336
342
378
366
373
369
390
425
433
439
407
434
438
438
455
460
431
412
434
430
446
416
444
458
463
480
516
533
523
492
515
544
506
506
492
483
461
461
418
407
430
450
424
422
404
418
439
457
453
444
453
447
405
373
365
330
335
342
335
325
332
312
288
256
265
298
277
274
257
244
287
284
262
292
269
249
207
185
195
217
210
157
132
147
122
109
144
191
148
147
162
162
166
164
134
80
136
123
87
119
133
114
123
115
137
145
153
156
133
155
165
170
149
135
128
91
106
76
61
81
71
96
108
82
55
96
120
89
78
97
102
81
85
76
94
91
57
23
43
59
24
18
31
40
26
29
65
75
79
72
57
68
87
81
79
46
38
-1
-22
-6
-14
0
45
61
58
81
63
57
67
34
31
61
106
56
20
26
27
4
-16
-14
0
29
33
-17
11
46
44
24
45
54
51
36
35
7
6
22
-10
12
25
29
5
15
-15
6
40
36
61
72
68
66
33
58
58
22
4
23
33
29
-23
-55
-29
10
45
29
19
42
35
55
70
51
33
78
76
62
41
60
16
-21
1
-4
-36
-16
-38
-44
-19
-12
8
30
5
14
43
20
13
51
53
14
44
73
47
64
50
4
-50
-13
-5
4
43
59
22
14
35
61
14
15
50
37
43
12
-11
-5
-19
0
-35
-27
-36
-48
16
-6
-32
-23
-12
-55
-51
-55
-55
-29
-36
-37
-42
5
15
-3
-4
-17
-21
-49
-41
-35
-69
-70
-48
-53
-53
-37
-64
-81
-55
-52
-35
-32
-27
-14
5
-15
-42
-32
-52
-56
-76
-65
-91
-113
-85
-113
-99
-96
-110
-127
-112
-93
-107
-119
-104
-109
-112
-80
-97
-101
-120
-125
-105
-111
-111
-144
-151
-137
-122
-119
-140
-188
-173
-151
-125
-102
-139
-90
-82
-81
-87
-79
-112
-89
-82
-131
-136
-139
-142
-127
-135
-117
-80
-106
-115
-118
-98
-113
-109
-120
-108
-89
-114
-103
-113
-124
-154
-153
-150
-131
-92
-90
-106
-87
-104
-100
-69
-83
-81
-83
-86
-109
-123
-121
-96
-107
-109
-112
-121
-110
-90
-108
-122
-76
-95
-95
-104
-108
-99
-96
-112
-147
-125
-88
-99
-84
-79
-80
-108
-82
-93
-44
-17
-43
-72
-53
-35
-52
-78
-92
-83
-76
-114
-104
-126
-131
-117
-98
-71
-37
-61
-60
-33
-24
-30
13
12
22
46
37
-26
-15
20
6
-9
-5
-18
13
-17
-13
-26
5
31
35
45
93
122
126
143
164
155
141
166
161
147
127
143
123
153
142
88
63
48
13
23
55
11
-38
-53
-74
-118
-124
-143
-174
-192
-215
-222
-233
-217
-271
-293
-272
-253
-286
-279
-291
-284
-293
-259
-256
-241
-207
-179
-179
-170
-155
-196
-146
-91
-92
-71
-38
-23
-36
-8
34
44
71
103
70
88
106
95
75
135
169
141
146
147
131
112
111
100
97
79
62
61
73
63
76
83
48
13
28
40
32
46
66
65
62
44
24
-8
15
2
-21
-16
-9
-18
-12
42
52
28
39
72
67
50
81
41
21
22
43
46
49
54
31
23
18
-8
46
22
20
61
43
49
69
54
62
58
12
11
33
30
53
63
33
31
39
24
54
17
-2
22
34
-3
-54
-4
7
9
29
-5
32
52
72
38
41
24
24
49
44
17
20
30
30
36
20
34
6
42
57
43
73
99
66
52
40
44
-8
40
50
27
13
15
-6
-21
-10
-8
-28
9
15
0
21
42
47
30
47
45
43
18
-15
-41
-36
-15
-26
-47
-33
-68
-88
-62
-38
-69
-34
-4
-10
-17
12
-5
26
36
1
-15
3
18
-35
-40
-56
-73
-50
-56
-48
-58
-47
-40
-40
-45
-49
-29
-8
5
-21
2
37
37
15
-11
-31
-76
-19
-21
-57
-61
-54
-46
-69
-56
-36
-18
24
38
18
10
50
40
9
-6
11
31
21
12
-10
-29
4
37
22
15
35
37
61
53
55
58
82
61
46
66
47
50
49
20
9
-17
-30
-15
-45
-50
-23
8
20
13
47
80
47
17
28
28
20
38
38
-18
-19
-11
-41
-49
-59
-38
-40
-22
4
27
47
55
43
69
71
50
31
48
65
47
29
34
21
2
26
1
-7
17
16
-4
11
52
61
50
47
41
37
50
32
-3
-6
1
-5
-11
3
29
4
0
-15
-45
-20
-14
32
38
46
23
73
52
11
29
47
-2
-17
2
27
-1
-17
-33
-25
1
41
-4
-17
15
-19
-21
15
38
34
12
29
42
23
35
11
26
38
20
3
1
19
1
2
26
-18
13
31
52
62
29
57
32
39
57
76
75
40
29
45
34
39
-2
11
2
-12
-13
-27
-38
-26
-17
-14
-11
-30
-23
-19
-19
-55
-33
-25
-9
4
-16
-29
-41
-49
-53
-74
-102
-86
-65
-68
-66
-70
-85
-62
-24
-30
-14
-22
-17
-53
-19
-2
-17
-1
6
-14
-45
-47
-56
-40
-55
-71
-40
0
-2
15
16
27
40
8
31
12
1
-4
-17
-36
-8
-7
12
-21
-27
6
3
43
-42
-42
9
27
5
12
43
43
29
52
35
2
-7
19
-27
-16
-20
-9
29
37
15
-6
48
71
40
46
69
42
52
57
45
13
20
13
2
-8
-11
-55
-24
-13
-19
15
30
-29
-30
13
6
7
59
47
6
7
-2
11
16
-8
-32
-47
-18
-40
-59
-46
0
-7
-30
-36
-4
9
3
16
21
-4
-29
-18
-16
-21
-33
-10
-19
-40
-23
-10
-25
-37
-29
-45
-16
29
28
29
58
49
28
28
-9
-18
2
4
-4
-27
-32
-13
-2
-19
4
25
36
52
80
53
23
40
60
40
51
59
12
34
37
-9
-21
-15
-31
1
-4
-6
-4
36
19
-1
29
38
40
35
-15
-19
-16
-31
-22
-23
-51
-70
-43
-31
-48
-47
1
24
-9
-5
31
19
-3
-28
-34
-30
4
-2
-36
-57
-24
-9
-29
-21
9
3
-19
7
-4
1
-2
17
-12
11
-2
-52
-5
-32
-39
-33
-17
-17
-22
10
10
20
63
84
76
85
78
67
73
121
133
146
172
178
190
228
257
262
265
284
310
353
415
394
414
498
529
562
625
669
635
652
673
613
584
560
566
527
525
532
528
606
681
735
667
382
196
128
152
4
7
35
337
816
1224
1769
2403
3477
4795
5653
6259
6359
5632
4634
3972
3667
3571
3225
2994
2757
2434
2066
1817
1541
1137
673
192
-222
-637
-1006
-1358
-1653
-2027
-2305
-2591
-2722
-2749
-2792
-2881
-2980
-3023
-3013
-3037
-3064
-3028
-2986
-2946
-2897
-2817
-2699
-2628
-2573
-2482
-2344
-2219
-2121
-1996
-1837
-1682
-1523
-1376
-1271
-1167
-1096
-1003
-935
-905
-824
-700
-597
-506
-442
-372
-316
-265
-188
-114
-88
-86
-119
-103
-131
-152
-177
-176
-175
-178
-190
-223
-219
-234
-255
-232
-245
-233
-220
-199
-162
-135
-66
-37
21
72
84
71
120
139
146
164
187
186
194
199
195
188
148
169
137
106
79
42
48
31
-9
-34
-28
-57
-73
-61
-62
-65
-64
-60
-50
-84
-75
-76
-66
-36
-8
-27
-25
-9
-22
-40
-58
-47
-41
-52
-62
-19
-26
-16
1
-28
13
31
12
44
68
36
6
-48
-37
-43
-57
-80
-74
-48
-53
-58
-49
-48
-28
-28
-20
-1
1
11
27
7
-23
-34
-41
-23
-38
-48
-77
-70
-60
-45
-25
-26
-16
-17
-36
-50
-9
16
-18
-11
15
0
-13
-10
-29
-31
-48
-40
-96
-97
-68
-61
-31
0
-43
-55
15
27
37
17
-4
27
13
-7
-14
-25
-34
-39
-25
-5
-3
-17
-34
-15
-30
-18
16
23
-9
-10
-21
-26
-13
-26
-19
-21
-48
-46
-57
-33
-13
-10
-16
-1
-18
-7
7
-14
-46
-5
-24
-24
-18
-21
-31
-56
-24
-37
0
5
-12
-34
-5
-5
-11
-16
-43
-84
-80
-77
-67
-94
-80
-53
-72
-50
-54
-108
-67
-51
-52
-106
-99
-94
-95
-93
-67
-89
-93
-83
-88
-107
-81
-79
-67
-65
-53
-73
-82
-69
-100
-88
-73
-84
-89
-79
-60
-46
-38
-34
-43
-12
-24
-45
-81
-63
-74
-102
-73
-67
-67
-77
-89
-134
-106
-75
-103
-73
-79
-95
-90
-62
-57
-88
-103
-102
-103
-119
-114
-145
-157
-151
-137
-133
-160
-154
-177
-191
-178
-143
-148
-139
-144
-152
-154
-152
-165
-175
-191
-174
-173
-164
-159
-181
-190
-212
-207
-192
-203
-188
-181
-212
-195
-169
-188
-208
-244
-230
-205
-216
-202
-224
-246
-250
-262
-257
-247
-282
-267
-262
-263
-278
-277
-231
-218
-249
-238
-240
-244
-235
-222
-226
-259
-248
-238
-255
-230
-223
-246
-207
-203
-234
-205
-166
-193
-199
-190
-163
-148
-160
-175
-182
-172
-178
-198
-200
-185
-200
-200
-197
-163
-163
-178
-177
-198
-160
-163
-183
-174
-180
-165
-185
-195
-209
-204
-192
-183
-196
-206
-194
-181
-232
-220
-188
-203
-193
-188
-214
-215
-217
-200
-207
-164
-181
-164
-156
-139
-141
-136
-92
-122
-137
-71
-89
-81
-50
-29
-15
-16
-14
7
37
115
123
136
158
175
159
202
243
239
270
300
282
258
269
284
266
296
301
310
323
340
346
346
339
325
335
338
354
377
390
353
370
373
352
320
332
405
415
378
390
400
406
432
406
402
433
416
382
395
397
368
348
344
358
356
386
352
337
336
366
371
336
341
331
331
325
321
310
329
310
269
260
272
273
234
231
233
208
182
201
172
164
211
203
178
185
183
187
151
170
168
171
172
136
124
113
131
114
106
80
68
75
98
107
85
67
85
93
114
111
83
73
41
52
31
33
21
10
52
29
-7
7
28
16
35
50
41
78
87
42
13
40
8
-3
26
12
4
12
2
-3
3
24
23
16
43
38
38
61
24
-7
16
27
29
11
42
3
-5
34
14
6
49
69
46
40
60
60
27
27
7
6
57
36
-11
-17
16
3
36
84
62
56
74
98
70
65
94
73
63
53
14
19
21
-22
-26
-17
6
36
23
51
56
52
96
103
64
33
-9
25
14
14
-3
-6
14
10
-19
0
5
-9
53
63
59
75
76
58
84
80
45
27
30
19
5
10
8
-19
8
18
15
32
62
70
74
78
66
50
41
30
-16
1
4
11
1
-15
-43
-30
24
29
45
58
63
48
70
52
30
32
31
-6
-16
13
4
-30
0
28
36
48
43
53
52
55
76
76
74
38
17
12
-6
-10
-41
-69
-15
-15
-20
27
41
33
-4
-13
8
24
12
10
19
-7
-3
-9
-16
-59
-82
-52
-60
-49
-27
-49
-43
-21
-25
-2
23
23
10
45
58
36
-4
-14
-40
-29
-42
-63
-60
-62
-31
-36
-34
-20
-22
-5
8
2
4
26
15
3
-5
-38
-29
-36
-40
-43
-87
-98
-85
-108
-115
-82
-76
-95
-104
-99
-65
-46
-67
-95
-72
-90
-109
-125
-124
-157
-136
-138
-123
-139
-147
-148
-149
-129
-122
-163
-126
-122
-115
-92
-71
-83
-84
-68
-101
-113
-111
-124
-122
-120
-143
-168
-167
-177
-163
-151
-134
-111
-75
-111
-116
-102
-98
-87
-81
-68
-96
-97
-113
-110
-118
-140
-152
-108
-121
-117
-139
-132
-158
-119
-75
-104
-74
-86
-104
-82
-82
-107
-101
-81
-87
-124
-144
-148
-152
-141
-108
-107
-104
-95
-61
-65
-64
-47
-61
-48
-65
-94
-106
-102
-119
-143
-115
-102
-126
-157
-138
-104
-89
-122
-135
-124
-53
-69
-79
-59
-67
-78
-88
-86
-107
-138
-131
-155
-118
-113
-133
-150
-143
-174
-158
-140
-120
-109
-126
-113
-98
-72
-71
-81
-171
-174
-147
-180
-142
-124
-148
-178
-184
-158
-146
-146
-115
-98
-68
-70
-74
-60
10
25
8
7
3
-5
63
122
129
115
147
172
194
245
257
287
345
352
366
392
392
397
415
423
407
434
445
421
419
446
404
425
434
452
473
463
445
449
412
366
315
293
227
162
102
69
15
-53
-89
-119
-184
-228
-223
-260
-282
-255
-246
-266
-261
-239
-260
-269
-226
-209
-227
-219
-198
-216
-161
-146
-183
-155
-130
-96
-81
-51
-25
-17
-18
16
58
46
31
71
72
111
106
95
116
118
140
181
173
146
145
164
128
159
184
168
160
161
113
91
116
103
117
112
133
159
157
197
193
202
195
206
188
172
135
121
146
116
71
39
49
38
38
62
37
27
34
41
11
18
58
42
18
31
78
20
5
28
9
11
11
44
33
35
28
9
33
25
44
58
85
77
78
62
53
61
80
27
25
8
20
54
40
43
67
60
111
105
75
86
85
112
79
59
53
53
41
20
13
-7
-9
-14
-20
-23
-30
-21
22
32
46
58
68
61
59
40
8
36
53
7
-2
26
38
39
26
36
43
72
51
29
65
81
77
76
39
17
21
31
35
39
60
38
-1
9
33
31
30
50
55
41
28
16
22
13
18
31
41
32
14
12
19
37
39
43
6
-21
-1
29
30
12
21
11
-11
-31
-12
-67
-39
-18
-33
-26
-18
-22
-14
22
-4
-31
-13
2
-3
-5
15
-21
-54
-63
-50
-45
-45
-56
-34
-2
7
-2
8
16
26
71
85
51
32
70
80
48
35
28
23
27
24
-4
7
12
16
24
21
3
3
7
26
12
55
80
33
-7
-4
25
6
11
8
5
-5
-13
-50
-55
-9
11
-38
2
-2
6
19
29
11
-12
-2
-34
-41
-15
-35
-65
-35
-25
-47
-48
-18
11
-11
7
3
-12
0
6
-31
-46
-52
-50
-9
-10
-38
-54
-21
-33
-14
-16
-28
-10
31
37
32
22
9
-21
-25
-23
-3
0
-7
-23
-22
-1
-2
-4
-9
23
-12
-28
31
36
44
59
78
4
-1
17
-27
-28
-4
12
-18
4
-31
-18
-19
-29
10
5
21
31
35
61
57
61
44
25
-22
-38
-1
-6
-25
-11
-29
-2
3
27
28
57
86
86
74
90
120
57
23
49
-15
-26
3
3
-38
-32
-33
-44
-63
-83
-102
-34
-44
-44
-13
-10
-40
-58
-52
-41
-17
-4
-43
-30
-63
-38
-53
-61
-67
-80
-108
-88
-116
-125
-72
-75
-45
-17
4
-23
10
8
2
-9
-8
3
-21
-13
-16
-42
6
-6
42
15
21
9
-4
-16
-15
-17
5
-4
-29
-58
-21
-21
-48
-28
-4
10
39
25
27
34
36
22
6
14
8
1
-8
-14
-14
-25
2
19
11
17
18
19
24
36
55
47
47
33
64
73
30
36
11
-34
-42
-13
-8
7
-1
13
18
65
51
-4
17
64
56
14
21
44
36
78
49
1
0
0
-8
-18
-25
-21
-41
-9
16
22
59
63
37
65
81
54
25
5
7
29
18
-2
-23
-19
-10
-12
-4
-14
-8
-19
17
48
33
30
53
38
64
44
29
29
7
1
4
-34
-4
-21
23
13
-5
-7
25
11
26
36
22
36
82
65
49
14
32
46
-20
-13
-1
-11
8
6
12
7
20
19
11
22
19
27
42
17
6
11
25
6
5
-7
-36
-15
-6
-39
-32
-38
-13
-27
-20
16
-2
14
-10
23
41
49
76
37
15
-9
-41
-17
-3
21
-3
20
2
7
14
-19
-8
43
63
73
28
37
23
10
13
16
-13
2
-14
-20
0
23
12
12
29
55
52
58
83
79
89
95
114
118
116
153
182
209
211
221
245
277
261
268
275
322
360
400
409
409
511
582
610
696
724
757
841
881
905
911
985
990
980
1025
994
972
977
960
985
931
819
788
813
839
726
717
714
890
1128
1472
2005
2593
3489
4511
5273
5789
5705
4950
4228
3905
3927
3994
3754
3539
3294
2929
2647
2368
2042
1637
1168
696
285
-92
-551
-1064
-1494
-1935
-2272
-2643
-2826
-2906
-2995
-3075
-3159
-3256
-3305
-3316
-3329
-3310
-3305
-3250
-3178
-3105
-2985
-2932
-2850
-2676
-2519
-2375
-2245
-2086
-1914
-1808
-1676
-1530
-1426
-1340
-1204
-1123
-1112
-1067
-973
-888
-812
-719
-649
-613
-554
-498
-422
-391
-348
-321
-322
-346
-378
-383
-364
-326
-306
-310
-304
-346
-349
-301
-285
-298
-260
-234
-268
-250
-246
-195
-116
-56
-57
-3
48
74
83
104
126
109
150
146
128
129
148
130
131
101
113
112
114
98
48
65
40
10
4
-6
-43
-71
-43
-63
-83
-55
-50
-99
-84
-83
-111
-79
-85
-64
-64
-54
-42
-65
-56
-55
-70
-59
-19
-19
5
20
-12
-35
-46
-49
-43
-33
-41
-40
-17
5
22
31
14
20
-16
-23
-25
-13
4
-18
-54
-28
-17
-53
-42
-31
-38
-15
-3
6
23
-17
-9
5
-10
35
6
-34
-22
-49
-55
-59
-83
-69
-37
-29
-30
-18
-13
-17
-22
-35
-15
-27
-5
3
-5
-15
-23
-13
-45
-36
-23
-38
-23
-24
-37
-12
10
-10
-27
-12
-26
-40
18
24
6
37
67
27
1
2
-41
-52
-26
-67
-81
-53
-56
-82
-18
0
-22
-12
22
19
33
22
23
16
34
53
15
-8
-30
-33
-23
-21
-37
-57
-23
-17
-46
-38
-39
-45
-41
-7
-6
-20
-21
-16
-18
1
2
-33
-66
-52
-29
-47
-69
-51
-97
-78
-69
-63
-34
-22
-40
-40
-23
-14
-43
-32
-42
-50
-53
-16
-48
-55
-50
-87
-99
-86
-86
-98
-71
-57
-64
-77
-83
-68
-58
-46
-67
-84
-75
-93
-127
-124
-101
-93
-109
-102
-108
-87
-87
-58
-67
-66
-57
-75
-73
-89
-114
-126
-106
-78
-103
-101
-106
-108
-78
-49
-60
-40
-66
-68
-78
-80
-99
-111
-76
-104
-137
-142
-146
-159
-202
-192
-160
-154
-130
-144
-138
-149
-156
-147
-115
-118
-132
-134
-123
-167
-161
-181
-184
-169
-205
-217
-232
-230
-203
-190
-190
-141
-136
-176
-149
-155
-150
-124
-120
-172
-197
-175
-170
-201
-229
-221
-235
-196
-197
-233
-204
-212
-179
-170
-191
-189
-205
-195
-179
-171
-178
-204
-220
-215
-215
-216
-218
-212
-246
-223
-202
-175
-167
-186
-194
-184
-200
-210
-211
-181
-177
-176
-212
-214
-216
-194
-197
-174
-176
-146
-164
-162
-148
-192
-180
-198
-200
-189
-191
-192
-208
-229
-220
-201
-199
-201
-198
-187
-199
-175
-155
-122
-109
-139
-136
-125
-95
-106
-111
-116
-107
-117
-152
-150
-137
-152
-118
-110
-79
-39
-4
10
22
9
24
35
69
36
87
117
105
110
104
67
62
66
106
96
102
113
117
134
183
210
206
230
270
249
287
260
272
285
298
293
274
307
346
330
340
350
331
347
382
383
377
379
385
377
397
391
385
358
358
370
376
374
390
368
375
436
446
481
473
442
412
394
394
379
371
324
276
286
276
263
259
261
271
302
261
244
270
284
291
267
264
250
225
237
225
219
233
218
200
192
199
210
204
180
172
164
182
213
189
159
174
178
183
150
144
174
160
146
112
101
93
111
90
75
85
67
96
114
72
75
55
35
53
50
54
44
43
46
58
90
86
42
53
33
10
9
2
2
17
4
24
13
15
-3
16
14
2
-13
37
64
33
38
66
39
13
-2
-18
-34
-41
-25
-15
-38
4
30
-3
-5
6
33
41
7
7
11
10
17
-13
-11
-5
-4
-25
-10
-16
-58
-27
-16
0
29
15
-8
0
14
4
-5
-12
-20
-27
-29
-10
-13
-9
-17
-30
-1
10
-2
23
5
-2
-7
-26
11
18
1
0
-6
-63
-36
-26
-22
-9
20
11
15
36
27
35
30
14
21
2
-39
-24
-9
14
4
-15
-10
1
1
-2
-4
-2
13
34
8
18
-20
-16
42
16
-31
10
-11
-14
-18
5
-13
-16
11
-8
-21
9
12
28
11
-3
-14
-6
-27
-36
-22
-2
-16
-42
-48
-50
-37
-31
18
43
8
14
34
19
3
-26
-56
-42
-36
-45
-41
-16
-42
-58
-43
-46
-41
-27
-13
-27
10
32
19
18
-6
-13
-4
19
-5
-57
-51
-50
-70
-50
-10
-43
-59
-39
-46
-53
-33
-8
19
-17
-32
-28
0
-16
-26
-28
-12
-47
-68
-93
-108
-114
-88
-83
-79
-58
-39
-19
-39
-35
-2
-37
-27
-37
-35
-21
-7
16
-4
-27
-18
-49
-50
-65
-65
-19
-10
-39
-9
8
10
-7
33
47
-2
0
31
30
5
11
7
-37
-49
-49
-53
-22
-3
-5
-9
-40
-9
11
8
23
33
25
25
-7
-21
-34
-20
-23
-41
-32
-53
-54
-33
-29
-25
-17
-5
31
27
-3
20
24
31
-5
-7
17
-11
-53
-41
-36
-24
-17
-26
-35
4
-4
-6
16
1
0
26
31
18
-7
-4
-33
-44
-12
-36
-31
-21
-15
-17
-56
-62
-55
-44
-45
-11
23
-2
10
25
-1
-17
-57
-39
-13
-45
-85
-45
-33
-45
-55
-35
-53
-24
13
10
30
50
20
17
36
34
22
13
2
-7
-23
-4
-8
-29
-46
-42
-42
-18
-16
-12
-19
18
25
28
37
-20
-38
-40
-48
-24
-32
-48
-45
-27
-25
-29
1
45
44
20
18
29
28
-16
-31
-9
-9
-1
-36
-69
-37
-1
9
-4
10
15
25
50
53
10
23
18
0
12
8
-46
-6
-2
-2
-8
14
22
17
16
15
39
21
42
28
26
25
40
50
37
24
-9
-10
-14
16
27
33
55
42
19
34
30
65
59
45
53
77
46
40
31
-3
9
15
-13
-16
2
12
-9
-4
-29
-23
49
51
25
16
25
24
0
11
11
-42
-26
-39
-20
-22
-14
-15
-18
6
20
24
34
1
13
60
44
7
3
25
-5
-27
-14
-43
-31
-13
7
-25
-48
-8
-4
4
33
18
10
5
26
11
-19
0
-16
-12
-10
-30
-35
-37
-41
-17
6
23
13
36
67
43
23
4
29
0
-3
25
9
25
-9
5
-2
14
-8
-9
-2
-6
-17
0
29
63
85
107
97
41
39
75
58
34
14
-12
-3
36
20
-13
-6
-2
-13
13
23
24
30
57
31
31
34
24
34
42
43
42
17
13
32
27
10
5
13
39
12
-7
53
101
64
66
58
48
70
38
35
40
45
45
12
-15
-4
3
49
46
45
61
81
88
94
93
76
49
80
61
41
46
29
10
32
51
59
55
82
64
25
41
60
49
80
71
69
116
107
86
70
48
52
44
47
40
15
24
34
37
34
71
72
66
92
94
76
86
90
49
55
62
33
11
13
-12
-31
15
6
-1
49
66
40
27
59
35
27
21
11
-4
39
50
17
-31
-51
-33
-6
-2
-14
8
36
75
69
31
58
42
0
18
28
20
62
26
8
-40
-43
-14
-10
14
-12
-34
5
-3
-24
36
28
-37
19
-24
-10
-8
8
10
-14
-16
-19
-60
-13
-54
-47
-39
-2
-16
-43
-2
-21
-26
-17
6
0
-35
-42
-31
-44
-74
-73
-27
-31
-26
-8
-10
-2
24
37
20
0
-2
3
-11
-21
-47
-20
-15
2
-25
-33
-34
-3
-1
-13
25
33
-5
-9
24
25
4
-15
-17
0
3
16
22
5
53
27
-13
-31
-14
2
13
-5
5
5
9
41
35
17
11
-17
-7
-44
-10
-8
-15
-37
-26
-19
-8
20
34
35
19
27
-24
-27
17
4
-10
-6
-52
-53
-40
-43
-31
-12
24
54
24
52
67
33
55
81
85
82
69
52
61
40
12
-5
25
23
-21
22
-29
-60
-3
-2
-36
-8
-3
-38
-6
24
4
-18
-19
7
-34
-82
-75
-82
-89
-96
-115
-89
-64
-42
-52
-33
-50
-49
-56
-64
-82
-80
-61
-34
-37
-58
-70
-85
-65
-56
-41
-37
-29
-12
-6
35
51
18
17
19
-4
6
12
-4
-28
-26
-44
-68
-64
-68
-46
-23
-14
0
7
-12
21
-1
33
69
55
67
85
43
47
72
19
-16
-24
-20
-43
-30
-16
-11
10
37
32
51
46
25
26
19
24
49
59
-11
-64
-35
-25
-26
-19
-6
-12
17
42
13
34
32
16
23
19
11
-5
-24
8
18
-12
8
-11
-23
-42
-5
-20
-13
5
-38
2
23
17
49
73
75
31
-15
-21
-28
-65
-36
-21
-43
-29
-11
-9
14
7
-3
18
2
-1
13
14
15
-21
-23
16
18
57
44
4
5
-18
-1
4
-4
-19
-5
10
6
16
11
22
36
20
25
26
28
54
6
-17
-3
4
0
6
18
-29
-29
1
-12
-1
11
45
10
25
13
0
-39
-30
-34
-41
6
27
-23
-36
-12
-13
5
21
28
13
19
0
-13
-12
-12
-64
-57
-41
-28
-16
-19
-37
-30
-39
-12
-6
-9
15
38
47
24
15
-3
6
-32
-45
-55
-37
-53
-83
-58
-49
-33
-48
-18
-41
-14
27
40
37
12
11
4
4
7
6
30
10
-3
32
70
71
76
73
95
120
166
235
252
285
301
315
309
311
334
410
426
452
537
591
608
683
700
664
657
688
694
712
679
682
703
768
766
774
780
836
909
914
969
818
680
749
879
721
626
599
735
1149
1507
1930
2455
3302
4512
5431
5989
6224
5612
4609
3818
3388
3231
2959
2670
2512
2220
1887
1587
1305
917
454
-37
-493
-874
-1227
-1537
-1870
-2261
-2556
-2747
-2860
-2856
-2835
-2898
-2932
-2872
-2932
-2970
-2974
-2902
-2869
-2835
-2776
-2695
-2592
-2531
-2470
-2381
-2237
-2131
-2056
-1943
-1808
-1671
-1536
-1382
-1242
-1157
-1041
-976
-925
-857
-805
-736
-667
-594
-529
-457
-397
-362
-327
-278
-223
-176
-147
-191
-217
-192
-197
-180
-196
-172
-155
-152
-172
-186
-228
-222
-203
-178
-158
-113
-104
-114
-53
-22
-10
53
74
77
71
127
117
120
98
98
70
61
92
70
47
15
0
-11
11
-15
-7
31
29
2
24
11
-19
-5
-39
-29
-24
-54
-71
-50
-45
-22
-44
-46
-44
-61
-34
7
10
-9
10
21
11
-20
27
40
3
-23
3
-9
-42
-55
-37
15
3
4
24
9
3
2
7
-2
14
-4
12
-5
-8
-25
-37
-36
-25
-26
-53
-70
-60
-85
-68
-29
-45
-59
-33
-32
11
-8
-40
-77
-69
-45
-33
-46
-75
-62
-36
-47
-96
-70
-26
-36
-60
-59
-8
-38
-37
-2
-28
-11
-6
0
-41
-35
-62
-80
-35
12
5
10
21
19
31
18
-3
-26
-36
-30
-67
-56
-57
-48
-74
-55
-41
-54
-45
-27
-30
-1
-12
-25
-24
-5
-18
-5
-29
-60
-66
-71
-80
-72
-76
-72
-100
-87
-68
-57
-49
-18
-8
-47
-32
-36
-38
-51
-74
-53
-92
-66
-62
-84
-92
-91
-63
-41
-49
-60
-59
-32
-24
-59
-59
-52
-47
-5
-41
-73
-104
-118
-110
-79
-62
-88
-80
-51
-78
-43
-33
-52
-31
-44
-40
-36
2
-24
-78
-87
-68
-74
-108
-109
-92
-97
-107
-96
-106
-86
-81
-77
-78
-47
-76
-88
-74
-85
-91
-39
-89
-98
-96
-103
-121
-139
-153
-131
-147
-124
-99
-90
-66
-71
-56
-89
-90
-103
-97
-93
-94
-106
-142
-109
-102
-85
-109
-97
-106
-129
-97
-89
-82
-79
-77
-63
-85
-94
-79
-102
-120
-133
-150
-126
-159
-165
-153
-127
-119
-140
-146
-137
-150
-176
-189
-172
-163
-198
-197
-167
-189
-222
-231
-247
-239
-216
-207
-245
-194
-200
-208
-226
-229
-241
-238
-199
-216
-220
-224
-219
-229
-215
-233
-230
-220
-205
-190
-183
-184
-159
-160
-180
-163
-123
-131
-145
-144
-128
-147
-136
-99
-108
-130
-158
-168
-178
-181
-174
-151
-119
-125
-127
-113
-122
-127
-125
-130
-134
-126
-133
-158
-168
-212
-217
-229
-217
-217
-193
-215
-211
-209
-205
-157
-152
-169
-181
-155
-124
-150
-182
-168
-154
-188
-173
-157
-173
-171
-135
-126
-124
-92
-50
-54
-46
-25
-21
-7
9
32
14
34
55
43
48
53
24
63
98
82
94
151
163
144
140
178
169
195
206
209
246
253
274
255
284
287
309
334
347
350
333
332
323
327
345
338
328
367
409
421
414
395
377
352
355
366
376
388
376
383
407
377
401
446
431
419
441
446
442
442
443
428
436
421
367
361
352
353
331
325
328
353
371
376
338
334
347
349
359
339
299
284
265
288
266
267
279
272
239
230
249
247
244
201
217
194
205
220
200
162
177
183
206
209
210
188
173
145
134
127
138
162
139
131
120
111
110
108
131
126
122
141
126
143
136
129
105
87
83
81
87
65
72
80
55
78
53
55
77
106
97
72
61
48
53
52
56
49
47
52
55
55
59
43
62
76
57
79
90
54
58
77
78
70
53
79
54
61
69
87
104
134
151
149
183
199
207
215
221
230
215
193
190
163
176
150
121
110
157
186
210
214
198
184
198
215
240
203
215
198
187
159
135
138
110
76
92
92
107
118
110
107
109
124
119
108
101
96
113
93
114
116
88
48
32
52
51
35
34
49
43
51
48
104
128
110
101
118
108
74
51
61
47
28
29
21
-18
-10
1
8
19
4
-11
18
3
27
62
61
74
57
46
45
37
35
18
16
4
13
-18
-49
-26
-26
-2
-3
-14
-26
-9
36
29
27
19
10
11
-4
-15
-28
-47
-54
-68
-55
-68
-77
-82
-56
-71
-109
-125
-84
-93
-87
-63
-55
-35
-42
-47
-34
-31
-50
-49
-60
-72
-76
-103
-102
-114
-127
-147
-161
-128
-91
-93
-83
-46
-29
-52
-50
-38
-45
-85
-98
-94
-93
-112
-104
-81
-93
-135
-138
-122
-107
-126
-124
-87
-61
-91
-89
-108
-129
-154
-156
-150
-126
-123
-128
-128
-119
-98
-95
-131
-119
-119
-119
-133
-144
-136
-134
-153
-160
-163
-160
-173
-158
-163
-149
-136
-144
-123
-112
-79
-96
-112
-102
-92
-100
-124
-126
-141
-137
-142
-141
-157
-151
-119
-133
-121
-140
-145
-122
-76
-98
-101
-87
-77
-53
-105
-130
-123
-146
-115
-97
-122
-131
-120
-126
-129
-135
-136
-94
-75
-96
-95
-61
-57
-70
-73
-96
-77
-112
-126
-132
-92
-99
-91
-116
-100
-87
-110
-53
-24
-53
-58
-68
-80
-80
-82
-99
-85
-81
-74
-103
-121
-134
-114
-99
-125
-94
-118
-92
-61
-81
-65
-77
-74
-97
-108
-95
-71
-84
-140
-147
-171
-183
-196
-197
-230
-223
-212
-198
-221
-187
-189
-186
-169
-175
-134
-135
-91
-55
-33
-31
-9
-24
-29
-20
-17
4
19
8
39
54
65
87
103
110
88
110
143
181
225
230
250
282
293
281
293
294
312
335
331
353
361
323
327
275
252
292
305
264
263
249
206
196
200
178
148
159
161
139
155
155
125
100
120
73
65
71
67
51
-54
-133
-189
-246
-320
-410
-498
-570
-662
-707
-711
-738
-731
-690
-651
-609
-514
-423
-344
-223
-158
-55
14
38
75
69
85
101
119
98
78
91
94
62
80
76
98
143
115
145
159
180
208
223
220
172
186
197
181
165
148
147
118
86
86
63
76
54
35
14
24
22
40
54
54
60
58
69
83
83
108
123
133
168
146
146
136
116
139
173
177
125
145
139
108
108
113
119
147
126
123
104
137
150
97
115
144
134
113
115
93
86
63
47
9
36
46
45
41
36
36
15
-13
-3
26
8
3
25
56
87
58
44
31
7
-18
-13
-5
-34
-35
-26
-27
-41
-22
-25
-34
-30
-16
-42
-8
12
2
-14
2
24
28
-14
-68
-32
-44
-88
-94
-85
-87
-95
-60
-39
-31
-50
-54
-54
-26
20
5
-26
-1
-7
0
0
-4
9
-8
-13
-53
-22
-4
1
23
39
55
60
55
55
13
25
83
47
23
22
45
54
45
33
0
34
52
30
28
36
48
47
61
69
45
62
52
36
56
53
36
2
-32
-34
-20
3
-29
-5
2
2
16
30
41
55
30
73
68
46
73
63
86
103
76
46
45
44
54
32
84
61
58
43
41
26
77
84
66
44
77
76
42
20
35
46
49
14
25
16
30
3
-14
8
35
18
49
72
62
90
93
80
38
39
41
-5
-2
16
0
-30
18
42
6
3
-31
-43
19
3
15
51
41
54
69
44
32
18
22
17
-19
-3
17
-4
5
0
-9
25
46
63
44
47
52
11
21
54
8
11
5
-11
-36
-16
-10
-22
-56
-17
-5
36
64
42
26
37
53
37
64
25
-11
-5
-8
-26
-40
-7
27
18
34
-31
-41
2
22
21
28
35
34
6
15
-5
-14
-7
-23
-21
-22
-30
-50
-57
-45
-48
-36
-18
-14
-35
-2
8
-8
26
2
-24
-13
-9
-17
-55
-79
-99
-74
-90
-74
-83
-67
-75
-72
-55
-30
-62
-70
-27
-11
-9
-3
-12
-20
-24
-32
-56
-29
-28
-64
-77
-43
-49
-75
-17
6
10
24
21
19
5
1
-17
-6
-25
-17
-52
-56
-32
-31
-36
-12
-33
-25
2
27
1
9
28
-13
-1
-3
-22
-35
-29
14
-20
-17
-31
-59
-5
22
32
2
10
23
22
16
7
2
0
-16
9
-14
5
-19
-62
-10
1
-28
-14
21
19
54
48
39
37
19
10
12
-31
-31
-6
-6
-26
-30
-80
-47
-52
-24
-8
-25
-9
26
49
42
27
31
-36
9
39
24
34
8
1
-1
-22
-15
-66
-27
-38
22
1
20
16
28
40
36
-1
-3
32
-2
-34
6
16
-34
-68
-38
-34
-21
12
38
16
21
41
-15
-13
-41
-20
21
26
-3
-35
-14
4
4
4
6
8
33
37
44
53
54
52
0
11
11
9
32
12
1
-11
-23
-26
-14
-6
-27
19
11
23
58
54
58
50
35
56
49
10
13
-1
-23
-34
-39
-44
-38
-8
-12
-18
-24
-20
5
14
-1
14
50
49
10
24
37
32
22
4
7
-4
14
2
11
-34
-21
-27
-28
-11
4
11
2
10
39
57
70
69
32
29
-5
11
5
26
59
49
63
74
115
149
184
208
228
250
326
351
330
376
409
411
405
456
461
511
540
575
642
658
618
583
489
312
108
-175
-598
-908
-35
1317
1907
1762
1303
865
492
99
40
-226
-163
1324
2412
2041
1016
672
889
1497
1704
1355
979
1510
2907
4315
5068
5604
5557
5136
4524
3890
3352
2712
2103
1732
1544
1388
1118
860
472
91
-247
-660
-1124
-1481
-1769
-2045
-2331
-2652
-2896
-3061
-3109
-3198
-3268
-3225
-3150
-3108
-3022
-2928
-2815
-2724
-2580
-2465
-2386
-2291
-2145
-2042
-1955
-1889
-1794
-1695
-1562
-1445
-1302
-1186
-1066
-963
-884
-815
-725
-679
-638
-573
-553
-507
-434
-400
-363
-290
-277
-216
-169
-113
-60
-41
-21
-59
-56
-46
-37
-37
-11
6
-17
4
-4
-18
-35
-28
-23
-27
-4
36
79
128
123
161
225
255
254
249
273
258
236
237
218
194
173
116
102
116
122
71
34
34
37
30
-10
-19
-1
-4
-12
-30
-14
-17
-9
31
44
13
24
44
39
-10
8
4
-32
-25
-27
-51
-40
-5
-39
-48
-50
-41
-15
16
21
-10
1
21
27
21
-42
-30
-20
-31
-34
-47
-33
-50
-56
-53
-38
-65
-54
-26
-11
-2
-9
-12
-18
-47
-39
-49
-29
-29
-37
-16
-54
-82
-63
-47
-72
-37
-4
11
20
7
9
-19
-9
-42
-5
-7
17
-1
-43
-45
-48
-64
-47
-41
-33
-38
-34
-27
-21
-31
-35
-30
-61
-57
-59
-48
-42
-72
-92
-59
-16
-48
-40
-19
-56
-65
-31
-43
-74
-80
-73
-94
-74
-60
-70
-40
-38
-69
-81
-96
-66
-38
-51
-59
-24
-24
-14
-61
-78
-55
-42
-51
-50
-87
-101
-60
-56
-86
-95
-76
-48
-24
-19
-30
-41
-44
-30
-25
-24
-26
-55
-55
-56
-68
-71
-69
-85
-73
-57
-27
-27
-22
-8
5
-15
-77
-90
-69
-57
-64
-62
-105
-93
-94
-59
-72
-98
-78
-56
-65
-70
-38
-47
-32
-57
-66
-69
-57
-99
-74
-94
-80
-76
-136
-134
-112
-129
-134
-117
-131
-163
-161
-127
-128
-84
-84
-86
-34
-59
-88
-100
-78
-81
-100
-122
-133
-152
-143
-118
-139
-156
-114
-123
-102
-99
-77
-74
-69
-92
-107
-88
-91
-138
-122
-99
-127
-121
-118
-112
-100
-108
-117
-100
-130
-161
-130
-114
-106
-120
-128
-133
-134
-107
-74
-86
-89
-76
-77
-129
-159
-142
-164
-201
-191
-199
-214
-207
-185
-183
-193
-180
-199
-174
-179
-160
-144
-125
-141
-198
-166
-123
-141
-154
-191
-183
-191
-211
-187
-192
-221
-193
-211
-238
-228
-213
-162
-174
-209
-191
-185
-201
-185
-170
-186
-200
-215
-185
-206
-244
-241
-246
-270
-247
-211
-227
-241
-250
-207
-190
-204
-207
-222
-207
-230
-224
-174
-221
-236
-223
-198
-225
-252
-270
-262
-246
-226
-190
-181
-143
-157
-179
-151
-166
-191
-161
-155
-130
-142
-186
-142
-156
-169
-156
-167
-146
-119
-88
-80
-55
-23
-44
-49
7
22
28
30
58
23
31
38
56
77
108
73
86
77
123
139
119
124
146
184
199
183
221
215
245
265
255
271
293
315
330
331
340
342
335
362
385
385
389
414
421
410
416
431
438
457
427
402
429
459
435
450
440
434
449
477
462
478
480
504
482
526
502
528
511
506
493
468
454
431
416
425
400
366
382
403
397
384
399
397
373
367
356
338
330
325
316
294
300
286
266
263
271
233
241
250
240
237
223
209
223
223
226
199
203
211
186
215
212
175
171
155
148
137
175
138
98
105
106
89
124
62
60
85
96
89
91
109
124
104
124
121
105
104
115
110
66
81
87
80
75
71
79
103
120
119
121
134
141
147
143
135
116
99
112
57
56
65
76
72
59
65
23
22
21
29
56
84
73
85
86
38
61
68
86
62
41
22
18
38
30
33
33
34
39
21
26
50
34
47
79
74
55
49
47
20
40
26
4
6
7
31
9
24
25
21
62
31
51
77
58
52
47
49
52
63
45
33
28
30
-10
-13
25
36
24
-12
-19
4
48
41
45
47
42
47
74
72
50
37
44
17
1
11
22
-10
-1
29
43
52
76
38
24
31
26
38
14
33
47
31
22
10
28
10
30
37
31
19
8
19
41
41
34
49
26
17
16
23
-4
3
1
-22
-10
-23
-33
-32
-29
-33
-39
-40
-37
-23
-1
-11
-26
-6
7
-57
-114
-86
-85
-108
-72
-71
-71
-81
-94
-71
-75
-53
-32
-26
2
-17
-29
-26
-23
-86
-77
-62
-78
-113
-148
-143
-134
-163
-136
-97
-73
-69
-76
-82
-96
-65
-66
-83
-98
-75
-99
-97
-118
-146
-167
-162
-156
-163
-175
-182
-155
-120
-122
-126
-142
-135
-155
-158
-114
-131
-120
-122
-122
-130
-125
-172
-193
-174
-156
-142
-123
-139
-140
-132
-75
-61
-63
-87
-69
-43
-58
-61
-74
-69
-92
-105
-96
-104
-124
-98
-100
-108
-136
-127
-147
-141
-110
-80
-114
-112
-77
-63
-80
-64
-86
-80
-87
-101
-121
-116
-108
-90
-153
-132
-114
-96
-97
-88
-87
-63
-57
-69
-84
-77
-87
-71
-69
-72
-80
-100
-128
-90
-70
-57
-48
-50
-19
-49
-45
-20
-25
-40
-11
-16
-83
-96
-87
-91
-86
-38
-3
-30
-7
0
-14
12
7
-26
2
19
34
30
10
-22
-51
-35
-31
-55
-65
-63
-43
-46
-46
-11
2
7
29
20
16
25
10
10
14
22
27
26
-3
-26
-4
14
12
7
24
38
26
62
90
142
123
121
108
107
106
69
57
52
31
33
29
20
-1
-6
-18
-36
5
2
-53
-72
-102
-110
-104
-92
-117
-142
-168
-150
-180
-165
-183
-204
-228
-255
-285
-277
-268
-268
-287
-263
-254
-269
-229
-235
-224
-212
-194
-194
-171
-149
-162
-168
-153
-140
-130
-123
-105
-79
-63
-37
26
47
53
72
50
58
86
120
126
128
167
125
120
92
74
80
45
58
68
45
32
75
45
38
31
46
37
30
61
63
60
21
53
16
-12
11
9
13
5
7
18
29
33
45
61
73
73
56
27
56
64
60
41
22
44
57
33
32
62
50
49
69
62
68
79
72
66
63
84
104
117
105
73
51
64
23
3
13
11
-11
3
28
44
35
55
47
48
82
64
43
41
71
22
-26
11
-20
-44
-31
-11
-14
4
9
20
8
60
62
36
35
52
37
42
32
-13
-28
-40
-56
-79
-59
-16
5
4
15
6
-3
44
36
34
69
51
31
46
43
5
24
1
-25
-35
-28
-58
-43
-11
22
-14
13
19
14
0
18
8
27
27
19
-4
-16
-7
2
5
-18
-50
-9
5
-12
7
30
41
0
10
27
-14
-28
-19
-46
-13
-2
-31
-48
-52
-31
-33
-54
1
-23
-14
11
-23
-3
6
-2
-44
-18
-22
-33
15
10
0
-29
-25
-37
-12
6
7
2
80
46
28
38
38
0
18
-2
-28
-21
18
22
20
29
49
37
40
63
59
58
44
2
10
24
33
26
11
24
-10
6
11
-10
-13
12
-19
-26
-1
9
9
42
49
38
37
54
47
6
-7
-8
-21
-16
-12
-74
-60
-79
-79
-53
-57
-59
-29
29
3
11
10
25
42
35
51
61
51
33
-23
6
4
15
2
-5
-21
-47
-21
-14
29
18
51
60
52
46
50
12
20
27
16
10
-2
-8
-40
-23
-27
-26
-11
16
-9
2
34
65
49
79
42
11
31
30
-12
-31
0
-13
3
-23
-56
-74
-22
-9
-36
-26
25
22
32
42
9
10
29
43
23
43
39
42
7
15
-15
-47
-31
-30
9
21
15
3
41
42
43
72
74
22
5
-14
15
13
5
21
17
47
29
0
-23
19
-7
-44
8
-16
-62
-53
0
1
-13
-10
-29
-62
-55
-58
-81
-57
-71
-72
-70
-46
-31
-55
-62
-67
-68
-66
-59
-50
-29
-1
-39
-83
-77
-74
-78
-77
-56
-27
-38
-40
-39
-22
-35
-38
18
10
-11
-19
-27
-34
-43
-43
-18
-59
-28
-45
-47
-53
-23
-13
-15
-7
-10
-24
14
27
29
22
4
-14
1
6
-1
-16
15
4
-8
-18
3
13
-11
-9
-16
1
35
4
8
29
43
39
15
-9
23
13
-2
-15
-27
-20
-22
-32
19
11
-34
-27
25
30
20
12
-18
-4
19
-6
-31
3
-24
-18
-5
4
11
6
-26
-17
-4
-11
6
-20
-38
-14
-2
-33
-21
-27
-47
-30
-12
-17
7
13
5
-27
-17
-42
-42
-36
-43
-40
-15
-27
-33
-39
-41
-32
-3
14
6
10
-7
25
30
13
3
-50
-41
-13
-32
-35
-12
-22
5
19
-6
-12
54
34
47
33
47
51
31
36
38
8
11
-15
32
39
33
-20
-20
-13
18
33
41
55
17
5
21
21
5
23
14
13
1
-11
-11
-7
-4
-2
-18
-38
-34
-5
11
-28
-34
-2
23
16
12
-6
-9
-30
-3
-14
11
9
-29
-45
14
12
-41
-22
3
21
8
33
46
28
14
-16
-15
-4
-30
-13
-5
5
-45
-29
-27
-36
-24
0
-6
-17
-18
19
34
10
49
63
52
83
81
82
79
118
138
155
152
183
218
271
275
248
297
327
345
385
427
481
538
606
665
695
711
688
706
724
737
779
855
875
852
845
843
899
945
939
812
705
774
836
746
633
642
828
1219
1577
2045
2550
3281
4394
5317
5896
6190
5813
5042
4409
4058
3920
3608
3230
2972
2636
2256
1963
1673
1278
838
308
-157
-589
-1009
-1428
-1812
-2262
-2594
-2879
-3115
-3160
-3228
-3355
-3423
-3492
-3540
-3541
-3495
-3464
-3402
-3311
-3221
-3118
-3011
-2915
-2817
-2703
-2529
-2383
-2261
-2116
-1944
-1760
-1627
-1484
-1370
-1269
-1136
-1057
-1040
-974
-887
-836
-762
-680
-577
-509
-455
-437
-391
-301
-270
-263
-239
-254
-278
-314
-303
-278
-252
-226
-220
-236
-213
-218
-235
-221
-205
-173
-168
-144
-118
-60
-48
35
33
53
108
133
118
126
145
171
174
194
158
178
136
88
122
115
89
103
87
34
41
64
30
15
14
0
-30
-10
-14
-56
-54
-39
-40
-61
-54
-58
-94
-73
-64
-47
-39
-46
-57
-53
-67
-88
-93
-75
-91
-81
-79
-60
-43
-60
-66
-85
-67
-28
-39
-52
-40
-59
-56
-42
-21
-53
-78
-71
-63
-42
-3
-26
-38
-15
-17
-40
2
14
-4
-4
5
-1
-37
-11
6
-5
-12
-27
-23
-15
-4
-8
10
33
27
30
38
15
8
46
43
-6
-11
-13
-10
-13
-28
-48
-35
-7
-10
-28
29
46
24
12
10
30
-4
-16
-33
-36
-33
-34
-63
-76
-63
-44
-54
-54
-70
-78
-27
-46
-53
-35
-54
-79
-66
-34
-64
-90
-77
-71
-78
-78
-154
-181
-133
-129
-118
-107
-76
-77
-85
-71
-69
-64
-51
-56
-93
-99
-73
-116
-127
-118
-127
-129
-121
-128
-131
-102
-84
-97
-83
-74
-49
-53
-54
-93
-83
-74
-90
-109
-82
-79
-105
-102
-49
-53
-57
-44
-42
-47
-65
-40
-14
-36
-39
-62
-114
-88
-61
-72
-25
-25
-66
-82
-67
-89
-63
-53
-52
-58
-17
-9
-71
-69
-50
-40
-47
-57
-89
-82
-55
-72
-54
-20
-54
-65
-63
-50
-10
-2
7
-11
-30
-43
-74
-69
-57
-62
-93
-89
-119
-121
-136
-120
-134
-104
-85
-74
-70
-67
-34
-37
-65
-78
-69
-98
-132
-124
-123
-157
-161
-159
-172
-142
-169
-183
-167
-172
-138
-137
-111
-113
-144
-112
-150
-193
-172
-175
-156
-184
-216
-225
-216
-215
-256
-248
-239
-277
-273
-261
-248
-229
-205
-214
-245
-235
-230
-241
-221
-250
-260
-278
-296
-292
-283
-251
-249
-247
-236
-273
-256
-233
-189
-200
-205
-166
-177
-190
-147
-162
-200
-235
-222
-229
-231
-213
-210
-194
-192
-182
-184
-153
-184
-210
-206
-172
-178
-184
-184
-176
-204
-222
-197
-196
-171
-193
-235
-212
-177
-209
-247
-198
-183
-187
-137
-139
-149
-122
-137
-139
-134
-104
-126
-125
-110
-120
-88
-66
-57
-41
-34
-60
-88
-50
-64
-72
-38
-5
11
15
25
55
66
76
105
108
132
144
178
175
219
219
233
234
262
268
246
255
257
254
260
270
253
268
271
255
288
293
293
298
321
350
340
343
326
330
351
325
344
359
368
365
360
367
364
348
364
372
391
379
372
400
380
363
367
393
420
419
399
416
372
316
320
336
335
333
339
318
331
332
345
337
366
361
304
299
314
322
293
251
259
230
230
231
214
199
181
201
189
210
241
246
230
240
215
187
153
150
155
142
90
87
106
101
89
83
81
74
90
132
122
102
100
121
129
136
95
94
102
73
47
47
54
42
66
93
71
87
87
76
63
75
76
73
75
76
44
-2
15
21
2
8
42
1
-7
42
32
59
85
110
84
88
74
58
70
59
13
19
-10
-20
-2
6
-10
-4
0
-1
11
23
43
12
22
78
97
82
62
19
20
51
32
18
11
-23
-25
-39
-18
-3
-18
-21
-30
-9
-7
13
31
33
30
32
25
45
32
45
32
25
9
22
12
-9
-1
6
-3
-20
-7
14
32
24
41
56
36
17
-15
-3
7
-13
-20
-3
13
10
6
36
15
-15
27
25
-16
14
24
36
16
30
52
40
16
0
-17
2
-10
-10
-43
-12
13
35
24
-14
43
59
46
59
41
-15
-18
-8
13
-7
-25
-36
-43
-33
-25
-35
-52
-38
-35
-37
0
-12
-12
14
22
-13
-17
13
-5
-25
-20
-18
-22
-39
-43
-21
-1
-7
-13
-4
-7
-17
-4
18
20
-12
-40
-43
-36
-54
-77
-71
-51
-83
-89
-75
-59
-39
-5
-5
-23
-8
-8
-34
-44
-42
-37
-34
-75
-85
-75
-50
-72
-67
-89
-88
-28
-34
-36
-40
-69
-52
-21
-32
-60
-60
-34
-65
-85
-35
-54
-88
-70
-63
-79
-70
-44
-79
-56
-19
-23
-48
-65
-53
-33
-30
-20
-53
-103
-81
-58
-59
-41
-60
-96
-90
-38
8
27
3
-9
-29
-7
3
-9
-19
-16
-23
-34
-39
-34
-40
-51
-63
-74
-29
10
0
-6
-3
14
26
29
17
-3
-3
-30
-8
26
-20
-44
-59
-90
-92
-65
-33
-33
-32
4
31
2
-8
21
-7
-11
16
9
11
21
13
-7
-35
-42
-55
-15
-7
-2
18
-5
-5
13
11
5
7
57
43
-9
-17
12
16
-16
-15
-29
-59
-38
-42
-49
-13
0
-14
-3
17
28
47
28
7
-32
-27
-8
-45
-54
-31
-26
-43
-48
-23
-25
-19
-1
-5
-2
17
37
6
40
26
-12
-18
-28
-13
3
24
35
19
6
-22
-7
-6
0
2
54
41
13
14
13
3
8
-10
-18
-19
2
-22
-36
-12
6
-13
1
19
-4
-6
5
-40
-24
-27
-33
-62
-55
-92
-110
-61
-15
-53
-41
-6
-3
14
10
-12
-25
-8
-8
-14
-26
11
-10
-27
-9
-31
-43
-52
-37
-54
-16
-31
-25
4
55
51
13
14
28
7
0
-17
-45
-18
7
-3
-34
-1
-20
-39
-10
22
10
9
40
33
21
23
47
29
46
36
29
25
14
-11
-20
24
-3
4
39
8
59
55
75
82
78
78
69
40
50
41
43
64
60
47
36
17
-2
70
79
59
53
62
60
57
45
22
22
39
27
32
50
56
30
9
21
19
23
29
-3
-34
8
37
6
-16
8
-4
-14
1
2
-25
-1
41
33
26
-18
-34
-31
23
2
-27
-7
-4
-2
-3
11
32
41
37
15
39
44
73
39
64
69
29
31
3
7
-26
-9
9
21
32
27
20
36
70
48
13
16
32
1
-17
24
39
56
11
10
8
15
25
19
26
2
17
22
18
37
64
86
18
17
31
18
26
72
25
39
53
24
28
37
35
23
56
51
30
21
41
23
44
81
32
22
63
64
63
55
81
62
39
36
55
36
31
17
33
8
36
23
42
74
71
43
82
89
95
65
63
50
70
69
56
46
56
22
5
50
33
42
31
27
39
74
82
74
68
93
57
73
77
76
84
47
59
44
52
77
70
7
22
-10
-3
78
79
42
40
84
81
36
33
43
21
73
41
72
47
43
5
17
20
29
24
27
51
33
38
41
34
45
28
21
19
32
22
11
23
19
2
1
52
27
30
43
-11
3
24
15
14
13
-5
-20
-23
-8
8
21
47
14
-14
18
59
14
11
15
15
25
30
26
8
21
