0
-17
-25
-33
-51
-71
-60
-54
-39
-47
-61
-69
-72
-71
-56
-38
-21
-30
-15
6
36
59
52
40
39
46
45
28
-7
-13
-20
-22
-19
-34
-58
-69
-60
-61
-55
-62
-90
-86
-65
-51
-40
-26
-24
-26
-22
-30
-52
-52
-38
-23
-28
-22
-28
-34
-38
-49
-59
-52
-41
-42
-52
-47
-43
-35
-25
-14
-12
-13
-17
-42
-66
-82
-88
-91
-110
-110
-111
-111
-129
-136
-129
-138
-148
-131
-105
-110
-106
-92
-93
-110
-124
-142
-146
-148
-144
-142
-130
-130
-137
-132
-126
-143
-159
-134
-112
-115
-107
-103
-108
-114
-127
-138
-147
-148
-153
-143
-150
-153
-148
-131
-122
-134
-146
-117
-102
-108
-109
-121
-138
-135
-133
-154
-170
-174
-182
-180
-189
-205
-222
-223
-230
-241
-223
-227
-237
-233
-236
-216
-218
-226
-224
-247
-260
-232
-224
-225
-234
-239
-250
-257
-259
-266
-261
-254
-243
-238
-225
-233
-228
-204
-197
-190
-168
-167
-164
-152
-136
-126
-121
-120
-130
-132
-125
-136
-142
-156
-174
-175
-164
-152
-151
-142
-137
-130
-107
-91
-71
-58
-63
-63
-52
-52
-62
-82
-89
-93
-103
-120
-125
-142
-143
-139
-127
-131
-128
-127
-122
-110
-98
-89
-95
-81
-85
-101
-106
-100
-109
-138
-154
-163
-151
-133
-114
-113
-89
-72
-59
-49
-31
-18
-28
-30
-16
2
8
5
-13
-33
-11
21
42
65
81
82
84
96
112
124
146
155
166
183
206
227
238
244
232
224
242
270
294
287
294
313
337
334
325
324
332
350
359
364
351
356
362
369
372
386
389
395
385
373
381
382
375
367
363
364
366
369
369
367
399
413
398
368
347
338
325
322
329
322
309
291
286
279
263
272
253
238
228
222
219
209
207
209
219
208
192
181
191
185
178
162
165
157
152
156
156
170
154
131
124
112
95
92
89
92
104
104
112
120
123
129
109
93
113
101
93
81
55
34
29
28
24
22
21
32
43
60
58
56
61
66
68
81
87
79
82
57
24
17
28
39
37
25
19
21
26
32
43
51
55
56
40
21
12
5
-1
10
-1
8
11
-8
-9
-4
-7
-2
-8
-16
-6
30
62
75
65
43
40
42
42
14
-2
-12
-4
-7
-19
-28
-40
-44
-11
-5
-1
0
3
11
17
13
7
15
20
7
0
-4
1
-7
-18
-20
-18
-10
7
12
14
25
32
24
14
5
2
2
-7
-14
-9
-12
1
10
11
4
-5
-2
21
36
35
30
17
17
12
-2
-17
-24
-22
-37
-53
-38
-36
-43
-64
-61
-51
-47
-36
-39
-39
-20
5
20
31
17
16
8
6
0
-8
-25
-47
-62
-67
-62
-69
-61
-75
-69
-46
-43
-32
-13
-19
-24
-21
-14
-23
-15
-14
-17
-27
-37
-35
-51
-78
-78
-61
-39
-33
-40
-38
-33
-45
-48
-41
-47
-42
-37
-23
-28
-49
-70
-81
-86
-78
-76
-87
-70
-67
-55
-30
-11
-10
-4
-1
-12
-7
-23
-54
-55
-47
-62
-80
-83
-74
-93
-97
-86
-82
-80
-55
-66
-71
-47
-27
-25
-29
-31
-24
-22
-27
-63
-84
-78
-85
-92
-79
-86
-92
-80
-44
-31
-39
-12
-4
3
2
-7
-20
-23
-20
-18
-19
-9
-19
-35
-38
-30
-35
-36
-25
-31
-28
-27
-24
-15
-11
-21
-13
8
-4
-36
-33
-28
-41
-53
-44
-46
-49
-42
-34
-16
-4
-11
-17
-23
-11
8
3
2
6
11
16
9
1
11
-2
-24
-31
-26
-23
-8
1
10
18
11
-8
-14
-5
4
15
27
19
9
-1
1
-2
-25
-22
-11
-16
-21
-17
-37
-48
-36
-34
-27
-26
-20
-20
2
21
13
5
0
-12
-10
-8
-14
-46
-63
-65
-57
-51
-64
-74
-68
-40
-30
-40
-24
-2
4
1
-10
-11
-7
-2
1
2
8
5
6
-3
-6
-15
-23
-21
-3
13
21
19
21
27
28
7
2
-17
-43
-47
-31
-33
-52
-64
-60
-55
-52
-68
-84
-75
-72
-76
-60
-57
-79
-73
-54
-47
-34
-43
-48
-41
-36
-43
-62
-65
-66
-76
-80
-62
-76
-80
-51
-29
-31
-26
-18
5
31
56
64
70
78
79
88
68
54
52
54
50
33
8
15
32
25
8
10
26
24
15
26
31
32
34
34
33
27
5
-6
-1
-11
-4
1
-1
-8
-12
-12
-3
10
11
14
11
17
40
52
52
26
-5
-3
-9
-10
13
28
12
-8
9
15
19
23
21
5
5
26
18
-10
-23
-9
9
19
19
20
24
33
41
36
37
22
17
22
9
-12
-16
-2
2
29
24
16
20
33
39
30
34
45
53
52
37
24
28
13
1
-3
-5
-9
-6
0
-6
4
21
22
13
13
24
26
32
30
23
23
13
13
11
11
7
2
2
14
18
31
42
37
31
36
47
59
68
61
39
33
25
17
22
29
32
14
6
10
23
35
35
25
31
34
40
49
58
43
27
27
24
23
29
38
40
26
19
4
18
27
15
5
3
10
14
15
16
11
19
34
38
23
17
37
36
42
51
35
22
14
20
31
30
18
16
25
19
21
27
35
29
36
67
75
50
56
58
66
56
45
26
24
27
14
2
12
0
-3
5
7
21
27
22
25
40
49
50
50
40
36
37
57
55
27
13
8
-1
-1
4
9
6
15
23
31
33
35
23
41
40
32
36
49
43
25
18
8
-6
-11
-16
-15
-4
10
22
20
27
26
30
33
26
25
24
28
18
0
-27
-35
-38
-37
-50
-36
-8
8
-4
0
19
30
47
58
48
29
19
23
27
20
4
-2
-10
-22
-45
-46
-24
-9
1
-8
-8
-2
23
49
71
82
69
52
34
28
16
1
-2
-15
-12
-10
9
3
-15
-13
-6
4
19
28
26
32
46
42
21
14
11
13
11
-8
-18
-24
-8
-4
-2
3
-6
14
31
44
63
70
67
54
39
33
31
10
-2
-11
-1
17
37
33
34
32
21
30
31
33
36
45
53
56
70
79
64
54
42
20
13
0
-11
-26
-20
-28
-39
-26
-18
-12
-6
8
15
7
-9
-24
-37
-35
-21
-29
-42
-60
-66
-73
-77
-78
-68
-65
-52
-45
-47
-46
-36
-21
-25
-17
-31
-43
-40
-49
-47
-54
-62
-46
-29
-31
-23
-20
-26
-11
24
37
25
26
10
-10
-15
-24
-22
-15
-19
-31
-27
-11
-7
-3
3
22
39
55
46
52
49
29
13
0
-1
-5
-18
-14
-13
-17
-27
-16
8
29
42
48
46
48
50
54
54
46
18
7
3
12
-10
-10
14
16
12
9
4
20
10
0
13
30
32
14
20
15
10
9
-5
-17
-13
-19
-38
-46
-24
-8
0
17
24
11
5
2
-4
-6
-6
-4
12
16
14
0
-15
4
2
-16
-15
-8
-6
5
11
23
42
37
20
10
17
6
-3
-20
-18
-13
-7
6
-14
-22
8
22
27
41
48
27
30
35
32
33
14
4
30
10
-20
-21
-11
-24
-22
4
26
11
10
18
31
32
44
37
24
11
-13
-24
-27
-30
-34
-31
-24
-48
-39
-29
-37
-12
8
-3
-18
-15
-8
-18
-23
-21
-16
-10
-28
-39
-40
-22
-8
-16
-10
2
16
42
36
20
8
27
41
23
20
17
-3
1
-3
-14
-11
-12
-7
11
23
31
35
25
12
14
14
17
25
8
3
5
-8
-6
-7
-19
9
33
41
58
65
76
92
98
103
125
139
168
193
224
254
251
262
280
284
295
334
375
408
437
486
536
603
678
713
733
779
827
856
902
965
1007
1040
1040
1020
1006
1013
1028
1012
967
952
977
998
942
884
825
854
985
1205
1546
1960
2569
3368
4169
4834
5095
4835
4302
3862
3640
3538
3366
3158
2899
2591
2298
2041
1782
1468
1084
680
328
-7
-382
-820
-1229
-1611
-1991
-2337
-2595
-2718
-2792
-2873
-2965
-3062
-3117
-3166
-3208
-3212
-3197
-3169
-3103
-3022
-2928
-2857
-2772
-2648
-2481
-2319
-2181
-2035
-1879
-1751
-1622
-1495
-1375
-1269
-1184
-1099
-1038
-977
-903
-828
-766
-698
-605
-551
-508
-467
-435
-407
-376
-347
-351
-370
-365
-342
-309
-289
-290
-278
-298
-325
-344
-350
-346
-330
-306
-305
-298
-278
-253
-214
-159
-101
-54
-18
14
46
80
107
118
124
121
109
102
112
113
76
37
29
27
3
4
3
-7
-8
-13
-14
-7
-7
-17
-32
-39
-30
-44
-46
-46
-52
-37
-25
-22
-31
-20
-20
-15
-12
-2
-21
-27
-19
-16
-42
-69
-76
-70
-42
-22
-19
-17
-19
-8
-3
-11
-7
4
23
24
4
-10
-24
-48
-47
-31
-24
-29
-40
-51
-55
-48
-41
-33
-17
-2
-8
-22
-18
-11
-15
5
4
-1
3
-5
-35
-48
-60
-56
-53
-40
-29
-32
-19
-10
-25
-26
-9
-7
13
27
12
17
11
-3
-7
-17
-34
-55
-64
-52
-47
-27
-19
-27
-38
-34
-15
-14
-11
-11
-14
-15
-11
-2
3
6
-4
-13
-25
-31
-33
-33
-23
-26
-32
-18
-7
-16
-27
-33
-39
-33
-34
-39
-20
-8
-14
-15
-25
-44
-59
-60
-57
-46
-38
-27
-18
-9
-9
-20
-18
-1
7
8
6
-8
-20
-20
-30
-48
-54
-63
-58
-47
-42
-40
-28
-18
-16
-26
-2
20
24
17
5
-8
-23
-23
-24
-45
-50
-66
-78
-76
-55
-51
-57
-59
-61
-64
-59
-39
-31
-37
-44
-42
-36
-31
-41
-54
-64
-78
-86
-88
-91
-93
-76
-63
-83
-77
-53
-48
-57
-62
-66
-71
-60
-76
-93
-104
-101
-92
-86
-80
-83
-75
-65
-76
-94
-88
-74
-67
-68
-83
-94
-101
-101
-114
-124
-124
-122
-132
-139
-132
-115
-106
-104
-104
-104
-109
-119
-112
-113
-124
-147
-159
-160
-182
-193
-182
-194
-189
-173
-158
-162
-144
-131
-142
-146
-132
-129
-147
-149
-146
-148
-149
-138
-153
-162
-169
-177
-177
-169
-177
-181
-173
-187
-174
-163
-167
-173
-180
-180
-192
-192
-190
-193
-197
-204
-198
-199
-206
-205
-202
-196
-189
-211
-226
-232
-239
-247
-235
-223
-222
-225
-223
-216
-197
-181
-153
-142
-141
-148
-157
-153
-140
-157
-179
-184
-172
-163
-166
-167
-173
-171
-187
-184
-155
-141
-117
-101
-81
-71
-67
-70
-85
-82
-77
-81
-76
-82
-99
-109
-122
-120
-121
-129
-134
-111
-90
-84
-73
-53
-42
-36
-26
-10
-15
-23
-14
-14
-16
-19
-11
5
-8
-19
-13
6
17
17
16
14
30
60
61
73
98
107
119
142
181
202
211
207
207
213
224
250
265
271
272
279
288
285
283
281
280
271
261
278
285
298
338
353
344
334
340
349
359
351
342
338
331
328
348
371
368
366
368
367
347
359
373
365
368
379
375
352
348
332
317
334
338
316
319
341
342
326
334
337
335
332
304
277
267
251
258
253
238
225
211
200
205
213
224
221
202
184
191
193
179
172
171
162
162
151
138
141
130
117
109
115
124
133
134
135
137
125
122
97
87
95
100
102
88
77
57
59
58
44
55
70
68
67
94
110
106
91
76
57
67
68
52
28
22
27
34
34
36
26
19
25
30
44
53
51
42
37
24
18
33
40
36
34
31
14
0
5
-1
7
19
17
26
27
33
36
42
52
47
34
17
6
17
24
13
1
-11
-18
-31
-42
-41
-42
-26
-17
-8
-3
6
10
19
38
31
16
12
13
4
15
11
-13
-20
-3
-4
-19
-15
-3
-14
-11
-2
-2
-6
5
12
24
33
23
2
-4
-9
-4
6
0
-11
-28
-18
-12
-11
2
15
9
20
4
-8
9
8
0
0
5
-7
-13
-11
9
3
-19
-22
-27
-39
-31
-17
-12
-13
-8
-9
-12
-6
-5
-6
4
-20
-43
-41
-35
-27
-16
-12
-16
-29
-8
8
26
30
6
-7
-18
-7
-3
-8
-11
-28
-38
-38
-52
-81
-74
-72
-67
-46
-17
-14
-6
2
-1
2
-4
-14
-33
-37
-38
-33
-25
-30
-45
-34
-33
-37
-33
-30
-37
-27
-12
-23
-42
-45
-45
-52
-55
-65
-76
-65
-51
-56
-62
-69
-67
-46
-22
-9
-20
-53
-65
-66
-64
-65
-66
-75
-78
-78
-71
-61
-50
-51
-56
-41
-45
-63
-45
-31
-39
-40
-45
-52
-44
-48
-27
-5
11
11
-13
-21
-17
-22
-35
-39
-54
-69
-59
-54
-39
-22
-11
-5
5
19
24
17
10
0
-5
-9
-5
-19
-21
-13
-21
-35
-36
-35
-45
-27
-15
-5
3
4
2
-1
-16
-34
-34
-28
-29
-23
-10
1
2
1
20
11
19
15
-14
-24
-20
-25
-22
-28
-31
-25
-20
-2
-5
-11
-20
-11
-21
-24
-4
20
18
-1
-17
-13
-25
-19
-16
-25
-24
-29
-22
-28
-34
-20
-15
-24
-17
2
11
26
42
30
0
2
4
13
15
14
-13
-12
-15
-30
-27
-12
12
13
12
13
19
38
51
66
99
128
126
114
106
107
97
95
88
60
45
31
2
-18
-22
-22
-15
-3
12
13
24
48
64
59
41
27
13
29
37
35
16
11
4
-4
-1
-13
-22
-33
-41
-28
-13
-18
-32
-19
-3
1
10
11
8
-13
-27
-35
-55
-45
-40
-42
-33
-33
-53
-71
-74
-58
-67
-84
-73
-74
-57
-48
-34
-9
-7
-16
-34
-50
-58
-67
-74
-72
-92
-94
-82
-88
-97
-78
-107
-114
-91
-81
-68
-48
-27
-12
3
-20
-16
5
-6
-36
-37
-31
-36
-33
-28
-45
-56
-53
-56
-49
-47
-49
-56
-52
-28
-4
8
26
40
36
21
47
70
64
75
72
64
61
79
81
88
94
104
102
121
115
98
111
121
130
139
143
135
133
129
126
116
110
105
109
107
103
90
89
82
69
67
85
84
60
29
13
14
8
12
-2
-5
6
6
-5
-5
2
-4
-3
-14
-38
-27
-13
-22
-27
-24
-26
-28
-19
-8
-11
-1
19
9
21
23
16
9
15
0
-9
1
4
12
3
17
23
3
-5
-5
-1
14
19
21
23
17
19
16
20
16
6
6
21
26
26
28
15
15
27
3
-3
10
27
43
53
55
61
57
53
43
34
33
40
29
22
12
2
20
28
15
26
33
43
70
88
90
86
80
62
50
56
54
38
27
17
26
30
29
1
-13
-10
0
23
40
51
38
31
37
26
20
4
-7
0
4
-5
-11
6
27
26
33
33
24
20
32
36
26
12
-3
-2
-3
-9
-7
-9
-4
18
38
54
45
35
35
32
16
21
17
8
-2
-1
5
8
1
-8
-13
-3
13
31
50
57
36
43
41
29
17
15
11
-6
17
15
1
-3
-13
-20
-13
7
30
13
21
32
29
39
46
33
23
29
20
14
21
28
16
5
-3
-22
-26
6
25
6
3
3
11
13
31
43
55
64
56
36
33
10
-2
-4
-12
-20
-4
5
-3
-20
-6
-3
13
26
32
25
37
34
17
19
16
13
12
12
17
20
48
54
40
32
36
25
9
-13
-20
6
17
16
14
20
9
-11
4
13
11
4
8
11
22
23
14
14
20
23
15
34
47
19
6
-11
-31
-26
2
4
-12
-19
-2
21
11
24
45
56
62
70
62
49
39
22
6
0
1
0
-5
-18
-17
-4
-6
-13
-13
-5
-2
6
-10
-24
-16
1
21
21
12
-9
-31
-37
-33
-48
-54
-59
-46
-35
-36
-41
-46
-40
-25
-19
-14
-15
-33
-37
-24
-29
-35
-46
-49
-59
-57
-50
-50
-44
-25
-30
-18
-10
0
5
22
28
37
51
39
8
1
-5
-4
-12
-29
-36
-32
-26
-17
-28
-12
3
16
32
48
57
40
20
24
21
25
6
-14
-14
-11
-7
1
12
5
-5
-16
6
21
41
58
58
59
52
29
-4
-8
0
-11
-14
-24
-21
-1
13
9
17
20
19
24
31
31
31
18
22
21
14
12
8
-16
-16
-13
-29
-27
-13
-15
-5
15
22
9
16
19
26
43
49
22
8
-5
-9
3
9
1
-17
-19
-28
-10
17
19
4
9
23
3
6
2
-6
0
0
-8
-1
6
1
-9
-2
10
20
31
23
31
21
14
3
-2
1
8
-4
7
18
18
23
34
20
-2
20
31
20
22
25
10
-2
-7
-7
1
3
1
3
-6
0
7
4
15
23
34
38
30
15
8
-15
-38
-42
-39
-36
-37
-22
-16
-26
-32
-26
-9
4
17
13
16
10
-5
10
13
-11
-33
-23
-26
-17
-23
-24
-33
-26
-18
-19
-10
5
23
23
19
14
6
11
-5
-17
-13
-10
-18
-31
-12
5
2
12
3
-2
4
32
44
49
44
73
106
140
176
199
229
280
309
335
361
392
415
441
469
503
537
571
620
674
738
796
875
938
956
957
977
1020
1052
1077
1140
1253
1353
1380
1349
1290
1313
1336
1395
1471
1450
1461
1572
1616
1402
1153
988
1021
1173
1297
1391
1594
2127
2940
3662
4165
4364
4123
3607
3042
2574
2198
1794
1457
1192
970
737
479
208
-118
-467
-826
-1171
-1493
-1775
-2044
-2258
-2494
-2700
-2846
-2912
-2885
-2866
-2851
-2786
-2726
-2687
-2644
-2588
-2528
-2470
-2388
-2300
-2205
-2107
-2045
-1995
-1931
-1851
-1772
-1694
-1572
-1465
-1371
-1280
-1178
-1083
-1013
-942
-904
-855
-782
-725
-674
-624
-573
-518
-486
-432
-362
-301
-233
-174
-154
-136
-111
-102
-113
-108
-99
-97
-97
-84
-80
-76
-86
-102
-111
-109
-101
-106
-80
-40
-12
-5
17
45
69
99
126
149
172
158
151
177
182
178
159
110
74
54
51
38
44
38
33
37
45
46
47
55
46
28
37
37
8
0
-12
-37
-44
-31
-29
-29
-26
-30
-23
-7
-2
-8
-3
6
-2
-9
-2
8
6
5
-3
-18
-25
-18
-13
-14
-7
-9
-13
1
18
16
13
17
22
30
28
18
1
-8
-19
-32
-39
-51
-65
-58
-46
-35
-21
-12
-19
-3
21
37
37
26
21
26
19
1
-2
-11
0
-7
-22
-23
-14
-19
-5
-3
4
12
14
6
10
9
10
8
10
-9
-28
-25
-8
-16
-26
-23
-22
-28
-21
0
17
21
10
14
17
2
-10
-9
-11
-26
-30
-21
-17
-11
-15
-12
-18
-17
-5
5
-7
-15
-3
4
-1
-8
-19
-9
-7
-26
-42
-30
-31
-43
-35
-16
-11
-14
-20
-29
-18
-11
-19
-26
-19
-16
-34
-54
-66
-79
-67
-43
-33
-23
-6
3
13
9
4
-8
2
7
-16
-45
-65
-68
-58
-58
-71
-88
-61
-49
-67
-70
-55
-43
-34
-22
-9
-18
-10
-7
-20
-23
-37
-52
-69
-63
-72
-83
-71
-46
-42
-52
-53
-43
-26
-15
-26
-29
-32
-45
-48
-50
-72
-82
-86
-85
-86
-106
-111
-122
-140
-153
-137
-134
-122
-116
-95
-85
-81
-93
-86
-82
-72
-85
-105
-116
-131
-139
-153
-172
-166
-159
-163
-148
-129
-134
-136
-128
-131
-123
-115
-122
-114
-108
-117
-135
-143
-143
-151
-169
-171
-169
-174
-182
-190
-194
-177
-162
-158
-127
-100
-93
-99
-98
-115
-146
-156
-158
-168
-171
-178
-191
-227
-232
-221
-218
-208
-191
-179
-169
-151
-140
-141
-129
-126
-132
-125
-107
-109
-114
-125
-135
-159
-180
-177
-175
-174
-169
-172
-172
-171
-157
-156
-150
-160
-170
-169
-176
-186
-196
-204
-210
-185
-171
-185
-198
-207
-212
-193
-180
-175
-161
-168
-170
-155
-148
-160
-182
-170
-175
-194
-222
-229
-219
-207
-209
-221
-209
-187
-175
-170
-169
-159
-167
-190
-203
-200
-206
-217
-219
-212
-218
-225
-220
-221
-225
-202
-171
-142
-133
-132
-122
-93
-93
-82
-45
-18
-24
-37
-40
-39
-40
-25
-8
1
8
17
43
60
84
100
123
161
189
201
218
250
295
326
335
331
343
372
394
405
406
420
448
469
459
454
467
459
439
470
495
483
480
483
472
488
496
495
512
547
574
580
592
602
596
578
558
560
548
529
524
514
505
476
450
452
437
420
419
421
405
397
400
413
427
414
378
375
365
371
380
374
355
338
313
301
272
241
236
233
226
221
198
188
186
200
199
194
186
169
167
185
181
176
166
145
125
127
133
139
124
106
93
77
70
79
83
105
119
104
100
84
71
70
51
46
58
65
56
56
64
57
45
47
45
41
20
28
41
30
44
42
37
29
21
10
8
9
20
41
39
26
23
16
6
10
11
11
13
2
0
-6
-21
-14
8
-7
-12
0
14
9
37
53
47
47
51
49
41
41
24
14
1
17
6
10
14
1
3
26
49
57
74
97
93
83
87
95
87
99
91
83
77
69
52
56
58
49
43
49
54
67
74
99
94
97
99
103
87
87
85
79
58
41
36
36
33
21
19
30
47
68
61
45
46
54
57
60
68
62
60
39
30
35
44
50
46
38
41
44
42
50
57
73
80
75
70
68
66
63
52
40
29
16
3
1
-11
-16
-13
-17
1
16
23
25
28
25
10
29
27
6
-3
-13
-10
-6
-12
-29
-38
-47
-50
-51
-49
-60
-71
-76
-74
-59
-57
-53
-47
-50
-60
-74
-92
-89
-72
-68
-81
-84
-81
-61
-62
-65
-69
-77
-92
-101
-113
-130
-138
-140
-122
-110
-95
-78
-66
-66
-51
-50
-68
-67
-79
-80
-81
-96
-107
-125
-120
-107
-122
-132
-132
-124
-125
-121
-130
-122
-89
-86
-91
-93
-115
-141
-135
-125
-117
-118
-120
-132
-132
-128
-120
-118
-113
-109
-113
-134
-138
-134
-125
-115
-102
-89
-88
-79
-90
-106
-103
-100
-84
-86
-101
-119
-143
-138
-133
-124
-105
-95
-76
-67
-44
-35
-50
-53
-51
-41
-45
-69
-74
-64
-77
-83
-105
-126
-116
-101
-96
-107
-105
-84
-67
-77
-72
-65
-71
-82
-78
-51
-27
-29
-47
-58
-56
-58
-52
-49
-48
-40
-31
-14
-23
-16
-7
-5
-9
-8
2
6
-9
-13
-23
-40
-39
-34
-34
-35
-33
-35
-40
-42
-18
14
38
41
42
44
38
31
25
30
20
-5
-16
-16
-14
-31
-40
-43
-40
-19
-7
-5
-15
-6
-11
-2
7
12
-9
-14
5
-4
-11
-20
-14
-19
-25
-35
-43
-42
-29
-17
-2
13
7
0
5
-1
-11
-10
-21
-44
-73
-84
-98
-122
-140
-146
-161
-161
-160
-174
-192
-190
-176
-160
-140
-131
-132
-137
-151
-163
-159
-145
-173
-184
-187
-195
-182
-176
-175
-170
-141
-92
-45
-12
2
32
48
64
82
97
120
138
151
160
160
175
168
161
162
169
184
197
202
205
223
235
235
231
228
225
236
241
236
223
204
198
197
197
179
167
187
195
180
175
194
185
166
161
162
170
163
157
153
141
123
83
69
80
69
64
80
61
48
46
53
55
70
59
60
75
80
68
66
53
37
21
15
-3
-25
-50
-91
-176
-264
-331
-360
-391
-435
-510
-595
-652
-734
-815
-882
-911
-906
-859
-764
-523
1495
6800
12707
14959
13113
10193
8924
8516
7677
6739
5960
5849
8433
12893
16589
18599
18877
17816
16947
15696
13446
10684
8232
6019
3844
1423
-964
-2557
-3211
-3535
-3726
-3870
-4101
-4528
-5185
-5896
-6284
-6213
-5754
-5088
-4430
-3876
-3314
-2737
-2207
-1739
-1264
-841
-679
-847
-1311
-1947
-2757
-3623
-4354
-4813
-5071
-5186
-5242
-5324
-5452
-5557
-5623
-5632
-5580
-5478
-5297
-5095
-4947
-4786
-4564
-4322
-4065
-3799
-3517
-3243
-3015
-2773
-2490
-2220
-1960
-1718
-1457
-1204
-993
-798
-589
-389
-205
-12
151
296
433
514
537
506
442
355
276
216
149
83
49
28
-5
-55
-85
-136
-189
-227
-258
-314
-394
-475
-571
-651
-713
-764
-836
-927
-1038
-1147
-1236
-1315
-1397
-1460
-1534
-1626
-1696
-1739
-1773
-1806
-1802
-1760
-1737
-1687
-1621
-1564
-1514
-1469
-1427
-1383
-1312
-1247
-1184
-1098
-1022
-987
-950
-929
-921
-908
-868
-815
-787
-768
-774
-802
-801
-801
-801
-773
-697
-633
-596
-570
-558
-552
-513
-452
-412
-341
-237
-131
-34
53
104
177
235
249
268
295
331
377
419
467
517
577
603
630
661
685
677
652
627
596
558
516
485
438
396
363
330
281
233
211
196
190
180
173
176
177
163
171
200
194
179
175
175
170
134
125
116
98
70
36
10
-12
-20
-41
-67
-80
-89
-132
-178
-199
-201
-220
-247
-271
-264
-254
-268
-292
-285
-283
-292
-289
-290
-284
-281
-257
-223
-212
-198
-174
-158
-145
-141
-127
-115
-102
-121
-131
-139
-145
-158
-175
-195
-215
-229
-224
-217
-206
-206
-209
-198
-194
-211
-228
-236
-219
-214
-202
-192
-187
-195
-194
-192
-203
-204
-203
-213
-222
-220
-224
-212
-226
-228
-205
-190
-171
-159
-142
-140
-129
-112
-101
-98
-88
-103
-125
-132
-127
-135
-131
-127
-150
-164
-157
-167
-177
-152
-135
-112
-94
-81
-81
-75
-78
-86
-86
-96
-117
-135
-134
-156
-154
-152
-157
-147
-133
-118
-124
-142
-142
-137
-146
-151
-145
-128
-125
-134
-170
-181
-176
-182
-178
-175
-195
-189
-173
-172
-155
-119
-105
-91
-60
-49
-52
-59
-81
-109
-149
-178
-199
-213
-222
-242
-257
-264
-263
-266
-272
-261
-242
-235
-223
-221
-228
-227
-210
-217
-246
-257
-255
-254
-247
-256
-252
-260
-275
-297
-307
-323
-345
-365
-375
-384
-395
-415
-428
-447
-446
-433
-446
-460
-459
-469
-478
-470
-456
-458
-470
-482
-482
-501
-515
-516
-544
-571
-589
-605
-625
-645
-679
-696
-724
-739
-780
-805
-815
-838
-848
-838
-834
-842
-851
-856
-861
-853
-855
-865
-879
-881
-895
-893
-899
-918
-941
-951
-978
-1000
-1012
-1027
-1050
-1057
-1073
-1091
-1095
-1082
-1080
-1063
-1044
-1050
-1047
-1041
-1028
-1018
-1016
-1032
-1031
-1014
-1009
-1004
-994
-981
-980
-979
-989
-986
-979
-971
-972
-979
-986
-993
-977
-970
-956
-929
-893
-851
-821
-788
-747
-709
-670
-628
-557
-526
-496
-445
-414
-374
-329
-291
-260
-219
-169
-133
-88
-61
-42
-6
37
66
98
125
173
226
280
349
415
489
549
589
624
655
690
732
787
834
857
870
886
898
912
910
924
924
924
925
913
915
904
898
907
910
906
912
937
945
950
953
958
960
962
946
926
915
903
887
875
873
858
838
850
849
825
807
822
828
821
804
795
801
809
801
786
785
785
772
758
730
701
680
663
638
603
594
588
569
549
536
511
484
474
470
447
458
490
483
502
520
527
530
531
532
545
555
578
601
621
646
671
678
668
654
647
626
582
558
536
519
503
487
476
467
462
483
473
443
434
438
438
435
436
424
403
377
345
331
321
282
264
244
227
196
170
152
135
126
115
103
106
107
98
89
98
110
110
126
138
154
169
184
178
167
160
168
162
172
159
157
151
158
153
156
161
153
130
126
141
144
145
134
117
114
127
129
124
131
137
147
136
123
111
120
133
150
153
157
162
162
159
157
149
145
159
179
195
196
195
200
217
230
217
216
225
222
208
205
197
176
167
173
174
178
147
112
113
101
76
57
40
11
-14
-37
-64
-93
-91
-96
-125
-164
-175
-181
-186
-206
-219
-219
-224
-228
-229
-232
-234
-240
-241
-226
-221
-212
-202
-189
-186
-162
-143
-136
-120
-106
-101
-83
-72
-75
-64
-48
-60
-73
-74
-67
-64
-63
-70
-72
-51
-2
78
215
417
650
900
1561
4704
12712
23765
32860
36578
36931
35107
31067
26143
21790
18670
17250
17570
18394
18010
16263
14416
12437
10514
9203
7938
6728
5710
4509
2924
756
-1442
-2672
-3064
-3082
-3153
-2943
-2680
-2500
-2337
-2541
-3048
-3373
-3388
-3472
-3829
-4289
-4656
-4963
-5202
-5321
-5412
-5679
-6067
-6355
-6425
-6331
-6153
-5934
-5697
-5541
-5543
-5709
-5742
-5576
-5353
-5190
-5132
-5258
-5566
-5936
-6268
-6454
-6456
-6382
-6309
-6253
-6212
-6206
-6208
-6204
-6196
-6135
-6000
-5812
-5622
-5434
-5209
-4968
-4737
-4537
-4404
-4381
-4388
-4360
-4287
-4153
-3949
-3709
-3480
-3285
-3150
-3096
-3086
-3104
-3150
-3227
-3365
-3520
-3586
-3588
-3572
-3518
-3442
-3339
-3194
-3050
-2913
-2750
-2609
-2520
-2473
-2450
-2417
-2382
-2349
-2304
-2258
-2200
-2171
-2166
-2161
-2135
-2099
-2066
-2040
-2028
-2016
-2002
-1972
-1897
-1763
-1626
-1496
-1392
-1289
-1172
-1059
-959
-858
-750
-646
-563
-489
-440
-401
-364
-339
-295
-208
-95
34
146
258
328
359
364
368
369
362
353
348
376
414
466
536
606
639
665
681
694
690
670
663
686
708
727
735
729
731
742
749
738
705
646
593
542
504
453
400
346
283
233
202
159
126
81
12
-51
-111
-161
-205
-257
-298
-330
-362
-381
-397
-420
-435
-447
-454
-472
-482
-460
-442
-458
-463
-462
-463
-470
-483
-512
-535
-540
-569
-594
-611
-639
-665
-684
-698
-690
-672
-670
-683
-695
-693
-695
-680
-666
-662
-645
-611
-590
-575
-561
-541
-524
-496
-458
-425
-414
-402
-388
-394
-373
-349
-339
-339
-331
-322
-324
-337
-337
-326
-335
-338
-335
-354
-374
-387
-413
-421
-433
-437
-460
-492
-522
-521
-556
-597
-626
-643
-660
-682
-685
-689
-700
-699
-691
-684
-688
-687
-675
-668
-658
-666
-681
-684
-687
-701
-714
-737
-764
-780
-782
-809
-832
-825
-814
-820
-827
-802
-783
-774
-787
-801
-798
-771
-765
-761
-746
-736
-748
-731
-733
-767
-762
-769
-783
-799
-802
-789
-783
-774
-750
-749
-730
-708
-702
-698
-689
-680
-666
-669
-683
-686
-683
-704
-701
-704
-708
-696
-693
-673
-675
-694
-699
-700
-710
-709
-705
-715
-737
-755
-768
-755
-755
-769
-781
-792
-784
-778
-787
-791
-819
-833
-850
-860
-874
-890
-902
-890
-861
-856
-882
-912
-932
-930
-929
-921
-916
-925
-913
-885
-884
-880
-882
-884
-879
-861
-872
-886
-878
-884
-885
-890
-869
-852
-843
-835
-835
-813
-772
-731
-704
-677
-657
-633
-603
-575
-541
-513
-473
-431
-416
-395
-372
-352
-345
-341
-328
-308
-305
-285
-266
-250
-265
-275
-261
-243
-235
-239
-246
-254
-227
-195
-186
-170
-155
-146
-126
-100
-69
-57
-34
-3
21
26
30
36
50
64
64
71
80
90
111
134
174
185
205
242
258
262
311
356
402
443
478
483
529
592
630
678
731
796
878
970
1050
1114
1173
1249
1320
1394
1460
1536
1613
1688
1750
1809
1878
1959
2012
2073
2110
2129
2155
2195
2239
2279
2314
2354
2391
2418
2429
2475
2505
2517
2538
2553
2558
2561
2552
2545
2542
2531
2535
2517
2484
2469
2462
2435
2409
2391
2366
2325
2289
2269
2226
2182
2130
2074
2010
1953
1904
1839
1781
1730
1671
1621
1571
1532
1485
1439
1418
1364
1316
1271
1222
1183
1157
1146
1145
1123
1095
1064
1044
1020
984
950
930
905
880
868
848
807
765
728
710
673
632
587
562
542
514
490
468
439
412
380
348
326
301
295
289
277
275
279
292
306
317
294
276
280
279
274
268
261
251
241
216
214
216
210
201
205
191
158
148
168
158
148
143
128
121
116
107
78
67
78
83
89
97
115
121
109
89
77
61
39
26
45
48
47
54
53
50
37
42
48
56
73
78
74
84
91
101
104
105
93
77
67
69
78
103
101
88
94
119
134
172
204
227
258
286
288
281
279
305
326
339
346
363
352
365
380
386
389
394
368
355
375
394
408
424
445
442
460
461
448
443
449
443
438
437
417
410
413
404
403
398
384
362
366
367
358
344
332
317
297
253
206
189
174
166
141
135
127
117
115
101
95
89
86
60
26
0
13
7
2
15
18
10
16
25
38
45
24
0
-11
-18
-15
-27
-35
-39
-59
-74
-56
-54
-52
-54
-58
-66
-47
-24
-29
-30
-35
-42
-37
-39
-66
-83
-78
-92
-95
-77
-57
-37
-24
-42
-56
-40
-21
-27
-47
-38
-29
-34
-47
-59
-66
-65
-65
-67
-74
-75
-84
-76
-73
-60
-57
-69
-70
-77
-67
-62
-70
-75
-81
-78
-77
-70
-63
-71
-84
-99
-104
-94
-102
-99
-95
-98
-99
-88
-84
-79
-78
-50
-23
-21
-32
-45
-70
-70
-58
-63
-76
-89
-90
-97
-115
-134
-127
-120
-102
-87
-68
-48
-43
-48
-46
-35
-26
-21
-22
-38
-45
-49
-51
-55
-51
-63
-74
-70
-64
-57
-52
-57
-54
-50
-67
-64
-47
-34
-38
-36
-34
-33
-17
-45
-73
-61
-54
-51
-57
-73
-84
-71
-73
-70
-71
-73
-61
-66
-68
-50
-24
-13
7
4
-9
-30
-23
-12
-34
-45
-61
-62
-81
-84
-77
-73
-75
-64
-47
-19
-10
-5
-6
-12
-11
-14
-32
-26
-37
-51
-47
-51
-54
-48
-43
-54
-58
-43
-41
-41
-42
-43
-32
-25
-14
-29
-39
-50
-54
-61
-80
-100
-107
-111
-123
-121
-119
-151
-208
-265
-310
-355
-402
-433
-454
-450
-439
-423
-400
-388
-371
-368
-379
-390
-399
-380
-366
-367
-369
-355
-317
-295
-269
-253
-228
-191
-153
-144
-137
-142
-145
-122
-108
-91
-74
-75
-69
-70
-73
-50
-36
-23
-15
-20
-26
-29
-41
-39
-31
-39
-54
-73
-68
-76
-71
-68
-72
-70
-59
-47
-37
-29
-7
-29
-49
-38
-42
-55
-68
-68
-83
-89
-87
-80
-40
2
20
36
55
58
69
78
103
122
137
146
150
143
124
81
71
74
62
54
55
53
45
47
63
58
52
62
73
81
79
76
72
71
68
45
24
21
-4
-20
-12
-9
0
5
15
17
16
14
-2
13
21
32
35
28
10
-12
-14
-5
-22
-22
-32
-53
-46
-18
-7
-13
-10
14
25
29
33
43
49
62
67
59
66
54
36
28
23
22
12
13
7
16
28
28
39
62
63
56
55
64
71
59
35
7
1
-7
-6
-10
10
20
5
-2
-15
-20
-8
6
25
32
44
51
40
39
34
39
44
34
24
21
26
23
8
-6
-5
12
16
32
36
57
87
76
50
52
52
63
76
76
63
49
46
28
23
35
21
5
3
19
37
56
70
71
55
54
62
64
53
45
49
55
70
34
33
30
14
19
29
44
52
59
77
88
83
83
65
74
67
44
28
20
21
21
14
11
20
41
30
26
42
50
36
23
18
20
28
39
33
21
20
18
22
29
25
29
34
43
58
69
74
68
75
76
69
62
59
43
39
38
45
60
73
72
81
81
72
71
99
100
100
92
76
68
55
48
52
59
57
45
30
28
37
50
51
65
64
43
37
47
72
69
65
65
50
38
38
28
20
37
42
23
21
31
23
35
56
38
39
62
61
54
68
66
34
26
35
20
13
25
38
39
45
45
51
68
72
70
69
73
73
52
39
42
25
16
8
-1
11
26
21
24
28
24
30
27
10
19
45
63
49
44
47
27
14
26
27
12
8
13
-7
-15
-16
-27
-12
8
18
13
24
45
57
57
65
56
41
22
21
18
39
43
22
16
7
-24
-44
-40
-33
-29
-20
-4
-5
-13
-28
-27
2
19
27
29
26
19
25
12
4
9
3
-8
-27
-51
-33
-36
-59
-59
-58
-40
-17
-11
-16
-4
12
10
13
13
10
21
22
19
8
4
-13
-21
-12
-20
-39
-35
-31
-25
-7
12
23
5
1
11
7
15
-2
-15
-7
15
12
-12
-6
-6
-17
-19
-16
-26
-10
4
9
16
29
22
25
36
37
31
35
37
22
7
10
21
25
15
5
-1
10
37
54
77
106
128
147
149
154
178
193
236
259
277
298
305
325
337
337
350
375
386
414
453
480
507
560
604
632
646
641
602
544
440
281
196
311
564
859
1135
1287
1265
1028
704
183
-349
-468
-213
-44
-47
118
506
1045
1471
1647
1696
2013
2818
3870
4727
5344
5537
5325
4882
4322
3803
3294
2749
2290
1947
1677
1405
1164
880
534
178
-221
-634
-992
-1300
-1583
-1867
-2172
-2445
-2674
-2828
-2934
-3032
-3075
-3106
-3122
-3105
-3031
-2957
-2866
-2773
-2672
-2569
-2464
-2365
-2286
-2209
-2127
-2032
-1927
-1811
-1687
-1549
-1397
-1274
-1164
-1053
-939
-853
-796
-735
-676
-614
-548
-458
-376
-315
-246
-185
-126
-66
-24
8
11
3
-1
4
17
27
23
9
-9
-2
-2
-16
-18
-16
-26
-35
-12
25
34
44
79
113
135
167
187
206
237
253
250
244
232
225
216
209
200
169
154
128
105
87
65
51
49
45
21
1
-5
-22
-41
-67
-70
-66
-59
-65
-68
-72
-61
-40
-24
-34
-40
-50
-62
-78
-76
-66
-81
-100
-108
-107
-126
-127
-135
-125
-96
-77
-68
-70
-48
-29
-19
-34
-37
-27
-20
-32
-28
-50
-61
-63
-65
-66
-69
-86
-87
-83
-94
-99
-73
-46
-28
-18
-13
-9
-9
-17
-27
-41
-39
-46
-64
-66
-70
-75
-64
-37
-11
-27
-27
-19
-31
-24
-11
-20
-38
-51
-57
-37
-24
-20
-25
-29
-32
-49
-55
-67
-78
-83
-67
-43
-42
-40
-27
-27
-23
-42
-56
-57
-62
-70
-78
-68
-66
-70
-75
-64
-51
-42
-35
-47
-47
-29
-20
-21
-21
-36
-20
-18
-24
-30
-45
-64
-65
-65
-62
-65
-60
-55
-32
-24
-23
-21
-16
-10
6
9
12
14
20
8
-7
-31
-45
-50
-49
-56
-79
-98
-97
-77
-45
-29
-28
-32
-24
-30
-45
-43
-24
-20
-20
-33
-52
-71
-92
-108
-121
-132
-124
-105
-90
-83
-77
-66
-71
-75
-69
-76
-85
-109
-127
-143
-155
-163
-172
-159
-160
-167
-161
-153
-154
-162
-166
-168
-164
-145
-137
-142
-144
-144
-144
-140
-133
-135
-150
-164
-156
-139
-127
-112
-103
-92
-92
-85
-81
-88
-93
-98
-99
-106
-115
-129
-126
-132
-137
-118
-109
-109
-111
-108
-122
-111
-97
-111
-123
-157
-179
-206
-215
-216
-212
-213
-223
-253
-269
-256
-237
-254
-275
-274
-261
-243
-225
-224
-216
-203
-197
-206
-190
-197
-211
-236
-259
-259
-257
-265
-257
-251
-248
-245
-232
-211
-225
-227
-206
-202
-229
-261
-282
-266
-258
-266
-277
-267
-256
-238
-232
-243
-228
-198
-174
-153
-149
-163
-152
-157
-151
-135
-137
-135
-122
-105
-98
-88
-95
-101
-93
-93
-86
-74
-59
-36
-15
-16
-10
-15
-33
-22
-13
-40
-35
-38
-53
-41
-48
-69
-82
-71
-55
-37
-19
-13
-38
-26
-22
-40
-50
-50
-61
-63
-44
-41
-46
-58
-52
-35
-10
6
11
13
25
47
59
74
91
95
85
84
80
84
73
60
48
35
41
60
74
86
112
139
155
147
173
186
179
171
188
201
191
193
195
198
198
194
197
205
224
228
241
262
278
285
312
330
336
339
340
349
357
372
388
377
359
356
363
373
366
359
338
311
310
318
330
346
356
347
334
332
355
368
369
369
372
357
333
303
292
291
290
276
251
252
252
255
249
256
250
239
239
254
241
232
219
215
222
223
202
189
189
189
184
197
207
206
205
177
169
166
177
180
173
150
137
122
128
113
87
72
74
76
74
83
86
91
85
85
74
68
64
64
73
76
57
42
35
25
10
3
17
29
28
45
53
55
55
50
41
40
29
13
18
18
8
7
16
8
-11
-11
19
31
42
36
15
16
9
9
19
17
19
12
12
4
2
2
-1
4
8
15
12
15
25
16
9
10
11
10
6
2
-13
-15
-24
-27
-7
6
29
23
20
27
24
22
19
13
9
14
12
1
10
9
-8
-5
-15
-19
-13
-27
-9
21
24
33
46
41
23
21
30
33
22
-8
-15
-19
-16
-18
-7
16
32
28
30
22
16
26
40
62
51
43
38
32
13
-1
-15
-40
-25
-10
-10
-8
-1
-13
-15
-2
2
4
22
23
11
-13
-31
-34
-35
-35
-44
-53
-35
-31
-41
-41
-28
-36
-59
-58
-54
-48
-44
-26
-37
-43
-41
-46
-61
-64
-90
-103
-95
-93
-72
-57
-42
-44
-38
-32
-36
-37
-47
-66
-63
-45
-51
-56
-57
-53
-56
-60
-68
-74
-70
-38
-29
-22
0
29
28
36
42
36
31
27
13
-10
-10
-3
-14
-9
-4
-17
-10
-15
-24
-36
-26
-15
-9
1
9
13
1
13
13
2
-17
-34
-38
-47
-52
-63
-77
-82
-82
-68
-62
-73
-66
-64
-48
-41
-37
-42
-40
-22
-4
-20
-30
-44
-52
-47
-47
-54
-69
-78
-76
-67
-59
-60
-63
-68
-50
-26
-33
-18
-1
-7
-19
-23
-52
-64
-67
-54
-50
-48
-46
-61
-63
-71
-69
-70
-64
-56
-53
-39
-44
-47
-29
-19
-29
-33
-33
-27
-43
-38
-44
-39
-55
-69
-67
-59
-54
-64
-52
-12
4
2
-14
7
22
32
32
16
3
10
11
16
5
-14
-13
-14
-24
-40
-31
-13
14
40
46
50
46
56
52
47
39
28
0
-34
-48
-45
-38
-40
-40
-34
-7
-4
-10
-10
-16
0
9
-11
-25
-40
-48
-54
-63
-77
-80
-88
-75
-69
-57
-55
-53
-57
-52
-38
-10
-12
-18
-19
-34
-34
-34
-41
-45
-51
-40
-31
-17
-9
-4
10
6
5
2
12
21
32
38
39
70
72
39
22
31
35
40
36
38
32
22
16
10
16
28
30
37
49
50
34
40
27
3
2
-6
-8
-14
-22
-34
-35
-29
-29
-33
-37
-33
-17
-14
-24
-49
-68
-68
-64
-63
-53
-46
-46
-51
-43
-40
-48
-49
-39
-33
-22
-28
-30
-45
-59
-74
-60
-50
-52
-60
-67
-40
-22
-19
-16
-12
6
23
16
13
17
25
14
6
-8
-26
-30
-43
-52
-34
-14
-4
-9
-1
-11
-18
-12
-5
3
17
19
20
14
7
1
-9
-26
-12
-13
-19
-31
-41
-49
-45
-39
-25
-10
-6
-3
14
24
36
39
37
26
21
13
3
7
8
-5
-30
-45
-43
-39
-23
-5
7
11
27
33
50
63
53
24
28
32
15
8
13
-4
-14
-2
-4
-24
-39
-40
-32
-20
9
34
21
16
14
18
22
16
5
11
8
6
-9
-25
-24
-33
-20
-10
-2
-5
15
12
22
32
34
32
26
21
-9
-23
-29
-47
-52
-40
-34
-29
-27
-26
-7
10
21
15
10
-2
-22
-22
-29
-18
-1
6
-9
-18
3
-1
-5
11
-1
-4
-7
14
15
21
36
15
1
1
7
14
14
15
-1
-25
-22
-25
-32
-23
10
21
18
26
7
15
35
37
45
34
18
8
-5
-19
-41
-55
-59
-53
-40
-28
-27
-39
-33
-19
-23
-20
2
13
20
12
-2
-27
-38
-31
-36
-44
-33
-30
-29
-36
-26
-18
11
34
28
24
14
17
25
27
10
-6
-11
-31
-34
-29
-40
-40
-49
-42
-24
-6
2
-3
-18
-12
-4
2
4
-7
-2
-4
-2
-9
-24
-28
-22
-28
-32
-20
-16
4
11
20
20
10
-1
-3
-27
-33
-14
-2
5
7
2
-1
-9
-4
24
35
48
55
34
7
-11
-18
-25
-29
-50
-79
-84
-79
-84
-99
-92
-99
-112
-102
-80
-78
-74
