0
5
7
14
13
6
-4
9
29
28
32
26
13
21
10
-21
-22
-2
-7
4
19
17
6
5
3
-4
4
7
2
4
2
-16
-29
-50
-66
-74
-81
-76
-82
-83
-87
-97
-97
-92
-69
-65
-78
-91
-79
-68
-59
-56
-39
-32
-28
-17
-1
3
-1
-10
-20
-32
-28
-24
-30
-24
-16
-9
2
8
3
0
8
17
16
-6
-15
-23
-30
-35
-42
-41
-22
-6
-2
-2
9
6
11
15
0
3
2
-9
1
2
-1
-22
-39
-59
-53
-18
-5
-3
12
19
26
48
41
34
24
41
40
27
8
8
-6
-22
-25
-22
-26
-30
-35
-36
-26
-13
-7
-8
-7
-20
-13
10
7
-2
-4
-6
-30
-32
-35
-37
-36
-28
-27
-24
7
16
0
12
29
26
24
2
-12
2
-5
-24
-33
-48
-52
-49
-22
-13
-23
-31
-23
-2
7
29
41
21
16
32
25
5
-2
-15
-20
-21
-42
-36
-25
-24
-12
-6
11
21
20
34
34
37
43
50
48
50
31
15
11
10
-10
-10
0
-10
-20
-15
4
8
8
11
10
28
38
30
6
-10
-9
-14
-10
-16
-38
-44
-32
-29
-34
-23
-1
-3
-3
14
10
27
15
-4
-1
3
4
-2
-3
-16
-34
-29
-20
-13
-15
7
1
-6
-7
0
22
32
32
25
25
26
21
13
9
-9
-13
-8
-24
-40
-36
-54
-74
-74
-49
-39
-17
2
3
2
16
27
26
29
34
42
49
70
82
97
130
146
150
177
189
191
226
256
264
283
309
326
358
404
450
490
547
578
598
614
639
659
665
669
688
707
733
724
686
662
652
649
614
557
541
561
582
493
395
311
385
591
922
1441
2065
2947
4022
5031
5794
6036
5573
4780
4126
3781
3678
3522
3353
3118
2799
2475
2194
1920
1599
1203
759
345
-43
-446
-869
-1283
-1692
-2042
-2343
-2542
-2633
-2699
-2771
-2863
-2980
-3062
-3123
-3175
-3199
-3205
-3187
-3136
-3086
-3004
-2920
-2839
-2733
-2598
-2467
-2344
-2176
-2021
-1896
-1770
-1645
-1525
-1401
-1306
-1211
-1137
-1055
-961
-862
-780
-673
-585
-506
-427
-392
-352
-291
-248
-247
-263
-259
-249
-261
-255
-253
-262
-244
-229
-243
-271
-276
-270
-258
-254
-254
-256
-234
-201
-170
-119
-70
-33
-15
-2
-2
23
57
77
92
105
117
106
112
108
104
104
99
80
63
46
22
9
11
3
-4
6
-10
-15
2
-7
-7
-18
-21
-30
-56
-54
-35
-32
-30
-10
-7
-22
-39
-44
-37
-25
-21
-18
1
13
0
-24
-16
-24
-55
-51
-43
-49
-45
-19
-44
-49
-26
-30
-34
-25
-26
-36
-26
-14
-21
-30
-27
-49
-54
-46
-51
-69
-76
-74
-77
-78
-54
-49
-28
-14
-21
-6
2
3
8
7
-14
-28
-21
-24
-38
-42
-50
-43
-57
-50
-30
-28
-35
-35
-14
14
36
37
25
26
9
-1
-2
6
0
-7
-16
-37
-43
-46
-49
-38
-31
-31
-17
-3
-6
-3
5
2
-9
-15
-26
-23
-12
-21
-43
-55
-54
-48
-56
-33
-28
-36
-22
-22
-21
-10
12
13
10
17
4
-8
-5
-3
-33
-55
-55
-84
-92
-77
-63
-54
-51
-64
-81
-61
-33
-32
-44
-29
-23
-42
-48
-37
-37
-57
-65
-69
-75
-79
-75
-69
-66
-61
-57
-64
-62
-68
-61
-61
-74
-70
-79
-84
-90
-85
-85
-85
-71
-71
-66
-54
-49
-51
-59
-78
-88
-84
-81
-90
-106
-100
-92
-84
-91
-96
-101
-110
-100
-79
-71
-60
-44
-39
-35
-31
-43
-72
-90
-107
-121
-124
-118
-106
-116
-134
-133
-127
-108
-86
-75
-56
-58
-63
-56
-55
-61
-73
-104
-104
-101
-116
-118
-125
-127
-118
-109
-101
-91
-86
-105
-114
-105
-113
-118
-116
-145
-142
-137
-164
-179
-177
-172
-180
-191
-187
-200
-215
-208
-195
-173
-156
-160
-156
-168
-192
-198
-203
-215
-228
-237
-248
-270
-288
-281
-281
-275
-252
-259
-256
-248
-258
-245
-218
-210
-218
-227
-239
-254
-246
-245
-256
-280
-283
-280
-279
-267
-252
-254
-247
-239
-217
-211
-187
-180
-184
-166
-146
-153
-153
-128
-125
-127
-141
-152
-139
-129
-135
-147
-122
-102
-102
-95
-76
-62
-70
-69
-74
-77
-66
-69
-82
-85
-94
-121
-126
-117
-106
-104
-93
-82
-73
-65
-55
-52
-29
-16
-33
-38
-34
-36
-52
-70
-77
-67
-51
-58
-64
-65
-54
-9
22
53
60
65
80
100
104
126
129
112
120
137
151
153
152
164
176
167
165
181
188
196
203
211
229
236
244
258
271
271
273
286
301
326
329
312
306
301
302
311
308
301
300
314
322
330
345
344
350
352
361
361
355
338
337
343
349
334
319
323
336
336
316
314
327
333
329
323
328
339
343
331
308
286
273
262
262
253
235
209
194
201
190
183
190
200
187
163
139
142
155
148
145
150
142
133
136
142
137
127
133
126
118
109
107
109
99
98
97
82
79
92
89
82
73
80
94
85
68
80
75
64
62
46
35
40
36
39
58
53
51
63
63
37
31
44
20
15
30
38
31
41
56
67
67
79
65
47
39
25
17
40
46
36
27
20
25
30
36
47
32
30
43
55
64
66
37
18
25
30
21
7
-7
-17
-24
-12
-2
-3
-6
-15
-20
1
3
11
15
15
22
17
15
19
4
-1
0
4
7
16
33
54
76
92
103
101
68
62
87
118
117
111
108
96
93
85
67
81
107
115
110
122
125
115
122
116
102
93
81
77
71
64
43
23
8
10
8
9
33
39
28
35
47
52
67
67
60
46
22
2
-7
3
0
-4
10
-9
-16
9
18
10
18
20
24
24
35
44
40
40
43
36
15
5
2
11
13
23
26
20
27
47
74
73
56
40
41
22
16
15
17
0
-16
-31
-39
-43
-42
-69
-82
-64
-49
-45
-51
-44
-33
-32
-49
-56
-59
-57
-48
-48
-49
-61
-73
-79
-92
-89
-69
-46
-50
-59
-55
-55
-41
-26
-20
-19
-20
-23
-45
-73
-90
-108
-112
-117
-121
-109
-106
-105
-96
-88
-85
-118
-130
-107
-89
-68
-55
-71
-75
-80
-77
-76
-82
-106
-118
-112
-113
-112
-122
-117
-118
-125
-111
-83
-63
-63
-66
-76
-97
-110
-136
-137
-117
-110
-124
-119
-104
-117
-123
-142
-145
-131
-97
-72
-77
-78
-67
-68
-63
-61
-65
-74
-71
-89
-107
-122
-119
-128
-120
-115
-112
-100
-87
-85
-84
-72
-70
-76
-72
-78
-105
-108
-112
-112
-96
-91
-89
-87
-85
-83
-66
-49
-57
-70
-73
-61
-57
-52
-43
-65
-86
-70
-68
-66
-65
-80
-79
-55
-27
-24
-34
-25
-27
-19
-14
-10
-23
-33
-44
-64
-55
-30
-31
-24
-30
-33
-46
-44
-33
-27
-32
-23
-17
-20
-17
-9
-22
-38
-43
-41
-18
-10
-26
-28
-22
-32
-45
-34
-32
-29
-36
-32
-14
16
28
17
12
4
8
1
15
19
-20
-27
-2
-3
-6
-6
-1
13
15
10
10
24
18
29
38
37
15
8
19
19
19
1
-21
-24
-4
1
-4
-6
12
18
20
24
29
41
56
45
41
59
43
18
1
5
21
23
14
14
15
38
41
27
34
55
57
49
59
65
66
66
72
79
83
69
75
83
91
103
131
129
107
101
108
119
111
97
91
90
104
117
105
108
116
124
111
110
125
135
137
134
135
143
158
136
108
93
81
53
35
19
-5
1
8
4
-19
-40
-47
-42
-53
-56
-42
-38
-40
-55
-72
-86
-116
-129
-122
-126
-154
-171
-194
-209
-207
-210
-234
-246
-245
-247
-250
-258
-254
-241
-238
-213
-199
-189
-163
-163
-163
-142
-121
-120
-117
-112
-87
-86
-77
-64
-57
-57
-54
-65
-70
-69
-78
-54
-30
-14
-10
-21
-33
-26
-12
1
14
19
20
23
41
49
32
35
69
78
83
97
82
89
109
115
131
142
143
141
138
125
106
111
130
125
124
114
122
119
124
117
112
123
120
112
106
120
135
127
130
124
100
81
86
81
56
35
21
3
13
13
17
7
14
16
29
40
26
17
24
24
35
34
36
27
23
27
30
35
30
26
21
49
69
53
56
71
65
71
88
85
72
65
65
71
73
69
35
45
69
66
63
75
79
93
93
82
70
82
93
87
58
46
50
34
35
38
32
35
34
30
40
48
40
38
51
63
60
55
33
26
18
24
9
5
18
12
17
34
41
41
44
37
18
20
32
28
39
52
36
9
12
1
4
23
38
20
36
55
72
74
75
59
46
46
45
30
39
39
31
23
13
-3
-13
-16
-2
15
35
41
47
59
75
70
82
91
89
87
79
73
53
31
16
-2
-1
4
7
15
7
9
18
51
75
72
71
62
60
60
53
33
23
27
32
24
11
5
5
19
14
22
27
41
51
53
56
55
51
63
44
36
27
35
38
31
23
17
2
9
15
15
40
57
50
56
66
57
37
27
22
14
23
34
25
13
-1
-2
19
38
23
13
22
33
32
28
24
20
45
32
17
17
15
11
-9
-14
-8
2
22
29
23
19
39
65
61
61
62
43
12
3
13
12
31
17
0
-10
-16
-22
-15
-10
7
4
16
30
26
44
41
40
53
60
34
10
5
4
-17
-31
-35
-29
-10
4
-6
-1
8
6
7
22
30
40
45
43
34
40
28
-9
-34
-40
-56
-41
-19
-5
15
22
18
9
5
11
3
8
6
-5
12
32
24
18
11
-2
-10
8
27
27
16
17
11
-1
-5
-5
9
31
27
31
35
16
-7
-25
-18
-22
-20
-13
-8
-9
-10
-11
-7
15
31
18
6
17
21
-1
-10
-2
-10
-15
-15
-33
-27
-9
-8
-16
-3
14
40
53
54
40
41
23
7
-2
0
-16
-30
-38
-44
-34
-25
-27
-25
-34
-32
-38
-35
-20
-7
12
31
36
23
29
31
10
9
10
-7
-25
-35
-50
-49
-19
-2
2
6
14
27
35
38
42
48
68
67
58
60
62
57
43
17
6
12
3
-19
-39
-50
-58
-57
-57
-59
-45
-36
-35
-31
-17
-13
-23
-21
-14
-16
-26
-34
-35
-43
-41
-43
-66
-77
-79
-76
-76
-68
-59
-66
-72
-56
-49
-19
-18
-24
-23
5
7
-5
-8
-6
-16
-24
-16
-6
-19
-37
-42
-62
-64
-52
-54
-54
-44
-19
8
27
12
-11
-7
2
4
26
30
21
9
6
3
13
9
-10
-30
-23
-24
-18
-8
-2
-7
12
27
22
12
6
0
17
28
24
16
11
-8
-21
-12
-3
-7
-16
-12
3
-2
10
10
-4
15
29
23
5
9
10
14
5
-14
-37
-43
-59
-58
-38
-13
7
6
12
21
26
33
24
-6
-13
-2
4
9
-9
-43
-48
-33
-40
-52
-44
-31
-33
-9
8
9
14
19
24
9
-1
-5
-6
-14
-16
-17
-20
-21
-15
-15
-13
-10
-9
-7
-12
-38
-16
16
35
43
58
59
51
40
10
-25
-23
-14
-37
-62
-63
-49
-44
-36
-13
0
6
11
15
18
30
22
35
23
-17
-26
-5
-11
-38
-45
-25
-34
-39
-31
-48
-25
-4
-13
-25
-23
-9
6
-7
-4
-31
-58
-59
-48
-50
-43
-31
-29
-8
13
13
11
3
0
6
16
12
-5
-6
-21
-27
-16
-28
-23
-16
-2
-9
-27
-17
-16
-21
-18
-10
-11
7
4
-29
-45
-40
-46
-42
-16
-22
-44
-64
-31
-18
-16
23
37
60
97
127
127
150
193
216
233
266
273
275
286
301
331
376
424
468
524
550
584
647
694
700
729
791
815
840
877
915
927
933
928
912
908
942
923
866
840
874
883
823
775
755
844
1051
1362
1772
2260
2958
3851
4696
5350
5570
5228
4607
4082
3795
3672
3461
3204
2922
2601
2273
1992
1691
1288
845
416
3
-406
-798
-1215
-1652
-2052
-2385
-2671
-2873
-2934
-2981
-3024
-3053
-3107
-3148
-3170
-3188
-3192
-3176
-3137
-3081
-2989
-2896
-2813
-2726
-2601
-2457
-2315
-2161
-2034
-1896
-1768
-1638
-1503
-1378
-1255
-1162
-1103
-1029
-967
-907
-823
-739
-666
-598
-541
-486
-451
-405
-354
-315
-299
-302
-311
-315
-307
-304
-297
-285
-292
-288
-304
-319
-335
-331
-306
-293
-274
-267
-260
-211
-180
-158
-124
-86
-45
-13
6
26
47
71
73
58
47
59
58
37
20
19
14
10
-16
-38
-39
-28
-29
-44
-47
-61
-89
-98
-72
-59
-59
-57
-71
-71
-69
-76
-78
-67
-45
-35
-38
-32
-26
-38
-51
-58
-46
-48
-57
-57
-42
-23
-26
-42
-45
-40
-21
4
6
-3
-11
-2
-7
-17
-7
-13
-32
-55
-75
-114
-119
-110
-123
-141
-143
-116
-98
-93
-99
-75
-66
-56
-62
-64
-49
-44
-41
-56
-66
-80
-87
-97
-90
-83
-84
-73
-85
-72
-53
-43
-42
-17
13
18
10
10
25
8
-6
-2
-3
-18
-23
-38
-48
-54
-49
-44
-18
1
2
-10
5
19
3
5
15
12
18
9
14
18
6
-5
-11
-27
-41
-25
1
33
48
32
27
23
27
35
38
33
29
11
5
0
1
17
23
19
16
10
8
7
24
43
40
37
51
58
44
25
10
-5
-26
-12
8
-5
-17
-22
-24
-22
-6
4
-9
-11
-5
3
25
18
12
7
9
-7
-17
-26
-30
-17
-7
-38
-64
-49
-23
-8
4
-6
-22
-29
-27
-19
-10
-6
3
-4
-22
-40
-34
-29
-31
-27
-29
-33
-31
-44
-45
-44
-43
-43
-36
-32
-26
-20
-20
-29
-28
-31
-48
-58
-58
-84
-98
-103
-96
-97
-97
-86
-97
-98
-89
-84
-74
-77
-71
-69
-77
-77
-93
-114
-129
-137
-128
-116
-125
-144
-163
-169
-172
-161
-152
-154
-145
-148
-155
-146
-152
-161
-169
-164
-186
-208
-199
-207
-205
-204
-204
-226
-219
-197
-194
-217
-226
-224
-245
-245
-251
-254
-240
-228
-222
-208
-193
-190
-194
-189
-193
-193
-192
-201
-188
-175
-182
-196
-200
-194
-183
-198
-201
-180
-164
-153
-145
-132
-125
-106
-91
-116
-121
-114
-122
-141
-160
-162
-159
-160
-164
-163
-156
-158
-147
-138
-149
-160
-145
-126
-126
-120
-101
-106
-95
-83
-87
-102
-108
-108
-129
-138
-138
-144
-122
-97
-95
-120
-130
-117
-105
-81
-71
-75
-75
-64
-62
-61
-62
-70
-60
-66
-65
-75
-65
-67
-74
-69
-55
-41
-14
19
43
39
32
49
78
79
83
89
121
141
144
161
161
192
215
220
219
215
217
243
237
240
242
243
250
259
249
260
273
283
303
314
321
335
322
316
327
346
351
363
354
363
368
354
327
327
326
340
349
354
344
323
320
336
341
346
337
337
346
356
355
341
331
335
325
300
277
267
281
279
255
248
245
248
247
258
254
253
263
258
262
264
265
243
230
232
208
195
181
170
164
168
159
145
150
157
150
158
168
174
164
167
164
143
143
133
121
118
117
111
102
93
103
117
126
120
107
114
111
105
119
117
110
98
81
61
59
47
56
74
69
63
58
69
59
47
41
43
46
69
69
71
63
46
36
43
41
19
1
3
8
12
18
18
24
34
31
36
52
65
74
78
65
59
44
37
35
33
21
1
-17
-30
-30
-10
-8
-6
-2
-9
1
24
22
25
44
43
37
41
44
28
15
21
20
-4
-17
-35
-66
-49
-37
-36
-36
-7
19
19
14
18
24
36
34
17
13
6
-12
-27
-24
-21
-17
-8
11
15
15
23
39
39
38
36
44
39
35
38
33
33
24
26
35
40
42
53
68
69
79
100
100
99
87
64
63
79
82
77
82
87
82
95
99
103
114
111
121
126
126
113
112
111
104
91
103
109
94
102
94
81
76
75
74
83
87
84
95
97
94
95
97
109
123
115
92
66
58
56
44
32
24
21
16
8
21
41
69
79
80
72
73
69
60
67
76
53
56
69
93
111
109
97
92
97
105
106
104
91
85
86
74
63
53
65
57
41
60
57
42
33
49
60
62
49
36
47
37
7
4
-6
-15
-38
-55
-54
-64
-74
-91
-114
-139
-152
-158
-175
-182
-168
-148
-134
-106
-76
-71
-62
-42
-39
-53
-73
-92
-89
-83
-78
-76
-68
-74
-97
-99
-77
-74
-77
-63
-42
-46
-61
-63
-68
-66
-64
-83
-75
-76
-101
-97
-78
-68
-64
-74
-91
-87
-83
-77
-73
-73
-70
-74
-66
-62
-71
-81
-95
-100
-102
-82
-80
-86
-76
-65
-74
-71
-56
-39
-53
-64
-52
-56
-58
-55
-75
-87
-90
-84
-87
-90
-99
-98
-85
-85
-84
-77
-70
-76
-75
-47
-25
-36
-30
-44
-60
-66
-67
-66
-87
-110
-95
-72
-65
-62
-78
-71
-57
-35
-30
-23
-22
-25
-2
-16
-29
-12
-7
-24
-39
-39
-56
-45
-44
-58
-63
-62
-53
-54
-51
-26
-6
-4
-8
-16
-20
-19
-15
-6
-17
-28
-41
-52
-56
-65
-74
-65
-62
-66
-66
-57
-42
-23
-6
12
14
-6
-26
-19
-12
-12
-18
-19
-36
-43
-48
-55
-46
-57
-62
-76
-71
-62
-51
-40
-22
-23
-25
-14
-14
-39
-45
-64
-77
-69
-79
-86
-78
-82
-85
-84
-67
-72
-75
-79
-96
-113
-122
-110
-106
-109
-119
-121
-145
-159
-173
-185
-185
-186
-204
-227
-219
-171
-137
-132
-126
-125
-110
-112
-120
-109
-102
-109
-99
-69
-35
-15
-25
-22
-19
-12
7
17
12
21
30
41
45
37
46
57
85
83
88
95
94
83
92
107
104
114
101
85
80
68
55
46
49
60
82
89
85
70
75
84
75
65
67
55
37
36
39
27
15
25
30
26
11
3
30
55
60
43
48
52
46
28
14
-27
-41
-24
-4
-11
-18
-8
-16
-18
-30
-24
-10
19
26
16
12
24
7
-1
-4
-6
4
2
-18
-23
-15
-1
10
35
48
34
35
36
9
-21
-20
3
23
39
43
31
38
49
40
49
60
60
46
52
58
57
50
44
49
53
50
29
1
-4
9
32
46
48
40
50
43
37
41
36
48
47
33
20
4
0
-5
-6
3
9
-6
-17
-22
-11
16
59
69
42
-2
-14
-18
6
15
13
1
6
11
0
-18
-20
-1
11
24
25
17
13
8
17
28
16
10
33
38
32
19
10
17
23
11
1
17
41
35
29
50
62
52
29
18
6
2
16
23
16
22
30
18
13
10
14
35
38
9
2
4
-1
-6
-5
10
-6
-15
-20
-20
-14
-4
-14
-34
-20
-18
-4
17
22
21
28
15
-2
-18
-33
-34
-29
-30
-42
-47
-39
-37
-42
-45
-36
-28
8
44
57
48
42
32
26
14
13
6
4
-8
-6
-5
-6
-10
-19
-22
-16
-23
4
24
24
28
17
13
13
1
6
-7
-11
-8
-12
-17
-24
-32
-48
-45
-55
-52
-25
0
18
24
45
47
33
11
-9
-21
-20
-17
-27
-20
-23
-31
-30
-39
-60
-55
-44
-35
-17
-10
-10
-9
-12
-23
-17
1
15
4
-14
-17
-25
-45
-49
-60
-72
-73
-48
-20
-11
-3
1
-8
-15
-11
-11
-7
-2
-2
16
4
-19
-17
-30
-31
-26
-23
-28
-25
-26
-19
5
7
5
11
20
28
32
22
12
-5
-35
-46
-45
-52
-44
-40
-43
-52
-55
-27
-6
-12
-16
-11
19
36
18
-4
-21
-11
-35
-46
-47
-34
-22
-20
-11
-8
-10
1
-10
-5
9
20
41
29
7
6
14
-7
-33
-33
-30
-12
-4
-29
-49
-46
-30
-11
-8
-2
7
11
3
-12
-17
-25
-14
-22
-21
-6
-12
-17
-3
1
6
20
22
18
15
13
7
14
23
7
-11
-16
-7
-10
22
31
26
21
15
10
23
39
47
14
-3
-14
-33
-22
-24
-33
-29
-28
-36
-32
-34
-38
-16
-5
-9
-15
-12
-10
-10
-24
-35
-41
-42
-44
-52
-59
-71
-78
-78
-87
-69
-50
-28
-30
-45
-30
-13
-14
-13
-34
-31
-34
-18
2
1
-4
-1
-8
-21
-24
-38
-39
-36
-26
-26
-40
-30
-3
8
14
6
-2
18
31
23
5
-2
-10
-11
-7
-14
-14
-4
1
-5
-6
-7
8
35
45
44
34
48
46
30
24
33
29
25
-3
-16
-23
-24
-21
-12
-17
-16
-28
-24
12
14
30
44
36
40
44
39
36
22
7
-5
-19
-26
-37
-42
-19
-15
-8
12
29
23
17
16
24
24
34
23
8
17
3
-5
0
-4
-13
-17
-13
-10
-10
0
14
12
10
26
16
10
16
11
0
-9
-32
-29
-16
-16
-17
-10
1
5
-2
-13
-11
23
20
-2
-14
3
23
13
5
14
20
25
28
12
-2
12
31
27
23
18
20
33
41
14
20
44
55
54
26
9
12
29
40
29
31
35
18
2
-3
12
22
34
33
29
41
38
30
24
21
4
0
1
-2
6
19
31
10
10
29
29
32
41
33
27
33
28
23
27
24
7
-7
-17
-27
-39
-4
21
6
11
14
12
15
8
12
17
22
-1
-12
-12
-6
-2
11
16
14
24
24
21
32
53
36
35
52
77
102
125
152
144
148
168
188
199
216
240
256
271
264
262
281
303
329
379
392
414
436
436
389
298
168
-4
-276
-664
-890
-527
325
1115
1431
1275
908
379
-51
-374
-836
-577
396
1186
1025
652
555
879
1247
1270
917
741
1292
2490
3562
4335
4817
4856
4593
4111
3559
3011
2449
2005
1698
1531
1367
1175
952
700
410
104
-210
-533
-836
-1106
-1336
-1593
-1848
-2081
-2255
-2346
-2424
-2495
-2503
-2497
-2491
-2475
-2425
-2351
-2265
-2165
-2069
-1992
-1922
-1832
-1764
-1687
-1597
-1524
-1457
-1349
-1225
-1108
-987
-886
-795
-724
-663
-602
-554
-516
-469
-416
-380
-350
-324
-273
-215
-162
-117
-87
-66
-68
-67
-67
-87
-108
-110
-104
-92
-76
-62
-60
-37
-29
-28
-24
-14
6
22
53
86
105
150
179
179
214
233
230
231
234
239
237
207
186
161
151
131
107
83
72
56
41
39
19
21
37
46
43
26
14
19
27
19
12
29
40
28
8
1
-3
-10
-2
2
-15
-20
-1
-5
-24
-23
-5
-4
14
25
20
31
45
41
37
37
33
3
-17
-16
-40
-46
-43
-40
-42
-44
-42
-40
-30
-10
-10
-4
5
4
1
11
12
13
12
6
-4
6
4
1
-6
-27
-27
-24
-33
-43
-21
-11
8
26
40
28
41
55
35
14
18
20
-4
-21
-22
-12
-20
-35
-50
-59
-57
-48
-32
-34
-27
-9
-7
5
-10
-22
-12
-11
-26
-33
-33
-47
-53
-44
-59
-60
-44
-46
-42
-41
-28
-27
-19
-17
-10
-2
-3
-19
-45
-52
-56
-67
-72
-77
-76
-65
-56
-63
-54
-52
-37
-21
-28
-29
-30
-41
-66
-82
-75
-81
-77
-77
-69
-65
-59
-56
-47
-33
-20
-14
-17
-29
-50
-54
-56
-46
-32
-41
-49
-41
-46
-56
-68
-92
-86
-88
-72
-69
-55
-41
-16
-20
-13
-4
-5
-18
-20
-29
-40
-36
-41
-54
-61
-59
-62
-75
-72
-60
-44
-39
-44
-19
-1
-7
-12
-14
-14
-8
-11
-19
-20
-21
-41
-48
-36
-27
-38
-40
-42
-52
-53
-50
-53
-56
-41
-27
-40
-27
-19
-38
-60
-78
-92
-100
-93
-88
-103
-101
-92
-99
-79
-65
-65
-67
-61
-55
-61
-65
-74
-82
-77
-85
-95
-92
-80
-79
-75
-61
-47
-45
-33
-26
-27
-25
-40
-57
-49
-46
-43
-62
-72
-74
-97
-106
-109
-104
-87
-82
-80
-90
-103
-96
-81
-72
-69
-74
-91
-95
-94
-106
-128
-147
-154
-154
-165
-163
-181
-192
-194
-189
-178
-187
-200
-193
-199
-202
-180
-146
-141
-160
-184
-202
-208
-209
-218
-240
-252
-254
-253
-261
-247
-251
-252
-247
-248
-238
-230
-228
-232
-235
-233
-237
-230
-233
-241
-239
-233
-231
-222
-221
-228
-233
-217
-203
-193
-184
-190
-189
-194
-206
-223
-224
-208
-221
-222
-211
-197
-190
-164
-132
-125
-111
-109
-103
-94
-79
-70
-67
-69
-56
-43
-45
-42
-46
-51
-44
-36
-18
13
37
43
75
98
110
125
137
147
160
183
207
218
231
249
253
266
280
295
294
296
297
302
310
330
330
316
320
312
299
297
310
325
333
337
332
341
367
389
414
434
457
484
514
560
596
608
601
613
608
603
599
599
596
579
569
561
549
533
535
539
530
516
523
513
519
506
498
480
464
465
460
458
449
427
426
427
401
350
309
282
253
245
231
223
231
201
161
137
125
117
98
77
67
60
77
81
61
63
79
95
106
115
121
128
134
153
145
128
113
93
92
99
94
82
57
20
6
16
20
17
16
34
28
19
14
24
35
29
31
37
38
13
-19
-10
8
13
6
-1
1
-2
7
16
11
8
7
15
21
20
11
-3
-20
-28
-33
-19
-9
-23
-25
-13
-16
-18
-9
-5
-15
-16
0
11
1
-15
-13
0
6
-17
-36
-33
-23
-13
-1
16
13
18
30
33
36
38
55
62
59
37
13
4
13
5
3
14
9
11
24
35
40
50
57
66
65
62
75
68
54
37
25
28
25
18
32
27
34
29
27
40
59
59
56
73
60
49
60
63
54
45
40
27
20
45
47
48
42
28
23
31
45
79
93
98
81
64
68
77
79
65
43
40
30
21
14
8
1
-5
-2
-1
-4
-7
0
11
24
35
43
46
32
18
5
-2
-1
10
14
-11
-33
-46
-57
-66
-42
-37
-40
-46
-43
-23
-8
-3
-6
-10
2
3
5
-8
-20
-37
-57
-65
-72
-73
-58
-51
-45
-37
-30
-38
-35
-32
-41
-58
-66
-63
-57
-62
-60
-62
-69
-73
-75
-89
-92
-114
-115
-106
-95
-75
-39
0
-1
4
13
8
-11
-28
-45
-60
-79
-94
-101
-120
-128
-124
-112
-104
-98
-97
-86
-89
-68
-47
-57
-57
-56
-47
-63
-69
-86
-109
-127
-112
-95
-83
-71
-64
-65
-85
-88
-78
-64
-54
-74
-88
-87
-79
-89
-96
-103
-98
-94
-97
-106
-111
-110
-93
-69
-56
-58
-59
-60
-59
-63
-72
-74
-75
-77
-88
-98
-96
-82
-80
-71
-57
-39
-31
-28
-40
-49
-58
-75
-86
-79
-82
-74
-76
-85
-89
-84
-77
-82
-101
-103
-103
-86
-59
-38
-42
-42
-39
-36
-44
-63
-69
-64
-66
-78
-84
-84
-80
-67
-74
-81
-73
-62
-33
-12
-16
-22
-25
-23
-24
-27
-45
-40
-32
-24
-41
-64
-62
-53
-31
-19
-16
-34
-34
-23
-31
-31
-38
-43
-43
-49
-30
-30
-45
-56
-58
-48
-29
-33
-18
-23
-22
-13
-26
-31
-35
-16
0
-15
-44
-57
-63
-78
-79
-74
-64
-61
-60
-61
-39
-38
-28
-24
-23
-10
-23
-27
-34
-59
-77
-86
-101
-109
-112
-124
-157
-168
-156
-139
-109
-88
-83
-58
-23
-10
11
24
29
48
54
64
73
87
92
85
91
90
73
72
76
66
58
55
70
85
119
147
151
160
169
173
183
189
185
182
187
172
150
146
143
136
119
106
104
110
109
99
77
63
59
57
61
52
49
53
57
42
38
42
50
28
15
-13
-57
-82
-106
-149
-193
-243
-305
-365
-410
-452
-474
-475
-493
-506
-493
-489
-500
-484
-459
-440
-407
-368
-333
-284
-235
-190
-153
-124
-80
-68
-64
-48
-41
-37
-19
2
-5
-14
-1
11
15
44
69
78
82
96
95
85
81
65
69
86
80
86
94
95
78
90
72
44
54
56
36
29
44
50
41
17
14
0
-14
-21
-34
-37
-43
-46
-58
-52
-38
-39
-39
-33
-11
15
8
-13
-33
-36
-50
-56
-50
-56
-56
-32
-27
-55
-83
-74
-57
-45
-31
-41
-42
-27
-15
-5
3
4
4
-5
-3
13
11
17
26
14
20
26
53
72
83
85
103
119
120
100
89
90
95
128
149
144
140
136
137
124
133
133
130
146
143
131
139
139
126
103
105
101
94
93
101
95
86
90
89
82
57
34
36
41
39
30
29
17
7
-1
-8
-20
-34
-39
-43
-53
-54
-51
-57
-69
-73
-53
-27
-32
-30
-20
-4
-19
-36
-40
-44
-47
-44
-47
-52
-60
-62
-52
-41
-30
-31
-11
11
9
2
6
29
31
14
1
7
11
5
-2
-25
-27
-33
-39
-36
-32
-39
-41
-32
-27
-11
40
57
31
25
29
19
27
18
-5
-36
-41
-39
-59
-53
-44
-45
-31
-10
-7
-14
1
14
15
16
15
20
21
20
-1
-6
4
-8
-29
-43
-43
-23
-6
-8
-12
-5
0
2
3
23
37
40
42
30
22
27
31
11
-1
-11
-16
-13
-16
-6
-6
-1
1
3
6
13
21
30
37
38
38
40
20
7
8
-2
4
6
-3
-25
-39
-19
-2
-7
1
1
-2
12
19
26
26
36
33
29
16
-11
-27
-24
-23
-14
-18
-19
-5
7
9
-7
-10
6
10
12
25
44
40
49
48
18
-5
-9
-21
-19
-17
-11
-10
-7
-12
-5
-3
-12
-2
13
34
38
27
31
28
38
48
21
-11
-12
7
18
-5
-22
-29
-26
-3
14
20
28
29
8
3
5
3
11
19
11
7
10
21
12
-1
-10
-5
3
7
26
45
46
54
40
31
13
0
-5
-18
-33
-55
-49
-50
-69
-91
-86
-74
-47
-31
-23
-22
-22
-22
-27
-16
-24
-23
-15
-17
-50
-60
-48
-51
-57
-54
-66
-85
-74
-62
-50
-43
-37
-43
-36
-12
-16
-23
-40
-54
-53
-57
-48
-43
-55
-34
-26
-27
-21
-27
-25
-19
-14
-19
-34
-36
-33
-29
-37
-43
-28
-24
-14
1
11
21
12
17
14
12
12
26
28
19
16
12
1
-1
-7
1
-5
8
20
15
2
12
35
65
75
53
30
7
-12
-24
-22
-38
-41
-32
-31
-42
-40
-16
-24
-41
-28
-5
-21
-16
1
1
-8
13
16
1
-3
-8
-10
-15
-30
-34
-33
-40
-29
-31
-40
-41
-16
-16
-6
7
24
35
31
19
20
18
15
14
-9
-26
-24
-35
-32
-16
-22
-18
11
27
16
13
20
17
19
32
25
19
17
11
6
21
23
22
24
39
27
36
49
48
45
43
40
21
0
4
5
22
18
8
12
2
7
19
25
9
8
24
2
7
26
33
27
4
-8
-23
-33
-16
-17
-21
-16
-11
-8
-4
15
16
22
21
13
-4
-19
-1
15
26
18
1
-2
2
-11
-11
-1
-8
-23
-17
-6
5
33
45
49
29
27
28
41
60
56
49
34
22
17
-9
-3
-2
-21
-29
-15
-22
2
17
12
20
25
14
25
43
43
28
28
49
44
57
98
103
118
140
147
146
179
207
244
276
291
299
297
297
302
336
401
438
475
520
560
579
563
543
514
469
409
314
227
162
100
43
12
45
169
342
340
3
-438
-746
-907
-1053
-1001
-873
-578
-64
476
1109
1893
3000
4350
5352
5981
6193
5740
4891
4058
3497
3257
3000
2781
2589
2365
2103
1865
1660
1387
1031
648
266
-105
-433
-748
-1055
-1369
-1621
-1818
-1958
-2014
-2076
-2151
-2216
-2315
-2409
-2450
-2478
-2494
-2502
-2472
-2432
-2389
-2325
-2287
-2268
-2199
-2111
-2030
-1938
-1816
-1690
-1577
-1464
-1347
-1238
-1135
-1025
-952
-896
-825
-750
-681
-608
-544
-468
-387
-316
-268
-222
-170
-133
-106
-84
-82
-94
-103
-114
-114
-83
-67
-69
-71
-75
-81
-74
-61
-66
-70
-48
-29
-31
-7
25
45
92
113
144
176
216
208
191
195
192
171
169
148
133
125
131
133
106
83
57
43
35
30
38
39
37
38
26
14
2
-9
-2
-7
-19
-10
0
-6
12
20
24
28
29
28
12
-7
-13
-15
-12
-15
-30
-30
-46
-49
-53
-25
-18
-26
-21
-5
13
29
35
23
29
26
29
31
25
6
-30
-61
-73
-71
-70
-65
-65
-58
-59
-58
-59
-44
-30
-26
-22
-3
1
-12
-10
-7
-6
2
1
-16
-29
-26
-35
-41
-47
-54
-43
-30
-17
-13
-10
6
13
8
9
0
-4
1
2
-10
-33
-59
-64
-59
-54
-49
-60
-62
-42
-20
-23
-20
-18
-26
-20
-23
-23
-22
-32
-32
-33
-41
-54
-54
-52
-57
-53
-32
-42
-42
-32
-26
-33
-36
-29
-34
-30
-38
-49
-56
-80
-78
-56
-54
-71
-99
-89
-86
-94
-92
-81
-73
-60
-51
-51
-37
-9
4
-11
-32
-53
-51
-52
-69
-72
-69
-68
-83
-90
-80
-82
-82
-70
-53
-64
-60
-32
-46
-51
-56
-61
-68
-72
-85
-101
-121
-126
-140
-129
-127
-119
-118
-98
-98
-103
-94
-95
-109
-119
-116
-117
-126
-130
-149
-162
-149
-153
-154
-132
-115
-105
-106
-109
-118
-112
-96
-99
-97
-97
-100
-109
-120
-118
-110
-101
-95
-101
-95
-85
-72
-69
-63
-63
-82
-79
-82
-105
-105
-111
-108
-111
-116
-107
-97
-99
-111
-124
-115
-95
-86
-92
-98
-106
-99
-100
-115
-132
-121
-124
-149
-163
-185
-186
-178
-173
-186
-198
-181
-167
-161
-165
-174
-166
-171
-186
-202
-196
-190
-193
-203
-203
-212
-219
-226
-221
-221
-208
-187
-182
-181
-181
-189
-190
-182
-189
-200
-196
-203
-217
-210
-203
-211
-216
-228
-220
-201
-202
-195
-181
-169
-159
-160
-154
-150
-166
-174
-168
-165
-178
-198
-196
-198
-218
-209
-196
-180
-182
-180
-166
-151
-143
-145
-136
-128
-117
-105
-100
-110
-124
-133
-146
-142
-117
-116
-114
-109
-86
-75
-66
-63
-58
-70
-59
-54
-43
-41
-52
-49
-64
-60
-38
-28
-24
-6
4
3
7
16
27
27
20
15
33
38
48
56
57
71
93
91
82
89
105
123
154
176
193
201
204
232
249
260
289
304
322
332
327
321
329
331
346
359
362
343
330
328
337
318
312
327
336
353
369
376
394
394
383
373
374
368
351
337
325
311
313
306
296
291
299
320
328
334
332
320
311
300
297
293
293
307
316
326
312
292
294
299
278
263
261
271
270
277
269
273
264
255
236
227
228
219
206
192
184
174
159
143
139
151
156
156
163
165
163
160
157
150
147
142
123
94
90
98
88
86
90
94
92
88
90
99
104
97
95
101
95
79
72
74
66
52
55
42
38
54
55
48
54
59
50
60
77
80
65
59
48
45
33
36
38
20
11
-12
-10
-11
-8
-7
-4
8
12
16
23
27
58
79
76
72
77
73
38
27
28
12
4
-6
-20
-27
-26
-24
-7
17
25
48
65
60
60
31
13
-1
-5
-8
3
10
10
7
9
6
2
-7
-5
22
40
21
28
41
33
7
3
8
14
27
36
22
27
28
15
1
-5
4
25
49
40
31
50
55
44
33
17
9
10
-1
2
14
17
25
26
19
7
21
27
25
15
9
22
32
19
6
-7
-6
-9
-24
-35
-11
3
10
10
11
8
21
26
8
-8
-8
-9
-11
-10
7
7
-2
-14
-22
-13
10
17
-3
-4
15
25
32
34
31
22
8
3
5
-3
-4
-11
6
29
20
19
21
31
32
41
22
-1
-5
-13
4
4
10
7
-2
-13
-16
-11
-16
-7
-28
-21
-6
-4
-13
-28
-30
-25
-34
-43
-36
-25
-19
-26
-35
-32
-32
-29
-15
-14
-15
-14
-23
-53
-57
-49
-58
-70
-56
-49
-41
-43
-41
-43
-42
-36
-36
-41
-33
-43
-62
-67
-63
-57
-62
-66
-66
-58
-54
-49
-39
-38
-37
-42
-46
-46
-53
-63
-86
-76
-65
-50
-41
-37
-34
-17
-9
-17
-16
-16
-23
-38
-64
-71
-58
-50
-44
-33
-42
-40
-10
0
-6
-14
-21
-36
-61
-82
-95
-79
-53
-44
-50
-46
-47
-34
-28
-34
-41
-13
2
-13
-29
-34
-50
-58
-56
-54
-61
-63
-53
-53
-48
-33
-20
-16
-20
-22
-13
-20
-31
-35
-32
-26
-17
-19
-13
-37
-56
-60
-48
-36
-37
-46
-53
-36
-25
-11
16
24
29
18
14
17
5
-19
-33
-50
-54
-66
-52
-50
-56
-66
-57
-28
-14
-25
-30
-13
-8
-20
-22
-13
-14
-22
-47
-56
-35
-15
-2
-2
-12
-24
-26
-10
5
5
4
10
1
-8
-19
-32
-23
-28
-26
-33
-48
-48
-42
-33
-27
-44
-40
-8
8
36
32
21
21
32
45
24
10
-5
-20
-33
-37
-38
-43
-26
-10
-8
-18
-8
3
2
6
9
12
7
3
11
7
-19
-33
-43
-40
-22
-5
-6
-8
-5
10
23
41
58
66
64
68
94
102
112
122
106
83
80
92
71
70
56
40
30
20
31
48
65
69
61
63
65
57
72
73
68
66
69
62
40
37
34
10
14
-1
-31
-25
-33
-46
-49
-52
-72
-87
-105
-128
-117
-69
-32
-33
-32
-38
-46
-34
-29
-38
-58
-66
-48
-52
-62
-71
-86
-71
-52
-45
-27
12
35
18
-3
-17
-19
-13
-14
-9
-1
-3
-4
-8
-6
-9
-17
-15
-1
-8
-4
10
6
19
37
51
63
55
24
3
23
34
27
28
11
-9
-20
-6
9
20
25
26
18
11
18
36
51
50
58
42
41
46
32
26
13
15
19
3
-9
-22
-9
5
4
-1
10
17
22
28
37
39
32
24
26
21
10
-3
-9
-31
-42
-55
-57
-42
-39
-25
-24
-20
0
15
0
5
18
28
13
3
-6
-7
-7
-20
-29
-30
-25
-17
-11
-5
-14
-16
0
28
38
58
50
46
44
38
32
22
14
5
-7
4
6
-10
5
12
15
30
45
53
52
53
37
30
32
28
8
-3
11
19
27
26
16
16
28
30
34
33
26
35
41
47
45
41
40
32
22
11
-8
-5
-1
7
20
14
25
35
44
49
39
50
64
75
82
72
62
46
35
20
18
5
12
12
8
4
3
6
33
53
53
56
76
76
51
31
21
11
36
27
-6
-11
4
14
28
37
37
41
65
69
53
45
56
71
61
41
19
26
34
28
26
37
40
30
12
21
7
9
23
33
29
30
34
49
38
19
18
29
18
8
9
10
0
-6
-2
21
29
39
45
53
45
44
60
69
69
70
44
41
39
20
14
4
-9
-11
5
11
0
9
26
33
47
58
56
58
58
37
34
42
42
34
34
33
20
-1
6
-5
-9
0
2
34
61
58
49
54
53
35
38
46
43
26
26
21
2
0
-10
-6
20
23
38
47
37
38
48
53
52
44
38
39
36
31
2
-21
-23
-12
-13
-15
-2
-22
-19
-13
-8
11
19
16
26
23
11
-1
-15
-26
-44
-74
-82
-78
-73
-72
-50
-61
-63
-62
-43
-37
-24
-21
-29
-27
-30
-31
-34
-31
-47
-69
-73
-77
-71
-58
-46
-39
-24
-21
-29
-28
-18
-5
5
21
14
-7
-16
-21
-45
-76
-86
-115
-144
-139
-133
-125
-120
-113
-116
-110
-92
-80
-79
-74
-73
-83
-74
-52
-58
-87
-117
-129
-115
-114
-123
-120
-114
-103
-99
-105
-108
-87
-69
-65
-65
-75
-73
-79
-69
-64
-76
-103
-103
-104
-105
-92
-80
-66
-56
-30
-7
-7
-5
18
33
23
5
-8
-22
-44
-68
-68
-42
-37
-45
-38
-30
-26
-19
1
9
18
19
21
2
5
13
10
8
-7
-22
-25
-25
-34
-44
-31
-5
3
16
38
36
27
28
32
30
28
16
12
19
4
-6
15
8
-3
-2
4
-9
-20
6
11
-1
3
8
5
9
8
-15
-26
-10
-5
8
18
-1
-23
-32
-19
-19
-29
-13
-26
-10
10
7
20
35
38
46
54
44
31
30
27
16
11
-2
-1
-22
-26
-10
-12
5
30
46
40
34
45
43
39
29
15
30
20
17
20
11
-16
-19
7
22
28
38
30
34
40
36
32
35
23
11
10
14
19
19
16
4
2
2
1
17
28
36
37
32
47
55
48
12
-3
-2
1
2
6
-4
2
19
11
9
5
6
17
37
44
42
40
27
22
17
16
-16
-13
-9
-6
2
14
9
13
28
33
43
50
56
55
53
57
47
28
33
34
18
2
-4
-9
-20
-2
3
11
24
32
46
63
76
87
76
89
95
102
117
111
105
101
108
118
145
167
175
194
230
255
284
300
319
337
370
417
444
477
516
574
655
699
738
771
821
864
920
953
1009
1064
1101
1117
1118
1117
1127
1122
1124
1102
1072
1085
1141
1132
1054
985
954
1065
1269
1599
2002
2514
3230
4034
4769
5285
5321
4864
4270
3788
3525
3318
3025
2736
2402
2081
1798
1530
1249
914
518
149
-203
-574
-963
-1371
-1773
-2134
-2430
-2682
-2837
-2877
-2936
-2986
-3037
-3083
-3120
-3150
-3171
-3188
-3178
-3109
-3033
-2938
-2838
-2762
-2669
-2539
-2398
-2252
-2099
-1947
-1808
-1700
-1573
-1450
-1332
-1210
-1111
-1051
-980
-908
-832
-759
-700
-624
-550
-498
-445
-402
-357
-325
-300
-287
-269
-283
-322
-325
-329
-319
-296
-276
-283
-274
-253
-245
-243
-228
-205
-202
-179
-171
-150
-119
-72
-26
10
51
76
82
99
112
107
118
126
121
129
134
128
101
83
66
48
41
36
24
27
23
11
28
20
-6
-3
21
17
2
2
6
-2
13
8
-16
-28
-25
-29
-29
-27
-38
-50
-45
-44
-45
-16
7
17
10
-7
-8
6
25
17
-15
-35
-31
-15
-7
-1
-29
-59
-47
-36
-29
-7
6
-6
-3
5
10
6
-5
-23
-11
-7
-19
-23
-35
-45
-55
-68
-63
-65
-67
-76
-55
-32
-9
-1
-11
3
9
-2
-3
-23
-22
-5
7
-24
-59
-69
-58
-45
-38
-30
-20
-31
-28
-19
-10
-7
1
-14
-6
20
19
10
20
8
-10
-22
-36
-38
-32
-35
-40
-26
-19
-11
4
23
36
41
33
21
4
-9
-17
-16
-20
-14
-32
-49
-39
-23
-24
-27
-20
-36
-31
-12
-5
-2
12
22
4
-20
-41
-47
-38
-34
-40
-42
-58
-71
-57
-34
-38
-39
-37
-27
-29
-25
-28
-31
-32
-28
-25
-32
-41
-24
-16
-30
-42
-58
-57
-45
-46
-34
-36
-40
-48
-38
-25
-26
-36
-39
-47
-50
-58
-66
-78
-93
-110
-108
-106
-103
-95
-84
-83
-90
-79
-78
-66
-64
-70
-78
-90
-90
-82
-80
-83
-98
-101
-84
-79
-98
-122
-121
-102
-89
-84
-85
-81
-63
-68
-75
-80
-80
-82
-105
-106
-95
-93
-101
-106
-113
-119
-109
-102
-101
-99
-97
-90
-104
-124
-128
-130
-135
-147
-162
-161
-162
-176
-187
-181
-177
-158
-155
-165
-189
-192
-187
-181
-173
-172
-193
-194
-205
-216
-209
-204
-201
-197
-193
-190
-186
-205
-204
-210
-205
-198
-199
-180
-191
-216
-225
-209
-214
-205
-188
-184
-180
-175
-180
-170
-160
-161
-167
-172
-175
-178
-192
-197
-184
-185
-195
-196
-183
-162
-156
-149
-152
-140
-122
-112
-94
-85
-81
-74
-91
-99
-105
-100
-88
-92
-98
-91
-96
-100
-88
-86
-90
-76
-63
-54
-40
-26
-22
-21
-24
-33
-34
-41
-54
-59
-56
-73
-95
-116
-109
-100
-96
-90
-98
-83
-68
-72
-70
-61
-52
-43
-38
-47
-69
-77
-50
-40
-54
-70
-83
-73
-56
-34
-37
-31
-18
-15
-1
22
37
69
80
85
78
114
136
152
172
170
161
177
176
184
195
200
213
221
233
218
207
202
214
231
236
249
259
255
243
247
257
268
273
273
296
303
284
288
291
294
295
300
298
294
304
300
273
261
266
271
267
281
302
313
319
323
322
321
325
335
315
302
288
284
278
258
244
258
269
257
241
229
228
228
225
231
240
236
217
212
202
206
195
170
154
137
133
137
140
120
125
137
130
139
150
143
149
142
127
116
107
83
84
91
87
82
63
54
54
57
57
71
77
93
89
80
96
107
102
82
71
65
58
67
58
19
-14
2
30
27
37
48
37
34
55
60
53
54
49
50
50
27
19
28
14
8
10
1
-2
-1
-13
-16
-15
13
24
25
38
32
33
24
26
27
25
8
2
3
0
2
-1
5
16
14
25
43
43
51
67
66
43
27
19
14
9
10
2
5
-7
-19
3
13
13
9
6
7
29
59
54
47
47
45
30
6
-9
-20
-1
19
19
14
13
2
-11
-4
-3
-3
11
17
25
35
20
12
9
9
3
-10
-10
2
3
11
12
28
48
48
57
39
33
46
43
28
22
25
13
-12
-11
0
-2
7
12
12
21
16
9
29
46
44
49
55
57
51
41
24
8
12
-11
-53
-47
-30
-24
-33
-27
-35
-34
-31
-13
-1
-7
-9
-12
-1
19
20
22
14
-8
-18
0
-1
-19
-17
-21
-29
-21
-21
-17
2
22
21
-3
-8
-22
-31
-30
-38
-65
-61
-41
-25
-4
6
-5
-25
-17
-14
-13
-17
-21
-15
-20
-18
-18
-36
-43
-57
-53
-33
-36
-50
-64
-63
-67
-65
-52
-42
-43
-23
-15
-26
-34
-47
-61
-62
-65
-64
-57
-64
-71
-74
-79
-70
-70
-57
-44
-34
-4
9
17
15
29
27
20
12
-9
-33
-46
-46
-40
-39
-38
-41
-48
-28
-10
-7
4
-2
-9
-15
-13
-24
-29
-35
-50
-44
-31
-20
-35
-37
-31
-32
-20
0
-6
-12
1
3
-8
12
33
19
14
11
-2
-2
7
-3
-11
-7
-4
-31
-32
-31
-34
-15
-1
8
12
20
23
12
15
17
20
30
23
-8
-37
-40
-35
-42
-48
-54
-56
-49
-19
-14
-10
-5
-16
-26
-11
-7
1
11
7
-17
-12
-10
-17
-26
-41
-47
-48
-47
-35
-22
-14
-18
-16
4
2
-12
-11
12
24
7
-12
-24
-29
-21
-16
-31
-36
-34
-35
-62
-60
-48
-37
-13
1
-3
4
16
32
30
33
22
7
1
-2
-5
-14
-13
4
28
34
26
19
34
62
70
66
48
33
31
22
12
9
-5
-7
-29
-55
-63
-68
-47
-42
-45
-47
-28
-26
-28
-23
-17
-13
-15
-41
-73
-57
-60
-65
-62
-68
-87
-88
-76
-68
-59
-46
-53
-52
-33
-11
-13
-18
-11
-36
-40
-12
4
-5
-12
-8
5
9
4
5
25
32
19
3
19
37
36
28
28
20
27
20
7
-3
-1
15
17
27
22
20
11
26
36
46
67
71
58
47
34
15
39
51
34
14
1
8
2
-1
5
20
30
31
26
28
44
64
55
61
82
83
90
75
45
37
45
27
4
0
-3
7
17
21
21
18
19
7
8
17
32
23
19
21
26
35
27
8
-9
-8
-11
-22
-28
-14
-2
7
24
32
50
56
31
39
18
8
12
18
21
15
14
13
-3
-13
-7
2
7
7
7
11
22
21
20
29
30
35
22
24
9
14
9
-18
-29
-21
-15
-21
-5
16
13
5
14
11
44
63
48
42
56
53
41
20
7
-15
-28
-42
-43
-39
-33
-24
-15
-4
-2
-9
18
32
24
18
9
-6
2
22
13
-4
1
-1
6
3
4
9
-5
-4
-3
18
27
24
22
32
39
34
30
34
23
25
23
15
15
34
44
55
52
36
38
48
65
52
47
52
59
46
48
35
6
18
35
34
31
31
44
21
17
20
18
38
57
59
44
31
30
32
18
3
6
20
7
14
39
52
39
7
4
4
-3
-2
17
19
15
18
11
16
23
11
32
35
17
22
46
42
23
8
-10
-16
9
14
-2
-7
-1
3
-13
-7
-10
-2
22
39
36
22
30
32
9
-4
3
-5
-10
-30
-32
-37
-27
-13
-8
-2
2
5
16
26
15
-1
4
10
22
8
-13
-9
-9
-5
6
-1
-10
-38
-48
-39
-47
-28
-8
5
7
26
37
15
-13
-17
-26
-18
-16
-29
-35
-44
-56
-60
-56
-61
-33
7
11
14
3
1
9
-2
14
14
13
11
10
-4
-13
-28
-37
-41
-28
-20
-31
-27
-13
3
13
32
38
22
25
27
26
13
4
-12
-34
-36
-20
10
3
-18
-24
-33
-33
-10
10
19
5
13
36
27
13
2
3
3
15
22
10
4
-4
-28
-25
-26
-34
-22
-6
19
26
32
44
60
49
41
31
35
26
12
-9
-23
-28
-29
-23
-22
-24
-13
15
23
16
13
13
10
7
8
12
20
15
7
1
-5
-15
-12
4
4
22
46
58
61
63
63
44
53
58
43
52
65
56
38
13
-8
-25
-23
-29
-21
-23
-4
-11
-24
3
17
-8
-10
-14
-21
-30
-41
-36
-41
-58
-58
-65
-66
-58
-48
-45
-46
-49
-57
-56
-71
-70
-64
-51
-52
-62
-57
-63
-50
-30
-21
-24
-29
-29
-22
-10
1
-4
-4
-14
-22
-9
-14
-25
-23
-3
-8
-11
-2
-4
-6
7
19
24
8
3
21
37
48
44
39
46
39
33
38
44
15
-11
-23
-29
-30
-26
-17
-11
8
30
42
62
67
53
47
49
48
40
47
43
27
-1
6
-2
-18
-18
0
-3
-1
11
9
17
14
-17
-2
30
38
25
19
12
9
-1
-16
-25
-19
-20
-20
-29
-19
-8
-5
13
4
14
22
14
4
11
19
5
-25
-34
-30
-21
-4
0
-8
-9
7
6
9
13
11
23
35
30
12
15
-5
-21
-22
-29
-40
-23
-16
-28
-36
-14
-5
-17
-5
-6
-17
2
21
14
2
9
-2
3
7
-15
-40
-36
-36
-33
-26
-8
-15
-22
-24
-2
17
31
35
32
32
41
43
24
4
-14
-34
-26
-24
-14
-28
-36
-44
-38
-22
-26
-17
5
6
-4
14
15
-13
-32
-25
-18
-26
-37
-41
-39
-24
-35
-41
-31
-17
-7
10
21
15
3
8
24
28
27
25
2
-13
-26
-30
-26
-11
-12
-6
2
3
-12
-3
5
22
30
33
41
21
18
16
25
40
42
30
45
80
99
112
141
155
184
219
238
259
274
300
320
340
363
398
445
500
556
636
706
742
755
780
826
853
898
948
985
1006
1003
979
961
960
966
955
934
924
948
995
960
909
868
924
1107
1373
1776
2230
2850
3669
4468
5136
5473
5281
4727
4197
3884
3740
3533
3296
3044
2712
2366
2070
1787
1446
1030
587
190
-189
-563
-979
-1401
-1789
-2139
-2436
-2676
-2809
-2884
-2950
-3012
-3079
-3123
-3166
-3208
-3206
-3201
-3181
-3124
-3041
-2942
-2874
-2810
-2705
-2571
-2423
-2268
-2134
-2003
-1886
-1767
-1637
-1521
-1426
-1333
-1230
-1163
-1130
-1080
-1012
-954
-886
-804
-740
-670
-612
-571
-524
-471
-445
-427
-410
-404
-392
-376
-352
-326
-303
-274
-270
-272
-283
-292
-290
-256
-243
-254
-248
-224
-196
-173
-129
-95
-58
-12
20
46
70
94
121
127
137
144
143
148
145
142
146
141
129
107
113
89
54
43
28
15
1
-6
-23
-37
-53
-70
-92
-92
-92
-88
-80
-72
-81
-73
-55
-49
-32
-24
-16
-14
-2
4
6
-13
-21
-31
-18
-26
-33
-23
-12
-8
-11
9
25
18
9
14
9
13
-3
-13
-29
-42
-54
-56
-30
-14
-14
-27
-25
-19
-1
3
-11
-5
5
-6
-6
-7
-1
-6
-15
-24
-7
-10
-14
-8
-19
4
15
17
20
14
8
0
7
7
11
9
6
9
21
22
-1
-9
-7
12
31
33
31
31
29
17
20
14
7
-19
-31
-40
-34
-20
-12
-16
-29
-26
-9
-18
-16
9
14
18
25
31
14
8
-15
-20
-11
-21
-35
-33
-25
-20
-16
-19
-5
7
13
18
16
24
39
24
17
24
9
-7
-4
1
-15
-8
17
12
6
-10
-25
-17
-2
9
22
18
13
-10
-29
-33
-34
-25
-36
-36
-24
-18
-24
-22
-12
3
-12
-17
-17
-8
-9
-8
-17
-25
-37
-40
-47
-56
-61
-78
-77
-69
-51
-35
-26
-15
-3
-9
-20
-31
-24
-38
-57
-80
-93
-104
-83
-65
-61
-71
-74
-72
-84
-72
-42
-25
-11
-11
-38
-50
-59
-62
-69
-69
-82
-104
-111
-110
-111
-97
-77
-76
-78
-78
-66
-61
-55
-64
-64
-64
-65
-70
-93
-98
-126
-151
-165
-154
-144
-162
-158
-148
-118
-117
-120
-125
-118
-127
-134
-128
-151
-143
-150
-158
-166
-168
-169
-181
-189
-177
-170
-166
-173
-166
-161
-163
-163
-163
-161
-159
-182
-205
-213
-221
-235
-231
-236
-239
-224
-194
-184
-198
-182
-174
-158
-157
-152
-151
-168
-170
-173
-185
-182
-181
-192
-201
-191
-177
-163
-157
-132
-127
-133
-127
-126
-136
-128
-110
-96
-105
-126
-138
-142
-162
-165
-152
-139
-148
-139
-121
-110
-99
-82
-85
-76
-75
-76
-95
-116
-126
-141
-145
-148
-163
-158
-165
-167
-173
-165
-156
-146
-132
-136
-129
-103
-89
-81
-92
-83
-82
-93
-101
-93
-84
-71
-59
-60
-53
-49
-59
-54
-34
-10
14
19
17
44
61
69
88
119
146
163
177
176
181
190
212
243
240
247
256
263
267
284
306
308
301
289
289
297
293
292
323
332
344
362
361
351
362
374
381
393
414
425
416
381
376
378
387
388
371
370
374
374
362
378
392
410
411
385
372
369
366
348
336
330
328
310
287
271
270
264
265
272
274
271
256
253
247
247
251
248
243
245
247
245
237
221
207
200
181
175
169
163
157
158
151
147
151
142
141
167
171
167
169
156
124
118
106
94
75
76
68
50
36
51
48
38
68
85
89
96
117
109
92
98
97
83
73
61
68
78
75
51
44
54
56
41
42
52
57
64
68
70
66
50
42
52
33
29
23
29
25
32
28
12
15
29
54
75
91
78
70
71
65
39
37
33
-2
-15
-6
-11
-36
-49
-56
-55
-49
-37
-43
-53
-43
-31
-37
-43
-49
-90
-110
-123
-156
-153
-145
-151
-160
-173
-215
-258
-270
-267
-270
-283
-279
-269
-263
-256
-254
-224
-193
-164
-128
-71
-26
15
77
140
182
224
272
312
349
387
414
431
423
437
444
442
438
435
427
408
392
388
366
344
331
302
282
263
244
235
220
208
187
152
130
105
72
60
51
35
10
-26
-36
-48
-53
-30
-35
-62
-67
-82
-75
-62
-50
-65
-82
-72
-69
-60
-30
-24
-20
-14
-12
-12
-14
-9
-12
-14
-23
-27
-24
-30
-31
-30
-16
-16
-40
-47
-34
-39
-32
-26
-18
-31
-42
-47
-50
-42
-49
-52
-62
-53
-60
-90
-105
-105
-109
-105
-104
-96
-94
-84
-80
-68
-51
-50
-62
-58
-48
-43
-53
-74
-100
-130
-140
-137
-143
-148
-155
-154
-143
-129
-125
-102
-71
-50
-49
-39
-40
-48
-51
-57
-73
-91
-87
-100
-122
-124
-131
-123
-121
-133
-133
-121
-110
-104
-98
-79
-64
-64
-84
-96
-130
-132
-128
-133
-125
-125
-136
-153
-156
-134
-135
-140
-135
-131
-118
-104
-111
-124
-110
-93
-89
-82
-94
-101
-114
-123
-109
-110
-122
-139
-139
-116
-111
-127
-131
-128
-113
-98
-90
-85
-85
-66
-56
-59
-68
-83
-93
-95
-105
-116
-116
-101
-98
-101
-107
-98
-105
-92
-85
-81
-68
-60
-64
-72
-75
-73
-71
-85
-97
-103
-73
-68
-95
-103
-88
-77
-79
-60
-64
-80
-62
-37
-21
-12
-11
-29
-47
-43
-43
-57
-66
-74
-85
-70
-72
-55
-55
-57
-57
-50
-20
-1
19
31
34
30
34
42
33
17
-1
-25
-19
-12
-16
-18
-7
12
15
26
30
36
24
28
39
30
5
-4
-9
-8
4
12
2
-3
5
11
28
51
76
91
98
74
73
77
67
66
74
68
48
51
61
66
80
87
99
119
146
154
150
126
118
121
132
121
104
123
145
128
121
126
138
146
158
153
141
147
156
161
179
183
169
173
185
162
141
143
138
133
148
152
123
101
97
87
97
107
120
120
121
154
164
159
157
149
135
132
111
80
65
60
74
66
64
68
59
49
34
45
56
64
54
49
58
65
70
84
90
80
82
70
71
70
65
25
-12
-50
-78
-80
-74
-115
-171
-243
-334
-447
-550
-633
-700
-729
-738
-732
-704
-658
-619
-558
-472
-407
-351
-253
-142
-52
30
97
164
219
273
326
369
397
416
428
433
438
424
418
442
445
463
482
489
495
505
509
494
479
474
480
488
462
414
383
365
330
300
283
247
210
196
173
125
102
92
63
28
14
-31
-75
-90
-84
-68
-44
-35
-55
-67
-44
-20
-3
31
40
44
67
89
97
93
105
126
135
123
119
117
120
115
102
91
69
47
45
43
31
39
33
19
15
32
36
29
56
72
74
76
76
73
68
60
55
51
53
45
45
58
68
76
79
75
64
74
85
87
84
86
87
88
92
90
52
11
18
26
37
49
49
36
21
47
57
64
71
52
40
29
27
18
11
-1
-6
5
9
5
-3
8
29
28
24
23
30
62
66
42
35
46
39
29
27
16
15
26
30
33
23
6
2
4
28
33
21
25
40
55
86
93
74
46
41
42
46
59
58
51
32
18
16
16
9
-2
4
17
37
47
46
65
52
53
62
62
67
45
26
8
25
36
23
6
6
2
5
20
25
18
-3
-13
-11
-1
7
8
19
25
24
22
34
40
26
23
17
-3
-2
6
-5
-17
-10
7
22
26
28
30
28
25
41
44
35
31
20
12
6
4
11
3
-13
-2
7
9
8
9
-4
0
16
19
17
35
39
24
28
33
19
17
21
9
5
-11
-36
-52
-51
-44
-59
-56
-57
-38
-18
8
32
30
30
40
49
46
19
-2
8
32
29
6
-8
-13
-12
-10
-26
-37
-33
-16
-9
-7
-16
-18
-7
22
58
55
43
36
26
3
-16
-32
-33
-34
-27
-16
-12
3
8
0
-2
7
32
41
42
42
43
48
46
28
19
17
32
35
35
36
48
33
28
30
20
9
10
19
10
17
36
27
21
21
15
-5
-20
-30
-46
-53
-40
-44
-56
-41
-24
-16
-7
-13
-22
-14
-21
-31
-45
-50
-54
-68
-79
-73
-65
-54
-26
-16
-13
11
15
21
26
14
22
40
24
0
9
26
17
25
21
9
-3
-8
16
29
33
30
28
35
41
43
44
29
3
2
10
0
-11
-10
8
13
24
36
43
59
66
63
59
68
69
60
45
26
11
16
20
5
11
16
23
14
15
23
11
6
-3
-4
17
30
30
34
28
18
18
19
20
1
-10
-25
-39
-34
-6
3
10
30
35
43
61
63
50
47
35
20
21
20
17
2
-9
-9
-10
-4
-7
-25
-25
-4
-6
-7
0
7
23
29
29
2
-14
-29
-50
-31
-20
-10
-13
-2
9
2
13
24
20
25
24
21
15
20
2
-5
2
0
-12
-6
5
15
23
18
7
12
24
21
31
51
51
50
40
29
3
-18
-3
-8
-4
4
1
-11
-4
19
9
-9
-8
3
18
23
16
10
10
-4
-6
11
17
-9
-4
5
10
5
6
2
-9
-12
-23
-21
3
32
44
25
17
8
6
9
-1
9
13
3
-16
-21
-9
2
10
6
4
19
47
55
49
31
31
39
21
12
5
-4
6
16
14
6
0
-9
-6
5
25
49
68
79
115
155
186
203
216
213
213
244
260
262
271
294
320
325
334
346
355
372
407
461
479
481
463
411
337
248
107
-125
-347
-292
60
520
895
1058
1041
801
421
91
-402
-638
-172
574
740
583
486
695
1140
1394
1308
1175
1549
2627
3785
4582
5108
5144
4746
4119
3451
2869
2296
1807
1485
1262
1081
878
705
476
219
-66
-363
-652
-886
-1092
-1286
-1493
-1686
-1843
-1988
-2065
-2105
-2158
-2188
-2190
-2213
-2227
-2217
-2192
-2176
-2127
-2100
-2064
-2016
-1965
-1908
-1870
-1793
-1702
-1619
-1552
-1456
-1355
-1224
-1092
-986
-882
-799
-724
-668
-607
-554
-504
-440
-385
-359
-319
-260
-213
-185
-160
-119
-96
-86
-91
-110
-93
-80
-104
-118
-124
-102
-93
-87
-95
-102
-84
-58
-36
-17
16
45
41
64
108
144
174
195
205
222
246
262
256
252
239
212
184
164
141
124
101
85
67
55
52
33
14
-2
5
21
19
-19
-14
0
-10
-1
34
50
66
61
51
31
26
23
17
23
11
-13
-16
1
-8
-32
-11
2
12
29
36
40
42
58
62
51
27
10
-16
-11
-6
-25
-22
-26
-30
-24
-18
-26
-44
-42
-40
-34
-26
-13
-8
-16
-12
-35
-33
-24
-17
-22
-40
-56
-66
-65
-56
-48
-33
-26
-19
0
7
14
13
10
0
-13
-2
2
4
-7
-19
-29
-36
-42
-45
-45
-36
-39
-42
-17
7
19
3
-12
-14
-8
-2
-4
-10
1
-14
-19
-32
-41
-34
-28
-23
-36
-33
-4
-2
-6
9
34
36
30
6
-21
-29
-28
-22
-37
-50
-42
-43
-51
-61
-61
-62
-57
-42
-29
-9
10
0
-2
1
-6
-8
-22
-49
-70
-60
-48
-57
-54
-59
-76
-67
-59
-55
-44
-41
-34
-22
-17
-20
-33
-54
-50
-45
-51
-49
-48
-42
-37
-44
-60
-62
-45
-34
-20
-18
-29
-35
-32
-21
-28
-23
-20
-33
-34
-51
-69
-75
-56
-47
-42
-35
-39
-37
-24
-21
-15
-9
-18
-23
-24
-23
-15
-26
-49
-60
-76
-85
-82
-81
-94
-88
-82
-70
-53
-52
-48
-29
-28
-47
-45
-36
-43
-52
-56
-75
-98
-97
-96
-115
-120
-102
-101
-112
-111
-118
-115
-110
-107
-79
-80
-90
-89
-92
-100
-114
-121
-113
-130
-151
-156
-153
-149
-133
-137
-152
-147
-129
-145
-163
-157
-159
-160
-157
-149
-155
-163
-168
-193
-208
-205
-216
-220
-236
-230
-230
-241
-242
-264
-256
-248
-265
-276
-274
-278
-290
-292
-283
-281
-294
-303
-281
-267
-268
-290
-304
-322
-316
-307
-309
-321
-326
-331
-343
-368
-370
-353
-344
-340
-320
-319
-317
-312
-316
-307
-285
-271
-294
-296
-309
-310
-299
-300
-314
-328
-322
-326
-343
-343
-330
-309
-293
-278
-266
-251
-238
-227
-202
-175
-165
-134
-121
-123
-121
-118
-111
-116
-117
-125
-125
-120
-100
-90
-92
-87
-79
-70
-57
-40
-24
-18
-8
0
2
9
16
26
48
56
59
45
43
77
90
106
130
132
154
171
175
189
210
236
245
257
293
305
311
332
336
340
339
349
372
388
397
384
391
397
400
410
417
405
388
391
393
401
390
398
410
418
431
455
475
479
464
467
484
474
467
457
447
432
425
400
382
386
400
394
389
377
379
392
407
412
409
412
411
388
360
343
318
308
309
307
301
301
292
275
250
243
258
257
253
242
231
247
255
247
258
252
238
209
184
178
189
191
164
137
133
120
107
119
151
145
139
144
147
150
150
135
99
110
112
93
100
113
109
110
108
117
127
135
140
130
136
145
151
144
132
122
100
96
80
65
68
66
78
91
83
64
76
96
90
79
83
89
81
79
73
80
82
66
39
37
46
33
23
25
31
28
27
45
60
68
68
59
60
71
74
73
56
42
17
-6
-8
-12
-6
20
42
50
65
62
57
59
44
34
45
75
64
38
28
25
12
-4
-10
-6
12
23
2
5
26
36
29
36
44
46
39
34
18
10
15
1
6
16
23
13
13
-2
1
21
29
45
58
62
62
45
48
51
34
16
17
24
26
0
-30
-31
-10
21
26
22
31
32
43
56
52
40
57
65
61
48
51
31
1
-2
-3
-21
-19
-28
-36
-27
-17
-3
15
11
12
27
24
17
33
43
27
33
53
49
54
50
23
-17
-18
-11
-3
21
42
31
21
26
43
28
19
33
35
38
23
3
-3
-12
-6
-20
-24
-30
-38
-10
-5
-18
-20
-15
-35
-43
-48
-50
-37
-34
-34
-36
-14
4
2
-1
-9
-15
-32
-37
-35
-51
-60
-52
-49
-49
-41
-50
-65
-58
-52
-40
-33
-28
-19
-5
-9
-26
-29
-40
-47
-60
-61
-74
-92
-86
-95
-94
-90
-96
-108
-106
-94
-96
-103
-99
-99
-101
-86
-86
-89
-101
-109
-103
-102
-102
-118
-131
-129
-119
-113
-121
-150
-157
-147
-128
-107
-116
-98
-83
-77
-77
-74
-90
-86
-80
-102
-117
-124
-128
-122
-122
-114
-90
-92
-99
-104
-97
-100
-100
-105
-102
-90
-97
-96
-100
-108
-127
-136
-138
-128
-103
-89
-92
-85
-90
-91
-75
-74
-74
-75
-77
-90
-104
-109
-98
-97
-98
-101
-106
-104
-92
-95
-104
-86
-85
-86
-91
-96
-93
-90
-97
-119
-118
-97
-92
-83
-76
-74
-87
-81
-83
-59
-33
-34
-52
-51
-40
-44
-59
-74
-77
-73
-91
-95
-107
-115
-112
-99
-79
-52
-51
-53
-40
-29
-26
-4
6
15
32
35
3
-9
5
6
-2
-4
-11
1
-8
-11
-18
-6
14
26
35
64
93
108
123
140
143
136
145
147
140
127
128
119
130
131
102
75
55
29
21
36
23
-11
-35
-56
-88
-105
-122
-145
-165
-185
-198
-208
-204
-229
-253
-254
-242
-252
-255
-262
-262
-265
-250
-240
-228
-205
-180
-168
-159
-148
-164
-148
-110
-92
-74
-50
-31
-30
-16
12
31
52
78
74
78
89
89
78
103
134
134
135
135
127
113
105
97
91
80
65
58
62
60
65
71
56
30
25
31
30
37
50
57
57
48
32
9
9
4
-9
-14
-12
-14
-13
16
36
32
34
52
59
52
64
50
32
24
32
38
42
47
37
27
20
4
24
23
21
40
41
44
55
53
55
54
30
17
23
25
38
50
40
33
34
27
39
27
10
14
24
10
-25
-16
-3
4
17
6
18
35
54
45
40
30
24
35
39
26
21
24
26
30
23
27
16
27
42
42
56
77
70
57
45
41
14
24
37
31
20
16
3
-11
-11
-9
-19
-5
7
4
12
27
38
33
39
41
40
27
3
-22
-31
-22
-23
-34
-33
-50
-68
-64
-48
-55
-43
-20
-12
-13
0
-1
13
26
13
-2
-1
9
-13
-28
-43
-58
-53
-52
-48
-51
-47
-41
-38
-40
-43
-34
-18
-4
-11
-4
18
29
22
3
-16
-48
-34
-25
-39
-50
-51
-46
-56
-54
-42
-27
2
23
22
15
32
36
21
5
6
18
20
15
1
-16
-7
16
20
17
25
31
45
48
50
52
65
61
50
55
49
47
45
30
16
-3
-19
-18
-31
-41
-31
-9
8
12
30
56
51
31
27
26
21
28
33
6
-10
-12
-27
-39
-49
-42
-39
-29
-10
11
31
44
43
55
62
54
39
41
51
47
35
32
25
11
17
8
-1
7
12
4
7
29
46
47
45
41
37
41
35
13
1
-1
-3
-8
-3
14
10
4
-7
-27
-24
-18
9
25
36
29
50
51
28
25
35
15
-4
-2
13
6
-7
-21
-24
-11
17
8
-6
4
-7
-15
0
21
28
19
23
32
27
30
19
21
29
24
12
5
11
6
3
14
-2
5
18
36
49
38
45
37
35
45
60
66
50
36
37
34
34
14
10
5
-5
-10
-19
-29
-27
-21
-16
-12
-21
-21
-20
-18
-36
-34
-28
-17
-4
-9
-19
-30
-39
-45
-59
-79
-81
-70
-65
-62
-63
-71
-64
-40
-31
-19
-18
-16
-34
-26
-12
-13
-6
1
-6
-26
-37
-46
-42
-47
-58
-47
-20
-7
6
12
20
30
19
24
17
7
0
-9
-24
-16
-10
2
-9
-19
-6
0
23
-10
-29
-10
11
9
10
27
35
31
40
37
17
2
10
-9
-14
-17
-12
9
25
20
6
26
49
45
43
54
46
47
50
45
26
20
15
7
-2
-7
-32
-29
-20
-18
0
17
-6
-20
-3
3
6
33
41
22
12
4
6
11
1
-17
-33
-25
-31
-45
-44
-20
-11
-19
-28
-15
-1
2
9
16
6
-13
-16
-16
-18
-25
-17
-16
-28
-25
-16
-19
-27
-28
-35
-25
5
19
25
41
45
35
29
8
-8
-4
0
-2
-15
-24
-18
-9
-13
-4
12
25
39
59
56
36
35
46
42
44
50
28
28
31
9
-8
-13
-23
-11
-6
-6
-4
17
19
8
18
28
34
33
7
-9
-14
-23
-23
-22
-36
-53
-47
-36
-40
-42
-18
6
0
-3
15
18
7
-12
-24
-27
-10
-4
-20
-39
-32
-18
-22
-20
-4
1
-9
-1
-2
0
-1
8
-1
4
1
-26
-17
-23
-31
-31
-23
-18
-19
-3
5
13
39
63
69
75
74
67
67
91
110
125
145
157
168
192
219
233
240
253
272
302
349
360
372
420
461
495
542
586
589
595
608
583
554
528
519
497
485
484
483
522
582
638
628
472
295
179
144
59
19
20
179
509
880
1330
1862
2656
3707
4635
5350
5699
5449
4771
4086
3617
3372
3104
2866
2642
2380
2073
1806
1550
1232
849
428
26
-363
-722
-1059
-1355
-1674
-1957
-2225
-2408
-2494
-2545
-2607
-2685
-2741
-2758
-2773
-2793
-2784
-2754
-2719
-2677
-2616
-2527
-2448
-2386
-2313
-2210
-2097
-1996
-1888
-1759
-1620
-1476
-1337
-1222
-1120
-1040
-960
-890
-845
-786
-697
-601
-513
-441
-375
-318
-268
-207
-142
-100
-82
-93
-93
-107
-125
-147
-157
-160
-162
-169
-189
-198
-208
-223
-219
-222
-217
-208
-193
-166
-140
-93
-55
-9
38
65
69
94
115
128
143
160
168
174
180
180
176
153
152
137
113
87
57
47
35
9
-16
-25
-41
-58
-59
-58
-59
-59
-57
-50
-65
-68
-69
-64
-47
-23
-22
-22
-14
-16
-28
-43
-44
-41
-44
-52
-33
-27
-19
-7
-16
-1
17
15
29
49
42
22
-17
-30
-37
-46
-63
-67
-55
-50
-52
-48
-45
-34
-28
-22
-9
-3
6
17
13
-6
-22
-32
-27
-31
-39
-57
-63
-59
-49
-34
-27
-19
-17
-25
-37
-22
0
-7
-9
4
3
-5
-8
-19
-25
-36
-38
-66
-82
-73
-63
-43
-17
-27
-41
-11
11
26
22
8
16
15
3
-7
-17
-26
-32
-28
-15
-7
-11
-23
-19
-23
-20
0
13
3
-5
-14
-20
-16
-20
-19
-19
-33
-39
-47
-39
-23
-14
-14
-6
-11
-9
0
-6
-27
-16
-19
-21
-18
-19
-24
-40
-32
-32
-14
-2
-6
-20
-13
-8
-8
-12
-28
-57
-69
-71
-66
-77
-76
-61
-62
-53
-50
-77
-70
-57
-51
-76
-86
-87
-87
-86
-72
-76
-82
-79
-80
-90
-82
-76
-67
-62
-54
-60
-69
-66
-80
-82
-74
-75
-79
-75
-64
-51
-40
-34
-36
-22
-20
-32
-56
-59
-65
-81
-75
-67
-64
-67
-76
-103
-102
-84
-88
-77
-73
-81
-82
-68
-58
-69
-84
-90
-93
-103
-105
-121
-135
-139
-132
-126
-137
-140
-153
-167
-166
-147
-139
-132
-131
-135
-139
-139
-146
-154
-167
-164
-161
-155
-149
-158
-167
-183
-188
-182
-184
-177
-170
-183
-181
-166
-168
-181
-206
-210
-198
-197
-190
-198
-214
-223
-234
-236
-231
-245
-246
-243
-241
-248
-252
-229
-210
-218
-218
-219
-221
-218
-209
-207
-224
-226
-222
-228
-218
-209
-217
-202
-191
-203
-195
-170
-171
-177
-175
-160
-145
-144
-153
-161
-159
-161
-172
-179
-174
-179
-182
-181
-163
-154
-158
-160
-172
-159
-152
-160
-160
-163
-157
-163
-172
-184
-187
-181
-173
-176
-183
-181
-172
-194
-200
-185
-184
-180
-175
-186
-193
-196
-189
-189
-167
-164
-156
-148
-135
-130
-126
-102
-105
-117
-88
-82
-76
-59
-39
-23
-16
-13
-2
20
70
98
116
134
151
150
170
201
214
234
259
261
248
246
254
249
261
270
279
289
302
312
315
313
304
305
307
316
333
348
335
336
339
330
308
303
340
365
357
356
362
368
384
378
372
385
384
364
361
362
347
329
319
322
324
340
331
318
311
323
333
319
314
307
304
300
296
288
294
289
264
247
246
248
228
217
213
200
179
180
167
156
175
182
172
169
168
169
152
152
153
155
156
139
123
111
114
109
101
84
70
68
79
90
84
71
74
80
94
99
87
74
53
48
36
31
24
14
32
30
9
6
16
16
25
38
39
57
71
55
29
31
18
5
14
13
8
9
5
0
1
13
18
17
29
34
35
47
34
11
11
18
24
16
28
15
3
18
16
10
29
50
47
42
49
53
38
29
16
9
32
34
10
-7
3
3
20
53
58
55
62
78
72
65
76
72
64
54
30
21
19
-4
-17
-18
-5
17
21
36
46
48
71
86
73
48
15
16
14
13
4
-3
5
8
-6
-4
1
-4
25
46
52
62
68
60
69
72
55
36
29
22
11
9
7
-7
0
9
12
22
42
56
64
69
65
54
44
34
6
0
1
6
3
-7
-26
-29
-1
17
32
45
54
50
58
53
39
32
30
10
-6
3
4
-14
-8
11
25
37
40
45
47
49
61
67
68
50
29
17
3
-5
-24
-48
-31
-21
-19
6
26
30
12
-3
2
13
13
11
14
3
-1
-5
-11
-36
-60
-56
-55
-50
-36
-40
-40
-28
-24
-11
8
17
14
29
44
40
15
-2
-23
-27
-34
-48
-53
-56
-41
-36
-33
-24
-21
-12
0
2
3
15
15
9
1
-20
-26
-30
-34
-38
-61
-80
-81
-91
-100
-87
-77
-82
-89
-91
-73
-54
-56
-73
-70
-77
-90
-105
-111
-130
-129
-128
-119
-123
-130
-133
-136
-126
-117
-134
-125
-117
-109
-94
-76
-74
-75
-68
-81
-94
-100
-108
-111
-111
-122
-141
-149
-157
-154
-145
-132
-114
-87
-92
-100
-97
-92
-85
-78
-68
-78
-85
-96
-100
-105
-118
-131
-115
-111
-108
-118
-121
-134
-122
-91
-91
-78
-77
-87
-81
-77
-88
-91
-82
-80
-98
-118
-130
-137
-133
-114
-103
-98
-91
-71
-62
-59
-49
-52
-47
-53
-72
-88
-92
-102
-119
-113
-102
-108
-129
-129
-111
-93
-102
-115
-115
-78
-66
-68
-60
-60
-66
-74
-77
-89
-111
-118
-132
-120
-110
-116
-129
-131
-147
-147
-137
-121
-108
-111
-106
-96
-78
-69
-70
-118
-145
-142
-155
-142
-125
-129
-148
-161
-153
-142
-136
-118
-100
-77
-67
-66
-59
-20
8
11
9
6
0
32
79
106
109
124
145
166
201
224
248
289
312
328
347
356
361
372
382
378
388
400
393
387
399
383
385
392
405
422
424
415
412
392
358
316
285
238
182
127
85
40
-15
-58
-92
-140
-184
-201
-225
-247
-242
-233
-239
-240
-228
-233
-241
-223
-203
-204
-202
-190
-193
-168
-146
-156
-148
-131
-105
-85
-61
-37
-22
-17
2
32
41
35
52
62
85
94
91
100
105
119
146
156
145
137
144
130
137
155
156
151
149
123
98
100
96
102
102
113
132
140
163
173
181
181
185
178
166
141
122
126
115
86
55
46
38
35
46
40
30
30
34
21
17
37
39
27
27
51
35
17
20
14
11
10
27
30
31
28
17
23
24
33
45
64
70
71
64
54
54
65
43
30
16
16
34
37
38
52
55
82
92
80
79
78
92
82
66
55
50
42
28
17
3
-5
-11
-16
-19
-24
-22
1
19
33
46
57
58
56
45
23
27
39
22
7
15
27
32
28
30
35
53
51
37
49
64
69
70
51
30
22
24
29
33
45
40
17
10
20
25
27
37
45
42
32
22
20
15
15
22
32
31
21
14
15
26
32
37
20
-4
-4
13
22
17
18
13
0
-17
-15
-41
-41
-28
-28
-26
-21
-20
-16
5
2
-15
-15
-5
-3
-4
6
-7
-32
-48
-49
-45
-43
-47
-39
-17
-2
-1
4
10
18
46
66
57
41
53
65
55
41
31
25
24
22
7
5
8
12
18
19
10
5
5
16
14
34
58
45
15
2
12
9
9
8
6
0
-7
-30
-43
-25
-4
-20
-9
-4
2
11
20
16
0
-2
-18
-31
-23
-27
-46
-40
-30
-37
-41
-28
-6
-6
1
3
-5
-3
2
-15
-31
-42
-45
-25
-15
-25
-40
-29
-29
-20
-16
-21
-14
10
25
29
25
15
-4
-17
-20
-11
-4
-5
-14
-18
-9
-4
-4
-6
9
-1
-15
8
24
34
47
62
31
11
12
-9
-20
-12
1
-8
-2
-16
-18
-18
-23
-6
1
12
22
29
45
51
54
47
33
2
-22
-12
-8
-16
-13
-21
-11
-3
14
22
40
63
74
72
78
96
74
42
41
10
-12
-6
-1
-20
-27
-30
-36
-49
-66
-83
-56
-45
-41
-24
-14
-26
-42
-46
-42
-27
-13
-26
-28
-45
-41
-45
-51
-58
-67
-86
-85
-97
-108
-86
-74
-55
-31
-9
-14
-1
5
4
-3
-6
-1
-11
-12
-14
-28
-10
-6
19
18
19
13
3
-8
-12
-14
-4
-3
-16
-38
-29
-23
-34
-30
-15
0
21
24
25
29
32
26
14
12
9
4
-3
-9
-12
-19
-8
7
10
13
16
17
20
28
41
43
44
36
48
60
43
36
21
-9
-29
-22
-14
-2
-1
6
13
39
46
19
15
39
48
29
22
31
33
54
51
23
8
2
-4
-12
-19
-20
-30
-19
1
13
37
51
43
52
65
58
38
18
9
18
18
6
-10
-16
-13
-12
-7
-10
-9
-14
2
27
31
30
40
38
50
46
34
29
16
6
4
-16
-11
-16
4
10
3
-3
11
12
19
27
24
29
55
60
52
30
28
35
6
-7
-5
-8
0
4
8
8
14
16
13
17
18
22
31
23
13
10
17
11
7
-1
-20
-18
-11
-25
-28
-32
-21
-23
-20
0
1
8
-1
11
27
38
57
46
27
6
-20
-20
-11
6
2
11
7
6
10
-5
-7
18
42
58
42
36
28
17
13
14
-1
0
-7
-14
-7
9
11
11
20
38
45
50
65
71
78
84
96
104
106
125
150
176
188
197
214
237
241
244
249
275
308
344
364
373
427
491
535
597
640
675
733
780
813
829
872
896
899
922
918
902
896
886
893
870
800
749
740
753
703
672
658
743
911
1170
1566
2056
2742
3587
4368
4974
5186
4857
4291
3847
3664
3637
3514
3343
3138
2858
2582
2317
2034
1699
1307
887
488
120
-275
-714
-1132
-1540
-1891
-2231
-2473
-2611
-2707
-2784
-2857
-2938
-2997
-3027
-3043
-3038
-3031
-2999
-2945
-2881
-2790
-2720
-2648
-2527
-2389
-2252
-2125
-1988
-1838
-1717
-1598
-1472
-1362
-1271
-1163
-1073
-1030
-992
-928
-855
-783
-704
-632
-583
-533
-483
-422
-378
-339
-308
-296
-305
-327
-341
-338
-315
-293
-285
-280
-300
-312
-292
-273
-271
-252
-229
-236
-232
-227
-199
-144
-87
-62
-25
18
51
69
87
105
105
123
131
125
121
129
124
122
105
103
102
103
95
66
59
46
24
10
0
-23
-49
-46
-53
-67
-59
-52
-73
-77
-77
-91
-82
-79
-67
-61
-54
-45
-52
-52
-51
-58
-56
-34
-23
-7
9
0
-18
-33
-41
-41
-35
-36
-37
-25
-7
10
22
18
18
0
-13
-20
-16
-5
-11
-33
-31
-22
-36
-39
-33
-34
-22
-11
-1
13
-2
-6
-1
-5
16
12
-12
-19
-34
-45
-51
-66
-66
-48
-35
-30
-22
-15
-15
-18
-26
-20
-22
-12
-3
-3
-9
-16
-14
-29
-32
-26
-31
-26
-23
-29
-19
-2
-5
-16
-14
-19
-29
-4
13
10
23
46
36
16
6
-19
-37
-32
-48
-64
-57
-54
-66
-39
-15
-16
-13
6
14
24
23
22
18
25
39
26
6
-14
-25
-24
-22
-29
-42
-32
-22
-32
-35
-35
-39
-39
-20
-11
-14
-17
-16
-16
-7
-1
-17
-42
-48
-37
-40
-53
-51
-72
-73
-68
-62
-44
-29
-32
-34
-27
-18
-29
-30
-35
-41
-46
-29
-36
-45
-46
-65
-81
-81
-80
-85
-75
-61
-59
-65
-71
-67
-59
-48
-55
-67
-69
-78
-100
-110
-101
-92
-95
-95
-97
-87
-82
-65
-61
-60
-55
-62
-65
-74
-92
-107
-103
-85
-89
-91
-95
-98
-83
-60
-55
-44
-52
-58
-66
-71
-82
-94
-81
-88
-110
-123
-130
-140
-166
-174
-160
-148
-131
-130
-127
-132
-138
-137
-119
-112
-116
-120
-116
-136
-144
-157
-165
-160
-175
-190
-204
-209
-197
-183
-177
-149
-133
-147
-142
-141
-139
-124
-115
-138
-163
-164
-160
-173
-194
-201
-210
-194
-185
-200
-194
-193
-177
-164
-168
-171
-180
-180
-171
-162
-162
-175
-191
-195
-197
-198
-199
-196
-212
-209
-195
-175
-160
-165
-172
-170
-177
-186
-190
-177
-167
-163
-179
-190
-195
-186
-182
-169
-163
-146
-146
-147
-140
-159
-164
-174
-180
-177
-176
-175
-184
-199
-202
-192
-186
-184
-182
-176
-178
-168
-152
-128
-110
-118
-122
-118
-100
-97
-99
-103
-100
-104
-124
-133
-130
-135
-121
-108
-87
-56
-24
-2
13
12
18
27
48
42
63
90
96
100
98
78
65
61
81
86
91
98
104
115
146
175
185
201
228
231
249
245
247
255
266
268
259
271
298
303
308
315
309
314
334
345
346
347
350
347
356
358
355
339
331
334
340
341
350
343
342
374
395
423
431
417
394
373
364
353
344
316
278
265
256
246
239
238
243
262
250
234
240
251
261
252
245
235
218
216
209
203
208
203
191
181
180
187
187
174
163
155
160
180
178
159
158
160
164
149
138
149
148
140
118
101
90
95
88
76
76
68
78
93
79
72
59
43
44
45
47
44
41
41
48
68
75
55
50
38
21
12
5
2
9
6
15
14
14
5
9
11
6
-4
16
42
37
36
50
43
26
9
-7
-22
-33
-28
-20
-28
-11
12
6
0
2
18
31
18
11
10
9
13
-1
-8
-7
-5
-15
-13
-14
-36
-32
-22
-9
12
15
3
1
7
6
0
-7
-14
-21
-25
-16
-13
-10
-13
-21
-11
1
1
12
9
3
-3
-15
-2
9
6
2
-3
-34
-36
-30
-24
-15
5
10
13
24
26
30
29
20
19
9
-17
-22
-15
1
4
-6
-8
-3
-1
-1
-3
-3
6
21
14
15
-4
-11
16
17
-8
0
-5
-10
-14
-4
-8
-12
0
-3
-12
-2
6
18
15
5
-6
-6
-17
-27
-24
-12
-13
-27
-38
-43
-39
-33
-5
22
16
14
24
21
11
-10
-35
-39
-37
-39
-38
-25
-32
-44
-43
-42
-40
-31
-20
-22
-4
16
19
18
5
-5
-5
7
1
-29
-42
-46
-57
-52
-28
-32
-44
-40
-41
-45
-37
-20
3
-5
-19
-24
-11
-12
-19
-23
-17
-31
-50
-71
-89
-99
-90
-82
-76
-63
-46
-29
-31
-31
-14
-24
-25
-30
-32
-25
-14
3
1
-13
-16
-33
-42
-53
-58
-36
-19
-27
-17
-3
6
0
17
33
15
5
17
24
14
11
8
-16
-34
-42
-47
-33
-15
-8
-7
-23
-16
-1
5
15
25
25
24
7
-9
-23
-22
-22
-31
-31
-41
-47
-38
-31
-26
-20
-10
12
21
9
13
19
25
9
-1
7
-2
-29
-36
-36
-28
-21
-22
-28
-11
-5
-5
6
4
2
14
23
20
5
-1
-18
-32
-22
-28
-29
-24
-18
-16
-36
-49
-51
-46
-43
-25
3
3
7
16
8
-6
-33
-37
-24
-33
-59
-51
-39
-40
-46
-39
-44
-32
-6
5
19
36
28
21
27
30
25
17
8
-1
-13
-9
-8
-18
-33
-38
-39
-27
-19
-14
-15
2
15
23
30
4
-20
-31
-40
-31
-29
-38
-40
-32
-26
-26
-11
20
34
27
21
23
25
3
-17
-14
-11
-5
-20
-46
-41
-19
-2
-1
5
11
18
34
44
26
22
18
8
9
8
-20
-15
-7
-4
-5
5
14
16
15
14
27
24
32
29
26
24
31
40
37
29
7
-4
-10
3
16
25
40
41
28
29
28
45
52
47
48
60
51
42
34
12
8
10
-2
-10
-5
4
-2
-3
-16
-20
16
36
31
21
22
22
10
9
9
-17
-23
-31
-25
-22
-17
-15
-15
-4
10
18
26
13
11
35
40
22
10
16
5
-13
-15
-29
-30
-20
-5
-14
-31
-20
-10
-2
17
18
14
8
17
14
-4
-3
-10
-11
-10
-20
-28
-32
-35
-25
-7
10
13
25
47
44
32
15
20
9
2
12
11
17
4
3
0
7
-1
-5
-4
-5
-11
-5
13
40
64
85
90
62
45
57
55
42
24
3
-3
16
19
2
-4
-3
-8
2
14
19
24
41
35
31
31
26
28
34
38
38
26
17
23
24
16
9
10
24
18
4
28
66
65
63
58
50
57
45
37
36
39
40
24
1
-4
-1
25
36
40
50
64
75
82
85
77
58
65
61
47
43
33
19
23
36
47
50
64
62
40
37
47
46
61
65
64
88
96
87
74
56
50
43
43
39
24
21
26
31
31
50
61
61
74
82
76
77
80
61
53
54
41
22
15
-1
-18
-2
3
1
26
47
44
33
44
38
30
23
15
4
20
36
26
-5
-31
-33
-18
-8
-10
-1
19
49
59
44
48
43
19
16
21
20
40
33
18
-14
-31
-23
-15
1
-4
-20
-8
-4
-14
12
22
-8
4
-10
-11
-9
0
6
-4
-11
-15
-38
-26
-38
-42
-39
-18
-14
-28
-15
-16
-21
-18
-4
-1
-18
-31
-31
-36
-55
-63
-43
-33
-27
-16
-11
-5
11
25
23
10
2
2
-5
-13
-31
-25
-19
-7
-15
-24
-29
-15
-6
-8
9
23
9
-2
10
18
11
-4
-12
-6
-1
8
16
10
31
29
6
-15
-16
-6
5
0
2
4
6
24
30
23
15
-2
-6
-26
-19
-12
-13
-25
-25
-21
-13
5
21
29
23
24
-2
-17
0
3
-3
-5
-29
-42
-41
-40
-34
-21
4
32
29
40
53
42
46
62
72
75
69
57
55
44
25
6
13
18
-3
8
-11
-38
-21
-9
-21
-15
-8
-22
-14
7
7
-6
-13
-3
-18
-51
-64
-72
-78
-84
-97
-90
-72
-52
-48
-37
-41
-43
-48
-54
-66
-71
-63
-45
-37
-45
-56
-69
-65
-57
-46
-38
-31
-19
-10
14
35
27
20
18
6
5
8
2
-14
-21
-33
-50
-57
-61
-51
-34
-20
-8
2
-4
9
5
19
45
50
57
70
54
47
57
35
5
-13
-18
-31
-31
-22
-15
-1
20
27
39
42
32
27
21
21
34
46
16
-28
-35
-29
-26
-22
-13
-11
4
25
20
26
29
21
21
19
14
3
-12
-3
9
-1
3
-4
-14
-29
-17
-17
-14
-4
-20
-9
9
14
32
53
64
45
11
-9
-20
-44
-40
-29
-34
-31
-19
-12
3
6
2
10
6
2
8
11
13
-5
-15
0
10
35
40
20
10
-6
-5
0
-2
-11
-8
2
4
10
11
16
26
23
22
23
25
39
22
-1
-4
0
0
3
11
-9
-20
-10
-10
-5
4
26
18
20
16
7
-18
-26
-30
-35
-13
10
-6
-22
-17
-14
-3
10
20
16
17
8
-4
-9
-11
-38
-48
-43
-33
-22
-19
-27
-27
-32
-21
-11
-9
4
22
36
30
20
7
5
-14
-31
-44
-40
-45
-63
-59
-51
-39
-40
-27
-32
-22
5
26
32
22
14
8
5
5
5
18
14
4
17
44
58
66
67
78
97
130
180
213
244
265
281
284
286
297
342
373
399
453
508
541
592
625
619
610
621
630
643
633
627
635
674
692
703
710
742
795
823
862
802
697
681
747
703
626
575
623
865
1173
1534
1968
2603
3521
4425
5113
5521
5363
4727
3992
3429
3107
2843
2584
2390
2161
1887
1610
1343
1027
646
222
-204
-588
-934
-1242
-1544
-1877
-2176
-2403
-2553
-2610
-2614
-2642
-2671
-2652
-2669
-2699
-2714
-2683
-2648
-2614
-2569
-2505
-2423
-2354
-2293
-2220
-2114
-2009
-1925
-1831
-1720
-1599
-1476
-1342
-1211
-1109
-1008
-930
-872
-813
-762
-705
-644
-580
-518
-454
-395
-352
-316
-276
-230
-186
-151
-160
-180
-179
-179
-171
-174
-165
-151
-143
-150
-162
-189
-199
-193
-176
-157
-125
-105
-103
-71
-39
-19
21
52
66
67
96
105
109
99
94
77
63
74
69
54
30
11
-3
3
-6
-8
12
21
11
17
14
-4
-6
-23
-27
-25
-38
-55
-51
-45
-31
-35
-39
-40
-49
-40
-13
2
-2
4
13
13
-4
10
26
15
-6
-3
-6
-24
-40
-39
-9
0
3
14
12
7
4
5
1
7
2
6
0
-5
-15
-27
-31
-27
-25
-38
-54
-56
-69
-66
-44
-41
-48
-38
-33
-8
-6
-22
-51
-60
-51
-39
-40
-56
-58
-44
-43
-68
-68
-43
-36
-46
-51
-27
-29
-32
-15
-19
-15
-9
-3
-22
-29
-45
-63
-47
-14
-1
6
14
17
24
20
8
-11
-25
-28
-47
-51
-52
-48
-59
-55
-45
-47
-44
-33
-29
-12
-10
-17
-20
-12
-14
-8
-18
-39
-53
-61
-69
-68
-69
-67
-81
-81
-71
-60
-50
-30
-16
-30
-30
-32
-33
-41
-57
-54
-71
-66
-61
-70
-78
-82
-69
-50
-45
-50
-52
-40
-29
-42
-50
-49
-46
-22
-29
-50
-77
-97
-101
-86
-68
-74
-74
-59
-64
-51
-38
-42
-34
-37
-37
-34
-14
-17
-47
-68
-67
-67
-85
-95
-90
-89
-94
-91
-94
-86
-79
-73
-71
-55
-62
-73
-71
-75
-80
-56
-68
-81
-86
-91
-103
-118
-132
-127
-131
-122
-104
-90
-72
-66
-57
-70
-78
-88
-89
-87
-87
-93
-114
-108
-99
-87
-93
-91
-94
-108
-98
-88
-80
-75
-72
-64
-71
-79
-76
-86
-100
-114
-128
-123
-135
-145
-143
-128
-116
-122
-129
-127
-133
-149
-164
-162
-155
-169
-177
-164
-168
-188
-203
-217
-219
-208
-197
-211
-193
-186
-188
-198
-205
-214
-217
-197
-196
-198
-202
-201
-206
-201
-208
-210
-205
-195
-182
-173
-169
-155
-149
-156
-153
-130
-122
-127
-130
-123
-129
-127
-106
-100
-110
-130
-145
-156
-163
-162
-149
-125
-117
-116
-108
-109
-113
-114
-117
-120
-118
-120
-134
-146
-174
-190
-203
-202
-200
-187
-191
-193
-192
-189
-163
-148
-150
-159
-149
-128
-131
-151
-154
-147
-161
-160
-151
-154
-156
-138
-124
-117
-98
-66
-54
-46
-31
-23
-12
0
18
17
25
40
41
43
47
33
46
71
76
82
114
137
136
132
149
154
168
181
188
210
224
241
238
251
259
273
293
309
317
311
307
300
299
308
310
305
322
353
373
379
370
355
336
328
331
338
348
347
349
362
353
360
387
394
388
397
404
405
405
405
398
398
390
359
340
328
324
311
302
300
312
328
338
323
312
314
317
323
316
292
271
253
257
249
246
250
250
232
218
222
224
223
201
197
185
185
194
188
165
161
164
177
186
190
181
167
147
131
121
123
137
132
125
116
107
103
100
110
114
113
122
119
125
125
121
107
90
80
76
77
67
65
69
59
65
56
52
62
82
88
76
64
51
49
47
49
46
44
45
48
50
52
45
51
62
57
65
75
62
56
63
68
67
56
64
57
55
60
71
85
108
127
134
154
172
183
192
199
206
202
187
179
161
159
147
125
109
127
152
176
190
187
176
178
189
207
197
196
188
178
158
137
128
112
86
82
82
91
101
101
99
99
107
109
103
97
91
97
91
98
103
91
63
42
43
44
37
33
39
39
43
44
73
100
103
98
103
101
83
61
56
48
35
29
22
0
-8
-4
2
11
7
-3
7
6
16
40
51
62
57
49
44
38
34
24
18
9
10
-5
-29
-28
-26
-13
-6
-9
-18
-13
13
23
25
21
14
11
3
-8
-18
-33
-44
-55
-54
-59
-66
-72
-61
-62
-83
-102
-90
-87
-83
-68
-57
-42
-39
-41
-35
-31
-39
-43
-50
-59
-66
-82
-90
-99
-110
-125
-139
-128
-102
-91
-81
-58
-38
-41
-43
-38
-40
-61
-79
-85
-86
-96
-97
-84
-84
-106
-119
-116
-106
-110
-112
-94
-71
-76
-79
-90
-106
-127
-138
-139
-126
-118
-117
-117
-112
-99
-91
-106
-109
-109
-109
-116
-125
-126
-124
-133
-141
-147
-147
-153
-149
-149
-142
-132
-131
-121
-109
-88
-85
-94
-94
-89
-89
-103
-111
-122
-125
-128
-129
-138
-139
-122
-121
-115
-122
-128
-120
-91
-87
-90
-84
-76
-60
-79
-102
-110
-124
-115
-100
-106
-114
-112
-114
-116
-121
-123
-103
-82
-83
-85
-69
-58
-60
-64
-77
-75
-90
-106
-115
-99
-93
-87
-97
-95
-86
-94
-69
-40
-42
-48
-56
-66
-71
-74
-84
-81
-77
-72
-84
-100
-114
-110
-99
-107
-96
-102
-93
-71
-71
-64
-67
-67
-79
-91
-90
-76
-75
-105
-124
-144
-159
-173
-178
-197
-203
-199
-189
-196
-182
-176
-172
-162
-160
-138
-128
-102
-70
-44
-33
-17
-18
-22
-20
-17
-5
9
9
24
40
52
69
85
96
88
95
116
145
182
202
219
243
260
260
265
268
279
295
301
314
325
310
303
273
247
256
269
254
245
234
207
189
183
171
149
145
145
135
137
140
125
105
105
83
68
64
62
53
-6
-76
-137
-193
-255
-330
-409
-481
-559
-617
-643
-666
-671
-651
-619
-582
-516
-437
-361
-265
-187
-101
-27
17
52
64
74
87
102
97
83
83
85
69
70
70
81
110
110
123
137
154
176
194
200
177
172
176
171
159
145
138
120
95
83
67
66
56
41
24
21
19
29
41
47
52
53
59
69
74
88
103
115
138
138
136
129
116
121
142
155
133
131
129
112
103
102
106
122
119
115
103
115
128
107
104
119
122
112
107
94
84
68
52
26
27
35
39
38
35
34
22
2
-2
12
10
6
15
36
62
60
49
37
19
-3
-10
-8
-21
-29
-27
-26
-33
-26
-24
-27
-28
-20
-30
-18
-1
2
-6
-2
12
21
3
-35
-35
-38
-63
-78
-80
-80
-84
-68
-49
-36
-40
-45
-48
-35
-4
4
-10
-6
-6
-2
0
-2
4
-2
-8
-31
-27
-14
-4
11
26
41
50
51
51
30
24
53
50
33
24
33
43
43
36
15
22
37
32
28
31
38
41
50
58
50
53
50
40
46
48
40
18
-11
-25
-23
-9
-18
-12
-4
0
9
20
31
43
36
53
60
51
59
59
70
85
78
58
47
42
45
36
58
59
56
46
40
30
51
67
65
51
61
67
51
32
30
36
42
26
23
18
23
12
-3
1
18
18
33
53
57
72
81
78
54
42
38
14
2
8
3
-14
1
23
15
8
-13
-30
-5
1
9
31
37
45
56
48
37
25
21
17
-3
-4
6
2
3
1
-4
10
29
47
45
44
46
26
21
36
21
14
7
-3
-21
-19
-14
-17
-37
-27
-14
14
41
42
32
33
42
38
49
35
9
-1
-6
-17
-29
-18
7
14
24
-4
-25
-12
7
15
22
28
30
17
14
4
-7
-8
-16
-19
-20
-25
-37
-47
-45
-45
-38
-26
-17
-24
-12
0
-3
12
8
-9
-12
-10
-13
-35
-57
-78
-74
-79
-74
-74
-67
-67
-66
-57
-40
-48
-57
-40
-22
-12
-6
-8
-14
-19
-25
-41
-34
-29
-45
-60
-50
-47
-59
-36
-11
3
15
19
19
11
5
-7
-7
-16
-17
-34
-46
-38
-32
-32
-20
-25
-24
-9
11
7
8
18
2
-1
-2
-12
-25
-27
-5
-11
-14
-22
-41
-22
3
20
11
10
16
19
17
11
5
2
-8
0
-6
-1
-10
-37
-24
-9
-17
-16
4
13
34
42
39
36
26
16
12
-11
-23
-15
-9
-17
-24
-52
-50
-49
-34
-18
-19
-13
8
31
37
31
30
-5
-1
19
23
28
17
7
1
-11
-14
-40
-34
-34
-4
1
11
14
21
31
33
14
3
17
8
-15
-5
6
-14
-42
-41
-36
-26
-5
19
19
19
30
7
-5
-24
-23
0
15
7
-16
-16
-5
0
3
4
6
20
29
36
44
48
48
22
13
10
9
20
16
7
-3
-14
-21
-17
-11
-18
1
8
16
38
46
51
49
40
45
46
26
16
5
-11
-24
-32
-38
-37
-21
-14
-15
-19
-19
-6
6
3
9
30
40
24
22
28
29
24
12
8
1
7
4
7
-14
-19
-23
-25
-17
-5
5
4
7
23
41
56
61
44
33
11
9
6
15
38
43
52
62
87
117
149
175
197
218
265
301
306
329
357
371
373
398
414
446
476
507
555
586
578
553
493
371
208
-14
-335
-645
-336
546
1292
1544
1383
1049
691
324
128
-83
-145
602
1560
1820
1357
913
821
1118
1388
1330
1085
1231
2042
3180
4103
4775
5029
4889
4474
3936
3405
2837
2267
1822
1539
1347
1135
909
611
280
-43
-396
-792
-1153
-1458
-1728
-1990
-2268
-2516
-2707
-2810
-2893
-2961
-2966
-2924
-2878
-2812
-2731
-2636
-2545
-2431
-2319
-2230
-2143
-2030
-1926
-1835
-1763
-1685
-1599
-1493
-1384
-1263
-1148
-1037
-936
-851
-780
-705
-648
-603
-552
-519
-483
-429
-387
-351
-298
-267
-224
-179
-132
-83
-51
-29
-40
-46
-44
-37
-35
-20
-4
-9
-2
-2
-10
-23
-25
-23
-24
-13
13
49
91
107
132
176
213
228
230
242
241
227
220
208
190
170
132
107
103
107
83
51
36
33
29
7
-9
-7
-5
-9
-20
-17
-16
-12
11
29
21
21
32
35
11
7
5
-15
-21
-24
-37
-38
-20
-27
-37
-43
-40
-26
-2
12
2
1
11
20
20
-12
-23
-22
-26
-29
-37
-34
-41
-47
-49
-41
-51
-51
-36
-20
-8
-7
-9
-13
-30
-35
-41
-33
-29
-32
-22
-37
-60
-61
-51
-59
-45
-21
-1
11
10
9
-6
-8
-25
-15
-10
5
3
-21
-34
-41
-51
-48
-42
-35
-34
-32
-28
-23
-25
-29
-29
-44
-50
-53
-48
-43
-55
-73
-64
-36
-38
-37
-26
-39
-51
-40
-38
-55
-66
-68
-78
-73
-63
-63
-48
-39
-52
-65
-79
-70
-50
-46
-50
-34
-26
-18
-38
-58
-55
-46
-46
-46
-65
-82
-68
-58
-69
-80
-75
-58
-36
-24
-24
-31
-37
-32
-26
-23
-23
-38
-46
-50
-57
-62
-63
-72
-70
-60
-40
-30
-23
-13
-2
-7
-43
-68
-68
-59
-59
-58
-79
-84
-86
-69
-66
-79
-76
-62
-59
-62
-47
-43
-35
-44
-54
-60
-56
-75
-73
-80
-77
-73
-102
-116
-110
-114
-119
-113
-116
-135
-144
-129
-121
-96
-83
-79
-52
-50
-67
-82
-77
-75
-84
-100
-114
-129
-132
-119
-123
-135
-119
-114
-102
-95
-80
-72
-66
-76
-89
-85
-84
-107
-112
-101
-109
-110
-109
-105
-97
-97
-103
-97
-109
-131
-126
-114
-104
-106
-112
-118
-121
-109
-85
-79
-79
-73
-71
-97
-126
-131
-142
-167
-174
-179
-190
-191
-179
-172
-174
-169
-176
-167
-164
-154
-140
-124
-125
-156
-156
-132
-128
-135
-157
-165
-171
-184
-178
-176
-191
-184
-188
-206
-209
-201
-171
-162
-177
-177
-172
-178
-174
-163
-166
-176
-188
-179
-184
-206
-216
-222
-237
-232
-210
-207
-214
-223
-205
-186
-185
-187
-196
-193
-203
-205
-179
-190
-205
-206
-192
-199
-217
-235
-240
-232
-217
-192
-175
-149
-143
-154
-146
-148
-163
-155
-147
-130
-129
-152
-141
-141
-149
-146
-150
-141
-122
-97
-81
-62
-37
-36
-40
-14
8
20
26
42
32
30
32
44
59
83
76
77
74
96
115
114
114
125
151
171
171
189
195
212
231
234
243
258
277
293
300
307
312
309
321
340
348
353
368
379
378
380
388
396
409
400
381
386
405
402
408
405
400
406
423
424
432
437
451
447
466
464
474
471
466
457
440
424
406
390
387
374
351
347
359
361
356
360
362
350
341
331
318
307
300
293
279
275
267
253
244
245
227
221
224
222
218
210
198
200
202
205
192
187
190
179
188
192
174
163
150
140
131
146
136
109
99
97
88
101
77
62
69
80
81
82
92
105
101
107
110
102
98
102
101
78
74
76
74
71
67
70
83
99
106
110
117
124
131
131
127
115
100
100
73
58
57
63
65
59
58
37
25
21
23
39
61
66
74
77
54
53
58
70
64
49
31
21
28
28
29
29
30
33
26
24
36
34
39
58
65
58
50
46
30
32
28
14
8
6
18
13
18
21
20
40
35
42
59
57
52
47
45
46
53
47
37
30
28
7
-6
9
23
24
4
-9
-4
23
33
39
42
40
42
57
63
54
42
40
26
10
9
15
2
-1
14
29
41
58
46
32
29
26
31
21
25
35
32
25
15
20
14
21
29
29
23
13
15
28
34
33
39
31
22
17
19
6
3
1
-11
-11
-17
-25
-28
-28
-29
-33
-36
-35
-27
-12
-9
-17
-11
-1
-29
-73
-80
-80
-91
-78
-70
-66
-70
-79
-72
-69
-58
-41
-30
-11
-12
-20
-22
-22
-54
-66
-62
-67
-88
-117
-127
-126
-139
-132
-107
-83
-69
-68
-71
-80
-69
-63
-69
-81
-75
-83
-87
-99
-120
-140
-147
-145
-148
-155
-162
-151
-127
-116
-114
-123
-124
-134
-140
-121
-119
-113
-112
-112
-115
-115
-139
-162
-163
-152
-139
-123
-124
-126
-123
-92
-69
-60
-70
-66
-51
-50
-53
-61
-63
-75
-88
-89
-93
-105
-98
-94
-96
-113
-116
-127
-130
-114
-90
-96
-100
-83
-67
-69
-63
-71
-73
-77
-86
-100
-105
-102
-91
-118
-122
-113
-98
-92
-85
-81
-67
-57
-60
-69
-70
-75
-70
-66
-66
-70
-82
-103
-93
-76
-62
-50
-47
-30
-37
-39
-28
-24
-30
-19
-16
-49
-73
-79
-82
-81
-55
-24
-23
-13
-5
-8
3
6
-10
-5
8
22
27
18
-4
-30
-34
-31
-42
-53
-57
-48
-44
-43
-25
-8
2
17
19
17
21
15
11
12
17
21
23
9
-10
-8
3
9
8
16
27
26
43
67
104
112
113
106
101
99
79
62
52
37
32
28
22
8
-1
-11
-25
-10
-2
-27
-51
-77
-93
-96
-90
-100
-117
-140
-140
-154
-154
-162
-176
-196
-219
-244
-253
-250
-247
-256
-249
-239
-242
-224
-217
-210
-200
-186
-180
-166
-148
-146
-150
-144
-135
-125
-117
-104
-85
-68
-47
-5
26
42
58
54
53
68
93
108
115
137
127
117
98
79
74
55
52
57
48
36
53
48
40
33
37
36
31
44
53
54
35
41
27
4
6
7
9
7
6
12
21
27
36
48
60
65
58
39
44
53
54
45
30
35
44
37
32
45
47
46
56
57
60
67
67
63
60
69
85
98
98
81
61
58
37
16
11
10
-2
0
14
30
32
43
44
44
62
62
49
42
54
36
1
3
-9
-28
-30
-20
-15
-5
4
12
10
35
50
42
36
42
38
38
33
8
-13
-28
-43
-61
-59
-35
-11
-1
9
8
2
23
30
31
50
50
38
40
40
20
19
9
-10
-24
-27
-42
-42
-25
2
-4
5
13
14
6
11
9
18
22
20
7
-6
-8
-3
2
-8
-30
-20
-6
-8
0
16
29
14
10
18
2
-15
-18
-32
-22
-10
-19
-34
-43
-36
-32
-42
-19
-18
-15
0
-10
-7
1
0
-22
-21
-20
-26
-4
5
3
-13
-20
-28
-19
-5
3
3
42
46
35
34
35
16
14
5
-13
-19
0
13
17
23
36
36
37
49
53
54
46
21
12
17
24
24
16
19
3
3
6
-2
-8
2
-8
-18
-9
1
6
25
38
37
35
43
44
23
4
-4
-13
-15
-13
-44
-53
-65
-70
-59
-54
-54
-39
-1
5
9
10
18
30
33
41
50
49
39
4
2
2
8
5
-1
-12
-30
-26
-18
7
14
33
47
49
46
46
26
20
22
18
13
4
-3
-22
-24
-25
-25
-17
2
-2
0
17
42
46
61
50
27
26
26
6
-15
-9
-11
-3
-13
-35
-56
-38
-21
-26
-25
2
15
24
33
20
13
20
31
27
34
36
38
20
15
-1
-27
-30
-29
-9
8
13
8
24
34
38
54
63
40
18
-1
5
9
7
13
15
31
30
13
-7
5
-1
-24
-8
-11
-37
-46
-21
-7
-9
-9
-19
-41
-48
-52
-65
-59
-62
-65
-65
-52
-38
-43
-51
-57
-61
-61
-57
-51
-36
-15
-25
-54
-65
-68
-70
-71
-60
-39
-35
-35
-36
-27
-29
-32
-5
6
-2
-11
-19
-26
-35
-38
-27
-41
-34
-37
-41
-46
-32
-20
-15
-10
-9
-16
-1
15
23
22
12
-2
-2
2
1
-8
3
4
-2
-11
-4
5
-3
-6
-11
-5
16
11
9
18
31
35
23
5
13
13
5
-6
-18
-19
-20
-26
-2
6
-14
-22
3
19
20
15
-3
-5
7
1
-16
-7
-15
-17
-10
-2
5
6
-10
-15
-9
-10
-1
-10
-25
-19
-9
-20
-20
-23
-34
-32
-20
-17
-3
6
6
-11
-15
-29
-36
-35
-38
-37
-24
-24
-27
-32
-36
-33
-16
2
6
8
0
13
22
17
9
-22
-34
-23
-26
-30
-20
-19
-6
8
2
-6
25
31
38
35
40
44
36
34
34
19
13
-3
13
27
30
3
-11
-13
3
19
31
43
29
14
16
17
10
15
14
13
6
-4
-8
-8
-6
-4
-11
-25
-30
-16
-1
-13
-24
-13
7
13
13
3
-4
-17
-10
-11
0
6
-12
-30
-8
4
-18
-21
-8
8
9
21
34
30
21
0
-9
-7
-19
-16
-10
-2
-23
-27
-26
-30
-26
-11
-7
-11
-14
3
20
16
32
48
49
65
72
74
74
93
113
131
138
156
182
222
243
236
256
283
304
334
369
412
461
519
575
615
640
637
643
655
667
694
746
782
784
779
775
801
839
854
794
705
699
734
707
632
600
684
931
1239
1622
2059
2632
3469
4336
5021
5462
5442
4995
4430
3983
3718
3453
3143
2869
2579
2255
1959
1682
1359
988
549
111
-305
-701
-1089
-1456
-1845
-2189
-2481
-2726
-2852
-2931
-3024
-3099
-3165
-3216
-3237
-3219
-3191
-3145
-3076
-2997
-2907
-2812
-2719
-2628
-2530
-2396
-2260
-2136
-2008
-1864
-1704
-1564
-1431
-1314
-1212
-1101
-1011
-965
-915
-849
-793
-731
-662
-578
-505
-446
-412
-376
-314
-269
-247
-227
-227
-241
-267
-275
-264
-244
-221
-208
-210
-201
-199
-207
-205
-195
-173
-160
-143
-121
-82
-57
-4
20
39
76
106
111
115
126
144
155
169
157
159
140
105
106
105
91
92
85
54
42
50
37
23
15
6
-14
-13
-14
-35
-45
-41
-39
-48
-50
-52
-71
-71
-64
-52
-42
-41
-47
-48
-56
-70
-80
-75
-79
-77
-74
-63
-49
-51
-56
-68
-65
-43
-37
-42
-39
-47
-50
-44
-30
-39
-57
-63
-61
-48
-22
-21
-28
-21
-17
-28
-12
4
1
-2
2
1
-19
-16
-4
-3
-7
-17
-21
-17
-10
-8
2
18
24
26
32
22
13
29
36
13
-2
-9
-10
-12
-20
-34
-35
-19
-13
-19
6
28
27
18
13
21
8
-6
-21
-29
-31
-32
-46
-61
-61
-50
-49
-49
-57
-66
-44
-41
-45
-38
-44
-60
-62
-45
-51
-69
-72
-69
-70
-71
-110
-145
-135
-125
-115
-105
-84
-75
-75
-69
-65
-61
-53
-51
-70
-83
-75
-92
-107
-109
-113
-117
-114
-116
-118
-105
-88
-87
-81
-73
-56
-50
-49
-69
-74
-71
-77
-90
-83
-76
-87
-92
-66
-54
-52
-45
-40
-41
-51
-44
-26
-28
-32
-46
-80
-83
-68
-66
-42
-29
-45
-63
-64
-74
-66
-55
-50
-51
-31
-17
-42
-56
-51
-43
-42
-48
-67
-74
-61
-63
-56
-34
-41
-51
-56
-51
-27
-11
0
-4
-17
-31
-53
-60
-57
-57
-73
-79
-97
-106
-117
-114
-119
-106
-89
-76
-68
-63
-45
-37
-48
-62
-64
-78
-103
-111
-113
-130
-142
-145
-153
-141
-148
-160
-157
-157
-140
-130
-113
-106
-119
-111
-125
-155
-159
-160
-151
-160
-182
-197
-199
-198
-219
-225
-222
-240
-247
-243
-234
-219
-200
-196
-211
-214
-212
-217
-209
-220
-230
-245
-261
-266
-263
-244
-234
-228
-221
-236
-236
-223
-194
-185
-185
-166
-162
-168
-149
-147
-167
-195
-202
-207
-210
-202
-196
-185
-179
-171
-169
-152
-160
-178
-185
-170
-165
-166
-167
-164
-176
-192
-187
-182
-168
-172
-196
-197
-178
-184
-208
-195
-178
-173
-146
-133
-133
-121
-122
-125
-124
-108
-110
-113
-106
-107
-92
-73
-59
-45
-36
-45
-66
-56
-57
-62
-47
-22
-2
9
18
37
52
63
83
94
111
124
147
157
182
195
207
212
228
240
233
233
234
234
236
242
237
241
245
239
252
262
266
270
284
306
311
313
305
303
313
305
310
320
331
333
331
334
334
325
329
335
348
349
344
356
352
341
337
349
370
379
372
377
357
317
300
302
304
304
307
298
300
302
310
309
324
329
301
283
283
289
278
249
240
222
213
211
202
189
175
178
175
184
205
218
215
218
206
186
158
144
141
134
104
87
91
91
86
79
76
71
77
102
109
101
95
103
112
120
102
91
92
77
57
47
47
42
52
71
69
75
78
74
64
66
68
67
68
69
53
21
14
16
8
6
24
12
1
21
27
43
64
86
84
82
74
62
62
57
31
21
3
-11
-7
0
-5
-5
-2
-1
5
14
29
21
20
48
74
77
67
38
25
36
33
23
15
-6
-17
-29
-23
-12
-14
-17
-23
-15
-10
3
18
26
28
29
26
34
32
37
33
27
16
17
13
1
-1
2
0
-11
-9
3
19
22
31
43
39
25
2
-3
2
-6
-14
-9
3
7
7
21
18
0
12
19
1
6
16
26
21
24
38
39
26
10
-6
-3
-7
-9
-26
-19
-2
19
22
3
22
41
43
50
44
11
-7
-9
2
-2
-14
-26
-35
-33
-28
-30
-40
-38
-34
-34
-15
-11
-11
3
14
1
-9
2
-1
-13
-17
-17
-19
-29
-35
-27
-12
-8
-10
-7
-6
-11
-7
6
14
1
-21
-33
-34
-43
-60
-64
-55
-66
-76
-72
-62
-47
-22
-10
-15
-11
-8
-21
-32
-37
-36
-33
-53
-69
-70
-57
-61
-61
-73
-78
-49
-37
-33
-35
-51
-50
-33
-30
-43
-51
-41
-50
-67
-49
-48
-66
-66
-62
-67
-66
-52
-62
-57
-34
-25
-34
-49
-50
-39
-32
-23
-37
-70
-75
-64
-57
-46
-50
-71
-79
-55
-18
9
8
0
-15
-11
-3
-5
-12
-14
-18
-26
-32
-32
-35
-42
-52
-62
-43
-13
-3
-3
-3
6
17
24
20
7
1
-16
-13
8
-5
-26
-43
-67
-79
-69
-47
-36
-31
-11
13
9
0
10
2
-5
5
8
10
15
14
2
-18
-31
-43
-28
-15
-7
7
2
-2
5
9
7
6
32
39
13
-5
3
10
-3
-10
-20
-40
-39
-39
-43
-26
-10
-10
-6
6
18
33
31
17
-10
-21
-14
-29
-42
-36
-29
-34
-40
-30
-25
-20
-9
-6
-3
8
23
15
26
26
5
-9
-19
-16
-6
10
24
22
12
-6
-8
-7
-3
0
28
36
23
16
13
7
7
-2
-11
-15
-6
-14
-25
-18
-5
-8
-3
9
3
-2
1
-20
-23
-24
-28
-45
-50
-70
-89
-72
-38
-41
-39
-20
-9
5
9
-2
-14
-11
-9
-11
-18
-3
-5
-16
-13
-21
-32
-42
-39
-44
-28
-27
-25
-8
26
41
26
18
21
13
5
-7
-28
-23
-7
-3
-19
-10
-14
-26
-18
4
9
9
25
29
24
23
34
31
37
35
30
26
18
2
-11
6
2
3
21
15
36
46
60
70
72
72
67
50
46
40
39
50
53
48
39
25
9
38
59
58
53
55
55
53
47
31
24
29
27
28
38
46
36
20
18
17
19
24
9
-15
-5
17
12
-3
1
-1
-8
-4
0
-13
-7
18
27
26
3
-18
-26
-1
2
-13
-11
-6
-4
-3
5
19
31
34
23
29
36
54
45
52
59
42
33
15
9
-10
-11
-1
11
22
25
21
27
49
48
28
19
24
11
-5
8
25
41
25
15
10
12
18
18
21
11
12
17
17
26
45
65
40
25
25
20
22
46
35
34
42
32
27
30
31
25
40
44
35
26
31
26
34
57
44
30
44
53
56
53
65
61
47
38
44
38
32
22
25
15
24
23
31
52
61
50
63
75
83
71
62
52
58
61
56
48
49
33
16
31
31
35
32
27
32
52
66
68
65
76
64
64
68
69
74
57
54
46
46
59
63
32
23
4
-2
38
60
50
42
61
70
50
38
37
27
48
44
56
50
44
21
16
16
22
22
24
37
34
35
36
33
38
31
24
20
25
22
15
18
18
9
4
28
28
28
34
10
4
13
14
14
12
2
-10
-17
-13
-1
11
30
22
2
8
34
24
16
14
14
19
24
24
15
16
