0
-20
-43
-43
-40
-36
-59
-47
-50
-76
-72
-50
-66
-60
-14
-14
4
13
-3
2
42
53
48
29
63
46
42
50
7
-14
4
-10
-48
-67
-29
-33
-65
-53
-44
-8
-20
-34
-21
-10
-22
-13
14
-5
11
-30
-22
-29
-29
-22
-31
-23
3
14
11
9
0
0
-19
-22
-34
-30
3
-39
-43
-1
-12
-43
-23
10
-1
-21
-2
1
-16
-39
7
26
-18
-30
-25
-14
1
-13
-10
8
-2
-2
-5
5
25
26
4
-28
-20
-11
-17
6
-14
-39
-39
-42
-41
-78
-19
20
33
36
2
-9
10
1
7
-47
-64
-10
-2
-40
-33
-40
-59
-13
-1
-13
-23
-18
-1
18
13
-4
-4
10
-9
-7
-15
-14
-25
-34
-18
-33
-56
-21
-4
-35
-41
-31
-28
14
46
53
45
31
18
24
-11
-7
-13
-28
-30
-71
-43
-16
-49
-95
-68
-28
9
11
4
31
19
3
2
3
-1
1
-18
3
-13
-39
19
-24
-29
13
-4
-18
10
28
-11
-37
8
-12
-18
-17
8
9
-22
-44
-46
-43
-35
-56
-48
12
11
-39
4
-7
-37
-25
3
-36
-13
-9
-14
-26
-41
-40
-65
-36
-28
-27
-26
-17
34
31
9
3
-12
-10
8
-18
-24
-6
-20
-44
-9
-1
-13
-21
-19
-51
-41
18
6
-10
-13
8
12
21
28
7
-1
19
1
-35
6
-12
-36
-10
-18
-6
-10
13
-24
-60
-29
-25
16
44
12
-1
-2
5
32
-4
-18
-13
-7
-3
-27
-30
-26
-53
-57
-60
-42
-73
-54
-24
5
-14
21
64
38
53
23
6
37
7
-2
-31
-54
-53
-50
-54
-73
-94
-8
-10
-30
-30
24
-15
-17
12
0
60
56
12
-8
1
14
25
-34
-39
-29
-50
-60
-24
-33
-19
20
26
22
36
22
14
4
-20
5
14
-6
-25
-62
-37
-22
18
19
8
-38
-15
-3
-6
-6
-29
-60
-7
1
-10
-16
8
12
-29
-21
-18
-55
-22
-22
-12
8
15
4
-14
-10
10
-13
-11
14
-23
-4
1
-32
-39
-21
-29
12
-4
-2
7
27
49
33
53
44
9
18
26
-13
-18
-24
-7
-25
-53
-72
-82
-93
-77
-48
-36
27
31
-8
1
2
0
37
37
25
5
12
17
-23
-14
-35
-63
-5
-28
-42
-21
18
14
-3
-24
5
35
39
-3
-17
-17
-21
-1
-12
-17
-24
-47
-19
-44
-24
-30
-13
-25
14
22
-1
6
14
-7
-38
-22
-20
-37
-29
-21
-37
-17
3
-22
-1
53
66
14
28
14
16
32
-13
-22
-47
-39
-22
-16
-13
-26
-44
-26
-49
-48
-23
39
28
39
42
10
-6
37
22
-23
-51
-35
-9
-36
-52
-50
-53
-56
-41
-42
-13
4
-11
-7
31
30
52
41
34
28
-8
-25
-33
-40
-53
-50
-45
-22
-41
-39
1
54
22
-21
9
5
17
23
17
-9
3
-6
-43
-30
-46
-62
-47
-40
-41
-22
-5
18
43
36
15
-7
33
23
17
33
49
-10
-38
-18
-44
-27
-19
-36
-54
-24
-34
-16
-6
24
8
5
20
36
16
5
-2
-19
-43
-45
-71
-47
-42
-66
-51
-28
-8
22
-18
-32
-27
6
34
8
-5
11
23
4
3
2
-23
-10
-4
-41
-23
6
-41
-39
-2
9
10
45
29
11
8
16
46
57
54
-15
1
13
-29
-84
-58
-12
-53
-40
-9
-10
7
-17
12
4
9
3
36
33
4
-25
-9
-30
-37
-54
-35
-28
-79
-61
-43
-20
14
-2
-33
-23
30
37
26
48
26
3
-3
-29
-39
-30
-27
-35
-18
-26
-19
-24
-31
-33
-4
10
-6
-24
-13
7
-23
-7
-11
-2
-16
-24
-39
-59
-40
-14
-33
-23
-13
3
35
20
53
54
56
31
21
12
-31
-22
-22
-28
-45
-67
-45
-65
-64
-4
2
2
9
30
-1
-24
10
6
-12
-33
-3
-24
-1
5
-21
-33
-8
-14
-45
-13
-13
17
40
-10
21
2
-10
-14
-19
-20
-24
-19
-27
-55
-65
-44
-54
-65
-26
-10
3
12
19
19
7
0
10
27
50
34
-5
-30
-5
8
-3
-17
-32
-44
-32
-43
-42
1
42
22
-9
-9
12
11
47
24
28
2
-7
-4
-34
-38
-35
-49
-16
-24
-20
-5
18
16
3
6
-18
-27
-8
5
-7
-26
-35
-64
-44
-56
-44
-33
2
10
-20
16
34
16
22
-2
-6
32
-19
27
-17
-51
-36
-31
-20
-58
-50
0
-14
-19
-19
-20
-24
-20
-12
7
14
19
18
-4
9
-10
-39
-3
1
-14
-12
-6
-17
-3
21
34
40
27
9
5
21
39
14
-5
14
-2
-27
-21
-33
-53
-43
-17
-16
-15
2
13
8
14
23
-19
2
17
7
-31
-20
-24
-54
-58
-61
-86
-35
-26
-46
-44
17
12
30
40
28
58
64
65
46
2
12
32
-15
-2
-7
-27
-48
-37
-30
-19
4
-12
1
30
-14
-1
3
1
-44
-44
-37
-30
-59
-86
-68
-75
-77
-71
-55
-15
-2
-39
-32
-65
-56
-11
20
-38
-22
-1
-35
-17
-16
-32
-57
-24
-36
3
35
55
26
-9
-10
-6
12
12
4
-35
-8
24
-7
6
4
-3
-14
-9
8
2
-1
9
-14
-8
-14
-38
18
29
-7
-48
-11
-24
-85
-45
-17
-9
15
-26
-14
49
69
49
27
36
21
25
13
16
-6
-7
-6
-60
-80
-32
-30
-47
8
11
-2
34
48
47
56
34
21
30
44
41
11
9
28
-2
-41
-7
-39
-45
-28
-18
-17
-22
45
45
43
24
30
39
60
41
11
36
-10
0
11
-9
-30
-20
-22
-45
-28
27
26
-8
2
22
34
28
13
21
5
-5
-8
-20
-7
-1
-41
7
-12
-23
21
7
-9
-15
-8
-11
30
83
96
57
28
13
1
1
-15
-64
-45
-33
-30
-26
-20
0
16
23
20
21
41
37
57
56
26
12
3
-10
-5
-17
-38
-44
-69
-96
-49
-59
-54
-7
-10
-15
8
-13
-16
-6
15
6
-31
-5
-21
-55
-50
-58
-79
-72
-36
-35
-27
-21
-15
7
44
37
34
47
95
53
56
47
14
12
9
52
25
18
15
18
-3
3
-4
3
46
27
30
40
58
74
63
32
60
100
60
50
60
97
114
107
161
182
250
281
287
294
379
436
496
509
558
599
666
736
807
868
940
1070
1166
1259
1334
1372
1440
1570
1691
1800
1927
2059
2195
2237
2243
2220
2246
2344
2418
2599
2697
2685
2758
2889
2844
2773
2798
2980
3290
3529
3646
3726
3976
4350
4665
4750
4836
4489
3879
3219
2654
2193
1626
1070
656
348
62
-253
-581
-1046
-1550
-2030
-2472
-2858
-3140
-3436
-3710
-3995
-4258
-4450
-4577
-4598
-4581
-4501
-4415
-4304
-4116
-3967
-3834
-3662
-3500
-3374
-3197
-3015
-2853
-2675
-2519
-2358
-2189
-2011
-1876
-1751
-1571
-1419
-1256
-1161
-1055
-952
-853
-819
-804
-757
-714
-656
-634
-543
-474
-450
-436
-356
-351
-294
-239
-188
-199
-171
-130
-139
-135
-83
-23
-35
-24
-24
-3
-23
-12
7
32
58
85
82
75
84
171
221
225
221
233
247
209
218
238
246
238
196
189
124
96
70
48
50
40
40
31
51
22
-3
-30
-29
-22
-31
-30
-23
16
9
-2
-3
-76
-81
-99
-97
-133
-150
-130
-131
-148
-152
-163
-142
-142
-131
-125
-113
-108
-97
-80
-79
-53
-63
-90
-80
-58
-57
-31
-9
-19
-15
-22
-18
25
27
0
-2
4
32
30
29
11
5
-1
28
23
38
48
40
55
50
4
-27
-12
-11
-21
20
50
8
6
11
21
0
-1
-37
-55
-19
-8
-19
-28
-71
-61
-46
-35
-65
-64
-94
-91
-94
-76
-65
-42
-77
-69
-80
-85
-83
-98
-88
-63
-116
-125
-85
-61
-98
-107
-77
-99
-104
-103
-69
-60
-67
-65
-92
-93
-109
-68
-47
-58
-96
-142
-129
-155
-173
-131
-80
-87
-119
-140
-135
-132
-130
-149
-137
-150
-151
-169
-160
-161
-150
-139
-119
-120
-111
-120
-120
-146
-129
-137
-132
-141
-124
-154
-166
-174
-187
-170
-145
-117
-110
-124
-117
-135
-134
-87
-96
-112
-120
-118
-131
-129
-111
-132
-165
-190
-168
-153
-177
-204
-225
-197
-202
-218
-212
-203
-201
-171
-160
-172
-190
-215
-213
-243
-229
-223
-238
-238
-231
-264
-256
-240
-249
-257
-284
-275
-270
-260
-249
-228
-216
-216
-197
-177
-172
-193
-190
-178
-191
-185
-147
-130
-136
-123
-130
-166
-159
-164
-155
-143
-118
-107
-108
-82
-71
-75
-42
-22
-19
-6
-4
13
3
-34
-41
-22
-15
-23
-43
-43
-26
7
3
14
13
-51
-26
24
27
67
67
-21
-34
-27
-74
-86
-74
-83
-120
-111
-88
-115
-157
-149
-157
-163
-127
-130
-120
-88
-74
-110
-117
-100
-113
-115
-117
-133
-143
-130
-122
-142
-111
-94
-151
-124
-90
-84
-75
-71
-47
-39
-50
-76
-33
-21
7
-12
-45
-58
-60
-75
-65
-70
-81
-74
-64
-54
-44
-41
-31
-49
-54
-59
-31
7
4
-26
-18
-3
-28
-15
-21
-54
-31
-2
-27
-38
3
27
30
56
102
82
109
199
213
190
206
236
255
295
331
340
345
364
369
401
418
386
407
461
473
486
497
490
514
516
537
527
526
576
562
546
544
561
576
557
556
559
554
577
573
523
548
552
561
563
521
503
539
515
489
485
482
418
434
459
425
381
372
364
349
326
301
294
271
287
267
264
294
296
262
308
307
295
323
323
323
321
302
320
314
325
286
265
287
283
278
309
296
268
248
271
257
281
250
244
280
330
346
271
243
274
256
205
230
239
190
179
190
158
150
181
210
146
146
175
172
178
166
163
185
205
196
180
188
199
159
157
154
136
123
101
91
89
78
82
67
84
84
60
60
69
77
54
45
84
98
61
55
47
26
18
60
39
23
38
48
78
91
58
29
31
46
58
30
20
49
63
35
27
2
15
1
-9
32
16
36
64
85
118
135
112
84
92
96
87
29
34
8
23
4
47
10
8
23
3
15
58
35
50
43
62
70
91
63
41
62
60
51
58
52
38
19
14
50
74
101
85
77
66
85
82
70
53
60
75
54
42
79
82
87
46
22
37
33
18
25
35
71
53
57
56
41
56
30
29
23
-17
-30
-30
-50
-81
-86
-85
-76
-57
-38
-67
-41
-35
-31
-29
-35
-60
-22
-22
-28
-50
-49
-75
-75
-48
-52
-96
-109
-75
-66
-76
-51
-47
-54
-59
-84
-127
-154
-139
-143
-138
-119
-84
-84
-92
-99
-96
-98
-98
-127
-100
-119
-141
-170
-145
-168
-187
-194
-203
-215
-174
-178
-177
-161
-144
-151
-140
-84
-80
-130
-103
-103
-109
-135
-124
-131
-155
-114
-120
-139
-138
-149
-152
-146
-98
-145
-153
-97
-101
-71
-60
-35
-39
-72
-72
-75
-79
-75
-63
-84
-115
-92
-90
-88
-97
-116
-91
-56
-43
-33
6
-2
-16
-26
-42
-53
-28
-16
-54
-79
-106
-105
-147
-106
-102
-97
-64
-53
-53
-47
-54
-55
-55
-20
-24
-47
-65
-66
-61
-90
-86
-77
-40
-48
-92
-63
-29
-58
-64
-39
-26
-38
-52
-37
-60
-26
-14
-67
-31
-17
-45
-52
-36
-52
-55
-51
-43
-51
-32
-19
9
9
18
16
-6
6
-15
-55
-36
-42
-53
-50
-39
-56
-75
-89
-57
-48
-33
-29
-14
-24
18
-1
7
17
-3
-38
-27
-21
-36
-54
-54
-58
-60
-47
-96
-67
-21
-6
-55
-35
-13
-23
-15
-11
-6
-9
-8
-15
-41
-47
-69
-42
-28
-49
-54
-39
-30
-6
-3
10
62
48
30
19
1
2
30
57
43
17
27
44
77
54
57
87
76
64
61
43
90
140
138
128
111
141
103
86
55
59
55
-1
15
27
53
49
92
86
74
85
69
73
99
102
86
85
59
59
53
68
5
-16
2
0
13
36
42
49
57
71
51
23
24
61
88
77
56
50
77
93
80
98
64
45
85
110
123
75
75
70
59
99
139
98
98
96
91
77
65
48
17
-26
-23
-56
-106
-127
-139
-150
-170
-283
-341
-405
-438
-524
-588
-628
-654
-659
-654
-666
-598
-569
-557
-467
-375
-350
-278
-222
-171
-115
-79
-55
-41
0
21
12
19
65
41
37
61
54
56
71
69
83
126
127
127
104
108
122
139
150
133
147
133
131
119
77
54
81
76
92
79
57
72
63
66
52
60
74
27
55
73
73
57
57
38
56
52
41
80
92
89
62
97
103
59
57
50
45
55
87
81
94
115
104
95
99
143
137
122
104
124
109
104
96
118
118
90
62
63
71
73
80
74
66
88
124
112
98
107
83
72
70
74
70
26
65
28
-6
7
22
11
6
-9
-17
-28
6
7
36
44
-4
17
-4
-17
-19
37
17
6
-6
0
-22
-57
-28
13
-20
-10
11
-3
7
22
-22
17
43
51
49
63
45
30
32
47
30
24
27
-7
-9
8
32
43
43
55
44
74
96
77
117
121
98
113
106
110
69
44
35
6
28
35
13
-11
30
36
19
42
54
61
97
124
114
103
114
73
54
46
56
37
4
14
19
40
74
66
69
63
45
41
65
62
53
63
71
87
91
84
49
38
20
-10
-20
-17
-6
-14
-19
5
4
-2
1
3
63
48
10
6
59
92
36
49
21
-9
-22
-20
-12
0
-26
-5
22
4
-12
7
27
62
28
8
9
0
-3
3
6
-23
-17
1
-10
2
12
-5
-5
20
-3
-10
-26
0
7
-3
21
-17
-32
-11
-13
11
42
47
4
-14
3
0
-5
11
9
-19
-17
20
-15
8
8
-11
17
35
15
-25
-13
-7
-21
-11
-5
-29
-1
-4
0
-4
29
52
35
22
28
38
31
16
-31
-36
-20
-20
-36
-57
-39
-33
-13
-20
9
39
32
29
9
52
39
41
45
26
23
11
23
-11
-33
-22
-16
-26
-21
-20
-21
21
28
40
72
56
5
30
43
17
21
15
-7
-24
-25
-51
-81
-41
14
-1
4
35
28
49
35
9
-30
5
75
36
24
17
-25
-39
-25
-29
-9
-21
-17
-27
-21
-21
36
46
13
-20
41
46
22
27
9
-9
16
-25
-15
-51
-43
1
13
-23
-18
30
2
33
41
47
57
40
28
25
38
13
-44
-22
-36
-52
-49
-51
-39
6
52
31
45
16
-17
20
56
27
18
-3
-8
1
-19
-24
-25
-23
-30
-24
-6
21
47
27
14
-11
16
21
26
-7
-4
-12
-36
-31
-60
-62
-41
-23
-8
-20
10
33
46
33
33
35
40
48
21
8
-20
-5
16
-5
-30
-27
-44
6
-1
-26
0
0
-6
14
29
25
11
22
-22
-37
-37
-37
-23
-34
-20
-42
-34
17
-18
-15
-16
-33
-4
22
49
48
59
38
10
16
28
-16
-26
-22
-33
-51
1
11
-24
-19
2
-15
-10
21
22
20
40
23
10
37
40
46
22
-5
-4
-32
12
-20
-70
-65
-31
-31
-14
-18
-33
1
-2
23
41
64
61
17
17
22
-15
-41
-19
-36
-60
-34
-25
-67
-34
-10
-21
-23
-46
-40
-24
1
38
53
36
2
-24
-7
-29
-5
10
-18
-9
-36
-34
-21
-33
-17
-12
7
32
56
40
23
39
45
33
5
-15
-7
17
-15
1
-17
-11
-34
-52
-8
-32
-38
-17
2
-2
-5
-24
31
56
10
-14
-17
24
-6
-45
-30
-17
-58
5
12
-9
-17
-2
2
-2
5
6
29
31
2
-9
-20
-14
-11
-30
-51
-34
-18
-20
-30
-13
17
13
-6
-41
0
22
13
7
-36
-27
-8
-15
-32
-26
-11
-3
-45
-14
39
13
-1
22
41
47
6
0
28
1
-23
8
12
9
-6
27
27
3
9
16
31
22
20
29
17
14
30
20
19
-11
6
22
15
36
11
-6
14
-15
-19
8
22
40
45
28
3
46
28
-47
-62
-42
-57
-36
-1
-25
-33
-14
16
18
9
-11
24
16
-10
-19
-6
5
-14
14
-7
-38
-43
-35
-54
-27
-16
0
24
27
32
62
62
34
23
6
22
5
-14
-1
-28
-30
-18
-29
-49
-43
-48
-34
-49
-30
9
21
20
35
50
33
15
10
29
39
9
-19
-30
-10
-8
-47
-38
-37
-17
-2
21
25
-1
-8
14
35
44
58
53
9
-13
14
25
-5
-53
-61
-67
-33
-24
-16
-26
4
34
54
37
26
45
18
31
3
9
19
11
-73
-77
-54
-31
-31
8
0
5
-8
-20
-22
-9
18
17
2
-7
13
2
-13
-17
-25
-55
-31
-38
-23
-17
-21
-9
17
12
48
20
-3
12
16
18
-14
-26
3
12
-23
9
-18
-43
-40
-58
-45
-13
5
36
25
43
55
45
39
6
-25
-19
-24
-19
17
7
-36
-55
-11
1
-20
-20
0
6
-41
-20
-8
-2
29
28
22
1
9
-17
-55
-27
-43
-30
-34
-51
-30
6
46
14
6
53
13
-29
-7
-18
-57
-23
24
3
-35
-33
-36
-30
-22
-18
8
51
19
-16
-3
6
9
30
8
23
-3
-21
-38
-62
-31
-33
-55
-24
-22
-47
-21
0
3
-16
-32
4
27
14
-18
-1
9
-12
-27
-11
-18
-51
-50
-63
-42
-19
3
33
20
31
13
28
-7
-14
-31
-11
13
13
-8
-23
5
-21
-30
-42
-15
4
22
19
10
35
58
27
15
1
3
11
28
-9
-62
-34
-42
-70
-29
-27
1
7
-7
9
11
-16
-42
5
38
29
-1
6
21
-8
-18
-34
-37
-58
-98
-64
-36
-6
-11
-12
-19
16
14
51
52
7
14
-14
-19
14
-35
-54
-64
-14
-4
-41
-41
-46
-36
-19
10
1
17
14
-12
-10
37
5
-37
-34
-23
-59
-70
-17
-7
-16
-16
2
3
7
5
26
20
23
-3
21
41
56
-7
-18
-23
-39
-21
-32
-40
-45
13
44
8
1
33
23
32
73
53
24
36
-9
-60
-36
-5
-46
-42
-40
-50
-48
-5
-20
-50
-38
12
17
25
35
14
24
-1
7
-57
-74
-57
-49
-46
-91
-46
-23
-10
-24
-31
8
-14
-28
-23
-2
3
13
45
25
2
14
6
1
-12
-57
-72
-43
-22
-51
-60
-44
-8
36
13
-10
6
8
6
-43
-60
-29
-32
6
-17
-53
-67
-42
-34
-42
-46
-60
-20
2
6
-18
-21
16
17
-33
-51
-37
-27
-11
-18
-43
-21
-44
-51
-13
-11
-8
-4
2
-24
-12
29
47
17
-6
0
7
2
-21
-29
-44
-15
-15
-33
8
39
14
12
58
49
50
77
40
6
4
19
-13
5
-16
-10
-1
2
-23
-28
2
30
48
81
68
43
29
40
26
5
-14
-37
-41
-35
-43
-33
-25
-12
-17
35
51
13
-6
15
34
41
16
0
-9
2
-5
-52
-36
-22
-6
3
-2
0
-5
29
35
14
18
11
-12
-3
11
-4
-63
-32
-39
-75
-26
-35
-63
-43
-23
-45
-44
-15
-23
-19
12
32
34
33
39
7
-38
-40
-45
-34
-23
-22
-39
-66
-40
-39
-28
-1
-13
14
27
6
17
8
0
-16
-5
11
-12
-9
-4
-17
20
-3
-5
-17
-3
34
6
5
15
1
-15
-5
9
-20
-19
-15
-17
4
-7
-11
-2
-5
3
-12
-28
-13
-6
15
29
31
41
20
-9
-24
-3
-33
-64
-40
-15
8
-18
-16
10
13
-2
8
20
55
35
-7
-1
32
19
-1
28
0
-18
-42
-58
-24
23
14
0
0
12
23
38
25
7
31
71
64
29
68
82
71
138
136
166
241
292
326
388
450
485
515
574
601
627
689
792
865
947
1021
1114
1217
1335
1394
1417
1437
1481
1602
1764
1964
2165
2364
2478
2382
2276
2202
2340
2564
2808
3328
3666
3684
3784
3825
3622
3335
3173
3269
3486
3520
3370
3278
3450
3830
4100
4190
4162
3728
3113
2427
1821
1332
730
186
-183
-432
-679
-965
-1318
-1724
-2144
-2477
-2834
-3156
-3473
-3724
-3988
-4258
-4450
-4627
-4697
-4644
-4586
-4559
-4416
-4221
-4027
-3860
-3665
-3471
-3293
-3074
-2879
-2722
-2533
-2335
-2177
-2019
-1888
-1754
-1594
-1464
-1321
-1198
-1113
-1012
-938
-874
-780
-754
-765
-753
-734
-689
-639
-600
-585
-536
-528
-443
-339
-287
-226
-200
-153
-141
-180
-165
-87
-65
-16
-17
-47
-28
-7
-20
-40
-21
-36
-47
-23
-19
-17
1
29
54
51
81
112
118
137
121
122
130
121
95
83
54
-22
-4
30
23
10
-3
9
12
-11
11
14
20
16
24
46
45
39
-8
-29
-61
-56
-26
-61
-67
-44
-55
-68
-69
-77
-89
-98
-80
-58
-29
-23
-12
-9
-15
-22
-6
-38
-19
-8
-33
-53
-82
-78
-55
-43
-68
-73
-46
-29
-23
3
16
5
15
25
36
32
-16
-53
-45
-44
-54
-92
-106
-78
-74
-72
-79
-80
-51
-27
-13
18
25
-27
-26
-10
-17
-42
-22
-4
-47
-48
-35
-65
-69
-49
-27
-52
-26
-16
5
-4
-18
8
-16
-47
-2
-29
-26
-45
-59
-68
-73
-89
-92
-69
-52
-39
-48
-36
-27
-10
2
-1
8
27
-15
-14
12
-15
-26
-41
-63
-76
-35
-21
-39
4
-33
-48
-9
11
23
17
-18
-26
-30
-2
5
-1
-43
-14
-45
-76
-76
-24
-46
-65
-77
-61
-54
-39
-13
-22
-12
-8
-32
-51
-61
-62
-82
-72
-106
-101
-78
-86
-103
-98
-104
-112
-126
-107
-88
-98
-72
-71
-97
-120
-104
-121
-136
-129
-169
-179
-172
-178
-166
-158
-153
-182
-144
-156
-170
-180
-156
-180
-200
-194
-197
-181
-156
-163
-167
-172
-192
-192
-197
-192
-190
-219
-231
-218
-223
-203
-216
-209
-219
-207
-165
-169
-154
-185
-209
-194
-197
-198
-197
-229
-252
-241
-257
-256
-259
-251
-262
-272
-252
-225
-224
-208
-220
-241
-218
-197
-226
-228
-236
-243
-242
-251
-218
-239
-270
-281
-241
-238
-228
-225
-248
-227
-231
-249
-261
-246
-256
-265
-261
-249
-241
-235
-234
-218
-199
-202
-185
-198
-211
-221
-219
-235
-233
-199
-158
-159
-179
-151
-163
-145
-122
-115
-101
-68
-45
-41
-26
9
17
0
27
41
51
62
74
51
92
71
72
88
103
99
66
83
79
59
99
85
70
70
103
97
118
120
130
143
147
155
150
117
100
101
104
88
102
92
88
75
110
108
101
105
131
148
165
150
167
202
205
227
222
230
241
272
229
199
244
252
265
258
255
240
252
279
273
323
350
377
378
395
406
360
377
411
370
391
358
370
372
366
380
377
372
359
357
380
351
344
308
346
360
353
370
352
332
330
307
315
294
280
259
272
278
281
304
291
287
300
299
293
290
295
301
261
279
301
289
256
281
247
214
199
217
190
215
229
216
184
210
229
213
227
211
203
218
205
209
191
165
132
112
106
105
96
99
105
97
102
107
115
132
88
109
142
111
100
132
138
111
48
40
43
33
29
11
47
66
85
92
108
112
112
76
73
74
82
79
43
19
21
24
21
-11
-11
1
1
13
20
14
11
50
108
63
61
57
64
24
25
14
5
-14
7
15
9
39
32
-5
12
9
12
66
78
64
79
103
78
77
68
73
46
19
23
24
17
15
9
52
21
39
41
57
47
55
85
83
59
18
30
20
32
21
-3
6
-5
10
-12
-19
-9
-21
5
49
31
57
36
24
2
11
-16
20
34
13
-6
-4
-10
0
-5
-5
-21
-21
21
27
-8
25
21
-5
7
40
4
-8
-16
-24
-23
-24
-58
-38
-21
-34
-46
-27
-26
-49
14
27
3
-12
0
-15
-19
27
35
0
-13
-19
-35
-31
-32
-45
-74
-33
-20
-33
-6
7
40
46
24
28
5
34
48
24
28
38
31
32
9
-28
-26
-44
-33
-18
3
3
32
33
12
42
39
44
43
66
22
-14
-2
13
0
-68
-63
-30
-57
-68
-44
-37
-67
-63
-39
-48
-81
-97
-87
-56
-86
-88
-85
-63
-87
-69
-48
-76
-65
-50
-63
-49
-49
-54
-67
-69
-38
-37
-33
-63
-64
-73
-102
-110
-88
-63
-1
9
6
8
30
23
63
77
67
69
66
21
14
13
-6
33
-2
-9
-27
-5
-7
-32
8
15
15
34
9
-2
16
44
38
8
29
42
36
-4
7
10
31
-7
-28
-21
3
30
10
-10
7
12
-17
-5
31
-2
13
21
12
3
8
8
-14
-27
-71
-74
-61
-47
-36
-38
-56
-69
-71
-52
-52
-38
-61
-36
-46
-58
-48
-45
-62
-42
-59
-72
-88
-106
-61
-53
-62
-40
-35
-5
-22
11
-10
-25
-35
-45
-74
-84
-60
-65
-68
-93
-55
-49
-20
-28
-13
-3
-1
11
-4
13
26
14
-17
-25
-44
-40
-52
-54
-31
-28
-26
-26
-17
-9
-6
12
18
22
41
52
42
0
-41
-42
-50
-26
-8
-48
-18
-16
-11
-11
-8
1
-12
11
19
19
72
59
42
59
23
-23
-31
1
12
-21
3
24
21
24
49
48
108
122
112
117
119
86
83
88
87
67
71
76
20
9
32
67
69
76
107
99
88
77
54
76
73
61
28
22
30
3
10
11
-17
13
20
34
29
10
9
-9
11
-11
-27
-45
-54
-42
-79
-87
-88
-132
-145
-156
-146
-168
-167
-155
-121
-86
-72
-50
-38
0
-21
-22
-18
-44
-29
-44
-27
-43
-47
-43
14
-16
-40
-46
-17
18
14
21
42
42
47
26
86
79
51
50
37
68
42
33
33
22
8
5
1
37
39
48
31
17
13
32
64
77
78
40
32
43
58
40
27
21
-16
-16
-22
8
-13
-31
-54
-44
-24
-28
-64
-34
-3
-9
7
30
3
20
36
18
-7
-31
-49
-34
-37
-55
-51
-25
-20
-31
-31
9
34
12
-3
-18
-6
20
4
-15
-36
-46
-55
-47
-24
-17
1
12
0
-1
52
95
32
16
73
25
-8
4
-5
-10
-4
-11
-42
-18
-21
-43
-24
2
-7
-1
17
11
7
14
12
28
16
9
21
3
7
-2
-46
-50
-27
-12
-8
19
23
14
22
34
-18
3
49
41
5
2
20
19
3
-42
-73
-49
-38
-32
-49
-25
-49
-43
1
6
27
55
4
-14
6
30
-31
-20
6
-15
-27
-1
-7
-5
-31
-6
16
-5
-25
-35
48
63
42
43
70
89
39
14
7
-35
12
35
18
55
66
50
18
47
13
16
39
43
18
-1
21
21
-11
11
49
20
37
46
17
31
58
30
16
11
3
-28
0
7
22
-8
-5
18
24
23
4
21
40
28
48
70
45
49
30
20
-8
8
2
-20
-32
-22
-15
4
36
16
-25
-8
12
57
47
52
72
64
46
19
20
28
-4
-34
-34
2
-22
-50
-34
-34
-52
-7
-3
-13
-20
-5
14
37
32
55
36
34
30
26
1
39
40
13
-9
-24
-41
-32
3
39
49
44
23
56
37
33
47
93
89
63
59
44
5
13
38
-9
-26
-5
11
16
52
37
14
39
24
60
88
72
71
74
60
41
13
-1
-13
-3
7
-6
-6
38
8
0
-3
-16
-8
10
23
4
4
46
61
26
-8
17
9
18
13
-4
-24
-23
-10
-2
-8
7
-17
-9
6
32
30
59
64
52
52
32
-20
15
18
29
-31
-2
-25
-37
-29
-10
-48
-36
-23
-28
-27
19
31
6
-4
35
22
18
29
12
-5
-12
-21
-8
11
20
-17
14
20
-12
-2
18
41
20
-12
-10
4
53
6
-8
11
25
4
-5
-11
-30
-9
-10
-27
-16
-38
-22
-20
-29
-18
-41
-33
12
15
0
15
27
16
38
46
42
48
38
-3
-34
-22
-45
-10
2
7
0
6
-1
-40
-5
2
44
42
24
12
24
64
31
-4
-1
-16
-33
-47
-31
-55
-23
-7
-39
-49
-10
13
-13
-23
-8
18
23
0
-7
-7
3
7
4
-30
-30
-38
-19
-29
-29
-10
-6
-11
17
28
34
44
70
42
7
12
9
-10
-19
-14
-40
-54
-35
-48
-69
-45
-31
-19
-24
-18
8
43
32
16
14
30
13
-7
-23
-25
-59
-34
-33
-68
-72
-54
-25
-41
-7
-26
-49
-41
-17
12
35
25
-6
-34
-13
12
-14
7
-43
-68
-34
-9
-45
-55
-53
-23
-43
-52
-32
-17
-21
29
32
10
18
-16
-13
10
0
7
-8
-17
-41
-60
-14
-51
-66
-71
-74
-64
-16
11
-5
-14
8
14
13
10
18
3
-3
-3
-16
-42
-50
-35
-28
-51
-54
-52
-19
9
-11
-9
-6
-22
4
3
-5
19
16
-18
-39
-42
-16
-20
-16
-58
-34
-45
-19
-39
-56
-2
13
0
16
-16
-32
-38
-21
4
-43
-22
-41
-57
-69
-78
-71
-17
-14
-14
-3
25
-13
-1
-15
-4
-16
0
-14
-22
-31
-47
-23
-25
-26
-36
-24
-8
11
-7
-8
-13
-20
18
23
-20
-35
-7
-20
-64
-68
-78
-88
-41
-21
-16
17
-12
-21
-10
8
15
21
36
20
-14
-1
13
-14
-53
-43
-22
-40
-34
-59
-43
-35
-17
-19
-14
0
12
3
27
14
-37
-13
-28
-43
-59
-54
-80
-66
-38
-59
-63
1
12
-37
-36
-37
-23
-3
33
-5
-16
2
-4
-20
-60
-59
-66
-31
-48
-35
3
20
8
34
18
-4
-8
13
7
-34
-48
-59
-25
-67
-81
-64
-35
-22
1
-7
17
41
13
16
10
7
11
-8
-15
-5
13
20
-18
-47
-36
-58
-50
-23
-41
-60
-9
-19
-7
25
27
40
12
-12
-13
-13
6
-39
-59
-39
-46
-74
-57
-31
-28
-21
-11
20
8
15
33
38
24
-19
-20
-15
2
-3
4
-18
-42
-1
40
29
-12
32
31
10
21
13
-9
-17
-33
-35
-26
-33
-35
-23
-34
4
-35
-2
32
17
38
72
35
21
7
-4
3
-5
-21
-26
-24
-34
-54
-71
-52
-25
-54
2
5
6
4
34
-4
12
-7
-20
5
25
-10
-14
-9
2
-26
0
40
-8
-16
21
-9
-27
-13
8
-14
8
20
-17
-16
17
27
31
42
23
33
8
-14
-21
21
15
2
17
31
2
-18
-21
-11
-1
-12
-17
-31
3
4
-4
-14
-5
3
-13
-12
-46
-31
-24
-39
-56
-44
-50
-55
-66
-53
-79
-107
-70
-70
-93
-70
-86
-59
-44
-62
-91
-67
-31
12
-36
-32
-17
-26
-30
-62
-90
-63
-55
-76
-59
-47
-35
-51
-26
-11
-11
7
35
2
-15
18
32
2
8
12
0
-1
22
-6
-32
-18
-12
18
39
20
25
48
77
53
39
32
20
30
52
4
-46
-35
-15
-38
-23
-1
-23
-5
29
10
-21
-2
44
48
51
66
40
52
90
72
54
58
53
-28
-21
-1
-49
-22
-14
-13
-26
10
1
-23
5
-16
-19
20
38
9
28
67
22
-13
3
7
-5
-8
-30
-44
-8
-1
-14
-13
-24
2
21
35
64
49
46
59
33
-1
19
0
-1
-2
-23
-51
-31
-34
-44
-37
-27
-22
11
10
10
12
6
29
-4
-28
2
-13
-29
-32
-56
-50
-3
-21
-55
-47
-56
-28
41
-16
3
-8
56
22
14
41
31
19
-10
-30
-34
-29
-16
-26
-11
18
26
53
51
7
2
6
15
-35
-28
57
33
-8
24
11
7
0
-4
-18
5
-23
-13
8
38
19
19
33
28
24
53
49
14
21
32
-10
-9
23
26
33
46
42
34
93
98
92
86
103
78
43
66
67
26
49
48
11
15
27
26
-6
23
12
28
60
45
25
76
118
121
119
149
163
230
274
260
295
365
399
401
447
498
533
581
646
688
749
843
912
1019
1138
1214
1280
1371
1438
1524
1624
1717
1828
1963
2074
2141
2195
2296
2411
2464
2593
2642
2580
2674
2826
2797
2664
2667
2786
3091
3366
3618
3915
4384
5024
5614
6015
6196
5941
5315
4686
4178
3828
3355
2832
2391
2018
1621
1201
787
376
-164
-808
-1361
-1864
-2339
-2774
-3221
-3669
-4048
-4323
-4545
-4690
-4765
-4749
-4761
-4809
-4738
-4651
-4536
-4402
-4224
-4105
-3961
-3821
-3644
-3410
-3253
-3092
-2879
-2649
-2466
-2296
-2096
-1913
-1785
-1627
-1478
-1344
-1197
-1144
-1108
-1090
-1016
-956
-858
-755
-695
-623
-531
-452
-413
-405
-367
-360
-335
-359
-346
-354
-317
-289
-281
-271
-262
-244
-216
-226
-239
-229
-166
-120
-97
-75
-67
-46
-15
18
28
64
81
93
102
113
76
41
121
120
84
84
87
51
49
44
28
49
52
32
14
34
56
50
69
79
69
51
51
44
54
50
46
27
14
-28
-22
3
-7
-7
-33
-47
-44
-29
8
0
11
18
36
28
71
31
33
33
63
63
45
39
4
-8
7
6
-4
-19
-11
9
-5
30
49
30
59
42
42
32
54
17
-7
-8
-23
-40
-25
-26
-72
-92
-62
-81
-60
-24
-2
-3
5
11
13
-10
-20
-31
-16
-11
-62
-64
-68
-48
-28
-24
-37
-59
-36
-48
-50
-32
-14
-26
-9
13
-2
-15
-17
-7
-26
-28
-56
-77
-85
-74
-57
-66
-75
-64
-46
-40
-41
-29
-44
-20
-26
15
18
-10
-24
-35
-59
-48
-58
-75
-79
-75
-64
-78
-62
-60
-54
-44
-7
-6
-23
18
39
7
-21
-32
-56
-69
-55
-82
-95
-81
-90
-73
-64
-74
-50
-51
-39
-51
-9
10
-30
-27
-56
-58
-36
-61
-86
-97
-122
-105
-117
-130
-97
-84
-88
-64
-56
-59
-40
-41
-72
-77
-74
-78
-121
-128
-101
-137
-154
-137
-125
-114
-108
-81
-106
-108
-86
-88
-81
-85
-94
-99
-119
-134
-97
-88
-97
-142
-122
-131
-125
-95
-79
-88
-116
-94
-69
-89
-80
-107
-115
-92
-95
-113
-121
-129
-166
-208
-202
-164
-190
-197
-144
-137
-141
-151
-163
-156
-146
-153
-181
-188
-211
-242
-276
-232
-239
-253
-279
-271
-245
-259
-242
-274
-257
-235
-245
-257
-220
-251
-268
-265
-237
-243
-260
-262
-279
-268
-255
-284
-286
-290
-281
-279
-263
-239
-237
-206
-204
-244
-260
-272
-288
-300
-326
-335
-331
-336
-343
-341
-337
-336
-329
-329
-358
-350
-312
-304
-316
-330
-323
-311
-315
-341
-348
-360
-361
-343
-329
-308
-319
-307
-314
-282
-295
-236
-219
-218
-193
-170
-159
-148
-134
-132
-126
-151
-151
-113
-125
-106
-80
-82
-102
-98
-65
-52
-13
-8
13
70
71
70
60
83
67
56
55
78
96
129
125
130
144
147
158
185
224
215
219
271
304
284
346
339
339
346
384
383
427
421
432
438
451
465
482
466
461
447
459
464
458
439
469
449
435
432
453
468
479
493
515
514
493
498
487
492
473
431
451
455
421
391
401
412
406
435
432
441
402
415
413
395
414
370
340
338
347
346
362
357
307
275
283
259
271
269
247
245
255
261
251
224
225
227
230
221
205
196
180
177
168
141
133
140
148
147
115
97
100
83
81
67
94
78
91
95
77
99
99
90
85
60
16
49
34
46
42
46
37
35
47
89
72
66
49
46
51
21
31
3
7
-4
0
11
44
24
47
84
30
39
29
55
51
32
32
23
24
31
22
-6
-3
-4
-17
7
11
-7
61
25
8
19
1
8
-9
25
9
17
3
-14
-10
-13
17
-21
-44
-27
-1
17
17
26
49
33
45
26
24
16
-26
-18
-4
-15
-9
4
-4
-7
-19
24
43
33
34
21
-10
15
-1
-21
14
13
-21
16
8
-19
2
-16
-30
-13
33
26
3
36
22
22
21
15
0
-26
7
5
-14
7
4
8
-1
9
17
28
64
36
0
27
46
19
18
2
-47
-23
-8
-47
-2
12
-12
-32
-9
-16
-11
-2
21
24
43
14
3
14
-11
-29
-8
-12
-40
-58
-6
-1
34
35
44
33
14
20
20
7
27
18
-38
11
2
25
25
8
-12
2
17
32
42
25
13
10
-11
27
62
21
24
16
-8
1
-7
-4
-15
-33
-7
1
8
-10
-26
-25
1
-18
11
34
27
9
6
1
2
21
0
-52
-58
-59
-30
10
18
5
-13
-17
-19
-33
-7
-10
-18
-6
29
8
-7
5
-17
-66
-77
-49
-53
-69
-37
-55
-59
-41
-37
-63
-62
-42
-32
-15
-11
-9
-26
-29
-61
-70
-44
-74
-74
-61
-56
-63
-38
-34
6
16
2
23
24
46
42
11
16
28
3
-41
-19
-19
1
-2
-6
-23
14
21
5
8
4
8
46
49
10
-30
-17
16
21
-7
-26
-45
-29
-31
-36
-36
4
-18
-28
17
18
-2
5
-11
-23
-35
-30
-15
30
37
-24
-46
-6
-35
-38
-30
-43
-23
-7
17
12
-1
3
29
41
30
11
-26
-5
-44
-40
4
1
4
-11
-21
13
-16
-7
27
8
13
-5
27
39
35
77
38
-1
12
-24
-20
-5
-24
-38
-1
-10
-35
-6
-12
-5
-4
-19
-5
13
9
-10
-14
-4
-11
-15
-12
-27
-36
-14
-65
-21
-1
-16
26
32
34
29
8
39
23
0
1
-9
-5
-27
-13
-23
-40
-44
-16
2
26
1
-5
21
66
73
66
51
29
41
41
12
-29
-13
-15
-49
-9
-1
-29
-32
13
5
32
65
71
61
46
68
95
89
63
65
73
68
43
24
42
43
64
72
48
39
80
105
104
64
68
58
33
56
13
-14
24
48
32
54
63
17
18
39
12
-3
16
12
-16
-28
-10
-9
-52
-22
-26
-49
-36
-2
-53
-34
-39
-41
-34
-30
-41
-26
-15
-17
-54
-53
7
-2
16
-17
-21
8
10
8
24
29
0
-9
3
35
15
11
46
77
59
54
81
91
151
133
70
55
72
42
40
55
43
16
33
39
39
12
12
-5
5
57
67
67
53
56
44
29
15
0
-16
14
0
-12
-2
-39
-21
11
37
45
5
-9
-16
26
30
11
-23
18
27
1
1
-2
-11
13
-17
-1
5
-3
0
-10
-1
-10
13
52
13
35
11
-19
6
-24
-33
-17
-29
-16
2
-19
-4
-6
-27
-24
14
12
12
16
24
33
33
50
10
26
27
-7
-10
19
11
17
15
31
38
38
47
37
67
55
54
48
76
86
38
14
-6
15
43
41
29
34
27
23
31
46
48
41
41
33
14
9
3
12
34
23
19
-11
14
15
33
34
65
24
10
32
43
46
29
10
18
6
7
-2
3
16
23
23
48
64
75
115
81
64
57
38
13
-7
-26
-34
-42
-14
-13
-12
-25
-34
-41
-26
-14
-10
-20
-4
-2
-15
-40
-64
-38
-12
-31
-67
-69
-24
-32
-29
13
13
-15
34
-10
-29
-6
7
-14
-38
-42
-28
-25
-17
-59
-59
-20
-1
-8
-15
25
1
40
65
22
9
10
22
-18
14
-3
-57
-40
-54
-75
-72
-47
-26
-26
-19
-3
-35
-15
-17
-18
16
38
18
1
3
22
32
4
-17
-45
-53
-37
-51
-91
-54
-62
-75
-13
7
-3
-6
40
44
33
19
0
0
15
4
-6
-32
1
-32
-38
-33
-51
-31
-19
-46
-23
-5
-5
3
33
43
32
29
13
-2
-33
-54
-46
-7
-9
-45
-103
-62
-12
-6
-5
0
0
-30
10
10
-1
-17
-28
8
-46
-26
-23
-52
-44
-54
-78
-43
-21
-60
-43
-12
-2
4
3
-10
-13
11
-21
-41
-34
-40
-23
-28
-40
-39
-22
2
1
32
31
11
25
43
30
8
11
5
-12
-45
-40
-29
-16
-6
-22
-55
-26
-46
-46
-20
14
33
-6
7
-9
-3
3
-27
-22
-20
-30
-16
-31
-47
-52
-25
-32
-17
0
14
43
53
27
22
22
-13
-11
-1
-7
-22
-10
-35
-48
-27
-29
-34
-30
-42
-21
-10
22
-14
-3
39
21
20
-2
-11
-9
-33
-28
-27
-19
-24
-32
32
9
-20
-1
20
-19
23
26
30
3
29
11
-17
-3
-8
-17
-47
-26
-57
-65
-42
-29
0
20
2
-23
10
40
35
24
60
23
19
16
18
0
-12
-11
-26
-10
4
7
-10
-26
-38
-12
14
19
40
41
41
30
-7
-1
21
6
-8
6
-51
-43
-39
-51
-47
-15
29
9
-2
-7
-17
45
48
55
40
62
4
-29
-23
32
37
20
-12
-30
-20
1
-27
-53
-36
-46
-23
7
15
8
39
44
13
-1
13
17
25
10
-23
-40
-16
-36
-65
-44
-9
-6
13
0
-17
2
9
19
25
36
10
-29
-4
-3
-54
-12
-14
-35
-31
-32
-23
-17
14
-2
-7
3
25
30
18
-14
-39
-19
-9
-20
-42
-58
-14
-35
-21
-24
-17
-20
-10
19
39
22
12
6
2
4
-5
12
-18
-42
-24
-11
-22
-68
-52
-25
-35
-6
16
9
19
-1
3
19
15
-5
-11
12
-15
-29
-16
-12
-17
-34
-11
4
1
24
16
3
-8
16
-7
0
8
-2
-15
13
5
-7
-18
13
12
-11
-8
-11
2
1
12
21
-17
12
6
-23
-41
-20
-10
-21
-4
1
5
-15
-21
14
21
-18
-11
0
-13
-17
-9
-31
-33
-24
-29
-79
-48
-32
-32
-2
22
-7
-27
5
5
0
5
21
21
40
36
4
-9
16
11
-37
-36
-24
-47
-52
-13
13
-4
34
23
45
45
13
46
64
51
24
33
28
1
-10
-16
-29
-30
-29
-55
-39
-31
2
-24
-19
16
21
-7
41
41
1
5
4
-19
8
22
-24
-52
-36
-43
-36
-39
-10
11
59
77
58
47
83
75
96
104
99
88
98
58
47
10
9
5
-28
-27
-58
-42
-25
-37
-38
5
-10
-10
-28
-45
-48
-30
-2
2
-30
-22
-9
-63
-79
-82
-114
-98
-105
-78
-84
-81
-67
-94
-89
-88
-69
-48
-14
-55
-30
-18
-25
-42
-36
-56
-60
-31
-74
-64
-52
-19
-55
-57
-36
-18
-26
-2
-15
-22
-17
16
22
-28
-31
-30
-1
8
26
-13
1
1
-32
-14
17
-17
20
23
-11
-2
35
38
24
-6
2
-2
51
53
20
26
48
25
7
49
28
0
14
12
13
21
41
36
11
16
28
22
67
28
-10
6
25
21
40
35
-1
7
-1
-5
-10
-9
5
-23
-15
-3
2
17
28
17
39
51
48
-1
-10
-3
-41
-34
-38
-63
-40
-20
-55
-40
-11
8
-3
21
37
59
45
36
8
-12
-10
-10
-16
4
-8
-18
-26
-17
-8
-21
-15
-25
-43
10
1
31
65
54
38
35
31
14
15
23
8
-14
-8
-23
-22
-31
-22
-10
-9
6
26
22
45
66
43
39
70
68
49
41
22
33
37
37
23
-35
-19
-51
-37
-51
-68
-36
-29
-9
1
36
49
27
60
18
10
22
39
-3
-28
6
-21
-67
-45
-69
-78
-25
-7
-13
-4
29
4
-6
44
49
55
66
59
49
50
34
-2
12
0
7
7
30
26
-2
5
25
18
8
11
7
11
43
41
42
21
5
-20
26
28
24
5
49
82
111
156
157
177
214
257
291
365
463
451
462
521
539
595
653
717
791
889
984
1061
1150
1246
1316
1414
1524
1634
1721
1882
2025
2070
2132
2239
2327
2507
2567
2700
2786
2845
2957
3034
3058
2962
2979
3080
3343
3557
3786
4068
4419
5001
5508
5846
6069
5929
5285
4603
4081
3798
3385
2791
2303
1889
1515
1175
773
279
-313
-901
-1419
-1907
-2405
-2858
-3290
-3732
-4118
-4475
-4711
-4803
-4855
-4867
-4878
-4854
-4749
-4635
-4538
-4399
-4267
-4128
-4032
-3865
-3675
-3483
-3327
-3154
-2928
-2693
-2541
-2350
-2183
-1983
-1809
-1663
-1494
-1343
-1212
-1128
-1073
-1046
-1004
-950
-881
-819
-706
-628
-575
-541
-510
-437
-374
-333
-327
-357
-387
-388
-385
-364
-300
-316
-364
-342
-361
-308
-292
-306
-291
-267
-240
-216
-203
-169
-133
-58
2
11
27
88
131
138
114
126
132
133
120
81
64
60
70
33
-6
0
33
13
5
-24
-33
-3
4
-37
-21
4
-17
-38
-15
-36
-44
-59
-65
-48
-41
-43
-63
-34
-29
-63
-38
-33
-39
-20
-20
-33
-68
-18
-30
-38
-33
-42
-55
-40
-26
-40
-48
-3
16
-21
-10
20
27
12
9
-18
26
12
-17
13
1
1
-9
-4
-17
-8
11
7
29
40
35
53
2
-4
20
28
19
-5
-22
10
8
-6
-24
-53
-43
-17
18
42
12
40
30
10
-18
5
-10
-40
-27
-35
-62
-15
-27
-32
-36
-26
-18
-33
1
2
-3
1
7
5
-22
-17
-20
-31
-32
-40
-49
-36
-49
-46
-18
-20
7
37
37
7
13
24
4
-11
12
-10
-22
-11
-43
-55
-47
-19
-6
10
7
21
14
33
29
-4
-3
9
0
-23
-31
-62
-63
-40
-91
-93
-56
-90
-69
-54
-51
-85
-80
-48
-40
-32
-27
-26
-56
-72
-55
-105
-141
-112
-126
-136
-122
-140
-156
-147
-156
-133
-122
-115
-115
-116
-125
-93
-121
-111
-98
-119
-108
-109
-131
-107
-101
-107
-136
-157
-167
-152
-91
-104
-112
-59
-70
-72
-66
-66
-88
-87
-91
-119
-105
-122
-137
-135
-123
-142
-160
-159
-170
-180
-146
-130
-142
-152
-143
-151
-167
-148
-166
-199
-220
-258
-275
-279
-264
-248
-255
-244
-216
-208
-200
-190
-224
-205
-208
-207
-222
-241
-263
-275
-252
-236
-224
-246
-223
-234
-253
-225
-194
-215
-178
-151
-147
-160
-197
-203
-184
-209
-236
-234
-206
-211
-246
-248
-208
-234
-254
-221
-212
-196
-180
-168
-212
-224
-227
-244
-215
-201
-220
-209
-231
-225
-220
-222
-215
-190
-183
-163
-173
-176
-183
-156
-198
-202
-190
-195
-200
-204
-216
-214
-215
-181
-158
-131
-146
-159
-130
-162
-185
-173
-158
-145
-150
-174
-206
-194
-179
-192
-185
-164
-185
-154
-144
-127
-134
-152
-154
-154
-102
-76
-75
-72
-68
-72
-77
-51
-14
-34
-36
37
58
56
101
169
152
157
196
208
258
284
320
327
376
389
382
428
439
422
484
468
468
480
505
476
491
497
466
467
449
440
463
474
442
434
421
417
418
427
438
447
483
459
469
499
483
475
476
469
469
477
448
393
417
415
420
431
449
403
385
417
394
374
387
387
407
413
406
421
412
402
377
354
352
308
309
306
284
302
294
271
227
251
233
197
172
149
130
185
213
219
223
236
229
201
166
146
163
123
130
128
107
120
110
118
125
122
112
110
137
125
110
107
103
99
105
85
80
124
113
77
76
75
65
77
89
74
97
58
71
75
62
40
36
32
14
33
72
68
79
40
10
-7
6
-4
-9
9
21
12
-1
13
16
25
32
21
1
-13
-43
-45
-2
-8
-11
-19
-33
-16
8
28
13
25
1
-10
0
-15
-12
9
22
22
-17
-17
-31
-35
-48
-51
-31
-25
-15
32
42
50
66
45
27
14
26
36
-11
-9
5
8
-12
-2
-17
-18
-14
-18
2
13
18
23
37
30
32
36
17
44
4
-19
-2
5
-5
-15
-36
-36
8
23
51
33
6
13
21
24
6
11
8
-24
-47
-46
-64
-63
-59
-65
-60
-64
-80
-101
-93
-84
-72
-65
-62
-53
-41
8
-13
-27
-3
13
28
36
52
67
77
84
108
116
118
136
190
212
217
229
248
250
247
247
251
241
237
270
259
205
183
211
217
234
212
230
203
192
192
160
154
151
90
115
62
41
40
24
11
-28
-8
-1
-47
-50
-48
-38
-54
-68
-66
-107
-61
-54
-70
-25
-27
-52
-66
-20
-2
-37
-16
-13
-29
-17
-10
-31
-43
-29
-24
-25
-44
-50
-60
-26
-21
-49
-81
-62
-68
-72
-88
-98
-79
-72
-79
-58
-75
-66
-59
-43
-36
-65
-83
-97
-112
-125
-132
-148
-161
-149
-131
-145
-145
-126
-129
-92
-76
-70
-83
-45
-40
-47
-21
-26
-36
-35
-47
-55
-73
-77
-64
-53
-40
-61
-76
-96
-70
-79
-46
-55
-64
-45
-75
-95
-102
-65
-76
-129
-96
-64
-102
-100
-91
-105
-91
-78
-68
-68
-63
-57
-106
-70
-67
-96
-124
-124
-119
-135
-143
-151
-121
-107
-114
-86
-81
-87
-73
-79
-41
-84
-110
-117
-63
-55
-75
-59
-87
-112
-114
-130
-118
-111
-118
-115
-107
-109
-121
-100
-79
-68
-76
-65
-41
-45
-59
-54
-72
-55
-36
-45
-60
-91
-93
-100
-99
-74
-76
-53
-48
-86
-74
-71
-39
-37
-60
-66
-36
-30
-67
-78
-90
-99
-110
-98
-52
-78
-73
-54
-79
-111
-78
-59
-64
-81
-74
-53
-33
-24
-50
-62
-63
-42
-72
-69
-43
-53
-70
-86
-71
-72
-39
-38
-26
-20
-4
10
36
16
8
8
-14
-5
-16
-21
-40
-49
-43
-31
-41
-44
-36
-19
-16
-34
9
18
52
54
27
53
64
51
-2
-22
-27
-3
16
-20
-34
5
48
75
82
85
94
60
79
96
77
87
65
61
48
78
92
63
93
131
125
162
160
150
188
174
144
191
180
166
159
116
146
148
143
130
130
190
179
167
174
168
174
169
154
141
137
162
129
77
62
91
101
103
113
97
112
115
124
118
142
146
114
78
68
48
10
-12
3
-14
-46
-74
-127
-164
-156
-179
-237
-266
-186
-64
38
34
-5
-65
-178
-303
-427
-513
-602
-652
-665
-670
-671
-618
-621
-575
-483
-381
-324
-185
-55
14
138
241
312
366
452
509
552
608
650
626
590
575
574
530
501
492
505
503
476
477
442
439
397
336
327
337
300
278
258
263
226
189
197
203
165
112
107
99
76
67
33
27
-2
-17
17
-1
-25
-31
-25
-37
-29
-1
-23
-13
2
-13
-4
51
55
49
57
60
68
111
88
87
122
140
138
128
103
78
101
116
61
52
57
89
88
96
128
98
54
117
156
173
157
151
160
142
106
101
101
104
77
57
48
77
117
91
43
37
44
65
91
97
119
96
91
79
69
48
76
75
43
46
66
61
47
32
24
23
40
18
1
18
23
16
41
29
14
43
46
60
69
83
59
41
19
-4
-11
1
9
-36
-54
-12
5
10
18
48
22
30
60
55
58
75
62
61
106
80
30
64
55
67
63
24
41
8
-14
-27
-4
44
69
35
20
9
20
44
36
34
26
46
29
11
28
7
-37
-49
-28
-49
-63
-49
-51
-36
-18
-19
-59
-42
-23
-22
-18
-1
-9
-22
-4
-1
-16
-4
-10
-40
4
-18
-43
-43
-22
-18
-34
-5
12
22
30
20
42
7
23
22
-31
-40
-24
-35
-23
-15
-34
-10
-36
-77
-18
35
12
-12
23
33
-29
-3
45
23
-4
-9
-48
-66
-72
-44
-26
-1
0
-17
-14
26
2
20
54
-3
-13
-8
5
9
-13
-34
-52
-20
-26
-52
-63
-68
-42
-41
-28
-41
-26
18
-5
-15
-30
1
-21
-54
-20
-4
-22
-23
-19
-48
-40
-17
-38
-59
-4
26
36
52
-12
-32
2
-13
-31
7
-1
-12
-11
-4
-15
0
-26
-47
-30
-37
-6
19
29
45
46
41
11
2
-13
-7
-6
-9
-10
-30
-15
-47
-44
-12
-12
-9
-14
15
45
10
25
53
72
57
23
4
-20
-7
29
-9
-43
-54
-26
-10
-44
-26
-1
0
33
1
12
36
54
53
44
60
32
8
22
0
-4
-13
-3
-53
-42
-32
-15
-26
1
6
5
8
-5
7
17
39
22
0
15
17
1
-19
1
17
-9
-33
-35
7
21
6
5
-8
6
35
51
44
38
48
43
21
2
1
40
8
-1
-50
-94
-50
-25
-20
-2
-1
-18
-13
-1
8
28
67
69
30
-8
26
13
-8
9
-24
6
-3
-48
-61
-28
1
-15
30
42
7
-14
29
37
34
23
8
-29
3
-9
-29
-3
-9
-24
-27
2
31
7
8
-32
-33
15
31
15
15
-11
-2
2
-5
-7
-61
-65
-3
51
40
33
45
40
62
24
9
48
30
8
-1
12
1
-28
-5
3
-5
6
0
-4
44
52
6
23
48
28
30
27
-23
-28
-39
-61
-74
-91
-57
-92
-87
-38
-33
-30
1
5
-9
-13
8
4
-9
-48
-40
-6
0
-29
-43
-10
-37
-65
-68
-59
-57
-46
-37
-10
-10
-15
-40
-27
-38
-52
-65
-11
-24
-31
-16
-32
-41
-24
-26
-59
-48
-18
-27
-45
-8
-13
6
37
1
27
23
12
13
-18
-30
-72
-110
-60
-36
-31
-17
-9
-17
0
30
38
47
70
46
41
41
44
15
-30
1
35
31
20
20
-5
26
26
41
40
29
-18
-4
31
35
16
3
21
12
-19
-16
3
7
-11
2
-9
14
20
5
-6
-26
-31
11
23
-12
-20
-22
-1
-5
21
31
-8
3
29
3
26
26
10
30
-13
-20
17
21
-4
-8
32
58
7
-21
-22
10
45
15
18
36
36
42
49
34
32
17
-2
2
2
-24
-53
-28
-26
-26
-22
-18
22
52
49
30
29
41
48
59
6
-5
22
16
21
-6
10
-1
-32
-3
3
-27
5
32
28
39
55
53
56
63
46
12
52
60
39
4
29
-15
-40
-36
-42
-22
26
30
-5
-14
10
19
35
69
70
80
99
76
50
53
48
38
17
8
-48
-74
-42
-39
-66
-24
-20
-9
9
6
-6
5
46
38
22
60
53
28
18
14
-1
19
8
-41
-47
-39
-23
-8
-2
13
34
48
5
12
50
62
44
45
40
47
64
71
27
44
72
93
99
145
175
193
224
255
312
361
339
353
361
380
437
461
480
532
573
612
684
722
752
719
657
566
519
549
690
885
1217
1573
1666
1375
1038
717
664
626
918
1437
1517
1564
1731
1801
1464
1284
1430
1893
2356
2458
2307
2319
2908
3793
4444
4786
4909
4646
4249
3702
3138
2574
1942
1489
1156
929
694
391
46
-274
-590
-977
-1371
-1732
-2005
-2312
-2585
-2877
-3151
-3362
-3431
-3406
-3458
-3488
-3419
-3347
-3281
-3188
-3078
-2953
-2833
-2711
-2629
-2506
-2380
-2257
-2144
-2052
-1922
-1782
-1706
-1595
-1449
-1289
-1175
-1048
-943
-869
-792
-727
-659
-595
-566
-512
-460
-380
-347
-340
-292
-207
-149
-122
-75
-41
-25
-19
-18
-31
-66
-66
-88
-89
-60
-83
-68
-69
-71
-58
-63
-53
-36
3
10
33
81
110
119
164
165
158
162
182
191
192
189
153
123
116
118
120
65
35
9
-8
9
28
33
45
40
42
45
31
11
18
3
19
-3
-24
-1
-6
-18
-29
-62
-57
-47
-47
-44
-43
-38
-36
5
-8
-47
-36
-29
-33
-11
-15
-53
-46
-57
-34
-55
-9
-8
-45
-65
-55
-38
-22
-3
-14
-10
10
31
28
-4
5
33
-27
0
-27
-43
-16
-19
-15
-37
-47
10
13
13
17
-9
-3
-7
-31
-28
-24
-39
-24
-22
-58
-49
-16
-29
-38
4
3
-2
7
28
30
28
10
-16
18
1
-37
-30
-34
-33
-59
-48
-32
-54
-41
-46
-31
-41
-17
-27
-35
-32
-38
-67
-36
-22
-82
-107
-96
-83
-95
-96
-90
-113
-57
-44
-59
-84
-98
-71
-74
-57
-55
-43
-54
-59
-53
-23
-27
-82
-94
-73
-51
-31
-60
-61
-55
-52
-26
-6
-5
-1
-19
-56
-44
-18
-8
-24
-32
-40
-35
-79
-41
-19
-61
-84
-89
-52
-54
-45
-30
-55
-43
-30
-50
-53
-78
-86
-108
-113
-127
-106
-104
-109
-102
-109
-83
-79
-80
-101
-86
-73
-114
-86
-99
-119
-161
-169
-145
-150
-159
-148
-111
-103
-102
-99
-68
-65
-72
-68
-31
-44
-62
-55
-58
-88
-109
-107
-130
-142
-143
-131
-122
-131
-168
-163
-135
-139
-161
-156
-121
-120
-139
-116
-117
-122
-116
-131
-111
-129
-97
-138
-167
-167
-156
-188
-170
-129
-140
-137
-120
-140
-77
-58
-27
-40
-55
-43
-29
-2
-7
-11
11
25
17
45
52
34
16
-19
-23
14
21
-17
-29
6
-7
-8
-17
0
11
18
14
8
31
63
34
-19
-14
-9
-67
-61
-49
-85
-55
-33
-68
-88
-121
-108
-110
-84
-51
-90
-103
-83
-91
-65
-56
-77
-53
-36
-66
-111
-145
-95
-81
-102
-86
-76
-93
-54
-51
-61
-13
2
0
-21
8
20
13
-6
-14
7
18
-14
-18
50
104
75
62
98
96
109
120
98
120
125
157
180
178
153
182
165
137
177
164
172
171
191
220
216
233
248
259
266
284
309
286
266
288
266
250
207
203
191
188
211
203
199
218
230
243
279
311
293
309
306
283
299
293
262
263
269
262
273
259
260
271
274
271
298
288
266
270
283
305
296
282
287
292
283
222
222
255
269
253
212
185
184
193
215
264
252
229
260
261
237
209
194
163
160
144
113
98
113
113
126
105
115
131
112
151
142
156
156
154
168
174
133
121
98
103
106
102
49
75
52
37
52
71
86
79
67
74
106
109
94
143
134
91
76
106
107
89
133
126
119
109
89
132
164
154
155
167
166
170
163
172
217
213
199
217
207
217
236
230
225
204
180
196
188
156
177
167
111
72
79
72
64
62
65
55
42
22
33
50
35
43
45
-8
-1
-6
-64
-44
-19
-19
-10
-31
-30
-47
-26
-17
17
3
-25
-29
-12
-12
-8
-46
-68
-71
-24
-8
-10
-6
-30
-23
-16
-13
-12
-11
-8
4
-23
-37
0
4
9
10
3
10
5
12
-28
-11
22
44
65
62
74
66
94
104
87
69
45
42
50
89
74
71
97
92
64
110
94
93
91
101
79
66
102
95
77
76
82
84
38
60
69
56
57
71
32
18
56
81
62
38
75
84
121
96
88
91
63
30
22
5
-10
28
40
23
37
33
37
51
41
54
48
70
72
90
83
47
45
26
40
27
22
56
64
18
37
75
78
93
109
80
63
84
77
36
15
19
25
9
16
11
-28
-30
21
40
78
61
-3
-14
23
6
11
14
7
-18
-3
29
22
44
22
39
32
32
9
48
11
-5
-11
-11
1
-30
-57
-42
-35
-8
-3
12
25
70
50
19
-5
5
-5
-24
-41
-51
-54
-44
-44
-44
-37
-36
-79
-69
-36
1
-7
-35
-23
1
-5
-32
-26
11
7
-14
-10
-35
-58
6
21
-29
-28
-7
-22
-67
-45
-33
-46
-58
-55
-69
-68
-45
-47
-42
-71
-78
-79
-89
-124
-128
-91
-123
-106
-110
-99
-98
-88
-99
-112
-127
-126
-109
-127
-144
-135
-138
-114
-98
-128
-155
-135
-104
-96
-117
-131
-148
-140
-124
-133
-127
-82
-79
-41
-29
-66
-93
-135
-127
-136
-134
-134
-119
-103
-91
-60
-78
-93
-62
-41
-67
-82
-67
-46
-47
-24
-40
-44
-61
-119
-90
-68
-81
-99
-99
-106
-97
-74
-38
-39
-34
-35
-40
-43
-35
-55
-70
-46
-79
-109
-96
-98
-96
-100
-112
-95
-58
-40
-41
-44
-24
-16
-43
-47
-44
-63
-58
-48
-68
-102
-94
-71
-57
-51
-75
-100
-96
-73
-33
-6
-9
-21
-15
-7
5
-13
-14
-22
-77
-71
-78
-80
-84
-89
-61
-60
-58
-42
-26
-15
-3
-27
-59
-76
-89
-102
-101
-120
-140
-131
-152
-160
-203
-208
-206
-216
-193
-229
-203
-142
-163
-209
-206
-178
-179
-200
-196
-229
-235
-211
-240
-279
-292
-283
-285
-265
-223
-183
-128
-118
-94
-74
-73
-56
-68
-7
3
24
61
58
37
71
126
160
169
161
165
167
168
138
125
142
136
140
145
151
148
163
167
190
193
197
177
168
182
164
169
183
157
135
168
110
88
64
77
53
68
63
56
19
6
38
29
19
51
45
44
0
-54
-123
-154
-186
-205
-253
-295
-402
-496
-588
-683
-770
-847
-848
-878
-907
-847
-757
-665
-556
-470
-380
-279
-209
-123
-101
-76
-33
-6
-29
-39
-21
20
10
14
42
85
94
116
143
159
192
203
199
233
240
244
235
253
234
219
182
157
143
117
92
72
67
73
44
49
25
29
73
63
64
34
56
46
57
88
69
18
43
57
97
138
147
140
153
98
94
93
91
73
41
43
23
56
105
83
111
148
143
150
153
149
151
151
150
161
130
124
121
84
103
60
49
12
-6
33
67
62
50
52
55
23
40
50
48
27
27
34
5
33
29
31
30
31
31
22
16
3
8
21
7
7
37
22
0
1
41
32
-6
20
4
-27
-42
29
54
32
-8
-41
-35
-26
-45
-34
-7
3
-6
5
1
-17
9
-5
-5
-31
-18
-22
-20
9
-13
-39
-45
-24
-51
-69
-8
8
-27
-16
-10
6
12
-13
7
56
45
37
38
14
-26
-8
13
-31
-31
-21
17
2
-45
-25
-28
-9
19
24
23
60
39
27
38
51
25
14
7
-20
-44
-38
-22
-8
-33
-26
-22
43
19
18
34
46
68
41
57
62
45
34
-14
-29
4
10
-11
-3
-16
-36
-27
46
78
72
109
115
93
93
70
58
66
81
75
40
50
75
51
68
77
75
63
106
100
91
90
104
90
108
69
57
83
42
20
25
35
34
45
32
37
23
58
54
38
58
34
48
60
56
34
19
39
72
54
27
22
-7
-24
3
-26
-11
24
32
30
28
65
72
79
69
72
80
84
72
39
27
15
9
-4
24
16
-10
-17
6
5
-11
-19
-21
3
34
19
4
-2
10
4
38
15
-22
-24
1
-49
-41
-34
-6
16
-17
-44
4
35
43
29
43
40
25
-28
-8
6
-9
0
-39
-54
-43
0
3
42
47
29
30
69
87
43
26
14
10
25
-6
-38
-12
14
14
11
23
18
47
52
50
39
19
55
46
25
-7
-25
-9
-23
-51
-85
-61
-48
-49
-41
-25
-20
3
-17
-29
-31
-12
-47
-60
-37
-60
-95
-89
-48
-46
-67
-82
-87
-88
-47
-46
