0
-10
-27
-36
-37
-35
-46
-45
-45
-59
-64
-55
-57
-56
-32
-19
-5
6
2
2
23
39
43
35
47
45
41
43
23
1
0
-5
-28
-49
-39
-33
-48
-50
-45
-24
-19
-25
-22
-15
-17
-14
1
-1
5
-13
-18
-23
-26
-23
-26
-24
-9
5
9
9
4
1
-9
-16
-25
-28
-11
-24
-34
-16
-12
-27
-25
-6
-1
-11
-7
-2
-8
-24
-9
10
-3
-18
-22
-17
-7
-9
-9
0
0
-1
-3
1
14
20
12
-10
-17
-14
-15
-4
-8
-24
-32
-37
-38
-57
-37
-5
18
28
15
1
5
3
5
-22
-45
-27
-12
-25
-29
-34
-46
-28
-12
-11
-16
-17
-8
6
11
3
-1
4
-2
-5
-10
-12
-18
-26
-22
-26
-41
-30
-15
-23
-32
-31
-28
-5
23
40
43
35
25
22
4
-4
-9
-19
-25
-48
-46
-28
-36
-65
-66
-44
-13
3
5
19
19
11
5
3
1
1
-9
-3
-8
-24
-2
-12
-21
-4
-2
-10
0
15
2
-19
-6
-8
-13
-15
-3
4
-9
-28
-38
-39
-36
-44
-45
-14
2
-17
-7
-6
-21
-23
-9
-21
-17
-12
-12
-19
-30
-35
-49
-41
-32
-27
-25
-19
10
23
16
8
-3
-8
1
-8
-17
-11
-15
-29
-19
-8
-9
-15
-17
-34
-37
-8
2
-3
-8
0
7
14
21
14
5
11
6
-16
-6
-8
-23
-16
-16
-10
-9
3
-10
-36
-33
-28
-4
23
18
8
2
3
18
7
-7
-11
-9
-6
-16
-24
-24
-38
-47
-53
-45
-57
-54
-36
-12
-10
7
38
39
45
33
16
25
15
5
-14
-36
-45
-47
-49
-59
-75
-39
-19
-22
-25
1
-5
-11
1
2
32
45
28
7
2
7
16
-9
-26
-28
-38
-49
-35
-31
-23
1
16
20
28
25
18
10
-7
-2
7
0
-13
-39
-38
-29
-3
11
10
-15
-16
-9
-7
-6
-17
-39
-23
-9
-8
-12
-1
6
-11
-17
-17
-36
-29
-24
-16
-2
8
6
-4
-8
1
-5
-8
3
-9
-7
-3
-17
-29
-25
-26
-5
-3
-2
3
16
33
33
42
42
23
18
21
3
-10
-18
-12
-18
-36
-55
-68
-79
-76
-58
-43
-3
18
6
3
2
1
20
29
27
14
12
14
-6
-11
-23
-44
-24
-24
-32
-26
-2
8
3
-11
-4
17
29
12
-4
-12
-17
-9
-9
-13
-18
-33
-26
-34
-28
-27
-19
-21
-2
12
6
6
10
1
-19
-22
-20
-28
-28
-23
-29
-22
-8
-13
-7
25
47
30
27
19
16
23
4
-11
-31
-35
-28
-20
-15
-20
-31
-28
-37
-42
-31
7
21
31
36
22
5
20
21
-2
-29
-33
-20
-27
-39
-44
-47
-50
-44
-40
-24
-7
-7
-6
13
23
38
40
35
30
9
-11
-24
-33
-43
-46
-44
-31
-34
-35
-15
23
25
1
3
4
10
17
17
3
2
-3
-23
-27
-36
-48
-47
-41
-39
-28
-14
4
26
32
23
6
18
21
18
25
37
12
-16
-19
-32
-29
-23
-28
-40
-31
-31
-22
-12
8
10
7
14
25
20
11
3
-9
-27
-37
-54
-49
-43
-53
-50
-36
-19
5
-5
-19
-23
-7
16
13
3
6
15
9
5
3
-11
-11
-7
-24
-24
-8
-23
-31
-15
-1
6
27
29
19
12
13
30
44
48
14
4
7
-12
-50
-55
-32
-39
-38
-22
-13
-1
-8
2
4
7
5
21
27
15
-7
-10
-20
-29
-41
-37
-31
-54
-57
-48
-31
-5
-1
-17
-20
6
24
26
36
30
15
3
-15
-28
-29
-27
-30
-23
-23
-20
-21
-25
-29
-15
0
-2
-13
-13
-2
-12
-9
-10
-5
-10
-17
-28
-44
-41
-26
-27
-24
-17
-5
17
20
36
45
50
38
27
17
-9
-18
-20
-24
-34
-51
-47
-54
-57
-28
-9
-1
5
18
9
-9
0
4
-4
-19
-11
-17
-8
-1
-11
-22
-15
-13
-29
-21
-15
2
23
7
13
7
-3
-9
-15
-17
-20
-19
-22
-39
-52
-47
-48
-55
-38
-21
-6
5
13
17
12
5
7
17
34
34
12
-11
-10
0
-1
-9
-21
-33
-32
-37
-38
-17
16
21
5
-3
4
8
28
26
26
13
1
-3
-19
-29
-32
-40
-27
-23
-20
-11
5
12
8
6
-7
-18
-13
-3
-4
-15
-26
-45
-44
-49
-45
-36
-14
1
-9
4
20
19
20
8
0
15
-1
12
-2
-29
-33
-32
-24
-40
-44
-20
-14
-15
-16
-17
-20
-19
-15
-3
7
14
16
5
6
-2
-21
-13
-5
-9
-10
-8
-12
-7
8
22
32
29
18
9
14
26
20
6
8
2
-13
-18
-26
-39
-41
-27
-19
-16
-5
5
7
11
17
-1
-1
8
8
-12
-17
-21
-38
-48
-54
-68
-50
-34
-37
-39
-9
5
19
31
29
43
53
58
50
23
14
21
2
-2
-5
-17
-33
-35
-32
-23
-8
-8
-3
15
1
-1
1
1
-22
-34
-35
-31
-44
-64
-65
-68
-70
-68
-58
-32
-13
-24
-27
-45
-50
-28
-1
-17
-20
-9
-21
-19
-16
-23
-40
-32
-32
-13
14
37
32
10
-2
-5
3
8
6
-15
-13
7
1
3
4
0
-7
-9
0
2
0
5
-5
-7
-11
-25
-3
15
5
-23
-18
-20
-53
-49
-30
-17
2
-11
-13
20
47
48
36
34
26
23
17
15
3
-3
-5
-33
-58
-45
-34
-39
-13
2
1
18
34
41
48
39
28
27
34
37
22
13
19
8
-19
-14
-26
-36
-32
-23
-18
-19
15
33
38
30
28
32
45
42
24
28
7
1
5
-2
-17
-19
-20
-32
-30
0
16
5
3
13
24
26
19
19
11
2
-4
-13
-10
-5
-23
-8
-9
-16
3
6
-2
-9
-9
-9
11
49
74
64
42
23
9
3
-7
-37
-43
-37
-32
-27
-22
-9
5
16
18
19
30
33
44
49
36
21
9
-2
-5
-11
-25
-35
-52
-74
-60
-56
-52
-26
-15
-13
-1
-6
-11
-8
4
6
-13
-10
-15
-36
-43
-50
-63
-66
-49
-38
-30
-23
-17
-3
23
32
33
39
67
59
55
48
28
17
11
31
28
21
17
16
5
3
-1
0
23
26
27
33
45
59
59
43
48
73
65
54
53
73
92
97
126
151
197
236
255
266
313
366
421
452
489
526
577
637
700
760
823
918
1011
1100
1178
1230
1286
1377
1482
1585
1696
1813
1936
2012
2044
2043
2052
2106
2171
2293
2402
2444
2494
2584
2603
2570
2562
2654
2861
3085
3247
3355
3527
3799
4089
4263
4375
4241
3846
3309
2765
2284
1784
1276
838
492
202
-81
-372
-737
-1163
-1601
-2022
-2404
-2714
-2995
-3256
-3513
-3760
-3966
-4117
-4189
-4203
-4162
-4093
-4002
-3861
-3718
-3585
-3438
-3288
-3157
-3010
-2851
-2696
-2537
-2387
-2239
-2087
-1929
-1790
-1666
-1521
-1378
-1231
-1118
-1017
-921
-829
-772
-742
-708
-671
-626
-594
-534
-471
-430
-407
-358
-331
-292
-246
-199
-184
-165
-136
-128
-123
-96
-51
-36
-25
-22
-10
-15
-13
-2
17
39
63
72
72
75
121
171
196
202
210
220
205
201
210
220
219
197
181
141
107
79
56
47
40
36
31
39
28
10
-13
-23
-23
-26
-27
-24
-3
5
2
-1
-40
-63
-80
-87
-108
-126
-124
-122
-130
-136
-144
-137
-133
-125
-119
-109
-103
-94
-81
-75
-59
-57
-70
-73
-62
-56
-40
-21
-17
-15
-17
-17
6
18
9
2
3
18
24
26
18
10
3
15
19
28
38
38
45
46
23
-6
-11
-12
-16
3
28
19
11
10
15
7
2
-19
-38
-29
-16
-16
-22
-46
-54
-48
-39
-50
-55
-73
-80
-84
-76
-67
-50
-60
-63
-69
-74
-75
-84
-83
-69
-89
-105
-91
-70
-79
-90
-80
-85
-91
-94
-77
-63
-61
-60
-73
-81
-92
-76
-57
-53
-72
-106
-116
-132
-149
-134
-99
-85
-97
-115
-121
-122
-120
-129
-128
-133
-136
-147
-147
-147
-142
-133
-119
-112
-105
-107
-109
-122
-121
-123
-122
-126
-120
-131
-143
-154
-165
-161
-145
-123
-108
-110
-108
-116
-120
-98
-90
-96
-104
-107
-115
-117
-109
-115
-136
-159
-158
-148
-156
-174
-193
-188
-186
-194
-195
-190
-186
-169
-155
-155
-165
-183
-191
-210
-211
-208
-213
-217
-214
-230
-234
-226
-226
-231
-248
-251
-250
-243
-234
-219
-206
-200
-188
-172
-162
-169
-171
-167
-170
-170
-150
-131
-125
-117
-117
-136
-143
-148
-145
-137
-120
-106
-101
-86
-72
-69
-51
-32
-22
-11
-6
5
5
-15
-29
-25
-19
-20
-31
-36
-30
-9
-1
8
11
-21
-25
1
16
43
56
15
-14
-23
-49
-68
-70
-74
-95
-101
-90
-98
-125
-134
-141
-146
-130
-123
-115
-95
-78
-89
-100
-96
-100
-103
-106
-115
-125
-123
-117
-124
-112
-96
-119
-118
-98
-85
-74
-68
-53
-42
-42
-57
-43
-29
-8
-7
-26
-42
-51
-61
-62
-63
-70
-70
-63
-55
-46
-40
-33
-39
-45
-51
-39
-12
-1
-13
-15
-8
-18
-16
-18
-36
-33
-16
-19
-28
-12
10
22
39
72
77
91
143
177
179
186
204
222
251
283
302
312
326
334
354
372
363
368
399
421
436
448
450
462
469
482
483
482
507
513
506
501
507
519
514
511
511
508
519
522
498
498
502
508
512
492
472
482
476
459
449
443
408
399
409
398
369
350
338
326
309
288
275
258
259
250
244
257
265
251
267
276
273
286
292
295
294
284
288
288
293
276
256
258
258
256
270
272
257
239
242
238
248
238
229
243
277
302
274
243
245
239
209
207
213
191
174
171
156
143
154
176
154
141
150
155
159
156
152
161
177
179
172
171
177
160
149
143
132
120
103
90
84
76
74
67
72
75
64
57
60
66
57
48
63
79
68
57
48
34
23
40
39
28
31
38
57
73
64
42
33
37
46
36
25
35
48
40
31
14
12
6
-3
14
15
25
45
65
91
112
109
91
86
86
83
51
37
19
18
9
27
18
11
16
9
11
35
35
41
41
50
59
73
66
49
52
54
50
51
49
41
27
17
32
53
77
79
75
67
72
74
69
57
55
62
56
45
60
69
76
58
35
32
30
22
21
27
49
51
52
51
44
47
37
30
25
2
-17
-25
-38
-59
-72
-77
-74
-62
-46
-53
-45
-37
-31
-28
-30
-44
-32
-25
-24
-36
-42
-58
-65
-54
-50
-71
-89
-80
-68
-68
-56
-47
-48
-51
-66
-95
-123
-128
-131
-129
-118
-94
-82
-82
-87
-87
-88
-89
-104
-99
-104
-119
-140
-138
-147
-162
-172
-181
-191
-174
-167
-164
-154
-141
-138
-132
-100
-82
-101
-98
-95
-97
-112
-114
-118
-132
-118
-112
-120
-124
-131
-136
-135
-110
-120
-132
-109
-98
-78
-63
-44
-37
-52
-61
-66
-69
-69
-63
-70
-90
-89
-85
-82
-86
-98
-91
-68
-50
-37
-12
-4
-9
-17
-29
-41
-33
-23
-37
-58
-82
-92
-117
-108
-100
-93
-73
-58
-51
-46
-47
-48
-49
-32
-25
-34
-49
-57
-57
-71
-77
-74
-53
-46
-67
-63
-42
-46
-53
-44
-32
-32
-41
-38
-47
-35
-21
-42
-36
-24
-33
-42
-38
-43
-48
-47
-43
-45
-36
-25
-5
4
12
15
4
4
-6
-32
-35
-38
-44
-46
-41
-46
-59
-73
-63
-52
-39
-31
-20
-20
1
2
5
11
4
-18
-24
-22
-28
-41
-47
-51
-54
-48
-70
-67
-40
-19
-34
-34
-22
-20
-17
-13
-8
-8
-7
-11
-26
-37
-53
-46
-34
-39
-45
-41
-33
-17
-8
3
34
43
35
25
11
5
17
38
41
27
25
33
54
53
53
68
70
64
59
48
66
102
119
120
110
120
107
90
66
57
52
22
14
19
35
42
66
76
72
75
69
67
80
89
84
80
65
57
52
57
28
1
-1
-1
5
21
32
40
48
58
53
35
26
42
65
70
60
51
61
75
75
83
70
53
65
86
103
85
75
68
59
76
106
99
94
90
86
77
66
52
31
-2
-16
-38
-73
-101
-119
-132
-147
-212
-274
-335
-378
-441
-502
-550
-583
-599
-601
-607
-575
-542
-521
-466
-392
-344
-288
-234
-184
-134
-93
-64
-45
-17
7
12
17
42
42
38
48
50
51
59
62
71
96
110
115
105
101
107
119
130
127
131
126
122
114
89
65
67
68
77
75
62
63
60
59
53
53
61
41
45
57
63
58
54
43
47
47
42
59
75
80
68
79
88
70
59
50
44
47
65
72
81
95
97
92
91
113
122
117
105
109
104
99
92
100
105
93
71
62
62
65
69
69
64
73
96
102
95
96
85
73
67
67
65
42
50
37
12
7
13
12
8
-1
-10
-20
-7
1
20
33
14
13
4
-8
-14
12
16
10
1
0
-12
-36
-32
-7
-12
-10
1
0
4
13
-5
5
25
39
43
52
47
36
31
38
32
26
24
7
-3
2
17
31
37
45
44
57
76
75
93
104
97
100
99
100
80
56
40
19
20
27
18
1
14
26
22
31
42
51
73
98
104
99
102
83
63
49
49
40
18
13
14
27
50
58
62
60
50
42
51
55
52
55
61
72
79
79
60
44
28
6
-10
-15
-11
-12
-15
-5
1
0
0
2
33
42
25
12
35
64
50
46
31
8
-10
-16
-15
-7
-16
-11
7
7
-3
2
15
40
34
19
12
5
0
1
3
-10
-14
-6
-7
-2
5
0
-3
9
3
-4
-16
-8
0
-1
11
-3
-19
-15
-13
0
22
36
20
1
0
0
-3
4
7
-6
-13
4
-5
1
5
-3
7
22
18
-5
-11
-9
-15
-13
-8
-18
-10
-6
-2
-3
14
34
35
27
26
31
30
22
-7
-24
-23
-21
-28
-42
-40
-34
-22
-19
-3
20
27
28
17
33
36
37
40
31
25
16
18
2
-18
-21
-18
-21
-20
-19
-19
2
17
29
51
53
27
25
33
24
20
16
3
-13
-20
-36
-59
-50
-14
-4
1
19
25
37
36
20
-8
-3
37
38
30
21
-4
-24
-25
-26
-17
-18
-17
-21
-21
-20
10
30
22
-1
19
33
27
26
16
1
7
-9
-13
-33
-38
-17
1
-10
-14
9
7
20
31
39
47
42
33
26
30
20
-15
-21
-29
-41
-44
-46
-41
-15
22
29
37
26
2
9
33
30
23
8
-2
-1
-11
-18
-21
-22
-25
-24
-14
6
28
29
20
3
8
14
20
6
-1
-7
-22
-27
-43
-53
-46
-31
-17
-16
-2
17
33
33
32
32
35
40
29
16
-5
-7
5
0
-16
-22
-33
-13
-4
-15
-7
-3
-4
5
18
22
16
18
-3
-22
-31
-33
-27
-29
-23
-31
-32
-5
-9
-12
-14
-23
-13
7
30
40
49
42
23
17
21
2
-14
-19
-26
-39
-18
-1
-11
-16
-6
-10
-9
7
15
18
29
25
16
25
33
38
29
9
0
-17
-3
-11
-41
-54
-42
-34
-22
-18
-25
-11
-5
11
27
46
54
33
22
20
1
-22
-22
-28
-44
-38
-30
-47
-40
-22
-19
-20
-32
-36
-29
-11
16
37
37
18
-6
-8
-19
-12
0
-8
-9
-23
-29
-24
-27
-21
-15
-2
16
38
39
29
33
38
34
17
-1
-6
5
-5
-3
-10
-11
-22
-37
-22
-25
-31
-23
-8
-4
-4
-14
9
35
23
2
-10
7
1
-23
-28
-22
-39
-16
1
-3
-10
-6
-1
-1
3
5
17
25
13
0
-11
-13
-12
-21
-36
-35
-24
-20
-24
-18
2
9
2
-20
-11
7
11
9
-14
-22
-15
-14
-23
-24
-16
-8
-26
-20
11
14
6
14
28
37
21
8
17
8
-9
-1
6
8
1
13
21
11
9
12
21
22
20
24
19
15
22
20
19
2
3
12
14
25
17
4
8
-4
-13
-3
11
26
36
31
15
29
28
-11
-40
-42
-49
-41
-18
-19
-25
-19
1
11
11
-1
11
14
2
-10
-9
-1
-7
4
-1
-20
-33
-33
-43
-34
-23
-9
9
20
26
44
53
42
30
15
16
10
-4
-3
-16
-24
-21
-24
-36
-39
-42
-36
-41
-34
-10
8
15
26
38
35
23
14
20
29
18
-2
-19
-15
-11
-29
-34
-35
-24
-11
7
18
8
-1
6
21
33
45
49
27
3
6
16
5
-26
-45
-56
-43
-31
-21
-21
-7
16
37
37
30
36
26
27
13
9
13
11
-32
-58
-56
-41
-33
-10
-2
3
-2
-11
-17
-12
4
12
7
-1
6
4
-5
-12
-19
-37
-34
-35
-27
-21
-19
-13
4
9
29
25
9
9
12
15
-1
-15
-6
4
-9
0
-9
-26
-34
-46
-44
-27
-8
17
23
33
44
43
40
21
-5
-14
-20
-19
0
5
-16
-37
-24
-9
-13
-16
-7
1
-20
-21
-14
-7
12
22
22
10
8
-5
-32
-30
-35
-31
-31
-40
-34
-11
21
19
12
32
22
-5
-8
-13
-36
-30
-1
3
-16
-26
-31
-30
-24
-19
-4
25
24
3
-2
2
6
18
13
17
7
-9
-25
-44
-37
-33
-43
-32
-25
-34
-27
-11
-2
-8
-20
-8
12
14
-3
-3
3
-4
-16
-14
-15
-33
-42
-52
-45
-30
-10
14
19
25
18
22
6
-5
-19
-15
0
8
0
-12
-4
-12
-21
-32
-23
-7
9
15
13
24
41
34
22
9
4
7
18
4
-31
-35
-38
-53
-40
-30
-12
0
-2
4
8
-4
-24
-10
16
24
11
7
13
2
-9
-23
-30
-44
-71
-67
-48
-23
-13
-11
-14
2
9
31
42
24
16
-1
-12
1
-17
-37
-51
-31
-14
-26
-33
-39
-36
-25
-5
0
9
12
0
-6
16
12
-14
-26
-25
-41
-56
-35
-18
-14
-14
-5
0
5
5
16
18
20
8
13
27
42
16
-4
-15
-28
-24
-27
-33
-38
-11
20
16
8
20
21
26
50
51
35
33
10
-29
-35
-19
-31
-37
-38
-43
-44
-22
-18
-33
-36
-10
6
17
27
20
21
9
7
-26
-52
-55
-50
-46
-67
-55
-35
-19
-19
-24
-7
-9
-18
-20
-10
-2
7
27
26
13
12
8
4
-5
-32
-53
-48
-32
-39
-48
-45
-23
10
14
2
3
6
6
-19
-41
-35
-31
-11
-11
-32
-50
-45
-37
-38
-40
-49
-32
-12
0
-8
-15
1
11
-11
-33
-35
-30
-19
-17
-29
-25
-33
-42
-26
-16
-10
-6
-1
-12
-12
10
30
24
7
2
4
3
-10
-20
-33
-24
-18
-24
-7
18
17
14
36
43
45
60
48
23
10
13
-1
1
-8
-10
-5
-1
-12
-21
-9
12
32
57
63
50
36
35
29
15
-2
-22
-33
-34
-37
-34
-27
-18
-16
11
33
24
7
10
22
32
23
10
-1
-1
-3
-28
-33
-27
-14
-4
-2
-1
-2
13
25
20
18
13
-1
-3
4
0
-32
-34
-35
-55
-39
-34
-47
-44
-31
-36
-38
-25
-22
-19
-2
17
27
30
34
19
-12
-29
-37
-35
-27
-23
-30
-47
-43
-39
-31
-14
-11
3
16
12
14
11
5
-7
-7
3
-4
-7
-6
-11
5
2
-2
-10
-6
14
11
7
11
6
-6
-6
2
-9
-15
-15
-15
-5
-5
-8
-5
-4
0
-6
-18
-15
-10
4
18
25
33
26
6
-11
-8
-21
-43
-42
-26
-6
-10
-13
-1
7
3
5
13
35
35
12
3
17
18
7
16
8
-7
-26
-43
-33
-2
9
5
2
7
15
27
26
15
22
46
55
40
52
66
67
101
117
139
187
237
276
325
379
421
454
498
532
560
603
676
748
822
893
972
1060
1160
1236
1279
1305
1337
1414
1534
1693
1870
2053
2192
2202
2140
2067
2103
2242
2437
2796
3142
3306
3415
3478
3397
3200
3018
2986
3093
3171
3127
3051
3102
3330
3585
3747
3799
3590
3159
2595
2020
1511
981
465
49
-253
-502
-752
-1041
-1378
-1745
-2080
-2408
-2717
-3013
-3270
-3515
-3759
-3964
-4141
-4252
-4267
-4234
-4199
-4109
-3963
-3793
-3629
-3456
-3279
-3108
-2922
-2738
-2576
-2410
-2235
-2077
-1927
-1796
-1671
-1534
-1407
-1279
-1160
-1065
-973
-896
-831
-756
-709
-696
-688
-676
-648
-608
-570
-546
-511
-491
-440
-361
-298
-240
-201
-161
-138
-149
-150
-110
-78
-39
-21
-30
-27
-15
-15
-27
-23
-28
-37
-29
-22
-18
-7
13
35
44
62
86
101
116
115
113
116
114
99
84
63
15
0
13
18
13
4
5
8
-2
4
9
15
15
19
33
39
38
13
-11
-38
-48
-36
-46
-56
-48
-49
-57
-61
-67
-76
-84
-79
-64
-42
-28
-17
-11
-12
-16
-10
-23
-21
-14
-22
-38
-60
-69
-59
-48
-55
-63
-52
-37
-27
-9
6
7
11
19
28
30
5
-27
-38
-40
-46
-68
-87
-80
-73
-69
-70
-72
-58
-38
-21
1
16
-5
-17
-13
-15
-28
-25
-13
-29
-39
-36
-49
-58
-52
-36
-41
-32
-21
-6
-3
-10
-1
-8
-28
-15
-21
-23
-33
-46
-56
-63
-74
-81
-72
-58
-45
-43
-37
-29
-17
-5
-2
4
16
1
-8
2
-6
-17
-29
-46
-61
-46
-30
-32
-12
-20
-34
-21
-2
12
16
-1
-15
-23
-12
-2
-1
-22
-19
-31
-54
-65
-42
-41
-51
-63
-60
-54
-43
-25
-21
-15
-10
-20
-36
-48
-54
-67
-68
-84
-91
-81
-79
-88
-89
-93
-99
-109
-103
-90
-89
-76
-68
-79
-97
-97
-105
-117
-119
-139
-155
-158
-161
-157
-150
-144
-156
-143
-142
-149
-159
-151
-158
-172
-177
-179
-172
-155
-150
-151
-154
-167
-172
-178
-177
-175
-189
-203
-202
-204
-194
-195
-193
-197
-193
-169
-159
-148
-158
-177
-179
-180
-181
-181
-197
-217
-221
-230
-233
-236
-233
-237
-244
-237
-219
-210
-198
-198
-210
-205
-190
-198
-205
-211
-218
-221
-226
-212
-215
-233
-248
-234
-224
-214
-208
-218
-213
-211
-220
-232
-229
-232
-238
-239
-233
-225
-219
-215
-206
-191
-186
-176
-178
-186
-195
-199
-208
-212
-195
-166
-152
-157
-147
-147
-138
-122
-111
-99
-77
-55
-42
-30
-7
8
6
17
29
40
51
62
55
71
69
67
75
86
90
74
74
73
62
77
79
71
67
81
86
99
106
114
125
131
138
138
121
103
96
94
86
89
86
83
74
88
95
94
95
109
125
141
140
147
169
182
198
202
208
215
235
222
199
211
222
234
237
235
226
228
243
248
275
303
329
341
354
366
347
345
362
350
354
339
338
339
336
343
344
342
334
329
339
329
320
297
306
319
322
331
327
314
306
291
288
276
264
247
246
250
254
268
268
265
270
272
270
267
268
272
254
253
265
266
248
252
237
212
193
194
182
189
201
200
182
186
199
198
203
198
191
195
191
191
182
163
138
116
103
97
91
90
93
91
92
95
101
112
96
96
115
109
99
110
120
111
73
49
41
34
29
17
31
48
66
78
91
99
102
84
73
69
72
72
54
32
23
21
20
3
-6
-3
-1
6
13
14
12
30
70
67
61
56
57
38
28
18
9
-4
1
8
9
24
28
10
9
9
10
38
59
61
68
83
78
74
67
67
53
32
24
22
18
15
11
31
26
31
35
45
45
48
65
73
63
37
29
22
25
22
8
5
-1
4
-4
-13
-11
-16
-5
24
29
43
39
29
13
10
-4
7
21
17
5
-1
-7
-3
-4
-5
-13
-17
3
17
5
14
18
6
5
23
13
1
-9
-17
-20
-22
-40
-39
-28
-29
-36
-30
-26
-36
-10
12
9
-2
-2
-8
-14
7
23
12
-2
-12
-24
-28
-29
-36
-55
-43
-29
-28
-15
-2
21
35
29
27
15
23
35
29
27
31
30
29
17
-8
-19
-32
-33
-24
-9
-1
17
26
19
30
34
38
39
51
35
7
0
5
3
-34
-50
-40
-46
-56
-48
-40
-51
-56
-45
-44
-61
-78
-80
-65
-71
-77
-78
-67
-73
-68
-54
-62
-61
-52
-54
-49
-46
-48
-55
-60
-46
-38
-33
-46
-54
-62
-81
-94
-88
-71
-30
-5
3
7
19
22
42
60
63
64
62
38
22
15
3
17
7
-3
-16
-11
-8
-20
-6
6
12
23
16
6
10
27
33
19
23
32
33
13
7
8
19
6
-13
-19
-7
13
13
1
3
8
-5
-6
13
6
9
15
13
7
6
7
-4
-17
-45
-60
-60
-51
-41
-36
-44
-56
-62
-55
-50
-41
-49
-40
-41
-47
-46
-43
-50
-44
-49
-59
-72
-87
-71
-57
-56
-45
-37
-18
-17
-2
-4
-14
-25
-35
-55
-69
-63
-61
-61
-75
-62
-52
-32
-27
-18
-8
-3
5
1
7
17
16
-2
-15
-30
-35
-43
-48
-38
-31
-26
-25
-20
-13
-8
3
12
18
30
41
41
18
-15
-31
-41
-33
-18
-32
-24
-18
-13
-11
-9
-3
-7
2
11
15
44
52
46
50
34
2
-18
-10
2
-9
-3
11
17
20
35
41
74
98
103
106
108
92
82
80
80
69
66
68
40
20
23
44
56
65
84
90
85
77
61
64
66
60
40
27
26
13
9
9
-5
3
12
23
26
17
11
0
4
-4
-16
-31
-43
-42
-59
-73
-79
-103
-122
-136
-137
-147
-152
-147
-126
-98
-78
-58
-43
-17
-16
-17
-16
-30
-29
-35
-30
-35
-40
-40
-11
-10
-25
-35
-25
-1
9
16
29
36
41
32
57
68
57
50
40
52
45
36
32
25
14
7
3
20
30
39
34
23
16
22
43
60
68
51
38
38
46
41
32
24
2
-10
-17
-4
-8
-20
-37
-41
-31
-27
-45
-39
-18
-11
0
16
10
15
25
21
6
-15
-34
-34
-34
-43
-46
-34
-24
-26
-27
-7
16
16
6
-7
-7
7
6
-5
-21
-35
-45
-45
-32
-22
-8
3
3
1
27
63
48
28
48
36
11
4
-2
-7
-6
-8
-26
-22
-20
-31
-27
-11
-7
-3
8
10
8
11
11
19
18
12
16
9
7
2
-23
-38
-32
-20
-12
5
15
15
18
26
3
1
25
34
19
8
13
15
9
-18
-48
-49
-41
-34
-40
-31
-38
-39
-17
-2
15
36
20
1
2
16
-8
-16
-5
-9
-18
-9
-7
-6
-18
-12
3
0
-13
-25
13
41
42
41
54
71
53
29
14
-13
-3
17
18
36
51
50
31
37
23
17
27
35
25
10
14
17
2
5
28
24
29
37
26
27
41
35
23
15
7
-12
-7
0
12
2
-3
8
16
20
11
15
27
28
37
53
48
46
35
25
6
5
3
-9
-22
-22
-18
-6
17
18
-4
-8
2
31
40
45
57
59
50
31
22
23
8
-15
-26
-12
-16
-33
-33
-33
-41
-23
-10
-10
-15
-9
4
22
28
41
38
34
30
26
12
24
32
21
4
-12
-28
-31
-12
16
35
40
30
42
38
34
38
65
76
67
59
48
23
14
25
7
-12
-10
1
9
31
35
23
29
26
42
65
67
66
67
60
47
26
9
-5
-5
0
-3
-5
17
13
6
0
-9
-9
1
13
9
6
26
44
35
11
11
10
13
13
4
-12
-18
-14
-7
-7
1
-8
-9
-1
17
24
42
53
51
49
38
5
7
12
20
-6
-6
-16
-27
-28
-18
-31
-34
-27
-26
-25
-1
18
13
3
19
21
19
23
17
5
-5
-14
-11
0
11
-3
5
13
0
-2
8
26
23
4
-5
-1
27
17
3
6
15
10
1
-6
-19
-14
-11
-18
-17
-27
-24
-21
-24
-20
-29
-31
-8
6
4
10
19
17
27
37
38
42
38
15
-13
-19
-32
-21
-8
1
1
4
2
-20
-13
-4
21
33
28
19
20
42
36
13
4
-8
-21
-35
-33
-43
-32
-17
-26
-38
-23
-2
-6
-15
-11
4
15
8
-1
-5
-1
3
4
-13
-23
-30
-24
-25
-26
-17
-10
-9
5
18
26
35
53
46
24
15
10
-1
-11
-13
-27
-41
-37
-41
-54
-48
-37
-25
-22
-19
-4
22
28
22
16
22
17
4
-11
-19
-40
-37
-33
-50
-60
-55
-37
-36
-19
-20
-34
-37
-25
-4
18
23
8
-15
-15
-1
-7
0
-22
-46
-40
-22
-32
-43
-47
-33
-36
-43
-36
-24
-20
7
22
17
17
-1
-8
1
1
4
-2
-10
-26
-44
-28
-37
-51
-60
-66
-63
-36
-8
-3
-8
1
8
11
10
14
8
1
-1
-9
-26
-38
-36
-31
-39
-46
-48
-31
-8
-7
-7
-6
-14
-4
0
-2
9
13
-3
-22
-33
-24
-21
-17
-37
-35
-39
-27
-31
-43
-21
-1
1
9
-3
-19
-29
-25
-9
-24
-23
-31
-44
-56
-66
-67
-38
-22
-15
-7
10
0
-1
-8
-6
-10
-5
-9
-15
-23
-35
-29
-25
-24
-29
-26
-15
0
-2
-5
-9
-15
3
14
-3
-20
-14
-16
-40
-55
-65
-75
-55
-34
-21
1
-3
-12
-11
-1
8
15
26
23
3
-1
6
-4
-30
-37
-29
-33
-32
-45
-43
-37
-25
-20
-16
-6
4
4
16
15
-12
-14
-21
-32
-45
-49
-63
-63
-47
-50
-55
-24
-2
-18
-27
-32
-26
-13
12
5
-6
-2
-3
-11
-37
-49
-57
-42
-42
-36
-14
6
9
22
20
7
-2
5
6
-14
-33
-47
-35
-49
-64
-63
-46
-30
-11
-7
6
25
20
16
12
9
9
0
-9
-7
4
12
-3
-27
-32
-45
-47
-33
-35
-46
-26
-19
-12
9
20
30
21
3
-7
-11
-2
-21
-41
-40
-41
-57
-56
-40
-31
-24
-16
4
8
12
23
31
27
2
-11
-14
-6
-3
1
-9
-26
-14
15
24
5
17
25
17
18
15
2
-9
-22
-29
-27
-29
-31
-26
-28
-11
-21
-11
12
16
27
50
42
29
15
4
2
-2
-12
-20
-22
-27
-40
-56
-53
-36
-42
-18
-3
3
4
20
8
9
0
-11
-3
12
2
-7
-9
-3
-14
-7
18
6
-6
7
0
-14
-14
-2
-8
0
11
-3
-10
3
16
24
33
27
29
17
-1
-13
4
10
6
11
21
11
-5
-14
-13
-6
-8
-13
-22
-9
-1
-2
-8
-6
-1
-7
-9
-28
-30
-26
-31
-43
-43
-45
-48
-56
-53
-64
-84
-75
-68
-77
-71
-75
-64
-50
-52
-70
-67
-45
-12
-20
-26
-20
-22
-25
-43
-66
-64
-56
-63
-58
-50
-39
-42
-32
-19
-13
-1
19
11
-3
7
20
11
8
9
4
1
11
3
-16
-18
-14
3
23
22
22
35
56
54
44
35
25
25
38
20
-16
-28
-22
-29
-25
-12
-16
-10
11
12
-5
-5
21
36
43
54
46
46
67
68
58
55
51
8
-11
-8
-29
-26
-19
-15
-19
-4
0
-11
-3
-9
-14
4
22
16
21
44
33
7
2
4
-1
-5
-18
-32
-19
-9
-10
-11
-17
-7
9
23
44
47
45
50
40
16
15
6
1
-1
-13
-33
-32
-32
-37
-36
-30
-24
-4
5
8
10
8
18
7
-12
-6
-9
-19
-26
-41
-45
-22
-19
-36
-41
-47
-36
6
-2
0
-3
27
26
19
29
30
23
4
-15
-26
-28
-21
-22
-16
3
16
35
44
24
10
6
10
-14
-22
18
28
10
15
13
9
3
-1
-10
-3
-13
-13
-2
19
20
19
25
26
24
38
43
27
21
25
6
-4
9
18
26
36
38
35
63
81
84
82
89
80
57
57
59
39
40
42
24
16
20
22
7
13
13
20
40
42
32
52
85
102
108
125
140
181
224
236
257
303
342
360
390
430
467
507
559
604
655
726
794
879
979
1063
1133
1209
1278
1351
1435
1521
1615
1727
1835
1916
1977
2055
2148
2218
2313
2382
2378
2418
2516
2550
2491
2459
2506
2690
2924
3162
3421
3778
4273
4807
5253
5537
5518
5161
4648
4141
3734
3317
2862
2432
2052
1685
1310
933
556
113
-417
-941
-1431
-1888
-2308
-2719
-3128
-3501
-3803
-4042
-4215
-4322
-4353
-4365
-4390
-4364
-4303
-4213
-4100
-3956
-3828
-3699
-3569
-3421
-3234
-3067
-2913
-2737
-2539
-2357
-2190
-2016
-1845
-1704
-1564
-1426
-1298
-1167
-1082
-1031
-1003
-955
-903
-829
-743
-672
-606
-530
-455
-403
-377
-349
-333
-315
-320
-317
-320
-303
-279
-264
-253
-244
-231
-210
-206
-212
-211
-177
-136
-106
-82
-67
-51
-28
0
17
43
63
78
89
99
84
57
85
101
89
81
80
61
50
43
32
38
44
36
22
26
40
45
55
66
65
55
49
44
47
46
44
33
21
-6
-17
-7
-6
-7
-20
-34
-39
-33
-10
-3
5
12
25
27
49
40
34
31
46
54
47
41
19
3
3
4
0
-10
-11
-1
-2
14
33
32
45
43
40
34
42
28
8
-3
-14
-28
-27
-25
-48
-70
-65
-70
-62
-39
-17
-7
1
7
11
0
-11
-22
-19
-14
-38
-51
-59
-52
-37
-27
-30
-43
-39
-41
-44
-36
-22
-22
-14
1
1
-7
-13
-10
-18
-23
-39
-58
-71
-71
-61
-60
-65
-62
-51
-42
-38
-31
-35
-26
-24
-3
10
1
-12
-24
-42
-45
-50
-61
-69
-69
-64
-68
-62
-58
-53
-45
-23
-11
-15
3
23
16
-4
-20
-39
-54
-54
-66
-79
-78
-81
-74
-65
-66
-55
-49
-41
-44
-24
-4
-15
-21
-38
-48
-41
-49
-66
-80
-99
-100
-104
-113
-101
-87
-82
-69
-57
-54
-44
-39
-53
-64
-67
-70
-93
-109
-101
-115
-131
-130
-121
-111
-104
-86
-91
-95
-86
-83
-77
-77
-82
-87
-100
-113
-101
-89
-87
-111
-113
-117
-116
-100
-83
-80
-94
-91
-75
-77
-75
-88
-99
-92
-89
-97
-105
-113
-136
-168
-181
-166
-169
-176
-152
-135
-130
-134
-143
-143
-138
-138
-154
-165
-182
-206
-235
-225
-221
-227
-244
-248
-235
-235
-228
-240
-238
-225
-223
-230
-214
-221
-235
-240
-228
-224
-231
-237
-248
-247
-240
-250
-258
-263
-260
-257
-248
-231
-222
-202
-191
-208
-226
-240
-255
-267
-286
-299
-303
-306
-311
-312
-310
-309
-305
-302
-316
-319
-300
-286
-286
-295
-296
-289
-288
-301
-312
-323
-328
-321
-309
-293
-291
-285
-285
-270
-268
-239
-214
-203
-187
-167
-153
-141
-129
-123
-117
-128
-134
-117
-114
-104
-86
-78
-85
-88
-72
-57
-30
-14
2
39
57
63
60
69
66
58
53
63
78
102
111
117
126
132
140
157
185
195
199
227
259
263
294
306
310
315
336
346
372
382
391
398
407
418
432
430
426
416
417
421
420
410
420
415
405
398
406
419
431
443
460
467
459
457
450
449
440
413
410
413
397
373
367
371
371
386
392
399
382
379
378
368
373
354
328
315
314
315
324
326
301
271
261
246
245
245
234
227
230
235
232
216
209
207
209
205
195
185
172
165
158
141
128
127
131
133
117
100
93
83
77
67
77
74
79
84
77
84
88
85
81
66
36
38
34
38
38
40
37
34
38
63
67
64
53
46
45
30
28
13
8
1
-1
5
25
25
35
59
44
38
31
41
45
37
32
25
23
25
23
7
0
-3
-10
-2
5
-1
30
29
17
17
8
6
-2
11
11
13
8
-4
-8
-11
4
-8
-27
-28
-13
4
12
20
34
33
38
30
25
19
-6
-14
-9
-12
-10
-2
-2
-5
-12
6
26
30
31
25
5
8
3
-10
2
8
-7
4
6
-7
-3
-10
-20
-16
10
20
12
23
23
21
20
17
7
-11
-3
2
-6
0
2
6
2
5
12
20
42
39
17
20
32
25
20
9
-21
-24
-15
-30
-16
0
-5
-19
-14
-14
-12
-6
8
17
30
22
11
11
-1
-17
-13
-12
-26
-42
-23
-10
14
26
35
34
22
19
18
11
18
18
-12
-2
1
13
20
13
-1
0
8
20
32
28
19
12
-1
12
38
29
25
19
4
1
-4
-5
-10
-22
-15
-5
2
-3
-15
-20
-9
-13
0
19
24
16
10
4
3
12
6
-24
-43
-51
-39
-12
7
7
-3
-11
-15
-24
-15
-11
-14
-9
11
11
1
2
-8
-38
-59
-53
-50
-57
-45
-47
-52
-44
-38
-48
-54
-46
-36
-23
-14
-10
-17
-23
-42
-56
-48
-59
-65
-60
-55
-56
-44
-36
-12
5
5
14
20
33
38
23
17
21
11
-17
-20
-19
-8
-4
-4
-14
0
12
9
8
5
6
27
38
23
-6
-14
1
12
3
-13
-30
-30
-29
-32
-32
-13
-13
-20
0
11
5
5
-3
-14
-25
-28
-20
7
24
0
-25
-16
-24
-31
-30
-35
-28
-16
3
9
4
3
16
29
30
19
-5
-7
-26
-34
-14
-4
1
-5
-13
0
-7
-7
11
10
11
3
14
27
31
54
45
19
12
-8
-16
-11
-17
-28
-14
-10
-22
-14
-12
-7
-5
-12
-8
3
7
-2
-9
-6
-8
-12
-11
-19
-27
-20
-41
-31
-14
-13
8
22
28
28
17
27
25
11
4
-4
-5
-16
-15
-19
-29
-36
-25
-9
11
7
1
11
39
57
61
54
39
37
37
22
-6
-12
-14
-32
-20
-9
-18
-25
-5
2
18
43
58
58
50
56
74
80
68
63
64
63
50
33
34
37
49
59
51
42
59
81
91
74
66
58
42
46
27
3
11
30
31
42
52
32
22
29
19
6
10
10
-3
-17
-14
-11
-31
-27
-25
-36
-35
-17
-33
-33
-35
-37
-34
-30
-34
-29
-20
-17
-35
-44
-17
-6
7
-5
-14
-3
5
7
15
22
11
-1
0
18
17
13
29
54
56
53
65
76
112
121
90
66
64
49
40
45
42
26
27
31
34
21
14
3
3
30
50
58
54
52
46
35
22
8
-6
3
2
-6
-5
-22
-22
-4
19
33
19
3
-8
9
20
16
-5
5
17
9
4
0
-6
3
-7
-5
1
-1
-1
-5
-3
-6
3
29
22
27
18
-3
0
-12
-23
-20
-24
-19
-7
-12
-8
-6
-17
-21
-2
7
10
13
19
25
29
39
24
23
24
7
-4
7
9
13
14
22
30
33
39
37
51
52
51
47
59
71
52
28
7
8
26
34
30
30
27
24
26
35
41
39
38
34
22
13
7
8
21
22
20
3
7
11
22
28
46
34
19
24
33
39
33
19
17
10
7
2
2
9
16
19
34
49
62
87
82
69
59
45
25
6
-13
-25
-34
-23
-16
-13
-18
-26
-33
-29
-20
-13
-15
-9
-5
-9
-25
-45
-41
-24
-25
-45
-57
-39
-32
-28
-5
7
-4
15
4
-14
-11
-1
-7
-23
-33
-30
-26
-20
-38
-49
-33
-14
-9
-11
8
6
23
45
33
19
13
16
-2
5
1
-29
-36
-44
-59
-64
-53
-36
-28
-21
-10
-21
-18
-16
-16
1
21
20
10
5
13
23
13
-4
-26
-41
-39
-43
-66
-59
-57
-64
-36
-10
-3
-3
19
33
33
25
10
3
9
6
-1
-17
-9
-20
-29
-31
-40
-35
-25
-34
-27
-14
-8
-1
17
31
32
29
20
7
-15
-37
-42
-23
-14
-28
-66
-65
-35
-16
-8
-3
-1
-15
-3
5
2
-8
-19
-5
-25
-26
-24
-37
-40
-46
-61
-50
-32
-43
-42
-24
-10
-1
2
-4
-9
2
-9
-26
-30
-34
-28
-26
-32
-35
-27
-10
-3
16
25
18
20
31
30
17
12
7
-3
-25
-34
-31
-22
-12
-16
-35
-31
-37
-41
-28
-4
17
7
6
-2
-3
0
-13
-19
-19
-24
-20
-24
-35
-43
-33
-30
-22
-9
5
25
40
33
26
22
3
-6
-4
-6
-14
-12
-23
-36
-31
-28
-30
-29
-34
-26
-16
5
-3
-3
18
21
20
8
-3
-7
-20
-24
-25
-21
-22
-26
5
9
-6
-4
8
-5
9
18
24
13
19
15
-3
-4
-7
-12
-30
-28
-42
-53
-46
-35
-14
6
6
-9
0
21
29
26
42
32
23
18
17
7
-4
-9
-18
-14
-4
3
-3
-15
-27
-20
-1
11
26
34
37
32
10
2
11
8
0
2
-25
-35
-37
-42
-44
-27
4
9
4
-2
-10
18
35
45
42
50
25
-6
-17
7
24
22
4
-15
-19
-8
-17
-35
-36
-40
-30
-9
6
8
24
35
23
9
9
13
19
14
-6
-25
-21
-27
-46
-44
-25
-12
2
2
-7
-3
4
12
19
27
18
-8
-7
-5
-30
-21
-16
-25
-28
-29
-25
-19
-1
0
-3
0
13
22
20
2
-20
-21
-14
-16
-29
-44
-28
-29
-24
-22
-19
-18
-13
5
24
23
17
10
5
4
-1
5
-6
-25
-25
-17
-18
-43
-48
-34
-32
-17
2
7
14
6
4
12
14
4
-5
3
-6
-18
-17
-14
-15
-24
-17
-5
-1
13
15
8
-1
7
0
0
4
1
-8
3
5
-1
-10
1
8
-1
-6
-8
-3
-1
6
14
-1
4
5
-10
-26
-23
-16
-17
-10
-3
2
-6
-14
0
12
-3
-8
-4
-8
-12
-10
-20
-27
-25
-26
-52
-50
-38
-33
-15
6
1
-13
-4
2
1
3
12
17
29
32
17
2
7
9
-15
-27
-26
-36
-43
-27
-4
-2
17
21
33
39
25
33
48
49
34
31
28
12
-1
-10
-20
-26
-27
-40
-39
-33
-13
-16
-17
0
12
3
22
32
16
9
5
-8
0
12
-6
-31
-34
-38
-36
-36
-21
-3
31
56
57
50
64
68
80
90
92
86
88
68
52
26
14
7
-12
-21
-40
-41
-32
-32
-34
-13
-9
-9
-18
-32
-40
-34
-16
-5
-16
-19
-13
-38
-59
-70
-91
-92
-95
-82
-78
-76
-67
-77
-80
-81
-71
-55
-30
-39
-33
-23
-22
-31
-32
-43
-51
-39
-54
-58
-53
-33
-41
-48
-40
-26
-24
-11
-11
-16
-16
1
13
-7
-21
-26
-13
0
14
1
0
1
-16
-15
2
-6
7
16
2
-1
17
29
26
8
3
0
26
41
30
26
36
29
16
31
29
13
11
11
11
16
28
32
20
16
21
21
44
36
10
5
14
18
28
31
14
8
3
-2
-6
-8
-1
-12
-14
-8
-2
8
19
18
28
40
43
19
1
-3
-23
-29
-33
-48
-43
-29
-40
-39
-23
-5
-2
11
25
43
44
38
21
2
-6
-9
-13
-4
-5
-12
-19
-18
-12
-16
-15
-19
-31
-10
-2
16
42
49
42
36
32
21
16
18
12
-2
-7
-15
-19
-24
-23
-15
-11
-1
14
19
32
50
46
40
53
59
52
43
30
29
31
33
27
-7
-16
-34
-36
-43
-54
-44
-34
-19
-6
17
35
31
45
30
17
18
28
12
-11
-4
-12
-41
-44
-55
-65
-43
-21
-14
-7
12
9
1
22
37
46
55
56
50
47
38
15
10
4
5
5
17
22
9
5
15
16
11
10
8
9
26
34
37
28
14
-5
9
19
22
13
30
57
84
120
137
153
179
213
246
299
374
403
418
454
480
519
568
623
685
764
849
926
1005
1090
1163
1245
1338
1436
1525
1646
1775
1856
1919
2000
2082
2210
2301
2406
2498
2568
2653
2732
2778
2746
2733
2780
2940
3130
3335
3572
3860
4290
4753
5135
5412
5454
5121
4589
4064
3682
3311
2843
2378
1959
1587
1252
903
496
8
-515
-1014
-1483
-1942
-2375
-2785
-3189
-3564
-3908
-4177
-4335
-4420
-4455
-4470
-4460
-4397
-4306
-4211
-4097
-3976
-3851
-3745
-3614
-3457
-3287
-3130
-2973
-2788
-2584
-2414
-2244
-2084
-1912
-1746
-1599
-1449
-1306
-1177
-1078
-1010
-969
-933
-890
-836
-780
-698
-619
-557
-514
-481
-430
-375
-329
-306
-314
-335
-347
-350
-341
-303
-291
-313
-315
-323
-301
-280
-277
-271
-255
-233
-211
-194
-170
-140
-88
-32
-2
17
55
96
118
113
115
119
121
115
92
71
60
61
43
14
3
17
15
9
-9
-23
-13
-3
-20
-21
-7
-11
-24
-20
-27
-35
-47
-55
-50
-43
-40
-50
-40
-32
-46
-41
-34
-35
-26
-21
-26
-46
-31
-28
-32
-31
-35
-44
-41
-31
-34
-39
-19
1
-8
-9
6
18
15
11
-5
10
12
-3
4
3
2
-4
-4
-11
-9
1
5
18
29
32
42
21
5
11
20
19
6
-10
-1
4
-1
-13
-34
-39
-27
-2
23
19
29
29
18
-2
0
-5
-23
-26
-30
-45
-29
-26
-27
-31
-27
-21
-26
-11
-3
-2
0
4
5
-9
-14
-17
-24
-28
-33
-40
-37
-41
-42
-28
-21
-5
18
29
18
14
18
10
-2
4
-3
-13
-12
-28
-42
-44
-30
-15
0
5
13
14
23
26
10
2
4
2
-11
-22
-43
-53
-45
-66
-79
-65
-74
-69
-58
-51
-65
-71
-56
-44
-35
-28
-25
-39
-55
-54
-77
-108
-108
-113
-120
-116
-123
-135
-136
-140
-130
-119
-110
-106
-105
-110
-96
-103
-102
-95
-102
-101
-100
-111
-105
-97
-97
-112
-131
-145
-143
-110
-99
-100
-74
-66
-65
-62
-61
-72
-77
-81
-97
-98
-106
-118
-122
-117
-124
-138
-143
-151
-159
-146
-130
-129
-134
-133
-136
-145
-140
-146
-167
-188
-217
-240
-251
-247
-236
-234
-228
-210
-197
-188
-179
-192
-190
-190
-190
-197
-211
-229
-243
-238
-225
-213
-219
-211
-212
-223
-214
-193
-193
-176
-153
-140
-142
-163
-177
-174
-183
-202
-211
-199
-195
-211
-222
-205
-209
-222
-212
-201
-188
-174
-161
-178
-194
-203
-215
-206
-193
-197
-194
-204
-206
-203
-203
-199
-185
-174
-159
-157
-159
-163
-152
-167
-178
-177
-178
-181
-184
-192
-195
-196
-179
-158
-135
-132
-138
-128
-138
-156
-159
-151
-140
-138
-150
-172
-177
-170
-173
-171
-159
-164
-151
-139
-125
-122
-131
-137
-140
-114
-87
-74
-68
-64
-64
-67
-56
-31
-29
-30
6
36
47
75
122
136
142
164
181
214
243
274
292
323
345
350
374
392
391
420
428
429
435
451
444
447
451
438
431
419
408
415
426
414
403
392
385
382
386
394
403
425
424
427
444
444
439
437
432
430
433
420
385
380
379
381
389
401
384
365
372
366
352
351
352
363
372
373
379
378
372
356
336
326
300
287
281
268
271
270
257
228
226
218
196
172
149
130
149
176
192
200
210
210
196
170
147
146
127
120
118
106
107
103
105
110
111
106
102
115
116
107
101
96
93
94
85
77
97
102
85
75
70
64
67
75
71
81
66
64
66
61
47
37
32
21
25
48
57
67
51
27
6
4
-1
-6
1
12
12
5
9
12
18
25
22
11
-3
-25
-36
-18
-11
-10
-14
-23
-19
-4
14
15
20
10
-2
-1
-9
-10
-1
12
17
0
-10
-21
-28
-38
-44
-36
-28
-20
9
28
40
53
48
35
22
22
28
7
-3
0
4
-4
-3
-10
-15
-14
-15
-6
5
12
18
28
28
29
32
23
32
17
-3
-4
0
-2
-9
-23
-30
-10
9
32
33
18
14
16
20
12
10
8
-9
-30
-39
-51
-56
-56
-58
-57
-58
-67
-82
-85
-81
-73
-65
-59
-53
-44
-14
-10
-18
-10
3
17
28
40
53
65
73
88
100
106
117
150
178
192
204
219
226
227
227
229
224
220
235
237
210
184
186
193
205
200
205
195
183
178
160
147
141
107
103
76
51
40
28
17
-9
-11
-6
-27
-40
-44
-39
-45
-55
-59
-81
-69
-57
-60
-39
-29
-38
-51
-34
-15
-24
-19
-15
-21
-18
-13
-21
-32
-30
-26
-24
-33
-41
-50
-36
-26
-36
-58
-59
-61
-64
-74
-84
-78
-71
-72
-61
-65
-62
-58
-47
-38
-49
-65
-79
-94
-107
-116
-128
-140
-140
-129
-130
-132
-123
-120
-100
-81
-70
-72
-55
-43
-41
-28
-24
-28
-31
-38
-45
-58
-66
-63
-55
-44
-50
-61
-77
-72
-72
-55
-51
-55
-47
-58
-75
-87
-73
-70
-97
-94
-74
-83
-88
-86
-92
-87
-78
-68
-64
-60
-55
-78
-72
-66
-77
-99
-109
-110
-118
-126
-134
-122
-107
-104
-89
-80
-79
-72
-71
-52
-64
-85
-99
-77
-60
-63
-58
-70
-89
-99
-111
-111
-106
-107
-106
-102
-100
-106
-98
-83
-70
-68
-63
-48
-43
-48
-49
-59
-55
-42
-41
-48
-68
-80
-87
-90
-78
-73
-59
-49
-65
-68
-66
-49
-39
-47
-55
-43
-33
-48
-62
-75
-85
-95
-93
-68
-68
-67
-57
-65
-86
-80
-65
-60
-67
-68
-57
-41
-29
-37
-48
-55
-46
-57
-61
-49
-48
-57
-70
-69
-67
-49
-40
-30
-22
-11
2
21
19
13
9
-3
-5
-11
-16
-28
-39
-40
-34
-36
-39
-36
-25
-19
-25
-7
8
31
44
35
42
52
50
21
-4
-18
-11
3
-8
-22
-8
22
51
67
75
82
68
70
80
76
78
68
60
50
61
75
66
76
101
111
133
143
141
158
161
145
160
164
157
150
125
128
132
132
124
121
150
160
157
158
156
157
156
148
136
129
139
128
95
70
75
85
90
98
94
98
102
109
109
121
129
116
90
72
54
27
3
0
-8
-29
-53
-91
-128
-140
-155
-192
-225
-198
-119
-26
14
9
-28
-106
-208
-320
-415
-502
-565
-597
-611
-616
-590
-576
-548
-486
-403
-335
-235
-121
-34
66
165
244
305
374
434
481
530
573
578
559
540
531
505
476
459
459
459
445
439
418
407
381
337
311
306
287
266
247
241
220
191
182
182
164
127
107
95
79
67
45
31
11
-6
4
1
-13
-23
-24
-30
-29
-14
-17
-14
-5
-8
-6
24
41
45
50
54
59
84
84
82
99
117
124
121
106
85
87
98
75
57
53
68
76
83
103
97
70
89
120
144
146
142
145
137
114
100
94
94
80
63
51
60
87
87
61
43
40
50
69
81
98
94
88
79
69
54
61
65
51
45
53
55
48
37
28
23
30
23
10
12
17
16
28
28
20
30
38
48
57
68
61
48
30
9
-3
-3
3
-17
-37
-24
-7
3
12
31
27
27
43
49
52
62
60
58
80
78
50
53
51
57
58
38
36
19
0
-16
-11
18
45
40
28
16
16
30
33
32
28
35
31
19
22
13
-14
-34
-31
-39
-50
-49
-48
-40
-26
-20
-38
-40
-30
-23
-19
-8
-7
-14
-9
-4
-9
-7
-8
-24
-10
-13
-28
-35
-27
-21
-26
-14
1
13
23
21
31
18
19
19
-7
-26
-26
-30
-25
-19
-25
-17
-25
-51
-34
4
11
0
11
23
-3
-5
20
23
8
-2
-26
-48
-60
-51
-35
-15
-5
-10
-12
8
6
13
34
15
-1
-6
-1
4
-4
-20
-37
-28
-25
-38
-50
-58
-48
-42
-32
-34
-28
-3
-1
-8
-19
-9
-14
-34
-27
-14
-16
-19
-18
-33
-36
-25
-30
-44
-23
5
23
39
13
-13
-7
-9
-20
-7
-2
-7
-9
-6
-10
-5
-15
-31
-31
-32
-18
3
18
32
39
39
23
10
-3
-6
-7
-8
-9
-19
-17
-32
-38
-23
-15
-10
-11
3
26
19
21
37
54
55
36
17
-5
-8
11
1
-22
-39
-32
-19
-30
-27
-12
-4
16
9
10
23
39
46
44
50
39
21
19
8
0
-8
-6
-30
-37
-34
-23
-23
-10
0
3
6
1
4
11
26
24
11
11
13
7
-7
-4
7
-1
-18
-27
-10
8
8
6
-1
2
19
36
40
38
41
40
28
13
5
22
15
6
-24
-61
-56
-38
-26
-11
-4
-10
-11
-5
2
16
43
57
42
13
17
14
2
4
-10
-3
-2
-26
-45
-36
-15
-12
10
28
18
0
14
26
30
26
15
-9
-5
-7
-18
-11
-9
-16
-22
-9
13
11
9
-12
-24
-4
15
16
15
1
-2
0
-3
-5
-34
-51
-26
16
32
33
38
38
49
35
19
31
30
17
6
8
4
-13
-10
-3
-4
2
1
-1
22
38
21
20
33
30
29
26
0
-17
-29
-46
-60
-75
-64
-75
-79
-55
-39
-31
-12
-1
-4
-8
1
3
-3
-26
-34
-19
-7
-17
-30
-20
-27
-46
-57
-56
-54
-47
-39
-21
-13
-12
-26
-26
-31
-41
-52
-30
-24
-26
-19
-24
-32
-27
-25
-41
-44
-29
-25
-34
-20
-14
-3
19
11
18
20
15
13
-4
-19
-47
-80
-69
-49
-36
-24
-14
-14
-6
14
28
38
54
49
43
39
40
25
-6
-5
15
24
21
20
6
14
20
31
35
31
4
-2
14
25
21
10
14
13
-4
-12
-5
2
-4
-2
-5
4
13
9
0
-14
-23
-6
11
0
-11
-17
-9
-6
8
21
6
3
16
9
17
21
15
21
3
-11
3
13
4
-3
15
38
22
-2
-14
-2
23
20
18
26
31
36
41
36
32
23
8
3
2
-12
-34
-31
-27
-25
-22
-19
3
30
41
35
30
34
40
49
26
7
12
14
17
4
6
2
-16
-10
-3
-15
-5
15
23
31
43
47
50
55
48
27
36
47
42
20
22
1
-22
-30
-36
-28
1
18
7
-5
2
11
24
47
59
68
82
77
59
52
47
39
25
14
-20
-50
-47
-41
-52
-36
-25
-15
-1
4
-1
2
25
33
26
42
47
36
24
17
6
11
9
-17
-34
-37
-29
-16
-7
4
20
35
20
14
31
47
45
43
40
42
51
60
41
39
54
72
84
113
142
164
190
217
259
303
312
320
327
340
375
405
427
463
501
538
591
636
670
667
631
565
509
499
571
710
948
1245
1431
1356
1128
847
688
606
725
1062
1272
1382
1508
1601
1467
1295
1289
1535
1903
2130
2144
2139
2434
3042
3673
4133
4387
4346
4098
3685
3196
2679
2121
1636
1256
980
747
495
207
-85
-376
-703
-1051
-1391
-1680
-1960
-2222
-2485
-2741
-2960
-3089
-3124
-3156
-3184
-3159
-3105
-3043
-2967
-2875
-2768
-2657
-2545
-2453
-2351
-2241
-2128
-2021
-1926
-1819
-1700
-1607
-1512
-1395
-1260
-1140
-1024
-918
-836
-762
-697
-635
-576
-535
-492
-445
-384
-340
-318
-286
-227
-170
-130
-91
-55
-33
-20
-16
-21
-43
-54
-70
-78
-66
-71
-66
-64
-65
-58
-57
-52
-41
-16
1
19
52
83
101
131
145
147
149
159
169
174
174
155
130
114
109
108
81
51
24
4
4
15
24
34
36
38
40
34
20
17
8
12
4
-11
-7
-6
-12
-21
-42
-50
-47
-45
-42
-41
-37
-35
-12
-7
-26
-32
-29
-30
-19
-15
-34
-40
-47
-39
-45
-25
-14
-28
-47
-50
-42
-29
-13
-12
-10
1
18
24
9
5
19
-5
-4
-15
-30
-23
-19
-16
-26
-36
-12
4
10
14
2
-2
-5
-18
-24
-23
-30
-27
-23
-39
-44
-28
-26
-31
-12
-2
-1
3
17
24
26
17
-1
7
4
-17
-25
-30
-31
-44
-45
-37
-43
-41
-42
-34
-36
-24
-24
-28
-29
-32
-49
-42
-29
-54
-81
-87
-82
-85
-87
-85
-95
-72
-53
-51
-65
-80
-73
-69
-59
-53
-45
-47
-50
-50
-34
-27
-53
-74
-72
-58
-41
-47
-52
-52
-49
-35
-17
-9
-3
-11
-34
-39
-27
-15
-18
-24
-32
-33
-55
-47
-30
-43
-63
-75
-61
-54
-46
-35
-43
-41
-33
-40
-45
-60
-72
-88
-98
-110
-104
-99
-99
-96
-98
-86
-77
-74
-84
-82
-73
-90
-85
-88
-100
-127
-145
-140
-139
-142
-139
-118
-103
-96
-92
-74
-64
-64
-63
-43
-39
-48
-50
-52
-68
-87
-95
-109
-122
-128
-125
-117
-118
-138
-146
-134
-129
-139
-142
-125
-115
-121
-113
-109
-110
-108
-114
-107
-113
-100
-113
-137
-148
-146
-161
-159
-137
-130
-127
-117
-122
-93
-68
-41
-36
-43
-41
-32
-14
-8
-8
3
15
17
31
42
37
24
0
-14
0
12
-3
-17
-6
-6
-6
-12
-6
4
12
13
10
20
42
38
7
-7
-9
-39
-51
-49
-66
-59
-42
-52
-69
-94
-99
-101
-88
-64
-72
-85
-81
-82
-69
-58
-64
-56
-42
-51
-80
-112
-101
-85
-89
-83
-75
-80
-64
-52
-53
-30
-10
-2
-11
-1
11
13
3
-6
0
10
-2
-11
20
65
71
64
79
85
94
104
97
104
111
130
151
160
150
159
155
139
150
151
155
156
167
187
195
206
219
230
239
251
271
267
254
258
250
237
209
194
181
174
184
185
183
192
203
215
238
266
270
278
280
269
271
269
253
244
244
242
246
241
239
243
248
248
262
264
253
248
254
268
271
264
263
265
262
228
211
222
236
234
212
186
173
173
186
218
228
219
229
236
226
206
188
165
152
139
118
99
99
101
109
102
103
112
107
124
128
137
141
141
149
155
137
121
102
96
96
94
66
65
55
42
43
55
69
72
66
66
84
94
91
113
121
101
82
89
94
88
106
113
111
105
91
106
132
139
141
148
151
154
152
155
180
191
187
194
192
196
208
210
208
196
178
177
174
156
158
155
125
89
76
68
62
58
58
53
44
30
28
38
35
37
40
14
3
-3
-35
-41
-29
-22
-14
-22
-25
-36
-30
-21
0
4
-11
-21
-16
-13
-9
-27
-48
-60
-40
-21
-12
-8
-18
-20
-17
-14
-12
-11
-9
-2
-12
-25
-12
-2
4
8
5
7
6
8
-10
-12
6
26
47
55
63
63
76
88
84
72
54
44
43
64
68
67
79
83
70
86
87
86
84
89
80
68
81
85
77
72
73
75
53
52
58
54
52
59
43
27
39
59
60
46
58
69
93
92
86
84
69
44
28
13
-1
12
26
24
30
30
32
41
40
45
45
56
62
74
76
58
47
33
34
28
23
38
51
33
32
52
64
77
91
83
68
72
72
50
28
20
20
13
13
11
-10
-21
0
22
52
57
25
1
10
8
9
11
9
-6
-6
12
18
31
26
31
31
30
18
31
21
5
-5
-9
-4
-17
-38
-40
-36
-20
-9
3
15
44
48
32
10
6
-1
-13
-28
-40
-47
-44
-42
-41
-37
-34
-55
-61
-46
-19
-10
-21
-22
-9
-6
-19
-22
-4
3
-5
-8
-22
-40
-16
5
-10
-20
-13
-17
-42
-43
-36
-39
-47
-50
-57
-61
-50
-45
-41
-54
-65
-70
-77
-98
-111
-97
-105
-101
-100
-95
-91
-85
-87
-96
-108
-113
-106
-111
-123
-125
-126
-114
-100
-108
-127
-127
-109
-95
-101
-112
-126
-128
-121
-121
-118
-94
-80
-55
-36
-48
-69
-101
-112
-121
-123
-123
-116
-103
-91
-69
-68
-77
-66
-49
-54
-66
-64
-51
-46
-32
-33
-37
-48
-83
-86
-73
-73
-83
-88
-93
-92
-78
-53
-41
-34
-32
-34
-37
-34
-43
-55
-49
-62
-84
-89
-90
-89
-91
-98
-92
-70
-50
-41
-39
-29
-20
-30
-37
-40
-50
-52
-48
-56
-77
-84
-74
-61
-52
-61
-79
-85
-76
-50
-23
-12
-15
-14
-9
-1
-6
-10
-16
-47
-60
-68
-72
-76
-79
-67
-59
-55
-45
-33
-21
-10
-17
-38
-58
-73
-86
-91
-102
-118
-121
-132
-141
-167
-183
-188
-194
-185
-198
-192
-157
-150
-172
-183
-173
-167
-176
-178
-196
-208
-201
-211
-237
-256
-260
-261
-251
-224
-190
-146
-120
-98
-78
-69
-57
-59
-29
-8
11
38
50
42
55
90
125
145
149
151
153
154
139
124
126
125
127
130
135
135
143
149
164
172
178
169
160
163
156
155
162
152
135
144
120
96
72
69
57
58
57
53
33
16
24
26
21
35
39
40
18
-22
-76
-118
-152
-176
-210
-248
-319
-402
-487
-573
-656
-733
-766
-792
-818
-798
-739
-661
-569
-482
-397
-308
-232
-156
-111
-81
-48
-19
-19
-27
-22
2
8
12
28
58
77
96
118
136
160
177
182
201
213
220
218
226
220
209
184
159
141
120
97
77
66
65
50
46
32
27
48
55
57
43
46
44
48
67
66
39
36
45
70
104
124
129
136
111
95
88
84
74
53
43
29
40
72
77
91
117
127
134
139
138
138
139
138
143
130
120
114
92
91
70
54
28
6
17
42
52
49
48
49
33
34
40
43
33
27
29
15
22
25
27
27
28
28
24
18
9
7
13
10
7
22
22
10
4
22
28
10
13
8
-11
-28
1
30
32
11
-18
-28
-27
-35
-34
-19
-5
-4
1
1
-8
0
-2
-4
-18
-18
-19
-19
-4
-7
-23
-35
-29
-38
-53
-29
-7
-15
-15
-11
-1
6
-3
2
30
38
37
36
23
-4
-8
2
-14
-24
-22
-1
2
-22
-24
-25
-16
4
16
20
40
39
32
33
41
32
20
11
-6
-27
-33
-27
-16
-23
-24
-22
12
18
18
26
36
51
45
49
54
47
38
9
-14
-6
3
-4
-4
-10
-24
-26
12
48
61
85
99
93
89
75
61
60
67
69
51
46
58
52
57
65
67
62
81
89
86
84
90
86
93
77
62
68
52
32
25
28
29
36
33
33
26
41
47
41
47
39
41
49
51
40
26
30
50
52
37
26
7
-11
-6
-16
-14
6
21
26
26
45
58
68
66
66
70
75
70
51
34
21
12
2
12
14
1
-10
-2
2
-4
-12
-17
-6
15
18
11
3
6
5
21
19
-3
-16
-7
-28
-35
-34
-18
1
-7
-26
-11
14
30
30
35
37
29
-2
-8
-1
-5
-3
-21
-39
-41
-19
-5
20
35
32
30
49
68
54
36
22
13
18
5
-18
-17
-1
8
10
16
17
32
42
45
41
27
39
42
32
10
-10
-11
-17
-35
-60
-61
-52
-47
-41
-31
-23
-8
-10
-19
-25
-18
-31
-46
-40
-48
-71
-79
-60
-49
-55
-67
-75
-79
-59
-48
