0
-33
-30
-42
-69
-91
-52
-55
-30
-62
-77
-80
-81
-75
-48
-29
-12
-43
-4
23
60
78
46
33
43
56
46
17
-35
-13
-26
-23
-18
-49
-81
-81
-55
-69
-55
-74
-122
-86
-53
-47
-36
-18
-27
-31
-20
-41
-74
-54
-29
-14
-37
-20
-36
-42
-43
-62
-72
-48
-37
-49
-65
-44
-45
-32
-21
-7
-14
-15
-23
-67
-89
-99
-98
-100
-135
-118
-121
-120
-156
-151
-133
-159
-169
-126
-96
-129
-111
-91
-104
-136
-144
-169
-160
-162
-153
-154
-132
-144
-156
-140
-132
-172
-185
-122
-107
-133
-109
-112
-122
-130
-150
-157
-166
-161
-172
-146
-172
-168
-156
-129
-129
-160
-167
-102
-104
-126
-120
-142
-164
-141
-144
-186
-195
-190
-204
-193
-214
-237
-254
-241
-255
-272
-227
-254
-267
-250
-261
-217
-244
-254
-242
-290
-291
-227
-242
-249
-264
-264
-281
-285
-284
-297
-280
-272
-257
-257
-236
-263
-244
-203
-214
-204
-167
-185
-178
-157
-138
-132
-131
-133
-152
-144
-130
-159
-160
-181
-203
-189
-168
-158
-167
-147
-147
-138
-99
-90
-63
-57
-76
-69
-48
-60
-77
-106
-99
-104
-120
-143
-138
-168
-154
-147
-130
-148
-137
-138
-129
-111
-99
-92
-111
-76
-99
-125
-118
-103
-129
-174
-176
-184
-153
-130
-112
-126
-77
-68
-57
-48
-21
-13
-43
-34
-5
15
11
0
-29
-51
10
47
59
86
99
87
91
115
134
142
176
173
189
212
242
260
267
268
241
240
280
316
337
302
327
357
384
358
347
355
369
397
398
400
372
395
401
408
408
435
424
436
411
400
424
418
404
396
396
399
402
406
402
401
463
458
420
379
365
367
347
353
367
345
328
306
312
301
275
309
260
251
244
240
239
221
227
230
249
217
199
191
219
197
190
166
185
166
163
175
171
198
153
125
134
115
92
101
97
104
125
111
130
136
137
145
100
92
143
98
96
80
41
24
32
32
23
24
23
44
56
79
58
59
72
75
75
98
98
78
93
41
2
18
42
51
37
17
18
27
32
40
55
61
62
60
30
10
8
2
-4
21
-12
18
14
-25
-7
-1
-9
3
-15
-23
3
62
90
86
60
29
45
47
46
-9
-10
-19
4
-11
-30
-36
-53
-50
17
-6
1
1
4
19
22
9
3
24
25
-5
-4
-6
6
-14
-27
-23
-16
-5
20
15
16
36
38
18
7
-1
1
4
-14
-21
-4
-16
13
17
12
-2
-12
2
43
49
35
28
8
20
9
-13
-28
-30
-20
-53
-70
-24
-39
-54
-86
-60
-46
-50
-29
-47
-43
-4
22
31
39
5
18
2
6
-4
-15
-41
-67
-76
-75
-62
-82
-57
-95
-68
-30
-49
-27
0
-30
-30
-19
-11
-34
-9
-15
-21
-37
-47
-35
-70
-105
-81
-50
-27
-34
-50
-40
-31
-60
-54
-38
-58
-41
-37
-13
-38
-72
-90
-95
-95
-78
-82
-105
-60
-72
-52
-14
0
-14
0
0
-23
-3
-39
-83
-55
-45
-80
-100
-89
-71
-120
-106
-83
-88
-86
-39
-86
-81
-29
-16
-30
-36
-36
-20
-24
-35
-98
-104
-76
-98
-105
-73
-102
-104
-77
-18
-29
-52
10
-2
7
-1
-16
-32
-26
-18
-18
-23
-1
-30
-51
-41
-25
-44
-40
-16
-42
-27
-29
-23
-9
-11
-31
-6
26
-18
-66
-28
-25
-56
-66
-38
-52
-56
-39
-31
-4
4
-22
-24
-30
-1
24
-4
2
9
17
21
3
-5
22
-15
-43
-36
-22
-23
3
7
16
26
3
-25
-17
4
11
25
36
13
1
-8
4
-5
-47
-16
-4
-22
-27
-13
-58
-58
-28
-36
-25
-29
-17
-24
21
36
3
0
-4
-23
-7
-7
-22
-76
-79
-69
-55
-52
-81
-89
-66
-20
-29
-54
-12
14
5
-3
-20
-11
-3
0
3
2
13
2
8
-11
-8
-24
-30
-18
12
24
27
18
24
34
30
-12
1
-34
-65
-50
-19
-39
-72
-77
-59
-57
-55
-88
-103
-70
-78
-86
-52
-62
-106
-70
-44
-48
-27
-57
-55
-38
-36
-55
-82
-72
-71
-91
-89
-52
-97
-89
-30
-18
-39
-24
-15
23
52
78
70
80
89
86
102
55
49
57
63
51
23
-9
28
49
19
-4
15
44
21
9
40
36
35
39
36
35
25
-12
-12
5
-21
4
5
-4
-14
-15
-12
4
21
10
18
7
24
63
64
55
6
-29
4
-13
-10
35
40
-4
-23
28
19
24
28
19
-8
8
46
9
-34
-31
4
23
27
19
23
30
43
49
33
41
11
16
29
-2
-28
-17
12
4
53
17
11
27
46
45
23
42
59
62
54
27
18
36
1
-7
-3
-6
-13
-2
4
-12
14
36
22
5
16
36
29
39
30
19
26
7
16
11
12
5
-2
3
25
22
44
54
34
28
46
60
73
79
60
23
36
21
14
30
38
37
-1
3
16
37
47
36
19
39
38
49
60
70
32
17
33
24
26
38
48
45
15
18
-7
33
36
4
0
2
18
18
16
18
7
29
50
41
11
15
58
36
52
62
23
15
10
28
44
30
10
17
37
15
26
35
43
25
48
97
84
32
70
64
78
52
41
15
29
32
5
-6
24
-12
-4
13
9
34
32
20
31
55
59
54
53
36
37
41
79
56
5
8
8
-7
0
11
12
3
25
30
39
36
39
14
62
39
29
44
65
40
12
17
1
-17
-13
-21
-14
5
22
31
18
36
27
35
37
21
27
26
35
11
-14
-49
-41
-42
-39
-64
-25
14
17
-17
4
36
39
63
70
40
17
14
32
33
14
-7
-6
-16
-32
-66
-47
-5
1
7
-18
-8
4
45
72
91
94
61
45
24
28
9
-9
-1
-28
-8
-9
26
-4
-31
-10
0
12
31
36
24
40
61
41
4
12
12
16
10
-23
-25
-28
7
-3
-1
6
-14
33
47
55
83
78
69
47
32
34
33
-7
-9
-16
9
34
55
29
38
33
13
42
34
38
42
57
62
62
89
91
55
52
38
5
12
-9
-19
-39
-13
-38
-50
-14
-15
-10
-1
20
19
-1
-22
-36
-49
-33
-11
-40
-55
-79
-74
-85
-85
-86
-65
-70
-46
-45
-54
-50
-31
-13
-34
-12
-47
-56
-39
-62
-48
-66
-73
-35
-19
-39
-19
-21
-34
1
55
45
14
30
-4
-25
-17
-32
-21
-11
-25
-43
-24
2
-8
-1
7
40
53
72
39
63
49
14
4
-8
0
-8
-30
-8
-14
-22
-37
-7
27
47
53
54
46
54
55
61
59
42
-2
2
3
22
-31
-7
37
16
8
8
0
36
0
-8
27
46
33
0
29
11
8
9
-16
-26
-9
-27
-56
-55
-4
1
4
32
28
-1
3
-1
-8
-8
-6
-2
25
18
13
-11
-28
25
-4
-32
-12
-3
-5
15
15
34
60
33
6
4
27
-4
-9
-34
-14
-9
-3
17
-35
-29
37
31
31
56
56
10
37
42
32
37
-1
0
56
-9
-45
-18
-3
-38
-20
28
43
-4
12
26
43
33
57
32
17
2
-33
-31
-30
-34
-40
-30
-20
-74
-31
-23
-50
10
23
-16
-32
-11
-3
-30
-28
-21
-13
-6
-47
-50
-42
-8
-1
-27
-4
11
27
65
30
8
0
49
55
6
22
17
-20
8
-6
-24
-8
-13
-4
28
31
38
41
18
3
19
15
22
34
-7
2
9
-21
-1
-10
-31
37
53
48
77
73
91
112
110
115
153
161
206
227
265
297
266
295
318
309
330
396
438
467
496
566
620
705
793
792
810
884
935
950
1019
1099
1124
1155
1128
1096
1089
1116
1134
1090
1021
1035
1095
1106
979
926
863
972
1187
1487
1944
2434
3251
4250
5086
5687
5642
4977
4257
3918
3863
3827
3562
3315
2993
2626
2328
2079
1789
1399
927
482
148
-212
-657
-1184
-1596
-1992
-2411
-2760
-2973
-3006
-3073
-3179
-3292
-3405
-3429
-3486
-3528
-3503
-3477
-3440
-3339
-3246
-3137
-3081
-2975
-2808
-2596
-2431
-2302
-2132
-1956
-1841
-1696
-1559
-1431
-1328
-1249
-1153
-1104
-1034
-940
-861
-803
-721
-599
-578
-533
-488
-460
-431
-393
-364
-394
-423
-394
-355
-314
-305
-324
-295
-346
-377
-387
-385
-374
-347
-317
-336
-321
-289
-258
-206
-135
-72
-30
0
33
70
108
132
132
135
127
109
106
131
124
51
14
32
31
-15
10
4
-15
-7
-17
-16
-1
-8
-27
-47
-46
-23
-62
-49
-50
-61
-27
-20
-24
-42
-11
-23
-13
-11
5
-41
-32
-13
-16
-68
-94
-84
-70
-21
-12
-23
-18
-23
1
-1
-19
-3
12
39
24
-14
-20
-36
-70
-45
-20
-22
-38
-52
-63
-61
-47
-39
-30
-7
9
-17
-35
-14
-6
-21
24
-1
-6
7
-13
-64
-59
-72
-55
-55
-33
-24
-39
-9
-7
-42
-27
5
-10
31
37
-3
25
7
-15
-8
-26
-49
-75
-73
-44
-49
-12
-17
-38
-51
-31
-1
-18
-11
-13
-19
-16
-8
6
6
9
-14
-21
-36
-37
-37
-36
-17
-33
-40
-6
-1
-27
-38
-40
-47
-30
-39
-47
-4
-1
-22
-18
-35
-62
-75
-64
-58
-41
-37
-22
-14
-4
-12
-32
-16
13
12
7
4
-21
-30
-19
-41
-66
-60
-74
-58
-42
-42
-44
-21
-14
-18
-38
19
38
25
11
-5
-19
-35
-22
-26
-68
-54
-85
-92
-79
-40
-57
-68
-66
-67
-72
-59
-27
-29
-49
-53
-44
-33
-32
-54
-70
-76
-96
-97
-96
-100
-104
-67
-60
-111
-76
-39
-52
-72
-71
-75
-81
-56
-97
-115
-119
-106
-92
-89
-84
-94
-76
-63
-94
-117
-88
-70
-70
-76
-105
-109
-114
-109
-135
-142
-134
-131
-153
-157
-136
-113
-110
-115
-114
-115
-123
-139
-115
-126
-144
-180
-179
-173
-217
-216
-187
-223
-201
-176
-161
-183
-142
-136
-166
-162
-132
-142
-176
-163
-156
-164
-164
-141
-182
-183
-189
-198
-191
-178
-201
-200
-181
-217
-176
-170
-189
-194
-203
-195
-220
-208
-206
-213
-219
-228
-209
-220
-231
-223
-218
-209
-202
-251
-256
-256
-265
-276
-244
-236
-243
-249
-243
-229
-200
-189
-146
-151
-156
-169
-179
-164
-142
-188
-212
-202
-176
-172
-185
-184
-193
-185
-217
-196
-145
-146
-111
-101
-75
-74
-73
-81
-105
-86
-80
-93
-78
-97
-122
-124
-142
-128
-132
-149
-148
-100
-85
-91
-71
-44
-41
-36
-23
2
-24
-32
-7
-16
-21
-22
-4
17
-22
-29
-6
23
25
16
17
13
47
88
62
89
126
119
139
172
226
232
232
220
227
237
252
294
297
299
297
309
321
307
308
306
306
288
279
321
314
335
403
391
365
357
379
387
400
374
367
367
358
357
399
421
397
399
405
399
363
405
419
390
407
422
405
365
382
351
337
383
370
328
355
392
372
343
373
371
365
360
310
285
289
264
291
272
249
237
223
211
232
239
254
237
206
188
220
213
183
185
188
169
179
156
141
159
133
118
116
132
143
152
146
148
152
126
133
85
90
114
113
113
85
77
47
71
62
37
73
87
70
72
126
130
108
88
71
50
85
74
43
14
24
34
43
37
41
21
16
35
36
60
64
51
39
37
17
16
51
47
34
36
31
1
-10
14
-6
15
31
14
37
29
40
40
50
64
46
26
6
1
30
31
4
-7
-21
-22
-43
-52
-41
-47
-14
-13
-2
-1
14
13
27
57
24
5
13
15
-3
28
7
-35
-24
14
-8
-34
-10
6
-26
-7
5
-4
-9
16
18
35
41
15
-14
-6
-14
1
15
-7
-20
-44
-8
-9
-12
13
25
3
32
-12
-17
28
4
-6
2
9
-18
-17
-9
26
-6
-38
-24
-33
-52
-25
-8
-10
-16
-6
-11
-17
-1
-5
-9
13
-44
-63
-38
-32
-24
-8
-12
-22
-43
12
19
41
33
-17
-15
-28
5
-2
-12
-14
-44
-47
-40
-67
-111
-70
-77
-69
-32
3
-17
-1
8
-5
5
-11
-24
-50
-42
-41
-31
-21
-38
-62
-26
-37
-44
-31
-32
-46
-20
-2
-37
-61
-48
-48
-63
-61
-79
-91
-59
-46
-67
-73
-81
-70
-31
-7
-4
-35
-84
-77
-70
-68
-72
-73
-90
-86
-85
-71
-59
-48
-59
-65
-32
-54
-85
-30
-24
-52
-44
-54
-62
-39
-58
-11
10
21
9
-36
-26
-13
-28
-50
-44
-71
-84
-53
-57
-29
-12
-6
-2
11
32
26
11
6
-7
-8
-12
-1
-33
-22
-7
-32
-48
-38
-36
-59
-12
-9
1
8
4
0
-4
-30
-49
-34
-25
-32
-19
-1
9
0
0
38
1
29
12
-40
-30
-15
-32
-20
-37
-34
-21
-18
13
-12
-16
-28
-3
-33
-27
14
39
14
-19
-29
-8
-39
-13
-15
-36
-23
-36
-17
-37
-42
-8
-15
-34
-12
19
17
38
56
19
-24
10
7
21
17
14
-38
-7
-19
-44
-24
0
31
12
11
15
26
57
63
83
133
158
130
113
111
119
97
104
91
42
43
24
-19
-32
-21
-23
-10
7
25
13
35
72
78
57
29
20
5
48
46
36
2
10
0
-10
4
-24
-30
-43
-50
-18
-3
-27
-46
-6
9
2
17
11
6
-32
-38
-42
-76
-37
-39
-49
-27
-38
-74
-90
-81
-49
-84
-105
-67
-82
-48
-47
-27
9
-11
-26
-52
-65
-67
-79
-84
-76
-118
-100
-78
-103
-112
-68
-145
-126
-78
-84
-65
-37
-17
-3
13
-45
-11
22
-19
-64
-37
-29
-45
-32
-27
-64
-68
-52
-65
-47
-50
-56
-68
-51
-11
12
15
41
52
33
10
75
91
60
91
74
62
65
102
88
101
107
121
107
150
116
93
136
138
148
159
157
141
144
138
136
119
118
112
124
114
110
88
98
84
67
73
111
88
44
10
5
20
5
18
-13
-5
18
5
-14
-4
9
-11
-1
-25
-60
-15
-5
-34
-32
-23
-30
-31
-13
-1
-15
8
36
-3
35
25
10
5
22
-14
-15
12
4
20
-6
31
29
-15
-9
-3
3
28
23
23
27
13
23
15
27
13
-1
9
36
31
28
33
4
19
39
-19
-4
23
43
58
64
60
71
57
55
39
30
38
50
22
20
7
-4
39
36
4
40
40
54
99
107
97
88
84
52
47
70
56
29
23
12
39
36
30
-22
-21
-5
9
45
54
62
29
30
45
19
18
-8
-14
8
7
-14
-15
23
44
25
42
34
17
20
47
40
19
2
-14
2
-4
-15
-4
-12
1
37
56
68
38
31
39
32
4
31
14
1
-9
2
10
10
-6
-15
-16
6
27
47
68
64
21
55
42
23
9
18
8
-21
42
11
-11
-5
-20
-26
-6
24
49
-3
33
43
27
52
55
24
18
39
13
12
30
35
6
-2
-7
-39
-28
36
39
-13
4
3
20
14
49
54
69
74
52
22
38
-9
-8
-3
-19
-27
10
12
-12
-35
8
-3
28
36
37
19
53
32
4
26
14
12
13
14
23
23
77
59
30
30
44
18
-3
-30
-23
31
24
15
13
27
-1
-27
21
21
8
-1
13
15
32
24
7
17
26
27
9
54
59
-5
-1
-23
-48
-21
27
2
-28
-24
14
39
-1
39
66
67
70
81
59
43
36
11
-4
-1
3
1
-10
-29
-16
8
-11
-19
-13
2
-2
14
-26
-37
-7
15
37
20
5
-27
-50
-40
-30
-65
-61
-68
-38
-31
-41
-49
-54
-39
-15
-18
-13
-19
-51
-41
-14
-37
-44
-57
-54
-73
-59
-48
-56
-44
-12
-41
-9
-7
7
7
38
32
46
66
29
-16
-1
-8
-2
-21
-45
-41
-30
-22
-12
-42
3
14
27
46
63
67
26
8
33
20
32
-11
-28
-11
-9
-3
7
21
-2
-13
-25
27
32
61
74
60
65
49
13
-29
-7
8
-21
-15
-34
-19
16
23
4
25
23
19
31
38
32
35
8
29
22
10
13
5
-38
-12
-11
-46
-25
-1
-20
3
32
26
-3
24
22
35
59
56
0
0
-13
-12
16
14
-6
-32
-20
-38
6
39
19
-11
18
36
-16
12
-1
-14
8
-2
-16
7
12
-4
-18
6
20
28
41
17
41
13
10
-4
-5
6
14
-16
20
28
18
28
46
7
-20
45
40
10
28
29
-1
-10
-10
-6
8
4
-2
5
-14
6
13
1
26
30
45
43
24
6
5
-35
-56
-44
-38
-37
-41
-10
-14
-38
-39
-22
4
13
27
8
20
5
-17
26
16
-34
-50
-12
-33
-10
-31
-26
-43
-21
-13
-23
-4
16
39
22
17
11
1
17
-20
-25
-10
-8
-26
-45
7
16
-2
22
-7
-6
11
57
55
55
42
106
138
176
215
231
269
343
353
381
409
449
467
497
531
573
608
646
713
773
850
907
1011
1063
1045
1041
1083
1147
1168
1192
1295
1455
1544
1510
1439
1361
1464
1477
1571
1663
1553
1609
1811
1785
1338
1080
984
1182
1416
1503
1582
1900
2744
3817
4470
4835
4821
4232
3515
2915
2511
2174
1698
1396
1156
939
666
363
59
-343
-736
-1132
-1493
-1828
-2104
-2394
-2585
-2872
-3071
-3184
-3198
-3106
-3111
-3100
-2989
-2938
-2913
-2863
-2791
-2725
-2663
-2556
-2457
-2349
-2242
-2204
-2155
-2071
-1972
-1888
-1805
-1633
-1537
-1444
-1345
-1223
-1127
-1072
-988
-975
-905
-806
-761
-709
-653
-597
-532
-517
-436
-349
-291
-211
-156
-166
-141
-106
-111
-138
-114
-102
-106
-107
-82
-86
-81
-104
-125
-125
-116
-103
-121
-65
-15
5
-5
34
70
89
128
155
176
202
155
160
216
198
190
157
81
59
50
58
32
57
37
33
46
56
49
52
68
41
16
50
40
-16
-2
-22
-59
-50
-19
-31
-31
-26
-36
-20
5
0
-15
2
14
-11
-14
4
16
4
4
-10
-32
-31
-12
-10
-18
-1
-14
-16
13
32
11
11
23
27
40
27
11
-13
-13
-28
-44
-45
-64
-80
-55
-41
-31
-12
-8
-28
10
41
49
37
19
19
33
14
-13
-1
-18
11
-15
-35
-23
-7
-26
6
-3
9
19
16
-2
15
8
12
7
13
-26
-43
-21
5
-27
-36
-20
-24
-35
-16
17
31
22
0
20
20
-12
-19
-7
-13
-41
-32
-14
-17
-8
-20
-10
-27
-17
5
12
-20
-21
8
9
-7
-15
-29
1
-7
-44
-57
-20
-36
-57
-30
-2
-12
-18
-27
-38
-8
-9
-29
-32
-13
-16
-54
-73
-79
-95
-59
-27
-31
-18
6
7
22
5
0
-19
12
10
-38
-71
-83
-72
-52
-64
-88
-109
-39
-49
-91
-76
-47
-39
-32
-16
0
-31
-4
-6
-33
-27
-51
-67
-87
-59
-87
-99
-64
-30
-46
-66
-59
-39
-16
-11
-41
-33
-37
-60
-52
-55
-98
-94
-95
-90
-94
-133
-122
-142
-166
-174
-134
-146
-123
-123
-87
-88
-89
-113
-86
-88
-71
-106
-130
-133
-154
-156
-177
-202
-172
-169
-181
-148
-127
-155
-149
-134
-148
-126
-122
-141
-116
-114
-137
-162
-159
-156
-170
-199
-185
-183
-194
-205
-213
-214
-178
-166
-172
-114
-92
-102
-115
-107
-142
-182
-174
-173
-191
-187
-200
-219
-277
-251
-231
-237
-219
-196
-188
-179
-151
-148
-158
-131
-139
-149
-131
-102
-124
-130
-145
-154
-193
-211
-185
-190
-189
-181
-192
-187
-186
-159
-173
-160
-184
-193
-181
-199
-210
-221
-228
-233
-179
-178
-218
-226
-232
-234
-193
-188
-190
-165
-193
-187
-157
-157
-188
-217
-172
-198
-227
-263
-252
-228
-218
-232
-251
-217
-186
-186
-184
-185
-167
-192
-226
-229
-214
-231
-245
-240
-224
-245
-250
-236
-244
-248
-201
-164
-136
-143
-147
-125
-79
-108
-81
-20
-3
-37
-52
-45
-41
-45
-16
3
6
13
25
66
77
108
117
151
204
223
224
250
295
354
375
366
356
385
428
444
448
442
469
511
525
489
492
522
492
464
545
556
514
524
531
506
549
547
539
574
625
645
633
656
664
645
616
595
618
590
564
573
554
548
497
477
501
467
447
462
463
431
430
443
462
478
439
385
413
393
412
423
402
373
358
325
325
275
244
259
256
243
240
199
202
204
232
214
209
197
171
184
220
191
189
173
142
124
144
152
156
123
104
95
74
75
97
93
133
139
97
108
80
69
78
41
50
75
76
52
62
78
55
40
55
49
41
5
42
55
21
62
42
36
25
17
4
9
12
31
63
37
18
25
11
-1
16
13
11
16
-6
-1
-11
-34
-6
26
-24
-15
11
26
3
65
66
44
52
58
51
37
47
12
9
-7
34
-5
16
19
-12
8
48
69
66
94
123
94
81
100
109
88
119
92
84
81
70
44
69
64
46
43
60
62
84
85
129
93
109
109
116
79
97
92
81
47
34
38
41
34
15
22
43
65
90
56
36
54
66
63
67
80
62
64
25
28
46
54
59
46
36
49
50
43
63
66
92
90
76
72
74
70
67
49
34
25
8
-5
3
-21
-19
-11
-21
17
28
28
28
33
23
-1
50
24
-12
-7
-21
-6
-3
-20
-44
-46
-58
-55
-56
-51
-75
-85
-85
-78
-50
-63
-56
-47
-59
-74
-91
-113
-91
-65
-72
-101
-93
-86
-50
-72
-74
-78
-90
-114
-115
-131
-154
-155
-153
-116
-113
-94
-73
-65
-75
-45
-57
-91
-70
-97
-86
-89
-117
-123
-151
-122
-107
-147
-152
-141
-129
-138
-129
-150
-124
-70
-97
-106
-103
-145
-173
-138
-128
-122
-131
-132
-155
-143
-136
-126
-128
-120
-117
-128
-165
-151
-141
-129
-119
-103
-88
-99
-79
-110
-129
-107
-106
-79
-98
-124
-143
-173
-143
-140
-129
-100
-99
-69
-70
-29
-36
-69
-59
-54
-36
-56
-95
-82
-60
-97
-94
-131
-151
-114
-99
-103
-127
-111
-73
-62
-96
-72
-67
-84
-97
-80
-34
-12
-39
-68
-69
-58
-65
-51
-51
-53
-37
-27
-2
-37
-10
-1
-6
-14
-7
10
9
-24
-15
-33
-57
-39
-32
-37
-40
-34
-40
-48
-46
2
39
55
44
44
49
36
28
23
38
12
-24
-23
-14
-13
-48
-49
-48
-41
-2
-2
-6
-25
3
-18
7
14
15
-30
-17
22
-14
-16
-29
-8
-27
-31
-45
-52
-44
-20
-11
9
24
0
-7
10
-8
-19
-9
-32
-65
-101
-95
-116
-151
-162
-160
-188
-172
-173
-202
-222
-202
-179
-164
-138
-141
-148
-153
-177
-187
-167
-148
-215
-207
-204
-220
-186
-188
-191
-182
-130
-63
-18
5
6
57
58
80
100
115
146
162
171
179
172
204
174
171
178
190
213
225
222
226
257
264
255
248
247
243
268
267
253
232
210
215
216
216
180
177
224
217
184
190
228
193
166
176
180
193
171
168
165
145
121
60
71
102
66
68
102
49
44
51
65
61
90
53
67
96
89
64
72
47
29
12
14
-17
-43
-71
-130
-256
-348
-402
-402
-446
-505
-611
-708
-743
-858
-942
-1004
-1004
-977
-895
-759
-381
3327
11642
18015
17134
12139
8747
9066
9167
7765
6730
6043
6480
11511
17525
20523
21318
20378
18372
17856
16184
12965
9711
7426
5202
2838
-18
-2550
-3605
-3643
-3888
-4068
-4235
-4594
-5230
-6122
-6910
-7045
-6624
-5872
-5047
-4386
-3886
-3256
-2620
-2088
-1625
-1089
-673
-711
-1131
-1831
-2611
-3604
-4554
-5215
-5495
-5649
-5686
-5730
-5858
-6039
-6131
-6176
-6145
-6047
-5907
-5651
-5431
-5322
-5128
-4837
-4566
-4278
-3983
-3664
-3376
-3166
-2882
-2540
-2262
-1986
-1733
-1431
-1162
-966
-761
-516
-305
-118
107
257
406
553
594
582
514
425
320
247
200
118
49
38
22
-26
-94
-107
-185
-241
-268
-299
-384
-486
-573
-690
-759
-815
-864
-961
-1076
-1211
-1323
-1403
-1485
-1578
-1630
-1725
-1839
-1895
-1920
-1956
-1993
-1957
-1886
-1886
-1805
-1724
-1675
-1624
-1580
-1535
-1485
-1384
-1323
-1255
-1143
-1070
-1068
-1018
-1009
-1007
-986
-920
-854
-848
-832
-856
-903
-871
-876
-876
-822
-701
-652
-634
-610
-608
-602
-531
-450
-429
-321
-185
-73
24
110
137
240
289
269
303
338
386
443
484
541
598
671
668
703
743
762
727
692
667
628
583
537
513
446
407
379
341
274
224
223
208
208
191
187
199
194
168
197
242
203
184
191
192
182
118
135
123
93
58
16
-4
-27
-23
-59
-90
-94
-101
-178
-226
-225
-215
-254
-289
-311
-276
-268
-306
-338
-300
-308
-327
-312
-318
-305
-306
-261
-219
-228
-207
-173
-164
-152
-153
-129
-119
-104
-151
-150
-157
-161
-183
-203
-227
-248
-259
-237
-231
-217
-227
-230
-207
-211
-246
-261
-262
-223
-231
-212
-203
-202
-222
-209
-210
-232
-223
-221
-241
-248
-238
-248
-221
-261
-248
-204
-200
-174
-167
-144
-156
-132
-112
-104
-108
-89
-128
-154
-147
-132
-155
-138
-136
-185
-187
-162
-192
-200
-143
-137
-107
-92
-81
-91
-77
-91
-101
-93
-114
-145
-158
-142
-188
-164
-164
-176
-150
-135
-120
-143
-170
-153
-146
-168
-167
-153
-126
-137
-155
-215
-202
-185
-205
-189
-190
-230
-197
-176
-190
-155
-102
-110
-91
-43
-51
-62
-72
-107
-140
-193
-212
-230
-240
-246
-279
-289
-291
-284
-292
-302
-275
-249
-253
-236
-242
-255
-247
-215
-247
-292
-287
-275
-276
-263
-289
-271
-292
-312
-341
-340
-365
-392
-413
-414
-426
-439
-469
-474
-503
-482
-461
-501
-512
-499
-521
-529
-506
-487
-505
-524
-537
-525
-563
-571
-563
-619
-641
-654
-672
-696
-719
-767
-768
-812
-814
-884
-894
-894
-932
-930
-906
-908
-928
-936
-938
-945
-925
-937
-955
-972
-963
-989
-972
-988
-1018
-1045
-1044
-1090
-1106
-1113
-1132
-1165
-1157
-1184
-1205
-1197
-1170
-1182
-1147
-1129
-1156
-1142
-1134
-1114
-1107
-1111
-1143
-1125
-1094
-1103
-1095
-1080
-1065
-1073
-1071
-1091
-1074
-1065
-1057
-1064
-1077
-1084
-1090
-1054
-1057
-1035
-996
-951
-902
-881
-840
-790
-752
-709
-660
-559
-563
-526
-450
-437
-384
-330
-296
-268
-213
-152
-126
-66
-55
-36
18
69
88
128
152
223
283
341
428
495
584
634
664
701
734
775
828
899
940
946
955
978
987
1005
990
1021
1007
1010
1011
987
1004
979
979
1002
996
988
1004
1044
1037
1040
1044
1051
1050
1053
1021
998
994
979
959
949
956
927
902
945
927
882
872
915
909
891
865
865
883
891
868
849
861
859
833
820
777
748
731
716
681
636
649
642
609
587
580
542
512
516
513
472
516
563
517
567
581
580
580
581
583
606
614
650
672
692
723
750
742
719
704
703
667
603
597
572
559
541
522
515
506
503
548
505
461
473
484
480
473
480
453
425
394
355
356
347
278
281
255
239
192
171
158
137
134
119
105
122
118
100
92
118
130
119
151
158
181
195
210
187
173
171
191
171
197
161
172
161
181
162
174
181
159
123
138
169
158
158
138
115
124
151
140
132
150
154
168
137
125
114
141
156
177
168
173
181
175
171
170
157
155
187
210
225
212
211
223
250
260
223
238
254
239
216
223
210
175
179
196
192
199
134
98
131
101
65
51
35
-9
-30
-55
-88
-120
-90
-107
-160
-206
-194
-200
-205
-240
-247
-236
-248
-251
-250
-256
-257
-267
-263
-233
-239
-226
-214
-198
-203
-158
-145
-147
-120
-106
-110
-78
-73
-86
-62
-41
-80
-90
-80
-67
-69
-69
-83
-79
-38
36
145
338
604
872
1152
2222
7718
20221
34029
41626
41240
39583
36357
30524
24888
20906
18568
18335
19908
20923
19326
16405
14527
12289
10276
9375
7935
6646
5681
4173
2133
-673
-2997
-3487
-3349
-3203
-3416
-2963
-2695
-2597
-2433
-2976
-3734
-3877
-3648
-3850
-4469
-5015
-5314
-5609
-5819
-5858
-5957
-6408
-6910
-7117
-7019
-6812
-6578
-6323
-6064
-5969
-6099
-6395
-6287
-5950
-5692
-5578
-5598
-5879
-6338
-6760
-7072
-7151
-7015
-6902
-6840
-6798
-6765
-6789
-6793
-6782
-6771
-6660
-6457
-6220
-6021
-5821
-5545
-5275
-5035
-4844
-4752
-4809
-4823
-4752
-4639
-4445
-4171
-3893
-3660
-3477
-3376
-3376
-3388
-3422
-3489
-3591
-3788
-3959
-3950
-3908
-3889
-3801
-3706
-3576
-3388
-3241
-3097
-2899
-2768
-2713
-2689
-2677
-2626
-2585
-2551
-2490
-2442
-2368
-2362
-2374
-2364
-2315
-2271
-2239
-2216
-2214
-2199
-2181
-2135
-2017
-1828
-1685
-1554
-1461
-1346
-1206
-1089
-990
-877
-752
-643
-570
-493
-459
-421
-377
-361
-293
-163
-25
124
228
352
394
400
390
399
401
387
377
378
435
481
547
635
709
713
740
750
765
747
714
722
772
788
806
808
789
801
820
823
796
744
662
614
559
530
462
404
344
269
225
206
145
120
59
-36
-94
-158
-204
-250
-314
-349
-377
-415
-423
-442
-474
-482
-495
-499
-528
-533
-480
-472
-517
-509
-503
-508
-519
-539
-582
-600
-590
-645
-665
-677
-719
-743
-759
-771
-744
-719
-733
-759
-767
-755
-762
-729
-718
-723
-691
-643
-633
-621
-605
-578
-563
-523
-474
-444
-451
-433
-417
-439
-390
-366
-367
-374
-357
-346
-358
-381
-366
-348
-376
-370
-364
-404
-422
-431
-471
-463
-480
-479
-521
-561
-590
-563
-637
-682
-701
-710
-731
-760
-746
-756
-772
-760
-749
-742
-758
-749
-727
-726
-713
-736
-758
-748
-753
-778
-789
-822
-855
-861
-853
-905
-924
-891
-882
-903
-908
-853
-845
-842
-874
-887
-868
-820
-835
-830
-804
-800
-831
-782
-806
-868
-824
-848
-867
-885
-876
-850
-853
-839
-801
-823
-782
-759
-767
-762
-747
-739
-719
-737
-759
-752
-743
-789
-760
-772
-777
-750
-757
-720
-744
-775
-767
-765
-784
-772
-768
-790
-823
-837
-847
-812
-827
-854
-862
-873
-848
-848
-868
-868
-918
-918
-941
-945
-965
-984
-994
-960
-918
-937
-988
-1019
-1030
-1012
-1014
-1000
-998
-1020
-987
-945
-971
-959
-968
-968
-957
-927
-966
-980
-952
-973
-968
-977
-932
-919
-917
-908
-916
-870
-813
-772
-755
-723
-707
-678
-639
-612
-568
-546
-490
-444
-451
-419
-393
-374
-376
-373
-348
-323
-336
-295
-279
-264
-307
-308
-272
-252
-253
-268
-275
-284
-224
-191
-202
-174
-161
-156
-122
-92
-54
-59
-21
18
36
28
34
42
65
78
67
83
94
104
138
161
220
204
239
291
288
285
380
419
469
509
543
525
615
692
708
774
833
915
1016
1121
1198
1256
1317
1416
1487
1571
1636
1730
1812
1892
1949
2013
2099
2196
2226
2305
2325
2334
2373
2426
2477
2516
2552
2600
2636
2659
2659
2743
2756
2755
2790
2799
2799
2802
2781
2779
2779
2759
2778
2736
2693
2693
2691
2642
2617
2605
2570
2513
2480
2472
2404
2358
2295
2231
2157
2102
2054
1967
1914
1863
1789
1745
1688
1655
1594
1546
1544
1454
1409
1363
1306
1272
1254
1250
1257
1211
1179
1144
1132
1101
1051
1017
1009
973
947
946
914
853
809
774
770
710
664
613
604
583
543
523
499
462
435
394
362
344
313
325
312
296
302
311
331
344
354
300
289
314
305
296
288
281
268
257
217
237
239
226
213
229
197
147
160
203
163
154
154
129
128
124
111
62
71
96
95
101
113
139
134
107
83
78
55
27
22
68
53
50
66
56
52
31
51
57
67
94
87
76
101
104
118
113
115
91
71
68
79
93
133
105
84
110
151
154
218
243
260
303
330
310
299
304
356
370
377
382
409
372
411
425
424
426
434
379
381
429
445
455
475
501
476
518
503
478
481
498
478
476
477
440
447
455
434
441
432
410
380
408
402
384
367
356
336
310
244
192
201
183
179
136
149
134
121
128
100
101
94
93
44
5
-15
31
3
0
29
21
3
24
34
51
53
6
-18
-16
-23
-12
-40
-43
-45
-81
-89
-44
-59
-56
-61
-66
-78
-33
-9
-41
-34
-42
-51
-36
-44
-96
-101
-78
-112
-104
-67
-48
-27
-18
-65
-70
-28
-10
-38
-68
-31
-25
-42
-63
-72
-77
-69
-71
-75
-86
-82
-99
-75
-77
-54
-63
-87
-74
-90
-63
-65
-85
-84
-93
-81
-84
-71
-64
-86
-102
-118
-116
-93
-119
-103
-102
-110
-108
-86
-91
-82
-85
-32
-6
-27
-46
-60
-96
-73
-52
-74
-93
-106
-97
-110
-141
-160
-129
-126
-96
-85
-61
-39
-46
-60
-49
-30
-22
-21
-26
-55
-52
-55
-57
-62
-52
-79
-87
-72
-64
-57
-54
-68
-55
-53
-88
-65
-36
-28
-48
-37
-37
-36
-4
-77
-98
-52
-53
-54
-67
-93
-98
-63
-83
-73
-79
-81
-56
-79
-75
-39
-7
-9
23
-3
-20
-50
-16
-5
-57
-56
-79
-66
-105
-91
-77
-76
-85
-59
-38
0
-8
-3
-9
-18
-11
-18
-50
-20
-50
-66
-46
-59
-60
-47
-44
-68
-65
-34
-44
-45
-48
-47
-26
-23
-8
-47
-49
-62
-60
-72
-102
-123
-120
-123
-144
-126
-129
-193
-270
-329
-367
-415
-470
-490
-507
-482
-469
-449
-420
-417
-394
-402
-426
-435
-441
-398
-391
-406
-404
-378
-316
-310
-276
-269
-232
-182
-142
-158
-148
-162
-162
-114
-111
-88
-70
-88
-71
-80
-83
-35
-31
-16
-13
-28
-33
-33
-56
-38
-26
-51
-70
-94
-66
-89
-71
-72
-82
-75
-54
-43
-34
-27
9
-54
-68
-29
-51
-71
-84
-72
-104
-100
-92
-81
-10
32
30
48
72
61
83
90
132
144
158
164
164
150
120
55
76
87
58
55
62
57
43
55
83
57
51
79
86
93
84
81
76
78
71
31
11
25
-24
-30
-2
-8
9
8
25
18
16
13
-15
30
28
42
39
24
-5
-28
-13
4
-40
-21
-43
-73
-40
4
-2
-21
-8
35
32
33
37
55
56
77
75
55
80
47
26
26
23
25
5
17
3
25
41
28
52
86
66
54
61
78
82
52
20
-13
3
-14
-3
-14
29
27
-8
-7
-25
-25
3
18
40
39
57
59
33
42
34
48
52
27
20
21
35
21
-4
-16
-1
27
19
48
40
78
116
68
34
62
57
78
92
81
58
44
49
17
25
51
10
-5
4
35
55
73
85
76
46
60
75
70
49
43
59
66
88
3
42
31
3
28
41
60
61
69
97
102
85
90
56
92
67
29
21
18
26
24
10
12
31
61
19
27
60
59
25
17
17
25
38
51
28
15
22
19
27
38
24
36
41
54
76
82
83
67
89
82
69
63
62
35
42
43
55
78
89
76
96
88
71
78
134
104
110
92
72
69
51
49
62
71
59
39
23
32
48
65
55
82
66
29
38
61
100
68
68
71
42
34
44
23
17
57
48
8
24
44
17
50
77
22
46
87
61
53
88
67
11
26
49
7
11
39
51
42
54
47
61
88
78
74
75
83
79
40
35
51
12
13
5
-7
24
39
16
29
35
21
39
25
-3
32
69
80
39
45
55
11
7
42
29
0
8
19
-24
-19
-16
-38
2
25
26
7
37
65
68
59
78
52
32
11
26
17
62
47
6
16
1
-50
-61
-36
-29
-29
-15
9
-10
-22
-42
-26
28
30
34
31
25
16
34
1
0
16
-2
-18
-43
-73
-15
-44
-83
-60
-63
-27
-1
-11
-24
7
24
6
16
13
8
33
22
18
0
2
-27
-27
-3
-31
-56
-32
-30
-23
7
26
31
-14
1
20
3
24
-18
-25
2
35
7
-34
3
-8
-27
-20
-15
-37
5
13
13
23
42
16
31
48
39
28
42
42
10
-3
17
32
30
7
-2
-5
22
63
68
101
136
152
173
160
170
214
219
291
294
313
340
334
370
375
366
392
429
426
474
523
540
572
652
686
706
711
692
623
550
401
191
170
459
820
1152
1423
1482
1327
911
525
-191
-743
-508
30
72
-75
273
860
1536
1873
1860
1845
2446
3706
4981
5697
6184
6068
5562
4958
4300
3805
3263
2642
2227
1941
1691
1376
1138
784
357
-29
-501
-956
-1296
-1599
-1895
-2213
-2565
-2833
-3053
-3164
-3253
-3365
-3369
-3403
-3413
-3372
-3248
-3179
-3068
-2970
-2853
-2743
-2626
-2526
-2455
-2371
-2275
-2162
-2039
-1906
-1766
-1605
-1427
-1323
-1209
-1084
-957
-887
-845
-769
-705
-636
-559
-440
-361
-311
-225
-168
-103
-35
-6
24
6
-7
-7
9
27
35
20
-2
-24
7
-2
-29
-20
-15
-37
-45
9
55
38
55
113
147
160
205
214
236
280
284
266
261
244
241
229
224
212
161
161
121
101
85
56
49
57
48
3
-11
-5
-37
-57
-92
-72
-67
-58
-77
-75
-82
-56
-27
-16
-49
-47
-63
-77
-97
-78
-62
-102
-123
-121
-115
-153
-137
-153
-127
-81
-73
-71
-80
-34
-20
-17
-53
-42
-20
-18
-46
-26
-73
-73
-67
-72
-73
-78
-107
-94
-85
-113
-110
-56
-31
-21
-14
-13
-8
-12
-25
-38
-54
-38
-57
-83
-70
-80
-84
-60
-18
6
-48
-29
-13
-47
-18
-2
-31
-57
-65
-64
-22
-18
-20
-34
-34
-37
-67
-63
-82
-93
-92
-59
-28
-48
-42
-19
-32
-23
-63
-70
-60
-71
-83
-90
-63
-72
-80
-86
-60
-47
-41
-33
-64
-48
-17
-17
-26
-23
-53
-6
-20
-32
-37
-61
-83
-69
-70
-65
-73
-61
-57
-15
-23
-27
-21
-14
-6
18
9
15
16
26
-2
-19
-52
-56
-57
-50
-67
-104
-119
-101
-66
-24
-24
-33
-38
-19
-40
-61
-43
-10
-22
-23
-47
-72
-91
-114
-127
-141
-151
-126
-100
-88
-88
-79
-66
-83
-85
-70
-91
-99
-139
-150
-166
-176
-182
-193
-161
-178
-188
-170
-162
-170
-184
-184
-184
-175
-143
-145
-162
-159
-156
-158
-149
-140
-151
-176
-189
-161
-139
-132
-111
-109
-92
-103
-88
-86
-104
-105
-110
-108
-121
-132
-151
-133
-149
-154
-112
-113
-121
-124
-115
-145
-110
-96
-135
-144
-198
-210
-243
-238
-233
-228
-233
-252
-300
-302
-265
-244
-296
-316
-296
-274
-251
-233
-249
-230
-213
-212
-234
-193
-225
-243
-276
-298
-278
-279
-296
-272
-270
-271
-266
-244
-215
-262
-249
-207
-222
-275
-309
-320
-272
-276
-299
-311
-281
-273
-246
-253
-277
-235
-194
-174
-154
-164
-193
-156
-178
-160
-135
-154
-146
-123
-103
-104
-90
-111
-116
-93
-103
-88
-73
-53
-22
-4
-22
-6
-22
-51
-12
-9
-67
-29
-45
-70
-32
-60
-93
-96
-66
-48
-27
-8
-12
-65
-15
-23
-60
-59
-54
-75
-69
-31
-45
-55
-73
-49
-24
8
16
12
14
36
68
71
91
111
104
82
91
84
95
70
55
45
30
54
80
90
102
141
170
177
150
212
210
186
180
222
227
199
213
214
220
214
209
218
231
260
249
273
302
314
314
363
370
369
370
372
388
394
419
436
399
379
388
405
416
392
388
352
321
343
356
370
390
396
369
355
364
408
410
402
402
409
377
346
311
315
320
319
289
257
281
276
282
268
288
268
252
264
291
250
249
229
235
249
244
204
199
211
207
197
227
234
223
222
170
182
181
204
198
182
147
143
124
147
110
76
72
86
87
78
100
96
104
87
94
72
71
68
71
87
85
46
36
35
20
1
-1
34
40
28
63
62
60
59
51
37
45
23
2
28
19
0
9
25
2
-27
-9
47
39
54
31
-1
22
3
12
30
15
23
7
15
-3
2
3
-3
9
11
22
9
19
36
7
6
13
12
10
4
-1
-26
-16
-33
-30
11
15
48
16
20
36
23
22
19
10
8
20
11
-9
21
8
-22
-1
-25
-23
-8
-43
9
46
24
42
60
37
11
24
41
37
13
-33
-17
-22
-13
-22
2
36
45
23
34
17
13
37
54
84
43
40
38
31
-2
-9
-25
-62
-9
1
-13
-8
5
-25
-18
10
3
5
38
24
1
-33
-46
-37
-36
-37
-57
-64
-20
-34
-54
-42
-20
-47
-83
-59
-55
-48
-45
-14
-54
-51
-42
-55
-78
-70
-120
-118
-95
-100
-61
-52
-36
-53
-37
-31
-44
-42
-60
-87
-62
-35
-64
-64
-63
-53
-65
-68
-80
-84
-72
-15
-28
-21
18
51
25
45
49
33
30
27
2
-28
-6
2
-24
-5
1
-30
-4
-22
-33
-47
-18
-7
-7
8
15
16
-11
27
13
-9
-32
-50
-41
-58
-60
-77
-93
-91
-88
-62
-64
-91
-65
-69
-39
-41
-38
-52
-41
-9
7
-40
-38
-60
-61
-44
-52
-66
-87
-89
-80
-66
-58
-68
-72
-78
-38
-11
-46
-6
11
-17
-30
-27
-82
-75
-74
-46
-52
-51
-49
-80
-68
-83
-72
-77
-65
-56
-56
-32
-55
-54
-17
-15
-43
-39
-36
-25
-61
-36
-54
-37
-74
-85
-70
-57
-56
-80
-45
18
11
-3
-30
28
33
40
34
3
-6
20
13
22
-4
-29
-11
-15
-34
-56
-23
0
36
60
50
57
44
70
51
47
36
23
-23
-61
-57
-42
-36
-46
-43
-31
15
-7
-18
-9
-23
15
15
-31
-38
-53
-56
-63
-74
-94
-88
-101
-69
-72
-53
-61
-56
-67
-52
-30
11
-21
-26
-22
-49
-35
-36
-51
-52
-60
-34
-27
-9
-5
-2
22
1
4
1
22
29
43
45
42
103
74
13
15
44
42
46
35
45
29
16
14
8
23
40
33
47
62
53
23
51
18
-15
5
-12
-8
-21
-29
-47
-36
-26
-32
-40
-44
-32
-6
-15
-36
-73
-88
-70
-67
-68
-49
-46
-51
-60
-40
-42
-60
-53
-35
-33
-15
-37
-33
-62
-75
-90
-51
-47
-60
-72
-78
-20
-12
-23
-15
-11
20
37
9
11
23
32
4
2
-20
-41
-34
-57
-61
-20
0
2
-18
7
-22
-25
-6
-1
9
30
20
21
9
3
-4
-17
-41
3
-17
-25
-43
-51
-58
-43
-38
-15
-2
-5
-2
29
31
48
42
37
20
20
8
-4
12
10
-17
-51
-59
-41
-38
-12
9
13
14
41
39
67
76
46
2
38
38
2
6
21
-19
-20
10
-8
-43
-51
-42
-27
-13
33
53
7
14
14
23
26
12
-3
20
5
6
-23
-39
-23
-42
-9
-3
4
-10
35
7
32
42
36
34
23
19
-34
-32
-34
-65
-57
-31
-33
-28
-29
-27
9
21
30
9
7
-11
-40
-20
-37
-8
12
10
-25
-25
24
-9
-9
27
-14
-6
-9
34
13
27
51
-4
-8
3
13
20
15
17
-16
-45
-18
-30
-40
-15
37
28
14
35
-10
26
54
38
55
25
7
3
-15
-29
-61
-67
-66
-51
-34
-21
-32
-52
-29
-9
-31
-20
21
19
26
4
-14
-49
-46
-27
-43
-54
-24
-31
-32
-45
-19
-14
35
53
19
23
7
22
34
30
-4
-18
-13
-49
-37
-26
-52
-41
-61
-39
-11
6
6
-9
-32
-5
2
5
6
-19
4
-6
-1
-16
-37
-32
-17
-36
-37
-10
-16
21
14
28
19
3
-10
-3
-49
-38
4
5
9
8
-3
-2
-17
1
49
43
61
63
18
-12
-24
-22
-30
-34
-71
-107
-90
-81
-95
-120
-91
-115
-132
-101
-68
-88
-78
