0
-11
-35
-56
-73
-93
-110
-148
-169
-188
-183
-191
-201
-195
-178
-165
-150
-159
-158
-159
-148
-155
-162
-155
-135
-115
-89
-88
-70
-61
-46
-53
-63
-69
-75
-84
-103
-139
-158
-173
-191
-228
-268
-301
-326
-355
-389
-430
-456
-472
-478
-495
-496
-481
-458
-437
-441
-448
-453
-451
-454
-465
-470
-463
-452
-433
-436
-424
-419
-403
-408
-419
-418
-409
-401
-390
-398
-393
-393
-381
-388
-397
-393
-380
-370
-359
-372
-370
-370
-361
-366
-367
-358
-343
-325
-311
-309
-295
-282
-266
-270
-269
-257
-243
-226
-221
-218
-206
-191
-181
-190
-190
-181
-171
-155
-155
-153
-144
-128
-117
-119
-119
-112
-109
-105
-128
-133
-138
-120
-117
-118
-111
-98
-88
-76
-87
-89
-98
-97
-122
-157
-186
-208
-235
-259
-301
-328
-357
-379
-417
-451
-476
-494
-510
-531
-566
-587
-604
-612
-630
-643
-639
-628
-617
-615
-622
-621
-604
-588
-578
-564
-541
-518
-490
-479
-469
-456
-435
-417
-405
-386
-354
-323
-290
-285
-267
-257
-236
-235
-244
-245
-239
-235
-229
-246
-250
-265
-268
-297
-323
-329
-318
-302
-281
-277
-259
-245
-228
-230
-238
-247
-263
-289
-327
-378
-412
-437
-451
-472
-478
-463
-437
-404
-383
-364
-337
-303
-277
-269
-257
-242
-233
-230
-249
-273
-295
-312
-336
-364
-382
-388
-397
-400
-430
-439
-450
-444
-452
-460
-455
-437
-413
-383
-377
-353
-338
-308
-305
-306
-293
-276
-263
-253
-260
-256
-251
-239
-242
-240
-231
-221
-213
-217
-236
-244
-248
-248
-262
-267
-258
-245
-230
-228
-228
-221
-200
-187
-177
-166
-149
-141
-136
-144
-151
-155
-148
-151
-160
-156
-141
-129
-110
-121
-120
-125
-117
-125
-137
-141
-135
-128
-116
-128
-120
-125
-116
-137
-164
-181
-193
-204
-213
-231
-230
-222
-204
-205
-206
-199
-192
-190
-204
-237
-262
-287
-308
-339
-357
-360
-362
-363
-378
-392
-401
-402
-409
-426
-434
-429
-419
-404
-405
-406
-407
-398
-402
-417
-423
-417
-414
-405
-419
-417
-418
-406
-409
-419
-425
-427
-429
-424
-435
-413
-392
-350
-327
-302
-264
-221
-182
-152
-142
-127
-118
-109
-119
-127
-127
-125
-124
-133
-149
-151
-148
-141
-150
-150
-137
-121
-103
-103
-104
-106
-109
-128
-167
-203
-236
-262
-283
-308
-330
-345
-345
-358
-371
-374
-358
-346
-325
-329
-312
-296
-271
-260
-249
-234
-215
-204
-196
-220
-224
-236
-233
-248
-257
-250
-241
-232
-232
-246
-244
-237
-219
-216
-209
-197
-184
-175
-178
-189
-188
-183
-178
-189
-190
-177
-162
-147
-152
-158
-159
-149
-143
-147
-143
-127
-105
-77
-67
-53
-46
-29
-36
-58
-78
-96
-122
-148
-198
-235
-271
-288
-312
-327
-327
-316
-304
-284
-284
-255
-228
-187
-165
-143
-116
-94
-82
-84
-108
-125
-147
-164
-199
-225
-235
-236
-230
-234
-249
-254
-257
-263
-287
-307
-317
-326
-330
-350
-366
-376
-379
-392
-418
-442
-458
-468
-468
-478
-467
-447
-409
-383
-357
-323
-281
-250
-228
-227
-222
-216
-208
-226
-252
-271
-281
-290
-298
-328
-335
-343
-336
-342
-341
-326
-306
-286
-277
-284
-281
-280
-274
-281
-279
-260
-230
-193
-162
-137
-106
-76
-54
-52
-50
-44
-48
-56
-88
-120
-152
-181
-219
-267
-309
-339
-360
-373
-404
-418
-431
-421
-426
-435
-432
-420
-412
-400
-406
-397
-387
-365
-362
-362
-351
-332
-320
-309
-325
-324
-329
-327
-342
-353
-355
-350
-342
-338
-343
-327
-303
-268
-249
-222
-182
-138
-94
-63
-40
-14
5
9
-18
-48
-78
-114
-154
-215
-275
-326
-366
-401
-438
-463
-472
-475
-469
-485
-480
-476
-452
-446
-444
-429
-404
-381
-356
-349
-335
-320
-299
-302
-305
-301
-285
-273
-268
-290
-301
-311
-306
-310
-312
-300
-284
-265
-249
-243
-220
-194
-162
-148
-130
-103
-75
-54
-54
-65
-72
-77
-89
-118
-141
-155
-173
-190
-227
-262
-290
-311
-337
-370
-392
-399
-401
-395
-413
-410
-408
-387
-383
-383
-374
-361
-354
-348
-365
-366
-372
-364
-380
-398
-403
-398
-393
-387
-400
-402
-404
-400
-410
-415
-410
-394
-371
-348
-337
-312
-286
-260
-255
-250
-237
-225
-213
-218
-225
-223
-213
-208
-219
-222
-216
-210
-199
-201
-201
-195
-184
-183
-196
-206
-207
-211
-210
-235
-243
-257
-253
-260
-264
-255
-236
-216
-197
-205
-202
-210
-204
-229
-248
-251
-232
-215
-198
-200
-198
-195
-193
-208
-226
-236
-245
-252
-266
-295
-307
-313
-320
-350
-382
-408
-432
-452
-480
-500
-505
-495
-488
-491
-485
-470
-455
-440
-441
-438
-428
-409
-401
-404
-403
-393
-388
-379
-400
-402
-405
-391
-390
-390
-380
-361
-343
-326
-336
-330
-335
-324
-334
-343
-338
-326
-316
-308
-315
-308
-297
-279
-272
-258
-232
-201
-171
-154
-153
-143
-132
-121
-127
-128
-118
-107
-93
-93
-89
-75
-51
-34
-35
-35
-32
-32
-31
-50
-73
-98
-122
-164
-219
-266
-304
-347
-383
-444
-485
-525
-545
-570
-589
-590
-575
-558
-539
-545
-529
-519
-493
-491
-489
-475
-456
-438
-422
-420
-405
-383
-357
-353
-351
-353
-347
-344
-344
-357
-354
-343
-327
-321
-310
-290
-271
-256
-265
-277
-286
-286
-294
-316
-329
-335
-337
-334
-345
-352
-354
-344
-344
-347
-332
-299
-268
-235
-236
-230
-236
-240
-268
-305
-336
-358
-380
-397
-443
-467
-500
-519
-564
-613
-653
-689
-721
-749
-788
-811
-833
-847
-876
-898
-908
-911
-912
-920
-934
-935
-930
-923
-930
-929
-913
-893
-866
-855
-840
-819
-787
-760
-743
-715
-680
-643
-607
-589
-569
-548
-513
-492
-478
-450
-412
-380
-347
-341
-323
-306
-277
-263
-253
-237
-214
-197
-179
-190
-176
-167
-142
-137
-128
-106
-76
-43
-8
17
54
87
120
129
134
139
148
155
156
144
127
105
71
18
-28
-72
-115
-154
-210
-264
-305
-334
-356
-383
-401
-413
-423
-430
-454
-465
-478
-476
-492
-515
-523
-518
-514
-508
-525
-529
-534
-524
-524
-517
-493
-457
-420
-377
-357
-312
-270
-216
-183
-153
-121
-95
-74
-63
-73
-74
-79
-79
-96
-105
-102
-95
-85
-83
-84
-76
-68
-68
-92
-113
-124
-137
-149
-180
-207
-227
-235
-245
-260
-263
-252
-235
-211
-207
-194
-186
-163
-162
-170
-169
-163
-164
-166
-191
-203
-217
-219
-238
-256
-261
-254
-246
-233
-243
-231
-220
-199
-195
-192
-183
-174
-167
-167
-184
-188
-191
-187
-199
-203
-193
-175
-156
-148
-146
-140
-124
-116
-117
-109
-89
-65
-42
-34
-29
-25
-27
-42
-70
-85
-81
-74
-55
-57
-47
-47
-32
-41
-56
-58
-48
-36
-17
-12
10
31
63
66
56
47
43
37
32
2
-11
-28
-36
-59
-79
-91
-99
-108
-126
-162
-191
-226
-260
-317
-374
-424
-480
-551
-651
-771
-892
-1014
-1144
-1291
-1427
-1550
-1673
-1796
-1942
-2093
-2246
-2397
-2559
-2734
-2908
-3078
-3255
-3435
-3648
-3855
-4080
-4300
-4548
-4806
-5053
-5289
-5519
-5736
-5962
-6164
-6360
-6534
-6721
-6901
-7060
-7203
-7341
-7469
-7608
-7717
-7811
-7880
-7949
-7998
-8024
-8031
-8024
-8008
-7982
-7916
-7824
-7702
-7576
-7426
-7245
-7043
-6824
-6605
-6379
-6134
-5866
-5583
-5303
-5010
-4709
-4415
-4128
-3864
-3609
-3362
-3117
-2900
-2696
-2496
-2293
-2103
-1918
-1768
-1606
-1449
-1281
-1135
-996
-852
-707
-570
-436
-332
-222
-127
-26
45
109
182
256
317
369
392
419
440
463
467
472
485
502
513
510
487
476
465
456
426
400
386
375
369
352
335
328
332
333
325
330
350
372
397
403
407
413
420
415
402
397
406
418
441
443
467
490
529
551
569
594
621
644
663
657
670
675
695
691
684
690
702
713
722
713
717
724
741
746
758
780
809
837
855
862
883
907
939
961
997
1054
1117
1178
1211
1225
1230
1234
1229
1217
1224
1249
1279
1310
1316
1309
1292
1264
1205
1129
1049
977
901
825
732
669
616
594
559
527
508
500
491
486
455
453
447
464
461
461
473
488
500
506
497
500
506
519
519
527
546
570
592
603
601
611
623
637
635
640
659
682
708
718
729
743
763
772
766
766
772
777
786
782
782
789
805
808
803
812
838
864
898
908
935
961
1000
1025
1046
1073
1104
1131
1154
1150
1168
1178
1201
1196
1185
1181
1174
1159
1131
1079
1031
976
922
847
778
725
681
641
597
550
523
506
494
468
454
456
466
480
482
490
506
532
552
559
572
589
604
617
612
609
605
608
594
570
553
549
545
539
517
509
505
518
514
513
521
540
563
587
582
604
622
661
683
702
733
767
795
812
813
822
827
837
829
827
835
845
848
832
797
762
723
677
610
546
492
441
396
338
286
241
211
182
145
116
96
79
65
37
18
1
1
-15
-40
-55
-60
-69
-74
-106
-126
-147
-155
-174
-191
-194
-182
-170
-153
-163
-150
-144
-125
-127
-128
-119
-104
-88
-77
-78
-64
-48
-24
-17
-9
6
22
38
41
33
30
26
15
-17
-43
-58
-72
-83
-114
-143
-167
-179
-193
-213
-226
-231
-236
-242
-268
-285
-304
-307
-327
-350
-356
-347
-340
-332
-353
-371
-402
-430
-482
-539
-590
-631
-673
-718
-780
-818
-846
-851
-865
-875
-873
-867
-864
-868
-892
-906
-914
-910
-918
-915
-897
-871
-842
-826
-822
-812
-802
-796
-809
-817
-811
-802
-787
-787
-782
-770
-750
-734
-729
-721
-707
-692
-673
-677
-671
-672
-662
-677
-701
-715
-722
-734
-744
-771
-781
-785
-770
-768
-761
-735
-692
-652
-615
-610
-591
-580
-562
-564
-565
-552
-532
-507
-486
-475
-451
-429
-409
-417
-429
-437
-445
-457
-480
-509
-528
-542
-561
-595
-618
-626
-631
-629
-645
-659
-666
-664
-664
-672
-676
-669
-654
-628
-621
-594
-566
-517
-485
-461
-428
-385
-342
-297
-272
-237
-209
-171
-155
-145
-126
-101
-85
-70
-81
-78
-70
-51
-49
-38
-27
-10
12
25
30
40
50
63
59
55
60
67
82
88
92
108
135
164
181
209
250
288
325
340
354
372
395
409
411
418
435
454
474
466
473
473
485
472
447
427
411
391
373
335
313
292
292
273
256
250
253
251
252
236
235
232
237
228
225
233
247
261
268
260
265
272
281
267
254
250
246
245
231
217
214
219
218
200
190
193
200
216
220
228
245
272
295
310
332
362
389
417
408
408
394
388
357
316
279
248
218
194
154
136
124
138
137
141
164
199
234
270
292
332
379
437
480
527
571
620
661
687
692
689
678
661
617
577
537
494
452
397
346
309
283
262
235
220
216
213
211
188
164
144
133
119
100
90
94
100
113
96
95
90
100
94
88
94
109
126
146
144
161
173
207
222
240
272
311
347
380
394
421
446
473
477
481
491
500
505
494
463
441
421
405
373
346
330
317
307
283
263
253
256
255
247
250
267
288
313
324
334
346
364
368
360
358
363
358
353
318
299
278
272
250
229
221
227
234
242
224
229
230
250
246
242
251
268
287
305
310
327
342
360
360
361
369
379
387
383
366
360
357
357
339
332
325
323
319
305
297
298
311
320
320
332
357
381
402
406
406
404
413
409
395
388
388
382
374
336
310
282
265
238
217
214
229
250
277
276
295
303
326
324
323
333
348
364
379
383
402
421
444
443
436
427
413
395
366
330
311
299
291
266
246
233
219
202
166
130
102
91
81
67
70
87
111
140
155
172
189
216
226
223
229
241
243
242
209
188
170
173
171
172
188
216
242
269
265
278
283
303
303
303
310
319
324
323
307
304
302
305
287
268
257
248
238
219
193
183
181
184
173
170
178
184
187
173
164
155
161
159
152
160
175
200
224
231
242
251
267
264
254
262
281
294
312
304
302
291
285
257
222
196
182
167
156
120
108
91
90
72
59
56
56
59
60
50
57
67
87
89
91
98
102
102
90
71
64
66
70
59
56
67
80
95
90
88
90
102
108
105
106
115
125
137
125
120
110
115
103
86
81
85
87
94
82
81
81
97
100
104
121
148
169
187
170
168
158
160
145
135
136
144
156
169
170
186
203
227
232
241
256
269
280
279
274
285
304
322
319
317
319
312
299
259
217
183
167
148
132
128
130
137
139
117
111
98
107
91
65
51
43
32
23
-9
-23
-35
-31
-46
-63
-69
-70
-75
-79
-109
-119
-128
-122
-128
-125
-110
-91
-72
-59
-59
-46
-35
-16
-13
0
25
54
87
108
123
147
177
204
214
230
253
266
275
259
237
216
198
174
138
110
96
89
94
79
83
85
105
103
95
94
100
104
111
100
103
104
115
103
85
74
70
62
55
27
19
15
25
21
24
40
65
96
122
134
156
175
192
185
179
177
172
164
139
108
88
78
71
58
63
87
118
153
171
187
207
229
240
235
229
228
223
218
189
180
168
182
174
164
161
164
169
171
146
134
120
127
117
107
109
127
143
158
152
163
177
200
206
213
224
235
238
231
206
195
186
184
169
163
171
182
192
185
170
161
162
162
149
144
148
154
167
165
164
164
166
153
126
102
90
79
75
46
38
28
37
30
24
32
50
74
105
117
147
172
214
228
234
246
261
269
273
255
247
239
239
228
225
235
250
265
271
262
266
272
282
273
264
261
253
241
212
179
153
135
113
81
62
59
61
71
69
69
76
90
96
95
104
127
144
161
143
138
128
135
129
118
120
128
141
146
128
127
120
139
133
132
142
161
179
200
205
220
235
255
251
245
247
255
262
262
250
251
254
259
246
235
232
226
219
196
172
156
150
141
122
116
124
135
150
148
146
148
157
151
131
114
103
90
87
62
59
54
63
59
54
57
68
80
97
89
104
111
133
131
132
145
161
171
173
153
142
133
133
120
113
120
133
146
147
133
126
117
108
83
67
62
58
55
37
19
5
-2
-19
-48
-67
-76
-79
-77
-85
-87
-82
-64
-56
-54
-41
-18
-1
20
16
30
45
75
94
113
140
174
204
236
242
264
279
309
306
302
302
297
293
275
246
224
199
180
148
130
134
152
180
201
212
233
259
281
280
279
283
285
289
280
274
276
289
291
275
259
247
237
228
199
170
143
136
119
98
91
96
98
104
86
82
78
86
79
69
69
79
88
98
78
79
73
82
68
55
54
57
60
55
34
23
13
14
3
4
20
44
70
86
90
104
123
143
145
152
171
191
211
207
196
184
179
166
140
119
103
89
77
50
37
33
53
61
64
81
108
131
160
166
183
197
221
230
240
260
285
304
319
296
284
261
247
213
185
169
158
155
146
133
129
126
134
124
126
143
161
179
185
182
189
201
209
206
210
223
234
245
236
229
224
225
218
201
187
180
176
175
152
140
123
124
106
82
71
68
60
53
23
5
-12
-13
-28
-43
-46
-36
-25
-9
-15
1
14
41
55
77
111
151
190
222
241
272
300
328
326
319
316
312
306
287
263
253
254
255
240
229
225
211
191
144
98
62
40
18
-12
-35
-50
-64
-73
-101
-113
-128
-124
-135
-149
-146
-133
-121
-106
-112
-108
-104
-85
-82
-81
-68
-45
-26
-4
-4
14
29
54
63
76
97
123
148
165
166
178
181
191
179
178
184
190
197
188
180
180
192
201
199
205
224
239
248
237
228
222
222
217
198
183
176
170
167
135
116
91
83
59
31
18
15
14
19
1
-3
-13
-9
-25
-40
-40
-28
-20
-15
-34
-40
-49
-51
-69
-83
-86
-81
-71
-65
-68
-52
-30
0
14
33
62
90
117
128
132
144
162
175
170
169
175
179
185
174
166
164
169
168
161
165
183
201
219
206
210
207
224
227
230
247
275
303
333
340
359
371
399
401
400
409
422
425
420
386
357
321
289
239
192
158
135
119
105
85
85
88
95
81
64
50
30
4
-40
-82
-117
-143
-169
-207
-222
-223
-215
-202
-201
-198
-188
-170
-161
-161
-151
-128
-103
-73
-69
-47
-32
0
15
24
42
67
91
117
117
131
134
148
135
118
114
117
120
122
105
98
93
95
84
79
87
105
127
145
154
178
206
236
244
253
267
276
281
267
248
236
233
223
194
170
153
135
121
91
63
45
43
40
34
37
46
47
49
18
2
-20
-28
-54
-81
-92
-91
-85
-73
-85
-76
-72
-50
-51
-53
-40
-19
2
22
26
43
59
81
87
98
120
146
170
182
179
187
198
214
211
214
227
241
255
250
243
240
245
243
226
228
237
253
272
273
279
291
317
335
341
357
384
410
438
436
443
448
464
465
470
489
517
542
564
549
542
512
485
422
350
286
227
169
113
49
2
-38
-67
-109
-147
-175
-197
-214
-233
-257
-263
-263
-258
-267
-267
-254
-237
-215
-211
-204
-189
-163
-143
-134
-113
-84
-54
-23
-9
8
27
55
68
71
84
106
122
140
131
138
142
156
153
147
146
149
150
154
133
135
132
146
138
132
138
152
168
184
190
211
234
264
277
295
318
338
352
351
333
318
301
283
248
224
216
211
209
192
178
168
165
156
133
114
101
90
84
56
40
23
29
18
-5
-16
-25
-36
-44
-78
-104
-129
-140
-156
-169
-174
-164
-148
-127
-130
-106
-87
-53
-44
-37
-23
-10
1
4
-10
-11
-10
-1
-8
-10
3
23
45
58
64
82
105
130
142
161
189
217
248
261
277
295
321
338
343
352
366
383
405
409
416
412
412
385
343
309
286
266
255
226
212
201
207
198
180
161
138
102
66
4
-31
-62
-73
-96
-110
-112
-109
-104
-103
-112
-105
-96
-81
-84
-84
-72
-55
-38
-29
-23
-3
23
48
56
74
104
135
168
178
186
196
210
216
210
210
219
233
252
253
266
275
302
310
310
320
334
349
367
359
364
356
364
350
336
328
326
317
308
272
250
220
199
153
104
61
21
-18
-64
-123
-166
-208
-241
-291
-337
-375
-412
-450
-499
-553
-594
-626
-658
-704
-741
-764
-783
-795
-823
-844
-850
-842
-839
-847
-851
-847
-840
-828
-840
-838
-838
-819
-815
-813
-798
-771
-743
-708
-690
-658
-628
-587
-568
-555
-534
-509
-495
-484
-497
-492
-489
-478
-485
-486
-479
-466
-452
-444
-450
-442
-433
-418
-421
-419
-406
-390
-374
-371
-374
-366
-349
-336
-339
-335
-319
-306
-290
-294
-298
-296
-288
-283
-286
-285
-274
-262
-243
-251
-243
-240
-221
-218
-217
-204
-187
-174
-161
-172
-171
-178
-164
-172
-180
-173
-165
-157
-149
-164
-160
-163
-157
-166
-168
-164
-157
-156
-159
-178
-184
-190
-190
-206
-211
-198
-178
-151
-134
-120
-101
-77
-62
-65
-57
-38
-16
11
20
25
30
41
47
46
51
66
79
100
96
113
129
163
177
180
186
194
195
194
169
160
150
158
145
133
138
154
168
178
164
160
154
155
142
135
141
154
169
176
169
174
182
195
193
198
215
235
258
266
273
290
315
333
333
338
349
355
359
344
329
321
324
318
299
283
277
266
257
216
192
167
163
147
130
123
123
123
122
97
89
75
82
70
59
65
73
86
95
91
101
104
116
112
117
138
160
179
192
191
202
214
220
212
213
230
251
275
281
284
293
309
322
321
330
344
356
370
366
357
348
341
319
282
249
226
203
192
163
161
166
195
215
237
269
305
336
365
364
379
383
401
392
377
369
363
354
344
318
301
284
271
238
207
183
162
136
98
42
-9
-65
-125
-209
-299
-392
-501
-620
-764
-914
-1063
-1208
-1365
-1540
-1713
-1883
-2057
-2232
-2425
-2620
-2815
-3005
-3211
-3429
-3641
-3843
-4052
-4254
-4479
-4684
-4888
-5078
-5279
-5473
-5646
-5797
-5934
-6056
-6198
-6310
-6427
-6522
-6634
-6737
-6818
-6881
-6932
-6974
-7023
-7051
-7075
-7082
-7094
-7075
-7014
-6927
-6813
-6700
-6574
-6416
-6233
-6031
-5832
-5613
-5369
-5108
-4838
-4580
-4313
-4041
-3766
-3502
-3260
-3020
-2781
-2549
-2320
-2116
-1911
-1711
-1507
-1332
-1179
-1026
-873
-732
-596
-495
-390
-294
-195
-119
-51
20
95
162
224
251
295
326
369
390
413
448
492
540
584
612
648
681
715
729
745
768
793
815
823
822
832
848
863
863
870
890
914
941
952
965
983
1011
1032
1040
1054
1073
1092
1109
1104
1102
1097
1102
1083
1050
1025
1005
975
945
893
857
825
813
792
777
779
795
810
830
824
843
858
889
899
908
926
947
967
984
987
1001
1011
1022
1010
1000
999
1004
1010
1004
998
1004
1016
1030
1018
1013
1021
1030
1047
1042
1040
1044
1061
1069
1065
1065
1078
1090
1102
1089
1081
1070
1078
1071
1062
1068
1088
1108
1134
1137
1152
1163
1182
1184
1183
1193
1214
1233
1255
1249
1264
1271
1284
1271
1257
1250
1246
1244
1237
1214
1202
1187
1176
1145
1119
1106
1097
1090
1074
1051
1040
1034
1027
1006
994
995
996
999
979
956
934
920
904
884
876
885
901
926
933
953
966
993
1001
1005
1022
1048
1070
1094
1096
1106
1111
1126
1118
1105
1102
1108
1112
1120
1102
1102
1096
1096
1078
1061
1055
1057
1064
1072
1071
1083
1092
1104
1095
1089
1095
1103
1109
1099
1078
1062
1047
1026
979
945
922
899
884
844
806
776
754
735
704
678
662
651
646
620
607
591
593
578
559
557
566
572
579
562
557
548
557
544
529
528
537
544
556
549
561
572
590
589
591
601
615
625
627
618
633
656
690
707
728
757
783
804
804
793
786
781
769
738
712
694
675
656
617
579
543
513
480
443
419
410
404
406
383
378
365
367
348
326
321
329
340
355
347
348
336
332
301
268
249
239
225
212
181
166
151
144
123
109
107
112
117
113
92
82
70
61
35
14
4
-4
-11
-32
-57
-74
-82
-93
-117
-131
-136
-143
-149
-173
-195
-211
-219
-227
-253
-267
-276
-282
-280
-306
-314
-326
-319
-330
-340
-341
-334
-324
-315
-335
-340
-353
-352
-377
-405
-421
-431
-441
-451
-477
-488
-496
-498
-513
-527
-532
-533
-534
-541
-558
-561
-562
-560
-579
-594
-599
-601
-601
-617
-636
-647
-649
-652
-662
-659
-641
-619
-594
-586
-579
-572
-560
-557
-560
-553
-532
-513
-488
-491
-478
-469
-447
-439
-436
-429
-420
-413
-404
-417
-406
-398
-368
-358
-342
-305
-253
-195
-136
-95
-51
-18
6
3
-6
-15
-29
-50
-83
-126
-151
-166
-175
-196
-208
-207
-207
-209
-228
-249
-264
-273
-290
-324
-353
-372
-389
-399
-421
-440
-455
-460
-473
-489
-493
-482
-465
-435
-436
-416
-405
-381
-365
-352
-319
-279
-234
-181
-145
-88
-39
23
60
92
133
177
217
251
267
294
319
346
354
363
377
394
407
408
395
393
394
399
388
382
389
397
406
398
389
384
390
392
385
390
408
432
463
484
510
539
578
603
619
642
675
702
729
726
734
737
744
729
705
686
674
664
661
636
638
634
646
634
619
608
595
574
546
503
474
449
438
416
402
396
392
388
375
354
347
346
349
340
341
358
378
402
406
411
420
438
451
452
459
473
489
508
510
518
527
550
557
554
558
570
578
589
578
582
578
586
579
566
563
559
549
542
505
502
495
508
508
517
540
570
599
629
644
673
702
737
751
766
792
817
838
845
838
838
838
836
812
788
770
748
726
683
639
594
551
497
434
383
348
324
311
284
273
267
280
275
260
257
267
275
287
273
268
257
254
234
210
197
196
199
211
200
211
214
226
220
220
235
262
295
326
342
365
382
399
391
383
384
388
394
393
384
388
396
401
389
386
394
405
421
416
410
404
402
393
373
361
358
361
370
361
367
375
405
419
426
443
465
477
485
465
453
437
434
416
397
393
400
407
418
403
417
421
441
442
444
454
463
466
462
444
444
449
459
451
453
469
483
495
492
481
480
487
494
489
496
518
543
571
577
579
579
579
569
544
522
508
497
488
456
441
424
430
420
406
405
412
417
423
409
406
402
411
402
395
402
419
431
441
422
419
409
407
387
369
358
354
354
350
334
334
337
348
344
346
358
373
390
393
389
392
399
404
391
383
384
386
395
391
392
401
415
421
417
416
424
434
450
442
454
465
493
501
501
505
509
506
501
472
457
440
439
411
372
335
297
252
207
143
97
57
31
1
-14
-5
8
28
42
45
74
103
144
163
187
221
263
300
318
324
335
345
344
323
308
302
294
291
270
250
237
233
223
207
198
201
204
213
198
203
204
220
218
211
215
224
231
237
222
223
221
238
233
227
234
251
268
289
293
316
341
375
395
421
460
506
550
581
590
603
603
593
555
514
480
447
417
376
335
307
291
273
241
214
197
178
163
133
105
84
69
47
17
-4
-9
-9
-1
-17
-13
-14
2
0
-5
1
13
25
39
29
36
37
55
49
42
48
63
77
91
90
101
112
128
124
121
124
130
138
133
117
119
122
130
115
102
111
127
161
187
215
256
311
364
404
451
509
567
625
664
700
732
757
754
717
658
586
492
393
263
160
68
7
-53
-102
-130
-140
-141
-135
-153
-154
-166
-162
-180
-192
-185
-171
-161
-153
-162
-159
-155
-144
-150
-154
-145
-128
-108
-94
-92
-76
-59
-43
-45
-41
-24
-4
18
24
28
36
53
64
62
69
86
105
127
133
140
149
167
175
174
182
200
211
223
205
202
197
208
206
204
212
231
251
278
283
310
328
357
358
355
358
358
347
323
277
235
189
150
96
52
27
16
13
6
-7
-4
3
13
4
-2
6
11
19
1
-16
-27
-28
-32
-45
-53
-51
-48
-39
-44
-44
-42
-23
-15
-17
-9
8
15
25
9
9
8
20
19
16
23
40
55
73
65
78
82
100
94
91
100
113
127
137
133
142
152
170
170
175
194
218
243
259
268
289
314
335
337
340
350
358
368
365
367
377
399
418
433
462
503
545
584
593
593
575
557
511
452
401
360
316
276
213
167
125
102
71
45
33
36
36
36
4
-9
-35
-52
-92
-129
-152
-162
-166
-170
-182
-177
-168
-150
-149
-144
-130
-112
-95
-89
-89
-75
-53
-27
-14
8
42
74
108
124
137
160
191
225
241
262
286
302
322
320
328
329
343
335
322
319
327
338
360
363
378
393
419
426
428
434
443
438
423
367
321
264
219
160
110
77
53
35
19
-7
-15
-21
-17
-27
-30
-19
-5
8
7
-1
-1
1
0
-20
-35
-43
-55
-67
-99
-123
-136
-131
-122
-116
-98
-68
-33
7
25
55
81
125
149
164
188
218
244
272
278
294
308
332
337
340
351
368
379
392
379
383
381
386
369
351
338
329
323
319
307
316
330
356
366
379
402
426
450
462
470
491
517
537
532
519
500
464
418
345
269
198
139
86
35
5
-6
-4
13
8
21
29
46
50
43
48
55
56
59
42
39
30
30
11
-13
-26
-27
-27
-21
-36
-30
-25
-11
-10
-2
15
33
48
51
38
40
45
58
54
59
79
108
138
155
166
184
205
220
218
223
236
245
254
247
245
253
272
287
294
304
321
335
345
321
306
278
263
228
184
148
119
90
69
33
18
7
18
12
8
18
37
49
60
46
48
51
63
60
62
73
87
100
103
88
85
85
91
80
74
79
89
102
103
102
112
131
148
152
166
190
213
238
244
250
259
273
279
274
276
288
300
317
304
307
300
303
293
276
278
285
288
297
286
298
311
335
337
335
347
366
376
381
371
381
397
425
440
459
484
506
517
507
472
440
404
369
321
284
264
254
253
242
229
223
224
219
202
197
204
209
213
192
163
133
107
74
34
2
-14
-25
-26
-51
-52
-51
-29
-19
-11
1
17
29
44
38
54
66
97
103
105
118
137
154
171
172
186
200
220
221
223
230
241
248
245
227
220
213
208
187
173
171
172
175
161
147
142
150
154
150
158
178
202
234
255
279
305
338
360
374
401
445
494
552
583
629
666
707
721
720
713
702
674
646
585
550
507
476
420
353
301
255
211
164
102
54
13
-20
-73
-118
-148
-169
-186
-205
-229
-236
-237
-232
-240
-240
-223
-203
-181
-176
-172
-162
-143
-130
-126
-113
-90
-65
-32
-10
17
47
87
117
139
168
204
233
262
259
268
272
286
284
276
274
278
282
290
274
283
288
313
317
324
342
362
375
376
354
333
304
274
226
184
158
141
130
113
91
86
88
95
87
86
96
106
117
109
100
93
91
80
57
41
34
30
30
11
-4
-16
-13
-21
-34
-32
-16
-3
15
7
12
16
33
34
32
36
47
54
63
44
48
47
64
61
62
82
109
132
152
150
167
183
211
219
230
251
273
291
289
273
267
261
255
231
214
209
209
214
204
196
194
202
203
192
189
195
204
220
226
247
273
312
332
340
356
376
388
399
384
378
366
357
326
285
248
218
184
153
98
70
40
30
9
-1
4
20
44
67
76
94
110
131
133
139
156
178
199
204
191
181
167
143
98
59
31
6
-11
-43
-66
-79
-79
-81
-88
-86
-74
-58
-40
-40
-28
-15
19
35
43
59
79
94
109
100
103
105
119
118
116
123
139
148
158
139
143
144
160
162
168
181
197
213
220
208
216
222
235
229
221
231
247
266
276
273
282
300
322
329
347
375
410
448
463
475
484
492
485
461
432
401
363
318
243
177
106
55
-12
-82
-139
-186
-238
-291
-365
-423
-477
-513
-562
-611
-646
-669
-694
-715
-757
-777
-798
-807
-834
-858
-872
-879
-880
-882
-893
-889
-883
-869
-872
-865
-843
-812
-774
-744
-718
-681
-638
-599
-579
-554
-520
-485
-447
-431
-420
-411
-403
-405
-420
-433
-438
-441
-438
-458
-460
-467
-455
-460
-468
-462
-446
-431
-416
-427
-430
-436
-426
-432
-434
-422
-399
-381
-365
-375
-369
-367
-358
-366
-373
-371
-364
-358
-361
-377
-375
-368
-352
-351
-353
-338
-325
-309
-306
-313
-308
-300
-291
-293
-290
-283
-280
-277
-291
-303
-313
-311
-308
-310
-303
-282
-259
-231
-226
-201
-179
-139
-117
-101
-77
-49
-24
2
4
19
28
51
51
46
51
63
70
77
63
71
87
118
138
159
183
206
223
232
227
236
245
258
252
250
258
271
287
290
292
302
323
343
353
373
402
432
464
477
488
498
507
499
475
451
431
407
383
330
295
259
242
211
184
174
179
192
214
219
243
262
296
300
298
302
310
312
311
290
281
271
264
238
216
205
200
198
191
174
172
173
177
162
154
160
170
182
181
177
184
202
221
232
247
280
305
337
351
364
380
401
411
411
420
436
446
463
451
453
448
457
451
444
445
453
460
470
460
471
477
499
496
492
502
520
535
546
536
535
530
527
506
489
480
475
469
453
426
414
405
401
380
369
373
385
405
414
424
439
460
468
458
452
453
452
450
432
413
401
398
387
367
358
365
368
374
349
337
316
302
268
227
191
160
123
81
1
-72
-168
-266
-402
-547
-687
-825
-970
-1123
-1297
-1467
-1641
-1817
-2015
-2211
-2398
-2579
-2763
-2961
-3177
-3385
-3597
-3814
-4053
-4286
-4507
-4726
-4941
-5170
-5391
-5594
-5771
-5939
-6103
-6247
-6371
-6489
-6595
-6713
-6830
-6940
-7042
-7143
-7238
-7310
-7350
-7386
-7407
-7443
-7442
-7425
-7370
-7311
-7229
-7120
-6981
-6824
-6646
-6477
-6264
-6038
-5779
-5529
-5266
-4987
-4703
-4420
-4142
-3882
-3617
-3358
-3102
-2873
-2653
-2433
-2216
-2007
-1819
-1653
-1485
-1320
-1163
-1033
-909
-784
-669
-558
-471
-386
-302
-213
-137
-77
-12
58
126
191
234
277
319
373
415
450
498
559
617
676
706
744
774
811
828
839
854
875
892
911
904
920
927
945
940
939
952
973
994
1012
1018
1037
1055
1072
1061
1044
1030
1013
993
962
926
909
902
903
897
903
923
943
962
958
953
956
969
975
969
967
967
962
957
935
924
920
928
931
928
939
963
976
993
984
987
994
1010
1004
993
987
986
980
971
936
928
916
918
904
893
893
899
907
914
911
930
955
992
1016
1048
1089
1130
1167
1187
1196
1213
1234
1250
1246
1245
1248
1243
1232
1195
1157
1121
1093
1063
1027
1001
984
973
973
958
956
952
962
955
945
950
969
989
1014
1016
1029
1040
1060
1059
1051
1049
1054
1056
1059
1034
1027
1012
1004
975
946
926
912
903
897
884
894
911
940
953
969
993
1016
1031
1025
1004
989
980
972
949
935
931
925
919
890
860
835
814
785
744
710
687
673
671
653
654
654
675
679
679
694
718
738
762
764
780
799
820
825
820
827
842
847
847
818
805
790
790
772
757
758
767
778
787
783
794
806
825
828
838
862
890
915
922
915
910
904
886
847
813
792
775
765
745
730
722
720
711
690
668
652
634
620
583
563
539
536
516
493
480
476
469
463
437
424
405
398
368
334
312
299
281
264
231
220
215
223
220
226
245
270
298
320
329
351
372
395
396
400
415
432
447
445
433
423
414
398
366
344
332
321
310
276
236
197
163
126
86
61
54
56
68
56
61
57
65
51
28
12
1
-13
-26
-64
-87
-114
-124
-160
-200
-225
-234
-247
-253
-282
-296
-302
-300
-304
-306
-298
-287
-277
-284
-310
-329
-343
-355
-385
-409
-424
-437
-450
-479
-515
-545
-564
-582
-610
-622
-620
-618
-615
-628
-641
-646
-645
-653
-671
-683
-680
-676
-668
-688
-692
-703
-704
-724
-751
-770
-782
-795
-804
-833
-840
-849
-835
-839
-843
-835
-826
-827
-831
-851
-853
-845
-825
-816
-800
-772
-740
-710
-690
-689
-682
-682
-685
-709
-731
-746
-760
-775
-806
-839
-867
-889
-915
-950
-971
-976
-977
-971
-975
-973
-958
-929
-906
-890
-866
-831
-799
-763
-756
-734
-717
-688
-677
-668
-647
-615
-580
-539
-522
-485
-458
-418
-408
-402
-388
-370
-353
-335
-334
-308
-274
-229
-195
-165
-126
-84
-50
-24
-22
-18
-15
-10
-24
-33
-36
-33
-30
-45
-64
-74
-72
-72
-81
-80
-68
-54
-39
-40
-40
-34
-18
-11
-10
2
29
54
86
93
117
142
181
206
226
250
277
299
323
320
339
354
387
397
408
429
451
465
472
460
456
450
449
431
419
419
429
442
451
453
471
495
522
536
561
601
648
699
730
758
785
813
825
816
806
796
779
761
724
691
663
650
628
600
583
577
566
559
524
503
479
466
439
413
398
393
388
387
361
361
356
371
365
364
375
394
414
429
431
448
469
499
512
526
549
578
606
627
628
641
655
672
678
689
704
716
723
707
692
673
656
632
597
569
555
551
558
551
550
548
556
547
529
523
527
527
528
501
486
472
472
459
443
432
428
418
410
375
366
353
359
350
347
358
377
398
416
421
436
449
466
463
462
472
486
501
508
509
522
538
553
549
549
559
566
573
559
545
536
539
537
526
521
521
518
512
483
460
435
426
400
369
353
351
348
352
335
332
330
340
336
331
339
357
368
376
354
352
347
360
361
370
391
417
444
461
460
465
463
465
447
436
439
447
458
458
451
454
461
467
464
461
471
477
486
485
487
500
516
524
518
518
519
518
521
510
511
507
514
496
465
440
422
399
380
340
314
290
287
276
271
284
313
343
376
384
411
433
463
474
487
506
527
546
552
539
535
529
527
506
490
486
483
478
459
429
407
387
359
314
277
253
231
214
184
165
158
164
168
164
163
170
177
189
179
184
183
199
195
181
174
170
157
137
89
52
17
1
-27
-53
-61
-53
-45
-31
-38
-22
-3
30
50
73
102
131
158
175
178
195
213
234
236
242
257
272
283
274
250
226
200
167
116
73
46
17
-2
-31
-57
-69
-77
-89
-102
-112
-108
-110
-113
-141
-151
-165
-162
-182
-206
-219
-225
-230
-230
-249
-250
-249
-233
-240
-250
-250
-244
-248
-254
-285
-303
-322
-332
-356
-378
-393
-403
-411
-422
-439
-436
-428
-414
-420
-425
-423
-420
-415
-420
-425
-422
-412
-403
-406
-398
-379
-361
-338
-332
-325
-312
-292
-276
-267
-253
-232
-215
-197
-209
-206
-212
-204
-217
-235
-245
-250
-259
-271
-308
-332
-366
-387
-434
-484
-520
-545
-572
-597
-638
-661
-680
-689
-711
-729
-739
-743
-744
-750
-763
-759
-750
-732
-730
-722
-704
-687
-674
-682
-700
-715
-726
-742
-772
-792
-801
-807
-804
-810
-811
-801
-784
-771
-759
-740
-700
-668
-632
-628
-608
-589
-558
-550
-549
-543
-533
-525
-519
-543
-547
-557
-550
-566
-583
-589
-594
-609
-626
-659
-678
-696
-706
-731
-748
-755
-757
-759
-770
-794
-807
-819
-831
-859
-878
-882
-882
-874
-874
-870
-858
-839
-828
-831
-827
-815
-803
-788
-791
-797
-798
-790
-790
-797
-794
-779
-769
-757
-779
-788
-802
-803
-815
-828
-830
-825
-821
-816
-835
-830
-829
-808
-808
-806
-787
-760
-736
-715
-710
-692
-673
-649
-645
-641
-630
-618
-613
-625
-652
-666
-675
-676
-689
-689
-675
-654
-630
-623
-620
-619
-619
-631
-660
-682
-692
-699
-701
-714
-721
-720
-706
-702
-706
-703
-693
-690
-693
-728
-751
-768
-777
-800
-827
-850
-859
-872
-878
-912
-918
-929
-915
-920
-923
-907
-875
-838
-799
-769
-724
-681
-632
-604
-580
-556
-540
-536
-553
-588
-614
-640
-666
-705
-734
-746
-753
-757
-778
-798
-812
-819
-836
-863
-879
-880
-877
-870
-877
-878
-875
-859
-857
-861
-853
-831
-812
-788
-788
-772
-758
-733
-727
-728
-727
-719
-712
-699
-711
-699
-692
-669
-668
-669
-661
-652
-645
-644
-659
-666
-673
-675
-696
-714
-724
-731
-735
-745
-759
-759
-754
-745
-750
-746
-731
-714
-696
-696
-691
-678
-652
-633
-625
-611
-590
-569
-547
-545
-540
-540
-531
-542
-562
-573
-574
-577
-575
-594
-598
-602
-595
-602
-616
-622
-614
-613
-610
-637
-651
-667
-674
-692
-707
-708
-700
-687
-673
-671
-655
-636
-615
-614
-613
-599
-579
-556
-540
-535
-526
-523
-528
-557
-585
-604
-625
-643
-678
-707
-727
-731
-732
-737
-732
-718
-703
-690
-702
-710
-723
-722
-741
-770
-792
-809
-831
-852
-895
-924
-948
-957
-978
-1000
-1010
-1008
-1008
-1003
-1020
-1010
-1002
-982
-980
-976
-965
-952
-940
-931
-932
-917
-901
-878
-871
-859
-838
-814
-790
-779
-778
-769
-758
-747
-750
-746
-731
-719
-706
-714
-721
-725
-723
-727
-742
-750
-749
-745
-738
-755
-761
-773
-770
-790
-818
-836
-844
-855
-862
-887
-898
-909
-904
-915
-926
-920
-900
-882
-860
-864
-848
-826
-797
-780
-766
-747
-721
-698
-681
-679
-672
-669
-662
-673
-681
-679
-679
-676
-685
-700
-703
-697
-692
-698
-695
-682
-672
-661
-673
-689
-705
-719
-744
-786
-823
-848
-868
-878
-907
-914
-916
-891
-877
-862
-834
-798
-765
-730
-714
-681
-648
-602
-575
-549
-513
-470
-436
-409
-414
-410
-415
-418
-446
-478
-510
-545
-587
-643
-714
-769
-816
-849
-892
-919
-925
-920
-910
-911
-916
-913
-902
-894
-899
-895
-881
-867
-846
-840
-830
-814
-791
-776
-772
-764
-747
-726
-698
-694
-671
-653
-618
-603
-597
-584
-569
-561
-555
-571
-572
-576
-563
-572
-587
-594
-598
-610
-627
-668
-697
-727
-749
-781
-800
-807
-795
-780
-764
-762
-749
-733
-721
-724
-725
-717
-714
-709
-721
-734
-740
-745
-754
-772
-777
-768
-755
-736
-733
-729
-720
-708
-706
-713
-714
-702
-688
-666
-669
-654
-645
-624
-623
-625
-620
-610
-601
-588
-595
-582
-571
-538
-525
-514
-491
-465
-448
-438
-454
-465
-483
-500
-534
-565
-586
-601
-615
-634
-663
-674
-679
-676
-687
-691
-683
-673
-660
-665
-675
-680
-678
-682
-699
-708
-705
-699
-689
-692
-692
-681
-658
-640
-629
-612
-586
-565
-544
-555
-548
-547
-534
-537
-543
-542
-538
-539
-540
-565
-569
-576
-565
-579
-596
-606
-612
-626
-644
-679
-699
-717
-727
-751
-768
-773
-770
-764
-764
-773
-767
-761
-751
-750
-740
-721
-700
-687
-683
-682
-672
-657
-654
-668
-678
-679
-685
-692
-715
-739
-760
-770
-786
-803
-806
-794
-785
-774
-788
-779
-772
-752
-747
-749
-746
-736
-729
-722
-740
-735
-735
-714
-709
-699
-676
-650
-632
-625
-642
-653
-667
-677
-703
-722
-727
-721
-710
-705
-708
-695
-678
-659
-658
-655
-644
-635
-626
-634
-643
-649
-649
-654
-670
-676
-672
-665
-653
-655
-652
-646
-627
-622
-625
-620
-606
-598
-585
-597
-589
-578
-551
-536
-520
-493
-456
-421
-389
-391
-376
-373
-359
-373
-392
-402
-407
-413
-424
-450
-465
-478
-487
-514
-537
-546
-547
-542
-543
-551
-546
-535
-520
-520
-512
-495
-480
-467
-467
-468
-461
-448
-454
-472
-487
-496
-502
-511
-533
-546
-547
-532
-523
-520
-495
-456
-415
-368
-345
-311
-284
-253
-246
-252
-256
-258
-267
-276
-316
-335
-363
-377
-413
-446
-468
-488
-511
-544
-591
-625
-656
-678
-719
-758
-791
-824
-861
-908
-965
-1009
-1047
-1085
-1138
-1181
-1208
-1229
-1243
-1274
-1302
-1327
-1342
-1358
-1380
-1390
-1390
-1388
-1383
-1400
-1416
-1439
-1451
-1477
-1506
-1521
-1523
-1525
-1515
-1520
-1507
-1489
-1456
-1436
-1419
-1394
-1362
-1336
-1312
-1319
-1304
-1290
-1261
-1250
-1239
-1220
-1199
-1181
-1173
-1179
-1171
-1163
-1149
-1155
-1158
-1151
-1144
-1137
-1143
-1155
-1154
-1144
-1133
-1137
-1136
-1127
-1118
-1104
-1107
-1103
-1091
-1066
-1052
-1039
-1020
-988
-953
-922
-908
-888
-871
-840
-833
-840
-838
-826
-813
-793
-799
-788
-775
-751
-742
-733
-712
-680
-650
-618
-612
-585
-562
-532
-521
-506
-479
-446
-416
-396
-396
-390
-389
-387
-408
-425
-431
-429
-420
-418
-418
-404
-384
-365
-364
-358
-345
-333
-320
-327
-334
-338
-339
-352
-379
-400
-412
-419
-423
-446
-449
-445
-412
-386
-357
-311
-256
-205
-154
-131
-105
-88
-62
-55
-52
-43
-30
-26
-24
-49
-55
-64
-68
-94
-123
-149
-175
-204
-241
-291
-324
-352
-371
-404
-428
-438
-443
-440
-439
-430
-400
-358
-318
-298
-279
-261
-253
-246
-261
-278
-290
-292
-294
-303
-306
-301
-299
-294
-313
-316
-316
-292
-290
-288
-286
-274
-265
-256
-275
-282
-288
-274
-273
-276
-265
-241
-224
-209
-220
-217
-213
-201
-205
-206
-200
-191
-183
-181
-188
-176
-161
-140
-134
-120
-92
-60
-31
-19
-16
-8
4
12
3
-1
2
3
6
-6
-17
-20
-12
-8
-10
-5
11
27
49
42
51
53
70
69
63
63
68
71
75
55
51
43
54
46
41
52
78
104
130
136
159
185
220
236
250
263
268
263
237
184
132
75
19
-54
-125
-192
-264
-344
-451
-576
-707
-841
-987
-1152
-1312
-1466
-1625
-1784
-1961
-2137
-2306
-2467
-2632
-2806
-2975
-3140
-3316
-3500
-3723
-3939
-4170
-4393
-4631
-4867
-5092
-5301
-5510
-5716
-5938
-6143
-6341
-6513
-6701
-6877
-7037
-7181
-7320
-7445
-7577
-7677
-7760
-7812
-7863
-7894
-7905
-7900
-7879
-7842
-7788
-7692
-7565
-7405
-7244
-7068
-6875
-6676
-6474
-6284
-6093
-5890
-5672
-5451
-5236
-5005
-4759
-4511
-4261
-4029
-3801
-3570
-3336
-3112
-2900
-2685
-2466
-2258
-2053
-1884
-1703
-1534
-1361
-1214
-1082
-948
-816
-691
-570
-479
-373
-282
-182
-113
-49
23
99
170
236
281
331
378
428
461
496
541
585
624
649
655
669
681
688
670
649
633
612
587
545
507
482
475
469
460
468
491
517
544
555
565
576
595
600
597
603
619
630
645
633
639
643
659
659
657
662
674
685
699
691
702
714
746
758
774
792
812
825
831
823
820
810
808
790
779
780
781
785
783
774
781
799
823
833
849
874
897
915
910
899
889
887
876
851
835
829
826
826
810
797
787
788
777
758
750
755
757
766
751
752
754
767
765
756
752
754
753
752
721
708
682
667
626
586
560
541
524
507
482
477
480
494
496
504
523
547
572
588
593
607
622
634
629
629
640
650
663
660
659
664
678
684
679
681
692
703
715
709
708
710
728
734
731
739
756
764
773
755
747
736
736
725
715
715
722
723
725
700
700
695
707
696
683
675
667
657
641
616
594
580
568
546
534
536
544
555
559
555
561
561
553
529
515
517
526
542
542
548
560
578
583
572
564
563
563
568
554
552
552
570
574
575
593
623
651
681
685
692
689
688
665
634
606
582
553
528
481
464
449
451
436
421
413
407
402
393
377
382
394
414
416
422
439
459
481
492
496
508
522
530
516
502
492
476
456
413
369
327
290
248
198
150
110
73
47
7
-11
-23
-9
-3
0
16
38
50
55
30
9
-17
-31
-61
-91
-112
-126
-144
-158
-194
-203
-212
-208
-222
-233
-241
-253
-272
-302
-345
-373
-398
-417
-447
-465
-472
-467
-466
-472
-479
-477
-465
-462
-474
-477
-460
-444
-421
-421
-417
-415
-410
-411
-425
-438
-444
-447
-445
-466
-474
-486
-482
-496
-515
-522
-523
-532
-543
-578
-599
-621
-629
-656
-683
-699
-706
-719
-728
-756
-760
-765
-761
-773
-782
-783
-782
-780
-783
-800
-806
-813
-818
-843
-865
-883
-905
-932
-977
-1031
-1075
-1108
-1136
-1170
-1189
-1191
-1188
-1176
-1179
-1177
-1166
-1149
-1139
-1142
-1141
-1133
-1127
-1117
-1132
-1128
-1129
-1113
-1116
-1128
-1139
-1150
-1167
-1185
-1221
-1236
-1242
-1218
-1201
-1173
-1125
-1061
-1002
-948
-922
-887
-857
-824
-812
-801
-785
-769
-758
-757
-770
-765
-754
-735
-733
-726
-710
-690
-674
-666
-663
-656
-640
-637
-646
-641
-621
-591
-558
-545
-530
-509
-484
-464
-455
-432
-399
-368
-332
-318
-281
-249
-200
-175
-162
-147
-126
-105
-80
-76
-55
-41
-10
-2
1
14
34
50
66
61
66
64
64
51
46
55
71
87
96
94
108
125
147
154
171
201
235
266
280
286
294
304
307
295
292
300
307
317
312
310
316
332
346
351
362
382
401
423
416
426
433
458
473
489
516
552
587
623
633
659
677
712
725
735
757
786
811
835
840
856
869
881
871
858
849
841
829
806
766
736
708
685
650
626
617
612
610
595
578
568
568
558
536
524
518
514
499
471
442
425
429
433
430
440
463
483
511
511
527
543
572
585
593
606
621
632
642
626
628
623
634
622
608
608
615
619
621
607
604
602
606
591
580
582
590
599
598
582
579
580
587
578
571
573
579
593
595
599
607
622
630
628
639
659
676
687
675
661
649
648
635
614
603
601
590
581
544
527
511
513
507
506
520
546
573
603
604
623
628
644
634
621
615
612
609
605
587
579
566
557
527
500
481
468
458
444
426
426
432
442
438
440
453
467
481
474
466
462
470
476
476
486
504
529
560
574
590
608
639
648
649
655
669
682
693
681
677
672
681
681
673
667
665
663
659
625
615
597
592
564
536
517
502
488
471
441
427
416
412
387
364
352
344
339
326
307
302
303
309
305
309
325
342
363
369
380
398
429
454
468
485
504
519
532
522
514
504
506
495
482
488
509
530
557
559
573
584
602
603
600
602
605
600
593
556
543
526
524
501
476
458
446
443
444
439
452
468
491
493
499
513
533
552
561
561
573
586
595
581
570
567
567
572
560
550
548
558
566
569
583
605
629
653
652
651
638
631
602
563
530
509
490
479
458
454
454
476
482
494
509
529
540
553
536
535
520
511
476
440
412
392
377
358
331
324
321
329
320
316
324
334
343
342
336
340
348
357
352
358
377
396
416
416
418
425
437
439
428
420
419
418
418
398
391
378
380
366
349
348
358
367
377
366
366
366
377
370
363
370
391
410
433
430
443
446
455
442
430
426
428
433
435
426
432
439
450
437
423
418
414
413
402
387
383
385
387
373
369
375
379
383
365
347
335
332
326
313
309
317
327
339
321
310
289
284
260
235
226
231
240
257
258
276
295
333
347
360
369
382
384
383
359
349
329
314
281
251
230
213
198
185
166
166
174
193
193
196
208
221
235
240
242
255
274
289
289
298
319
340
359
355
349
347
353
357
356
362
380
403
431
434
450
459
481
483
479
482
489
491
488
454
427
390
363
308
250
207
179
153
133
96
76
58
53
40
40
54
80
111
141
161
197
232
269
283
294
308
317
324
317
305
299
299
292
267
248
239
229
219
191
164
145
139
132
120
117
125
135
153
145
156
161
184
189
189
196
208
219
232
226
239
246
269
269
267
274
283
288
291
281
278
278
286
277
277
283
295
298
288
260
250
243
242
231
233
245
258
270
267
260
257
263
265
256
259
272
285
300
297
290
285
283
273
255
249
255
261
271
254
256
254
268
266
262
264
270
272
274
251
246
234
238
217
195
184
180
175
169
149
144
144
155
153
155
166
180
194
199
195
204
218
238
243
254
272
288
300
292
282
280
288
292
284
286
296
306
316
308
295
285
281
267
246
233
232
228
233
212
208
198
199
185
170
169
181
196
220
223
248
265
297
301
307
327
354
379
403
411
429
446
462
454
445
434
420
401
369
335
313
301
290
262
241
233
227
223
207
201
206
224
236
238
250
271
293
316
319
317
310
304
276
233
197
174
155
146
114
96
76
68
49
32
30
43
59
82
81
103
117
149
158
170
194
222
244
260
257
260
258
256
232
209
196
186
177
159
135
130
135
146
148
161
190
223
260
278
297
318
345
363
368
379
401
426
451
457
467
474
487
480
458
442
435
421
409
368
336
301
276
240
206
187
181
178
179
154
152
144
147
126
105
96
93
91
90
78
81
83
89
76
65
62
61
60
49
36
32
38
40
23
15
21
33
52
49
50
56
74
88
92
100
120
143
167
171
179
186
207
211
205
207
220
226
233
212
200
187
185
168
151
145
151
159
171
158
165
164
171
153
136
125
114
105
94
74
68
66
74
68
69
83
102
120
126
121
122
121
113
86
67
63
65
77
74
73
75
82
81
67
59
62
68
79
68
66
57
59
35
0
-23
-34
-45
-48
-68
-73
-71
-51
-43
-33
-11
20
45
70
64
73
75
86
81
80
89
103
118
126
116
111
101
91
60
34
20
17
26
33
41
66
99
131
142
164
193
228
259
265
269
268
277
277
263
243
224
203
190
154
129
105
105
88
66
57
54
49
48
32
34
39
61
67
71
85
109
129
149
143
155
162
177
174
170
169
167
159
143
113
99
88
85
65
48
41
39
39
30
18
17
23
28
18
15
22
29
42
40
41
51
71
84
86
93
109
124
141
134
144
150
173
178
178
187
200
207
213
199
197
192
200
185
167
160
158
148
137
104
93
85
93
94
107
134
165
194
212
211
221
228
237
224
213
210
209
208
191
163
142
129
113
82
57
38
15
-5
-44
-86
-122
-145
-177
-221
-259
-299
-333
-362
-411
-442
-474
-484
-510
-538
-558
-575
-591
-607
-647
-674
-707
-729
-776
-826
-861
-884
-906
-922
-950
-957
-953
-937
-935
-929
-915
-894
-869
-846
-829
-793
-756
-715
-696
-675
-647
-620
-594
-582
-572
-555
-529
-511
-513
-513
-507
-502
-493
-498
-500
-496
-487
-485
-493
-493
-478
-462
-443
-456
-453
-454
-437
-438
-446
-447
-440
-432
-425
-444
-449
-458
-445
-448
-448
-432
-409
-387
-368
-371
-365
-363
-357
-366
-368
-357
-337
-314
-297
-292
-270
-244
-215
-206
-192
-167
-142
-117
-105
-92
-72
-45
-28
-30
-29
-22
-17
-8
-12
-13
-4
18
34
46
67
98
133
168
173
193
203
231
243
251
267
283
298
307
283
270
246
231
196
162
146
143
146
154
150
161
171
189
196
211
236
263
290
303
297
298
294
292
272
257
251
244
239
220
201
190
191
187
173
168
172
177
186
180
174
175
187
188
179
181
195
207
222
210
215
216
230
227
222
229
245
264
287
285
302
311
336
336
335
343
355
362
366
355
358
363
376
370
367
372
381
390
392
386
396
412
433
435
439
449
453
454
430
402
375
355
330
295
275
269
268
274
267
264
267
286
296
301
317
342
357
371
354
349
336
343
333
327
330
339
354
370
367
391
410
441
448
451
465
486
505
528
545
580
619
665
690
716
750
785
815
830
830
836
838
835
811
791
784
779
772
742
711
683
665
641
607
582
565
547
525
479
428
371
320
245
155
71
-5
-89
-176
-298
-412
-533
-647
-782
-924
-1058
-1185
-1318
-1455
-1626
-1777
-1938
-2086
-2258
-2432
-2597
-2760
-2927
-3102
-3295
-3476
-3661
-3841
-4038
-4229
-4406
-4575
-4736
-4902
-5068
-5214
-5350
-5478
-5616
-5743
-5855
-5961
-6058
-6167
-6266
-6351
-6415
-6472
-6526
-6561
-6574
-6573
-6554
-6534
-6480
-6401
-6280
-6151
-6007
-5831
-5628
-5411
-5177
-4957
-4718
-4474
-4211
-3958
-3701
-3427
-3145
-2867
-2593
-2347
-2086
-1850
-1613
-1423
-1240
-1062
-894
-740
-605
-493
-379
-270
-163
-80
8
104
200
292
369
432
498
561
617
649
684
724
757
785
790
791
795
806
814
813
821
841
869
903
915
935
949
977
988
991
1004
1025
1043
1064
1064
1077
1095
1127
1144
1156
1173
1191
1198
1199
1170
1160
1148
1146
1123
1098
1080
1065
1055
1042
1015
1005
999
1005
995
991
996
1004
1015
1015
1006
1002
999
992
968
954
953
956
965
959
958
965
982
995
995
996
1002
1005
1011
996
997
997
1018
1019
1010
1009
1014
1018
1025
1014
1014
1007
1010
992
972
968
977
985
996
986
997
1008
1028
1026
1029
1035
1040
1046
1038
1018
1012
1004
1005
980
958
945
939
933
919
899
893
893
891
877
876
890
907
930
934
939
947
954
948
926
909
904
905
913
898
900
896
908
903
895
900
914
926
941
934
938
939
955
945
929
921
919
915
911
889
888
890
903
902
904
913
927
943
952
947
954
957
959
938
923
917
913
905
878
842
814
797
783
764
762
776
792
811
809
805
804
809
807
798
797
806
815
829
817
825
829
848
846
838
842
854
865
875
861
863
862
876
863
846
839
839
833
824
793
775
757
746
720
700
692
692
696
686
672
670
671
674
649
632
624
620
619
598
567
543
527
506
472
443
428
419
419
407
399
398
403
398
383
378
388
399
411
390
382
366
364
345
324
314
310
305
304
285
292
300
328
332
335
351
369
381
388
374
368
358
348
317
282
249
213
174
129
76
42
18
5
-19
-37
-46
-53
-60
-84
-116
-143
-160
-179
-206
-222
-227
-228
-221
-225
-223
-213
-191
-177
-174
-167
-155
-153
-154
-190
-215
-247
-267
-308
-359
-405
-443
-480
-515
-574
-612
-653
-671
-709
-742
-755
-756
-754
-752
-763
-761
-756
-745
-753
-759
-757
-750
-743
-745
-762
-770
-780
-792
-827
-853
-868
-875
-873
-891
-903
-913
-903
-895
-899
-896
-887
-882
-877
-884
-891
-893
-880
-879
-890
-895
-895
-907
-921
-964
-987
-1009
-1012
-1026
-1035
-1033
-1019
-1005
-993
-1013
-1017
-1033
-1039
-1075
-1115
-1141
-1158
-1169
-1178
-1198
-1202
-1199
-1185
-1189
-1188
-1175
-1155
-1134
-1123
-1126
-1120
-1115
-1114
-1135
-1149
-1150
-1146
-1137
-1143
-1148
-1146
-1131
-1117
-1110
-1087
-1051
-1013
-974
-953
-933
-912
-879
-862
-855
-837
-805
-774
-732
-710
-669
-631
-583
-551
-521
-483
-438
-398
-360
-356
-335
-328
-310
-318
-325
-319
-307
-293
-281
-279
-264
-247
-220
-208
-190
-158
-120
-81
-52
-37
-16
1
14
7
2
6
12
23
19
16
15
30
42
42
52
62
74
92
92
107
122
155
171
181
198
229
255
290
300
321
341
373
392
408
431
458
474
488
471
478
486
513
524
539
564
592
619
638
638
646
651
657
638
621
613
610
605
587
562
550
541
531
506
489
487
489
493
478
462
448
442
430
411
408
421
441
469
482
507
530
568
588
598
615
635
645
653
635
629
622
628
618
607
607
619
631
646
636
649
661
685
693
709
736
766
793
807
801
802
798
797
770
738
707
672
631
576
512
460
419
385
345
323
320
323
334
328
330
343
368
387
394
405
415
428
441
427
426
415
424
416
402
408
420
427
437
425
426
428
439
435
429
433
445
452
459
440
441
439
449
445
450
466
487
508
520
516
526
534
542
524
506
496
487
475
451
422
402
388
370
335
308
295
284
284
271
266
268
278
286
287
299
324
351
383
390
409
421
446
449
443
449
465
482
505
508
520
526
541
534
522
520
529
537
549
541
546
544
548
541
539
545
553
556
547
518
498
473
450
412
384
372
368
368
358
349
354
372
388
389
397
414
430
451
454
457
465
478
483
475
469
469
463
456
419
400
375
370
348
322
318
318
324
330
322
338
356
391
406
417
441
475
500
520
519
533
544
564
566
566
573
585
601
612
612
626
640
657
655
657
672
687
698
689
666
646
626
594
542
495
457
420
390
345
305
275
256
235
209
192
182
167
155
119
106
95
107
108
108
122
147
171
196
199
217
232
264
273
280
299
325
345
363
362
375
389
409
414
421
435
451
464
471
465
474
484
498
494
496
509
526
548
558
566
579
595
598
580
564
556
546
541
526
518
525
545
558
560
568
583
591
600
576
567
552
548
521
484
455
435
416
402
366
355
332
331
302
275
274
284
302
317
318
330
343
356
348
342
347
354
358
352
333
331
333
339
330
329
344
364
384
388
389
393
405
413
405
405
412
418
427
420
414
415
427
430
426
431
449
464
483
473
476
472
480
472
463
466
480
496
514
506
521
531
562
572
585
608
631
648
659
656
666
678
697
700
707
720
730
733
719
689
668
645
622
583
552
535
520
502
464
424
389
364
335
297
273
265
264
271
267
267
273
290
298
298
304
316
320
324
299
291
285
295
294
296
311
335
358
383
381
399
407
431
426
426
442
461
483
492
482
485
484
496
488
485
494
506
517
517
502
502
509
522
520
527
545
561
577
570
557
543
536
521
497
488
495
506
521
521
528
540
565
573
567
563
562
547
531
488
460
434
422
398
378
373
381
391
406
394
405
408
424
417
412
419
430
441
447
439
445
452
464
454
445
445
447
446
431
405
389
379
371
347
333
335
342
356
353
357
368
389
403
406
421
450
484
522
541
565
583
611
620
616
619
627
627
631
615
615
617
630
624
612
604
601
596
595
570
574
576
593
589
587
592
595
596
588
564
559
557
572
563
563
575
593
619
633
633
641
648
653
641
632
628
622
616
584
551
523
509
498
489
499
525
559
595
607
624
633
652
649
640
644
657
663
666
642
628
613
610
587
561
546
543
540
543
522
525
526
542
544
551
567
587
605
614
604
602
594
584
546
506
473
443
416
382
347
329
324
323
311
311
326
342
364
367
373
383
398
403
393
384
383
388
400
390
393
394
412
411
403
406
417
426
436
424
428
435
458
465
471
485
505
518
531
515
517
516
525
518
512
512
515
517
511
491
486
485
491
482
477
484
493
507
503
490
480
473
472
456
458
472
488
507
511
515
522
536
545
539
535
541
546
553
534
532
525
533
520
501
490
486
483
486
472
472
469
481
474
466
471
486
498
511
501
510
520
537
537
540
551
564
575
574
555
547
541
541
525
519
529
547
567
573
571
574
583
588
579
578
585
589
592
570
544
520
500
475
444
423
418
419
430
417
424
428
450
454
458
474
499
523
547
543
548
543
552
539
524
521
526
525
525
504
498
494
497
487
485
495
513
531
537
524
520
512
507
485
475
486
508
537
554
568
585
611
634
637
647
661
667
681
676
678
685
701
716
726
739
754
758
761
727
702
662
627
565
493
428
370
313
261
194
151
110
98
73
59
68
91
113
135
137
151
167
188
192
196
206
218
230
233
222
223
223
225
205
191
190
195
205
200
193
194
208
218
213
211
213
209
202
177
149
128
117
98
68
40
16
-16
-46
-106
-148
-190
-214
-251
-289
-320
-349
-384
-422
-484
-523
-563
-578
-610
-632
-635
-628
-619
-612
-622
-621
