0
-7
-12
-34
-41
-45
-41
-54
-67
-72
-75
-78
-88
-111
-121
-129
-137
-164
-187
-198
-205
-207
-219
-229
-229
-219
-214
-223
-226
-223
-225
-229
-253
-278
-302
-320
-346
-380
-404
-417
-436
-454
-505
-539
-575
-591
-614
-633
-636
-629
-617
-601
-607
-594
-596
-582
-592
-603
-595
-583
-573
-560
-564
-545
-528
-507
-502
-489
-463
-426
-387
-351
-325
-285
-244
-199
-173
-146
-114
-88
-67
-69
-79
-89
-93
-104
-128
-144
-149
-154
-154
-167
-177
-178
-168
-166
-171
-165
-147
-131
-108
-115
-105
-99
-81
-77
-74
-60
-35
-4
33
46
77
97
131
142
153
176
207
238
270
288
320
354
391
406
417
426
429
424
405
370
346
326
312
289
280
290
310
335
344
349
354
367
373
369
373
386
395
402
386
365
344
331
308
278
259
256
253
262
250
260
272
302
321
340
368
404
433
458
450
462
461
473
461
449
452
461
471
482
478
495
508
529
529
531
546
562
571
570
558
558
562
564
544
534
536
537
543
536
534
540
560
575
578
588
602
613
619
601
579
552
533
496
452
420
402
383
373
343
331
321
328
326
328
344
373
405
444
456
494
521
560
570
575
587
601
614
622
618
628
639
657
661
671
691
713
731
734
725
726
729
731
712
697
690
681
671
642
616
597
589
580
565
562
569
581
600
603
614
626
652
663
667
683
712
739
769
774
789
801
820
817
807
804
812
820
834
825
845
868
910
935
964
1001
1037
1068
1088
1092
1108
1124
1138
1126
1102
1076
1024
950
839
699
562
415
265
92
-77
-239
-398
-557
-733
-905
-1072
-1238
-1419
-1616
-1812
-2004
-2196
-2386
-2596
-2801
-3012
-3213
-3439
-3673
-3901
-4124
-4352
-4572
-4806
-5023
-5236
-5432
-5635
-5828
-5995
-6137
-6271
-6393
-6535
-6650
-6768
-6870
-6984
-7086
-7170
-7240
-7299
-7352
-7406
-7432
-7443
-7428
-7404
-7348
-7256
-7138
-7003
-6865
-6723
-6561
-6382
-6189
-5996
-5778
-5531
-5264
-4979
-4704
-4424
-4140
-3853
-3575
-3312
-3052
-2792
-2539
-2292
-2074
-1851
-1643
-1431
-1255
-1101
-947
-798
-664
-539
-447
-351
-259
-158
-77
0
83
170
243
308
339
380
411
448
469
497
538
589
643
688
712
740
761
783
787
797
823
854
890
908
919
939
961
981
980
980
996
1009
1031
1030
1030
1037
1052
1061
1060
1060
1070
1080
1093
1080
1081
1074
1082
1070
1053
1046
1048
1050
1057
1048
1058
1070
1099
1109
1118
1141
1172
1198
1222
1223
1241
1258
1284
1296
1314
1342
1373
1404
1428
1434
1450
1460
1468
1452
1438
1434
1434
1434
1419
1396
1379
1369
1359
1335
1318
1310
1301
1297
1277
1262
1256
1255
1246
1228
1220
1223
1228
1238
1222
1221
1213
1215
1193
1161
1136
1116
1095
1076
1037
1015
991
981
947
911
889
875
860
848
821
816
816
828
828
833
847
865
882
890
883
891
900
914
912
916
933
955
979
990
996
1009
1025
1034
1025
1022
1035
1045
1066
1066
1066
1073
1088
1103
1112
1124
1146
1164
1185
1176
1182
1175
1181
1166
1141
1120
1102
1079
1056
1009
978
946
936
906
877
863
861
859
861
850
859
877
908
926
950
986
1030
1075
1111
1132
1161
1187
1212
1212
1212
1217
1222
1223
1204
1173
1140
1107
1061
998
943
900
860
828
789
763
751
755
758
759
769
789
805
824
814
822
829
851
856
856
861
869
873
877
852
847
834
836
812
784
769
760
749
736
705
687
671
664
645
636
640
653
667
670
657
653
646
637
609
587
579
577
578
564
551
546
550
547
531
521
517
509
503
481
456
441
437
437
431
437
455
466
485
471
473
464
465
447
429
418
407
394
381
335
303
263
238
187
134
93
56
16
-23
-74
-109
-138
-154
-180
-197
-196
-187
-176
-170
-172
-158
-139
-117
-112
-103
-87
-73
-61
-72
-88
-102
-112
-132
-169
-197
-216
-228
-235
-254
-267
-277
-277
-289
-312
-325
-329
-339
-346
-377
-391
-407
-413
-437
-468
-495
-517
-544
-571
-626
-655
-686
-695
-722
-744
-753
-757
-760
-767
-787
-792
-793
-789
-805
-821
-832
-842
-856
-883
-923
-955
-983
-1008
-1045
-1071
-1080
-1084
-1083
-1099
-1114
-1124
-1126
-1133
-1151
-1161
-1164
-1168
-1171
-1192
-1210
-1227
-1228
-1241
-1257
-1258
-1248
-1242
-1227
-1241
-1243
-1251
-1258
-1272
-1287
-1287
-1281
-1279
-1278
-1306
-1310
-1322
-1318
-1331
-1339
-1332
-1318
-1298
-1283
-1282
-1267
-1250
-1225
-1217
-1205
-1186
-1168
-1152
-1150
-1161
-1160
-1150
-1133
-1125
-1105
-1068
-1027
-984
-960
-937
-915
-891
-878
-880
-879
-873
-866
-854
-856
-846
-833
-803
-789
-781
-759
-726
-696
-663
-653
-629
-604
-565
-538
-509
-469
-417
-367
-317
-297
-259
-231
-192
-174
-156
-129
-99
-70
-47
-42
-28
-17
2
4
9
25
42
59
66
67
80
99
114
111
110
118
123
130
118
111
111
122
133
139
154
180
210
243
253
273
289
323
340
352
376
410
442
480
496
523
544
569
579
580
594
612
615
615
581
568
552
540
512
489
481
481
483
475
456
452
448
454
447
451
471
497
526
545
557
574
590
596
578
561
551
542
542
528
521
521
531
539
539
546
564
586
613
617
633
642
666
670
671
686
715
745
777
785
799
808
828
830
831
844
867
884
902
894
903
907
919
911
905
906
910
915
914
897
893
889
893
882
877
881
889
900
898
888
885
883
875
846
819
797
768
733
673
611
555
511
471
435
417
417
423
435
423
428
431
452
460
468
490
522
552
583
590
604
609
620
605
585
576
577
572
579
566
578
591
605
602
591
591
594
597
590
576
581
595
617
614
617
632
651
674
688
701
726
759
788
803
822
846
860
866
848
823
799
779
754
717
683
657
627
600
547
513
476
460
431
403
391
392
393
399
382
381
374
383
372
361
366
383
398
414
411
422
434
453
455
458
468
480
492
498
494
507
526
555
568
588
620
652
683
698
707
721
740
753
749
748
753
751
746
718
685
655
632
606
578
567
576
592
618
620
641
658
689
700
706
721
739
753
761
740
729
708
702
677
657
656
666
677
688
683
692
703
720
721
722
735
752
763
764
739
732
723
718
694
676
671
673
680
669
655
649
650
645
624
608
596
581
569
545
527
522
531
537
537
545
560
565
569
541
529
512
508
487
464
453
451
451
454
433
433
424
431
414
401
404
418
434
451
454
472
494
524
537
549
566
584
599
605
597
599
603
609
596
588
588
587
586
568
547
533
528
521
506
504
514
528
545
547
549
554
567
568
561
564
580
595
614
605
612
618
634
630
619
616
619
616
608
568
545
514
502
472
448
439
440
441
441
429
431
432
434
413
391
374
359
343
315
269
244
223
209
183
164
170
185
209
226
240
261
293
326
348
378
412
449
484
498
509
520
540
546
544
549
562
567
576
559
556
550
556
550
545
550
565
581
601
596
615
627
652
651
644
643
642
638
627
602
588
577
572
546
516
487
454
416
369
318
285
263
250
230
224
237
257
284
296
312
332
359
376
377
378
379
375
370
345
322
299
291
271
246
235
236
232
233
210
201
194
204
204
206
220
246
274
311
325
364
398
445
471
499
538
579
616
641
647
661
672
687
683
679
681
679
668
637
588
544
501
455
396
342
310
280
258
225
195
181
180
182
181
188
203
224
250
258
275
280
299
297
282
275
278
276
276
253
243
233
236
224
211
206
210
208
208
182
181
175
181
171
168
178
194
212
225
225
236
245
259
255
258
273
293
314
323
326
339
359
378
380
388
408
429
451
449
444
439
438
428
403
380
365
355
354
339
342
347
370
372
363
362
367
364
359
329
310
288
277
248
220
204
200
194
190
163
160
158
169
166
167
176
188
199
201
188
185
177
167
133
100
76
59
46
27
7
4
11
18
10
8
18
30
49
52
56
66
83
96
102
106
123
129
139
122
118
107
112
100
85
87
95
102
117
111
112
109
117
106
96
100
118
131
146
141
157
171
197
209
226
252
280
303
313
305
310
314
320
305
291
285
284
284
272
254
245
243
236
215
203
204
206
215
212
215
223
233
234
224
217
218
215
213
182
166
143
139
120
96
83
77
68
61
35
27
21
33
28
24
34
54
69
82
71
74
78
93
96
107
129
155
182
203
211
230
243
255
243
232
229
225
217
191
161
140
129
115
86
66
57
48
43
24
8
-1
-3
-10
-24
-29
-24
-24
-12
-21
-9
4
30
42
50
63
84
94
100
81
83
83
106
111
124
153
193
230
267
279
298
312
328
326
326
335
345
352
348
323
304
284
267
234
210
203
208
220
218
208
200
194
177
140
105
78
50
23
-20
-62
-97
-125
-158
-196
-219
-220
-215
-200
-209
-197
-187
-162
-156
-155
-145
-128
-110
-91
-97
-84
-80
-60
-62
-61
-45
-19
4
21
17
20
20
25
16
14
23
39
55
62
57
64
72
83
78
81
97
115
132
130
122
118
122
120
107
105
113
122
135
135
138
149
169
179
178
183
195
199
202
174
163
154
155
150
141
142
155
160
169
150
149
141
141
110
75
50
31
13
-10
-39
-51
-63
-70
-91
-108
-110
-100
-85
-72
-68
-46
-20
7
15
28
49
72
95
101
106
116
133
140
131
127
128
130
138
132
131
136
155
164
168
183
208
224
237
217
211
203
208
199
186
182
186
188
188
158
149
130
124
92
62
45
35
25
11
-16
-30
-41
-45
-62
-69
-60
-42
-21
-6
-1
15
30
43
36
32
39
50
67
73
83
101
130
151
156
166
180
189
195
177
159
140
128
97
52
12
-24
-69
-112
-179
-229
-275
-303
-342
-384
-419
-447
-482
-518
-584
-626
-666
-694
-735
-777
-801
-815
-833
-859
-899
-927
-955
-971
-1007
-1037
-1052
-1061
-1069
-1084
-1103
-1105
-1096
-1079
-1073
-1060
-1034
-1005
-969
-947
-917
-882
-839
-803
-781
-756
-727
-699
-669
-658
-639
-622
-594
-586
-588
-578
-557
-538
-516
-520
-513
-510
-502
-513
-531
-543
-546
-552
-554
-581
-585
-596
-595
-613
-626
-623
-609
-586
-562
-549
-525
-504
-479
-475
-472
-464
-459
-457
-468
-488
-494
-490
-484
-490
-483
-459
-433
-403
-393
-380
-358
-321
-284
-254
-219
-180
-146
-117
-115
-111
-113
-102
-111
-124
-122
-105
-85
-59
-56
-42
-29
-1
15
32
60
97
129
161
160
177
186
204
197
185
182
182
178
172
146
135
128
124
105
85
79
78
87
84
75
77
93
114
129
158
201
241
278
290
298
305
319
325
316
312
313
310
304
273
253
231
231
216
196
187
185
180
176
151
137
119
113
92
71
67
78
89
102
89
95
98
110
104
101
104
111
120
126
121
130
139
154
152
154
169
187
205
209
207
216
231
243
242
248
262
276
293
292
293
298
309
315
312
314
326
338
352
340
343
343
362
363
360
368
384
397
411
404
411
416
436
438
439
449
462
468
473
458
467
479
496
493
485
477
465
446
418
368
340
318
305
284
269
269
278
285
287
281
285
296
306
305
313
329
346
366
368
369
375
388
396
394
397
408
418
432
415
408
388
376
337
287
243
202
156
105
27
-45
-131
-212
-326
-452
-573
-691
-817
-951
-1115
-1272
-1437
-1603
-1792
-1983
-2171
-2358
-2546
-2742
-2954
-3156
-3358
-3556
-3776
-3992
-4198
-4401
-4606
-4828
-5059
-5282
-5492
-5695
-5896
-6074
-6227
-6370
-6499
-6638
-6772
-6895
-7007
-7117
-7226
-7314
-7378
-7431
-7467
-7518
-7537
-7542
-7512
-7479
-7431
-7355
-7255
-7133
-6987
-6841
-6657
-6458
-6220
-5986
-5734
-5455
-5160
-4864
-4565
-4285
-3996
-3711
-3428
-3169
-2914
-2656
-2403
-2160
-1937
-1744
-1556
-1385
-1232
-1112
-1003
-893
-788
-689
-598
-519
-431
-336
-246
-166
-83
-2
69
130
165
192
215
244
273
303
346
408
472
541
582
638
686
744
787
828
878
931
978
1017
1026
1050
1064
1091
1091
1088
1094
1102
1103
1097
1072
1055
1036
1022
992
969
957
948
937
918
889
873
861
855
835
826
836
855
881
897
916
942
975
999
1008
1025
1049
1070
1091
1094
1096
1099
1108
1105
1094
1093
1106
1120
1142
1140
1159
1175
1202
1209
1208
1211
1217
1222
1227
1208
1210
1202
1210
1194
1179
1176
1177
1173
1159
1122
1094
1069
1053
1024
1006
1004
1011
1025
1031
1027
1036
1049
1065
1064
1068
1081
1095
1109
1105
1102
1097
1096
1084
1065
1051
1049
1046
1043
1032
1016
1005
996
976
949
941
948
956
974
976
995
1015
1047
1062
1073
1089
1110
1128
1145
1135
1144
1144
1160
1150
1136
1127
1116
1100
1076
1036
1004
970
940
896
858
835
821
813
803
794
806
826
850
858
871
895
920
948
957
966
981
1005
1023
1029
1042
1062
1079
1093
1087
1085
1087
1106
1116
1120
1132
1149
1154
1152
1117
1089
1054
1025
977
925
879
842
806
782
741
734
729
741
728
709
694
679
660
631
585
555
530
518
492
476
476
486
499
503
496
499
504
509
498
498
514
534
561
568
573
578
589
594
586
582
585
583
589
583
585
592
611
609
605
609
631
646
663
655
657
658
668
658
647
643
650
654
656
624
606
576
554
514
480
463
450
437
420
392
383
375
375
355
339
332
328
325
308
278
255
231
204
162
129
111
96
85
59
38
25
25
22
11
6
10
17
32
32
45
57
84
93
95
108
130
144
158
146
146
147
161
157
147
138
127
100
63
-10
-70
-135
-188
-254
-311
-355
-390
-424
-465
-522
-566
-607
-634
-668
-686
-682
-669
-653
-648
-650
-642
-634
-634
-657
-677
-688
-696
-699
-719
-735
-744
-747
-754
-771
-785
-790
-794
-795
-816
-824
-834
-830
-847
-867
-882
-886
-904
-921
-961
-990
-1016
-1028
-1065
-1105
-1136
-1159
-1185
-1212
-1267
-1296
-1323
-1335
-1356
-1367
-1366
-1358
-1347
-1341
-1350
-1344
-1336
-1320
-1319
-1313
-1302
-1291
-1282
-1288
-1304
-1316
-1325
-1338
-1367
-1386
-1393
-1398
-1397
-1407
-1408
-1395
-1371
-1351
-1339
-1322
-1297
-1270
-1242
-1242
-1233
-1233
-1217
-1219
-1225
-1222
-1213
-1206
-1194
-1200
-1192
-1185
-1159
-1149
-1137
-1110
-1074
-1044
-1018
-1019
-1007
-998
-980
-979
-974
-958
-939
-924
-920
-933
-935
-937
-935
-945
-943
-918
-878
-831
-795
-766
-730
-689
-654
-636
-614
-587
-563
-535
-523
-510
-491
-464
-440
-425
-405
-379
-359
-340
-348
-338
-331
-305
-293
-283
-262
-236
-211
-193
-198
-194
-188
-171
-174
-174
-158
-119
-80
-31
-2
47
95
154
195
231
273
317
357
384
391
405
419
436
435
439
447
454
461
456
450
451
453
443
417
399
394
393
399
389
376
367
367
364
356
357
371
383
400
386
388
387
404
404
402
409
422
435
451
445
459
469
494
494
491
502
521
537
552
550
562
574
591
591
596
610
629
648
660
661
678
697
717
717
723
740
759
776
771
759
750
748
739
716
699
690
681
676
661
654
661
685
704
717
735
759
775
793
783
787
788
803
804
803
810
822
827
828
800
786
760
750
718
685
672
675
678
684
678
680
691
705
708
711
718
727
733
729
709
699
694
692
672
654
645
635
624
600
580
568
568
563
548
543
550
559
570
570
573
581
602
618
631
654
687
714
741
736
741
739
745
735
725
731
749
767
785
774
783
784
801
797
797
811
831
847
856
844
837
824
816
790
768
758
755
756
748
728
718
706
693
663
637
619
600
584
553
530
522
532
546
555
579
614
652
689
707
725
740
762
761
741
721
707
689
675
640
625
613
615
605
599
606
626
649
673
667
680
680
691
672
646
626
609
595
579
550
529
516
508
491
477
471
472
472
467
458
461
475
496
505
522
548
568
591
593
592
592
598
594
580
578
587
597
608
600
596
595
612
614
609
613
626
634
649
641
649
656
673
671
664
665
675
683
693
673
669
653
648
618
587
564
544
528
511
484
471
457
449
426
412
415
425
439
445
445
459
479
497
497
499
509
514
517
498
478
464
463
462
455
456
467
480
498
497
505
513
539
548
551
569
599
626
655
660
676
688
709
709
703
700
704
701
699
669
659
643
639
615
591
578
572
570
564
545
537
527
522
498
483
474
476
475
472
462
465
478
488
491
502
525
540
554
546
540
534
531
526
515
508
505
503
500
471
447
415
401
371
339
321
316
315
322
315
325
342
373
384
391
405
429
447
468
463
480
496
521
526
528
536
545
554
553
532
521
510
505
484
468
461
452
441
414
378
348
326
307
279
262
257
249
243
218
195
179
176
176
176
192
224
262
305
323
353
375
412
426
431
442
456
464
470
454
449
442
449
435
419
413
414
409
404
374
363
356
359
346
334
331
333
337
334
316
313
311
315
301
296
304
319
337
346
352
368
387
401
405
415
435
457
470
469
465
467
472
475
473
485
513
540
567
565
571
565
570
551
522
498
478
454
431
389
364
339
335
319
306
309
323
333
342
330
333
335
344
335
327
324
323
319
309
286
279
277
282
269
257
253
249
246
234
223
228
244
257
253
260
276
289
298
285
269
256
249
238
219
207
208
214
229
219
227
228
246
248
245
247
250
249
252
236
239
238
256
254
256
277
308
336
365
374
395
416
445
458
474
494
513
526
527
509
499
482
464
427
400
389
383
377
354
325
300
278
248
202
165
143
126
118
107
99
100
109
106
102
109
131
154
176
167
173
175
187
180
164
158
156
152
149
124
119
109
118
108
100
109
125
137
145
137
147
164
195
215
245
287
332
375
405
422
451
479
507
513
518
530
540
546
529
499
464
430
383
320
264
217
168
123
70
28
6
5
3
-4
0
18
35
60
64
91
117
154
173
183
197
213
226
237
221
221
212
221
209
198
201
208
210
207
187
178
170
167
149
138
138
141
144
141
128
127
127
130
119
116
129
147
171
182
193
209
233
248
248
256
271
286
297
289
278
269
272
255
235
220
221
220
217
190
175
160
157
137
108
84
67
54
51
20
17
9
18
5
-3
3
13
21
23
10
11
19
37
39
47
65
85
104
115
117
132
152
177
185
198
221
246
277
293
315
346
389
424
446
473
504
533
560
567
576
585
603
603
592
588
588
579
568
527
495
459
430
379
317
255
198
139
86
13
-26
-62
-75
-103
-125
-131
-128
-123
-121
-128
-119
-106
-85
-85
-88
-84
-79
-73
-79
-96
-102
-102
-99
-109
-109
-95
-79
-60
-60
-58
-51
-34
-23
-24
-18
-2
22
54
71
95
120
162
185
200
225
261
291
319
319
331
348
379
388
397
401
416
420
417
371
341
304
282
240
193
155
123
92
58
16
-5
-18
-18
-34
-40
-33
-15
8
24
33
58
87
112
116
121
129
132
135
117
104
96
95
85
62
42
26
8
-7
-41
-67
-95
-105
-130
-159
-172
-170
-168
-160
-172
-173
-179
-177
-196
-220
-238
-249
-266
-283
-330
-356
-387
-408
-448
-483
-507
-527
-549
-578
-621
-646
-667
-681
-712
-738
-750
-754
-751
-754
-759
-748
-726
-702
-699
-696
-692
-694
-696
-716
-728
-731
-721
-713
-713
-706
-690
-671
-647
-644
-628
-619
-596
-598
-610
-610
-602
-599
-596
-619
-632
-646
-646
-659
-671
-673
-656
-642
-628
-638
-637
-638
-628
-636
-637
-635
-631
-626
-625
-641
-644
-649
-644
-654
-656
-644
-626
-608
-601
-599
-583
-556
-525
-507
-478
-434
-386
-332
-295
-252
-203
-147
-98
-61
-23
19
55
85
81
83
71
67
36
-6
-39
-65
-91
-112
-152
-172
-186
-174
-172
-162
-134
-93
-58
-25
-20
-1
12
30
32
37
52
72
92
104
101
111
123
140
140
146
163
181
200
206
207
215
228
235
225
219
220
215
212
196
187
187
194
195
186
182
186
188
192
171
170
169
189
192
189
195
207
220
239
237
246
249
268
267
267
282
308
330
351
351
355
363
375
368
364
361
369
382
392
396
413
428
448
451
461
487
510
534
539
530
520
510
489
451
422
401
378
357
319
280
247
220
192
158
137
133
134
144
136
153
170
207
228
246
272
303
331
357
356
366
365
378
366
354
358
371
380
383
364
353
339
331
310
298
300
312
328
337
331
336
338
339
316
293
279
267
259
238
219
216
230
247
257
279
314
347
382
400
422
451
492
532
567
610
662
705
742
733
731
718
713
682
639
593
541
476
399
288
189
82
-9
-126
-246
-357
-462
-569
-679
-811
-938
-1077
-1220
-1391
-1569
-1750
-1935
-2129
-2334
-2548
-2757
-2952
-3145
-3346
-3537
-3717
-3898
-4079
-4276
-4472
-4652
-4819
-4986
-5150
-5293
-5418
-5530
-5630
-5739
-5843
-5937
-6020
-6114
-6217
-6309
-6384
-6456
-6514
-6593
-6647
-6695
-6718
-6743
-6754
-6739
-6696
-6630
-6538
-6448
-6313
-6159
-5963
-5767
-5548
-5296
-5023
-4741
-4452
-4172
-3879
-3584
-3285
-3012
-2747
-2489
-2240
-2005
-1792
-1605
-1420
-1245
-1081
-945
-813
-679
-553
-439
-356
-287
-225
-163
-115
-84
-45
2
48
92
115
135
153
183
202
213
236
273
308
353
375
417
463
524
572
617
669
728
782
834
854
888
906
929
921
907
901
899
898
896
882
884
894
913
915
920
935
955
979
996
1002
1016
1025
1028
1012
1003
1000
1001
995
972
955
945
953
952
943
944
960
975
995
996
1003
1011
1034
1045
1046
1055
1068
1072
1076
1051
1039
1024
1016
992
964
945
935
924
916
880
870
856
859
841
825
817
815
820
824
817
821
824
832
823
819
826
835
839
832
817
823
844
875
896
925
959
981
994
980
960
944
940
932
915
906
904
907
915
905
904
902
915
906
888
877
876
872
874
852
841
830
831
818
804
803
811
815
820
799
801
800
814
808
804
806
807
806
799
778
771
765
765
747
733
730
727
724
708
683
669
659
651
629
616
619
627
637
637
647
668
707
739
763
797
839
889
937
959
984
1000
1024
1025
1010
1008
1011
1007
1001
968
939
904
879
835
790
752
725
697
677
636
622
609
612
597
583
575
565
551
528
488
462
436
417
383
358
350
350
354
346
331
325
326
328
318
318
335
356
379
381
383
389
403
419
431
451
479
508
538
541
553
557
577
573
555
540
528
511
496
464
447
430
426
404
377
357
345
329
320
293
291
291
302
295
288
291
300
311
317
304
301
295
290
264
242
231
224
220
203
180
168
165
161
143
131
127
119
109
76
38
5
-21
-53
-91
-121
-143
-157
-176
-216
-240
-261
-255
-267
-289
-301
-306
-311
-310
-332
-343
-351
-341
-350
-358
-351
-335
-327
-320
-334
-328
-321
-306
-309
-313
-315
-320
-331
-356
-398
-424
-444
-457
-484
-504
-513
-519
-525
-545
-570
-586
-592
-597
-616
-628
-627
-621
-607
-606
-604
-596
-584
-581
-590
-593
-587
-584
-581
-611
-628
-654
-668
-709
-760
-805
-848
-898
-948
-1019
-1072
-1125
-1161
-1220
-1277
-1317
-1344
-1372
-1397
-1438
-1457
-1471
-1478
-1501
-1523
-1539
-1552
-1566
-1584
-1614
-1625
-1627
-1620
-1629
-1632
-1626
-1617
-1606
-1608
-1618
-1625
-1631
-1645
-1676
-1696
-1703
-1706
-1701
-1707
-1707
-1696
-1673
-1654
-1639
-1617
-1583
-1551
-1513
-1506
-1482
-1461
-1417
-1395
-1375
-1353
-1327
-1299
-1277
-1276
-1265
-1263
-1246
-1247
-1251
-1244
-1233
-1224
-1220
-1238
-1243
-1243
-1231
-1226
-1211
-1181
-1140
-1093
-1050
-1022
-982
-940
-891
-853
-806
-749
-693
-642
-612
-589
-564
-532
-504
-490
-466
-432
-395
-351
-318
-279
-233
-183
-150
-136
-130
-129
-143
-163
-218
-253
-288
-301
-322
-339
-344
-339
-331
-318
-327
-313
-300
-265
-249
-232
-202
-170
-144
-123
-121
-107
-93
-70
-62
-48
-20
14
48
76
92
118
144
173
185
203
232
262
292
301
305
313
328
336
334
343
362
383
408
415
419
423
434
433
422
419
424
426
437
423
429
435
458
471
488
510
546
585
625
644
680
705
753
774
800
831
861
885
902
899
903
905
920
924
935
955
972
978
963
926
890
849
803
736
674
624
580
543
495
453
423
407
387
355
332
318
307
302
288
286
298
329
347
352
362
378
387
398
381
376
368
374
368
364
373
391
407
423
412
426
435
464
469
476
494
519
547
573
587
615
645
678
687
694
708
726
744
752
749
759
776
797
802
811
826
838
849
838
827
818
812
791
749
708
672
640
618
590
578
577
595
597
590
590
593
583
571
530
500
468
447
413
381
365
364
368
379
366
375
379
403
407
426
449
473
491
498
491
494
489
487
466
455
462
475
488
497
498
511
526
540
538
544
563
585
610
618
626
637
654
661
654
650
651
653
655
636
621
606
608
593
569
557
553
543
538
513
503
496
503
499
496
506
525
541
557
544
551
547
552
536
522
517
516
515
506
481
468
458
460
447
445
461
487
521
547
568
599
633
662
673
687
709
728
748
747
747
749
754
746
722
703
693
685
681
657
643
628
634
625
612
607
607
599
589
555
530
504
494
469
443
428
421
409
396
353
329
303
290
265
251
255
267
287
304
316
338
361
385
381
385
394
409
420
419
409
412
417
416
402
401
411
417
425
412
398
390
388
381
363
354
357
364
380
376
390
398
424
431
436
458
488
513
537
536
545
548
562
558
550
551
557
554
551
520
504
482
469
441
420
412
412
419
421
410
412
411
413
394
380
375
372
368
351
327
317
317
318
302
294
297
300
307
295
283
275
274
269
256
252
259
267
278
265
273
283
312
322
328
345
371
397
429
440
464
485
520
528
526
525
522
510
499
466
451
436
429
402
374
350
327
306
281
246
228
214
202
175
162
164
175
193
198
208
224
251
266
262
263
271
273
268
239
208
179
154
124
93
79
82
90
103
90
95
98
118
124
130
149
174
199
222
217
223
221
233
221
207
206
213
217
223
209
209
210
218
210
203
200
199
201
196
181
183
187
195
182
174
178
189
207
215
224
244
275
302
312
327
349
367
385
383
376
373
377
371
355
345
342
337
336
309
301
288
291
276
256
244
238
230
223
193
185
173
181
169
159
163
177
191
206
204
214
226
243
242
245
258
277
297
309
307
317
325
332
319
309
306
303
299
278
261
249
252
243
216
204
206
217
236
232
224
215
213
202
184
174
180
186
196
176
173
168
181
183
183
189
201
211
223
211
222
225
246
241
236
246
264
283
300
301
314
327
345
343
342
351
367
385
396
397
411
426
442
440
440
448
452
455
441
427
422
429
429
411
390
367
338
310
265
224
191
175
152
120
102
98
92
89
57
40
20
11
-16
-50
-78
-96
-110
-117
-146
-149
-158
-150
-168
-188
-198
-205
-212
-222
-241
-243
-237
-216
-205
-181
-143
-100
-58
-29
-13
17
51
87
103
119
137
148
153
135
115
99
92
79
47
29
18
16
16
-2
-15
-30
-24
-28
-37
-37
-23
-14
3
-4
0
10
37
51
62
83
109
129
150
143
163
181
220
242
268
304
342
372
386
372
358
334
309
261
216
185
162
138
102
53
12
-24
-55
-95
-120
-127
-127
-120
-129
-134
-132
-118
-109
-108
-99
-82
-61
-40
-37
-32
-31
-18
-24
-38
-42
-37
-36
-30
-45
-44
-43
-31
-35
-43
-45
-38
-35
-28
-49
-46
-46
-28
-28
-24
-8
12
30
40
36
44
55
76
81
91
111
133
152
159
157
165
178
194
196
204
221
236
250
240
230
226
235
243
244
252
267
283
298
288
280
263
261
234
193
166
141
124
112
83
62
35
12
-37
-93
-144
-187
-228
-262
-316
-337
-353
-347
-351
-345
-326
-303
-281
-266
-268
-258
-245
-224
-218
-204
-175
-141
-105
-80
-62
-33
2
35
50
69
95
116
136
130
121
112
106
91
61
34
15
-1
-9
-35
-45
-55
-45
-51
-61
-59
-49
-41
-28
-35
-25
-11
20
35
47
67
93
111
129
122
139
156
187
200
213
230
244
248
237
203
178
150
128
90
56
32
11
-12
-50
-98
-136
-166
-197
-242
-280
-308
-339
-371
-424
-476
-525
-568
-614
-668
-720
-768
-818
-863
-928
-973
-1015
-1030
-1058
-1088
-1107
-1120
-1124
-1122
-1133
-1129
-1132
-1117
-1121
-1124
-1110
-1088
-1065
-1037
-1023
-989
-952
-910
-883
-857
-828
-799
-774
-759
-762
-756
-754
-751
-767
-777
-774
-768
-760
-765
-774
-771
-762
-756
-764
-764
-750
-735
-712
-705
-691
-669
-635
-603
-575
-539
-494
-454
-416
-416
-414
-432
-444
-480
-521
-549
-564
-575
-578
-598
-602
-607
-595
-601
-606
-598
-584
-579
-576
-593
-590
-583
-563
-555
-539
-510
-474
-436
-406
-391
-364
-343
-324
-326
-322
-306
-285
-259
-244
-230
-207
-176
-152
-148
-139
-119
-99
-76
-73
-72
-68
-56
-50
-53
-52
-44
-39
-29
-46
-43
-46
-35
-44
-58
-67
-70
-73
-72
-92
-92
-104
-89
-93
-85
-59
-31
-9
4
-2
5
8
12
1
-7
-1
14
25
32
26
34
43
54
47
46
61
81
104
113
118
127
140
146
138
141
159
178
199
202
203
208
215
209
190
175
168
157
152
119
105
89
90
80
71
75
89
103
121
118
136
150
180
184
182
184
182
170
150
110
83
59
47
25
10
5
5
7
4
-8
0
15
36
42
58
85
113
139
144
144
150
164
170
162
161
169
179
192
191
192
201
222
234
236
240
250
252
258
236
228
217
219
207
197
198
208
217
229
216
231
243
272
275
274
282
292
301
306
300
307
310
322
308
305
314
332
352
365
367
380
394
397
376
357
340
314
281
224
158
89
24
-54
-150
-244
-337
-433
-530
-645
-762
-880
-990
-1114
-1250
-1382
-1509
-1649
-1793
-1975
-2151
-2335
-2512
-2708
-2912
-3112
-3308
-3507
-3706
-3935
-4140
-4350
-4542
-4758
-4976
-5186
-5391
-5592
-5785
-5981
-6152
-6315
-6465
-6628
-6781
-6917
-7041
-7154
-7269
-7386
-7480
-7555
-7613
-7671
-7708
-7718
-7705
-7662
-7606
-7519
-7400
-7248
-7079
-6899
-6691
-6455
-6201
-5935
-5678
-5409
-5132
-4839
-4562
-4297
-4028
-3757
-3500
-3250
-3032
-2813
-2611
-2413
-2248
-2102
-1961
-1823
-1697
-1574
-1483
-1372
-1272
-1160
-1068
-971
-860
-742
-620
-499
-391
-277
-170
-70
-2
68
141
209
270
305
325
354
386
424
439
459
490
526
561
579
597
623
655
675
677
680
688
694
699
686
682
681
696
696
694
710
744
780
822
838
864
888
924
945
967
997
1031
1053
1065
1036
1012
969
931
871
812
767
731
702
677
647
640
638
648
641
642
657
679
704
718
725
740
759
775
776
783
802
822
845
847
850
857
874
886
885
885
891
897
906
892
886
876
881
866
845
837
840
839
843
829
835
849
880
891
894
900
911
917
925
908
916
922
938
936
935
939
942
941
931
908
900
897
904
895
892
898
904
911
901
893
893
899
905
885
872
866
861
864
845
828
823
832
838
835
826
821
808
791
746
716
686
677
652
623
609
606
606
616
610
621
630
651
653
652
664
687
707
731
733
757
781
814
829
843
861
875
883
877
855
846
835
831
810
795
790
787
785
772
754
747
746
747
735
731
735
732
725
692
657
629
614
602
587
582
591
605
626
622
633
635
649
643
636
644
662
681
702
701
714
722
744
743
742
757
783
806
830
828
841
850
863
855
845
836
823
800
762
705
659
613
572
517
470
438
411
388
354
321
306
303
301
288
287
298
311
332
324
320
310
306
295
272
253
241
225
211
174
154
135
145
147
150
169
198
229
263
273
296
312
347
361
375
400
432
453
467
452
445
432
421
389
356
331
314
300
278
242
218
197
180
145
112
90
68
47
13
-25
-56
-80
-107
-143
-162
-163
-158
-147
-151
-155
-155
-149
-148
-154
-152
-141
-136
-135
-171
-197
-236
-267
-318
-374
-417
-448
-473
-492
-534
-559
-591
-606
-644
-681
-701
-709
-716
-722
-744
-750
-755
-755
-776
-803
-828
-853
-881
-915
-959
-986
-1006
-1018
-1044
-1059
-1058
-1051
-1041
-1046
-1053
-1050
-1034
-1015
-1004
-981
-949
-920
-894
-891
-897
-905
-907
-920
-951
-974
-993
-1016
-1031
-1078
-1100
-1128
-1137
-1161
-1181
-1195
-1200
-1206
-1206
-1230
-1232
-1235
-1215
-1216
-1217
-1212
-1209
-1215
-1227
-1256
-1276
-1295
-1304
-1322
-1328
-1318
-1301
-1281
-1267
-1266
-1255
-1246
-1239
-1254
-1271
-1282
-1295
-1308
-1335
-1361
-1375
-1373
-1370
-1372
-1360
-1335
-1308
-1279
-1268
-1255
-1236
-1206
-1183
-1167
-1142
-1108
-1079
-1044
-1036
-1010
-986
-949
-924
-899
-866
-825
-785
-741
-721
-678
-643
-590
-561
-533
-495
-452
-411
-375
-359
-337
-320
-303
-312
-323
-330
-338
-347
-365
-393
-406
-412
-412
-424
-425
-407
-381
-343
-315
-282
-242
-190
-145
-113
-74
-27
19
64
91
117
139
168
180
180
187
198
209
222
207
206
194
193
181
173
187
213
240
274
284
315
337
366
370
370
377
382
387
390
384
399
420
449
458
469
486
505
520
523
516
521
532
546
545
554
575
597
619
621
622
625
635
637
626
623
629
639
652
650
652
651
660
654
639
635
643
655
680
684
704
724
753
764
770
780
794
800
801
768
754
734
732
711
693
687
684
683
676
654
642
627
616
586
563
554
553
557
554
544
546
550
553
538
528
530
536
549
547
550
562
584
598
603
616
638
663
690
697
708
713
728
720
702
692
690
679
669
636
618
599
593
575
554
549
543
537
531
503
503
500
507
496
489
492
503
514
518
511
516
517
524
513
506
511
521
535
538
534
542
557
572
571
579
599
622
653
669
691
720
752
773
778
785
797
807
817
802
797
788
793
773
739
710
684
652
624
574
536
498
477
443
416
407
416
428
447
442
457
470
495
504
519
544
569
590
598
589
595
601
612
603
597
602
608
611
596
568
544
520
492
448
419
410
407
414
409
416
435
466
491
503
515
529
540
552
542
547
548
566
565
558
561
570
573
575
550
535
518
516
497
481
481
497
509
524
517
535
545
566
565
564
578
595
621
636
638
651
669
686
682
676
678
673
660
623
567
509
454
402
341
297
272
256
251
235
227
229
243
255
260
271
291
311
333
329
339
342
357
350
336
331
332
329
327
305
303
306
331
344
361
398
448
496
542
562
591
613
636
638
640
645
648
647
635
604
584
561
542
506
477
461
451
446
433
420
418
427
437
434
442
459
474
489
485
480
481
488
490
484
480
482
479
477
444
428
407
407
391
376
379
398
426
460
475
503
523
558
568
575
591
610
620
623
600
587
572
565
538
522
518
515
514
499
464
446
428
424
401
385
385
392
404
407
409
424
449
471
477
486
498
500
500
480
458
444
440
427
405
394
396
398
404
385
387
390
415
428
442
466
494
515
533
521
518
501
498
467
431
405
383
356
330
290
268
254
255
247
251
271
299
329
349
352
364
372
378
363
354
357
362
369
359
349
348
360
368
364
368
380
389
396
386
378
377
387
389
382
382
395
405
420
405
407
406
421
423
424
432
443
445
443
408
387
353
334
291
250
223
205
187
169
138
122
111
109
94
81
76
74
73
66
55
68
90
129
149
178
219
262
309
336
353
369
387
392
381
374
375
382
393
389
387
393
410
417
413
416
425
427
429
400
384
363
351
322
290
267
254
241
233
199
189
174
178
162
148
151
164
181
197
198
212
228
249
252
258
273
291
313
331
343
370
402
438
458
483
517
550
583
598
614
636
665
682
680
680
682
680
676
654
633
611
597
564
522
493
477
456
438
392
358
321
292
248
204
171
152
136
126
90
76
52
41
9
-20
-35
-43
-48
-53
-70
-73
-74
-70
-86
-101
-104
-102
-98
-102
-112
-107
-94
-76
-70
-60
-35
-7
32
48
65
83
107
135
149
172
195
213
229
227
226
223
232
228
212
206
210
209
212
189
178
165
163
147
133
132
144
158
178
172
192
207
235
242
249
267
289
311
331
337
353
363
373
361
354
363
381
405
422
430
448
464
472
454
430
405
372
338
285
237
197
168
135
96
68
54
45
43
22
10
-4
-3
-16
-34
-39
-34
-34
-33
-57
-68
-78
-74
-84
-93
-90
-73
-58
-42
-52
-38
-26
0
8
18
35
56
78
94
97
114
132
158
162
167
176
185
191
181
164
158
159
162
151
146
149
148
147
127
111
96
90
86
72
70
77
81
99
94
113
130
166
187
206
239
282
321
367
391
426
454
485
489
479
473
469
454
433
384
357
329
315
291
277
278
288
302
307
293
289
282
276
243
208
176
142
105
52
-9
-60
-105
-148
-199
-232
-246
-253
-252
-267
-277
-277
-266
-258
-258
-251
-234
-215
-191
-193
-180
-170
-143
-134
-132
-118
-94
-69
-41
-33
-11
8
41
54
65
85
111
129
144
131
134
136
147
142
142
148
157
163
160
144
143
146
154
145
142
153
169
188
195
195
202
214
220
210
209
221
234
250
246
238
232
232
230
224
230
247
264
294
298
327
348
387
411
432
468
512
546
577
577
578
556
526
450
358
265
174
80
-8
-114
-200
-283
-357
-445
-523
-584
-633
-674
-716
-767
-799
-824
-837
-861
-875
-875
-873
-870
-881
-901
-915
-925
-940
-967
-983
-985
-986
-986
-1003
-1017
-1021
-1011
-999
-991
-971
-939
-906
-869
-860
-834
-815
-781
-767
-758
-745
-729
-717
-707
-722
-716
-713
-691
-689
-685
-666
-638
-614
-590
-583
-562
-538
-508
-493
-476
-452
-423
-398
-383
-384
-374
-366
-359
-373
-386
-390
-391
-390
-397
-401
-394
-378
-365
-357
-334
-296
-259
-222
-205
-192
-178
-164
-163
-174
-179
-172
-165
-153
-169
-162
-151
-129
-123
-132
-134
-143
-160
-176
-220
-236
-256
-256
-283
-305
-311
-301
-289
-279
-278
-257
-229
-193
-170
-145
-112
-79
-51
-36
-39
-31
-22
-9
-10
-2
18
37
52
46
33
23
19
10
-9
-15
-9
3
23
29
36
47
68
79
82
93
116
136
160
157
171
181
200
197
186
179
177
175
174
150
150
147
165
162
160
173
193
213
230
231
246
265
296
312
330
351
369
379
375
356
348
342
338
318
309
317
332
351
351
349
347
348
338
314
298
291
288
290
278
267
258
257
242
218
203
203
204
211
194
193
191
202
199
193
194
203
213
227
218
239
254
280
282
274
286
301
318
328
319
320
320
327
313
303
305
310
314
308
292
290
294
299
289
286
296
308
321
315
309
309
321
330
331
345
372
409
456
493
533
566
599
605
593
586
586
582
582
556
544
532
531
517
501
494
494
489
485
452
442
426
425
399
372
350
325
292
244
172
102
20
-67
-179
-293
-402
-512
-628
-764
-918
-1072
-1231
-1395
-1578
-1758
-1927
-2096
-2265
-2455
-2648
-2845
-3045
-3260
-3492
-3723
-3954
-4188
-4421
-4669
-4907
-5139
-5346
-5559
-5766
-5945
-6098
-6244
-6377
-6526
-6654
-6778
-6892
-7021
-7151
-7265
-7361
-7446
-7512
-7591
-7631
-7661
-7662
-7659
-7628
-7549
-7439
-7301
-7150
-7002
-6821
-6622
-6398
-6173
-5937
-5680
-5411
-5134
-4872
-4620
-4366
-4107
-3852
-3620
-3390
-3155
-2925
-2696
-2488
-2283
-2079
-1872
-1677
-1498
-1321
-1146
-979
-822
-697
-571
-451
-319
-209
-113
-13
89
179
261
312
365
412
467
502
532
570
617
662
713
739
788
830
879
904
929
961
997
1031
1057
1063
1076
1080
1081
1056
1031
1016
1006
998
980
956
942
933
922
895
876
868
861
858
838
820
809
806
797
776
762
756
753
756
737
731
723
733
726
716
722
739
755
775
774
787
801
828
837
844
863
895
923
954
957
978
995
1018
1022
1029
1044
1065
1088
1106
1103
1118
1126
1135
1117
1094
1084
1075
1075
1066
1053
1046
1047
1042
1025
1021
1029
1044
1069
1076
1086
1104
1130
1149
1156
1166
1181
1192
1201
1179
1167
1146
1138
1108
1071
1043
1018
990
966
924
899
878
875
853
829
817
813
806
802
777
773
773
784
780
781
793
810
828
840
838
853
869
889
888
890
903
920
937
942
941
948
960
968
963
968
983
997
1010
1006
1006
1014
1030
1041
1043
1048
1060
1068
1073
1047
1034
1015
1012
991
965
948
939
932
929
904
894
881
887
878
876
893
923
954
986
997
1021
1038
1054
1049
1043
1045
1049
1053
1052
1038
1034
1023
1009
971
935
909
883
865
837
806
791
780
776
762
760
767
772
782
775
768
759
753
741
717
695
680
662
649
610
593
579
586
584
584
598
621
644
668
667
678
676
686
669
649
639
633
620
600
553
516
479
451
409
376
358
349
347
345
338
350
365
384
383
384
392
396
400
387
373
367
369
366
350
345
349
352
358
350
341
339
341
333
315
302
298
290
288
258
244
226
225
213
202
205
219
233
246
228
223
205
198
165
132
112
99
85
68
38
22
9
5
-13
-25
-24
-18
-10
-11
-24
-25
-21
-10
-15
-16
-14
-21
-39
-86
-141
-196
-251
-310
-383
-446
-494
-548
-595
-654
-709
-749
-779
-810
-841
-848
-838
-824
-809
-821
-823
-831
-831
-852
-883
-913
-938
-964
-986
-1030
-1050
-1075
-1079
-1104
-1126
-1136
-1138
-1140
-1142
-1158
-1161
-1161
-1153
-1163
-1169
-1166
-1160
-1155
-1156
-1167
-1166
-1161
-1154
-1163
-1165
-1154
-1140
-1125
-1126
-1126
-1118
-1101
-1090
-1092
-1085
-1069
-1051
-1030
-1024
-1021
-1016
-1003
-1005
-1020
-1033
-1045
-1072
-1103
-1165
-1213
-1259
-1285
-1316
-1338
-1346
-1345
-1348
-1350
-1379
-1378
-1377
-1354
-1354
-1353
-1341
-1324
-1306
-1294
-1298
-1291
-1285
-1275
-1282
-1287
-1280
-1270
-1258
-1253
-1255
-1242
-1224
-1202
-1195
-1179
-1151
-1122
-1090
-1077
-1061
-1039
-1006
-978
-957
-926
-886
-852
-813
-795
-772
-749
-725
-715
-716
-702
-669
-638
-604
-594
-574
-554
-522
-510
-497
-475
-445
-420
-390
-387
-358
-332
-289
-264
-238
-201
-160
-120
-87
-70
-44
-22
5
12
22
40
63
86
98
102
120
145
170
180
201
237
278
322
345
365
384
407
420
420
427
446
466
488
488
492
493
505
497
481
479
490
502
520
514
517
515
518
501
480
468
465
458
452
422
418
411
418
407
398
399
404
410
411
401
410
420
436
433
431
437
442
446
437
422
420
426
436
434
442
463
487
516
527
540
557
581
596
598
603
615
627
638
626
622
615
622
612
595
590
596
589
589
560
549
544
554
547
541
546
561
578
594
589
613
639
674
688
700
715
730
743
751
746
756
764
778
776
782
800
820
836
834
815
798
780
757
722
699
693
693
699
685
673
667
670
668
654
642
637
632
632
611
604
596
607
603
593
595
604
608
610
588
577
564
564
545
526
518
520
518
516
491
487
482
483
467
451
443
439
436
428
410
410
417
432
434
441
461
482
502
505
500
505
515
524
518
519
531
540
552
544
538
537
540
538
528
526
539
557
584
587
603
612
635
635
627
633
650
669
691
689
707
725
754
764
761
767
782
789
804
795
807
825
865
895
935
977
1019
1050
1066
1060
1065
1069
1074
1056
1033
1006
967
911
829
736
654
585
520
448
393
356
322
294
257
230
219
221
223
218
221
235
248
266
258
269
274
296
302
304
319
343
368
396
404
428
448
484
498
511
536
565
589
610
611
626
641
663
669
676
689
704
715
711
689
676
664
655
629
607
595
585
575
551
524
506
495
483
462
456
465
478
494
493
491
497
513
525
530
544
572
602
642
657
692
726
776
811
837
865
895
919
937
925
923
911
914
888
844
806
761
701
635
543
469
405
357
309
270
248
241
240
236
226
228
234
243
233
229
238
251
263
256
240
227
220
208
183
171
173
179
191
193
200
217
245
267
284
313
355
393
434
447
477
504
545
570
589
612
638
658
674
661
666
662
673
659
642
636
633
626
616
594
585
578
580
568
563
569
579
588
588
578
584
596
609
600
593
594
595
594
575
556
547
551
552
541
540
546
551
555
539
520
502
490
462
420
381
351
320
300
259
241
227
232
229
227
234
250
263
277
264
273
276
295
292
290
302
323
344
361
358
365
371
384
388
390
409
429
452
468
470
476
481
482
463
453
455
459
472
469
465
466
476
475
456
438
424
408
397
375
362
358
371
375
372
377
389
391
391
365
353
345
354
353
354
365
384
400
418
408
422
431
455
457
463
482
506
528
544
541
545
546
550
531
511
499
488
470
438
396
369
351
338
312
297
301
317
346
365
390
423
464
493
501
509
515
513
503
467
430
390
363
323
278
246
227
208
196
165
155
150
162
162
160
166
177
182
186
160
156
146
153
143
140
151
170
189
202
200
211
224
244
247
256
272
286
299
303
292
296
297
299
293
291
309
324
343
342
346
351
364
370
369
370
377
382
386
366
349
331
331
319
310
325
360
400
449
478
518
556
601
623
630
633
630
611
587
528
489
443
404
343
280
226
177
131
84
30
-5
-33
-49
-78
-97
-99
-92
-78
-70
-69
-59
-45
-33
-39
-39
-29
-21
-8
-11
-8
2
24
45
60
85
118
153
191
208
237
263
303
321
329
343
359
367
373
358
353
345
346
327
305
293
294
290
284
250
237
220
214
193
173
159
146
134
119
99
101
110
130
134
147
172
203
233
248
252
261
263
260
238
216
202
179
155
117
82
62
47
29
5
-10
-13
-12
-7
-19
-15
-13
6
5
-1
1
11
16
20
3
3
4
20
19
19
31
56
78
104
109
133
159
194
215
239
271
305
335
351
343
337
321
303
265
234
217
204
190
162
129
109
98
87
59
38
27
15
7
-15
-31
-34
-24
-15
-12
0
21
40
59
51
61
67
91
96
94
98
103
100
94
67
56
46
55
44
32
30
36
37
36
10
-1
-11
-14
-33
-52
-61
-62
-59
-58
-68
-62
-53
-39
-45
-48
-41
-32
-20
-19
-19
-8
12
32
43
64
99
129
157
168
173
185
194
196
187
181
185
181
172
130
103
70
59
32
3
-10
-11
-9
1
-6
4
12
38
42
43
56
77
93
108
105
115
123
135
129
124
128
137
148
152
147
157
168
179
167
157
154
153
152
136
118
108
107
104
88
80
81
82
85
73
60
51
50
42
26
15
11
2
-3
-37
-51
-69
-69
-81
-92
-91
-81
-72
-65
-81
-79
-84
-74
-93
-120
-142
-167
-205
-254
-328
-394
-461
-525
-604
-671
-715
-741
-757
-774
-798
-809
-820
-831
-863
-889
-905
-918
-931
-957
-981
-996
-998
-1002
-1015
-1017
-1004
-988
-968
-962
-956
-944
-921
-909
-902
-887
-855
-833
-808
-815
-808
-797
-778
-771
-771
-763
-750
-734
-718
-728
-714
-702
-672
-665
-655
-632
-603
-578
-558
-556
-542
-528
-509
-511
-514
-511
-505
-500
-500
-504
-488
-464
-436
-425
-404
-369
-332
-295
-277
-260
-231
-183
-131
-79
-11
69
148
227
283
331
373
418
445
458
471
483
473
449
382
316
240
173
96
25
-25
-52
-63
-58
-73
-63
-59
-42
-54
-69
-73
-73
-72
-72
-85
-85
-80
-65
-66
-63
-53
-44
-40
-49
-69
-76
-76
-75
-88
-95
-89
-81
-66
-67
-64
-51
-23
6
29
62
105
148
195
224
252
274
302
307
296
290
291
286
287
261
258
263
281
290
297
310
340
363
391
385
399
403
423
422
423
435
453
468
474
464
464
465
470
455
440
433
429
426
412
391
383
379
372
349
331
324
317
307
275
239
204
174
138
96
64
45
35
34
21
21
26
47
51
46
53
73
91
117
123
145
168
202
221
237
260
292
319
348
346
367
381
406
407
403
405
410
415
415
400
396
392
392
372
354
343
334
323
301
274
263
263
268
267
284
320
360
405
432
462
497
542
583
617
656
701
744
784
801
824
842
868
866
844
817
782
729
665
569
479
381
291
178
53
-71
-186
-312
-434
-591
-734
-886
-1033
-1201
-1372
-1548
-1730
-1920
-2120
-2338
-2545
-2757
-2958
-3179
-3398
-3606
-3810
-4014
-4233
-4462
-4680
-4891
-5098
-5316
-5522
-5710
-5885
-6047
-6215
-6370
-6510
-6635
-6759
-6888
-7005
-7110
-7204
-7284
-7370
-7426
-7471
-7486
-7509
-7530
-7523
-7486
-7425
-7336
-7245
-7121
-6977
-6800
-6619
-6423
-6204
-5966
-5725
-5473
-5235
-4969
-4697
-4413
-4150
-3891
-3633
-3381
-3137
-2906
-2695
-2474
-2261
-2052
-1874
-1705
-1538
-1381
-1234
-1111
-1003
-894
-784
-678
-587
-486
-373
-261
-149
-60
26
111
196
268
326
385
448
511
577
616
664
703
753
776
787
803
822
836
851
844
850
852
866
859
847
841
839
830
821
791
776
769
770
763
757
756
758
757
757
739
736
728
729
713
710
718
724
735
737
733
739
754
767
768
777
797
818
842
849
854
863
877
886
889
897
916
934
956
951
967
982
1017
1031
1038
1054
1076
1097
1116
1113
1122
1126
1142
1133
1122
1122
1132
1138
1145
1129
1129
1130
1135
1121
1108
1099
1092
1086
1076
1059
1060
1070
1090
1098
1114
1140
1166
1192
1202
1205
1215
1231
1240
1230
1222
1220
1210
1191
1144
1088
1035
987
934
871
816
773
731
696
641
613
592
596
589
584
591
606
623
645
645
661
673
704
712
718
736
760
778
794
789
794
797
802
789
777
775
775
775
769
747
737
735
739
745
765
810
857
904
932
952
970
980
968
934
902
878
857
845
821
802
793
796
794
784
782
787
784
782
746
726
702
696
678
659
649
641
629
615
578
564
550
561
557
560
584
621
658
693
708
728
742
754
745
739
741
747
749
739
715
703
691
679
650
628
616
606
598
572
543
519
506
492
469
456
453
451
453
440
428
422
426
420
404
395
395
390
389
364
358
349
354
343
325
313
309
306
308
288
291
289
304
295
288
294
310
327
341
337
341
343
346
329
313
306
303
302
294
274
268
262
254
235
223
228
233
235
224
215
216
229
231
222
219
229
242
260
258
260
264
274
265
242
221
202
171
139
80
39
1
-23
-60
-101
-138
-169
-204
-237
-298
-336
-384
-416
-469
-517
-548
-567
-579
-590
-612
-621
-632
-639
-664
-683
-688
-684
-674
-670
-675
-669
-659
-645
-647
-644
-631
-618
-603
-608
-613
-614
-609
-612
-630
-643
-654
-669
-687
-729
-772
-816
-849
-893
-940
-968
-978
-984
-979
-993
-990
-986
-972
-974
-981
-980
-969
-958
-943
-959
-953
-956
-946
-959
-972
-975
-976
-978
-989
-1018
-1037
-1059
-1080
-1122
-1165
-1202
-1237
-1269
-1306
-1344
-1362
-1371
-1375
-1391
-1398
-1392
-1383
-1380
-1393
-1408
-1415
-1418
-1432
-1454
-1472
-1479
-1486
-1489
-1513
-1526
-1538
-1529
-1533
-1547
-1547
-1533
-1523
-1512
-1520
-1510
-1493
-1457
-1435
-1412
-1377
-1329
-1288
-1253
-1252
-1235
-1228
-1209
-1208
-1202
-1185
-1165
-1144
-1128
-1127
-1116
-1108
-1092
-1091
-1083
-1059
-1027
-994
-970
-952
-923
-892
-865
-855
-834
-801
-766
-729
-712
-695
-676
-652
-634
-625
-610
-587
-563
-537
-532
-514
-497
-458
-436
-420
-393
-357
-323
-285
-272
-251
-234
-206
-195
-184
-160
-121
-81
-37
-19
21
54
93
109
122
144
173
206
235
254
287
318
352
364
375
392
409
424
429
428
438
453
466
465
475
497
517
538
537
535
538
546
544
528
513
510
510
511
494
485
482
499
502
498
505
520
531
545
530
523
516
521
506
487
476
473
471
477
464
475
488
515
526
538
555
573
587
596
593
604
614
629
625
623
630
640
651
653
652
666
694
724
739
764
800
835
871
886
900
915
934
944
940
936
931
917
898
850
815
774
751
715
682
664
654
640
623
584
557
529
520
493
468
460
470
484
505
508
529
551
578
586
590
597
605
610
605
582
572
561
555
529
509
502
502
506
500
490
492
503
513
513
525
551
577
605
616
626
642
663
676
677
680
687
686
684
647
620
592
582
558
535
521
523
529
541
537
545
551
571
572
567
572
581
590
601
594
603
613
627
621
613
608
603
599
589
566
558
554
558
548
545
554
567
580
581
581
592
613
630
636
650
673
691
707
704
701
702
711
713
708
710
722
730
742
723
722
712
711
684
645
617
600
587
581
556
553
546
557
543
527
525
532
543
564
577
608
641
675
684
687
686
680
665
637
595
567
542
521
487
462
451
446
445
428
411
403
410
415
410
414
427
438
453
450
447
450
461
466
467
481
509
535
569
578
604
626
657
667
671
673
688
697
710
698
697
693
705
699
702
720
743
766
790
801
825
844
867
864
852
836
817
791
753
700
658
619
589
553
535
537
545
555
546
532
518
506
480
432
390
359
332
313
289
275
274
289
300
307
327
361
391
423
425
440
448
466
466
461
463
473
482
494
478
483
479
493
484
476
479
487
494
498
486
487
488
491
471
453
444
440
436
426
408
403
403
405
394
392
406
423
444
448
451
457
468
467
448
435
428
420
415
393
375
361
360
348
329
323
328
328
330
307
303
301
315
322
333
353
379
400
423
417
432
441
467
474
483
491
502
501
496
477
467
454
447
423
403
394
381
366
349
327
321
320
321
306
299
306
317
332
333
336
345
364
379
386
403
432
465
504
526
551
570
596
599
591
591
600
603
606
581
566
548
541
518
490
468
455
439
426
386
371
350
343
316
291
278
275
277
278
262
258
254
258
246
242
253
270
287
291
285
287
290
290
276
272
281
294
310
310
310
313
319
317
301
290
285
284
285
266
258
250
259
254
243
245
254
260
273
265
270
275
294
299
299
305
318
326
333
312
308
297
302
289
278
277
279
278
275
258
250
242
226
189
158
140
140
143
141
130
135
144
156
152
161
183
205
228
227
221
213
207
190
157
130
112
100
101
90
99
110
142
157
165
187
217
245
276
286
309
330
359
364
357
350
343
326
311
272
254
234
226
200
181
175
179
188
195
188
194
198
207
196
187
184
181
176
159
138
129
128
128
115
110
119
131
150
152
157
167
184
192
190
194
205
214
223
206
202
194
201
189
167
155
150
144
146
135
142
152
179
188
195
210
229
239
246
230
236
244
263
267
274
287
299
304
298
275
264
255
247
231
222
228
242
253
253
249
251
262
262
240
222
212
197
180
133
86
44
11
-28
-70
-99
-108
-104
-88
-92
-74
-56
-17
5
25
55
87
113
136
134
143
146
163
156
148
151
162
168
172
152
145
138
140
131
129
142
164
188
205
204
212
215
221
207
197
197
204
217
221
220
224
231
232
217
210
216
222
233
229
229
237
251
257
251
246
244
236
227
187
165
140
135
116
97
88
83
75
67
35
18
-2
-3
-25
-46
-49
-38
-24
-6
-2
19
45
80
101
126
159
196
232
260
272
296
318
339
338
338
345
350
351
337
321
310
308
284
245
209
188
176
169
148
132
129
139
148
141
135
139
138
136
103
86
67
69
59
51
56
71
86
103
95
104
106
126
124
126
144
169
189
206
203
207
205
203
182
166
163
168
177
182
179
195
218
249
269
301
350
403
456
489
516
543
569
581
571
559
547
529
509
470
434
404
387
365
334
306
286
260
243
201
176
147
130
95
52
12
-26
-70
-117
-193
-250
-313
-358
-420
-474
-504
-517
-522
-524
-542
-556
-575
-593
-628
-656
-673
-686
-700
-725
-760
-784
-804
-823
-857
-884
-895
-902
-904
-916
-919
-910
-890
-875
-875
-872
-861
-846
-833
-832
-833
-828
-802
-787
-772
-754
-727
-705
-673
-668
-642
-612
-557
-509
-456
-391
-318
-246
-179
-144
-96
-66
-31
-34
-54
-82
-120
-169
-228
-303
-367
-428
-480
-548
-610
-657
-694
-725
-757
-794
-809
-814
-807
-812
-804
-782
-754
-720
-699
-675
-643
-600
-562
-534
-497
-451
-406
-363
-342
-321
-297
-261
-236
-217
-186
-145
-110
-71
-57
-33
-18
2
2
-2
3
17
27
36
19
28
30
47
47
54
72
95
118
137
139
154
168
186
182
178
182
190
195
188
172
172
182
199
204
224
259
294
330
346
362
381
408
428
436
448
463
470
470
447
417
382
360
321
279
240
207
170
133
81
41
0
-24
-55
-79
-87
-83
-72
-55
-63
-49
-38
-12
-7
-1
13
33
55
72
72
80
85
93
80
73
79
90
101
99
91
97
113
133
138
151
177
205
240
261
285
313
344
364
369
376
388
398
405
386
369
345
338
315
292
285
293
300
310
293
283
271
272
259
247
247
259
269
283
271
282
290
308
305
303
309
319
331
338
333
342
352
366
360
358
365
372
378
373
361
363
373
382
375
374
379
381
383
367
356
354
365
376
380
392
411
427
442
432
431
423
428
411
389
379
381
385
391
382
375
363
355
324
296
280
266
242
211
149
103
47
-8
-81
-159
-242
-330
-424
-529
-656
-776
-900
-1024
-1173
-1330
-1490
-1660
-1842
-2050
-2275
-2496
-2710
-2921
-3140
-3344
-3530
-3714
-3893
-4092
-4289
-4477
-4651
-4820
-4992
-5152
-5299
-5442
-5577
-5733
-5870
-6009
-6126
-6262
-6401
-6523
-6629
-6721
-6793
-6866
-6908
-6933
-6926
-6922
-6902
-6851
-6771
-6672
-6547
-6421
-6256
-6072
-5862
-5652
-5422
-5166
-4894
-4614
-4338
-4075
-3801
-3530
-3262
-3021
-2789
-2561
-2346
-2146
-1975
-1821
-1664
-1502
-1347
-1213
-1077
-941
-815
-699
-614
-539
-469
-401
-343
-300
-254
-201
-151
-96
-67
-18
28
92
138
179
230
284
331
376
396
430
455
495
510
526
547
576
597
618
630
657
691
726
743
759
785
811
834
851
862
885
909
941
957
980
1011
1041
1068
1074
1072
1076
1086
1091
1081
1077
1083
1088
1097
1089
1081
1081
1087
1085
1072
1064
1065
1064
1067
1037
1017
985
963
919
869
827
792
761
737
694
674
653
651
625
597
581
573
564
557
538
540
548
561
557
556
563
573
582
583
572
579
592
613
617
628
647
669
692
703
712
728
752
771
777
794
822
849
879
890
898
910
931
946
952
963
979
987
993
965
950
926
916
887
852
824
805
787
774
740
731
726
746
746
751
775
814
852
893
920
955
992
1027
1034
1043
1049
1056
1050
1020
966
914
857
800
722
655
606
565
530
484
443
410
391
368
335
313
308
310
319
317
319
327
347
358
363
381
413
445
484
498
528
553
584
593
596
604
618
632
649
639
648
650
670
666
663
669
677
680
678
657
647
638
640
629
622
623
624
621
603
571
548
526
507
474
449
439
435
438
431
428
435
456
474
484
510
551
596
646
681
713
738
761
761
744
727
712
685
657
598
554
510
479
435
391
358
333
309
293
254
241
225
228
211
199
201
208
212
211
193
187
184
187
174
173
183
203
218
220
208
203
204
205
186
174
175
178
186
173
155
143
139
127
105
93
88
86
83
60
37
13
0
-26
-53
-61
-54
-46
-33
-43
-38
-33
-17
-18
-24
-24
-19
-19
-17
-44
-48
-57
-44
-46
-43
-29
-12
3
10
-2
-11
-28
-50
-98
-147
-189
-230
-275
-332
-402
-463
-519
-575
-644
-704
-753
-798
-836
-889
-939
-982
-1011
-1043
-1083
-1113
-1131
-1140
-1139
-1154
-1160
-1167
-1162
-1173
-1190
-1196
-1194
-1200
-1204
-1230
-1242
-1251
-1246
-1254
-1260
-1253
-1235
-1221
-1206
-1220
-1213
-1211
-1194
-1195
-1191
-1173
-1148
-1120
-1097
-1092
-1079
-1075
-1071
-1091
-1111
-1126
-1143
-1162
-1201
-1248
-1288
-1315
-1344
-1383
-1408
-1421
-1422
-1420
-1436
-1456
-1477
-1497
-1524
-1560
-1589
-1604
-1610
-1611
-1628
-1630
-1633
-1619
-1623
-1632
-1629
-1617
-1608
-1597
-1610
-1614
-1619
-1613
-1624
-1634
-1631
-1613
-1593
-1566
-1562
-1534
-1510
-1475
-1460
-1443
-1419
-1388
-1357
-1331
-1320
-1295
-1269
-1236
-1224
-1209
-1185
-1158
-1133
-1123
-1123
-1114
-1097
-1082
-1081
-1071
-1047
-1024
-997
-989
-975
-953
-921
-892
-874
-853
-828
-804
-779
-777
-761
-748
-715
-696
-679
-646
-603
-561
-510
-476
-425
-373
-309
-267
-235
-202
-171
-149
-126
-127
-109
-92
-67
-57
-45
-28
-12
-1
0
-15
-18
-22
-21
-39
-53
-55
-51
-44
-47
-52
-43
-23
-3
2
12
31
52
73
73
72
70
83
88
91
96
110
127
152
158
181
201
242
264
281
310
345
378
410
421
443
463
500
520
539
567
600
624
641
631
630
627
628
612
599
593
591
588
580
562
562
564
568
548
530
521
515
512
497
478
472
478
484
475
476
488
499
513
510
507
511
525
538
544
558
584
610
638
638
655
666
692
698
697
707
725
741
760
754
760
760
775
766
755
753
754
745
732
700
687
677
677
667
667
679
695
708
708
688
676
659
643
606
574
551
533
520
499
481
477
484
491
485
487
497
504
507
489
465
446
444
437
429
426
431
439
454
445
461
469
496
510
526
554
592
630
678
709
758
802
860
889
907
927
940
933
906
844
782
715
656
585
523
477
443
418
393
362
351
346
344
324
313
317
326
339
338
334
337
351
360
354
355
361
364
364
344
320
301
291
276
257
252
264
280
308
309
326
338
364
375
384
402
428
451
470
457
459
454
467
459
451
458
472
484
495
489
491
493
497
482
469
466
466
468
463
448
450
459
474
474
481
501
526
555
567
575
586
601
601
580
560
545
530
519
496
474
457
452
439
420
415
417
424
434
421
418
404
405
387
374
372
380
386
395
377
383
382
394
383
374
375
378
379
376
356
349
346
354
349
353
370
390
411
425
429
444
461
475
468
461
459
456
452
428
401
376
358
336
305
285
274
265
263
251
248
253
274
288
300
327
372
415
463
482
510
530
555
560
559
565
577
587
602
591
605
610
627
616
601
595
591
584
573
548
537
528
527
508
491
481
469
455
430
397
381
375
375
361
357
366
381
402
408
416
426
441
441
424
410
401
393
385
359
337
316
313
296
274
267
273
277
286
273
277
281
292
285
279
280
284
288
283
255
248
239
243
227
216
221
236
253
271
281
309
342
384
409
437
472
507
536
548
548
554
560
561
542
530
526
522
519
494
465
435
409
375
334
300
276
256
238
201
175
153
151
137
120
120
134
148
167
162
167
168
179
170
156
149
152
158
174
173
201
228
264
274
277
282
283
280
269
242
229
222
223
208
199
201
210
223
223
212
207
207
208
198
198
212
226
242
237
230
226
229
227
216
213
219
230
245
237
240
237
251
246
232
230
238
243
254
246
252
256
272
270
266
270
280
280
271
239
225
208
204
178
162
160
170
193
211
220
246
276
307
314
313
321
325
327
312
287
267
254
241
214
196
193
190
189
170
154
143
142
141
136
142
160
182
211
217
237
251
279
284
277
277
282
285
292
278
276
271
281
272
261
261
269
273
276
253
244
232
228
212
203
208
220
234
242
237
247
257
273
269
271
285
300
316
317
311
313
321
322
304
292
291
290
293
281
273
273
281
285
281
284
296
307
322
314
326
331
350
345
332
325
322
312
298
257
225
188
167
127
89
68
60
52
49
30
30
31
39
21
9
2
4
9
6
1
14
37
69
81
93
112
130
146
148
135
132
137
137
120
112
113
111
113
96
80
70
68
59
42
33
35
35
42
24
27
28
51
63
78
106
144
183
225
244
277
301
335
341
340
345
350
345
332
298
281
272
277
271
271
281
295
305
303
282
271
258
246
214
187
172
158
146
121
93
77
73
70
58
59
74
88
99
89
74
64
58
43
22
9
8
9
18
3
11
17
37
37
28
23
18
8
-5
-44
-64
-89
-96
-125
-153
-165
-170
-177
-184
-206
-210
-207
-190
-184
-169
-144
-114
-85
-67
-62
-47
-27
-3
-5
5
21
48
80
98
109
123
142
152
151
155
169
191
219
233
250
273
305
325
331
339
350
355
362
340
333
321
316
291
264
251
248
247
248
227
230
233
255
251
244
244
245
241
236
219
219
222
234
232
236
253
277
301
312
305
304
298
288
255
227
212
199
188
159
127
97
75
48
9
-25
-50
-72
-91
-125
-158
-186
-201
-224
-250
-264
-267
-274
-278
-310
-329
-351
-361
-384
-406
-416
-419
-424
-427
-457
-466
-483
-483
-507
-533
-550
-565
-584
-611
-656
-690
-723
-750
-795
-836
-862
-879
-890
-903
-920
-921
-914
-901
-901
-896
-883
-864
-844
-842
-838
-834
-818
-805
-803
-786
-767
-746
-724
-715
-708
-698
-679
-672
-676
-670
-654
-640
-620
-624
-611
-595
-566
-549
-532
-506
-470
-437
-403
-398
-372
-356
-328
-322
-316
-305
-295
-288
-287
-301
-305
-312
-316
-336
-348
-341
-324
-303
-292
-296
-295
-296
-296
-311
-313
-302
-286
-267
-266
-266
-264
-254
-253
-264
-267
-259
-245
-224
-217
-198
-173
-129
-97
-71
-29
22
67
112
128
151
172
207
230
252
283
321
352
379
369
373
361
357
329
301
284
270
255
232
192
163
134
112
76
50
41
42
48
48
39
41
46
48
36
32
42
54
67
61
60
56
67
70
63
63
63
70
86
94
126
159
211
249
281
323
373
411
448
456
469
475
492
487
474
467
463
449
430
381
351
316
296
263
237
224
220
219
212
186
168
152
149
134
132
148
172
196
205
199
200
208
219
222
237
268
302
339
352
361
366
372
369
352
338
331
321
310
275
255
236
239
227
213
213
221
226
233
219
218
216
228
225
224
236
260
282
306
303
317
325
339
333
330
340
361
390
418
434
464
492
523
530
537
549
559
565
554
534
522
512
497
463
437
424
416
416
405
403
414
438
458
470
488
511
531
547
531
525
492
465
398
313
227
132
19
-104
-255
-399
-545
-683
-844
-1005
-1152
-1291
-1433
-1579
-1756
-1925
-2101
-2273
-2464
-2652
-2832
-3010
-3189
-3377
-3583
-3779
-3982
-4183
-4404
-4615
-4809
-4994
-5173
-5359
-5544
-5714
-5873
-6035
-6210
-6375
-6526
-6671
-6807
-6953
-7092
-7215
-7317
-7408
-7492
-7555
-7592
-7617
-7624
-7641
-7618
-7573
-7484
-7388
-7272
-7125
-6949
-6752
-6532
-6315
-6068
-5813
-5533
-5264
-4989
-4698
-4400
-4116
-3843
-3604
-3361
-3127
-2891
-2675
-2459
-2243
-2033
-1835
-1655
-1501
-1343
-1194
-1051
-935
-822
-707
-597
-493
-408
-328
-244
-158
-83
-28
28
89
145
202
241
281
329
385
436
478
528
586
638
690
710
744
770
808
823
836
859
882
903
916
904
911
910
931
923
913
913
926
932
937
922
923
922
923
906
890
882
880
882
877
859
853
850
850
835
828
834
845
859
860
863
879
908
935
948
969
1000
1031
1062
1076
1087
1101
1119
1127
1122
1118
1119
1116
1117
1088
1076
1056
1051
1030
1009
1002
1010
1023
1042
1038
1051
1054
1071
1062
1052
1055
1063
1069
1074
1063
1064
1064
1068
1053
1038
1031
1029
1029
1022
1003
1000
1001
1008
1000
999
1008
1019
1030
1025
1017
1016
1026
1034
1033
1044
1066
1090
1118
1131
1143
1155
1169
1168
1151
1135
1122
1096
1067
1004
951
893
849
796
749
720
707
701
694
670
672
669
694
691
689
703
720
739
750
744
752
763
781
782
782
795
810
822
820
803
797
791
788
768
756
761
774
793
800
813
836
873
904
922
945
973
998
1020
1020
1014
1005
1002
983
954
936
931
924
923
901
899
899
911
905
892
880
873
864
859
830
823
809
811
789
766
757
757
761
764
750
743
730
721
694
669
653
641
630
609
580
562
551
547
529
518
518
517
516
496
476
463
461
459
450
453
468
487
505
503
500
495
503
499
494
509
542
575
610
614
626
630
639
628
609
595
588
581
580
553
551
543
554
541
527
522
516
514
499
469
445
416
391
340
282
229
181
139
97
55
30
18
11
-11
-22
-19
-17
-15
-35
-55
-73
-79
-87
-98
-98
-86
-71
-56
-63
-69
-79
-75
-86
-105
-113
-110
-110
-105
-121
-124
-128
-124
-135
-148
-153
-148
-149
-149
-179
-188
-202
-202
-223
-241
-251
-260
-274
-297
-337
-361
-381
-393
-423
-447
-460
-470
-482
-508
-544
-570
-591
-613
-652
-683
-705
-729
-751
-793
-830
-859
-874
-892
-917
-934
-944
-953
-964
-997
-1021
-1046
-1053
-1076
-1103
-1113
-1108
-1103
-1092
-1101
-1097
-1090
-1068
-1062
-1060
-1052
-1036
-1027
-1018
-1038
-1036
-1039
-1031
-1043
-1054
-1058
-1060
-1062
-1066
-1087
-1093
-1099
-1094
-1113
-1121
-1117
-1109
-1094
-1096
-1105
-1113
-1118
-1127
-1145
-1157
-1159
-1161
-1155
-1169
-1179
-1180
-1170
-1163
-1164
-1158
-1143
-1125
-1102
-1103
-1095
-1099
-1095
-1116
-1150
-1174
-1191
-1208
-1219
-1245
-1251
-1253
-1240
-1242
-1243
-1232
-1211
-1195
-1179
-1191
-1185
-1180
-1164
-1161
-1149
-1124
-1092
-1058
-1031
-1018
-991
-961
-925
-904
-872
-825
-770
-715
-675
-648
-618
-588
-568
-566
-555
-527
-494
-459
-444
-429
-412
-391
-377
-374
-367
-350
-330
-303
-301
-283
-269
-235
-218
-206
-180
-146
-112
-74
-54
-16
22
77
110
142
185
233
273
308
313
328
333
339
324
310
303
297
288
267
230
205
185
175
154
147
155
175
203
214
218
223
227
232
218
222
236
250
269
275
286
304
326
345
354
369
394
421
457
469
502
527
565
582
591
607
624
638
654
649
661
668
692
694
691
696
701
693
678
642
623
612
619
622
637
664
698
731
754
762
782
802
827
837
855
887
920
951
963
968
976
984
979
948
913
879
834
787
721
656
600
552
501
448
410
392
380
378
353
349
340
347
337
324
322
330
338
348
333
336
334
349
344
341
352
370
385
400
401
420
446
483
509
542
588
638
687
724
747
782
814
846
859
877
908
942
977
990
994
991
985
970
932
903
869
825
781
722
672
628
586
531
468
416
382
351
331
299
295
294
311
314
316
331
355
381
411
419
450
474
516
533
547
569
594
610
614
593
580
563
549
518
492
480
476
477
472
462
470
486
507
511
519
537
553
567
562
556
554
561
562
550
546
550
555
564
562
565
579
606
624
631
645
663
671
676
648
632
610
599
571
540
517
501
483
471
439
438
439
464
469
479
504
540
576
608
625
651
676
704
714
725
746
770
794
810
815
835
857
876
871
864
860
856
854
836
817
801
790
768
730
699
679
657
641
610
591
575
572
560
538
535
541
545
545
516
496
474
459
427
396
379
371
363
358
327
322
316
336
342
355
383
418
453
485
499
519
531
541
526
511
506
508
512
507
492
486
478
467
435
411
399
390
386
366
349
341
342
337
318
306
300
295
291
270
255
242
245
238
227
228
241
249
260
247
247
250
267
273
276
285
298
306
314
293
293
289
303
301
306
326
354
386
414
426
445
456
463
442
416
395
376
361
338
310
298
294
292
277
272
283
298
318
321
328
339
359
373
375
382
394
406
418
412
418
427
456
463
460
471
487
495
501
474
463
444
440
416
389
373
366
359
350
312
301
288
290
279
278
292
314
337
352
350
356
359
363
341
321
310
300
291
274
253
247
246
243
221
205
198
188
180
156
139
135
147
158
165
181
205
230
256
260
274
283
309
316
314
320
330
332
329
298
276
250
238
215
199
199
213
226
238
221
223
220
226
216
212
224
246
270
286
286
298
310
325
316
307
304
303
303
293
278
274
276
278
266
261
266
269
270
250
231
217
213
207
195
189
192
193
194
168
157
142
147
137
126
130
148
171
201
213
244
270
312
330
342
367
400
433
466
466
481
491
507
501
490
477
467
455
436
404
389
377
370
345
327
324
332
344
349
351
368
391
407
403
402
406
405
403
381
360
348
347
347
341
343
353
362
373
354
349
336
341
330
319
324
339
358
378
375
384
388
408
407
405
417
436
448
451
419
392
355
319
265
216
179
150
128
106
78
73
76
89
87
92
110
129
150
159
166
183
207
223
222
224
233
240
251
242
232
225
224
217
201
191
190
189
194
173
171
163
170
159
145
144
155
168
186
188
207
221
248
250
237
235
229
219
207
175
166
158
166
163
168
181
203
225
247
254
267
281
297
288
276
268
254
232
193
150
117
98
81
57
47
51
60
73
71
66
65
65
55
33
21
26
33
46
33
41
52
84
99
110
126
145
159
170
153
146
125
116
82
49
34
30
31
35
26
34
45
65
69
77
95
118
142
158
160
174
189
207
208
216
233
252
272
278
284
297
320
337
343
357
376
390
403
395
384
376
378
371
359
357
369
380
398
386
390
385
386
361
324
289
261
235
220
189
186
181
194
183
171
172
178
182
183
168
166
164
174
168
165
174
180
192
190
174
167
161
159
145
143
151
165
186
194
200
210
226
232
224
224
232
240
252
248
243
243
255
256
250
255
271
279
291
275
272
270
284
288
290
300
315
326
337
321
331
336
357
353
349
358
372
385
391
379
373
364
357
328
299
275
255
235
207
173
157
152
156
154
165
192
224
258
274
288
305
327
342
344
350
359
363
364
343
320
292
270
226
166
111
64
10
-38
-108
-161
-214
-255
-309
-363
-405
-437
-470
-498
-551
-580
-612
-627
-663
-701
-733
-765
-802
-843
-896
-932
-962
-978
-1006
-1023
-1026
-1027
-1017
-1018
-1026
-1023
-1021
-1011
-1012
-997
-963
-931
-893
-874
-851
-830
-801
-786
-779
-767
-747
-724
-696
-684
-666
-648
-617
-600
-590
-568
-537
-508
-475
-465
-442
-416
-373
-341
-307
-265
-219
-186
-163
-182
-189
-209
-222
-258
-296
-328
-357
-385
-414
-452
-472
-486
-488
-504
-510
-501
-484
-463
-450
-444
-427
-406
-384
-375
-353
-316
-271
-220
-185
-149
-111
-69
-37
-19
2
27
52
75
76
84
89
109
110
104
113
131
146
165
162
170
177
196
199
199
205
217
225
235
216
219
216
226
216
210
212
217
224
230
228
245
265
292
299
309
329
351
372
378
373
376
374
373
350
340
343
339
341
321
304
292
283
265
238
218
211
207
201
174
162
147
150
136
115
107
111
114
123
113
119
129
156
169
183
211
251
287
322
328
347
358
374
367
358
353
345
332
307
267
241
218
208
192
194
218
252
290
316
331
349
361
364
345
327
317
308
305
288
276
274
279
277
261
247
240
236
238
220
218
216
233
232
228
236
251
263
276
271
280
290
315
320
320
327
338
340
338
310
300
287
282
261
247
244
248
254
257
250
261
276
298
303
313
334
355
375
376
367
365
368
371
364
367
382
394
409
404
404
413
425
434
421
414
412
404
391
345
308
262
233
182
123
71
15
-55
-135
-248
-356
-474
-580
-712
-851
-984
-1117
-1262
-1417
-1601
-1777
-1962
-2146
-2353
-2560
-2762
-2962
-3163
-3373
-3598
-3813
-4031
-4247
-4480
-4703
-4910
-5109
-5304
-5509
-5712
-5896
-6060
-6221
-6389
-6542
-6677
-6806
-6924
-7053
-7172
-7273
-7351
-7417
-7472
-7503
-7509
-7501
-7476
-7463
-7409
-7334
-7220
-7103
-6973
-6818
-6644
-6457
-6256
-6067
-5852
-5635
-5391
-5160
-4925
-4673
-4412
-4155
-3902
-3670
-3429
-3189
-2946
-2726
-2510
-2296
-2091
-1901
-1733
-1590
-1442
-1297
-1150
-1023
-892
-754
-622
-495
-387
-282
-173
-61
38
115
190
262
318
366
391
415
444
483
514
533
565
608
645
685
683
698
711
738
754
761
775
795
820
846
848
865
878
909
922
937
970
1014
1060
1105
1129
1159
1184
1209
1209
1207
1207
1203
1195
1172
1132
1097
1062
1029
980
939
912
892
880
859
841
833
840
844
840
849
872
899
931
949
968
989
1014
1023
1022
1026
1041
1050
1062
1048
1055
1061
1085
1097
1109
1129
1151
1167
1181
1167
1174
1173
1186
1171
1151
1141
1133
1123
1109
1081
1064
1049
1039
1011
988
977
975
977
975
965
971
986
1009
1019
1038
1065
1091
1113
1114
1114
1118
1132
1139
1134
1139
1154
1166
1177
1166
1149
1133
1128
1112
1092
1089
1100
1103
1105
1067
1046
1020
1009
989
961
947
939
929
925
889
872
849
847
827
813
806
808
811
814
807
817
830
851
856
866
886
909
930
937
930
934
942
956
956
968
992
1014
1035
1035
1031
1030
1034
1029
1011
999
989
974
958
925
899
880
879
869
852
849
857
863
871
851
844
838
847
845
842
848
863
872
882
862
862
853
858
839
820
810
806
804
801
788
793
804
825
828
834
845
854
856
842
817
802
791
778
750
728
716
703
691
661
638
626
625
619
601
589
584
580
581
567
562
554
561
555
547
557
580
596
610
594
587
577
579
566
550
542
543
541
543
507
493
465
451
421
393
373
358
347
336
321
322
330
355
367
386
418
454
485
498
495
494
488
476
443
416
401
390
384
361
344
335
334
323
295
267
241
213
186
139
103
69
57
35
13
6
9
8
12
-6
-11
-18
-13
-27
-44
-53
-55
-63
-73
-119
-151
-196
-234
-293
-349
-393
-430
-461
-493
-531
-550
-564
-572
-596
-616
-623
-625
-622
-628
-638
-633
-621
-608
-609
-603
-592
-587
-586
-609
-632
-651
-665
-684
-715
-741
-760
-777
-792
-829
-851
-873
-874
-888
-901
-897
-879
-859
-834
-829
-814
-803
-787
-797
-816
-827
-830
-840
-852
-892
-918
-954
-980
-1022
-1067
-1104
-1144
-1182
-1214
-1254
-1264
-1271
-1264
-1270
-1268
-1259
-1248
-1239
-1237
-1239
-1228
-1208
-1188
-1182
-1169
-1145
-1123
-1101
-1104
-1111
-1119
-1122
-1129
-1142
-1145
-1137
-1129
-1117
-1131
-1132
-1141
-1139
-1163
-1197
-1221
-1236
-1251
-1260
-1287
-1296
-1300
-1282
-1275
-1264
-1239
-1204
-1173
-1141
-1134
-1114
-1098
-1079
-1077
-1073
-1063
-1049
-1033
-1020
-1014
-988
-955
-913
-887
-857
-817
-775
-735
-711
-692
-664
-625
-585
-557
-520
-472
-424
-372
-339
-307
-271
-230
-196
-173
-149
-117
-86
-49
-38
-8
15
50
65
74
95
123
149
174
171
174
162
157
127
99
87
90
94
103
96
106
120
145
158
179
214
248
287
315
324
346
361
382
390
403
430
450
461
458
453
456
470
479
479
488
506
521
537
532
520
509
503
494
483
487
506
528
561
570
598
623
660
677
691
717
751
784
818
824
841
843
854
835
811
798
791
782
776
759
762
772
792
797
801
811
821
827
820
798
787
777
772
752
738
734
728
719
691
659
636
625
615
597
593
600
608
620
619
619
626
645
662
676
702
745
787
834
849
875
890
911
911
902
897
892
881
864
821
792
755
735
691
649
623
609
599
593
577
579
583
599
601
610
630
655
682
699
702
717
733
750
751
754
772
781
789
776
764
762
768
764
746
736
739
751
768
773
787
809
840
857
860
864
875
878
886
865
862
854
858
840
814
787
761
729
698
644
615
582
569
537
511
500
497
496
498
490
498
513
540
556
582
620
665
711
745
764
792
821
851
858
865
872
868
853
810
760
712
675
635
593
572
575
594
626
650
681
717
766
802
829
862
901
927
947
932
925
912
907
885
858
837
820
797
774
724
700
675
672
650
632
623
611
591
557
503
459
416
385
340
306
286
275
267
252
233
232
239
251
250
260
287
321
357
379
406
444
483
515
528
542
567
585
608
606
607
603
616
609
592
585
592
593
597
582
587
597
620
629
632
638
645
645
643
612
603
585
581
559
545
547
558
571
579
574
584
595
616
623
638
663
689
711
719
714
716
718
718
696
675
662
649
639
610
583
559
543
521
490
468
457
454
458
448
446
442
452
442
421
407
401
390
384
357
345
335
341
337
338
355
384
411
441
444
469
487
513
517
519
529
537
540
532
504
484
459
440
403
376
366
368
377
379
376
388
409
433
446
468
500
532
561
564
559
552
547
535
511
498
496
493
496
475
464
459
470
471
460
455
452
441
427
388
359
330
315
285
258
245
245
245
252
236
244
250
271
274
279
296
318
338
349
342
344
342
344
327
317
320
331
347
352
352
360
373
386
387
401
429
458
488
497
506
516
527
528
517
508
509
510
511
485
471
454
454
435
412
403
406
410
421
417
430
446
479
493
501
512
521
515
503
462
438
412
398
371
351
344
346
356
364
358
362
358
351
322
297
281
271
261
242
218
206
202
198
183
178
188
199
212
208
208
217
234
245
245
247
255
262
272
253
248
239
243
236
218
214
222
231
252
256
270
282
307
310
310
318
328
333
333
308
298
290
293
287
290
304
323
342
352
347
354
360
369
357
350
356
368
386
396
403
418
436
444
430
418
408
388
361
312
262
220
187
150
104
67
43
27
20
-8
-12
-14
3
2
-7
-7
-2
1
4
-19
-26
-37
-27
-32
-32
-14
16
46
76
88
113
139
173
191
210
234
262
286
299
295
301
305
308
291
279
280
285
289
279
269
269
279
283
273
271
280
289
303
299
296
298
307
309
303
304
314
322
332
312
305
288
281
257
229
205
188
168
156
118
102
83
84
74
67
79
94
106
113
104
100
89
79
54
33
19
12
7
-2
-19
-21
-18
-9
-9
-1
16
28
35
20
-1
-18
-26
-35
-52
-55
-45
-33
-18
-15
-11
3
28
48
59
77
102
120
136
120
120
118
133
132
126
127
132
133
137
118
122
121
143
146
153
175
206
238
268
276
289
296
302
287
272
265
260
253
237
207
187
163
136
89
47
17
-9
-30
-62
-90
-108
-112
-117
-130
-129
-114
-95
-73
-67
-60
-49
-27
-16
-11
4
31
54
80
77
89
95
110
109
107
117
139
163
189
186
201
199
211
199
183
179
176
164
153
125
116
104
94
68
49
42
36
27
13
-8
-12
-9
-4
-16
-22
-15
-6
6
3
4
13
34
55
70
94
128
161
188
191
192
192
198
186
162
143
129
107
87
39
5
-29
-48
-79
-108
-128
-139
-152
-164
-201
-211
-224
-218
-231
-239
-236
-228
-220
-215
-218
-204
-185
-154
-137
-116
-85
-52
-19
1
10
31
57
84
95
111
137
160
179
174
167
162
165
162
148
140
139
136
132
108
87
64
55
29
-2
-18
-21
-28
-32
-62
-83
-107
-121
-150
-182
-208
-227
-252
-277
-331
-361
-395
-412
-447
-477
-496
-515
-540
-569
-617
-645
-672
-691
-725
-757
-776
-788
-804
-829
-862
-878
-888
-896
-924
-943
-954
-967
-981
-1016
-1049
-1073
-1083
-1090
-1097
-1088
-1068
-1043
-1014
-1006
-990
-976
-950
-940
-933
-910
-877
-847
-813
-801
-778
-754
-718
-700
-688
-668
-640
-616
-592
-600
-589
-584
-565
-564
-562
-553
-542
-533
-530
-539
-532
-520
-500
-497
-492
-478
-464
-450
-446
-450
-442
-429
-416
-415
-404
-380
-354
-326
-320
-314
-307
-294
-285
-284
-277
-262
-245
-224
-226
-219
-219
-203
-204
-209
-198
-176
-156
-132
-126
-104
-81
-47
-31
-17
8
40
64
86
77
84
84
88
71
55
46
40
35
24
2
-2
-2
2
-2
0
22
46
68
83
91
120
156
192
208
230
258
281
302
291
276
264
255
236
208
186
177
174
178
160
154
142
146
135
120
116
117
116
118
100
96
92
107
106
107
122
147
168
187
179
186
193
210
211
214
226
241
255
263
259
273
291
317
324
334
352
374
396
403
399
400
401
395
370
351
342
331
322
295
267
245
232
217
195
180
176
174
179
161
161
158
174
173
170
181
200
220
241
237
244
244
261
260
259
273
300
324
343
334
336
335
337
317
297
283
271
256
231
189
159
129
106
71
47
40
40
42
30
16
21
38
53
58
70
107
148
197
223
246
273
307
336
351
371
406
441
482
495
522
537
563
567
563
562
566
569
568
535
507
461
418
337
240
143
43
-72
-197
-350
-496
-648
-797
-964
-1128
-1285
-1438
-1592
-1756
-1936
-2109
-2281
-2448
-2628
-2800
-2959
-3120
-3286
-3475
-3678
-3883
-4087
-4302
-4530
-4741
-4937
-5130
-5315
-5509
-5694
-5863
-6016
-6170
-6325
-6468
-6592
-6709
-6809
-6925
-7013
-7094
-7148
-7204
-7252
-7282
-7296
-7297
-7279
-7263
-7205
-7128
-7010
-6893
-6757
-6588
-6395
-6187
-5962
-5737
-5483
-5214
-4926
-4644
-4351
-4047
-3744
-3453
-3185
-2948
-2715
-2500
-2299
-2132
-1974
-1819
-1673
-1535
-1424
-1323
-1223
-1118
-1021
-938
-851
-750
-652
-542
-442
-342
-229
-106
3
99
188
279
360
443
494
557
607
667
703
729
756
785
808
829
822
834
839
865
869
875
895
917
929
929
904
881
854
830
788
751
726
708
693
672
643
630
623
625
617
622
645
676
714
738
761
787
818
838
843
852
865
875
885
877
868
862
865
853
831
818
819
824
844
849
879
910
952
975
989
1007
1029
1049
1069
1061
1078
1087
1110
1101
1083
1070
1055
1032
1002
954
917
884
862
829
806
795
790
787
776
756
751
751
753
740
737
748
761
775
769
762
756
756
745
720
701
691
687
690
681
673
675
691
700
702
710
729
737
750
736
735
731
744
748
756
775
797
817
839
825
828
823
832
816
799
791
786
783
774
748
731
712
696
664
641
635
637
643
641
632
639
654
671
672
681
704
732
768
790
813
840
871
894
902
914
929
941
954
946
941
927
920
889
844
806
779
748
721
670
633
597
575
537
497
468
451
431
414
372
357
344
351
341
336
343
358
375
391
396
417
440
469
480
496
525
559
594
618
630
650
669
683
679
677
683
688
698
691
687
686
693
691
675
662
655
647
638
611
594
578
579
562
536
519
509
496
490
464
445
429
419
402
386
385
394
399
406
388
396
396
402
390
379
376
377
382
383
370
372
374
382
372
367
372
377
379
364
333
303
273
236
181
129
88
50
20
-21
-53
-72
-77
-81
-87
-77
-51
-20
13
20
33
33
41
26
4
-6
-7
-12
-17
-44
-61
-79
-83
-102
-118
-120
-113
-112
-113
-145
-162
-188
-213
-263
-315
-361
-403
-440
-476
-518
-540
-555
-557
-572
-579
-574
-565
-556
-563
-580
-588
-588
-589
-605
-616
-619
-626
-633
-660
-684
-698
-702
-711
-732
-748
-758
-771
-786
-830
-857
-888
-901
-931
-967
-992
-1011
-1032
-1052
-1092
-1115
-1137
-1146
-1168
-1187
-1194
-1187
-1191
-1191
-1213
-1218
-1219
-1220
-1241
-1262
-1271
-1278
-1281
-1291
-1309
-1313
-1316
-1313
-1329
-1342
-1347
-1352
-1358
-1374
-1390
-1390
-1380
-1371
-1373
-1364
-1344
-1325
-1305
-1307
-1312
-1315
-1313
-1317
-1332
-1343
-1344
-1347
-1348
-1375
-1383
-1391
-1377
-1377
-1375
-1361
-1340
-1324
-1311
-1328
-1337
-1352
-1354
-1376
-1395
-1396
-1384
-1376
-1369
-1384
-1382
-1378
-1363
-1361
-1352
-1329
-1297
-1259
-1220
-1186
-1129
-1066
-997
-949
-900
-845
-793
-747
-721
-705
-686
-664
-652
-655
-646
-620
-589
-554
-538
-525
-509
-486
-466
-452
-429
-397
-371
-348
-361
-361
-368
-358
-364
-372
-364
-347
-329
-310
-314
-300
-290
-262
-262
-271
-274
-269
-273
-269
-283
-279
-270
-261
-267
-268
-254
-225
-196
-174
-163
-138
-107
-68
-46
-11
37
90
143
183
219
259
303
332
340
351
370
388
407
411
416
431
460
486
506
533
569
598
628
626
639
644
659
652
638
632
632
633
638
617
616
607
612
587
559
539
524
503
481
445
424
406
395
369
350
342
340
339
331
314
319
338
371
393
424
468
513
556
580
601
624
655
678
683
692
703
707
710
693
675
663
666
665
660
668
685
693
700
674
661
644
643
627
611
603
605
607
615
598
605
605
623
619
615
625
642
658
672
670
676
683
693
683
674
672
678
676
674
657
657
663
667
650
636
631
626
628
613
601
601
612
616
609
610
623
639
659
664
666
669
681
682
673
676
690
696
704
685
682
678
686
680
675
680
690
695
698
672
667
653
655
633
613
606
609
617
626
622
632
644
662
661
660
668
679
687
682
662
650
639
630
611
607
620
638
663
675
696
728
776
821
854
894
937
975
1006
1010
1007
992
979
940
884
831
781
723
671
596
542
494
464
424
387
364
358
356
362
342
346
346
362
358
355
360
369
379
387
382
389
396
408
403
401
410
421
433
432
420
427
445
465
479
498
532
571
607
625
634
643
657
666
661
665
676
694
712
709
710
706
715
708
698
701
713
723
737
728
736
748
774
782
784
790
794
782
762
709
674
633
601
551
507
478
458
441
421
390
379
378
391
387
387
395
401
399
380
348
330
324
326
316
315
322
329
336
324
314
310
314
314
307
311
325
343
362
359
368
376
402
412
413
422
435
442
450
437
435
431
438
427
411
404
407
406
407
383
383
383
400
405
418
442
472
505
535
551
579
604
632
639
646
662
676
687
680
656
634
613
591
559
534
530
530
532
519
503
492
488
477
459
441
427
416
412
388
382
371
387
389
387
393
404
406
403
375
356
339
339
325
311
313
330
347
370
370
390
407
434
442
450
464
477
486
483
460
445
429
416
387
366
359
356
356
347
335
334
343
352
348
352
370
388
412
421
433
450
472
486
486
488
496
502
511
494
491
484
494
483
468
459
450
436
422
388
368
347
346
329
316
320
339
356
376
372
382
386
396
389
386
389
394
395
384
356
342
327
318
294
279
282
292
305
303
295
295
303
305
292
288
294
297
299
281
261
253
258
263
271
281
307
327
351
350
361
360
373
365
353
353
358
360
369
358
364
370
393
390
379
371
365
352
340
310
296
286
289
280
281
297
321
351
375
384
403
420
437
430
422
421
418
412
387
352
320
294
265
222
190
173
161
157
141
134
142
165
185
197
216
249
285
335
361
408
448
499
524
537
550
560
562
562
536
525
506
504
478
450
433
423
408
390
354
331
312
298
268
241
224
215
211
202
182
178
177
181
170
169
182
200
221
226
225
223
224
214
188
170
166
167
176
174
174
181
202
216
223
241
268
291
319
322
337
349
369
368
370
375
391
399
406
383
383
372
378
360
346
344
353
365
379
383
402
425
457
471
487
509
529
543
540
518
503
485
467
430
400
386
379
381
370
357
345
336
313
270
227
190
154
127
94
72
60
63
59
49
50
64
73
89
79
91
104
135
156
178
211
250
285
314
310
321
319
332
321
309
310
315
320
323
313
317
324
338
336
340
357
379
399
405
394
388
377
357
312
267
228
186
145
88
37
2
-14
-30
-50
-56
-47
-29
0
17
37
57
85
91
80
73
73
66
60
27
10
-5
-10
-18
-16
-4
21
40
59
56
74
94
126
132
139
159
183
205
218
215
224
236
258
265
278
300
324
340
337
318
304
291
278
253
236
229
226
226
208
194
186
189
187
176
174
180
188
197
192
197
209
240
258
270
292
324
345
363
352
351
350
362
360
357
360
368
370
368
337
325
303
292
257
225
206
196
190
179
149
125
96
70
25
-14
-42
-67
-96
-140
-195
-239
-280
-324
-384
-439
-481
-518
-549
-593
-629
-656
-669
-682
-704
-719
-725
-728
-727
-741
-741
-737
-712
-703
-703
-694
-679
-672
-667
-686
-689
-689
-673
-671
-670
-657
-630
-606
-581
-583
-567
-552
-536
-543
-547
-540
-520
-495
-477
-472
-453
-435
-408
-403
-400
-385
-366
-344
-330
-320
-295
-262
-229
-211
-189
-159
-135
-114
-119
-125
-128
-124
-129
-147
-163
-174
-186
-195
-223
-236
-250
-245
-257
-273
-274
-265
-259
-252
-267
-269
-268
-250
-242
-231
-207
-170
-135
-101
-97
-79
-69
-54
-62
-69
-69
-67
-64
-68
-82
-75
-62
-39
-34
-25
-7
16
41
55
64
85
117
151
171
196
228
255
279
279
277
279
289
294
289
288
291
290
288
261
250
237
244
235
222
220
225
226
224
197
185
174
183
177
173
183
206
230
256
256
271
278
288
273
262
259
269
279
286
278
281
295
311
312
312
325
340
361
368
367
376
394
410
414
431
460
486
509
507
502
505
519
536
546
563
587
606
624
611
611
601
604
587
566
560
562
562
562
540
532
520
524
504
484
477
482
486
492
481
488
496
509
504
502
503
504
500
485
453
433
414
399
368
342
330
324
326
320
314
318
329
334
319
307
299
287
275
248
224
211
211
213
214
226
255
288
329
342
371
392
423
434
441
459
484
509
534
536
556
569
597
600
601
611
624
626
622
595
579
564
556
532
512
500
491
483
467
429
399
368
328
260
181
95
5
-97
-217
-354
-494
-638
-799
-983
-1171
-1360
-1555
-1753
-1970
-2185
-2389
-2579
-2769
-2960
-3137
-3299
-3467
-3637
-3843
-4036
-4232
-4409
-4600
-4788
-4962
-5123
-5278
-5422
-5581
-5714
-5849
-5961
-6093
-6222
-6335
-6437
-6539
-6637
-6743
-6829
-6904
-6958
-7015
-7055
-7070
-7058
-7019
-6959
-6884
-6768
-6624
-6454
-6283
-6087
-5862
-5620
-5365
-5115
-4857
-4583
-4292
-4000
-3717
-3426
-3133
-2848
-2575
-2334
-2109
-1895
-1686
-1498
-1324
-1147
-964
-795
-631
-505
-368
-238
-98
20
125
228
328
420
506
555
616
658
707
718
715
713
706
693
678
646
627
610
601
578
565
568
581
596
605
600
607
614
621
611
601
597
596
591
575
554
540
545
551
558
582
609
636
661
669
676
682
693
692
680
675
681
688
706
701
713
722
741
746
748
760
782
806
837
843
871
888
914
908
895
891
892
897
903
897
906
914
926
917
910
911
916
921
922
919
931
947
959
951
950
962
978
999
1002
1004
1008
1017
1015
998
988
986
987
992
983
977
971
974
959
935
920
914
902
893
860
841
824
823
812
803
805
816
826
837
819
822
817
828
817
807
806
805
803
796
773
759
742
731
701
676
663
657
657
654
649
661
683
711
728
755
794
828
859
863
863
857
859
845
822
799
781
768
755
735
722
714
720
713
701
709
732
752
786
803
835
865
908
933
951
973
999
1019
1039
1032
1047
1054
1074
1073
1073
1078
1081
1079
1068
1038
1017
992
972
933
897
870
843
813
767
708
657
608
561
502
455
423
395
375
344
321
306
302
295
282
281
292
307
328
333
351
366
392
397
393
403
424
446
476
485
505
523
551
561
570
591
623
653
683
681
694
695
699
677
651
628
603
572
530
475
440
416
406
385
373
373
377
382
375
360
358
364
373
365
363
369
374
381
365
347
332
321
302
269
240
224
211
205
185
178
166
172
147
120
99
88
72
57
20
-3
-23
-31
-57
-82
-95
-102
-117
-136
-182
-208
-230
-233
-248
-253
-245
-232
-216
-203
-200
-184
-170
-154
-163
-171
-170
-169
-172
-191
-224
-250
-271
-291
-322
-341
-346
-349
-349
-370
-394
-417
-440
-472
-514
-553
-583
-611
-631
-672
-695
-720
-725
-749
-780
-801
-815
-826
-830
-845
-841
-835
-814
-814
-816
-805
-788
-780
-781
-814
-840
-870
-895
-934
-967
-991
-1010
-1027
-1047
-1079
-1095
-1108
-1115
-1141
-1164
-1177
-1188
-1197
-1221
-1253
-1277
-1290
-1302
-1326
-1337
-1329
-1315
-1292
-1283
-1272
-1258
-1240
-1232
-1239
-1248
-1252
-1261
-1268
-1301
-1317
-1333
-1331
-1346
-1357
-1359
-1352
-1346
-1342
-1355
-1355
-1357
-1339
-1347
-1355
-1351
-1336
-1328
-1321
-1339
-1340
-1343
-1340
-1354
-1363
-1363
-1358
-1350
-1349
-1357
-1346
-1328
-1301
-1288
-1267
-1233
-1195
-1157
-1133
-1115
-1089
-1056
-1030
-1020
-1004
-984
-969
-955
-960
-968
-970
-967
-969
-978
-979
-969
-959
-942
-951
-939
-930
-903
-890
-879
-856
-824
-790
-751
-733
-696
-661
-607
-574
-544
-500
-448
-399
-353
-330
-299
-273
-243
-232
-220
-204
-187
-170
-157
-155
-136
-113
-87
-81
-70
-49
-25
-2
6
11
22
38
45
37
39
52
70
93
102
112
131
160
186
207
240
287
330
378
394
420
434
457
461
465
481
505
531
552
554
567
572
584
560
533
512
499
483
464
424
400
382
379
366
357
362
376
389
391
381
381
384
392
384
383
393
407
424
426
427
431
441
441
425
416
414
415
424
420
419
426
444
458
472
501
545
587
631
641
660
668
681
672
657
648
644
635
627
593
583
570
577
561
544
536
528
516
500
470
456
446
446
437
439
456
480
507
525
531
544
556
563
548
534
529
523
518
495
475
465
470
473
468
472
487
506
529
537
547
558
579
588
591
605
629
647
665
652
648
636
629
602
570
548
539
531
527
494
481
456
444
409
376
355
346
343
333
314
300
295
301
294
292
300
312
325
334
327
332
343
354
346
344
355
368
383
380
380
387
410
431
445
469
504
540
574
587
597
601
613
606
588
580
578
566
555
517
493
472
467
451
437
435
442
447
452
429
432
432
449
444
439
442
448
453
455
443
443
440
441
420
399
386
377
371
355
335
329
332
342
341
350
372
394
413
408
401
395
393
384
365
352
345
339
338
319
309
300
308
301
289
290
304
315
329
320
323
325
340
339
336
342
357
371
387
376
385
386
398
387
376
375
379
388
394
388
392
402
416
411
409
407
411
418
414
409
412
423
433
430
428
436
438
441
420
399
386
385
381
371
371
380
392
411
411
419
423
443
445
437
439
446
445
442
413
392
368
354
321
284
259
246
232
222
188
181
174
182
179
184
208
244
288
329
354
388
416
446
453
458
465
467
464
445
417
398
385
374
350
332
323
312
303
277
256
242
241
238
230
233
250
273
304
313
336
354
388
399
397
400
405
400
391
358
335
314
310
291
274
271
278
278
279
254
247
238
238
222
211
212
221
237
251
254
271
289
313
319
329
339
354
361
351
330
307
288
261
221
189
164
138
120
89
65
54
51
53
50
55
69
87
108
103
112
112
127
119
105
101
104
105
108
89
80
66
68
50
34
32
43
55
71
65
76
87
107
114
124
143
162
178
183
170
171
173
179
164
154
154
156
158
147
131
126
130
133
124
124
135
144
154
143
131
125
126
123
113
109
116
122
132
117
122
123
143
145
146
163
192
225
263
282
316
344
385
396
399
407
418
423
424
401
389
374
363
335
309
289
270
249
219
173
139
108
84
44
14
1
-4
-2
-10
-18
-16
0
14
22
44
68
90
102
96
91
92
100
103
100
107
129
143
157
145
152
155
174
176
174
183
200
218
235
231
244
249
266
256
243
243
252
260
271
268
279
288
298
285
272
265
259
251
237
213
207
204
204
189
182
187
196
203
191
172
156
147
130
104
91
94
100
109
100
88
79
75
63
42
29
26
17
9
-27
-45
-62
-61
-69
-74
-67
-48
-30
-11
-16
3
17
50
60
70
92
118
140
160
163
175
185
200
200
200
205
209
207
192
163
146
132
122
98
82
82
88
100
98
95
100
117
132
138
156
187
220
251
269
283
293
310
303
281
268
261
257
252
218
197
177
164
133
93
65
44
25
13
-18
-23
-31
-19
-30
-41
-38
-28
-18
-8
-11
0
12
31
34
41
59
80
100
106
98
99
103
108
97
88
87
84
81
59
40
30
31
27
11
2
0
1
5
-5
-13
-20
-15
-26
-43
-48
-38
-29
-12
-22
-18
-14
4
9
14
27
51
72
95
92
116
137
176
191
206
228
253
277
297
303
318
327
335
318
300
290
286
285
281
271
278
292
309
307
307
311
313
313
291
266
240
218
187
144
105
72
41
14
-27
-58
-86
-97
-126
-152
-159
-150
-135
-119
-124
-111
-94
-56
-37
-22
1
28
45
59
38
45
47
66
65
70
88
109
129
142
140
152
169
194
204
221
248
275
297
303
295
292
285
270
231
194
168
143
124
90
61
40
28
8
-27
-60
-89
-119
-149
-199
-237
-271
-287
-319
-359
-388
-410
-438
-465
-517
-559
-602
-637
-689
-745
-794
-839
-892
-947
-1030
-1085
-1136
-1161
-1191
-1207
-1204
-1190
-1169
-1148
-1138
-1110
-1079
-1036
-1009
-975
-932
-887
-846
-822
-814
-801
-787
-774
-777
-771
-757
-747
-742
-763
-787
-809
-825
-848
-881
-904
-912
-912
-900
-899
-876
-848
-796
-758
-724
-678
-627
-583
-545
-531
-508
-491
-459
-456
-453
-447
-431
-417
-405
-425
-427
-433
-432
-447
-464
-476
-480
-481
-488
-504
-500
-489
-468
-466
-457
-438
-415
-393
-386
-388
-381
-369
-361
-369
-366
-348
-325
-292
-271
-243
-207
-166
-134
-116
-100
-80
-61
-39
-39
-23
-9
25
38
42
53
70
80
87
68
58
44
45
31
19
26
47
65
84
78
89
99
116
114
109
103
93
79
55
17
-4
-19
-23
-40
-46
-38
-28
-15
-12
-9
5
30
56
68
86
115
143
173
184
195
210
227
232
218
200
183
164
150
113
95
74
75
61
47
47
57
68
83
77
87
97
124
133
139
153
174
192
202
192
193
195
215
220
238
262
291
319
344
347
360
370
389
390
394
407
420
434
437
437
444
457
468
463
464
473
480
487
475
462
457
461
457
440
423
409
385
360
302
259
210
178
133
90
62
46
32
21
-11
-25
-40
-35
-48
-59
-54
-40
-27
-15
-24
-20
-16
-4
-3
6
29
60
97
131
155
193
231
271
291
314
347
381
414
432
445
464
491
512
517
531
554
574
591
584
569
554
540
513
471
427
383
327
265
166
79
-15
-95
-191
-289
-379
-467
-558
-652
-773
-878
-992
-1092
-1222
-1362
-1498
-1637
-1791
-1961
-2160
-2366
-2579
-2794
-3037
-3284
-3540
-3804
-4068
-4342
-4621
-4887
-5150
-5404
-5665
-5907
-6122
-6321
-6502
-6685
-6855
-7007
-7141
-7273
-7410
-7526
-7619
-7695
-7752
-7809
-7852
-7879
-7885
-7887
-7877
-7833
-7751
-7650
-7522
-7401
-7243
-7069
-6860
-6647
-6419
-6168
-5895
-5611
-5319
-5050
-4765
-4493
-4212
-3965
-3725
-3477
-3229
-2988
-2758
-2552
-2344
-2146
-1954
-1791
-1634
-1476
-1322
-1175
-1044
-933
-815
-699
-587
-493
-393
-283
-175
-69
19
105
198
301
395
474
558
645
725
795
835
865
891
922
939
946
963
992
1011
1023
995
968
926
885
824
759
709
676
656
649
628
641
653
685
694
704
723
745
762
770
758
752
743
739
717
703
701
709
725
733
739
752
769
784
781
787
804
819
837
839
844
858
881
898
909
931
961
992
1024
1037
1051
1065
1092
1104
1107
1118
1137
1148
1161
1147
1146
1143
1149
1139
1127
1125
1131
1136
1143
1121
1123
1117
1126
1110
1094
1087
1087
1089
1088
1070
1061
1047
1034
998
968
951
945
945
942
936
946
962
977
974
973
980
988
999
993
991
994
1007
1014
1010
1016
1030
1044
1057
1049
1043
1030
1028
1006
974
953
944
931
924
897
886
876
880
871
860
858
864
869
878
862
869
870
885
878
872
873
873
869
856
829
816
806
805
789
781
788
802
819
827
828
845
867
891
899
917
943
969
993
989
987
977
972
950
919
896
888
880
875
852
845
834
838
824
804
796
796
794
796
777
769
762
768
758
748
747
754
757
763
743
747
747
758
749
739
732
724
716
703
682
679
681
692
688
693
712
736
759
770
775
789
808
824
821
818
820
816
811
782
752
725
705
683
654
636
630
629
632
613
609
604
616
613
607
613
625
630
634
611
593
569
557
526
493
472
462
450
441
410
400
388
384
361
339
324
314
306
293
266
254
245
245
228
216
212
210
211
202
189
186
189
187
169
159
159
162
163
146
133
121
116
101
72
57
51
55
61
43
43
39
53
46
32
36
51
66
84
81
90
89
94
66
26
-11
-41
-80
-123
-190
-241
-294
-336
-393
-443
-481
-512
-540
-571
-615
-644
-670
-688
-721
-746
-756
-761
-760
-768
-777
-775
-764
-754
-759
-755
-743
-733
-724
-733
-742
-742
-733
-728
-729
-723
-707
-692
-676
-691
-694
-707
-708
-732
-762
-784
-800
-818
-837
-879
-910
-946
-966
-1006
-1046
-1069
-1081
-1095
-1108
-1142
-1162
-1182
-1195
-1224
-1248
-1264
-1276
-1288
-1305
-1329
-1332
-1330
-1320
-1322
-1317
-1298
-1277
-1253
-1243
-1240
-1233
-1225
-1226
-1243
-1253
-1255
-1259
-1263
-1284
-1303
-1313
-1313
-1315
-1326
-1323
-1313
-1294
-1272
-1278
-1265
-1259
-1236
-1229
-1233
-1225
-1211
-1196
-1178
-1182
-1171
-1162
-1138
-1142
-1148
-1141
-1126
-1109
-1090
-1083
-1058
-1029
-990
-966
-937
-898
-854
-813
-783
-767
-735
-699
-659
-638
-613
-580
-546
-512
-495
-478
-451
-414
-380
-359
-331
-297
-268
-240
-230
-222
-209
-186
-166
-147
-115
-67
-18
37
61
97
120
147
149
142
140
141
136
125
86
62
33
26
0
-21
-25
-19
-13
-3
-5
10
32
66
87
117
160
211
262
303
326
356
379
398
395
392
394
393
393
375
356
345
345
345
338
347
371
400
431
449
467
488
514
524
520
521
533
539
549
526
521
511
520
510
497
496
503
522
548
555
584
608
647
665
680
701
728
758
782
786
796
798
797
774
751
736
727
722
713
698
700
705
709
691
676
669
659
648
617
587
563
551
532
502
482
472
468
472
464
462
466
485
493
495
509
535
559
588
589
602
611
629
631
628
630
638
642
643
615
610
600
606
592
583
589
601
614
628
633
654
679
711
726
744
772
802
825
828
812
799
784
765
727
697
681
671
669
655
642
631
623
605
574
553
544
539
541
528
520
513
516
503
484
476
482
486
494
476
469
457
454
431
405
386
378
377
378
355
361
359
385
391
404
424
445
463
477
479
490
498
513
509
507
512
518
521
511
491
482
476
472
458
458
474
498
526
535
544
558
582
597
598
598
600
602
607
593
589
585
597
593
583
583
592
595
604
591
592
595
611
612
611
616
626
629
629
597
581
554
535
493
451
419
392
368
343
310
296
286
284
267
259
263
271
280
281
276
284
296
309
308
319
346
378
416
437
459
485
516
534
533
528
522
513
505
479
468
455
460
446
424
414
415
415
422
411
415
420
439
444
449
464
490
510
529
520
530
532
553
554
561
574
584
598
604
595
601
601
608
594
586
585
587
587
582
571
572
578
584
576
575
584
591
597
582
568
560
557
546
524
507
499
494
495
476
473
468
481
475
463
462
472
483
496
486
484
477
480
462
442
430
422
406
389
346
324
304
298
279
266
264
271
283
291
285
295
307
326
325
328
341
358
375
380
378
385
399
407
396
391
396
402
416
417
425
440
462
474
476
483
500
517
536
529
534
532
549
549
545
553
566
574
581
562
551
536
536
522
510
515
528
534
538
517
511
502
497
474
452
440
429
427
417
399
394
386
386
367
364
380
403
423
426
415
406
396
368
323
283
252
222
200
169
147
138
139
136
124
122
132
143
158
148
158
167
197
212
227
253
286
317
347
353
370
379
401
400
399
411
431
445
458
448
447
442
440
419
402
397
400
408
413
409
420
429
436
418
397
383
372
367
350
333
327
333
339
333
334
343
349
356
346
338
337
344
346
341
344
359
370
383
363
357
342
338
314
288
272
265
261
263
243
240
229
234
214
191
180
176
170
167
154
160
174
200
213
233
264
297
327
342
338
343
342
337
305
277
258
236
220
181
148
127
125
121
108
108
119
133
148
147
149
158
176
188
194
209
233
249
268
255
258
256
268
263
258
264
277
289
303
293
306
312
334
328
317
314
313
305
293
263
245
228
217
192
172
165
166
171
170
156
153
151
150
130
114
108
104
102
84
67
55
51
44
30
28
41
57
76
83
94
114
148
174
195
231
284
332
380
393
412
420
436
432
425
423
426
421
414
379
366
347
344
316
290
277
271
263
252
223
205
187
175
146
124
117
120
129
136
136
151
170
190
195
204
221
235
244
229
219
210
208
200
173
159
159
163
175
167
165
164
176
169
155
148
157
160
164
138
125
110
107
92
79
79
95
115
138
135
158
176
212
226
241
267
301
335
368
384
408
427
446
440
432
430
429
430
422
404
394
383
365
329
299
281
265
254
224
195
172
161
146
122
108
105
105
106
86
68
47
40
20
-3
-9
0
7
20
11
16
20
38
40
37
42
56
