0
-8
-14
-41
-68
-90
-109
-131
-163
-208
-241
-272
-300
-347
-389
-420
-448
-473
-508
-539
-558
-567
-584
-618
-646
-669
-694
-716
-752
-782
-802
-809
-819
-832
-830
-814
-801
-785
-802
-806
-817
-817
-833
-853
-865
-868
-868
-861
-875
-868
-868
-853
-863
-871
-862
-842
-817
-791
-778
-752
-723
-691
-680
-672
-659
-648
-641
-650
-677
-695
-707
-716
-747
-767
-784
-787
-782
-785
-785
-775
-752
-733
-725
-713
-697
-679
-662
-664
-664
-659
-644
-641
-647
-645
-631
-618
-601
-610
-606
-608
-602
-617
-639
-660
-681
-710
-746
-813
-857
-904
-931
-975
-1012
-1031
-1040
-1047
-1057
-1083
-1097
-1107
-1109
-1128
-1142
-1145
-1145
-1144
-1150
-1161
-1156
-1147
-1138
-1150
-1157
-1155
-1151
-1144
-1153
-1160
-1163
-1160
-1172
-1205
-1236
-1258
-1278
-1294
-1326
-1356
-1384
-1399
-1426
-1456
-1470
-1467
-1465
-1456
-1473
-1476
-1483
-1483
-1504
-1533
-1558
-1579
-1605
-1629
-1677
-1698
-1724
-1734
-1763
-1787
-1795
-1794
-1790
-1787
-1796
-1793
-1789
-1778
-1783
-1781
-1766
-1746
-1725
-1713
-1711
-1700
-1688
-1679
-1688
-1693
-1694
-1693
-1696
-1721
-1745
-1773
-1787
-1807
-1836
-1852
-1863
-1869
-1869
-1879
-1884
-1891
-1894
-1917
-1954
-1984
-2004
-2028
-2048
-2094
-2131
-2174
-2209
-2259
-2309
-2348
-2373
-2397
-2415
-2456
-2466
-2474
-2461
-2465
-2467
-2457
-2442
-2427
-2414
-2411
-2394
-2375
-2350
-2346
-2339
-2322
-2304
-2287
-2280
-2280
-2266
-2247
-2231
-2233
-2229
-2214
-2202
-2193
-2212
-2239
-2270
-2297
-2327
-2362
-2381
-2386
-2382
-2370
-2373
-2363
-2354
-2329
-2322
-2323
-2312
-2288
-2266
-2237
-2230
-2210
-2190
-2157
-2139
-2119
-2089
-2048
-2010
-1969
-1956
-1921
-1887
-1840
-1811
-1777
-1728
-1669
-1603
-1535
-1478
-1405
-1332
-1256
-1201
-1149
-1095
-1046
-1007
-992
-997
-1000
-1004
-1015
-1046
-1076
-1101
-1132
-1164
-1216
-1261
-1300
-1315
-1328
-1333
-1319
-1293
-1255
-1214
-1194
-1162
-1144
-1118
-1111
-1111
-1093
-1063
-1036
-997
-971
-931
-891
-837
-803
-774
-734
-687
-647
-612
-606
-583
-567
-541
-533
-520
-500
-478
-456
-439
-432
-408
-381
-347
-329
-306
-272
-237
-206
-192
-188
-180
-172
-171
-189
-200
-198
-194
-186
-196
-204
-208
-204
-205
-212
-211
-202
-190
-171
-172
-157
-147
-123
-121
-126
-122
-116
-118
-124
-157
-180
-206
-212
-233
-250
-253
-246
-242
-233
-245
-234
-223
-199
-187
-166
-133
-92
-49
-13
5
29
45
58
45
26
11
-8
-29
-65
-109
-142
-164
-183
-210
-222
-215
-204
-188
-189
-191
-186
-169
-152
-137
-114
-82
-47
-8
11
53
84
135
157
176
203
230
244
249
224
208
192
189
166
150
151
160
165
165
139
123
104
92
61
32
10
-8
-26
-47
-73
-79
-81
-77
-91
-99
-93
-84
-70
-69
-73
-71
-62
-57
-64
-62
-49
-37
-23
-25
-28
-26
-16
-11
-12
-7
11
31
60
63
83
96
123
128
122
118
114
106
101
80
82
84
107
112
122
150
188
217
240
236
240
241
247
237
227
222
217
210
197
174
168
163
162
145
137
141
146
150
137
120
106
99
86
59
42
32
20
8
-18
-42
-56
-58
-62
-70
-67
-48
-26
5
10
33
53
88
104
122
145
170
194
208
195
200
194
211
200
191
198
216
226
236
227
236
247
265
264
264
267
264
252
227
191
173
160
147
118
98
93
94
99
90
78
71
72
68
52
44
45
49
58
53
51
56
70
73
66
66
74
76
80
53
41
26
24
7
-14
-27
-31
-34
-31
-48
-42
-40
-18
-16
-13
1
20
34
43
37
43
50
66
68
76
95
119
143
157
155
163
171
180
170
167
180
200
228
241
254
272
301
325
337
356
381
404
426
427
421
410
402
374
329
289
256
216
183
130
103
87
93
91
88
93
102
109
107
81
75
63
71
49
32
29
33
40
40
22
17
14
17
5
-5
0
11
21
18
3
-1
0
7
-1
1
15
33
54
56
57
63
77
84
78
78
83
88
97
93
96
103
127
139
145
160
183
200
217
205
204
201
214
217
225
249
288
331
378
397
436
461
492
489
474
458
434
400
356
298
255
216
188
148
116
97
83
71
53
30
20
12
4
-22
-42
-54
-68
-80
-107
-128
-138
-135
-135
-146
-155
-161
-170
-177
-200
-212
-219
-201
-192
-184
-164
-133
-108
-81
-79
-66
-52
-24
-11
2
23
52
76
98
88
99
104
122
120
123
138
161
190
201
198
198
197
204
189
174
169
166
163
155
136
126
123
118
94
80
78
78
81
64
50
41
42
37
22
15
19
27
40
35
43
49
72
79
79
90
110
123
136
122
120
116
127
124
122
131
151
167
184
172
179
180
188
177
170
173
182
193
200
197
208
218
229
216
203
199
199
198
185
163
149
141
133
111
99
102
109
121
114
105
97
91
73
42
16
1
-11
-16
-40
-48
-57
-45
-49
-53
-37
-8
18
44
43
49
51
62
54
44
47
59
64
65
39
31
22
22
7
-6
-10
-9
-4
-2
-12
-8
0
16
8
6
9
13
22
14
4
-2
-3
-7
-21
-28
-19
-9
11
14
19
32
50
63
67
77
98
122
150
152
166
169
186
180
167
166
170
172
174
151
140
126
129
116
108
115
133
144
151
131
123
109
100
74
51
38
31
27
19
-2
-7
-12
-13
-34
-50
-55
-56
-52
-57
-61
-55
-39
-24
-18
1
32
62
94
104
109
115
122
120
107
98
97
92
86
51
33
12
12
-3
-22
-31
-32
-33
-31
-50
-54
-64
-60
-77
-94
-94
-80
-66
-48
-51
-42
-38
-33
-50
-66
-74
-78
-80
-86
-102
-98
-86
-65
-58
-44
-26
-1
28
44
63
84
111
135
138
150
159
156
146
113
75
41
10
-16
-40
-49
-43
-33
-14
-25
-22
-30
-28
-44
-61
-65
-58
-46
-31
-37
-26
-20
6
9
13
29
51
65
74
60
53
39
21
-20
-61
-94
-122
-146
-168
-191
-185
-166
-136
-122
-103
-75
-50
-25
-16
-9
8
36
58
65
78
96
109
118
106
90
76
67
49
24
8
5
1
3
-24
-35
-53
-59
-82
-110
-131
-147
-167
-189
-239
-270
-305
-321
-358
-394
-415
-428
-444
-461
-494
-513
-527
-534
-562
-591
-616
-641
-668
-703
-747
-772
-790
-799
-820
-827
-816
-799
-773
-760
-744
-724
-697
-677
-677
-668
-667
-674
-688
-720
-747
-769
-783
-802
-824
-830
-819
-813
-808
-830
-839
-853
-854
-866
-876
-873
-857
-835
-807
-803
-783
-773
-750
-750
-750
-739
-722
-706
-694
-698
-690
-683
-670
-677
-684
-686
-686
-687
-695
-710
-704
-687
-662
-647
-621
-582
-541
-498
-472
-446
-413
-369
-330
-300
-263
-219
-180
-148
-145
-152
-167
-176
-203
-244
-278
-302
-330
-352
-397
-420
-437
-434
-439
-439
-424
-394
-357
-311
-289
-240
-198
-142
-113
-91
-68
-50
-40
-40
-59
-69
-76
-73
-85
-89
-80
-64
-45
-31
-24
-3
22
47
50
55
70
89
116
126
136
148
167
176
170
168
170
167
164
144
135
123
129
117
98
100
112
127
142
131
125
118
115
94
72
64
66
68
75
58
65
68
87
86
88
99
112
123
128
119
125
136
158
164
174
194
214
234
241
238
245
255
264
256
252
256
260
267
254
245
242
249
253
248
252
265
281
297
291
292
291
304
301
290
292
306
317
331
322
320
312
308
281
246
213
186
153
123
67
38
9
0
-20
-29
-19
4
37
70
95
138
186
244
283
324
370
413
451
469
470
477
485
492
483
484
499
517
535
533
537
550
575
597
610
628
649
666
678
661
647
626
622
597
574
572
582
594
607
593
591
576
571
534
482
427
367
289
198
66
-55
-188
-315
-462
-610
-753
-894
-1034
-1179
-1341
-1490
-1641
-1792
-1966
-2137
-2299
-2461
-2628
-2813
-3010
-3203
-3392
-3586
-3797
-4004
-4205
-4412
-4620
-4852
-5087
-5317
-5536
-5749
-5952
-6130
-6283
-6422
-6549
-6692
-6816
-6938
-7038
-7151
-7263
-7356
-7429
-7493
-7544
-7607
-7645
-7670
-7661
-7643
-7599
-7515
-7397
-7259
-7101
-6950
-6760
-6552
-6316
-6079
-5826
-5554
-5274
-4994
-4727
-4477
-4217
-3958
-3699
-3463
-3228
-2988
-2757
-2538
-2344
-2167
-1989
-1808
-1633
-1476
-1316
-1149
-990
-835
-708
-585
-460
-334
-220
-122
-25
71
157
236
283
339
385
440
467
479
494
510
521
533
525
538
550
589
606
624
659
707
755
799
808
824
833
849
853
858
865
874
878
869
845
837
832
834
819
809
813
822
831
825
811
807
811
814
806
809
822
832
839
824
807
793
785
772
756
756
774
798
831
839
867
893
937
963
986
1018
1051
1077
1098
1092
1100
1103
1121
1116
1111
1119
1134
1140
1138
1113
1101
1090
1087
1071
1063
1066
1075
1086
1088
1076
1077
1077
1079
1064
1055
1059
1067
1076
1073
1066
1065
1068
1061
1035
1013
999
981
964
932
901
881
875
872
870
880
905
931
965
971
991
999
1015
1008
994
987
986
985
989
971
973
971
987
980
969
975
986
1001
1008
997
999
1001
1020
1024
1036
1052
1072
1086
1092
1079
1069
1057
1048
1022
1004
999
1000
1003
991
973
958
947
926
889
860
844
830
822
802
791
792
806
817
821
831
850
864
880
867
873
876
895
899
900
913
940
970
1005
1012
1033
1040
1060
1054
1044
1045
1044
1031
1009
965
926
882
840
780
727
690
664
645
627
609
612
623
638
637
644
665
687
711
715
714
711
708
691
656
625
604
587
581
567
560
558
568
569
566
576
600
620
641
628
623
612
612
597
581
571
565
554
543
503
484
458
453
427
406
399
401
402
401
386
381
380
391
385
384
393
398
411
413
409
411
410
409
393
386
386
386
392
382
374
370
377
380
371
370
374
378
386
380
376
374
384
381
365
353
345
328
313
270
239
202
172
125
75
35
9
-14
-28
-64
-74
-92
-94
-118
-140
-151
-158
-166
-179
-207
-224
-244
-261
-296
-327
-347
-362
-377
-400
-428
-443
-453
-464
-493
-512
-515
-510
-496
-496
-491
-476
-450
-432
-428
-420
-406
-393
-376
-374
-361
-348
-324
-320
-333
-343
-351
-369
-393
-455
-521
-603
-683
-783
-884
-973
-1047
-1113
-1165
-1237
-1277
-1314
-1327
-1353
-1369
-1369
-1359
-1344
-1328
-1324
-1308
-1292
-1273
-1276
-1277
-1273
-1271
-1264
-1273
-1284
-1286
-1285
-1280
-1290
-1285
-1263
-1242
-1216
-1212
-1208
-1206
-1201
-1214
-1240
-1264
-1283
-1301
-1317
-1350
-1368
-1383
-1375
-1379
-1383
-1368
-1339
-1310
-1276
-1267
-1250
-1237
-1214
-1207
-1205
-1196
-1179
-1167
-1155
-1170
-1165
-1165
-1154
-1160
-1161
-1153
-1141
-1130
-1120
-1120
-1104
-1089
-1070
-1072
-1076
-1072
-1068
-1064
-1068
-1076
-1071
-1059
-1045
-1046
-1036
-1010
-978
-937
-908
-870
-822
-764
-710
-670
-628
-585
-548
-514
-508
-492
-476
-437
-409
-380
-335
-282
-233
-184
-161
-132
-108
-75
-64
-61
-52
-40
-34
-30
-54
-60
-71
-72
-85
-92
-87
-72
-51
-27
-10
24
60
101
126
155
193
233
271
295
312
339
365
391
396
412
436
456
479
476
480
488
499
498
489
489
506
529
554
562
588
610
648
666
677
698
728
755
782
784
792
791
798
783
764
759
766
771
775
753
745
737
737
724
716
717
721
726
725
708
702
691
679
644
607
576
541
505
455
404
370
353
342
326
323
335
350
371
377
386
406
436
464
480
498
524
546
568
561
568
566
579
575
568
575
592
611
635
638
656
671
700
707
712
727
746
756
764
747
744
741
748
740
735
739
750
765
776
777
794
812
834
835
836
841
840
830
803
770
750
743
738
726
726
734
738
740
720
702
687
672
652
615
596
591
586
577
535
506
469
452
416
379
358
350
348
356
346
357
366
395
405
414
440
479
518
554
572
602
630
662
676
691
709
725
735
734
720
720
723
732
726
725
735
750
767
770
770
775
788
794
784
777
774
766
758
732
707
689
679
659
632
614
613
613
619
599
597
592
604
602
600
611
635
662
692
696
715
719
733
718
696
680
667
652
638
609
598
594
603
600
603
611
617
618
607
584
578
576
578
563
554
557
567
584
591
602
622
655
684
704
730
760
783
801
791
766
735
708
671
623
596
583
573
571
535
519
501
501
494
482
477
477
479
482
463
464
462
476
463
449
445
447
446
444
430
429
430
438
434
441
465
500
542
579
607
646
681
709
709
702
693
673
646
592
533
475
427
377
321
279
255
240
232
211
194
183
188
190
193
212
244
270
297
293
301
305
322
326
330
342
364
386
412
413
436
452
487
501
517
546
578
606
626
626
631
628
621
590
559
538
521
504
474
433
405
381
363
337
325
333
348
369
372
377
388
409
424
427
439
457
474
492
491
489
483
487
477
462
458
465
468
475
448
440
425
423
406
380
365
357
358
370
357
366
368
382
373
366
364
369
374
375
361
363
369
386
389
397
415
433
447
447
436
437
440
444
430
422
423
422
420
396
377
367
370
370
363
364
375
389
405
402
404
402
412
404
388
379
376
365
356
325
309
295
297
288
280
282
292
299
309
293
300
300
313
307
304
311
317
318
311
290
286
287
300
300
309
332
361
392
414
428
451
473
488
477
465
458
451
444
416
391
370
358
337
302
269
241
217
202
177
173
174
198
204
203
213
231
245
264
264
277
291
316
325
325
328
331
325
317
271
247
208
188
156
133
124
122
125
127
123
130
134
148
146
151
174
205
240
265
282
308
337
366
377
393
417
439
459
454
445
432
415
385
341
302
274
252
241
219
219
221
248
261
271
292
317
332
345
333
333
335
351
350
346
351
363
367
370
345
337
325
318
292
267
250
237
224
206
176
163
153
155
143
141
152
164
176
177
171
174
183
187
177
173
182
195
215
217
220
227
236
237
228
224
228
232
239
219
212
202
211
205
196
203
225
250
279
285
301
311
331
325
312
307
305
293
276
235
211
183
170
145
128
129
131
141
151
151
171
186
205
205
216
238
263
282
286
279
277
276
264
229
192
161
126
94
46
4
-27
-45
-63
-89
-108
-117
-126
-129
-156
-162
-170
-157
-160
-167
-163
-150
-134
-112
-108
-82
-52
0
34
68
116
174
226
272
291
318
340
361
358
350
343
338
332
321
299
297
299
310
302
299
305
308
304
281
249
221
199
172
132
102
86
76
75
65
57
56
65
68
62
60
66
70
79
64
70
75
99
107
107
112
118
122
124
100
91
79
87
77
72
83
105
122
133
117
105
84
63
23
-9
-24
-32
-23
-20
-26
-11
4
28
38
60
102
148
195
227
254
283
315
325
316
309
305
295
288
266
245
233
231
223
211
214
230
243
257
240
238
233
239
226
207
195
188
180
172
138
122
101
102
85
74
82
97
111
124
118
121
122
128
121
122
135
152
167
173
167
177
189
202
193
185
183
178
171
145
117
95
79
54
11
-28
-61
-96
-130
-182
-230
-269
-292
-317
-344
-358
-360
-366
-367
-396
-407
-422
-425
-447
-474
-496
-511
-527
-543
-585
-604
-628
-634
-664
-695
-710
-715
-717
-718
-732
-734
-734
-725
-730
-727
-712
-690
-668
-652
-649
-635
-626
-616
-623
-619
-595
-573
-541
-529
-508
-478
-441
-418
-412
-402
-388
-372
-359
-366
-371
-377
-379
-395
-423
-444
-455
-470
-479
-513
-528
-542
-538
-543
-545
-538
-524
-514
-506
-530
-534
-544
-539
-557
-571
-568
-557
-542
-526
-521
-497
-466
-424
-398
-366
-322
-271
-217
-170
-129
-75
-18
38
77
120
171
216
255
268
274
276
282
276
255
239
229
218
206
175
147
123
117
99
76
65
66
65
65
37
19
3
2
-8
-15
-8
11
28
47
40
59
77
114
129
141
155
165
165
152
122
105
93
90
72
62
65
77
90
91
80
80
86
93
85
86
100
121
148
157
174
201
233
260
269
283
303
314
325
304
282
251
241
217
197
197
219
240
267
272
288
297
313
310
300
295
298
299
302
280
283
284
298
295
298
309
320
326
321
299
290
281
277
253
234
229
232
241
242
238
247
261
273
270
275
291
308
329
330
331
335
346
349
339
336
343
350
360
348
346
341
353
344
328
320
314
300
288
260
249
240
246
236
226
231
247
260
276
265
273
278
295
294
297
309
322
336
346
345
362
382
410
420
433
455
479
503
514
518
534
557
578
580
585
597
610
629
628
627
624
622
605
561
513
462
401
339
236
137
31
-66
-185
-324
-467
-611
-764
-921
-1099
-1268
-1439
-1600
-1786
-1979
-2162
-2338
-2522
-2707
-2918
-3114
-3317
-3518
-3742
-3966
-4182
-4392
-4600
-4811
-5032
-5234
-5429
-5613
-5806
-5983
-6141
-6288
-6426
-6568
-6709
-6832
-6940
-7041
-7146
-7228
-7284
-7326
-7351
-7380
-7394
-7386
-7352
-7301
-7233
-7131
-6995
-6837
-6657
-6486
-6281
-6062
-5812
-5570
-5322
-5051
-4763
-4467
-4163
-3881
-3591
-3313
-3034
-2789
-2558
-2325
-2093
-1877
-1670
-1499
-1326
-1170
-1021
-900
-782
-661
-541
-426
-326
-249
-164
-81
1
57
117
189
264
336
389
430
474
518
550
561
578
609
643
683
708
736
774
821
858
881
905
936
965
994
989
994
993
1006
1007
993
990
988
984
986
962
948
929
926
900
876
863
852
836
821
790
779
773
777
769
766
771
781
792
794
786
794
807
825
826
834
857
884
913
931
946
968
998
1018
1020
1029
1048
1067
1090
1095
1101
1115
1138
1154
1158
1165
1175
1176
1175
1142
1127
1110
1110
1097
1081
1073
1072
1069
1068
1045
1039
1026
1033
1018
1005
1007
1017
1022
1024
1009
1007
1006
1013
1005
1002
1011
1026
1042
1049
1044
1050
1055
1057
1036
1014
999
985
973
946
922
911
915
919
911
911
920
929
942
940
933
925
921
905
878
858
849
839
838
814
810
806
816
809
801
796
792
781
773
734
722
704
710
705
703
724
748
769
784
783
787
787
792
783
776
779
789
801
805
797
801
807
812
799
791
791
788
780
748
711
680
663
648
628
621
631
649
673
686
703
725
756
773
779
792
813
827
846
836
840
840
851
842
822
802
780
750
716
655
616
573
552
515
487
481
487
497
502
491
488
485
485
464
446
442
448
460
466
462
469
477
484
472
467
476
490
509
511
512
519
537
550
552
565
592
623
657
672
684
689
694
675
641
612
595
577
569
540
531
526
537
535
528
524
525
517
506
464
446
416
403
369
333
311
291
268
249
217
205
191
180
150
123
103
86
64
35
1
-15
-18
-12
-13
0
31
68
108
129
150
173
202
222
226
228
226
213
193
147
99
46
1
-62
-134
-197
-248
-301
-344
-404
-442
-470
-477
-492
-505
-505
-495
-492
-493
-530
-548
-573
-583
-616
-651
-681
-709
-735
-762
-800
-824
-845
-855
-882
-904
-914
-917
-915
-921
-938
-946
-948
-948
-962
-968
-963
-956
-941
-940
-936
-931
-921
-923
-942
-962
-982
-1004
-1021
-1055
-1078
-1103
-1115
-1145
-1180
-1199
-1202
-1203
-1196
-1206
-1200
-1192
-1173
-1172
-1176
-1174
-1164
-1160
-1157
-1184
-1191
-1202
-1200
-1216
-1229
-1233
-1236
-1242
-1251
-1282
-1297
-1324
-1347
-1387
-1421
-1436
-1443
-1450
-1467
-1492
-1508
-1517
-1526
-1547
-1548
-1530
-1504
-1467
-1442
-1411
-1375
-1336
-1309
-1299
-1289
-1277
-1268
-1261
-1281
-1289
-1300
-1294
-1307
-1326
-1331
-1324
-1320
-1313
-1324
-1320
-1313
-1289
-1278
-1270
-1253
-1230
-1212
-1192
-1195
-1175
-1153
-1115
-1089
-1056
-1010
-955
-894
-838
-800
-751
-708
-665
-647
-629
-601
-567
-530
-503
-481
-448
-407
-365
-337
-303
-260
-218
-177
-155
-132
-104
-69
-40
-21
2
31
64
103
120
149
167
193
192
182
178
180
182
186
168
158
145
151
141
134
142
165
191
223
236
271
303
343
364
383
406
433
461
485
493
512
527
535
518
499
493
488
488
482
475
488
507
521
512
508
512
519
528
518
513
519
530
533
528
527
536
546
560
550
555
558
583
592
598
615
639
660
679
673
680
686
709
710
712
728
753
772
785
766
751
724
701
663
635
623
624
633
640
639
654
669
685
680
680
695
718
747
765
779
800
828
851
857
867
881
889
894
877
855
835
819
796
763
739
729
719
714
679
663
645
646
633
617
611
609
602
591
554
535
515
517
501
489
493
504
508
509
491
486
483
489
481
480
490
508
527
539
537
548
560
576
575
580
595
611
626
620
608
608
619
631
632
639
663
680
701
700
697
703
719
730
730
733
745
745
743
709
693
674
673
660
649
654
671
694
719
720
737
747
774
779
786
807
836
860
880
883
898
913
931
929
924
923
922
920
909
884
867
850
835
801
773
758
748
743
727
712
705
712
718
714
721
736
747
757
749
739
729
724
712
696
692
703
712
725
704
697
686
689
680
671
671
678
685
694
678
686
690
712
711
711
724
741
757
771
770
782
795
812
808
804
806
807
806
794
770
759
753
748
726
709
702
698
699
687
676
671
677
679
671
672
687
697
715
711
703
700
706
707
706
709
722
728
737
717
711
701
705
693
676
667
670
672
678
660
668
670
691
688
687
701
723
746
765
769
781
792
806
800
796
799
802
799
783
757
746
742
743
734
733
746
754
757
733
705
679
662
640
610
589
579
574
576
563
551
538
538
523
503
499
511
520
533
518
513
502
498
476
454
444
446
447
452
430
429
421
431
423
421
436
459
486
510
519
540
557
573
566
561
565
572
576
570
555
551
551
553
541
536
543
552
563
557
553
551
558
557
542
533
534
539
549
546
547
554
572
581
581
592
617
635
663
666
680
685
701
705
716
742
777
813
847
841
844
834
830
802
769
739
711
683
654
614
586
561
542
506
472
450
431
412
384
348
327
315
308
287
275
278
283
294
285
281
283
291
291
276
268
273
287
312
322
344
364
402
422
436
459
489
511
532
526
529
527
533
516
493
480
482
486
498
487
499
506
520
507
490
476
465
454
439
414
406
402
409
399
395
402
413
425
428
427
442
463
486
493
508
531
553
576
575
567
559
553
539
515
498
492
492
499
486
484
479
492
487
476
478
487
493
507
500
502
502
507
497
478
468
461
448
436
403
394
382
381
365
349
341
338
337
329
306
296
286
280
255
240
242
252
266
270
268
276
289
298
288
284
290
295
303
292
283
275
274
268
256
253
262
271
283
270
274
276
299
306
308
322
346
372
403
418
450
481
530
560
591
633
683
725
764
776
804
828
856
865
878
900
928
957
979
986
1008
1027
1047
1042
1037
1036
1031
1015
973
911
846
780
701
595
488
380
261
137
-13
-170
-329
-492
-673
-878
-1093
-1321
-1573
-1845
-2166
-2489
-2833
-3173
-3541
-3915
-4274
-4621
-4960
-5289
-5626
-5933
-6231
-6505
-6782
-7052
-7299
-7534
-7780
-8026
-8293
-8537
-8770
-8995
-9233
-9469
-9696
-9922
-10145
-10373
-10602
-10809
-11005
-11187
-11377
-11553
-11713
-11864
-12011
-12168
-12322
-12459
-12581
-12701
-12827
-12937
-13029
-13110
-13176
-13249
-13316
-13370
-13408
-13446
-13488
-13519
-13536
-13550
-13554
-13579
-13580
-13582
-13567
-13569
-13573
-13566
-13548
-13528
-13501
-13494
-13467
-13443
-13398
-13371
-13342
-13299
-13248
-13199
-13148
-13110
-13049
-12974
-12880
-12786
-12670
-12529
-12373
-12207
-12046
-11896
-11729
-11553
-11366
-11192
-11007
-10809
-10609
-10411
-10232
-10061
-9886
-9705
-9531
-9371
-9207
-9036
-8870
-8708
-8570
-8436
-8300
-8157
-8024
-7903
-7778
-7646
-7517
-7382
-7272
-7141
-7008
-6855
-6715
-6576
-6428
-6275
-6126
-5981
-5861
-5724
-5593
-5442
-5311
-5176
-5027
-4872
-4729
-4588
-4472
-4342
-4214
-4087
-3974
-3865
-3748
-3632
-3528
-3446
-3387
-3325
-3265
-3205
-3166
-3117
-3054
-2988
-2923
-2873
-2823
-2768
-2705
-2654
-2620
-2581
-2532
-2479
-2417
-2363
-2305
-2239
-2159
-2086
-2018
-1941
-1854
-1770
-1679
-1615
-1532
-1450
-1352
-1267
-1183
-1087
-982
-875
-765
-683
-579
-480
-361
-263
-163
-49
69
184
294
387
490
595
707
802
902
1013
1127
1242
1345
1435
1532
1628
1719
1789
1861
1941
2020
2100
2162
2228
2301
2384
2459
2521
2590
2667
2743
2817
2871
2920
2963
3005
3023
3023
3026
3034
3037
3044
3027
3033
3044
3075
3096
3118
3146
3180
3208
3238
3240
3266
3291
3339
3371
3409
3461
3520
3578
3626
3651
3677
3694
3706
3692
3678
3680
3692
3703
3712
3708
3726
3755
3791
3812
3842
3884
3926
3973
3998
4024
4058
4098
4127
4139
4155
4176
4196
4216
4219
4224
4233
4260
4277
4289
4312
4347
4382
4425
4446
4483
4524
4578
4618
4656
4702
4751
4792
4826
4826
4842
4845
4860
4849
4836
4831
4827
4819
4803
4771
4750
4730
4722
4702
4693
4701
4717
4737
4746
4748
4765
4788
4816
4831
4856
4894
4931
4966
4980
4994
5012
5039
5060
5072
5093
5123
5160
5207
5241
5283
5325
5383
5423
5456
5500
5551
5597
5645
5667
5693
5711
5731
5730
5721
5714
5706
5686
5664
5615
5595
5579
5581
5571
5572
5590
5623
5667
5710
5740
5783
5825
5871
5897
5927
5967
6011
6056
6087
6104
6135
6164
6184
6183
6176
6180
6187
6198
6195
6187
6183
6190
6199
6198
6207
6220
6239
6262
6264
6277
6293
6330
6349
6365
6394
6435
6476
6520
6541
6573
6606
6653
6684
6716
6757
6807
6852
6897
6912
6944
6968
6998
7006
7015
7030
7049
7069
7085
7088
7104
7118
7137
7138
7144
7165
7193
7229
7258
7280
7311
7344
7368
7370
7373
7384
7394
7403
7392
7384
7381
7383
7377
7356
7337
7324
7312
7304
7277
7270
7268
7293
7310
7328
7365
7409
7447
7481
7487
7497
7497
7502
7479
7448
7421
7396
7362
7325
7259
7208
7155
7112
7054
7003
6967
6941
6922
6902
6876
6870
6870
6877
6864
6852
6846
6839
6832
6811
6782
6760
6745
6725
6690
6656
6641
6627
6619
6597
6567
6542
6521
6493
6455
6414
6371
6323
6273
6194
6130
6057
6008
5945
5883
5836
5803
5775
5754
5717
5697
5677
5668
5634
5590
5551
5511
5454
5382
5273
5172
5070
4974
4860
4750
4654
4571
4496
4421
4336
4266
4196
4127
4038
3953
3880
3812
3749
3676
3601
3538
3482
3420
3340
3265
3200
3134
3074
3000
2930
2872
2826
2778
2725
2681
2648
2611
2574
2506
2451
2388
2341
2274
2205
2147
2095
2043
1994
1921
1863
1799
1750
1679
1606
1548
1498
1446
1394
1322
1263
1203
1149
1080
1017
965
919
875
826
766
723
686
654
606
564
533
505
478
438
395
360
334
305
264
234
217
201
190
166
144
132
127
115
98
79
74
59
49
9
-19
-53
-68
-98
-129
-148
-168
-192
-211
-256
-284
-314
-321
-348
-372
-379
-375
-368
-355
-355
-337
-316
-291
-286
-283
-277
-270
-269
-283
-310
-324
-334
-340
-364
-384
-395
-405
-415
-440
-469
-492
-504
-519
-543
-551
-542
-528
-507
-500
-495
-486
-470
-462
-465
-464
-457
-456
-453
-480
-488
-498
-489
-492
-493
-479
-454
-431
-407
-412
-401
-402
-391
-405
-419
-417
-408
-400
-394
-402
-397
-388
-369
-365
-357
-341
-324
-311
-311
-328
-336
-340
-341
-358
-366
-363
-359
-356
-369
-382
-388
-384
-385
-396
-396
-385
-373
-360
-364
-372
-382
-388
-408
-437
-460
-480
-513
-545
-609
-661
-708
-744
-787
-823
-851
-863
-882
-896
-931
-932
-934
-913
-912
-903
-885
-866
-853
-846
-858
-866
-878
-893
-935
-984
-1034
-1096
-1168
-1255
-1356
-1444
-1526
-1604
-1696
-1780
-1855
-1931
-2011
-2118
-2238
-2366
-2499
-2652
-2829
-3012
-3202
-3403
-3610
-3843
-4084
-4332
-4575
-4836
-5105
-5357
-5584
-5803
-6006
-6227
-6427
-6623
-6804
-6995
-7187
-7368
-7536
-7701
-7862
-8047
-8207
-8370
-8513
-8679
-8846
-9006
-9166
-9333
-9509
-9700
-9881
-10064
-10239
-10432
-10618
-10789
-10952
-11110
-11275
-11444
-11598
-11743
-11879
-12021
-12152
-12272
-12390
-12507
-12644
-12781
-12911
-13027
-13143
-13263
-13371
-13465
-13552
-13626
-13708
-13774
-13825
-13845
-13865
-13878
-13865
-13828
-13781
-13720
-13672
-13599
-13514
-13414
-13313
-13203
-13072
-12917
-12762
-12601
-12462
-12300
-12134
-11960
-11816
-11677
-11535
-11393
-11253
-11122
-10999
-10862
-10722
-10573
-10438
-10292
-10128
-9952
-9768
-9588
-9415
-9233
-9054
-8881
-8728
-8567
-8395
-8219
-8040
-7881
-7722
-7558
-7383
-7216
-7061
-6903
-6742
-6586
-6434
-6307
-6175
-6045
-5897
-5765
-5637
-5492
-5334
-5176
-5014
-4878
-4738
-4608
-4479
-4379
-4290
-4201
-4110
-4028
-3947
-3896
-3821
-3750
-3668
-3604
-3537
-3461
-3382
-3300
-3220
-3153
-3066
-2968
-2855
-2752
-2640
-2517
-2394
-2273
-2167
-2072
-1969
-1859
-1748
-1652
-1546
-1427
-1304
-1173
-1060
-946
-831
-713
-606
-512
-416
-315
-212
-105
-18
79
173
281
368
446
532
625
712
801
863
931
994
1064
1113
1155
1204
1256
1294
1327
1331
1352
1378
1408
1425
1447
1483
1533
1590
1642
1680
1731
1781
1837
1868
1900
1943
1985
2016
2028
2027
2031
2037
2039
2028
2025
2037
2051
2070
2072
2078
2092
2118
2142
2157
2181
2215
2253
2299
2323
2361
2388
2427
2441
2443
2451
2464
2472
2481
2470
2474
2479
2500
2504
2510
2529
2557
2580
2597
2583
2584
2585
2597
2594
2594
2600
2608
2613
2610
2592
2588
2589
2600
2597
2603
2622
2647
2672
2681
2681
2686
2697
2702
2690
2686
2697
2715
2744
2761
2783
2812
2846
2868
2876
2884
2895
2904
2919
2910
2923
2936
2969
2986
2999
3019
3036
3044
3046
3023
3012
2997
2996
2972
2947
2932
2925
2913
2903
2875
2865
2858
2861
2849
2844
2852
2875
2897
2922
2936
2970
3014
3056
3076
3086
3097
3100
3105
3089
3064
3047
3043
3036
3016
3009
3015
3022
3034
3032
3034
3048
3075
3097
3109
3130
3160
3187
3217
3216
3229
3229
3238
3220
3195
3177
3166
3155
3148
3125
3125
3127
3150
3151
3154
3174
3207
3241
3278
3298
3333
3370
3418
3452
3491
3537
3581
3617
3637
3637
3645
3653
3663
3652
3644
3647
3652
3661
3658
3656
3664
3682
3696
3698
3712
3739
3768
3801
3815
3826
3839
3855
3858
3846
3837
3839
3842
3856
3849
3865
3882
3918
3940
3959
3986
4015
4041
4070
4076
4102
4122
4157
4162
4159
4162
4168
4167
4160
4131
4110
4087
4069
4034
4004
3986
3973
3960
3942
3908
3893
3884
3878
3861
3848
3850
3865
3885
3897
3901
3906
3913
3910
3890
3875
3867
3865
3865
3850
3833
3820
3813
3793
3762
3736
3721
3707
3703
3675
3670
3666
3679
3678
3675
3678
3684
3687
3689
3666
3662
3648
3648
3622
3594
3578
3568
3558
3544
3513
3490
3466
3446
3405
3366
3334
3303
3268
3222
3165
3121
3077
3033
2971
2912
2864
2819
2778
2722
2665
2613
2570
2521
2461
2411
2369
2329
2292
2242
2195
2153
2124
2085
2039
2005
1984
1959
1937
1887
1853
1815
1790
1753
1715
1687
1669
1650
1634
1591
1570
1544
1536
1506
1474
1447
1416
1374
1318
1238
1161
1080
1002
907
823
758
709
670
629
583
552
525
499
456
415
384
357
328
283
227
171
124
69
12
-33
-69
-99
-121
-156
-180
-201
-209
-225
-248
-261
-262
-266
-265
-289
-300
-313
-315
-330
-346
-354
-355
-361
-367
-402
-413
-429
-426
-441
-450
-444
-430
-414
-403
-409
-405
-399
-386
-387
-380
-356
-322
-284
-253
-230
-196
-158
-124
-112
-98
-79
-68
-61
-79
-103
-127
-146
-174
-214
-243
-259
-266
-267
-280
-282
-279
-255
-245
-238
-221
-194
-174
-150
-152
-142
-132
-108
-98
-90
-73
-48
-24
2
-2
12
15
30
22
15
15
17
17
12
-7
-12
-14
-6
-14
-15
-3
8
14
2
-27
-51
-74
-99
-142
-179
-202
-217
-219
-234
-242
-247
-243
-251
-268
-290
-310
-330
-349
-376
-392
-401
-395
-404
-418
-415
-406
-404
-398
-411
-411
-409
-391
-386
-382
-368
-347
-333
-320
-337
-333
-331
-315
-315
-312
-300
-283
-262
-242
-233
-213
-194
-172
-172
-169
-154
-134
-113
-101
-92
-69
-37
-6
9
27
53
76
100
100
93
80
61
24
-33
-88
-136
-181
-218
-272
-311
-348
-363
-393
-429
-451
-462
-470
-469
-482
-477
-467
-438
-427
-421
-407
-385
-366
-347
-353
-340
-329
-310
-310
-310
-303
-292
-277
-263
-260
-243
-227
-209
-214
-217
-212
-209
-207
-218
-236
-241
-237
-231
-240
-241
-233
-226
-216
-222
-226
-224
-216
-213
-221
-222
-213
-208
-199
-213
-213
-212
-190
-189
-184
-168
-135
-106
-77
-68
-45
-27
0
1
-2
6
22
32
39
17
5
-11
-21
-49
-75
-92
-108
-124
-146
-184
-212
-243
-271
-317
-357
-388
-419
-451
-499
-554
-598
-631
-662
-704
-732
-743
-747
-740
-747
-749
-742
-725
-710
-703
-689
-664
-642
-620
-627
-619
-617
-597
-592
-588
-568
-536
-501
-462
-445
-412
-384
-340
-320
-303
-277
-247
-225
-209
-220
-218
-217
-208
-216
-219
-213
-203
-194
-193
-205
-201
-195
-186
-197
-204
-201
-196
-192
-205
-226
-239
-241
-243
-254
-255
-250
-249
-248
-263
-276
-283
-288
-300
-319
-328
-324
-320
-312
-335
-343
-357
-357
-380
-400
-410
-404
-401
-397
-413
-416
-421
-410
-429
-449
-456
-452
-451
-450
-471
-471
-467
-453
-452
-446
-431
-413
-396
-389
-393
-379
-357
-329
-316
-294
-261
-229
-200
-191
-189
-181
-169
-164
-174
-177
-171
-165
-159
-170
-181
-184
-174
-167
-164
-153
-136
-131
-129
-161
-180
-208
-225
-258
-296
-322
-337
-344
-340
-351
-333
-318
-285
-279
-278
-269
-258
-254
-257
-284
-305
-331
-357
-397
-426
-438
-437
-429
-421
-416
-391
-357
-316
-290
-262
-228
-194
-163
-152
-149
-144
-135
-138
-163
-186
-208
-231
-254
-292
-330
-360
-375
-396
-422
-434
-429
-424
-411
-426
-423
-421
-402
-396
-393
-379
-359
-338
-317
-313
-288
-266
-235
-238
-249
-256
-252
-249
-247
-266
-275
-287
-290
-312
-338
-353
-361
-371
-393
-425
-444
-457
-466
-492
-512
-525
-540
-556
-591
-626
-656
-676
-703
-741
-770
-790
-812
-835
-875
-914
-948
-968
-1000
-1036
-1056
-1061
-1069
-1069
-1092
-1098
-1102
-1090
-1091
-1096
-1094
-1085
-1077
-1066
-1078
-1062
-1049
-1017
-1011
-1005
-986
-962
-937
-919
-918
-911
-908
-904
-922
-939
-950
-961
-976
-1006
-1045
-1070
-1093
-1115
-1152
-1176
-1180
-1174
-1158
-1153
-1139
-1114
-1074
-1037
-1009
-971
-926
-885
-847
-833
-819
-806
-783
-776
-778
-767
-744
-722
-692
-684
-660
-636
-600
-578
-559
-533
-497
-462
-423
-408
-366
-328
-274
-241
-205
-157
-104
-63
-45
-57
-76
-95
-119
-168
-226
-282
-338
-393
-451
-513
-554
-577
-589
-607
-607
-584
-554
-518
-500
-482
-462
-433
-407
-388
-361
-322
-282
-240
-215
-183
-151
-105
-80
-66
-47
-23
-9
0
-19
-34
-56
-74
-112
-153
-180
-188
-191
-189
-215
-217
-219
-203
-206
-209
-205
-196
-185
-178
-181
-170
-156
-134
-129
-119
-98
-73
-52
-49
-61
-69
-78
-89
-115
-127
-118
-97
-65
-49
-30
-5
27
54
71
94
125
155
184
186
191
187
192
173
142
116
93
65
41
-3
-31
-53
-55
-68
-79
-75
-55
-36
-11
-12
3
9
18
4
-8
-10
-9
-9
-17
-44
-64
-81
-99
-134
-163
-180
-182
-173
-163
-151
-131
-106
-85
-75
-58
-28
-5
23
28
31
35
45
46
36
33
37
43
52
37
37
35
52
50
42
43
48
47
48
29
25
23
36
29
17
14
19
19
21
-1
-4
-7
1
-6
-9
-3
5
11
7
-15
-26
-38
-44
-65
-77
-74
-61
-44
-38
-40
-34
-22
-11
-16
-10
10
32
58
66
74
88
110
129
136
148
167
184
202
194
206
218
251
268
283
308
337
359
379
374
377
368
365
330
280
230
180
120
54
-41
-127
-221
-314
-428
-543
-656
-769
-887
-1016
-1162
-1299
-1440
-1583
-1753
-1924
-2095
-2259
-2426
-2607
-2800
-2998
-3192
-3397
-3612
-3816
-4007
-4200
-4388
-4595
-4795
-4985
-5172
-5361
-5555
-5740
-5909
-6071
-6219
-6388
-6533
-6675
-6792
-6919
-7040
-7141
-7223
-7289
-7335
-7385
-7405
-7414
-7396
-7386
-7360
-7301
-7216
-7118
-7003
-6891
-6743
-6568
-6363
-6154
-5925
-5672
-5401
-5118
-4830
-4547
-4247
-3951
-3661
-3401
-3149
-2898
-2658
-2432
-2237
-2063
-1898
-1738
-1593
-1471
-1350
-1227
-1111
-997
-901
-809
-715
-617
-528
-451
-374
-293
-223
-158
-129
-86
-50
2
38
72
116
167
216
267
295
343
387
449
489
530
583
646
706
764
800
841
875
907
915
918
923
929
932
927
909
902
897
896
876
860
851
843
836
817
797
785
779
764
739
728
727
735
740
737
732
731
734
721
694
668
651
625
601
551
518
482
464
438
419
419
437
461
491
500
530
551
589
601
612
634
660
679
690
680
677
671
670
653
642
646
663
684
697
695
700
702
704
690
683
693
711
738
753
770
791
818
835
836
843
854
856
853
830
806
784
771
746
714
693
688
685
692
674
674
672
686
688
689
701
723
748
778
782
805
820
850
857
866
888
913
938
959
961
967
966
966
942
918
899
882
860
827
783
756
735
718
687
665
658
655
656
641
628
620
620
615
598
586
578
566
549
520
493
472
468
448
428
424
437
453
470
461
467
478
503
522
540
571
610
645
679
682
703
712
733
726
718
717
718
717
710
688
678
670
671
657
650
654
662
670
668
657
658
659
659
642
628
622
612
603
577
556
546
552
560
562
577
600
621
638
629
616
595
581
544
494
452
421
386
357
305
270
238
220
192
165
152
150
149
152
131
138
144
170
179
192
214
239
263
282
289
308
325
344
339
335
337
339
340
332
314
306
300
292
267
248
238
226
214
182
154
130
115
93
59
31
14
2
-5
-29
-44
-56
-47
-56
-59
-48
-24
-7
1
-18
-29
-40
-34
-44
-58
-61
-55
-52
-48
-81
-96
-121
-141
-188
-234
-270
-297
-321
-349
-390
-418
-449
-473
-514
-548
-568
-579
-584
-595
-610
-613
-613
-614
-632
-641
-636
-631
-624
-636
-648
-656
-655
-661
-677
-686
-686
-682
-673
-683
-683
-689
-679
-689
-704
-704
-692
-682
-672
-692
-710
-739
-766
-818
-875
-919
-948
-975
-996
-1041
-1065
-1093
-1109
-1141
-1168
-1183
-1191
-1192
-1194
-1204
-1198
-1189
-1174
-1177
-1175
-1162
-1144
-1126
-1119
-1118
-1107
-1096
-1091
-1105
-1113
-1107
-1102
-1092
-1102
-1109
-1109
-1102
-1100
-1108
-1109
-1100
-1089
-1072
-1078
-1069
-1066
-1045
-1042
-1040
-1021
-992
-966
-940
-937
-925
-914
-886
-884
-879
-869
-841
-813
-783
-780
-764
-759
-757
-778
-811
-839
-860
-873
-885
-900
-894
-882
-864
-867
-870
-869
-869
-874
-895
-926
-945
-952
-955
-966
-962
-943
-919
-890
-877
-861
-835
-799
-764
-737
-704
-664
-623
-580
-563
-528
-496
-445
-412
-384
-346
-302
-263
-226
-211
-185
-162
-126
-111
-95
-66
-26
10
48
64
94
120
152
168
187
209
231
246
251
238
236
234
236
221
212
216
224
236
239
245
266
303
341
368
404
445
480
511
519
525
534
546
547
535
524
520
512
504
463
436
398
367
312
252
205
170
140
119
83
71
61
69
58
50
57
82
108
131
138
154
177
214
234
264
295
328
357
379
384
402
421
448
458
475
503
536
573
598
620
648
684
713
727
746
773
797
819
819
814
811
811
800
777
760
757
753
758
737
735
730
739
732
722
718
718
712
700
656
621
575
545
493
444
412
388
365
342
308
294
290
303
306
318
342
372
403
425
433
456
487
523
542
565
593
618
637
635
626
618
615
606
587
582
589
595
599
581
558
536
521
493
454
422
403
386
375
341
327
314
319
314
311
320
339
358
378
377
402
423
466
489
513
552
598
641
676
692
706
719
731
719
709
693
672
648
611
567
530
492
461
418
385
370
356
351
330
309
292
287
278
259
250
249
248
248
234
223
219
232
241
249
271
307
342
383
397
426
449
479
488
486
487
495
502
509
488
489
483
494
481
467
465
467
468
464
444
436
428
430
418
415
427
445
461
467
461
467
474
480
472
472
484
494
503
494
486
482
483
473
449
430
419
411
409
396
389
387
400
401
398
409
430
442
452
429
414
395
389
371
352
339
334
325
320
293
293
292
308
304
304
315
332
349
363
365
382
403
436
454
481
520
566
611
645
672
695
718
725
708
694
683
665
645
602
558
517
481
435
383
341
311
289
277
254
244
238
249
244
234
239
260
279
304
306
319
331
356
364
369
381
399
413
430
416
419
413
417
400
385
383
386
387
382
362
355
347
344
322
305
300
300
300
290
269
257
247
233
201
176
165
159
161
147
140
142
158
170
175
187
206
226
248
247
254
259
279
279
272
276
289
297
308
295
294
292
302
295
287
290
304
317
332
319
326
326
334
319
304
296
292
288
278
253
242
232
232
217
213
229
253
281
299
311
336
364
389
397
413
429
444
455
449
450
453
468
471
461
454
459
464
474
461
459
443
434
396
346
307
282
264
254
226
212
199
199
183
164
157
160
159
159
131
126
122
132
129
131
142
160
181
196
196
208
220
235
230
227
233
241
248
242
229
229
240
254
254
262
280
297
317
318
321
327
340
349
353
364
385
403
421
409
408
395
395
373
346
328
320
312
314
300
306
318
350
366
380
402
429
443
449
420
403
380
363
327
293
269
251
239
229
211
214
220
232
221
210
208
207
203
182
153
131
118
104
78
66
69
76
85
86
94
109
136
151
153
162
178
200
223
215
221
216
223
211
192
188
191
192
189
159
140
113
106
83
65
62
73
79
85
70
69
66
66
48
30
20
13
5
-10
-36
-46
-53
-55
-74
-89
-89
-81
-67
-63
-59
-42
-13
18
38
68
111
152
195
220
243
271
302
321
325
328
333
333
334
309
306
302
314
308
295
286
277
262
246
206
183
153
138
101
66
48
43
38
35
18
17
22
38
41
51
74
105
142
172
189
219
245
267
268
267
274
280
282
269
251
241
238
229
206
189
185
184
190
186
188
201
226
243
254
274
300
325
342
327
326
319
331
323
306
296
290
283
281
257
253
254
282
293
310
341
377
409
439
450
467
483
503
508
517
537
559
580
587
574
563
548
530
491
453
420
385
350
299
247
203
173
141
100
72
59
48
42
22
8
6
21
33
43
65
101
133
167
170
187
194
208
202
189
179
173
162
147
98
64
18
-12
-64
-115
-151
-180
-213
-249
-300
-339
-378
-406
-446
-480
-505
-530
-556
-587
-623
-641
-652
-654
