0
-18
-62
-96
-115
-138
-143
-175
-197
-211
-202
-213
-244
-238
-214
-200
-166
-168
-163
-158
-142
-157
-191
-191
-176
-172
-142
-159
-160
-164
-164
-198
-237
-255
-268
-273
-273
-299
-302
-293
-288
-319
-358
-376
-393
-410
-429
-472
-493
-499
-499
-531
-542
-525
-511
-486
-491
-509
-521
-524
-535
-563
-576
-565
-552
-514
-507
-490
-477
-450
-457
-492
-498
-492
-490
-464
-467
-458
-449
-428
-439
-470
-467
-454
-450
-420
-430
-419
-407
-391
-406
-424
-421
-416
-408
-391
-399
-387
-368
-348
-365
-380
-367
-357
-338
-326
-330
-320
-301
-292
-320
-333
-322
-318
-293
-284
-280
-265
-238
-222
-230
-229
-212
-205
-176
-184
-181
-177
-153
-157
-186
-191
-190
-197
-185
-206
-214
-221
-214
-241
-294
-313
-324
-344
-342
-374
-389
-399
-405
-443
-483
-503
-521
-539
-551
-592
-614
-625
-626
-650
-674
-663
-654
-639
-631
-643
-640
-619
-606
-618
-617
-596
-579
-540
-520
-508
-490
-458
-438
-438
-420
-381
-351
-295
-281
-257
-237
-205
-203
-222
-220
-209
-204
-183
-196
-197
-203
-196
-224
-271
-276
-268
-263
-237
-244
-233
-217
-198
-210
-230
-236
-252
-278
-306
-362
-395
-415
-426
-463
-483
-466
-443
-404
-372
-357
-332
-299
-277
-291
-290
-271
-266
-253
-264
-287
-303
-310
-331
-376
-400
-406
-423
-411
-439
-449
-453
-438
-448
-472
-469
-451
-433
-393
-389
-364
-339
-298
-299
-323
-312
-293
-278
-249
-251
-240
-227
-211
-229
-250
-244
-235
-224
-213
-233
-238
-237
-234
-260
-276
-260
-246
-219
-203
-203
-193
-166
-148
-154
-151
-133
-128
-116
-118
-124
-123
-109
-108
-135
-137
-121
-117
-80
-87
-87
-85
-70
-80
-107
-112
-107
-108
-86
-103
-98
-94
-73
-95
-137
-146
-150
-155
-148
-167
-169
-162
-148
-163
-182
-177
-174
-172
-176
-209
-229
-243
-256
-298
-326
-326
-330
-321
-323
-333
-332
-320
-322
-355
-370
-363
-357
-335
-333
-340
-342
-330
-339
-379
-394
-391
-400
-376
-386
-377
-362
-333
-329
-343
-341
-334
-334
-307
-317
-292
-263
-212
-195
-187
-147
-104
-64
-21
-11
6
21
34
11
-16
-20
-28
-34
-41
-69
-77
-73
-70
-99
-116
-102
-87
-57
-44
-45
-43
-39
-60
-120
-170
-207
-240
-255
-271
-290
-300
-296
-313
-347
-350
-330
-329
-296
-300
-285
-267
-235
-222
-220
-200
-175
-164
-134
-158
-159
-161
-148
-165
-186
-176
-162
-149
-134
-147
-144
-133
-111
-119
-126
-106
-92
-78
-71
-89
-93
-87
-81
-104
-112
-90
-71
-36
-22
-15
0
27
42
28
28
47
64
95
105
112
119
138
126
78
49
27
-16
-39
-95
-134
-160
-164
-182
-208
-204
-192
-189
-156
-164
-137
-103
-53
-34
-21
14
46
73
97
86
82
74
65
22
-21
-32
-39
-36
-36
-61
-72
-77
-89
-140
-181
-199
-224
-226
-240
-254
-252
-238
-237
-263
-281
-282
-285
-266
-262
-241
-208
-156
-127
-120
-86
-40
-15
21
23
28
41
55
33
-14
-32
-44
-65
-59
-94
-103
-109
-102
-120
-138
-127
-112
-94
-74
-87
-86
-81
-73
-94
-106
-81
-45
2
46
68
105
148
179
169
165
178
173
178
157
126
99
77
38
-26
-79
-112
-146
-157
-193
-214
-226
-211
-219
-252
-253
-239
-232
-203
-201
-186
-165
-131
-127
-144
-129
-105
-95
-63
-83
-87
-95
-97
-130
-165
-177
-183
-181
-168
-176
-156
-122
-78
-65
-48
-1
47
101
148
175
212
248
264
227
188
159
113
79
22
-40
-88
-119
-151
-198
-229
-239
-251
-237
-251
-249
-242
-212
-209
-228
-216
-192
-181
-157
-158
-151
-137
-111
-119
-144
-136
-115
-103
-79
-102
-107
-109
-101
-118
-136
-128
-116
-98
-69
-64
-41
-13
18
13
11
34
53
75
85
72
64
62
52
7
-24
-38
-66
-80
-111
-147
-170
-179
-196
-232
-251
-250
-256
-236
-253
-255
-253
-232
-237
-261
-256
-242
-236
-212
-223
-220
-216
-193
-205
-236
-229
-212
-201
-169
-175
-169
-165
-156
-175
-195
-192
-183
-163
-129
-117
-83
-44
-8
-14
-21
-6
3
16
18
4
5
20
24
-8
-23
-17
-17
-2
-2
-5
4
22
24
-1
-12
-8
-18
-3
-28
-38
-48
-37
-49
-76
-73
-55
-42
-15
-27
-27
-31
-19
-48
-86
-86
-63
-48
-12
-6
6
23
34
8
-31
-47
-66
-81
-92
-132
-154
-167
-184
-244
-303
-334
-363
-372
-383
-396
-386
-354
-326
-327
-311
-277
-255
-224
-209
-200
-179
-146
-125
-131
-123
-102
-99
-73
-94
-99
-102
-84
-86
-101
-92
-74
-65
-38
-52
-45
-39
-15
-26
-53
-43
-25
-9
21
21
35
53
76
72
72
101
133
164
195
197
218
245
271
260
256
276
288
311
326
334
358
399
427
417
414
420
413
412
391
358
328
305
261
189
144
119
80
71
22
-10
-36
-41
-64
-95
-94
-76
-61
-24
-27
-5
15
48
41
17
26
40
54
82
83
97
124
153
147
140
151
168
185
210
208
226
256
290
292
301
337
370
412
434
443
463
498
523
517
524
547
565
596
610
619
636
669
680
670
700
758
805
876
898
921
937
955
939
899
878
865
842
842
796
770
739
719
657
577
522
468
416
379
321
279
244
211
145
77
38
3
-25
-49
-94
-116
-126
-134
-172
-197
-191
-187
-166
-162
-167
-164
-147
-140
-157
-157
-138
-126
-108
-116
-131
-143
-141
-160
-208
-222
-216
-218
-191
-199
-194
-186
-164
-164
-174
-156
-127
-111
-73
-83
-70
-61
-41
-56
-81
-77
-67
-47
-12
5
41
78
113
109
98
105
116
127
139
121
104
86
53
-16
-76
-118
-169
-204
-258
-320
-368
-401
-434
-485
-517
-529
-545
-549
-575
-595
-610
-606
-630
-679
-690
-683
-685
-666
-680
-677
-665
-637
-629
-633
-606
-566
-535
-475
-458
-413
-364
-300
-271
-252
-215
-186
-164
-143
-156
-157
-154
-147
-171
-190
-178
-167
-151
-137
-146
-138
-123
-118
-154
-183
-189
-204
-203
-218
-239
-250
-247
-254
-277
-281
-261
-240
-201
-191
-175
-156
-119
-113
-139
-136
-121
-119
-98
-110
-113
-114
-106
-130
-174
-186
-184
-188
-164
-184
-179
-172
-154
-166
-181
-173
-163
-154
-139
-151
-144
-132
-114
-129
-140
-120
-100
-76
-58
-59
-57
-37
-29
-45
-49
-28
-9
23
39
46
56
65
58
24
6
15
26
67
83
106
124
161
166
143
153
180
205
253
276
315
358
410
416
388
380
376
357
361
319
292
267
250
206
162
142
128
121
125
106
108
116
127
103
80
80
65
40
-13
-101
-187
-275
-379
-524
-653
-755
-861
-949
-1054
-1167
-1271
-1367
-1470
-1593
-1700
-1789
-1886
-1968
-2095
-2222
-2364
-2504
-2687
-2901
-3090
-3271
-3461
-3633
-3835
-4023
-4213
-4398
-4628
-4888
-5117
-5338
-5567
-5764
-5989
-6183
-6357
-6505
-6659
-6792
-6884
-6960
-7020
-7055
-7093
-7081
-7032
-6950
-6879
-6787
-6655
-6519
-6370
-6228
-6104
-5969
-5824
-5691
-5599
-5505
-5404
-5331
-5256
-5204
-5172
-5142
-5104
-5089
-5090
-5069
-5018
-4969
-4881
-4822
-4734
-4628
-4491
-4369
-4253
-4104
-3940
-3773
-3581
-3419
-3241
-3062
-2868
-2710
-2572
-2396
-2214
-2046
-1869
-1734
-1592
-1452
-1312
-1207
-1109
-994
-885
-782
-681
-613
-528
-436
-340
-278
-212
-121
-37
53
130
187
250
316
367
379
405
451
490
542
573
590
610
634
641
623
624
645
657
702
709
732
758
799
815
814
835
862
878
910
905
917
929
961
957
936
954
978
994
1024
1022
1034
1053
1080
1078
1076
1098
1119
1140
1164
1164
1183
1214
1252
1266
1294
1359
1425
1499
1550
1571
1588
1606
1607
1578
1576
1605
1633
1674
1687
1678
1660
1632
1564
1467
1389
1327
1253
1204
1125
1073
1037
1031
1003
967
957
959
952
968
948
960
975
1011
1013
999
1019
1043
1063
1091
1088
1096
1107
1127
1121
1116
1137
1156
1178
1202
1200
1215
1238
1261
1254
1258
1293
1327
1374
1407
1427
1456
1495
1516
1499
1493
1504
1508
1528
1536
1541
1558
1590
1605
1593
1608
1640
1659
1707
1715
1739
1769
1816
1842
1855
1890
1932
1961
2005
2002
2021
2041
2077
2074
2053
2059
2061
2053
2045
1999
1959
1917
1874
1798
1722
1676
1632
1593
1560
1509
1486
1483
1487
1463
1452
1472
1489
1524
1546
1563
1594
1639
1669
1668
1682
1712
1736
1771
1788
1798
1809
1832
1829
1791
1780
1786
1782
1800
1793
1800
1819
1854
1863
1860
1877
1908
1934
1985
1987
2023
2065
2133
2174
2202
2259
2314
2359
2401
2414
2439
2465
2494
2492
2497
2535
2574
2614
2644
2640
2638
2631
2612
2552
2494
2458
2418
2400
2374
2347
2334
2339
2337
2313
2305
2316
2324
2344
2346
2348
2358
2388
2394
2370
2374
2394
2399
2431
2428
2438
2453
2483
2491
2488
2514
2553
2582
2636
2643
2676
2709
2756
2771
2782
2822
2866
2911
2962
2985
3023
3064
3108
3119
3129
3167
3203
3246
3287
3303
3327
3353
3367
3343
3328
3339
3343
3365
3368
3366
3375
3396
3407
3396
3398
3416
3426
3445
3436
3432
3433
3453
3449
3422
3433
3464
3483
3521
3516
3512
3500
3493
3452
3390
3353
3330
3295
3282
3232
3208
3194
3201
3186
3175
3195
3217
3239
3264
3259
3268
3287
3312
3304
3300
3327
3355
3391
3421
3425
3436
3450
3454
3422
3403
3409
3409
3432
3441
3448
3468
3498
3513
3501
3496
3503
3501
3513
3491
3471
3450
3444
3405
3333
3288
3251
3202
3171
3108
3055
3011
2988
2946
2893
2878
2878
2867
2876
2829
2792
2750
2715
2652
2592
2564
2545
2532
2527
2495
2481
2470
2454
2394
2324
2276
2221
2169
2107
2024
1954
1894
1827
1723
1635
1578
1519
1482
1427
1368
1323
1293
1255
1195
1148
1120
1089
1086
1055
1040
1031
1046
1036
1001
997
1008
1011
1032
1019
1015
1009
1016
990
942
926
919
896
894
844
805
777
761
711
660
623
590
565
544
502
474
454
437
387
332
306
277
266
255
235
235
249
258
234
228
245
252
273
271
264
270
286
290
267
257
263
256
267
239
222
205
201
160
88
39
-1
-46
-72
-125
-157
-180
-180
-210
-258
-271
-273
-285
-277
-306
-316
-322
-325
-359
-391
-395
-392
-382
-364
-375
-370
-360
-351
-380
-409
-414
-428
-435
-449
-476
-482
-469
-467
-503
-523
-518
-519
-500
-496
-496
-483
-459
-446
-457
-450
-425
-414
-386
-410
-429
-457
-475
-526
-598
-642
-674
-707
-713
-742
-747
-745
-720
-726
-744
-720
-684
-653
-603
-584
-547
-502
-449
-425
-402
-369
-333
-301
-269
-270
-268
-268
-277
-333
-387
-427
-479
-518
-562
-617
-654
-675
-694
-740
-765
-770
-783
-783
-805
-838
-864
-877
-900
-944
-964
-962
-970
-949
-970
-972
-970
-953
-960
-981
-974
-953
-936
-898
-895
-871
-846
-797
-779
-773
-728
-678
-636
-584
-565
-534
-501
-468
-472
-482
-471
-465
-463
-463
-496
-515
-528
-542
-589
-633
-653
-679
-691
-711
-737
-743
-733
-730
-756
-760
-739
-721
-690
-675
-665
-645
-613
-602
-622
-622
-606
-608
-587
-613
-630
-648
-652
-682
-725
-742
-745
-751
-735
-759
-757
-753
-729
-743
-773
-764
-744
-721
-684
-675
-652
-625
-598
-606
-619
-610
-604
-598
-592
-610
-614
-609
-602
-626
-636
-629
-625
-615
-615
-619
-607
-584
-569
-581
-576
-549
-532
-509
-506
-512
-518
-511
-521
-557
-565
-556
-563
-544
-571
-588
-601
-597
-615
-644
-643
-623
-603
-553
-544
-511
-481
-439
-438
-453
-438
-419
-401
-373
-367
-343
-313
-280
-289
-313
-324
-346
-373
-399
-445
-468
-477
-486
-525
-553
-555
-567
-570
-593
-627
-648
-652
-663
-695
-703
-683
-662
-624
-604
-589
-572
-540
-534
-559
-553
-531
-530
-509
-534
-549
-557
-547
-557
-580
-573
-547
-524
-475
-472
-446
-425
-389
-391
-402
-390
-378
-367
-350
-360
-353
-337
-315
-328
-347
-345
-350
-354
-360
-387
-394
-389
-382
-405
-416
-399
-395
-383
-389
-399
-407
-395
-393
-412
-410
-392
-371
-338
-325
-312
-299
-277
-283
-321
-319
-299
-290
-254
-257
-255
-255
-250
-277
-325
-350
-367
-394
-391
-431
-444
-458
-454
-478
-505
-504
-496
-483
-458
-456
-432
-403
-370
-374
-382
-368
-362
-355
-351
-371
-375
-366
-357
-379
-387
-366
-351
-322
-318
-323
-319
-303
-296
-311
-314
-302
-298
-282
-294
-302
-310
-300
-315
-361
-375
-374
-380
-362
-373
-371
-364
-341
-340
-352
-333
-301
-282
-240
-251
-245
-242
-230
-246
-264
-261
-257
-248
-228
-232
-217
-195
-169
-177
-185
-166
-154
-142
-136
-148
-142
-126
-116
-143
-161
-159
-171
-172
-199
-236
-262
-271
-291
-318
-324
-312
-305
-288
-302
-305
-311
-295
-317
-369
-388
-391
-403
-392
-414
-416
-413
-396
-415
-456
-469
-477
-499
-499
-548
-576
-598
-607
-639
-665
-660
-648
-628
-599
-597
-579
-556
-527
-526
-515
-472
-430
-382
-343
-326
-298
-261
-230
-235
-227
-196
-181
-158
-162
-181
-196
-209
-240
-295
-335
-352
-366
-350
-363
-360
-358
-336
-345
-382
-391
-387
-389
-370
-382
-380
-373
-350
-360
-391
-390
-380
-384
-367
-391
-394
-391
-383
-404
-425
-417
-398
-371
-338
-336
-321
-304
-289
-313
-341
-345
-356
-363
-379
-414
-436
-446
-457
-495
-510
-493
-474
-432
-406
-389
-367
-341
-333
-353
-363
-361
-372
-366
-398
-411
-423
-409
-428
-468
-483
-489
-495
-485
-514
-524
-523
-502
-511
-537
-524
-500
-487
-457
-461
-444
-421
-390
-387
-387
-371
-363
-358
-352
-374
-378
-377
-374
-403
-424
-414
-405
-391
-391
-412
-420
-411
-407
-438
-452
-445
-444
-424
-421
-426
-424
-420
-437
-485
-519
-536
-563
-560
-594
-607
-612
-595
-601
-621
-613
-594
-579
-540
-532
-503
-470
-418
-401
-406
-379
-352
-338
-313
-328
-333
-338
-338
-362
-379
-367
-352
-335
-314
-322
-315
-301
-286
-305
-317
-306
-306
-300
-310
-335
-351
-357
-375
-426
-456
-462
-471
-460
-456
-454
-440
-416
-409
-428
-421
-392
-375
-332
-337
-331
-325
-305
-311
-340
-346
-342
-338
-323
-346
-350
-354
-328
-337
-356
-341
-319
-301
-265
-260
-240
-219
-194
-209
-231
-229
-228
-224
-214
-229
-227
-217
-207
-234
-261
-266
-283
-288
-304
-325
-334
-327
-331
-365
-379
-370
-366
-348
-346
-350
-345
-326
-329
-366
-390
-400
-424
-414
-439
-444
-443
-426
-431
-449
-445
-428
-419
-386
-393
-376
-361
-330
-336
-353
-333
-311
-297
-279
-297
-306
-312
-311
-339
-364
-358
-349
-335
-321
-338
-343
-344
-349
-391
-423
-430
-439
-434
-443
-462
-471
-468
-480
-522
-545
-547
-550
-537
-536
-534
-518
-485
-472
-489
-479
-452
-443
-407
-411
-398
-377
-341
-328
-332
-315
-290
-274
-233
-235
-218
-198
-161
-168
-190
-186
-187
-188
-191
-215
-230
-240
-244
-275
-298
-285
-267
-238
-210
-206
-187
-156
-132
-147
-159
-151
-153
-138
-138
-140
-126
-96
-80
-100
-112
-111
-121
-125
-155
-191
-219
-224
-247
-293
-304
-297
-303
-283
-305
-318
-325
-319
-334
-364
-369
-363
-367
-342
-365
-366
-369
-356
-376
-399
-392
-383
-372
-355
-367
-365
-360
-350
-370
-385
-364
-338
-302
-269
-261
-241
-216
-198
-219
-231
-216
-208
-184
-182
-191
-193
-186
-193
-227
-251
-262
-281
-287
-312
-330
-333
-309
-303
-324
-311
-280
-260
-215
-202
-179
-156
-124
-118
-130
-114
-88
-78
-46
-70
-79
-94
-103
-145
-190
-210
-227
-234
-235
-254
-259
-259
-252
-277
-289
-269
-258
-242
-225
-227
-210
-185
-166
-177
-174
-148
-130
-98
-91
-95
-94
-87
-94
-126
-146
-148
-154
-144
-163
-181
-194
-187
-209
-258
-273
-271
-282
-274
-303
-324
-341
-342
-366
-402
-401
-382
-369
-326
-328
-308
-290
-262
-260
-254
-221
-185
-145
-100
-80
-46
-11
19
2
-25
-33
-49
-61
-80
-119
-140
-145
-153
-192
-217
-223
-242
-250
-282
-322
-347
-355
-367
-398
-415
-413
-417
-402
-417
-426
-436
-426
-441
-476
-472
-452
-439
-405
-401
-385
-366
-331
-323
-336
-317
-290
-273
-229
-230
-209
-189
-164
-171
-178
-160
-140
-118
-92
-96
-85
-77
-62
-84
-92
-76
-63
-43
-38
-46
-42
-23
-16
-39
-46
-28
-22
-3
-5
-13
-14
-8
-13
-42
-62
-64
-75
-65
-96
-120
-146
-155
-190
-247
-269
-273
-278
-262
-276
-277
-277
-259
-273
-305
-297
-279
-271
-241
-252
-249
-246
-241
-267
-294
-297
-295
-288
-272
-281
-268
-245
-215
-216
-211
-178
-152
-121
-101
-97
-78
-45
-24
-40
-44
-30
-29
-16
-21
-33
-32
-20
-19
-39
-41
-24
-17
14
1
1
4
28
28
7
16
40
64
109
121
150
179
224
232
216
237
264
277
302
281
264
243
222
167
111
80
56
40
35
7
3
10
18
-15
-56
-82
-114
-143
-181
-224
-256
-273
-294
-351
-378
-378
-373
-353
-347
-348
-337
-316
-307
-322
-313
-282
-258
-206
-194
-171
-151
-116
-107
-118
-106
-84
-67
-28
-26
-10
-1
22
2
-40
-46
-45
-48
-32
-47
-48
-42
-28
-40
-51
-36
-17
11
50
64
98
139
180
182
183
203
212
225
222
202
193
195
184
137
104
91
69
60
36
8
-5
0
-5
-32
-37
-29
-38
-23
-52
-68
-85
-89
-120
-165
-181
-181
-181
-154
-166
-154
-143
-113
-122
-149
-140
-123
-107
-76
-72
-54
-29
-1
-5
-10
7
23
41
63
60
75
97
117
104
97
117
132
157
164
156
155
164
159
122
117
135
154
186
201
214
233
268
289
275
290
326
351
405
418
438
456
485
488
482
501
528
546
581
564
555
530
508
437
342
276
212
149
102
34
-12
-45
-68
-119
-170
-193
-217
-234
-244
-272
-277
-269
-256
-273
-278
-254
-233
-194
-171
-159
-138
-104
-80
-83
-65
-27
7
52
76
96
117
149
156
132
139
164
173
208
202
209
218
238
233
211
210
215
209
228
203
206
209
225
205
177
180
188
200
225
230
254
283
316
315
312
332
344
355
362
340
326
313
294
240
200
194
185
194
189
177
174
182
173
131
97
79
57
54
29
15
6
23
13
-33
-46
-48
-59
-41
-60
-74
-80
-72
-84
-108
-111
-98
-91
-56
-68
-54
-39
-10
-16
-32
-23
-14
-7
2
-19
-23
-19
-5
-23
-38
-23
-8
13
33
34
54
86
115
113
124
162
193
242
271
292
319
353
370
356
350
358
366
393
399
403
400
405
373
304
262
234
198
192
159
145
142
156
142
104
84
61
17
-2
-66
-97
-116
-111
-127
-140
-125
-108
-88
-62
-61
-40
-12
21
17
12
33
53
78
100
102
121
148
170
158
160
187
205
242
262
279
309
348
372
369
377
402
426
469
485
505
521
556
563
541
550
568
584
619
618
629
634
658
651
630
634
645
638
653
620
603
587
579
535
482
448
414
379
349
289
244
202
166
101
42
14
-18
-43
-74
-125
-162
-192
-227
-290
-330
-335
-343
-331
-336
-343
-336
-317
-308
-322
-325
-311
-301
-268
-269
-261
-249
-216
-208
-224
-205
-172
-147
-101
-80
-43
-1
54
74
72
100
131
141
170
153
156
165
180
166
154
168
189
217
251
256
278
302
325
312
299
312
320
336
346
337
338
344
340
298
270
263
245
243
224
200
186
181
162
118
85
68
48
56
31
20
9
16
-2
-40
-50
-52
-62
-56
-83
-102
-127
-127
-159
-208
-216
-218
-226
-214
-240
-244
-249
-246
-267
-282
-272
-257
-244
-229
-249
-256
-258
-256
-286
-309
-298
-285
-259
-239
-235
-220
-196
-187
-219
-238
-233
-233
-214
-211
-214
-208
-189
-180
-192
-191
-174
-171
-139
-144
-129
-108
-66
-56
-74
-74
-69
-77
-71
-102
-116
-126
-115
-135
-172
-167
-151
-143
-121
-144
-161
-179
-189
-224
-252
-248
-237
-218
-193
-195
-181
-163
-143
-156
-164
-143
-125
-94
-70
-55
-23
21
50
39
38
52
51
60
48
31
28
42
43
14
-1
-4
-25
-20
-59
-85
-107
-109
-131
-167
-179
-180
-187
-172
-194
-197
-196
-171
-177
-198
-176
-156
-132
-99
-97
-84
-75
-60
-78
-94
-80
-67
-56
-39
-48
-43
-32
-25
-51
-70
-58
-50
-24
-10
-7
8
37
56
41
45
67
80
107
114
107
103
110
94
47
21
15
4
31
24
43
75
132
171
194
235
278
307
351
348
363
373
399
384
346
335
326
313
314
289
279
272
268
235
202
196
188
183
186
170
171
176
173
128
76
33
-34
-103
-197
-315
-431
-538
-663
-820
-963
-1092
-1226
-1344
-1473
-1605
-1726
-1835
-1969
-2136
-2283
-2418
-2573
-2705
-2883
-3055
-3231
-3403
-3607
-3830
-4032
-4223
-4424
-4602
-4825
-5022
-5218
-5392
-5591
-5792
-5951
-6093
-6218
-6315
-6423
-6506
-6581
-6644
-6723
-6767
-6747
-6706
-6638
-6568
-6513
-6432
-6333
-6229
-6153
-6063
-5946
-5830
-5703
-5598
-5505
-5408
-5308
-5229
-5186
-5135
-5068
-5001
-4918
-4846
-4766
-4666
-4540
-4430
-4348
-4233
-4096
-3965
-3802
-3675
-3536
-3394
-3243
-3117
-3008
-2876
-2733
-2602
-2448
-2348
-2226
-2108
-1974
-1871
-1772
-1637
-1496
-1350
-1199
-1079
-951
-824
-697
-606
-517
-401
-287
-168
-48
50
167
294
415
496
580
683
772
867
934
983
1033
1088
1124
1128
1141
1166
1179
1198
1189
1178
1170
1177
1154
1098
1070
1054
1019
1006
956
921
896
894
875
849
857
882
901
951
955
986
1019
1066
1080
1086
1119
1156
1197
1244
1262
1291
1316
1334
1309
1281
1278
1275
1279
1277
1260
1261
1271
1286
1262
1251
1269
1280
1314
1325
1332
1351
1387
1409
1412
1428
1465
1494
1532
1539
1546
1554
1585
1595
1578
1598
1635
1660
1707
1717
1733
1744
1763
1754
1728
1734
1754
1764
1801
1786
1792
1793
1801
1773
1740
1731
1727
1730
1743
1730
1736
1746
1761
1739
1718
1726
1731
1743
1752
1741
1744
1756
1763
1736
1726
1741
1746
1763
1756
1736
1721
1714
1697
1663
1647
1659
1673
1710
1720
1737
1754
1789
1800
1786
1805
1839
1864
1909
1918
1932
1946
1969
1960
1930
1931
1945
1951
1985
1972
1978
1981
1990
1968
1945
1950
1961
1980
2013
2023
2051
2080
2107
2095
2083
2095
2101
2111
2112
2087
2072
2063
2047
1987
1952
1942
1926
1930
1907
1876
1856
1847
1835
1798
1773
1774
1774
1796
1785
1780
1779
1799
1794
1768
1779
1804
1822
1860
1860
1868
1878
1904
1898
1873
1887
1912
1928
1972
1981
2013
2051
2095
2107
2116
2144
2168
2190
2216
2219
2251
2298
2354
2379
2405
2456
2499
2541
2569
2576
2593
2618
2630
2603
2590
2600
2602
2618
2613
2598
2589
2590
2585
2566
2568
2593
2612
2657
2663
2678
2686
2706
2697
2667
2672
2698
2725
2775
2794
2825
2853
2892
2889
2861
2867
2882
2891
2921
2916
2930
2948
2973
2970
2970
2999
3032
3068
3109
3120
3144
3171
3199
3193
3192
3217
3235
3259
3272
3268
3280
3305
3321
3302
3301
3327
3346
3379
3388
3387
3396
3416
3427
3404
3405
3421
3433
3478
3484
3500
3517
3550
3556
3542
3553
3575
3596
3636
3634
3647
3659
3685
3672
3639
3641
3649
3650
3669
3655
3660
3671
3687
3670
3653
3659
3665
3673
3682
3663
3664
3674
3686
3665
3646
3652
3654
3665
3665
3648
3643
3648
3644
3611
3599
3614
3622
3643
3643
3628
3617
3612
3592
3547
3521
3513
3489
3491
3448
3423
3402
3399
3367
3311
3271
3236
3196
3178
3124
3093
3065
3056
3012
2958
2947
2952
2958
2981
2972
2969
2958
2937
2872
2796
2739
2675
2609
2542
2450
2378
2319
2267
2188
2118
2075
2023
1978
1914
1833
1757
1690
1608
1492
1391
1316
1239
1186
1124
1059
1006
967
915
840
792
765
736
749
716
701
683
677
652
608
594
588
584
611
608
629
649
682
676
647
648
651
648
653
630
621
617
613
573
531
516
500
485
471
427
401
384
368
319
282
275
263
264
249
225
211
209
196
153
129
129
131
151
162
171
189
219
226
202
206
228
235
266
251
244
236
234
200
140
96
60
19
9
-37
-54
-71
-68
-101
-150
-175
-205
-240
-267
-318
-350
-368
-373
-402
-426
-421
-418
-414
-412
-437
-447
-447
-446
-474
-487
-468
-450
-415
-399
-393
-381
-360
-355
-381
-393
-386
-381
-363
-362
-359
-348
-321
-317
-345
-344
-329
-330
-303
-312
-307
-307
-289
-296
-325
-334
-344
-368
-361
-400
-399
-397
-376
-382
-390
-369
-340
-310
-270
-258
-230
-198
-162
-162
-165
-142
-124
-105
-90
-102
-102
-99
-103
-147
-189
-208
-233
-244
-277
-320
-358
-389
-437
-512
-569
-602
-629
-634
-657
-671
-673
-650
-652
-684
-682
-664
-655
-621
-623
-617
-610
-595
-610
-648
-663
-668
-682
-665
-693
-694
-694
-682
-701
-722
-711
-687
-653
-611
-598
-576
-558
-541
-560
-581
-573
-566
-550
-534
-539
-529
-512
-501
-529
-548
-540
-536
-512
-509
-517
-520
-515
-525
-563
-590
-598
-606
-592
-600
-596
-582
-540
-521
-531
-511
-483
-473
-449
-464
-473
-481
-474
-491
-523
-522
-513
-512
-482
-498
-486
-478
-455
-465
-480
-469
-457
-450
-439
-451
-443
-427
-409
-426
-438
-420
-411
-398
-391
-407
-409
-403
-399
-428
-439
-418
-401
-365
-349
-345
-336
-323
-329
-363
-387
-396
-410
-407
-436
-455
-471
-462
-476
-517
-526
-524
-531
-520
-541
-547
-548
-530
-539
-563
-553
-532
-524
-494
-510
-508
-507
-501
-524
-551
-558
-564
-563
-551
-563
-550
-526
-497
-500
-502
-477
-459
-433
-415
-416
-403
-383
-375
-407
-429
-429
-434
-416
-409
-402
-381
-350
-333
-342
-342
-326
-318
-288
-292
-282
-270
-237
-235
-258
-255
-245
-248
-236
-258
-266
-270
-260
-287
-343
-371
-396
-437
-458
-520
-561
-591
-609
-646
-671
-655
-638
-612
-581
-579
-549
-515
-473
-471
-465
-431
-398
-359
-333
-329
-311
-290
-287
-325
-352
-358
-370
-361
-368
-379
-376
-362
-359
-378
-384
-370
-365
-335
-342
-334
-326
-299
-302
-326
-324
-312
-309
-292
-309
-314
-317
-301
-315
-348
-343
-328
-315
-279
-275
-254
-228
-196
-191
-187
-155
-117
-75
-30
-20
-1
9
4
-50
-110
-147
-187
-213
-244
-283
-303
-306
-315
-357
-385
-393
-412
-414
-432
-453
-461
-455
-461
-490
-499
-489
-489
-461
-473
-469
-464
-443
-449
-474
-474
-462
-454
-429
-441
-434
-428
-405
-420
-456
-455
-441
-430
-402
-404
-391
-374
-356
-375
-398
-397
-393
-382
-373
-388
-378
-366
-354
-384
-412
-405
-398
-365
-340
-321
-285
-227
-176
-157
-124
-69
-27
26
61
90
126
163
166
116
59
-8
-109
-192
-319
-424
-511
-569
-636
-702
-731
-736
-733
-701
-705
-692
-686
-666
-682
-711
-700
-682
-668
-643
-650
-644
-635
-622
-641
-664
-661
-655
-640
-618
-618
-598
-570
-544
-555
-561
-541
-525
-497
-480
-474
-457
-428
-411
-428
-426
-402
-383
-348
-329
-315
-294
-260
-243
-254
-241
-212
-202
-167
-181
-187
-193
-186
-200
-226
-229
-220
-217
-185
-193
-176
-164
-140
-155
-185
-184
-185
-195
-203
-244
-278
-314
-347
-411
-469
-493
-510
-517
-515
-533
-530
-517
-506
-534
-557
-549
-551
-536
-545
-565
-575
-572
-575
-605
-624
-625
-628
-619
-625
-633
-633
-611
-606
-628
-619
-590
-575
-535
-536
-525
-510
-485
-481
-491
-475
-446
-429
-387
-389
-368
-351
-323
-333
-356
-348
-336
-323
-301
-306
-295
-280
-261
-275
-287
-270
-254
-233
-213
-212
-193
-165
-142
-157
-168
-158
-160
-149
-153
-160
-149
-121
-98
-95
-71
-23
21
70
85
81
64
48
-6
-97
-159
-205
-262
-292
-359
-410
-450
-471
-511
-560
-575
-572
-575
-552
-581
-589
-603
-609
-654
-706
-727
-736
-737
-725
-733
-720
-700
-675
-684
-696
-683
-675
-666
-660
-674
-668
-646
-621
-624
-612
-574
-544
-501
-478
-470
-447
-410
-373
-365
-347
-315
-298
-268
-266
-261
-258
-237
-245
-281
-283
-267
-258
-217
-212
-200
-183
-154
-153
-171
-166
-155
-165
-159
-213
-254
-300
-339
-406
-473
-503
-525
-537
-540
-564
-566
-559
-546
-565
-582
-569
-560
-548
-543
-560
-566
-564
-570
-613
-647
-658
-679
-687
-714
-746
-765
-766
-768
-783
-777
-749
-722
-675
-655
-628
-599
-549
-527
-531
-502
-459
-427
-376
-360
-338
-316
-282
-278
-293
-278
-255
-245
-208
-217
-207
-199
-186
-208
-241
-257
-273
-285
-285
-306
-302
-285
-258
-258
-256
-228
-203
-173
-149
-144
-124
-96
-80
-106
-131
-146
-183
-212
-271
-342
-405
-454
-507
-573
-614
-628
-635
-606
-609
-602
-593
-573
-576
-609
-608
-601
-606
-591
-605
-607
-608
-598
-616
-656
-660
-652
-650
-620
-629
-614
-594
-568
-569
-568
-546
-526
-506
-484
-495
-489
-476
-457
-472
-484
-467
-452
-430
-415
-420
-415
-402
-400
-432
-448
-438
-435
-414
-410
-407
-388
-356
-333
-332
-319
-291
-276
-243
-258
-270
-289
-295
-332
-394
-430
-455
-483
-488
-518
-525
-524
-502
-512
-541
-536
-528
-534
-523
-551
-559
-560
-553
-573
-590
-582
-573
-564
-556
-578
-579
-571
-558
-576
-586
-566
-548
-522
-502
-498
-480
-450
-428
-438
-428
-391
-362
-317
-289
-272
-246
-215
-199
-205
-195
-166
-151
-112
-118
-116
-123
-124
-148
-194
-206
-209
-220
-205
-218
-203
-177
-137
-133
-147
-124
-95
-76
-45
-44
-24
4
42
51
59
87
107
117
118
79
48
19
-11
-70
-120
-140
-157
-159
-168
-193
-207
-210
-222
-265
-286
-280
-279
-265
-273
-296
-313
-324
-349
-398
-428
-435
-447
-427
-449
-453
-451
-427
-427
-444
-439
-424
-415
-384
-388
-369
-347
-306
-300
-315
-297
-276
-265
-242
-248
-237
-220
-196
-203
-211
-199
-186
-170
-152
-161
-155
-144
-134
-161
-182
-179
-184
-178
-183
-199
-201
-190
-190
-219
-228
-213
-199
-163
-136
-111
-77
-34
-11
-17
1
44
83
157
191
240
285
336
350
334
326
317
284
272
212
181
146
124
61
-27
-76
-119
-161
-195
-254
-298
-333
-363
-429
-493
-525
-553
-573
-582
-607
-609
-597
-583
-600
-606
-584
-564
-533
-516
-514
-502
-478
-463
-480
-478
-455
-435
-396
-370
-347
-314
-266
-235
-232
-204
-161
-140
-96
-99
-91
-84
-67
-78
-105
-114
-115
-124
-107
-127
-118
-102
-63
-54
-54
-22
12
35
58
43
28
7
-16
-74
-129
-153
-171
-182
-185
-207
-210
-203
-197
-222
-236
-224
-220
-204
-207
-219
-222
-217
-225
-265
-292
-298
-305
-296
-300
-305
-298
-272
-267
-290
-283
-257
-245
-208
-213
-208
-199
-175
-174
-188
-181
-166
-161
-134
-153
-147
-143
-122
-134
-152
-131
-107
-86
-58
-66
-55
-40
-12
-18
-23
-2
16
32
40
21
17
17
9
-35
-67
-69
-73
-53
-47
-47
-37
-19
-15
-38
-47
-38
-34
-13
-5
13
43
92
113
99
111
134
138
162
146
137
130
130
98
45
13
-13
-52
-65
-125
-153
-175
-175
-197
-217
-204
-182
-155
-119
-111
-90
-69
-47
-60
-72
-56
-40
-20
-4
-17
-21
-27
-47
-107
-158
-180
-206
-209
-225
-241
-241
-225
-220
-241
-249
-238
-229
-202
-197
-182
-155
-103
-74
-74
-46
-9
11
51
56
72
91
123
128
116
132
153
161
191
173
177
186
208
202
194
211
231
254
278
266
276
287
301
280
255
265
277
300
325
324
339
369
397
392
403
440
476
530
561
580
603
631
641
619
597
581
546
517
450
387
325
287
223
137
83
41
-13
-51
-121
-175
-218
-238
-283
-342
-366
-377
-400
-394
-430
-442
-449
-445
-470
-495
-495
-490
-479
-458
-461
-444
-421
-392
-396
-397
-366
-334
-291
-248
-221
-177
-123
-77
-68
-47
-4
31
82
109
123
137
151
148
118
98
94
82
92
71
63
59
77
73
49
59
85
104
139
138
144
151
173
164
135
140
153
150
164
129
107
85
68
22
-23
-44
-61
-75
-82
-116
-128
-129
-122
-145
-172
-164
-168
-162
-168
-197
-209
-213
-222
-262
-288
-299
-321
-327
-351
-379
-398
-403
-413
-441
-454
-448
-452
-433
-451
-450
-442
-411
-406
-420
-405
-378
-361
-327
-328
-316
-305
-280
-290
-321
-315
-300
-296
-271
-278
-262
-234
-196
-183
-171
-139
-112
-86
-59
-62
-49
-33
-20
-43
-64
-59
-58
-44
-36
-40
-29
-2
19
9
19
51
73
110
125
129
138
152
145
108
81
66
33
21
-37
-83
-125
-147
-191
-245
-263
-260
-254
-220
-215
-192
-169
-131
-134
-161
-155
-143
-141
-123
-139
-141
-140
-137
-169
-206
-219
-228
-230
-226
-247
-248
-241
-234
-262
-286
-282
-279
-262
-254
-260
-250
-223
-196
-197
-186
-145
-118
-73
-48
-35
-21
3
10
-8
-5
13
16
50
40
40
41
58
49
23
20
29
33
60
52
66
81
111
102
74
87
110
127
152
142
143
143
143
107
67
52
41
37
40
21
23
36
54
41
38
63
85
120
147
163
189
222
234
203
180
170
153
147
125
98
79
75
57
17
7
21
24
60
55
63
70
86
76
50
46
52
51
65
25
-5
-54
-109
-221
-363
-483
-602
-728
-844
-991
-1125
-1256
-1383
-1540
-1694
-1816
-1932
-2042
-2151
-2286
-2407
-2527
-2658
-2831
-3004
-3158
-3329
-3495
-3681
-3878
-4067
-4242
-4431
-4652
-4858
-5042
-5233
-5399
-5578
-5766
-5942
-6106
-6279
-6462
-6597
-6688
-6781
-6833
-6914
-6965
-6989
-6970
-6949
-6916
-6845
-6748
-6648
-6517
-6427
-6305
-6175
-6024
-5910
-5815
-5705
-5610
-5533
-5463
-5429
-5387
-5343
-5299
-5293
-5292
-5260
-5223
-5171
-5109
-5059
-4978
-4872
-4755
-4663
-4555
-4416
-4277
-4121
-3977
-3838
-3687
-3521
-3365
-3236
-3089
-2922
-2760
-2587
-2432
-2280
-2127
-1962
-1819
-1705
-1559
-1394
-1242
-1064
-926
-781
-637
-487
-366
-265
-144
-15
101
238
323
426
517
609
656
688
742
795
844
896
918
950
979
1004
986
958
947
925
903
878
835
817
815
820
800
798
826
849
884
895
895
905
929
943
932
930
938
938
948
936
930
936
956
965
947
967
1005
1025
1069
1073
1086
1105
1130
1119
1088
1080
1077
1062
1070
1036
1032
1032
1043
1024
1002
1006
1016
1031
1060
1070
1105
1153
1211
1240
1271
1330
1385
1441
1486
1503
1533
1568
1596
1586
1585
1603
1604
1613
1595
1562
1532
1510
1476
1422
1385
1369
1356
1368
1360
1359
1361
1381
1375
1346
1356
1389
1419
1477
1504
1540
1580
1630
1648
1640
1654
1675
1682
1718
1706
1713
1716
1722
1691
1650
1629
1609
1591
1586
1562
1563
1575
1597
1585
1574
1589
1599
1612
1616
1597
1590
1594
1596
1568
1555
1570
1578
1602
1600
1587
1579
1577
1561
1520
1491
1483
1477
1497
1493
1504
1520
1559
1570
1555
1573
1607
1630
1676
1690
1717
1748
1782
1786
1762
1770
1785
1783
1798
1770
1766
1768
1785
1773
1760
1774
1792
1811
1837
1837
1857
1884
1919
1928
1945
1992
2035
2079
2110
2113
2119
2126
2122
2079
2052
2052
2047
2066
2071
2071
2079
2095
2097
2072
2054
2051
2040
2051
2029
2023
2022
2045
2045
2025
2034
2056
2070
2103
2107
2127
2148
2183
2184
2164
2177
2195
2200
2225
2215
2228
2251
2284
2293
2307
2349
2396
2446
2501
2527
2570
2619
2668
2683
2703
2750
2795
2845
2885
2900
2921
2946
2960
2941
2941
2968
2986
3018
3023
3013
3007
3011
3007
2986
2986
3011
3032
3083
3096
3123
3148
3187
3194
3178
3184
3199
3209
3238
3237
3252
3269
3304
3302
3273
3283
3306
3317
3352
3349
3365
3392
3426
3441
3455
3495
3536
3578
3616
3622
3638
3661
3683
3671
3665
3685
3699
3717
3724
3711
3707
3716
3716
3690
3688
3712
3728
3757
3768
3771
3783
3801
3804
3779
3771
3783
3785
3815
3803
3804
3805
3819
3802
3764
3749
3744
3733
3742
3719
3719
3724
3751
3746
3725
3741
3759
3762
3776
3759
3757
3765
3781
3771
3765
3787
3811
3836
3860
3849
3843
3831
3809
3745
3681
3639
3588
3544
3487
3415
3353
3300
3235
3137
3059
3008
2956
2924
2883
2842
2816
2806
2782
2732
2702
2688
2658
2655
2608
2574
2539
2516
2466
2400
2357
2329
2298
2291
2248
2228
2206
2197
2145
2071
2029
1990
1945
1915
1850
1813
1788
1770
1727
1678
1655
1632
1606
1585
1524
1470
1421
1372
1288
1211
1156
1100
1054
995
923
867
828
783
709
653
619
583
562
527
485
454
439
404
344
310
296
270
276
243
228
217
222
204
169
152
141
122
122
80
63
46
49
17
-28
-42
-55
-74
-87
-129
-159
-186
-208
-260
-308
-324
-333
-332
-326
-341
-338
-326
-316
-337
-344
-315
-282
-230
-192
-168
-140
-109
-104
-142
-177
-203
-241
-268
-311
-355
-386
-397
-424
-479
-506
-519
-547
-550
-593
-624
-653
-669
-709
-759
-781
-792
-813
-808
-844
-852
-856
-840
-855
-876
-863
-844
-826
-802
-806
-796
-778
-753
-760
-770
-752
-732
-710
-686
-697
-691
-680
-665
-676
-675
-657
-649
-631
-636
-653
-666
-674
-695
-745
-782
-794
-799
-785
-785
-787
-785
-770
-780
-822
-835
-833
-844
-830
-855
-868
-876
-871
-889
-923
-937
-944
-963
-956
-992
-1000
-1005
-993
-1010
-1027
-1011
-987
-959
-925
-918
-899
-881
-864
-887
-912
-910
-908
-897
-883
-886
-870
-845
-826
-842
-849
-833
-829
-813
-818
-831
-832
-818
-813
-833
-844
-845
-857
-863
-898
-929
-954
-959
-989
-1049
-1073
-1076
-1087
-1071
-1087
-1091
-1088
-1069
-1074
-1093
-1083
-1062
-1054
-1026
-1047
-1045
-1039
-1015
-1017
-1018
-992
-961
-928
-891
-886
-874
-866
-859
-888
-916
-915
-915
-908
-903
-916
-915
-905
-899
-919
-935
-924
-924
-908
-902
-901
-880
-852
-836
-847
-847
-838
-842
-830
-839
-842
-842
-824
-838
-884
-900
-903
-916
-907
-931
-944
-954
-946
-962
-988
-976
-946
-925
-877
-878
-859
-840
-815
-823
-837
-828
-815
-801
-783
-797
-796
-792
-786
-815
-843
-842
-845
-845
-852
-880
-897
-909
-931
-989
-1033
-1051
-1074
-1075
-1089
-1103
-1097
-1074
-1058
-1064
-1061
-1043
-1033
-1006
-1011
-1007
-1001
-974
-976
-1007
-1012
-1009
-1021
-1023
-1062
-1091
-1114
-1117
-1143
-1180
-1176
-1156
-1141
-1098
-1094
-1065
-1030
-982
-961
-942
-905
-869
-833
-793
-780
-747
-706
-662
-656
-652
-627
-611
-592
-584
-602
-614
-623
-643
-702
-747
-764
-796
-802
-820
-842
-848
-843
-846
-861
-863
-840
-832
-807
-819
-817
-818
-803
-820
-856
-863
-855
-852
-827
-835
-830
-821
-796
-805
-836
-833
-822
-823
-803
-823
-827
-828
-824
-849
-880
-890
-899
-902
-894
-906
-894
-875
-857
-876
-892
-881
-875
-861
-854
-861
-853
-830
-810
-817
-804
-766
-739
-697
-676
-664
-643
-610
-588
-587
-573
-546
-534
-503
-516
-519
-525
-517
-537
-574
-583
-579
-582
-570
-596
-610
-628
-636
-682
-752
-786
-808
-834
-838
-872
-887
-895
-897
-927
-956
-958
-957
-949
-932
-939
-924
-899
-869
-872
-869
-841
-823
-802
-799
-819
-831
-836
-853
-906
-940
-949
-960
-951
-951
-953
-940
-917
-906
-911
-896
-851
-819
-759
-745
-720
-693
-654
-653
-671
-662
-643
-629
-597
-601
-583
-566
-536
-544
-575
-578
-584
-602
-608
-642
-661
-674
-683
-722
-759
-771
-780
-786
-789
-818
-829
-835
-843
-882
-911
-910
-909
-892
-882
-880
-865
-838
-824
-843
-844
-823
-807
-778
-769
-771
-766
-750
-746
-766
-760
-736
-726
-692
-707
-713
-722
-718
-736
-766
-772
-764
-763
-743
-765
-763
-761
-738
-748
-770
-758
-741
-726
-697
-696
-681
-659
-634
-642
-655
-646
-639
-633
-630
-657
-664
-660
-651
-671
-680
-660
-643
-614
-600
-602
-600
-593
-607
-654
-685
-694
-704
-699
-706
-712
-704
-676
-664
-678
-669
-647
-645
-626
-651
-666
-669
-669
-697
-743
-773
-787
-807
-799
-839
-850
-859
-843
-859
-886
-875
-849
-821
-779
-755
-713
-663
-607
-586
-573
-545
-531
-526
-530
-561
-576
-580
-589
-629
-658
-658
-665
-661
-674
-699
-716
-722
-744
-794
-823
-825
-826
-811
-812
-813
-807
-788
-792
-826
-828
-810
-802
-763
-759
-741
-716
-679
-669
-680
-673
-659
-654
-618
-625
-603
-582
-546
-546
-556
-539
-524
-512
-496
-507
-507
-502
-493
-519
-550
-558
-570
-579
-587
-613
-617
-608
-597
-618
-626
-610
-602
-579
-573
-574
-562
-537
-525
-539
-539
-521
-505
-474
-463
-455
-448
-427
-431
-468
-474
-463
-463
-437
-447
-444
-438
-420
-426
-456
-465
-461
-477
-469
-510
-531
-546
-550
-575
-605
-603
-595
-581
-561
-566
-555
-536
-512
-521
-527
-501
-474
-439
-405
-396
-383
-372
-375
-419
-455
-468
-490
-501
-531
-567
-587
-591
-599
-625
-634
-623
-619
-603
-615
-624
-632
-622
-641
-692
-716
-729
-755
-758
-793
-813
-824
-818
-835
-867
-868
-859
-859
-830
-843
-827
-808
-779
-782
-790
-777
-763
-748
-728
-732
-717
-694
-666
-670
-674
-652
-633
-611
-596
-607
-607
-598
-593
-620
-633
-620
-615
-594
-593
-597
-593
-583
-587
-615
-630
-626
-623
-602
-610
-614
-615
-599
-613
-656
-669
-671
-682
-670
-688
-692
-690
-672
-681
-708
-701
-681
-673
-638
-650
-641
-621
-592
-587
-587
-566
-540
-516
-484
-479
-466
-451
-434
-453
-471
-461
-456
-442
-436
-453
-453
-441
-435
-461
-470
-453
-446
-425
-429
-446
-460
-468
-497
-556
-605
-634
-662
-662
-687
-693
-688
-655
-642
-650
-627
-591
-565
-521
-508
-480
-446
-395
-376
-376
-342
-300
-277
-239
-254
-257
-266
-272
-313
-361
-393
-429
-469
-506
-572
-620
-657
-683
-731
-766
-760
-747
-722
-700
-698
-684
-660
-642
-657
-654
-628
-610
-572
-550
-532
-502
-465
-445
-450
-446
-425
-411
-370
-364
-342
-317
-275
-263
-277
-269
-256
-257
-246
-269
-277
-282
-268
-284
-318
-318
-315
-327
-327
-371
-402
-430
-451
-495
-527
-533
-519
-499
-461
-455
-434
-408
-389
-403
-416
-404
-403
-393
-393
-408
-412
-410
-419
-459
-480
-477
-475
-454
-448
-447
-435
-416
-413
-436
-442
-429
-422
-385
-387
-373
-360
-331
-330
-349
-342
-325
-315
-286
-292
-280
-267
-232
-229
-243
-221
-195
-180
-155
-172
-183
-199
-218
-269
-315
-331
-342
-349
-349
-374
-380
-378
-374
-403
-424
-416
-409
-390
-382
-392
-395
-391
-400
-442
-463
-459
-458
-436
-426
-418
-396
-360
-335
-332
-310
-273
-255
-217
-226
-221
-214
-191
-192
-210
-208
-201
-205
-192
-215
-216
-214
-195
-216
-257
-264
-266
-279
-283
-318
-340
-356
-368
-408
-445
-452
-451
-441
-422
-426
-410
-392
-374
-381
-381
-358
-342
-324
-312
-314
-300
-284
-286
-326
-349
-352
-363
-365
-380
-403
-417
-415
-422
-450
-451
-430
-424
-391
-399
-390
-377
-349
-348
-364
-363
-352
-350
-329
-352
-350
-344
-312
-309
-316
-288
-260
-242
-224
-245
-258
-270
-278
-315
-351
-356
-353
-341
-322
-325
-307
-282
-258
-273
-284
-274
-271
-256
-258
-271
-275
-269
-276
-313
-331
-329
-328
-311
-309
-311
-302
-276
-267
-285
-278
-256
-251
-222
-235
-232
-224
-200
-198
-205
-186
-154
-127
-77
-72
-48
-28
3
-5
-27
-17
-4
6
23
11
10
12
14
-19
-55
-60
-62
-52
-36
-40
-24
3
28
20
22
48
65
90
106
110
124
145
141
106
79
67
54
50
31
18
19
40
45
22
39
81
116
182
212
249
283
321
325
307
309
319
317
340
315
311
303
306
274
233
221
210
195
183
142
116
93
73
15
-49
-90
-136
-175
-213
-271
-308
-333
-360
-418
-463
-476
-489
-482
-493
-512
-523
-520
-526
-555
-569
-563
-559
-543
-552
-565
-579
-577
-596
-640
-648
-635
-629
-591
-583
-562
-534
-492
-475
-475
-449
-413
-389
-342
-342
-317
-290
-251
-248
-254
-236
-220
-204
-182
-184
-168
-150
-131
-150
-175
-176
-183
-185
-188
-209
-211
-200
-194
-222
-242
-240
-248
-238
-246
-257
-256
-240
-239
-247
-241
-211
-191
-165
-164
-162
-156
-133
-144
-192
-207
-209
-223
-215
-247
-267
-283
-286
-315
-355
-361
-350
-346
-314
-328
-316
-302
-279
-288
-296
-278
-255
-234
-210
-218
-214
-213
-214
-254
-295
-310
-323
-328
-333
-351
-342
-318
-297
-311
-316
-300
-295
-276
-282
-298
-306
-307
-324
-366
-395
-406
-420
-416
-442
-456
-459
-433
-425
-434
-403
-354
-311
-250
-226
-200
-181
-154
-159
-184
-180
-166
-169
-150
-174
-177
-179
-179
-212
-250
-269
-290
-313
-334
-379
-402
-414
-416
-450
-481
-485
-490
-484
-477
-478
-454
-412
-375
-374
-366
-345
-342
-329
-342
-365
-380
-381
-391
-423
-440
-438
-442
-422
-433
-430
-416
-378
-375
-392
-390
-371
-362
-337
-353
-354
-347
-316
-313
-332
-316
-288
-274
-242
-251
-241
-231
-216
-233
-251
-248
-244
-235
-218
-225
-212
-192
-169
-177
-179
-153
-131
-104
-89
-94
-88
-72
-63
-92
-107
-103
-108
-96
-102
-114
-113
-99
-89
-95
-85
-56
-37
8
12
29
45
80
88
76
90
113
129
162
158
162
162
175
151
107
104
117
127
160
158
173
195
225
226
223
238
245
251
255
225
206
194
189
155
127
122
105
85
39
-41
-129
-223
-339
-496
-640
-764
-900
-1025
-1169
-1317
-1447
-1558
-1674
-1808
-1923
-2021
-2137
-2237
-2389
-2542
-2706
-2860
-3040
-3236
-3414
-3583
-3766
-3941
-4154
-4362
-4576
-4782
-5034
-5302
-5536
-5761
-5987
-6185
-6408
-6600
-6770
-6907
-7047
-7160
-7225
-7274
-7303
-7305
-7301
-7244
-7149
-7026
-6924
-6811
-6677
-6557
-6441
-6347
-6274
-6196
-6113
-6050
-6029
-6000
-5957
-5930
-5897
-5887
-5888
-5881
-5860
-5846
-5847
-5814
-5747
-5680
-5569
-5485
-5371
-5241
-5087
-4950
-4823
-4671
-4503
-4334
-4134
-3963
-3762
-3558
-3336
-3153
-2991
-2799
-2606
-2419
-2220
-2054
-1879
-1705
-1531
-1396
-1266
-1115
-970
-829
-690
-581
-457
-330
-210
-130
-50
49
136
221
282
321
363
413
450
456
480
524
562
609
634
647
663
690
698
678
681
700
701
731
721
730
744
773
778
764
769
786
799
838
842
867
906
968
998
1012
1046
1080
1105
1133
1134
1140
1140
1148
1129
1112
1126
1138
1158
1181
1181
1200
1231
1262
1261
1274
1312
1339
1371
1381
1376
1377
1388
1384
1348
1327
1328
1327
1340
1335
1326
1327
1344
1342
1312
1310
1323
1321
1350
1343
1354
1371
1402
1408
1397
1400
1408
1405
1426
1400
1397
1387
1387
1348
1295
1272
1253
1235
1227
1199
1194
1204
1228
1226
1228
1258
1290
1325
1356
1362
1384
1415
1441
1433
1434
1460
1482
1521
1546
1561
1583
1615
1630
1615
1610
1616
1613
1623
1619
1620
1632
1664
1676
1657
1668
1693
1701
1729
1715
1709
1703
1709
1695
1668
1671
1685
1689
1719
1703
1713
1726
1754
1749
1733
1735
1733
1728
1730
1708
1690
1682
1674
1639
1611
1618
1627
1646
1665
1662
1672
1684
1688
1661
1648
1663
1677
1713
1733
1748
1775
1811
1828
1814
1809
1818
1824
1849
1857
1871
1894
1939
1962
1958
1990
2038
2074
2129
2145
2165
2182
2206
2198
2166
2157
2153
2134
2144
2114
2117
2129
2158
2157
2152
2168
2183
2197
2219
2218
2238
2266
2301
2301
2306
2341
2377
2420
2459
2476
2506
2540
2563
2546
2535
2543
2539
2553
2549
2540
2539
2544
2536
2504
2482
2476
2468
2481
2474
2485
2509
2561
2591
2597
2637
2689
2723
2769
2773
2781
2788
2807
2800
2777
2784
2797
2796
2819
2801
2812
2832
2868
2878
2886
2914
2939
2963
2990
2989
3005
3027
3051
3050
3061
3098
3140
3186
3227
3251
3287
3335
3368
3367
3383
3429
3467
3527
3566
3601
3639
3679
3701
3694
3691
3703
3711
3739
3739
3751
3767
3806
3820
3809
3828
3856
3875
3911
3911
3920
3932
3961
3959
3936
3944
3962
3967
3995
3980
3984
3992
4008
3998
3989
4004
4020
4037
4061
4060
4077
4095
4110
4088
4066
4067
4056
4045
4019
3971
3934
3911
3885
3830
3796
3791
3783
3798
3798
3792
3798
3813
3814
3789
3776
3778
3770
3780
3750
3732
3716
3721
3697
3644
3611
3579
3531
3498
3432
3383
3345
3335
3302
3259
3260
3275
3277
3292
3259
3238
3213
3186
3126
3065
3025
2986
2943
2901
2828
2774
2729
2687
2610
2536
2489
2443
2402
2364
2311
2268
2235
2187
2106
2049
2018
1989
1971
1932
1884
1846
1812
1765
1694
1645
1614
1575
1563
1519
1493
1467
1458
1419
1355
1315
1287
1255
1242
1196
1166
1133
1119
1071
1002
965
935
896
877
821
777
732
690
622
559
527
501
480
467
429
412
403
397
357
323
319
312
312
299
265
238
217
183
115
68
47
21
13
-9
-35
-48
-48
-59
-92
-106
-105
-116
-103
-138
-161
-182
-180
-193
-212
-200
-174
-153
-111
-108
-87
-70
-35
-37
-59
-46
-24
-9
20
13
15
15
11
-28
-72
-94
-116
-137
-157
-209
-244
-272
-295
-350
-395
-409
-426
-430
-444
-468
-479
-479
-495
-543
-570
-575
-585
-591
-611
-640
-652
-641
-636
-656
-649
-627
-623
-592
-605
-603
-594
-571
-574
-590
-584
-574
-574
-558
-586
-597
-608
-598
-624
-664
-664
-652
-641
-618
-623
-615
-604
-593
-616
-640
-632
-619
-601
-582
-593
-588
-573
-555
-570
-581
-571
-569
-553
-546
-549
-541
-523
-519
-546
-553
-539
-533
-519
-526
-540
-549
-545
-557
-596
-607
-601
-614
-605
-636
-649
-654
-639
-642
-655
-641
-615
-598
-560
-568
-555
-548
-529
-549
-585
-593
-598
-604
-601
-625
-638
-651
-664
-712
-761
-782
-797
-802
-800
-814
-804
-783
-764
-780
-791
-778
-773
-756
-757
-764
-758
-735
-721
-733
-730
-707
-686
-651
-636
-627
-610
-575
-569
-588
-581
-560
-553
-528
-543
-555
-562
-555
-567
-595
-603
-603
-606
-584
-608
-606
-606
-594
-619
-656
-668
-679
-691
-696
-727
-742
-750
-753
-794
-838
-857
-879
-895
-906
-933
-936
-923
-907
-921
-921
-894
-874
-838
-820
-808
-785
-746
-716
-712
-695
-665
-642
-611
-609
-613
-618
-607
-619
-652
-645
-616
-598
-553
-545
-530
-517
-496
-505
-534
-542
-545
-562
-554
-592
-603
-611
-605
-634
-672
-684
-693
-695
-685
-696
-688
-673
-651
-665
-684
-681
-680
-672
-662
-673
-667
-652
-644
-674
-693
-687
-686
-666
-666
-672
-667
-645
-629
-632
-618
-587
-560
-519
-510
-507
-509
-501
-525
-579
-609
-619
-632
-620
-629
-624
-610
-574
-566
-568
-551
-530
-524
-495
-516
-518
-527
-528
-567
-616
-643
-663
-676
-681
-707
-710
-701
-686
-707
-726
-715
-703
-686
-675
-684
-678
-663
-651
-669
-670
-642
-622
-587
-572
-564
-549
-528
-521
-541
-554
-551
-554
-540
-556
-566
-577
-570
-590
-631
-636
-625
-620
-594
-597
-588
-572
-543
-543
-562
-549
-525
-515
-479
-484
-466
-448
-424
-434
-448
-439
-429
-419
-401
-408
-396
-378
-359
-380
-407
-411
-420
-421
-425
-445
-445
-433
-425
-453
-465
-454
-453
-438
-448
-468
-478
-474
-478
-502
-511
-500
-495
-476
-497
-512
-528
-527
-549
-589
-591
-572
-556
-513
-497
-468
-436
-387
-374
-382
-374
-366
-375
-366
-397
-410
-427
-440
-487
-539
-570
-600
-627
-639
-670
-677
-666
-642
-649
-653
-630
-613
-591
-576
-577
-562
-532
-506
-514
-505
-471
-449
-415
-407
-414
-414
-404
-402
-417
-416
-393
-374
-330
-326
-312
-300
-274
-280
-310
-312
-301
-301
-288
-316
-340
-370
-391
-450
-533
-578
-609
-644
-650
-689
-705
-711
-706
-721
-730
-708
-681
-648
-606
-588
-551
-509
-467
-463
-461
-441
-432
-419
-417
-434
-442
-438
-445
-491
-522
-532
-549
-552
-573
-604
-625
-632
-645
-675
-687
-679
-677
-642
-639
-617
-593
-550
-537
-547
-536
-518
-508
-479
-483
-472
-462
-436
-444
-472
-461
-449
-447
-430
-440
-442
-438
-429
-453
-470
-467
-460
-455
-447
-468
-469
-462
-452
-471
-477
-457
-444
-421
-410
-416
-411
-395
-390
-416
-422
-406
-396
-370
-361
-361
-359
-351
-362
-400
-418
-414
-421
-398
-416
-419
-421
-408
-422
-453
-463
-465
-476
-467
-495
-501
-508
-496
-520
-560
-564
-564
-571
-564
-585
-586
-576
-560
-572
-582
-564
-544
-520
-495
-497
-481
-456
-428
-429
-423
-396
-378
-357
-353
-363
-361
-343
-337
-362
-373
-364
-358
-335
-328
-331
-330
-322
-334
-376
-395
-396
-411
-394
-415
-420
-424
-419
-442
-481
-498
-501
-504
-476
-480
-456
-431
-387
-377
-380
-346
-309
-280
-244
-238
-221
-201
-186
-208
-231
-237
-252
-272
-301
-352
-390
-410
-431
-482
-522
-529
-542
-542
-555
-566
-561
-540
-531
-551
-552
-530
-512
-482
-470
-468
-466
-461
-486
-547
-586
-606
-628
-612
-631
-638
-642
-630
-637
-654
-645
-623
-611
-576
-586
-568
-548
-511
-508
-516
-493
-470
-453
-433
-441
-439
-436
-432
-466
-504
-514
-521
-520
-513
-525
-516
-495
-474
-483
-479
-445
-415
-373
-350
-338
-320
-293
-283
-304
-308
-290
-272
-241
-229
-220
-205
-181
-187
-227
-239
-236
-252
-247
-288
-322
-355
-375
-418
-472
-497
-508
-523
-507
-534
-534
-532
-514
-530
-553
-547
-535
-519
-492
-491
-478
-465
-454
-481
-511
-516
-521
-522
-527
-547
-554
-545
-545
-582
-608
-607
-604
-575
-564
-558
-537
-504
-484
-492
-492
-472
-455
-425
-417
-409
-398
-368
-361
-385
-380
-362
-361
-342
-366
-385
-406
-414
-440
-474
-475
-460
-453
-418
-430
-416
-404
-383
-401
-427
-430
-431
-430
-423
-441
-442
-436
-424
-441
-453
-433
-415
-393
-379
-390
-392
-390
-399
-444
-475
-478
-484
-465
-463
-467
-464
-453
-460
-494
-517
-521
-527
-514
-526
-534
-541
-536
-562
-618
-639
-644
-656
-644
-661
-661
-649
-616
-603
-604
-573
-533
-509
-464
-471
-459
-448
-425
-432
-441
-424
-404
-382
-355
-361
-357
-355
-355
-394
-433
-442
-446
-434
-417
-412
-387
-348
-312
-319
-310
-283
-256
-218
-204
-200
-194
-176
-174
-200
-233
-257
-295
-310
-349
-376
-391
-376
-386
-423
-426
-421
-432
-426
-450
-457
-457
-436
-439
-456
-437
-409
-391
-348
-350
-334
-317
-295
-306
-321
-319
-320
-323
-322
-349
-355
-351
-341
-367
-389
-383
-380
-369
-360
-365
-350
-322
-301
-316
-320
-302
-293
-263
-250
-239
-215
-181
-159
-165
-163
-147
-144
-121
-134
-132
-125
-96
-91
-109
-97
-76
-64
-36
-42
-38
-32
-13
-29
-65
-66
-57
-61
-43
-67
-69
-63
-43
-45
-41
-9
28
67
109
116
133
151
169
149
132
141
149
166
173
159
154
157
147
99
63
47
18
5
-29
-75
-111
-128
-159
-217
-261
-297
-337
-352
-397
-427
-451
-451
-474
-519
-541
-557
-575
-575
-608
-625
-639
-642
-684
-749
-778
-792
-806
-792
-809
-804
-788
-760
-762
-763
-741
-714
-680
-633
-605
-552
-491
-431
-412
-398
-365
-343
-312
-289
-278
-253
-216
-190
-204
-206
-190
-185
-166
-163
-168
-163
-149
-150
-176
-182
-166
-159
-125
-139
-143
-150
-142
-162
-200
-214
-218
-228
-223
-259
-282
-308
-314
-348
-389
-390
-381
-379
-361
-380
-393
-410
-427
-472
-516
-531
-540
-539
-527
-533
-514
-484
-455
-463
-469
-451
-440
-420
-411
-415
-406
-384
-377
-409
-430
-431
-440
-432
-439
-449
-446
-426
-415
-423
-409
-380
-357
-309
-307
-293
-283
-253
-247
-253
-232
-208
-195
-168
-189
-200
-217
-224
-265
-320
-334
-335
-331
-307
-310
-300
-288
-273
-286
-297
-280
-261
-239
-217
-229
-227
-221
-216
-246
-269
-268
-276
-276
-290
-316
-329
-325
-329
-359
-368
-355
-348
-327
-318
-310
-290
-253
-235
-248
-238
-211
-200
-162
-170
-166
-161
-143
-151
-174
-171
-152
-134
-93
-95
-79
-65
-36
-47
-75
-71
-62
-55
-36
-41
-26
-2
27
25
18
35
50
67
87
85
106
138
165
153
148
165
169
181
172
146
126
119
103
60
36
35
29
36
27
17
18
38
42
20
29
59
74
112
103
105
102
121
111
92
95
108
119
156
155
182
208
244
244
232
250
275
297
337
364
411
465
528
557
580
629
673
713
744
742
749
756
759
723
696
694
684
684
659
618
584
566
540
488
455
446
437
445
436
424
416
422
403
355
341
349
344
361
332
303
263
222
144
44
-36
-107
-192
-257
-378
-482
-591
-688
-821
-962
-1074
-1180
-1285
-1387
-1517
-1634
-1752
-1874
-2040
-2215
-2371
-2537
-2711
-2900
-3126
-3345
-3563
-3792
-4059
-4314
-4547
-4790
-5016
-5257
-5495
-5707
-5887
-6059
-6235
-6376
-6480
-6567
-6614
-6652
-6658
-6636
-6578
-6535
-6512
-6449
-6361
-6274
-6153
-6063
-5966
-5871
-5765
-5684
-5615
-5512
-5396
-5290
-5162
-5076
-4969
-4868
-4750
-4673
-4595
-4494
-4393
-4299
-4200
-4129
-4036
-3934
-3828
-3751
-3660
-3533
-3402
-3260
-3119
-3002
-2872
-2732
-2596
-2498
-2387
-2252
-2127
-1983
-1861
-1748
-1630
-1502
-1385
-1290
-1182
-1055
-930
-788
-673
-554
-435
-299
-193
-113
1
131
250
388
488
592
694
799
864
898
949
994
1013
1047
1028
1027
1026
1032
1008
978
969
961
956
955
930
929
941
965
959
954
977
996
1024
1051
1058
1077
1102
1121
1105
1109
1143
1171
1217
1242
1258
1280
1309
1321
1306
1299
1308
1308
1326
1312
1309
1308
1328
1318
1279
1266
1262
1248
1256
1241
1242
1249
1269
1261
1236
1249
1275
1289
1331
1332
1358
1391
1433
1441
1456
1487
1508
1526
1540
1528
1534
1541
1551
1515
1478
1468
1455
1446
1431
1396
1380
1374
1364
1330
1318
1335
1347
1382
1400
1414
1437
1461
1463
1439
1430
1444
1456
1497
1503
1524
1544
1581
1588
1572
1584
1607
1623
1656
1653
1662
1672
1696
1682
1638
1621
1609
1583
1580
1542
1530
1531
1546
1536
1528
1546
1567
1593
1624
1628
1649
1672
1692
1674
1657
1667
1671
1678
1671
1642
1626
1624
1619
1588
1582
1604
1621
1658
1677
1687
1703
1728
1740
1732
1739
1763
1774
1810
1809
1822
1837
1870
1873
1853
1859
1875
1884
1912
1907
1921
1937
1971
1970
1944
1950
1959
1957
1971
1947
1939
1940
1950
1935
1925
1942
1960
1981
1996
1995
2010
2032
2049
2021
2001
2006
2008
2020
2017
1991
1983
1988
1983
1942
1916
1918
1919
1944
1958
1970
1994
2028
2047
2042
2058
2095
2120
2172
2174
2185
2193
2218
2217
2201
2210
2230
2246
2285
2290
2320
2354
2410
2430
2432
2469
2510
2540
2583
2589
2606
2623
2642
2627
2606
2608
2609
2613
2620
2603
2606
2621
2641
2632
2629
2649
2665
2692
2703
2695
2696
2710
2714
2688
2684
2707
2730
2775
2813
2848
2896
2957
3002
3016
3045
3085
3107
3154
3155
3170
3185
3213
3212
3191
3187
3191
3189
3210
3190
3192
3196
3224
3219
3204
3231
3264
3293
3328
3330
3346
3369
3398
3397
3395
3418
3440
3465
3492
3490
3499
3510
3516
3481
3454
3455
3460
3484
3489
3491
3499
3527
3548
3540
3541
3558
3564
3585
3600
3611
3633
3671
3690
3673
3678
3697
3692
3709
3683
3673
3667
3676
3663
3637
3637
3649
3651
3671
3641
3628
3605
3590
3530
3454
3413
3378
3347
3328
3281
3250
3228
3219
3183
3151
3151
3150
3147
3139
3099
3071
3045
3009
2931
2859
2815
2768
2736
2688
2628
2577
2540
2491
2417
2366
2343
2320
2308
2277
2239
2210
2200
2171
2113
2084
2073
2050
2057
2029
2015
2006
2011
1993
1960
1948
1941
1917
1909
1847
1800
1747
1706
1629
1543
1489
1440
1395
1359
1299
1257
1222
1198
1145
1095
1078
1065
1057
1049
1014
991
971
946
881
821
786
745
722
686
643
608
595
572
512
466
432
396
377
339
313
297
304
290
245
228
229
217
234
211
199
193
200
184
151
143
143
130
140
103
93
88
103
89
72
83
94
103
114
93
81
71
61
17
-29
-45
-61
-70
-80
-112
-127
-133
-148
-199
-240
-254
-271
-268
-283
-308
-325
-332
-350
-389
-409
-404
-399
-378
-379
-372
-357
-321
-311
-334
-329
-315
-319
-303
-324
-335
-344
-338
-357
-389
-390
-378
-374
-341
-355
-346
-337
-316
-324
-331
-312
-295
-283
-272
-293
-304
-313
-319
-364
-417
-449
-489
-527
-569
-627
-665
-687
-707
-754
-779
-771
-765
-735
-722
-715
-695
-666
-652
-665
-670
-671
-672
-656
-669
-675
-684
-672
-686
-727
-725
-715
-719
-698
-708
-708
-705
-690
-695
-716
-703
-685
-679
-647
-659
-651
-644
-628
-641
-651
-634
-615
-592
-563
-564
-552
-540
-533
-570
-609
-623
-639
-649
-664
-695
-710
-714
-724
-769
-802
-810
-824
-819
-829
-843
-842
-830
-827
-844
-846
-830
-820
-786
-785
-772
-759
-728
-726
-750
-743
-719
-700
-662
-658
-647
-639
-618
-632
-667
-667
-655
-652
-624
-638
-633
-629
-620
-640
-658
-652
-645
-634
-620
-637
-638
-638
-639
-675
-706
-707
-708
-700
-695
-703
-691
-662
-638
-651
-652
-632
-621
-591
-578
-572
-557
-535
-528
-550
-565
-566
-584
-582
-619
-641
-663
-664
-688
-728
-728
-722
-718
-700
-709
-695
-674
-635
-627
-637
-612
-576
-555
-516
-513
-494
-475
-449
-452
-459
-442
-422
-395
-364
-361
-342
-320
-301
-320
-340
-333
-331
-322
-327
-355
-375
-386
-410
-473
-520
-543
-574
-587
-617
-653
-677
-688
-710
-753
-777
-785
-807
-804
-841
-859
-868
-851
-852
-868
-855
-829
-810
-775
-773
-752
-729
-690
-691
-716
-705
-685
-671
-638
-636
-618
-593
-564
-566
-569
-551
-531
-509
-483
-483
-464
-436
-408
-416
-421
-399
-381
-352
-331
-324
-306
-278
-268
-298
-315
-315
-323
-313
-314
-315
-298
-267
-252
-266
-262
-241
-236
-207
-227
-236
-248
-246
-273
-320
-344
-353
-366
-355
-380
-378
-384
-370
-399
-445
-446
-440
-430
-408
-414
-407
-395
-384
-404
-426
-419
-417
-415
-408
-423
-415
-398
-379
-395
-407
-392
-383
-365
-359
-364
-353
-328
-311
-325
-322
-297
-279
-249
-237
-235
-225
-204
-200
-222
-218
-196
-187
-150
-158
-156
-156
-145
-161
-191
-193
-177
-160
-117
-113
-88
-67
-28
-20
-23
8
42
70
108
115
132
152
177
174
171
193
206
212
212
178
157
140
118
63
21
8
-10
-20
-48
-89
-118
-135
-163
-220
-256
-265
-273
-261
-260
-259
-247
-219
-210
-232
-229
-215
-221
-200
-222
-231
-235
-220
-226
-242
-232
-209
-192
-149
-149
-126
-105
-69
-80
-100
-84
-67
-52
-35
-50
-47
-42
-26
-50
-75
-71
-69
-69
-67
-88
-81
-60
-31
-34
-25
8
28
56
59
44
35
33
19
-23
-41
-34
-28
-4
5
15
31
63
67
32
20
18
-3
-1
-38
-63
-85
-93
-123
-163
-173
-167
-166
-136
-150
-138
-126
-101
-111
-127
-115
-101
-89
-72
-81
-74
-62
-48
-69
-93
-88
-85
-82
-89
-126
-145
-151
-154
-187
-206
-197
-194
-172
-168
-171
-165
-146
-136
-150
-148
-122
-94
-48
-21
6
36
82
98
77
81
92
85
103
87
86
92
111
100
66
52
46
29
41
9
9
15
35
20
-3
-2
-3
-1
4
-20
-22
-19
-2
-24
-41
-27
-12
15
41
38
49
67
77
53
38
46
46
60
45
20
6
7
2
-17
-13
15
44
91
109
127
143
172
172
144
147
163
163
181
163
153
146
153
132
91
77
74
64
86
65
73
89
120
124
126
152
177
199
220
203
194
180
160
97
28
-15
-59
-90
-116
-156
-176
-180
-183
-215
-229
-217
-212
-187
-181
-179
-169
-150
-146
-170
-186
-185
-186
-161
-159
-144
-127
-91
-84
-104
-91
-67
-53
-21
-21
-11
3
34
39
28
47
72
80
109
91
95
100
114
97
78
83
89
97
112
99
108
125
150
144
138
165
187
221
238
232
233
237
240
204
190
202
214
246
259
261
268
284
288
261
242
240
233
246
228
224
224
246
236
198
184
179
163
167
142
136
137
156
140
104
105
120
124
152
139
148
163
188
185
182
201
219
236
253
236
233
232
232
200
177
188
200
222
236
229
234
247
249
214
197
207
208
222
213
193
183
179
164
126
106
106
102
128
120
133
150
187
195
182
196
220
236
264
251
247
239
245
218
174
169
170
156
160
125
109
99
96
69
48
57
73
95
120
115
123
135
147
126
116
143
175
221
259
281
309
349
384
379
387
413
422
447
448
449
459
479
488
478
482
497
491
505
465
428
379
343
275
187
129
88
44
25
-24
-47
-63
-50
-62
-88
-69
-38
-14
24
28
47
73
103
102
97
115
132
151
173
166
175
190
203
180
163
174
182
202
211
209
221
250
269
251
246
258
259
269
261
246
241
250
244
210
189
177
142
128
66
17
-30
-60
-113
-181
-226
-263
-306
-328
-385
-417
-442
-442
-472
-511
-507
-490
-476
-447
-449
-437
