0
-5
-12
-54
-100
-124
-151
-177
-202
-256
-289
-313
-335
-392
-444
-465
-486
-493
-507
-525
-526
-514
-513
-549
-572
-580
-599
-607
-634
-664
-677
-670
-671
-691
-685
-658
-643
-602
-608
-604
-602
-588
-601
-632
-644
-646
-651
-630
-647
-641
-636
-616
-632
-663
-655
-632
-604
-558
-535
-492
-442
-389
-372
-362
-332
-310
-289
-270
-283
-284
-269
-255
-279
-295
-291
-281
-254
-230
-216
-185
-138
-101
-93
-72
-36
-8
26
38
43
57
83
90
69
75
102
120
169
180
205
229
263
267
252
254
259
249
256
218
208
202
220
207
188
206
233
261
299
309
328
351
377
368
355
368
380
396
415
415
436
466
495
489
490
517
538
574
596
609
631
663
677
656
647
657
665
687
692
692
698
720
722
701
715
755
785
847
872
909
948
993
1007
999
1010
1029
1037
1068
1054
1068
1084
1118
1118
1112
1141
1177
1215
1264
1291
1337
1389
1447
1468
1487
1533
1575
1619
1661
1680
1714
1757
1794
1795
1803
1829
1852
1882
1889
1889
1897
1925
1942
1937
1954
1986
2016
2062
2086
2104
2121
2145
2138
2091
2070
2063
2041
2041
2002
1972
1944
1926
1885
1831
1808
1800
1788
1805
1779
1787
1803
1837
1842
1841
1868
1897
1926
1962
1975
2004
2036
2071
2070
2064
2084
2098
2114
2127
2121
2132
2150
2159
2128
2103
2100
2083
2071
2028
1968
1908
1854
1788
1704
1641
1606
1574
1558
1520
1488
1462
1456
1423
1362
1333
1323
1305
1311
1283
1267
1253
1250
1218
1167
1144
1132
1109
1114
1074
1059
1044
1038
1001
961
949
944
947
962
953
963
978
995
974
946
936
916
892
852
781
717
660
593
487
384
299
202
119
18
-82
-170
-226
-282
-342
-377
-390
-396
-383
-394
-396
-401
-399
-426
-483
-509
-520
-542
-540
-565
-579
-589
-583
-608
-652
-662
-663
-677
-671
-712
-733
-753
-762
-801
-842
-862
-882
-902
-915
-950
-961
-960
-952
-974
-990
-973
-957
-939
-932
-949
-959
-968
-990
-1047
-1086
-1098
-1115
-1118
-1145
-1181
-1208
-1224
-1251
-1297
-1328
-1338
-1350
-1336
-1350
-1351
-1348
-1326
-1332
-1364
-1368
-1367
-1383
-1389
-1433
-1466
-1495
-1501
-1532
-1579
-1589
-1588
-1596
-1577
-1594
-1585
-1569
-1542
-1541
-1538
-1509
-1479
-1449
-1416
-1418
-1409
-1402
-1397
-1431
-1469
-1483
-1503
-1515
-1534
-1569
-1587
-1591
-1598
-1631
-1642
-1623
-1608
-1577
-1566
-1568
-1563
-1547
-1539
-1548
-1541
-1516
-1496
-1451
-1432
-1393
-1357
-1300
-1282
-1291
-1279
-1263
-1268
-1263
-1300
-1326
-1348
-1352
-1382
-1422
-1421
-1413
-1416
-1402
-1431
-1449
-1463
-1472
-1513
-1555
-1574
-1593
-1609
-1620
-1654
-1665
-1665
-1663
-1694
-1720
-1716
-1711
-1692
-1680
-1686
-1680
-1663
-1652
-1673
-1676
-1658
-1647
-1621
-1613
-1613
-1605
-1590
-1587
-1604
-1605
-1586
-1573
-1529
-1523
-1502
-1480
-1442
-1433
-1448
-1445
-1438
-1441
-1424
-1435
-1421
-1400
-1352
-1332
-1324
-1275
-1219
-1179
-1132
-1129
-1117
-1106
-1092
-1109
-1132
-1135
-1142
-1150
-1152
-1179
-1188
-1192
-1197
-1237
-1267
-1268
-1271
-1265
-1273
-1299
-1315
-1321
-1338
-1388
-1418
-1424
-1437
-1436
-1451
-1469
-1472
-1461
-1461
-1481
-1477
-1448
-1425
-1371
-1355
-1322
-1287
-1237
-1220
-1217
-1194
-1172
-1156
-1131
-1146
-1142
-1143
-1123
-1146
-1182
-1174
-1155
-1145
-1122
-1131
-1121
-1105
-1083
-1090
-1100
-1089
-1086
-1090
-1100
-1138
-1157
-1167
-1175
-1217
-1249
-1249
-1247
-1227
-1217
-1221
-1218
-1203
-1200
-1229
-1243
-1234
-1230
-1212
-1208
-1209
-1200
-1179
-1176
-1204
-1211
-1202
-1209
-1189
-1214
-1224
-1232
-1223
-1238
-1269
-1280
-1283
-1292
-1276
-1297
-1292
-1287
-1260
-1266
-1282
-1262
-1234
-1212
-1183
-1184
-1171
-1152
-1124
-1125
-1123
-1093
-1062
-1032
-1004
-1008
-999
-985
-975
-999
-1013
-996
-978
-943
-918
-903
-875
-830
-794
-789
-772
-740
-717
-684
-673
-672
-672
-668
-693
-757
-800
-832
-880
-898
-945
-964
-964
-940
-935
-943
-933
-916
-910
-898
-927
-937
-950
-945
-979
-1018
-1023
-1022
-1015
-1004
-1025
-1032
-1033
-1031
-1057
-1082
-1072
-1058
-1039
-1023
-1031
-1023
-1006
-989
-1003
-1007
-985
-968
-934
-918
-911
-895
-868
-855
-871
-874
-861
-853
-832
-829
-828
-818
-789
-777
-795
-783
-759
-755
-727
-740
-745
-746
-733
-739
-752
-735
-701
-673
-617
-609
-580
-559
-535
-560
-608
-640
-682
-732
-778
-850
-901
-941
-967
-1017
-1057
-1063
-1066
-1058
-1044
-1050
-1043
-1031
-1027
-1060
-1087
-1094
-1111
-1112
-1126
-1142
-1142
-1126
-1119
-1142
-1157
-1159
-1169
-1165
-1178
-1184
-1179
-1150
-1140
-1155
-1136
-1104
-1090
-1057
-1062
-1058
-1047
-1018
-1007
-1005
-973
-930
-897
-841
-836
-811
-789
-757
-763
-773
-759
-740
-717
-701
-710
-711
-711
-708
-739
-778
-787
-795
-796
-793
-812
-817
-809
-808
-845
-870
-869
-877
-870
-883
-901
-908
-904
-910
-937
-951
-947
-946
-928
-934
-935
-932
-910
-914
-946
-945
-931
-932
-914
-932
-938
-936
-916
-917
-928
-906
-872
-852
-807
-808
-788
-769
-745
-755
-768
-758
-745
-727
-702
-701
-682
-659
-637
-656
-680
-679
-680
-672
-669
-687
-690
-686
-689
-727
-750
-747
-748
-731
-733
-743
-746
-743
-756
-797
-829
-845
-866
-869
-902
-923
-937
-926
-935
-963
-950
-919
-898
-861
-862
-858
-854
-838
-850
-878
-870
-851
-847
-823
-850
-859
-867
-868
-899
-931
-942
-951
-953
-942
-957
-953
-936
-910
-926
-938
-926
-919
-900
-890
-893
-888
-874
-866
-888
-898
-885
-880
-851
-842
-839
-822
-792
-774
-777
-765
-733
-705
-654
-639
-616
-597
-565
-567
-597
-597
-587
-587
-574
-599
-616
-632
-629
-652
-686
-679
-659
-652
-624
-638
-637
-636
-633
-661
-692
-699
-701
-699
-689
-707
-706
-701
-695
-726
-756
-760
-767
-766
-769
-784
-779
-761
-746
-762
-758
-729
-709
-677
-669
-673
-671
-665
-671
-700
-715
-712
-719
-705
-732
-745
-758
-753
-776
-819
-835
-835
-835
-815
-827
-825
-822
-803
-817
-850
-841
-817
-795
-751
-743
-721
-701
-682
-698
-721
-724
-728
-730
-725
-745
-740
-723
-699
-707
-709
-695
-678
-647
-621
-606
-581
-545
-520
-536
-534
-523
-532
-535
-561
-602
-634
-658
-681
-716
-722
-703
-688
-643
-643
-632
-626
-607
-616
-641
-639
-621
-606
-573
-578
-568
-560
-537
-553
-587
-581
-566
-559
-539
-554
-558
-564
-573
-616
-662
-683
-703
-716
-715
-728
-708
-671
-627
-618
-606
-570
-540
-502
-475
-461
-431
-387
-352
-351
-334
-299
-278
-249
-244
-252
-255
-252
-266
-306
-321
-314
-317
-289
-300
-296
-292
-274
-283
-311
-318
-318
-329
-323
-359
-374
-388
-384
-418
-470
-486
-496
-512
-514
-544
-553
-553
-548
-578
-617
-637
-660
-685
-705
-746
-764
-767
-765
-789
-798
-774
-749
-708
-677
-654
-621
-574
-537
-537
-520
-499
-489
-475
-482
-493
-495
-488
-495
-525
-528
-509
-506
-480
-500
-511
-530
-537
-566
-606
-618
-612
-604
-567
-568
-547
-532
-503
-513
-540
-535
-526
-521
-506
-519
-518
-512
-502
-527
-563
-581
-604
-626
-646
-688
-704
-704
-695
-714
-720
-696
-674
-638
-618
-608
-587
-551
-526
-529
-517
-487
-465
-441
-448
-473
-504
-529
-581
-665
-721
-758
-804
-819
-868
-897
-915
-913
-931
-958
-959
-944
-931
-887
-882
-848
-814
-765
-754
-759
-741
-728
-723
-715
-735
-740
-732
-713
-719
-723
-696
-669
-640
-614
-614
-597
-570
-545
-558
-569
-556
-547
-518
-504
-499
-487
-464
-459
-487
-504
-506
-523
-531
-560
-584
-605
-604
-625
-674
-682
-672
-668
-642
-650
-650
-649
-640
-658
-692
-695
-689
-690
-661
-679
-673
-665
-642
-651
-669
-662
-656
-652
-638
-648
-635
-611
-575
-571
-567
-538
-514
-490
-472
-479
-474
-463
-457
-488
-509
-506
-508
-491
-490
-496
-490
-470
-460
-470
-463
-436
-411
-376
-367
-361
-351
-324
-324
-357
-361
-350
-349
-324
-333
-333
-335
-332
-363
-416
-446
-469
-505
-515
-569
-593
-611
-610
-633
-652
-639
-617
-588
-548
-531
-492
-444
-388
-364
-340
-291
-248
-205
-175
-176
-170
-159
-156
-186
-198
-176
-154
-113
-91
-70
-34
15
51
60
75
96
101
112
87
62
41
42
11
-41
-50
-41
-36
-9
-16
-7
5
38
38
10
2
-1
-23
-25
-82
-120
-166
-207
-285
-373
-446
-527
-613
-700
-821
-924
-1025
-1125
-1263
-1396
-1500
-1606
-1703
-1803
-1924
-2035
-2139
-2256
-2413
-2563
-2695
-2843
-2982
-3153
-3342
-3534
-3726
-3936
-4172
-4397
-4608
-4825
-5022
-5248
-5458
-5660
-5838
-6041
-6264
-6444
-6595
-6735
-6838
-6958
-7054
-7128
-7165
-7200
-7221
-7180
-7105
-7027
-6916
-6846
-6751
-6649
-6534
-6445
-6358
-6252
-6153
-6067
-5997
-5971
-5941
-5916
-5896
-5912
-5922
-5901
-5880
-5849
-5818
-5795
-5744
-5665
-5576
-5503
-5396
-5247
-5092
-4908
-4736
-4564
-4376
-4170
-3970
-3789
-3598
-3392
-3201
-2995
-2830
-2656
-2483
-2296
-2146
-2031
-1900
-1767
-1651
-1525
-1435
-1325
-1213
-1074
-967
-876
-743
-598
-456
-297
-194
-85
20
122
187
243
306
361
405
438
436
446
459
473
451
433
445
458
480
491
483
485
498
505
484
485
511
529
560
567
563
569
586
594
584
596
632
663
724
747
788
832
894
927
936
963
993
1007
1030
1014
1013
1013
1031
1017
986
994
1011
1016
1037
1020
1020
1031
1053
1049
1047
1069
1089
1111
1136
1133
1143
1154
1162
1137
1121
1136
1151
1179
1202
1211
1230
1254
1256
1213
1177
1155
1121
1102
1069
1032
1011
1008
1000
978
980
1006
1024
1074
1083
1105
1123
1153
1151
1130
1133
1147
1156
1185
1179
1193
1207
1242
1246
1227
1251
1280
1308
1340
1338
1351
1365
1394
1393
1394
1413
1432
1449
1464
1444
1432
1420
1410
1365
1330
1329
1330
1344
1350
1343
1345
1355
1350
1310
1289
1291
1289
1305
1310
1318
1341
1380
1405
1404
1422
1455
1468
1504
1495
1500
1508
1529
1524
1505
1513
1535
1557
1602
1606
1624
1633
1658
1646
1620
1629
1641
1642
1648
1620
1597
1569
1537
1471
1405
1373
1349
1337
1337
1321
1328
1343
1355
1333
1321
1341
1360
1393
1411
1412
1418
1427
1417
1371
1340
1330
1320
1329
1329
1327
1338
1364
1375
1361
1377
1416
1440
1490
1492
1504
1514
1536
1537
1525
1536
1555
1566
1596
1579
1583
1584
1605
1595
1576
1592
1616
1639
1671
1678
1696
1720
1758
1762
1765
1795
1819
1854
1888
1905
1931
1962
1987
1979
1980
2005
2024
2060
2082
2098
2126
2172
2209
2219
2243
2279
2308
2349
2371
2393
2425
2473
2500
2492
2507
2530
2533
2556
2536
2524
2512
2509
2483
2446
2437
2444
2447
2478
2465
2476
2484
2507
2495
2476
2487
2503
2521
2548
2551
2568
2587
2610
2600
2591
2610
2630
2657
2690
2704
2735
2772
2801
2795
2798
2829
2855
2901
2936
2968
3017
3082
3136
3161
3197
3248
3292
3347
3383
3420
3462
3519
3547
3536
3546
3564
3562
3577
3541
3502
3454
3412
3343
3259
3202
3162
3125
3127
3094
3097
3107
3138
3142
3143
3174
3210
3250
3301
3326
3366
3405
3441
3437
3428
3441
3447
3465
3477
3470
3480
3497
3515
3499
3500
3534
3555
3591
3607
3610
3615
3625
3615
3576
3545
3523
3493
3475
3430
3394
3367
3368
3351
3313
3315
3336
3348
3383
3381
3383
3385
3398
3385
3353
3348
3350
3337
3344
3301
3279
3252
3232
3178
3122
3092
3063
3036
3015
2972
2948
2928
2906
2843
2771
2718
2656
2600
2547
2479
2430
2392
2349
2273
2213
2180
2141
2122
2085
2047
2024
2016
1998
1956
1923
1901
1868
1848
1796
1751
1710
1692
1652
1591
1567
1560
1545
1548
1513
1485
1458
1444
1398
1330
1290
1259
1215
1193
1122
1069
1016
972
901
831
787
750
721
706
673
664
662
663
630
598
596
593
597
595
573
566
556
545
492
460
446
422
415
381
347
325
314
283
234
199
186
172
175
148
136
123
130
111
69
59
64
64
82
64
54
45
48
20
-29
-43
-45
-55
-43
-73
-84
-93
-95
-126
-160
-174
-191
-210
-224
-265
-286
-301
-316
-368
-422
-456
-500
-540
-588
-649
-688
-706
-722
-763
-781
-772
-770
-751
-751
-756
-745
-719
-699
-703
-696
-676
-669
-642
-654
-654
-657
-644
-660
-700
-710
-704
-702
-679
-687
-681
-673
-646
-651
-674
-662
-642
-631
-599
-608
-603
-598
-589
-609
-629
-627
-622
-611
-590
-594
-580
-559
-535
-545
-552
-536
-532
-529
-541
-572
-589
-589
-592
-623
-632
-618
-615
-604
-621
-644
-661
-674
-696
-748
-772
-774
-780
-770
-805
-834
-866
-882
-925
-985
-1009
-1017
-1023
-1004
-1013
-1003
-990
-954
-947
-956
-927
-889
-859
-809
-793
-758
-719
-676
-665
-659
-638
-624
-615
-606
-628
-635
-633
-628
-653
-673
-665
-657
-635
-621
-621
-610
-591
-584
-613
-626
-622
-629
-624
-638
-660
-673
-677
-695
-738
-758
-755
-761
-736
-752
-750
-747
-727
-730
-746
-736
-712
-690
-646
-641
-622
-612
-589
-605
-639
-642
-645
-657
-654
-682
-692
-691
-681
-696
-711
-704
-702
-701
-697
-719
-722
-717
-713
-743
-767
-761
-751
-720
-694
-675
-640
-590
-548
-537
-509
-466
-435
-398
-389
-402
-421
-438
-476
-545
-577
-589
-610
-602
-641
-659
-671
-661
-665
-689
-694
-688
-687
-666
-681
-675
-668
-646
-663
-696
-694
-689
-689
-679
-694
-692
-685
-670
-682
-689
-663
-632
-593
-547
-526
-492
-458
-435
-458
-484
-494
-520
-544
-593
-661
-723
-771
-825
-900
-948
-964
-974
-964
-965
-968
-960
-935
-924
-934
-912
-870
-846
-794
-783
-756
-728
-687
-669
-666
-646
-620
-605
-568
-576
-558
-538
-497
-494
-507
-491
-472
-457
-437
-447
-447
-447
-446
-483
-524
-539
-554
-567
-584
-627
-653
-669
-682
-723
-747
-738
-727
-700
-689
-688
-675
-645
-623
-628
-619
-594
-577
-551
-545
-544
-541
-526
-535
-575
-585
-577
-580
-555
-580
-587
-592
-580
-593
-626
-631
-626
-623
-590
-604
-598
-589
-569
-585
-609
-609
-603
-594
-577
-585
-570
-545
-512
-510
-511
-487
-470
-457
-452
-475
-483
-484
-486
-522
-548
-553
-566
-564
-581
-603
-612
-608
-613
-636
-642
-627
-616
-593
-591
-589
-582
-558
-561
-595
-603
-601
-616
-610
-636
-648
-649
-632
-636
-651
-639
-617
-607
-573
-586
-572
-557
-529
-533
-544
-533
-523
-518
-509
-527
-526
-517
-498
-507
-508
-476
-444
-407
-372
-363
-343
-323
-315
-351
-385
-399
-426
-437
-465
-498
-520
-529
-551
-603
-648
-678
-711
-723
-749
-760
-756
-726
-722
-748
-742
-722
-715
-685
-686
-674
-654
-620
-612
-627
-617
-607
-613
-602
-650
-672
-699
-707
-739
-766
-767
-762
-752
-731
-732
-720
-706
-685
-698
-707
-681
-651
-612
-578
-564
-538
-506
-482
-496
-500
-483
-477
-460
-471
-493
-513
-530
-564
-621
-663
-684
-704
-698
-712
-708
-693
-655
-639
-647
-626
-597
-582
-550
-550
-540
-525
-495
-492
-508
-494
-474
-472
-447
-470
-475
-483
-486
-522
-561
-579
-597
-612
-621
-655
-668
-675
-674
-704
-728
-723
-720
-708
-700
-710
-706
-693
-688
-720
-738
-728
-720
-689
-675
-667
-649
-623
-610
-620
-621
-607
-603
-579
-591
-593
-593
-573
-581
-608
-602
-580
-565
-532
-534
-531
-529
-513
-529
-564
-563
-556
-565
-555
-587
-601
-616
-613
-636
-661
-658
-655
-643
-617
-618
-595
-572
-546
-550
-548
-521
-497
-471
-452
-456
-450
-436
-440
-490
-535
-564
-605
-630
-672
-717
-744
-754
-770
-809
-837
-850
-873
-872
-908
-925
-934
-917
-925
-953
-953
-940
-932
-901
-898
-871
-836
-777
-745
-730
-677
-616
-567
-504
-484
-453
-420
-391
-402
-426
-436
-452
-466
-472
-502
-511
-511
-506
-534
-556
-551
-549
-540
-541
-560
-566
-562
-568
-608
-631
-632
-639
-628
-631
-638
-631
-613
-607
-626
-630
-620
-624
-604
-624
-626
-622
-596
-592
-607
-602
-594
-598
-588
-612
-619
-622
-602
-609
-630
-610
-581
-559
-526
-535
-543
-559
-581
-638
-694
-719
-741
-738
-723
-726
-705
-678
-645
-642
-628
-575
-525
-466
-418
-385
-345
-300
-281
-304
-320
-325
-345
-351
-375
-408
-429
-438
-459
-501
-517
-513
-523
-501
-519
-516
-504
-473
-467
-476
-462
-440
-427
-398
-414
-414
-418
-402
-414
-432
-405
-368
-333
-287
-273
-252
-233
-217
-232
-245
-229
-213
-194
-171
-173
-158
-140
-126
-151
-173
-170
-171
-161
-164
-180
-185
-179
-191
-242
-284
-310
-346
-371
-411
-455
-485
-496
-515
-554
-561
-547
-544
-512
-523
-521
-518
-505
-521
-552
-564
-571
-588
-586
-628
-648
-669
-674
-718
-773
-788
-791
-790
-772
-775
-762
-742
-714
-715
-713
-683
-651
-615
-577
-564
-532
-498
-468
-476
-472
-434
-405
-355
-321
-288
-239
-177
-140
-142
-136
-118
-104
-82
-85
-96
-107
-115
-149
-218
-264
-293
-335
-348
-400
-435
-463
-473
-499
-532
-540
-539
-548
-536
-570
-579
-591
-585
-615
-656
-667
-671
-674
-662
-672
-662
-643
-615
-618
-621
-594
-565
-531
-495
-479
-442
-396
-355
-351
-344
-317
-301
-276
-276
-294
-310
-320
-346
-400
-437
-455
-476
-484
-515
-547
-572
-576
-597
-642
-650
-637
-638
-615
-635
-643
-641
-619
-614
-619
-598
-565
-544
-498
-498
-468
-435
-385
-373
-375
-357
-345
-339
-336
-363
-376
-386
-393
-432
-466
-470
-476
-477
-478
-502
-510
-507
-508
-542
-563
-559
-559
-543
-545
-543
-521
-491
-468
-477
-476
-456
-448
-429
-447
-473
-500
-506
-534
-581
-587
-569
-563
-529
-526
-512
-498
-474
-479
-503
-505
-496
-493
-457
-463
-439
-414
-379
-379
-385
-371
-361
-350
-333
-343
-339
-334
-326
-352
-376
-372
-366
-351
-336
-342
-332
-318
-313
-343
-358
-345
-340
-318
-316
-324
-320
-302
-294
-310
-315
-304
-299
-279
-286
-286
-280
-254
-256
-289
-294
-292
-307
-301
-325
-333
-335
-319
-327
-350
-337
-312
-297
-254
-256
-236
-216
-185
-184
-185
-162
-138
-110
-76
-66
-35
3
43
44
41
61
78
101
120
121
141
172
195
178
172
192
207
245
267
284
310
346
371
358
354
365
371
404
398
397
393
400
372
299
238
178
98
24
-85
-188
-291
-386
-518
-673
-790
-895
-1010
-1101
-1239
-1361
-1488
-1617
-1785
-1960
-2112
-2262
-2416
-2573
-2762
-2939
-3121
-3310
-3546
-3789
-4013
-4246
-4473
-4704
-4948
-5172
-5380
-5587
-5814
-6003
-6147
-6281
-6382
-6485
-6578
-6640
-6669
-6681
-6688
-6656
-6588
-6519
-6426
-6368
-6293
-6213
-6111
-6039
-5993
-5920
-5835
-5758
-5664
-5606
-5540
-5481
-5415
-5388
-5383
-5337
-5275
-5216
-5128
-5074
-4998
-4916
-4826
-4763
-4693
-4591
-4476
-4348
-4209
-4094
-3958
-3810
-3658
-3539
-3410
-3246
-3082
-2911
-2753
-2617
-2469
-2313
-2172
-2071
-1955
-1815
-1681
-1527
-1393
-1267
-1130
-980
-840
-724
-596
-452
-320
-163
-52
69
186
311
401
451
521
590
642
704
718
728
730
748
728
687
677
671
654
654
616
597
584
581
556
533
533
537
547
566
560
577
605
639
643
657
702
749
809
860
898
950
1010
1055
1056
1065
1093
1113
1146
1157
1158
1170
1192
1200
1180
1175
1181
1167
1175
1137
1114
1091
1083
1051
1008
997
1002
1009
1040
1040
1062
1086
1128
1135
1125
1156
1197
1231
1275
1284
1305
1328
1356
1354
1350
1369
1387
1403
1418
1403
1402
1403
1396
1347
1297
1270
1240
1224
1201
1168
1151
1151
1146
1113
1103
1117
1127
1155
1167
1172
1183
1198
1195
1165
1157
1168
1169
1204
1204
1225
1251
1293
1306
1301
1308
1318
1315
1335
1306
1300
1291
1301
1284
1252
1262
1271
1276
1288
1271
1264
1261
1266
1251
1237
1256
1281
1310
1342
1348
1369
1394
1415
1399
1388
1401
1405
1413
1402
1371
1349
1341
1326
1284
1267
1276
1287
1317
1334
1348
1371
1408
1427
1417
1433
1466
1483
1528
1534
1556
1582
1618
1623
1605
1599
1595
1574
1571
1522
1496
1475
1479
1453
1422
1432
1451
1469
1493
1488
1493
1503
1520
1507
1494
1510
1528
1553
1581
1584
1602
1625
1640
1616
1598
1607
1612
1633
1640
1640
1654
1684
1708
1706
1724
1768
1811
1867
1900
1925
1947
1971
1964
1922
1908
1914
1910
1936
1926
1934
1955
1997
2017
2020
2040
2063
2069
2091
2065
2063
2052
2057
2032
1995
1992
1994
1994
2007
1993
2004
2015
2029
2008
1987
1988
1986
1989
1995
1978
1983
2000
2024
2024
2044
2104
2169
2256
2327
2387
2453
2527
2582
2605
2630
2662
2679
2696
2685
2666
2646
2637
2600
2527
2481
2451
2410
2402
2368
2357
2363
2394
2411
2419
2456
2506
2543
2601
2608
2634
2656
2686
2676
2654
2656
2661
2669
2685
2673
2675
2682
2695
2674
2657
2678
2705
2743
2781
2794
2819
2851
2880
2876
2882
2909
2928
2968
2991
3010
3037
3075
3099
3093
3092
3103
3109
3130
3132
3137
3142
3159
3148
3110
3107
3123
3132
3167
3173
3196
3228
3273
3288
3281
3295
3313
3313
3335
3304
3295
3288
3293
3271
3248
3250
3252
3252
3259
3235
3230
3220
3212
3170
3130
3127
3127
3131
3133
3117
3113
3116
3111
3067
3041
3042
3036
3057
3064
3067
3078
3097
3099
3071
3046
3029
2998
2978
2929
2888
2853
2838
2792
2714
2669
2636
2593
2571
2517
2475
2441
2425
2383
2322
2290
2266
2226
2209
2147
2109
2074
2050
2000
1953
1932
1915
1902
1899
1869
1854
1839
1822
1764
1705
1674
1648
1634
1619
1584
1561
1544
1524
1475
1444
1436
1418
1412
1385
1352
1331
1324
1306
1262
1227
1206
1180
1175
1139
1112
1082
1065
1014
933
877
829
772
732
658
596
545
521
477
421
408
411
410
437
424
429
433
438
411
382
374
369
367
371
348
343
339
325
272
214
190
155
135
117
87
86
94
93
43
7
-13
-43
-60
-98
-137
-157
-166
-184
-222
-246
-254
-267
-255
-278
-288
-294
-277
-285
-312
-311
-299
-298
-282
-303
-312
-320
-310
-331
-368
-365
-350
-346
-328
-359
-386
-419
-447
-501
-549
-566
-574
-572
-563
-580
-578
-566
-554
-578
-597
-581
-560
-524
-492
-473
-436
-385
-345
-343
-332
-311
-310
-300
-314
-343
-368
-384
-413
-463
-494
-503
-522
-515
-551
-573
-593
-593
-614
-649
-657
-655
-662
-655
-687
-703
-716
-705
-725
-759
-755
-744
-742
-722
-737
-737
-733
-723
-742
-760
-753
-743
-729
-707
-710
-695
-676
-658
-676
-691
-679
-675
-663
-666
-681
-673
-654
-643
-666
-678
-669
-677
-669
-677
-686
-677
-649
-632
-637
-625
-597
-592
-567
-589
-594
-596
-583
-596
-627
-635
-628
-623
-597
-608
-604
-603
-588
-604
-631
-616
-591
-569
-533
-531
-516
-500
-483
-501
-526
-528
-531
-529
-525
-551
-563
-572
-584
-630
-668
-680
-698
-704
-717
-735
-734
-716
-704
-721
-720
-696
-679
-651
-643
-647
-645
-636
-641
-672
-677
-658
-649
-611
-623
-626
-632
-629
-652
-687
-696
-693
-693
-672
-693
-693
-695
-680
-704
-741
-737
-722
-707
-681
-684
-672
-653
-628
-635
-645
-633
-626
-616
-606
-622
-623
-615
-611
-640
-658
-650
-649
-639
-644
-661
-667
-657
-654
-679
-688
-665
-651
-622
-617
-622
-617
-602
-602
-624
-620
-597
-586
-548
-552
-543
-533
-510
-514
-538
-542
-540
-549
-535
-564
-567
-566
-548
-566
-596
-590
-577
-563
-538
-537
-521
-505
-490
-513
-542
-545
-551
-556
-564
-595
-608
-612
-617
-653
-675
-668
-666
-653
-661
-682
-693
-690
-697
-727
-740
-732
-728
-711
-713
-721
-725
-718
-735
-777
-784
-765
-754
-713
-711
-699
-688
-672
-685
-715
-722
-717
-721
-700
-727
-731
-735
-722
-740
-763
-752
-731
-703
-663
-650
-625
-600
-573
-583
-595
-579
-567
-553
-545
-563
-568
-566
-569
-604
-628
-623
-620
-600
-597
-602
-595
-575
-565
-580
-581
-565
-553
-525
-515
-513
-502
-479
-473
-505
-507
-490
-489
-456
-461
-457
-458
-443
-449
-462
-441
-407
-381
-332
-343
-341
-345
-342
-377
-422
-445
-466
-483
-488
-516
-523
-520
-514
-543
-574
-576
-582
-585
-591
-618
-630
-632
-635
-669
-689
-685
-687
-671
-674
-683
-680
-666
-663
-685
-694
-680
-664
-629
-616
-597
-575
-537
-528
-549
-538
-515
-505
-475
-481
-481
-482
-475
-504
-558
-582
-590
-602
-582
-604
-601
-597
-586
-611
-642
-654
-665
-674
-674
-697
-697
-686
-663
-671
-675
-651
-630
-605
-586
-590
-576
-550
-526
-535
-532
-508
-495
-469
-467
-479
-488
-490
-504
-538
-555
-549
-544
-517
-515
-504
-491
-460
-459
-488
-489
-481
-485
-457
-461
-455
-444
-429
-440
-476
-479
-480
-495
-486
-518
-524
-527
-521
-543
-570
-578
-585
-589
-588
-618
-635
-647
-655
-695
-725
-720
-710
-691
-675
-678
-663
-637
-618
-634
-635
-613
-601
-574
-566
-563
-549
-526
-515
-528
-529
-513
-503
-469
-467
-450
-430
-389
-375
-387
-368
-333
-298
-237
-200
-139
-69
22
84
127
206
293
365
456
504
568
633
698
729
757
802
845
883
921
923
934
940
936
886
830
791
733
662
559
413
259
99
-86
-322
-553
-770
-1003
-1230
-1493
-1782
-2081
-2392
-2735
-3125
-3524
-3932
-4371
-4805
-5293
-5779
-6275
-6763
-7285
-7829
-8335
-8807
-9257
-9657
-10055
-10407
-10729
-11012
-11297
-11583
-11816
-12032
-12261
-12466
-12707
-12924
-13124
-13321
-13547
-13773
-13977
-14185
-14392
-14597
-14826
-15034
-15231
-15420
-15638
-15845
-16017
-16186
-16343
-16507
-16689
-16855
-17003
-17155
-17335
-17494
-17625
-17757
-17864
-17981
-18099
-18196
-18272
-18353
-18454
-18534
-18586
-18637
-18647
-18682
-18688
-18683
-18652
-18645
-18653
-18631
-18591
-18552
-18487
-18453
-18397
-18337
-18251
-18194
-18148
-18057
-17954
-17857
-17742
-17654
-17543
-17413
-17262
-17126
-16974
-16783
-16579
-16364
-16143
-15951
-15738
-15515
-15284
-15081
-14863
-14610
-14359
-14096
-13843
-13602
-13346
-13070
-12799
-12559
-12302
-12025
-11760
-11487
-11238
-11003
-10763
-10519
-10297
-10107
-9903
-9685
-9484
-9254
-9063
-8853
-8638
-8405
-8195
-7999
-7778
-7546
-7322
-7082
-6883
-6666
-6449
-6213
-6009
-5817
-5586
-5345
-5119
-4875
-4669
-4447
-4227
-4011
-3827
-3651
-3450
-3251
-3063
-2891
-2755
-2612
-2469
-2330
-2226
-2111
-1962
-1815
-1655
-1502
-1360
-1209
-1048
-907
-806
-695
-568
-452
-326
-218
-119
-12
104
205
278
373
484
577
699
775
865
954
1052
1121
1171
1237
1308
1371
1453
1491
1554
1618
1704
1756
1795
1868
1946
2022
2110
2170
2248
2337
2434
2504
2580
2691
2804
2921
3036
3121
3219
3319
3413
3468
3530
3616
3695
3789
3871
3947
4036
4138
4223
4274
4335
4409
4473
4544
4594
4634
4676
4721
4733
4705
4698
4703
4690
4705
4683
4681
4693
4728
4743
4745
4767
4794
4808
4842
4830
4843
4861
4902
4917
4929
4979
5037
5096
5159
5188
5222
5249
5266
5240
5203
5199
5195
5193
5200
5178
5182
5197
5217
5202
5202
5233
5260
5304
5328
5344
5376
5419
5442
5431
5430
5444
5456
5483
5492
5500
5517
5556
5573
5561
5581
5622
5655
5725
5764
5820
5883
5959
6014
6056
6122
6194
6247
6316
6331
6369
6402
6444
6446
6436
6450
6463
6471
6483
6464
6455
6449
6450
6424
6406
6423
6444
6473
6500
6506
6531
6570
6609
6616
6637
6688
6736
6801
6845
6879
6923
6978
7022
7041
7075
7130
7189
7267
7325
7388
7457
7548
7616
7653
7718
7794
7852
7929
7966
8006
8045
8090
8107
8103
8118
8135
8134
8157
8133
8141
8155
8185
8186
8188
8223
8269
8327
8396
8444
8509
8578
8649
8683
8715
8774
8834
8904
8971
9009
9067
9128
9175
9182
9185
9209
9224
9258
9278
9285
9303
9340
9377
9393
9425
9470
9514
9572
9604
9643
9691
9763
9809
9827
9877
9940
9994
10071
10114
10168
10228
10302
10352
10386
10449
10520
10575
10653
10678
10721
10758
10798
10800
10795
10810
10826
10845
10875
10877
10898
10921
10945
10935
10928
10955
10984
11026
11072
11106
11156
11215
11262
11265
11274
11300
11311
11335
11337
11333
11344
11365
11373
11354
11346
11354
11355
11374
11361
11361
11369
11407
11425
11423
11456
11500
11528
11563
11555
11545
11528
11517
11472
11401
11359
11321
11266
11232
11150
11089
11031
10980
10901
10823
10775
10735
10707
10693
10660
10652
10652
10655
10624
10594
10589
10576
10568
10553
10516
10490
10471
10440
10373
10307
10272
10224
10194
10143
10081
10033
9994
9942
9869
9802
9743
9674
9623
9528
9444
9358
9296
9211
9108
9037
8985
8929
8896
8835
8789
8748
8723
8666
8585
8534
8482
8401
8324
8194
8075
7953
7836
7689
7543
7423
7313
7214
7127
7017
6929
6848
6767
6648
6531
6441
6348
6266
6182
6088
6014
5952
5877
5757
5649
5562
5468
5395
5310
5223
5154
5101
5040
4961
4902
4861
4805
4766
4678
4598
4513
4441
4340
4221
4132
4059
3981
3922
3829
3750
3671
3608
3513
3402
3333
3277
3215
3172
3089
3018
2947
2879
2783
2689
2621
2555
2494
2441
2365
2312
2269
2226
2145
2068
2020
1970
1933
1890
1832
1788
1755
1709
1626
1561
1518
1469
1439
1394
1338
1292
1260
1219
1157
1105
1078
1033
1019
959
908
853
818
758
678
621
569
504
457
370
296
227
182
106
19
-24
-50
-75
-77
-105
-114
-115
-113
-146
-189
-211
-238
-266
-293
-348
-385
-415
-444
-509
-566
-597
-634
-662
-703
-761
-808
-840
-878
-941
-980
-990
-1002
-996
-1006
-1025
-1037
-1037
-1049
-1087
-1103
-1103
-1121
-1113
-1150
-1173
-1193
-1197
-1223
-1259
-1267
-1263
-1264
-1246
-1269
-1277
-1293
-1295
-1333
-1385
-1398
-1405
-1415
-1409
-1429
-1430
-1420
-1402
-1414
-1426
-1413
-1404
-1399
-1400
-1438
-1466
-1487
-1507
-1552
-1583
-1579
-1574
-1554
-1546
-1551
-1542
-1517
-1501
-1513
-1504
-1471
-1442
-1402
-1382
-1374
-1363
-1343
-1346
-1381
-1397
-1408
-1449
-1466
-1528
-1585
-1633
-1672
-1732
-1800
-1849
-1884
-1932
-1953
-2011
-2035
-2057
-2055
-2089
-2131
-2144
-2162
-2189
-2213
-2271
-2323
-2379
-2445
-2559
-2695
-2826
-2979
-3145
-3322
-3533
-3732
-3928
-4126
-4359
-4581
-4772
-4968
-5151
-5355
-5573
-5786
-5989
-6211
-6471
-6726
-6978
-7251
-7527
-7837
-8165
-8499
-8830
-9187
-9568
-9903
-10199
-10490
-10736
-11010
-11265
-11513
-11747
-12004
-12273
-12518
-12753
-12995
-13208
-13462
-13687
-13912
-14121
-14365
-14622
-14851
-15084
-15324
-15564
-15832
-16087
-16341
-16587
-16858
-17119
-17340
-17550
-17743
-17922
-18106
-18257
-18386
-18504
-18643
-18761
-18844
-18924
-18982
-19052
-19125
-19187
-19231
-19281
-19354
-19411
-19447
-19484
-19503
-19532
-19554
-19556
-19525
-19500
-19486
-19426
-19336
-19250
-19127
-19030
-18915
-18789
-18653
-18522
-18392
-18219
-18019
-17824
-17597
-17419
-17219
-17009
-16792
-16619
-16459
-16276
-16097
-15919
-15738
-15577
-15393
-15193
-14977
-14781
-14576
-14331
-14074
-13803
-13525
-13267
-12995
-12723
-12465
-12249
-12027
-11786
-11553
-11307
-11085
-10876
-10663
-10442
-10235
-10054
-9863
-9656
-9455
-9245
-9062
-8879
-8690
-8484
-8305
-8154
-7966
-7759
-7557
-7326
-7123
-6906
-6686
-6457
-6261
-6088
-5891
-5688
-5500
-5289
-5126
-4935
-4742
-4538
-4370
-4207
-4022
-3839
-3656
-3468
-3308
-3126
-2929
-2718
-2534
-2348
-2137
-1937
-1742
-1562
-1415
-1262
-1108
-966
-867
-759
-628
-504
-361
-240
-127
-8
117
224
303
392
496
594
713
807
905
1001
1113
1193
1242
1320
1410
1489
1593
1664
1745
1830
1927
1992
2034
2101
2170
2213
2274
2286
2320
2363
2410
2431
2450
2496
2551
2614
2680
2721
2780
2841
2902
2920
2934
2978
3014
3046
3065
3056
3056
3063
3063
3030
3011
3018
3022
3049
3066
3085
3121
3170
3207
3217
3238
3281
3325
3393
3428
3470
3508
3557
3569
3549
3556
3573
3584
3614
3615
3636
3666
3717
3741
3749
3790
3839
3873
3925
3927
3945
3964
3991
3986
3978
3990
4004
4020
4040
4030
4036
4049
4068
4057
4054
4081
4108
4143
4168
4170
4185
4210
4225
4203
4197
4220
4243
4290
4324
4355
4396
4444
4477
4481
4494
4521
4536
4573
4576
4598
4626
4676
4699
4697
4717
4743
4756
4783
4775
4781
4787
4808
4796
4764
4770
4784
4790
4819
4811
4822
4839
4869
4871
4878
4916
4967
5017
5080
5116
5176
5252
5326
5364
5390
5435
5469
5508
5530
5528
5538
5566
5585
5572
5580
5613
5640
5687
5720
5748
5793
5853
5902
5928
5970
6027
6071
6138
6163
6200
6230
6268
6272
6249
6245
6245
6240
6257
6247
6266
6298
6357
6384
6394
6445
6508
6567
6646
6690
6748
6811
6882
6927
6973
7040
7103
7162
7218
7238
7271
7308
7342
7340
7342
7374
7406
7452
7494
7524
7569
7627
7675
7689
7720
7774
7821
7881
7921
7949
7982
8024
8049
8046
8057
8087
8106
8157
8169
8202
8243
8308
8349
8373
8418
8471
8517
8583
8610
8655
8699
8760
8781
8778
8805
8832
8846
8867
8849
8838
8828
8821
8785
8752
8746
8742
8740
8743
8714
8707
8712
8713
8683
8661
8674
8699
8738
8778
8799
8825
8857
8869
8835
8810
8801
8790
8797
8792
8780
8777
8783
8769
8724
8695
8683
8661
8672
8647
8641
8641
8656
8644
8616
8607
8601
8582
8580
8534
8511
8484
8471
8419
8351
8315
8282
8243
8214
8152
8100
8050
8002
7920
7837
7777
7712
7647
7583
7495
7423
7357
7285
7180
7080
7006
6930
6872
6801
6722
6653
6596
6523
6417
6329
6263
6191
6134
6062
5987
5920
5867
5796
5694
5618
5558
5483
5435
5345
5268
5194
5135
5054
4962
4891
4829
4760
4715
4624
4557
4489
4438
4351
4251
4179
4100
4008
3913
3781
3656
3534
3418
3274
3136
3033
2939
2856
2781
2687
2613
2548
2479
2375
2275
2203
2133
2075
2001
1905
1815
1736
1644
1531
1437
1355
1271
1206
1127
1051
985
936
871
777
713
669
614
588
524
471
420
379
314
237
187
151
105
81
8
-41
-90
-122
-187
-256
-287
-308
-326
-340
-385
-417
-441
-457
-502
-545
-555
-560
-552
-542
-555
-551
-539
-535
-574
-609
-623
-651
-669
-709
-760
-803
-836
-881
-952
-1006
-1038
-1068
-1081
-1110
-1132
-1142
-1128
-1132
-1164
-1166
-1154
-1157
-1138
-1156
-1163
-1164
-1150
-1158
-1181
-1177
-1162
-1157
-1127
-1149
-1152
-1164
-1170
-1214
-1266
-1294
-1318
-1337
-1345
-1379
-1395
-1403
-1401
-1428
-1450
-1442
-1436
-1426
-1422
-1448
-1464
-1476
-1495
-1549
-1593
-1612
-1635
-1635
-1650
-1665
-1672
-1664
-1671
-1696
-1722
-1737
-1762
-1777
-1810
-1839
-1858
-1858
-1879
-1926
-1936
-1934
-1946
-1936
-1953
-1958
-1954
-1931
-1932
-1949
-1936
-1912
-1901
-1864
-1874
-1863
-1853
-1833
-1846
-1864
-1861
-1850
-1829
-1795
-1783
-1755
-1725
-1697
-1710
-1723
-1708
-1693
-1669
-1647
-1642
-1615
-1574
-1538
-1541
-1538
-1518
-1512
-1490
-1494
-1513
-1532
-1553
-1591
-1655
-1708
-1744
-1785
-1805
-1852
-1888
-1920
-1930
-1966
-2027
-2054
-2065
-2079
-2064
-2071
-2060
-2041
-2006
-1998
-2006
-1980
-1943
-1919
-1869
-1866
-1843
-1818
-1787
-1791
-1803
-1798
-1791
-1779
-1753
-1751
-1728
-1702
-1680
-1699
-1720
-1714
-1713
-1705
-1701
-1713
-1703
-1678
-1653
-1662
-1660
-1641
-1636
-1615
-1614
-1619
-1614
-1598
-1593
-1609
-1612
-1594
-1586
-1556
-1557
-1557
-1559
-1539
-1551
-1580
-1582
-1562
-1552
-1523
-1524
-1509
-1492
-1462
-1468
-1491
-1479
-1454
-1440
-1404
-1419
-1423
-1427
-1429
-1464
-1502
-1519
-1533
-1545
-1554
-1592
-1617
-1635
-1648
-1694
-1739
-1760
-1785
-1802
-1826
-1869
-1897
-1912
-1935
-1988
-2019
-2021
-2025
-2009
-2011
-2018
-2010
-1990
-1978
-1986
-1979
-1956
-1941
-1906
-1915
-1914
-1916
-1898
-1904
-1928
-1921
-1895
-1872
-1828
-1817
-1791
-1765
-1724
-1719
-1737
-1722
-1702
-1695
-1669
-1684
-1684
-1680
-1673
-1695
-1718
-1717
-1715
-1710
-1699
-1716
-1711
-1698
-1682
-1700
-1712
-1696
-1684
-1666
-1661
-1676
-1677
-1664
-1654
-1677
-1685
-1679
-1686
-1680
-1691
-1708
-1714
-1712
-1723
-1753
-1760
-1742
-1733
-1700
-1714
-1716
-1720
-1713
-1736
-1769
-1777
-1767
-1762
-1738
-1746
-1742
-1735
-1712
-1737
-1784
-1790
-1786
-1789
-1774
-1795
-1797
-1791
-1780
-1796
-1809
-1797
-1782
-1762
-1739
-1744
-1728
-1698
-1661
-1654
-1636
-1591
-1553
-1507
-1478
-1470
-1457
-1438
-1433
-1465
-1484
-1484
-1494
-1491
-1504
-1521
-1528
-1519
-1520
-1541
-1540
-1521
-1523
-1503
-1532
-1550
-1571
-1582
-1622
-1677
-1708
-1722
-1733
-1716
-1726
-1707
-1682
-1637
-1632
-1648
-1631
-1610
-1598
-1579
-1596
-1604
-1613
-1621
-1658
-1692
-1695
-1690
-1676
-1653
-1651
-1629
-1598
-1565
-1565
-1559
-1526
-1500
-1466
-1450
-1452
-1447
-1431
-1431
-1468
-1492
-1500
-1514
-1512
-1527
-1548
-1558
-1551
-1556
-1583
-1581
-1557
-1544
-1501
-1501
-1488
-1474
-1446
-1445
-1460
-1453
-1434
-1419
-1384
-1380
-1355
-1325
-1288
-1296
-1325
-1331
-1327
-1326
-1310
-1326
-1324
-1313
-1295
-1308
-1325
-1315
-1304
-1295
-1290
-1313
-1323
-1326
-1328
-1362
-1388
-1390
-1401
-1402
-1422
-1455
-1479
-1489
-1511
-1563
-1599
-1616
-1638
-1648
-1675
-1707
-1732
-1746
-1781
-1840
-1862
-1861
-1869
-1844
-1854
-1843
-1822
-1783
-1769
-1770
-1750
-1721
-1703
-1660
-1658
-1625
-1586
-1530
-1511
-1505
-1466
-1421
-1376
-1323
-1301
-1270
-1238
-1209
-1219
-1235
-1227
-1225
-1224
-1230
-1264
-1286
-1304
-1332
-1397
-1451
-1473
-1494
-1493
-1503
-1513
-1506
-1481
-1466
-1477
-1468
-1438
-1414
-1383
-1375
-1373
-1366
-1346
-1352
-1390
-1397
-1384
-1384
-1355
-1360
-1348
-1328
-1293
-1284
-1291
-1280
-1263
-1259
-1232
-1252
-1242
-1225
-1192
-1189
-1192
-1164
-1130
-1110
-1103
-1135
-1165
-1189
-1216
-1280
-1356
-1409
-1467
-1516
-1561
-1623
-1660
-1674
-1685
-1722
-1740
-1722
-1706
-1670
-1649
-1635
-1613
-1579
-1557
-1557
-1542
-1511
-1486
-1448
-1429
-1409
-1385
-1344
-1333
-1356
-1351
-1334
-1331
-1309
-1328
-1342
-1360
-1373
-1414
-1469
-1491
-1493
-1500
-1477
-1502
-1499
-1490
-1464
-1470
-1485
-1479
-1474
-1466
-1448
-1450
-1431
-1404
-1370
-1368
-1365
-1331
-1301
-1269
-1251
-1264
-1268
-1270
-1281
-1326
-1352
-1343
-1330
-1292
-1270
-1253
-1226
-1189
-1167
-1171
-1161
-1133
-1106
-1063
-1050
-1038
-1034
-1020
-1043
-1102
-1136
-1161
-1199
-1213
-1256
-1280
-1291
-1278
-1283
-1300
-1284
-1252
-1229
-1178
-1177
-1154
-1135
-1113
-1126
-1145
-1140
-1134
-1128
-1121
-1151
-1174
-1186
-1195
-1234
-1265
-1266
-1259
-1241
-1218
-1206
-1182
-1149
-1122
-1131
-1129
-1103
-1087
-1051
-1038
-1036
-1028
-1012
-1011
-1034
-1042
-1032
-1024
-994
-994
-985
-975
-945
-946
-975
-977
-970
-977
-966
-984
-985
-976
-950
-953
-978
-972
-956
-951
-922
-939
-934
-925
-905
-915
-926
-915
-903
-890
-875
-895
-905
-912
-916
-951
-979
-973
-962
-934
-907
-896
-873
-842
-821
-836
-836
-809
-788
-748
-726
-709
-680
-643
-618
-618
-611
-591
-582
-554
-562
-554
-540
-501
-487
-496
-478
-452
-437
-403
-399
-381
-362
-328
-325
-346
-334
-318
-315
-290
-308
-313
-321
-332
-381
-439
-483
-536
-597
-664
-766
-860
-956
-1055
-1192
-1324
-1438
-1541
-1638
-1736
-1855
-1967
-2069
-2191
-2347
-2482
-2592
-2713
-2818
-2946
-3085
-3219
-3358
-3519
-3714
-3912
-4110
-4329
-4532
-4779
-5013
-5246
-5456
-5688
-5934
-6144
-6330
-6507
-6647
-6800
-6916
-7011
-7074
-7154
-7228
-7236
-7209
-7175
-7113
-7082
-7027
-6955
-6863
-6790
-6711
-6603
-6492
-6376
-6253
-6159
-6051
-5946
-5851
-5804
-5759
-5690
-5626
-5552
-5488
-5439
-5379
-5305
-5237
-5198
-5136
-5045
-4953
-4836
-4722
-4603
-4461
-4301
-4148
-4018
-3873
-3715
-3574
-3412
-3298
-3170
-3039
-2890
-2766
-2657
-2518
-2366
-2219
-2056
-1931
-1790
-1648
-1486
-1355
-1234
-1070
-896
-730
-552
-413
-267
-126
7
98
177
271
355
430
500
533
572
610
641
626
608
609
603
607
600
582
577
586
580
548
536
546
558
581
595
601
616
634
633
599
580
577
556
558
521
497
476
475
459
435
444
471
501
554
567
598
624
664
665
646
659
678
691
712
699
697
695
694
662
633
636
648
672
702
706
723
743
762
749
750
783
815
864
906
938
976
1022
1051
1046
1054
1076
1081
1090
1077
1053
1035
1023
993
934
904
898
884
905
889
890
896
921
926
922
945
982
1017
1076
1091
1129
1165
1219
1238
1246
1288
1333
1374
1421
1436
1457
1475
1490
1465
1433
1422
1406
1388
1367
1320
1289
1268
1245
1193
1152
1140
1124
1125
1116
1100
1098
1113
1117
1092
1079
1081
1071
1064
1044
1021
1007
1015
1001
968
968
990
1005
1040
1033
1040
1055
1086
1100
1098
1121
1152
1173
1221
1223
1245
1259
1285
1272
1248
1252
1257
1261
1272
1259
1264
1276
1297
1289
1282
1303
1324
1347
1371
1369
1383
1404
1419
1398
1383
1390
1388
1400
1397
1390
1401
1433
1460
1466
1491
1534
1569
1610
1622
1621
1618
1625
1603
1550
1530
1529
1516
1531
1507
1494
1484
1486
1464
1430
1427
1442
1452
1490
1482
1504
1528
1568
1575
1576
1604
1633
1663
1699
1711
1739
1772
1809
1811
1811
1835
1855
1879
1901
1900
1915
1938
1955
1938
1930
1946
1951
1968
1964
1953
1955
1969
1975
1958
1957
1978
1996
2028
2037
2050
2071
2119
2136
2138
2173
2228
2268
2318
2331
2349
2372
2412
2425
2418
2442
2478
2501
2549
2538
2547
2547
2552
2515
2472
2453
2441
2439
2444
2426
2424
2427
2435
2409
2385
2390
2395
2411
2432
2434
2453
2482
2505
2493
2491
2515
2532
2568
2584
2592
2610
2638
2656
2653
2666
2699
2730
2779
2797
2820
2841
2877
2884
2862
2875
2904
2924
2962
2959
2955
2942
2931
2883
2816
2784
2766
2743
2752
2720
2713
2710
2717
2694
2671
2670
2671
2678
2695
2691
2708
2733
2762
2755
2748
2767
2784
2806
2821
2815
2823
2839
2846
2816
2801
2811
2811
2827
2820
2804
2797
2799
2793
2766
2753
2758
2757
2777
2763
2758
2751
2764
2749
2712
2710
2724
2729
2751
2743
2745
2753
2775
2753
2711
2694
2691
2681
2697
2665
2648
2624
2596
2528
2446
2380
2318
2261
2216
2156
2126
2106
2089
2033
1975
1937
1889
1843
1784
1703
1637
1588
1538
1462
1407
1380
1348
1336
1309
1278
1260
1255
1240
1204
1182
1177
1165
1178
1152
1138
1124
1127
1100
1050
1026
1012
990
985
948
927
908
905
868
812
794
790
779
793
768
760
756
756
726
696
684
667
642
616
558
519
488
459
399
346
321
294
278
259
229
222
233
243
222
217
234
238
254
247
228
216
211
191
145
111
91
55
38
-26
-80
-139
-185
-260
-351
-411
-454
-497
-514
-557
-575
-584
-570
-584
-613
-605
-579
-557
-521
-515
-496
-467
-430
-426
-425
-414
-409
-410
-407
-435
-442
-441
-432
-457
-474
-459
-445
-419
-403
-399
-384
-357
-342
-362
-366
-351
-344
-325
-331
-347
-354
-355
-374
-418
-443
-447
-460
-441
-460
-461
-458
-438
-445
-473
-481
-483
-495
-492
-533
-563
-597
-614
-668
-736
-765
-786
-811
-820
-855
-868
-865
-847
-850
-850
-822
-793
-762
-729
-723
-695
-654
-610
-601
-591
-560
-540
-515
-506
-517
-521
-517
-529
-575
-599
-598
-603
-595
-608
-632
-651
-663
-694
-754
-790
-804
-829
-821
-852
-863
-868
-854
-860
-876
-868
-849
-837
-804
-808
-785
-760
-713
-700
-701
-665
-621
-582
-535
-520
-507
-489
-470
-485
-504
-510
-525
-543
-562
-602
-631
-658
-680
-730
-768
-774
-785
-777
-785
-807
-823
-827
-844
-891
-918
-925
-935
-933
-946
-964
-972
-961
-962
-982
-966
-922
-888
-822
-795
-755
-716
-668
-651
-656
-646
-629
-622
-596
-618
-618
-618
-599
-612
-635
-625
-613
-606
-595
-615
-623
-628
-626
-651
-670
-654
-637
-616
-596
-603
-593
-577
-562
-577
-576
-544
-521
-487
-473
-472
-466
-450
-452
-487
-512
-520
-529
-522
-528
-536
-538
-524
-532
-565
-568
-555
-559
-539
-563
-579
-592
-592
-615
-651
-663
-665
-679
-667
-699
-702
-700
-681
-694
-715
-704
-688
-668
-639
-635
-613
-582
-544
-536
-525
-487
-447
-400
-354
-332
-308
-282
-273
-306
-328
-327
-342
-342
-362
-392
-413
-426
-454
-505
-539
-553
-562
-553
-560
-562
-556
-531
-531
-561
-559
-540
-529
-488
-481
-463
-439
-400
-387
-392
-377
-357
-352
-325
-348
-351
-360
-359
-391
-424
-425
-423
-421
-415
-435
-440
-442
-442
-478
-514
-520
-524
-521
-526
-558
-582
-601
-624
-680
-722
-734
-746
-736
-739
-743
-732
-707
-691
-695
-684
-654
-628
-591
-578
-560
-538
-495
-481
-498
-484
-458
-446
-415
-422
-422
-417
-398
-405
-427
-421
-403
-397
-365
-382
-377
-372
-360
-384
-417
-428
-438
-444
-444
-471
-478
-478
-469
-487
-500
-479
-455
-420
-387
-369
-331
-288
-256
-260
-249
-227
-215
-192
-192
-191
-181
-154
-148
-171
-188
-189
-197
-188
-209
-223
-244
-255
-303
-383
-434
-467
-500
-507
-541
-559
-569
-562
-582
-620
-626
-625
-635
-624
-662
-675
-683
-679
-703
-729
-730
-724
-710
-687
-689
-672
-646
-615
-617
-618
-593
-572
-548
-532
-535
-522
-495
-473
-487
-491
-474
-469
-446
-442
-444
-434
-411
-397
-399
-387
-358
-340
-308
-317
-321
-330
-324
-350
-401
-426
-441
-465
-468
-496
-503
-495
-464
-458
-470
-447
-419
-411
-389
-417
-431
-447
-459
-500
-543
-562
-576
-580
-570
-582
-571
-555
-539
-564
-589
-587
-589
-585
-590
-616
-630
-632
-642
-685
-709
-706
-706
-695
-693
-690
-677
-650
-640
-654
-651
-633
-615
-579
-586
-582
-578
-559
-566
-594
-590
-576
-573
-560
-583
-596
-609
-602
-623
-658
-650
-632
-625
-602
-617
-617
-618
-614
-640
-670
-680
-690
-700
-701
-726
-727
-719
-711
-738
-759
-751
-742
-719
-701
-699
-681
-647
-617
-618
-599
-558
-526
-480
-453
-434
-407
-372
-355
-367
-369
-359
-365
-347
-370
-376
-381
-370
-385
-420
-436
-448
-473
-484
-530
-557
-582
-588
-627
-679
-688
-683
-680
-656
-665
-657
-644
-624
-633
-642
-622
-596
-561
-521
-507
-476
-442
-415
-427
-439
-429
-427
-417
-417
-429
-428
-416
-415
-445
-456
-447
-445
-428
-425
-426
-412
-382
-369
-380
-371
-347
-334
-302
-316
-318
-321
-302
-308
-338
-346
-341
-342
-321
-337
-331
-317
-280
-278
-287
-257
-223
-195
-155
-147
-128
-107
-82
-87
-91
-71
-50
-24
5
2
5
6
-2
-49
-98
-128
-167
-196
-236
-283
-315
-329
-351
-403
-435
-445
-461
-461
-474
-485
-480
-453
-433
-432
-402
-348
-305
-234
-208
-173
-142
-103
-93
-105
-100
-91
-94
-82
-122
-149
-185
-205
-261
-330
-360
-384
-412
-431
-481
-517
-546
-566
-611
-654
-673
-694
-710
-719
-747
-753
-747
-737
