0
-3
-11
-27
-45
-60
-76
-94
-111
-129
-136
-140
-145
-159
-173
-186
-206
-228
-253
-273
-282
-285
-289
-301
-313
-327
-350
-372
-396
-416
-424
-425
-424
-421
-410
-390
-374
-352
-342
-332
-326
-324
-331
-344
-356
-366
-376
-379
-387
-385
-382
-379
-380
-382
-371
-355
-334
-305
-275
-236
-190
-146
-109
-74
-37
-4
25
51
68
85
103
116
119
126
130
139
147
156
164
182
203
224
244
265
288
307
326
341
358
383
411
434
459
493
535
570
610
640
672
703
728
743
752
762
769
767
762
746
742
742
749
755
766
789
813
834
852
862
876
889
900
902
905
914
921
928
938
951
975
1003
1029
1049
1071
1100
1125
1151
1173
1193
1216
1235
1245
1244
1245
1252
1259
1269
1274
1282
1296
1314
1334
1356
1392
1438
1479
1525
1561
1600
1639
1669
1689
1701
1714
1728
1736
1748
1754
1774
1795
1817
1835
1854
1880
1908
1934
1960
1979
2003
2025
2049
2072
2101
2138
2175
2212
2248
2281
2323
2367
2407
2441
2476
2513
2552
2585
2609
2634
2655
2682
2709
2736
2771
2806
2840
2878
2911
2943
2974
2998
3014
3022
3033
3046
3049
3051
3038
3022
3004
2981
2952
2922
2902
2888
2875
2868
2855
2858
2868
2883
2892
2902
2918
2936
2952
2967
2976
2988
3001
3014
3022
3025
3029
3027
3025
3023
3021
3028
3037
3041
3036
3032
3034
3031
3020
2991
2946
2893
2834
2770
2706
2655
2616
2580
2550
2519
2495
2475
2457
2436
2411
2395
2383
2369
2360
2343
2326
2307
2282
2251
2217
2188
2161
2129
2103
2070
2046
2028
2013
1997
1984
1981
1983
1988
1999
2005
2017
2028
2033
2026
2009
1987
1954
1909
1851
1781
1708
1631
1546
1450
1354
1257
1153
1048
939
834
733
648
571
508
462
424
394
369
340
315
286
250
209
162
122
86
45
14
-17
-42
-66
-90
-120
-153
-177
-196
-223
-248
-286
-318
-351
-385
-422
-457
-488
-521
-556
-586
-616
-636
-651
-664
-679
-689
-688
-686
-687
-692
-703
-712
-725
-745
-772
-797
-817
-840
-862
-890
-920
-948
-978
-1011
-1045
-1076
-1102
-1129
-1150
-1178
-1198
-1219
-1243
-1271
-1303
-1325
-1348
-1377
-1407
-1445
-1476
-1503
-1527
-1551
-1570
-1577
-1577
-1581
-1578
-1582
-1579
-1576
-1573
-1573
-1571
-1563
-1555
-1551
-1550
-1556
-1559
-1564
-1573
-1586
-1596
-1598
-1598
-1597
-1598
-1602
-1600
-1594
-1591
-1590
-1580
-1562
-1547
-1531
-1524
-1522
-1518
-1514
-1509
-1505
-1498
-1488
-1480
-1467
-1454
-1428
-1402
-1372
-1358
-1346
-1331
-1319
-1321
-1327
-1347
-1365
-1381
-1398
-1420
-1437
-1442
-1446
-1458
-1466
-1483
-1499
-1514
-1531
-1555
-1581
-1602
-1625
-1652
-1674
-1694
-1704
-1713
-1724
-1740
-1751
-1754
-1755
-1751
-1746
-1740
-1728
-1711
-1694
-1676
-1651
-1623
-1602
-1580
-1563
-1547
-1530
-1516
-1510
-1511
-1512
-1509
-1510
-1504
-1502
-1492
-1479
-1467
-1462
-1466
-1471
-1481
-1495
-1502
-1508
-1498
-1480
-1454
-1427
-1396
-1356
-1318
-1294
-1277
-1273
-1272
-1273
-1278
-1291
-1306
-1320
-1339
-1363
-1384
-1406
-1417
-1425
-1430
-1437
-1439
-1432
-1425
-1418
-1419
-1427
-1439
-1456
-1477
-1501
-1519
-1534
-1553
-1570
-1588
-1604
-1612
-1616
-1617
-1617
-1611
-1598
-1586
-1567
-1552
-1528
-1500
-1473
-1453
-1434
-1413
-1395
-1379
-1368
-1366
-1357
-1351
-1343
-1345
-1346
-1336
-1324
-1322
-1318
-1324
-1322
-1318
-1313
-1310
-1305
-1300
-1305
-1321
-1343
-1369
-1386
-1400
-1417
-1439
-1458
-1470
-1482
-1490
-1498
-1506
-1508
-1508
-1511
-1518
-1521
-1517
-1514
-1506
-1499
-1490
-1474
-1457
-1448
-1447
-1444
-1442
-1448
-1452
-1467
-1477
-1482
-1484
-1490
-1501
-1507
-1511
-1519
-1521
-1526
-1518
-1506
-1491
-1476
-1460
-1438
-1419
-1408
-1399
-1395
-1386
-1374
-1360
-1349
-1334
-1314
-1295
-1276
-1258
-1246
-1229
-1212
-1199
-1192
-1182
-1165
-1152
-1138
-1126
-1114
-1095
-1071
-1045
-1020
-992
-967
-950
-941
-944
-955
-969
-991
-1026
-1076
-1128
-1182
-1247
-1301
-1351
-1378
-1381
-1368
-1349
-1327
-1302
-1280
-1267
-1264
-1269
-1272
-1276
-1278
-1290
-1298
-1296
-1293
-1289
-1291
-1306
-1317
-1326
-1334
-1345
-1354
-1352
-1348
-1346
-1348
-1351
-1345
-1336
-1327
-1319
-1307
-1287
-1270
-1254
-1242
-1231
-1215
-1199
-1188
-1184
-1178
-1172
-1170
-1166
-1163
-1157
-1143
-1121
-1096
-1072
-1046
-1022
-1008
-991
-983
-972
-960
-947
-936
-922
-896
-862
-828
-787
-758
-727
-706
-697
-706
-729
-759
-801
-855
-914
-979
-1035
-1083
-1123
-1160
-1189
-1207
-1224
-1238
-1247
-1253
-1249
-1243
-1239
-1240
-1240
-1240
-1247
-1252
-1259
-1261
-1256
-1248
-1242
-1244
-1251
-1260
-1277
-1293
-1312
-1324
-1325
-1315
-1302
-1286
-1261
-1233
-1213
-1193
-1185
-1174
-1159
-1139
-1122
-1104
-1081
-1057
-1042
-1026
-1023
-1014
-1005
-995
-991
-985
-971
-955
-935
-931
-937
-950
-963
-977
-997
-1021
-1035
-1051
-1064
-1070
-1076
-1077
-1075
-1077
-1086
-1088
-1084
-1083
-1082
-1088
-1097
-1102
-1109
-1118
-1129
-1136
-1138
-1138
-1134
-1133
-1126
-1112
-1093
-1077
-1063
-1042
-1021
-1009
-998
-997
-994
-988
-978
-971
-965
-953
-941
-936
-927
-929
-925
-924
-927
-936
-945
-948
-949
-947
-943
-942
-933
-927
-926
-937
-950
-958
-969
-980
-989
-1000
-1006
-1008
-1010
-1017
-1019
-1016
-1013
-1003
-995
-985
-976
-974
-984
-1004
-1027
-1047
-1071
-1091
-1115
-1131
-1142
-1148
-1152
-1152
-1136
-1111
-1092
-1072
-1067
-1065
-1070
-1079
-1094
-1107
-1109
-1106
-1110
-1113
-1126
-1134
-1140
-1145
-1154
-1164
-1168
-1172
-1176
-1180
-1193
-1203
-1211
-1217
-1236
-1248
-1261
-1273
-1278
-1281
-1276
-1264
-1244
-1220
-1191
-1158
-1119
-1085
-1049
-1021
-997
-969
-942
-922
-905
-885
-858
-834
-808
-794
-780
-768
-758
-754
-753
-745
-736
-733
-732
-742
-751
-762
-777
-793
-807
-809
-807
-811
-810
-818
-824
-831
-843
-862
-882
-896
-908
-917
-922
-929
-927
-926
-929
-940
-954
-965
-980
-993
-1004
-1011
-1006
-996
-982
-969
-947
-920
-901
-886
-882
-881
-878
-879
-887
-902
-915
-924
-941
-958
-984
-1002
-1016
-1029
-1042
-1056
-1059
-1057
-1053
-1044
-1041
-1031
-1023
-1019
-1024
-1033
-1030
-1020
-1009
-992
-981
-969
-963
-963
-974
-985
-990
-993
-996
-994
-991
-976
-954
-930
-911
-891
-878
-865
-852
-840
-822
-805
-788
-771
-764
-754
-750
-759
-774
-798
-829
-856
-883
-902
-914
-910
-895
-879
-856
-840
-819
-800
-784
-772
-760
-737
-705
-672
-636
-609
-577
-545
-513
-490
-474
-455
-438
-433
-430
-436
-441
-452
-473
-505
-539
-570
-600
-627
-642
-644
-624
-588
-547
-510
-474
-437
-405
-376
-350
-322
-285
-244
-202
-165
-124
-82
-47
-16
7
25
43
57
65
69
75
88
97
113
119
131
141
148
151
152
157
161
158
154
142
141
144
149
149
147
151
154
149
148
143
143
146
148
140
125
108
86
62
41
23
18
20
26
30
37
46
50
54
56
61
74
91
107
113
125
122
108
84
55
27
4
-21
-45
-67
-82
-94
-117
-143
-181
-218
-259
-299
-337
-366
-380
-378
-366
-339
-312
-276
-243
-213
-193
-181
-169
-168
-176
-189
-212
-235
-257
-283
-318
-358
-400
-448
-500
-552
-601
-635
-659
-677
-688
-690
-685
-683
-682
-685
-689
-685
-677
-666
-655
-636
-616
-602
-592
-594
-607
-628
-655
-690
-731
-767
-801
-844
-883
-928
-963
-990
-1010
-1030
-1048
-1056
-1054
-1052
-1039
-1029
-1006
-981
-956
-939
-927
-918
-921
-934
-951
-974
-990
-1000
-1007
-1015
-1020
-1018
-1016
-1016
-1015
-1015
-1009
-998
-989
-986
-981
-970
-961
-950
-945
-940
-933
-927
-927
-936
-946
-955
-975
-999
-1033
-1058
-1082
-1097
-1118
-1142
-1149
-1150
-1151
-1153
-1165
-1178
-1191
-1210
-1233
-1256
-1268
-1277
-1286
-1285
-1288
-1279
-1269
-1258
-1250
-1243
-1235
-1232
-1236
-1241
-1250
-1247
-1239
-1225
-1214
-1200
-1184
-1169
-1157
-1147
-1142
-1131
-1119
-1109
-1102
-1091
-1074
-1058
-1041
-1031
-1023
-1011
-997
-984
-972
-954
-932
-913
-895
-885
-873
-859
-846
-840
-841
-837
-830
-826
-817
-817
-817
-823
-836
-862
-895
-928
-964
-1006
-1042
-1082
-1109
-1127
-1136
-1140
-1136
-1118
-1091
-1059
-1024
-994
-957
-918
-881
-849
-817
-784
-759
-742
-734
-736
-738
-741
-747
-758
-759
-751
-746
-744
-750
-755
-751
-742
-730
-714
-690
-662
-638
-614
-601
-587
-574
-554
-535
-510
-466
-416
-362
-306
-265
-219
-176
-129
-94
-65
-35
-5
16
39
51
76
107
143
175
204
228
242
249
253
249
248
247
237
216
195
178
153
122
84
40
-2
-50
-106
-170
-232
-292
-361
-429
-507
-592
-684
-784
-890
-1001
-1114
-1230
-1352
-1476
-1614
-1756
-1908
-2076
-2271
-2496
-2739
-3000
-3282
-3573
-3882
-4197
-4521
-4856
-5202
-5555
-5910
-6269
-6638
-7002
-7368
-7709
-8025
-8315
-8580
-8815
-9016
-9190
-9341
-9466
-9572
-9649
-9702
-9734
-9745
-9729
-9683
-9619
-9539
-9445
-9336
-9200
-9044
-8869
-8680
-8469
-8238
-8001
-7755
-7510
-7258
-6998
-6740
-6489
-6241
-5990
-5738
-5496
-5257
-5030
-4800
-4568
-4336
-4116
-3911
-3714
-3530
-3361
-3199
-3049
-2892
-2740
-2583
-2443
-2309
-2170
-2031
-1896
-1760
-1642
-1524
-1407
-1293
-1182
-1072
-966
-868
-778
-696
-623
-546
-472
-406
-349
-296
-239
-185
-134
-90
-54
-16
21
54
83
117
156
185
211
226
237
248
254
254
253
259
274
288
309
323
347
378
414
448
481
517
548
568
585
592
607
628
652
673
693
721
748
764
779
783
791
804
818
830
843
862
881
896
907
912
921
928
932
931
934
945
956
968
977
984
993
995
984
961
939
918
893
872
849
830
823
826
833
842
859
883
904
933
954
982
1008
1031
1042
1046
1049
1052
1056
1065
1070
1083
1099
1117
1132
1140
1160
1177
1191
1199
1198
1203
1209
1223
1231
1243
1258
1275
1290
1306
1312
1316
1318
1320
1317
1317
1325
1332
1338
1342
1343
1345
1343
1335
1321
1310
1302
1292
1286
1282
1289
1306
1329
1351
1369
1391
1413
1425
1439
1441
1450
1462
1475
1482
1486
1495
1511
1527
1549
1560
1575
1586
1597
1605
1612
1625
1635
1639
1644
1639
1630
1613
1586
1552
1521
1500
1485
1478
1482
1495
1523
1559
1598
1633
1670
1710
1746
1782
1811
1833
1850
1859
1861
1854
1849
1849
1849
1856
1865
1880
1899
1921
1941
1961
1990
2023
2048
2072
2079
2082
2082
2078
2070
2062
2060
2057
2047
2040
2022
2012
2004
2003
2006
2011
2025
2040
2052
2067
2079
2094
2113
2138
2161
2188
2222
2246
2277
2307
2338
2370
2396
2417
2436
2459
2485
2505
2528
2548
2570
2600
2634
2670
2705
2745
2785
2819
2853
2882
2912
2942
2973
2996
3008
3014
3014
2999
2983
2954
2926
2899
2872
2847
2826
2818
2821
2830
2854
2878
2916
2958
3002
3041
3081
3127
3169
3204
3233
3252
3273
3292
3308
3319
3329
3345
3360
3376
3394
3415
3447
3481
3513
3539
3572
3615
3659
3705
3748
3795
3847
3899
3945
3983
4021
4057
4085
4112
4136
4168
4208
4249
4281
4302
4321
4333
4330
4323
4296
4259
4214
4162
4102
4042
3994
3961
3937
3931
3927
3941
3964
3993
4024
4060
4106
4154
4202
4248
4287
4326
4355
4373
4376
4374
4370
4360
4355
4348
4349
4358
4367
4381
4391
4410
4437
4456
4476
4489
4499
4505
4504
4488
4464
4438
4410
4378
4347
4310
4277
4253
4239
4228
4223
4234
4255
4274
4297
4306
4310
4311
4306
4296
4280
4265
4251
4231
4214
4187
4168
4147
4122
4091
4063
4042
4023
4003
3985
3963
3945
3924
3896
3857
3814
3776
3734
3689
3643
3595
3552
3511
3467
3418
3374
3337
3298
3268
3241
3219
3204
3189
3168
3140
3110
3074
3029
2980
2920
2863
2809
2761
2715
2672
2641
2616
2588
2563
2527
2487
2444
2397
2341
2277
2217
2159
2095
2036
1967
1902
1835
1769
1702
1639
1582
1529
1481
1440
1402
1374
1347
1319
1287
1259
1238
1213
1187
1159
1127
1103
1075
1051
1018
994
973
945
920
886
857
829
800
761
722
688
665
645
626
604
593
585
580
572
563
561
562
561
562
551
539
522
498
464
424
388
351
307
268
220
178
141
107
74
44
22
3
-16
-32
-51
-62
-75
-94
-124
-159
-195
-244
-298
-354
-406
-445
-475
-499
-520
-532
-534
-541
-545
-553
-558
-553
-542
-531
-520
-507
-495
-493
-490
-496
-497
-498
-500
-503
-507
-500
-487
-473
-452
-437
-414
-389
-367
-355
-350
-342
-337
-341
-345
-358
-367
-375
-384
-398
-409
-414
-418
-418
-412
-407
-394
-381
-371
-366
-362
-358
-364
-381
-407
-433
-451
-462
-468
-472
-471
-467
-470
-476
-492
-507
-517
-531
-546
-571
-581
-585
-594
-610
-642
-675
-707
-739
-776
-816
-843
-861
-871
-870
-873
-868
-859
-845
-834
-824
-805
-784
-768
-745
-725
-696
-667
-639
-617
-597
-579
-568
-564
-565
-571
-571
-567
-563
-563
-562
-558
-555
-549
-542
-536
-526
-518
-517
-523
-529
-532
-541
-555
-580
-609
-633
-654
-678
-702
-716
-719
-722
-717
-716
-707
-691
-672
-652
-629
-596
-556
-516
-475
-445
-414
-394
-383
-388
-405
-428
-461
-503
-543
-585
-618
-642
-659
-673
-683
-690
-698
-707
-715
-721
-712
-696
-678
-666
-653
-636
-622
-606
-590
-571
-544
-512
-481
-454
-426
-396
-374
-358
-357
-370
-392
-420
-455
-496
-524
-546
-570
-584
-614
-633
-648
-662
-673
-688
-697
-704
-712
-715
-722
-721
-717
-715
-720
-728
-730
-733
-740
-743
-750
-751
-749
-744
-741
-730
-706
-677
-642
-603
-564
-518
-477
-445
-427
-417
-417
-435
-467
-514
-571
-629
-688
-744
-794
-831
-857
-878
-892
-908
-921
-929
-931
-930
-924
-902
-872
-849
-824
-809
-790
-769
-747
-730
-716
-701
-686
-675
-660
-652
-633
-613
-590
-570
-551
-528
-512
-503
-496
-500
-506
-519
-539
-569
-600
-626
-654
-684
-715
-749
-774
-796
-815
-831
-833
-821
-806
-787
-771
-759
-744
-729
-716
-704
-686
-664
-646
-628
-617
-610
-606
-607
-612
-621
-622
-620
-624
-622
-634
-634
-633
-627
-624
-627
-621
-612
-603
-585
-577
-564
-552
-545
-545
-549
-553
-558
-565
-571
-582
-581
-573
-560
-548
-534
-516
-505
-501
-501
-506
-503
-499
-496
-499
-499
-495
-498
-507
-523
-536
-544
-549
-553
-557
-555
-550
-546
-541
-544
-546
-546
-542
-545
-556
-565
-577
-605
-634
-672
-701
-721
-735
-747
-755
-754
-750
-750
-742
-736
-717
-693
-665
-639
-611
-579
-554
-538
-530
-532
-531
-529
-524
-521
-511
-492
-472
-452
-433
-417
-398
-383
-381
-396
-418
-441
-470
-500
-534
-565
-589
-611
-637
-672
-710
-747
-784
-812
-837
-846
-844
-832
-819
-808
-788
-768
-754
-735
-720
-700
-676
-650
-631
-619
-607
-602
-612
-623
-655
-675
-700
-716
-729
-733
-729
-719
-708
-694
-685
-674
-668
-662
-658
-649
-626
-601
-576
-554
-536
-513
-489
-468
-452
-433
-412
-398
-386
-388
-402
-422
-451
-488
-533
-575
-612
-647
-673
-693
-696
-689
-673
-653
-630
-598
-568
-547
-526
-515
-500
-484
-466
-455
-448
-439
-436
-446
-457
-482
-503
-526
-553
-583
-611
-633
-657
-681
-702
-726
-740
-749
-750
-749
-742
-725
-709
-693
-676
-663
-646
-633
-626
-627
-625
-615
-604
-587
-573
-561
-545
-533
-527
-526
-526
-523
-525
-525
-538
-547
-551
-549
-548
-548
-536
-517
-499
-479
-470
-462
-460
-462
-473
-490
-503
-517
-541
-565
-597
-622
-646
-663
-681
-692
-690
-693
-690
-679
-670
-650
-634
-620
-610
-593
-573
-556
-546
-540
-540
-538
-538
-545
-566
-592
-622
-660
-696
-731
-762
-784
-801
-818
-837
-857
-873
-893
-904
-921
-925
-922
-916
-913
-914
-909
-902
-896
-885
-879
-862
-839
-808
-778
-746
-702
-656
-618
-582
-558
-536
-517
-507
-509
-516
-524
-537
-553
-566
-576
-576
-575
-578
-589
-601
-610
-625
-646
-674
-707
-738
-771
-806
-843
-871
-887
-897
-895
-889
-876
-856
-834
-815
-801
-789
-777
-774
-769
-773
-768
-757
-740
-726
-715
-704
-696
-694
-692
-697
-693
-682
-665
-649
-633
-607
-582
-566
-554
-560
-575
-600
-635
-680
-724
-754
-780
-790
-792
-792
-774
-758
-739
-719
-691
-648
-608
-569
-535
-503
-470
-441
-427
-423
-420
-418
-424
-428
-434
-438
-431
-415
-399
-381
-354
-324
-304
-281
-267
-245
-221
-198
-181
-168
-156
-147
-144
-140
-149
-151
-149
-141
-131
-114
-85
-55
-28
0
22
46
68
87
103
124
151
176
197
218
232
250
264
272
271
268
267
262
258
252
245
244
244
240
230
224
220
214
211
204
199
199
205
215
226
245
266
281
299
306
316
325
331
330
325
323
320
312
305
289
284
281
277
265
252
247
245
246
252
254
261
268
275
278
283
292
297
302
305
302
302
295
283
263
246
243
232
233
232
244
266
290
305
313
322
329
336
342
338
333
326
313
291
258
227
194
154
119
73
33
-4
-37
-69
-98
-123
-150
-186
-219
-262
-296
-331
-364
-401
-437
-463
-488
-512
-532
-554
-565
-569
-566
-564
-556
-539
-520
-497
-470
-440
-399
-357
-316
-281
-247
-213
-192
-177
-175
-182
-196
-217
-247
-282
-313
-342
-375
-409
-448
-481
-508
-528
-550
-576
-595
-613
-640
-665
-701
-732
-758
-779
-799
-815
-819
-815
-813
-801
-792
-766
-729
-688
-653
-625
-602
-589
-590
-601
-624
-644
-666
-690
-719
-744
-760
-777
-796
-818
-845
-865
-881
-894
-907
-911
-906
-903
-902
-912
-916
-910
-902
-887
-879
-862
-841
-831
-822
-828
-838
-852
-861
-875
-885
-880
-862
-849
-832
-824
-816
-810
-808
-815
-826
-834
-839
-846
-843
-843
-828
-808
-789
-773
-758
-739
-726
-720
-720
-729
-736
-746
-760
-782
-805
-821
-833
-841
-845
-848
-841
-830
-820
-812
-798
-778
-762
-746
-737
-729
-716
-703
-693
-687
-678
-664
-651
-636
-628
-617
-603
-587
-578
-577
-573
-571
-576
-578
-583
-582
-575
-567
-563
-560
-550
-537
-531
-520
-521
-519
-518
-521
-531
-543
-553
-565
-578
-591
-605
-606
-599
-588
-577
-560
-534
-504
-471
-434
-396
-351
-303
-254
-208
-159
-105
-54
-1
48
98
153
212
271
321
377
439
499
570
627
688
753
815
873
913
946
969
980
989
992
996
1002
1003
990
968
954
939
914
893
863
839
811
776
730
679
633
591
553
519
478
441
398
340
264
176
78
-39
-170
-315
-478
-656
-855
-1077
-1321
-1576
-1842
-2127
-2423
-2736
-3064
-3407
-3764
-4135
-4515
-4898
-5279
-5664
-6038
-6405
-6748
-7069
-7368
-7644
-7890
-8094
-8260
-8395
-8496
-8578
-8633
-8670
-8693
-8707
-8707
-8683
-8642
-8593
-8524
-8449
-8356
-8250
-8132
-8007
-7865
-7705
-7530
-7344
-7144
-6938
-6717
-6491
-6264
-6043
-5820
-5590
-5362
-5138
-4918
-4699
-4476
-4256
-4044
-3843
-3642
-3442
-3250
-3062
-2881
-2702
-2524
-2353
-2194
-2045
-1900
-1755
-1617
-1476
-1348
-1218
-1089
-962
-835
-724
-611
-506
-409
-313
-233
-158
-89
-25
26
71
117
156
187
217
235
258
281
299
309
321
337
349
357
365
370
385
404
422
438
458
488
521
558
592
628
669
710
744
771
800
832
861
894
922
950
986
1023
1055
1077
1095
1108
1106
1101
1085
1075
1069
1066
1062
1057
1057
1064
1071
1086
1098
1118
1137
1156
1165
1167
1173
1177
1173
1169
1158
1149
1143
1139
1135
1136
1147
1160
1174
1190
1204
1225
1246
1259
1259
1253
1250
1242
1235
1229
1228
1234
1245
1260
1276
1298
1326
1353
1381
1403
1421
1437
1449
1452
1449
1448
1452
1450
1455
1454
1461
1469
1472
1466
1456
1444
1429
1406
1389
1359
1344
1331
1328
1333
1337
1355
1371
1384
1394
1399
1402
1403
1402
1403
1410
1426
1448
1472
1495
1513
1539
1570
1601
1626
1650
1670
1678
1676
1661
1637
1615
1594
1577
1561
1557
1565
1579
1603
1629
1661
1700
1743
1783
1818
1855
1893
1920
1950
1969
1992
2014
2030
2036
2032
2022
2004
1976
1948
1910
1885
1866
1857
1853
1854
1866
1878
1886
1894
1895
1899
1904
1909
1909
1914
1927
1944
1964
1986
2008
2037
2067
2095
2117
2142
2172
2197
2221
2241
2257
2277
2297
2316
2332
2357
2390
2424
2460
2491
2521
2544
2558
2558
2548
2539
2533
2524
2526
2525
2533
2550
2571
2590
2606
2622
2636
2639
2642
2634
2635
2633
2637
2643
2650
2669
2686
2697
2714
2723
2741
2756
2766
2769
2774
2781
2787
2789
2791
2793
2804
2822
2846
2874
2915
2972
3033
3099
3163
3225
3288
3349
3403
3447
3484
3513
3527
3530
3517
3495
3469
3440
3404
3360
3319
3280
3238
3210
3188
3186
3202
3232
3267
3307
3359
3420
3475
3530
3568
3606
3638
3666
3684
3694
3701
3700
3696
3692
3685
3686
3691
3697
3699
3705
3720
3736
3753
3771
3785
3805
3826
3848
3868
3896
3933
3971
4012
4051
4091
4132
4168
4192
4201
4205
4207
4207
4211
4212
4220
4230
4242
4249
4255
4271
4296
4320
4353
4381
4414
4449
4482
4507
4528
4553
4578
4592
4602
4598
4599
4600
4602
4600
4596
4596
4593
4586
4577
4553
4537
4511
4481
4448
4419
4403
4392
4378
4367
4351
4339
4326
4310
4289
4278
4278
4281
4294
4308
4327
4349
4369
4382
4383
4380
4370
4351
4330
4305
4284
4266
4248
4223
4192
4165
4137
4101
4067
4022
3982
3947
3915
3881
3844
3810
3775
3730
3688
3638
3597
3562
3532
3502
3477
3460
3444
3429
3414
3390
3367
3335
3296
3246
3194
3148
3103
3060
3017
2972
2935
2900
2865
2828
2796
2770
2737
2704
2664
2626
2592
2557
2516
2466
2416
2368
2317
2271
2220
2174
2126
2075
2015
1948
1886
1825
1762
1706
1644
1588
1537
1490
1444
1402
1372
1349
1326
1312
1293
1280
1268
1249
1220
1188
1157
1124
1092
1062
1028
995
955
903
845
785
740
692
652
619
592
582
571
555
526
496
467
433
397
357
322
297
273
244
210
177
146
112
83
48
21
1
-11
-21
-27
-24
-18
-16
-15
-23
-27
-36
-45
-60
-76
-84
-90
-104
-123
-160
-202
-249
-300
-352
-394
-421
-437
-441
-437
-435
-428
-427
-435
-451
-466
-472
-476
-474
-469
-460
-443
-421
-400
-382
-364
-346
-341
-339
-347
-359
-369
-382
-401
-426
-448
-465
-484
-500
-524
-541
-556
-568
-581
-591
-593
-592
-594
-595
-607
-612
-614
-611
-609
-605
-591
-579
-576
-575
-584
-591
-598
-607
-617
-620
-613
-603
-594
-587
-585
-579
-572
-569
-573
-579
-582
-591
-603
-620
-638
-643
-644
-642
-644
-647
-641
-643
-641
-646
-650
-644
-631
-620
-612
-603
-592
-596
-605
-630
-649
-665
-676
-686
-692
-687
-675
-661
-641
-629
-610
-592
-576
-566
-556
-537
-519
-508
-499
-497
-492
-485
-481
-487
-499
-510
-524
-539
-553
-571
-584
-599
-618
-642
-664
-679
-696
-712
-730
-744
-747
-743
-735
-727
-711
-690
-673
-656
-646
-642
-639
-640
-644
-650
-650
-646
-648
-649
-663
-678
-695
-712
-733
-750
-759
-760
-760
-755
-758
-753
-749
-746
-752
-762
-764
-766
-770
-771
-773
-766
-754
-742
-734
-728
-717
-706
-696
-683
-675
-664
-658
-661
-672
-684
-692
-704
-715
-730
-744
-751
-754
-754
-754
-748
-733
-724
-711
-709
-713
-711
-707
-700
-694
-689
-683
-686
-688
-700
-705
-707
-706
-711
-718
-715
-708
-705
-700
-703
-696
-685
-671
-662
-659
-651
-644
-639
-631
-629
-622
-615
-611
-613
-616
-613
-612
-614
-617
-621
-617
-608
-594
-582
-567
-551
-546
-549
-566
-590
-613
-635
-659
-683
-702
-715
-725
-730
-738
-745
-750
-755
-764
-774
-776
-774
-776
-775
-785
-794
-803
-815
-832
-849
-855
-855
-859
-859
-865
-862
-860
-855
-851
-847
-833
-816
-797
-774
-757
-739
-725
-716
-716
-717
-717
-720
-726
-731
-734
-727
-713
-696
-681
-664
-644
-629
-614
-602
-590
-575
-561
-549
-542
-530
-514
-499
-482
-469
-459
-444
-433
-422
-417
-410
-401
-402
-396
-400
-403
-413
-421
-430
-430
-418
-401
-384
-365
-364
-366
-373
-386
-410
-438
-466
-499
-536
-571
-605
-631
-653
-675
-698
-718
-731
-744
-758
-773
-787
-791
-787
-778
-768
-754
-736
-724
-714
-711
-711
-711
-715
-726
-745
-759
-767
-769
-763
-756
-738
-717
-693
-674
-656
-629
-604
-588
-573
-568
-561
-555
-552
-559
-573
-583
-590
-600
-600
-606
-601
-596
-595
-602
-612
-620
-628
-640
-653
-671
-683
-693
-700
-711
-721
-726
-733
-742
-749
-754
-748
-733
-714
-697
-673
-644
-620
-598
-588
-584
-581
-581
-586
-594
-599
-599
-597
-590
-590
-586
-582
-578
-580
-586
-586
-582
-580
-567
-561
-556
-547
-549
-554
-566
-573
-583
-599
-608
-619
-617
-612
-606
-604
-604
-603
-602
-600
-600
-610
-617
-627
-638
-652
-660
-657
-652
-645
-639
-637
-632
-627
-628
-636
-641
-640
-640
-637
-638
-639
-635
-635
-638
-645
-647
-645
-646
-641
-641
-631
-613
-589
-566
-544
-513
-476
-435
-386
-340
-284
-222
-156
-92
-30
39
106
164
229
290
364
444
529
615
710
820
939
1063
1188
1306
1424
1536
1639
1728
1804
1869
1914
1937
1935
1907
1861
1795
1706
1594
1472
1343
1202
1056
895
724
544
352
143
-84
-323
-575
-851
-1145
-1471
-1818
-2190
-2587
-3009
-3449
-3891
-4334
-4781
-5221
-5666
-6103
-6537
-6973
-7405
-7839
-8261
-8680
-9109
-9529
-9953
-10364
-10764
-11164
-11570
-11977
-12378
-12783
-13187
-13589
-13984
-14366
-14738
-15101
-15461
-15815
-16166
-16521
-16878
-17237
-17594
-17940
-18277
-18604
-18923
-19228
-19518
-19798
-20064
-20324
-20580
-20823
-21055
-21281
-21503
-21714
-21912
-22101
-22269
-22425
-22556
-22672
-22780
-22886
-22985
-23070
-23141
-23204
-23251
-23294
-23318
-23334
-23343
-23351
-23356
-23350
-23345
-23346
-23341
-23332
-23301
-23250
-23184
-23107
-23012
-22895
-22761
-22617
-22465
-22312
-22144
-21967
-21783
-21592
-21388
-21170
-20951
-20733
-20521
-20311
-20095
-19875
-19652
-19425
-19184
-18930
-18669
-18402
-18136
-17867
-17589
-17306
-17030
-16762
-16496
-16232
-15977
-15715
-15456
-15186
-14909
-14631
-14359
-14095
-13831
-13569
-13313
-13054
-12803
-12543
-12282
-12015
-11749
-11480
-11200
-10918
-10648
-10375
-10118
-9858
-9604
-9363
-9126
-8893
-8657
-8430
-8217
-8021
-7838
-7657
-7477
-7294
-7113
-6918
-6707
-6487
-6255
-6013
-5763
-5501
-5235
-4973
-4717
-4460
-4201
-3946
-3689
-3433
-3179
-2920
-2662
-2408
-2162
-1915
-1670
-1436
-1198
-971
-740
-508
-279
-61
146
348
545
732
912
1075
1240
1401
1562
1715
1863
2015
2162
2303
2443
2578
2720
2868
3021
3174
3334
3502
3670
3835
3999
4155
4309
4456
4593
4717
4838
4960
5076
5188
5294
5400
5512
5625
5734
5836
5937
6038
6132
6223
6307
6388
6463
6528
6574
6602
6622
6635
6633
6634
6629
6637
6653
6674
6692
6709
6728
6744
6752
6765
6772
6792
6819
6857
6902
6954
7015
7076
7131
7181
7216
7243
7256
7254
7237
7216
7201
7188
7168
7151
7124
7112
7105
7103
7098
7103
7117
7131
7150
7165
7183
7210
7236
7252
7262
7273
7284
7291
7301
7307
7316
7333
7356
7378
7396
7421
7449
7472
7506
7538
7579
7628
7678
7727
7775
7827
7875
7915
7953
7979
8010
8040
8069
8091
8111
8133
8147
8156
8162
8159
8158
8157
8157
8158
8170
8193
8221
8250
8280
8311
8352
8399
8446
8492
8543
8601
8652
8700
8742
8782
8823
8861
8895
8925
8959
8999
9044
9100
9157
9219
9285
9355
9420
9481
9548
9613
9667
9720
9761
9799
9831
9859
9880
9898
9920
9939
9948
9959
9964
9986
10019
10059
10102
10154
10222
10295
10373
10456
10538
10627
10713
10790
10858
10923
10992
11056
11119
11180
11236
11304
11370
11430
11485
11532
11588
11642
11696
11750
11800
11854
11911
11969
12024
12083
12145
12208
12271
12326
12388
12455
12527
12599
12673
12755
12838
12917
13000
13074
13152
13236
13325
13411
13499
13595
13693
13785
13880
13964
14054
14141
14222
14293
14359
14428
14494
14561
14626
14685
14751
14815
14878
14936
14999
15072
15149
15233
15322
15411
15504
15593
15670
15735
15795
15855
15907
15958
15999
16038
16078
16116
16147
16170
16194
16220
16246
16276
16304
16346
16402
16476
16562
16655
16760
16867
16960
17045
17109
17168
17220
17265
17299
17324
17348
17364
17367
17368
17355
17344
17330
17314
17294
17279
17271
17268
17271
17279
17286
17301
17317
17328
17332
17333
17335
17329
17318
17303
17285
17271
17258
17241
17217
17189
17171
17147
17126
17103
17070
17041
17010
16973
16930
16882
16826
16762
16696
16617
16542
16462
16388
16313
16239
16174
16116
16060
16010
15955
15907
15861
15813
15755
15687
15617
15539
15439
15326
15191
15053
14913
14771
14620
14466
14320
14177
14037
13900
13762
13630
13494
13352
13202
13051
12904
12751
12599
12450
12306
12174
12046
11917
11781
11643
11507
11365
11229
11092
10957
10829
10704
10579
10456
10337
10220
10095
9969
9827
9685
9538
9389
9234
9077
8929
8786
8643
8501
8352
8208
8064
7920
7773
7626
7488
7351
7209
7072
6928
6789
6651
6508
6358
6207
6061
5916
5773
5633
5493
5363
5233
5098
4955
4811
4669
4523
4375
4228
4083
3947
3817
3690
3565
3449
3338
3226
3118
3011
2906
2806
2705
2601
2497
2388
2286
2169
2059
1937
1817
1696
1576
1453
1330
1213
1091
963
838
704
578
459
346
230
116
17
-73
-156
-225
-291
-346
-399
-451
-508
-565
-620
-678
-744
-812
-886
-949
-1009
-1072
-1143
-1214
-1283
-1361
-1443
-1529
-1617
-1703
-1783
-1862
-1937
-1998
-2045
-2087
-2120
-2153
-2187
-2218
-2249
-2284
-2325
-2365
-2407
-2459
-2510
-2571
-2626
-2674
-2719
-2765
-2806
-2834
-2855
-2878
-2898
-2928
-2952
-2979
-3009
-3047
-3086
-3115
-3144
-3174
-3199
-3226
-3243
-3254
-3263
-3272
-3278
-3278
-3279
-3286
-3295
-3315
-3330
-3340
-3345
-3350
-3349
-3339
-3332
-3326
-3326
-3326
-3320
-3310
-3301
-3293
-3278
-3259
-3242
-3225
-3214
-3203
-3191
-3180
-3175
-3178
-3180
-3188
-3212
-3234
-3265
-3294
-3313
-3334
-3351
-3358
-3361
-3356
-3357
-3352
-3355
-3346
-3335
-3319
-3310
-3300
-3292
-3296
-3314
-3345
-3397
-3460
-3536
-3627
-3735
-3854
-3978
-4114
-4257
-4399
-4537
-4659
-4771
-4878
-4985
-5093
-5203
-5328
-5465
-5622
-5795
-5980
-6176
-6383
-6604
-6830
-7066
-7318
-7582
-7866
-8170
-8492
-8836
-9207
-9603
-10012
-10437
-10887
-11352
-11843
-12348
-12866
-13402
-13957
-14523
-15090
-15657
-16227
-16789
-17352
-17900
-18442
-18979
-19519
-20060
-20596
-21135
-21675
-22209
-22740
-23257
-23767
-24273
-24776
-25268
-25745
-26209
-26657
-27084
-27491
-27865
-28210
-28526
-28818
-29085
-29328
-29558
-29772
-29980
-30176
-30356
-30519
-30670
-30809
-30932
-31041
-31141
-31231
-31318
-31390
-31446
-31488
-31522
-31548
-31559
-31564
-31574
-31577
-31585
-31583
-31571
-31556
-31529
-31485
-31419
-31327
-31233
-31120
-31002
-30864
-30705
-30539
-30376
-30212
-30040
-29871
-29703
-29533
-29357
-29161
-28947
-28714
-28461
-28184
-27884
-27568
-27241
-26909
-26578
-26244
-25919
-25607
-25304
-25000
-24690
-24382
-24073
-23770
-23468
-23163
-22853
-22538
-22219
-21894
-21566
-21243
-20923
-20611
-20297
-19978
-19652
-19325
-18995
-18648
-18289
-17927
-17551
-17176
-16794
-16409
-16025
-15649
-15278
-14901
-14523
-14151
-13770
-13392
-12999
-12599
-12195
-11793
-11388
-10979
-10573
-10174
-9778
-9388
-8988
-8580
-8168
-7756
-7342
-6925
-6520
-6129
-5753
-5391
-5033
-4681
-4338
-4006
-3677
-3348
-3030
-2719
-2423
-2138
-1863
-1602
-1360
-1133
-913
-700
-498
-301
-115
69
246
416
571
715
859
998
1126
1252
1365
1476
1586
1693
1789
1876
1964
2046
2115
2182
2235
2293
2366
2436
2510
2585
2671
2763
2857
2948
3033
3122
3209
3290
3360
3425
3492
3548
3590
3620
3637
3653
3666
3677
3684
3700
3726
3753
3786
3817
3853
3896
3944
3988
4027
4070
4122
4176
4238
4295
4354
4409
4461
4506
4544
4585
4624
4659
4695
4722
4755
4790
4829
4865
4900
4942
4984
5014
5041
5052
5066
5083
5102
5118
5137
5162
5186
5206
5224
5231
5242
5254
5267
5280
5298
5327
5357
5389
5417
5439
5464
5491
5516
5535
5561
5598
5639
5688
5737
5788
5843
5894
5937
5972
6005
6038
6066
6100
6131
6173
6221
6276
6329
6380
6435
6488
6530
6570
6600
6632
6662
6689
6709
6724
6744
6761
6772
6790
6805
6830
6856
6884
6909
6938
6977
7026
7073
7129
7181
7244
7317
7381
7437
7483
7527
7564
7602
7634
7661
7693
7730
7768
7804
7851
7904
7953
8008
8063
8120
8184
8251
8316
8375
8436
8495
8545
8596
8639
8685
8728
8760
8781
8794
8811
8828
8844
8870
8898
8946
9008
9080
9151
9221
9298
9377
9451
9529
9602
9680
9761
9845
9929
10015
10104
10187
10263
10334
10393
10452
10510
10564
10612
10658
10709
10758
10810
10862
10915
10975
11036
11095
11151
11215
11285
11353
11420
11479
11534
11591
11642
11686
11720
11755
11794
11833
11883
11934
11998
12070
12148
12229
12314
12406
12497
12584
12675
12761
12854
12947
13035
13111
13175
13239
13296
13342
13383
13409
13434
13455
13473
13485
13500
13525
13551
13575
13600
13616
13640
13665
13684
13704
13723
13750
13785
13821
13863
13900
13937
13970
13997
14014
14033
14053
14074
14098
14121
14144
14170
14193
14203
14204
14204
14204
14195
14194
14189
14196
14214
14241
14264
14286
14308
14326
14334
14339
14333
14333
14329
14316
14290
14257
14226
14191
14151
14110
14057
14000
13938
13869
13792
13714
13640
13562
13478
13392
13305
13223
13141
13055
12962
12871
12784
12696
12607
12515
12419
12324
12224
12114
11997
11883
11771
11659
11549
11438
11328
11224
11121
11014
10900
10787
10672
10547
10423
10289
10158
10030
9901
9771
9643
9522
9404
9282
9163
9035
8915
8797
8682
8562
8436
8309
8170
8017
7853
7674
7493
7309
7124
6936
6756
6590
6431
6279
6132
5986
5849
5713
5573
5428
5279
5131
4982
4830
4682
4522
4364
4205
4045
3886
3735
3587
3442
3304
3168
3039
2918
2800
2684
2568
2455
2343
2222
2105
1982
1865
1750
1634
1517
1404
1300
1198
1093
990
879
781
688
602
516
434
361
292
223
152
72
-6
-81
-153
-226
-292
-346
-396
-440
-478
-516
-546
-577
-612
-655
-701
-750
-811
-877
-953
-1030
-1104
-1179
-1256
-1334
-1401
-1458
-1515
-1566
-1616
-1656
-1687
-1713
-1738
-1765
-1786
-1808
-1841
-1870
-1905
-1935
-1956
-1973
-1992
-2008
-2018
-2024
-2034
-2037
-2050
-2056
-2066
-2079
-2100
-2126
-2149
-2177
-2207
-2233
-2262
-2284
-2306
-2326
-2347
-2365
-2378
-2397
-2423
-2455
-2493
-2529
-2566
-2606
-2653
-2694
-2727
-2758
-2779
-2796
-2807
-2815
-2820
-2831
-2844
-2864
-2888
-2920
-2953
-2982
-3009
-3028
-3043
-3056
-3069
-3070
-3068
-3078
-3087
-3100
-3110
-3117
-3119
-3123
-3130
-3130
-3129
-3136
-3139
-3151
-3153
-3155
-3155
-3158
-3160
-3158
-3154
-3148
-3137
-3131
-3120
-3112
-3109
-3115
-3120
-3116
-3113
-3110
-3106
-3098
-3076
-3046
-3016
-2992
-2968
-2945
-2929
-2915
-2911
-2912
-2920
-2941
-2975
-3018
-3063
-3105
-3148
-3186
-3228
-3263
-3293
-3315
-3339
-3365
-3382
-3396
-3412
-3423
-3433
-3432
-3423
-3412
-3408
-3407
-3401
-3394
-3392
-3383
-3380
-3367
-3353
-3341
-3338
-3338
-3335
-3330
-3323
-3315
-3311
-3299
-3290
-3285
-3287
-3290
-3291
-3296
-3303
-3309
-3316
-3311
-3301
-3289
-3281
-3272
-3262
-3259
-3254
-3254
-3254
-3253
-3255
-3262
-3272
-3275
-3269
-3269
-3267
-3271
-3271
-3261
-3244
-3232
-3209
-3177
-3130
-3085
-3037
-3000
-2959
-2919
-2885
-2865
-2854
-2840
-2827
-2824
-2820
-2832
-2847
-2866
-2887
-2916
-2947
-2976
-3006
-3037
-3067
-3106
-3143
-3179
-3217
-3260
-3298
-3329
-3363
-3398
-3439
-3485
-3525
-3562
-3598
-3633
-3656
-3665
-3670
-3669
-3671
-3671
-3665
-3656
-3645
-3631
-3610
-3584
-3563
-3540
-3528
-3515
-3504
-3493
-3481
-3468
-3445
-3416
-3385
-3348
-3319
-3287
-3258
-3231
-3214
-3202
-3187
-3175
-3172
-3168
-3174
-3179
-3181
-3182
-3186
-3187
-3181
-3173
-3163
-3151
-3138
-3116
-3091
-3069
-3056
-3044
-3029
-3023
-3024
-3032
-3043
-3047
-3047
-3045
-3044
-3039
-3031
-3031
-3031
-3035
-3040
-3043
-3047
-3054
-3061
-3061
-3053
-3050
-3046
-3055
-3061
-3067
-3074
-3089
-3102
-3111
-3110
-3113
-3114
-3123
-3128
-3136
-3147
-3171
-3198
-3214
-3225
-3239
-3247
-3261
-3264
-3261
-3258
-3256
-3252
-3243
-3236
-3230
-3223
-3219
-3204
-3182
-3157
-3134
-3105
-3072
-3045
-3021
-3004
-2991
-2977
-2966
-2960
-2959
-2955
-2946
-2942
-2937
-2936
-2934
-2927
-2920
-2918
-2918
-2914
-2910
-2919
-2929
-2951
-2968
-2985
-3005
-3034
-3066
-3087
-3098
-3101
-3090
-3077
-3049
-3020
-2994
-2979
-2971
-2962
-2958
-2962
-2969
-2987
-3006
-3027
-3048
-3070
-3083
-3082
-3076
-3066
-3049
-3027
-2992
-2949
-2904
-2862
-2819
-2771
-2727
-2683
-2646
-2616
-2587
-2559
-2540
-2532
-2525
-2520
-2522
-2523
-2530
-2537
-2539
-2539
-2542
-2551
-2551
-2543
-2537
-2522
-2515
-2503
-2488
-2472
-2459
-2446
-2423
-2397
-2371
-2342
-2310
-2267
-2217
-2175
-2151
-2139
-2128
-2112
-2102
-2088
-2085
-2074
-2061
-2048
-2040
-2037
-2030
-2022
-2016
-2012
-2012
-2001
-1985
-1966
-1949
-1928
-1905
-1888
-1874
-1869
-1866
-1861
-1854
-1851
-1853
-1852
-1847
-1848
-1850
-1859
-1870
-1880
-1889
-1902
-1920
-1932
-1941
-1959
-1972
-1992
-2005
-2014
-2020
-2025
-2028
-2025
-2021
-2023
-2020
-2022
-2013
-2001
-1988
-1982
-1982
-1977
-1974
-1974
-1974
-1981
-1984
-1989
-1994
-2005
-2017
-2027
-2042
-2065
-2094
-2130
-2162
-2196
-2235
-2278
-2315
-2339
-2354
-2358
-2355
-2342
-2318
-2288
-2257
-2226
-2190
-2151
-2120
-2096
-2086
-2084
-2090
-2101
-2122
-2151
-2177
-2202
-2233
-2255
-2279
-2290
-2293
-2291
-2293
-2296
-2296
-2294
-2299
-2300
-2307
-2298
-2281
-2257
-2235
-2209
-2176
-2142
-2122
-2118
-2132
-2159
-2189
-2233
-2289
-2356
-2423
-2498
-2575
-2648
-2717
-2771
-2812
-2845
-2873
-2888
-2888
-2889
-2886
-2884
-2882
-2877
-2871
-2866
-2860
-2842
-2814
-2785
-2753
-2724
-2689
-2650
-2606
-2567
-2534
-2496
-2465
-2450
-2443
-2454
-2469
-2489
-2516
-2556
-2602
-2641
-2673
-2707
-2735
-2771
-2795
-2808
-2813
-2820
-2824
-2823
-2821
-2819
-2813
-2809
-2794
-2776
-2755
-2735
-2710
-2679
-2651
-2629
-2615
-2610
-2604
-2601
-2603
-2608
-2603
-2585
-2566
-2541
-2519
-2497
-2475
-2455
-2439
-2428
-2413
-2395
-2380
-2368
-2369
-2371
-2380
-2397
-2426
-2466
-2506
-2548
-2597
-2641
-2687
-2721
-2742
-2752
-2756
-2753
-2737
-2713
-2692
-2665
-2642
-2613
-2587
-2567
-2555
-2542
-2524
-2506
-2497
-2493
-2499
-2505
-2505
-2508
-2508
-2503
-2493
-2476
-2453
-2427
-2399
-2370
-2344
-2321
-2301
-2280
-2252
-2233
-2212
-2199
-2189
-2177
-2169
-2165
-2164
-2158
-2147
-2139
-2128
-2124
-2115
-2105
-2092
-2086
-2088
-2086
-2089
-2098
-2107
-2120
-2123
-2116
-2105
-2099
-2095
-2086
-2073
-2067
-2056
-2053
-2042
-2028
-2015
-2009
-2004
-1997
-1989
-1985
-1986
-1997
-2008
-2019
-2031
-2043
-2050
-2046
-2036
-2021
-2006
-1993
-1976
-1959
-1946
-1939
-1929
-1912
-1898
-1884
-1878
-1877
-1873
-1868
-1864
-1861
-1854
-1842
-1829
-1810
-1792
-1762
-1727
-1689
-1652
-1615
-1567
-1515
-1466
-1416
-1376
-1337
-1297
-1252
-1210
-1168
-1116
-1060
-1004
-937
-873
-800
-721
-641
-565
-490
-419
-360
-318
-286
-267
-249
-240
-242
-256
-277
-308
-340
-377
-415
-461
-515
-570
-632
-694
-747
-792
-843
-886
-928
-966
-998
-1038
-1082
-1136
-1199
-1275
-1373
-1480
-1606
-1733
-1868
-2015
-2187
-2387
-2605
-2844
-3103
-3375
-3665
-3963
-4273
-4598
-4942
-5302
-5664
-6038
-6433
-6834
-7242
-7633
-8000
-8338
-8648
-8922
-9157
-9358
-9525
-9654
-9753
-9818
-9864
-9895
-9918
-9924
-9908
-9880
-9839
-9788
-9728
-9653
-9562
-9455
-9336
-9196
-9038
-8870
-8683
-8480
-8262
-8031
-7795
-7560
-7328
-7094
-6864
-6643
-6425
-6220
-6010
-5798
-5582
-5365
-5147
-4921
-4694
-4475
-4260
-4056
-3850
-3648
-3449
-3258
-3071
-2881
-2693
-2513
-2333
-2165
-2001
-1846
-1702
-1574
-1456
-1342
-1236
-1138
-1045
-965
-885
-813
-749
-699
-656
-615
-581
-549
-520
-488
-452
-417
-391
-368
-338
-306
-269
-239
-208
-182
-154
-136
-131
-139
-150
-164
-190
-214
-244
-265
-280
-285
-280
-266
-237
-199
-157
-110
-70
-23
21
62
93
119
148
173
192
209
217
225
231
236
236
240
257
281
308
336
360
385
405
418
422
429
444
464
491
520
553
592
629
660
682
703
720
724
721
711
700
692
682
666
646
633
628
623
629
633
646
663
680
696
714
740
771
801
834
855
882
909
933
948
959
977
996
1015
1035
1046
1055
1059
1057
1048
1040
1039
1035
1029
1020
1007
1001
999
998
991
985
983
978
977
978
981
991
1003
1014
1020
1023
1020
1005
983
960
938
921
912
895
885
887
897
904
911
909
917
934
957
986
1019
1066
1117
1162
1212
1251
1295
1334
1368
1392
1406
1423
1438
1451
1464
1472
1483
1496
1511
1524
1541
1562
1579
1591
1603
1613
1629
1644
1653
1652
1648
1645
1633
1622
1608
1601
1607
1624
1645
1671
1704
1741
1774
1800
1813
1821
1826
1826
1815
1797
1780
1763
1738
1719
1693
1673
1658
1645
1635
1629
1638
1657
1677
1706
1729
1765
1805
1845
1882
1918
1957
1992
2023
2053
2082
2118
2153
2184
2205
2223
2244
2263
2284
2308
2331
2361
2393
2421
2441
2460
2477
2481
2479
2466
2451
2440
2430
2420
2411
2411
2416
2421
2425
2427
2435
2451
2479
2504
2541
2589
2641
2684
2717
2738
2758
2779
2805
2828
2850
2882
2920
2951
2987
3005
3029
3049
3061
3062
3058
3058
3057
3054
3051
3043
3039
3036
3031
3022
3015
3012
3009
3007
3009
3013
3026
3041
3059
3079
3105
3136
3161
3184
3201
3216
3234
3252
3265
3276
3290
3311
3335
3363
3388
3418
3448
3478
3500
3517
3541
3566
3583
3598
3598
3591
3574
3545
3505
3462
3428
3406
3386
3378
3366
3365
3364
3366
3366
3366
3372
3380
3391
3404
3414
3434
3456
3477
3492
3506
3523
3536
3546
3554
3560
3569
3577
3580
3578
3579
3586
3588
3589
3582
3574
3571
3569
3566
3561
3563
3572
3584
3601
3610
3623
3634
3644
3650
3656
3672
3691
3705
3719
3723
3724
3721
3718
3700
3684
3672
3669
3663
3665
3657
3654
3642
3616
3573
3516
3454
3391
3331
3275
3222
3184
3152
3118
3074
3024
2970
2904
2830
2749
2663
2584
2514
2450
2390
2341
2302
2263
2228
2191
2155
2124
2093
2059
2023
1991
1960
1925
1891
1850
1820
1795
1773
1751
1729
1717
1707
1694
1681
1658
1634
1608
1582
1554
1525
1503
1483
1456
1435
1409
1389
1372
1355
1335
1314
1294
1266
1230
1187
1133
1082
1029
973
912
855
805
753
704
658
621
605
604
612
620
635
653
663
667
659
641
619
592
556
512
468
424
370
315
246
181
113
41
-37
-118
-188
-247
-301
-342
-382
-409
-430
-445
-458
-468
-470
-466
-464
-461
-461
-461
-452
-436
-427
-416
-410
-409
-415
-421
-436
-445
-455
-462
-472
-479
-476
-474
-468
-461
-452
-435
-415
-395
-381
-364
-341
-318
-297
-287
-284
-283
-291
-311
-339
-366
-386
-409
-426
-450
-463
-471
-476
-483
-491
-493
-492
-494
-497
-513
-525
-541
-561
-590
-621
-643
-664
-688
-707
-728
-737
-736
-728
-719
-705
-683
-662
-641
-619
-601
-574
-545
-518
-499
-481
-465
-460
-464
-477
-495
-515
-539
-563
-585
-594
-596
-601
-607
-620
-636
-651
-671
-701
-739
-773
-802
-834
-858
-888
-911
-926
-935
-939
-938
-925
-904
-885
-863
-847
-819
-788
-756
-726
-695
-655
-614
-578
-546
-525
-510
-491
-477
-471
-463
-466
-480
-498
-520
-542
-561
-582
-604
-627
-645
-654
-669
-684
-705
-730
-754
-775
-796
-820
-838
-851
-866
-878
-893
-907
-914
-915
-914
-909
-890
-861
-834
-798
-770
-737
-702
-671
-650
-638
-625
-612
-603
-592
-590
-579
-568
-557
-553
-556
-555
-558
-567
-578
-596
-610
-624
-636
-649
-655
-650
-642
-637
-634
-637
-633
-630
-629
-632
-629
-620
-617
-616
-620
-624
-625
-626
-629
-636
-637
-631
-624
-610
-599
-588
-576
-565
-558
-556
-549
-539
-541
-544
-561
-577
-592
-607
-624
-640
-651
-661
-675
-683
-696
-697
-696
-695
-699
-702
-701
-703
-709
-715
-723
-724
-720
-711
-700
-679
-648
-613
-575
-535
-491
-456
-426
-417
-419
-423
-431
-454
-479
-512
-547
-577
-609
-648
-688
-721
-749
-770
-780
-786
-783
-771
-757
-746
-739
-727
-709
-696
-674
-659
-638
-613
-586
-562
-541
-518
-494
-477
-458
-453
-445
-442
-441
-446
-451
-450
-452
-458
-462
-471
-476
-486
-500
-517
-528
-527
-524
-522
-523
-531
-541
-554
-572
-597
-620
-636
-654
-666
-679
-687
-686
-683
-678
-673
-663
-652
-642
-631
-627
-617
-602
-587
-579
-580
-576
-574
-582
-588
-603
-614
-620
-625
-635
-648
-655
-659
-668
-672
-684
-687
-686
-682
-682
-684
-682
-682
-682
-683
-689
-691
-692
-693
-695
-689
-670
-645
-614
-581
-549
-508
-469
-434
-405
-372
-346
-327
-318
-316
-308
-297
-282
-281
-291
-303
-309
-316
-322
-338
-351
-371
-397
-434
-483
-525
-561
-596
-623
-654
-676
-693
-708
-727
-746
-756
-764
-778
-788
-805
-815
-819
-818
-815
-808
-792
-773
-756
-743
-740
-732
-726
-722
-721
-719
-712
-706
-703
-703
-705
-699
-690
-682
-678
-673
-665
-663
-660
-662
-664
-659
-650
-640
-627
-607
-584
-567
-553
-552
-550
-553
-558
-571
-590
-604
-619
-637
-651
-670
-679
-679
-674
-671
-670
-662
-656
-664
-678
-708
-737
-764
-788
-812
-828
-834
-833
-822
-803
-783
-754
-727
-705
-692
-683
-672
-668
-672
-687
-709
-726
-741
-757
-775
-787
-791
-796
-801
-805
-805
-802
-794
-797
-808
-812
-815
-813
-813
-824
-831
-836
-843
-850
-859
-855
-850
-847
-846
-857
-867
-879
-889
-898
-900
-890
-875
-869
-862
-864
-862
-860
-860
-868
-876
-880
-884
-891
-898
-910
-918
-926
-937
-951
-960
-957
-950
-940
-930
-918
-899
-874
-845
-814
-777
-738
-706
-673
-647
-626
-605
-589
-581
-582
-587
-595
-616
-637
-664
-678
-681
-676
-670
-664
-655
-649
-653
-664
-688
-710
-737
-767
-800
-830
-847
-856
-863
-860
-860
-851
-841
-830
-822
-809
-786
-759
-729
-697
-669
-635
-607
-587
-581
-584
-589
-601
-615
-631
-646
-657
-665
-674
-689
-700
-706
-713
-714
-715
-709
-693
-675
-662
-653
-638
-623
-611
-610
-622
-629
-631
-628
-629
-635
-633
-628
-627
-620
-617
-603
-580
-551
-522
-486
-439
-391
-348
-302
-264
-223
-183
-143
-106
-65
-18
26
67
104
130
154
169
172
163
147
128
99
64
21
-21
-56
-85
-110
-133
-147
-154
-161
-165
-171
-172
-163
-146
-125
-101
-67
-25
11
50
76
102
126
147
163
177
194
212
225
238
235
236
235
233
223
216
220
226
226
226
217
212
212
217
223
232
249
263
275
288
297
312
324
331
