0
-3
-10
-14
-16
-21
-25
-34
-36
-29
-16
0
15
40
68
89
110
118
123
125
122
112
101
100
106
110
123
129
137
142
141
131
118
108
95
80
63
44
38
38
28
11
-16
-44
-73
-109
-142
-177
-200
-214
-220
-224
-216
-197
-181
-170
-171
-179
-189
-202
-218
-236
-248
-252
-255
-252
-255
-254
-253
-253
-258
-262
-256
-244
-234
-217
-206
-189
-174
-161
-157
-158
-153
-147
-147
-142
-143
-137
-129
-120
-114
-107
-95
-84
-76
-67
-63
-53
-44
-38
-41
-43
-37
-31
-23
-13
-1
19
42
59
68
79
95
106
118
123
128
139
154
168
180
193
206
212
217
210
207
208
210
209
204
206
209
208
209
201
195
186
173
147
110
75
41
4
-24
-55
-80
-103
-129
-161
-192
-219
-248
-279
-314
-353
-383
-404
-420
-433
-446
-447
-448
-449
-447
-451
-448
-432
-413
-388
-359
-328
-301
-272
-250
-232
-214
-196
-182
-170
-154
-130
-109
-84
-70
-53
-37
-23
-16
-12
-4
5
10
13
6
2
-7
-18
-34
-50
-50
-45
-37
-19
-4
17
35
50
56
59
57
44
18
-14
-53
-82
-107
-126
-142
-145
-131
-112
-88
-65
-44
-20
4
21
30
41
52
53
50
36
17
-1
-20
-43
-69
-89
-104
-125
-140
-159
-170
-177
-181
-184
-183
-171
-150
-126
-95
-73
-47
-26
-8
1
4
13
19
19
21
18
21
28
37
42
50
62
72
76
74
64
58
53
48
42
40
46
48
48
46
42
43
50
54
64
70
77
73
67
60
52
44
38
31
22
25
36
44
61
67
72
77
80
77
68
64
63
62
68
68
76
80
83
73
56
44
32
18
6
-7
-9
-3
5
12
23
38
50
55
50
33
17
-1
-19
-35
-45
-48
-57
-71
-89
-109
-127
-146
-166
-189
-206
-214
-216
-211
-209
-210
-212
-216
-227
-243
-254
-262
-274
-279
-288
-285
-275
-263
-256
-254
-250
-245
-242
-231
-219
-189
-153
-116
-82
-50
-13
21
50
75
89
103
112
116
112
110
113
114
113
112
109
114
122
129
133
142
160
177
197
213
224
230
224
200
159
116
70
26
-11
-39
-63
-78
-93
-114
-131
-143
-147
-158
-158
-164
-159
-149
-138
-128
-114
-95
-81
-77
-75
-86
-86
-85
-82
-81
-76
-61
-48
-38
-31
-32
-28
-20
-9
2
13
27
37
41
38
30
26
23
18
9
7
12
15
19
17
16
20
25
28
29
38
57
78
102
124
148
171
191
201
194
181
160
125
89
44
5
-26
-48
-66
-79
-85
-87
-90
-81
-71
-45
-14
21
54
82
110
129
139
141
127
110
86
59
27
0
-15
-25
-30
-32
-38
-40
-43
-51
-68
-87
-104
-125
-142
-159
-170
-175
-181
-192
-211
-229
-244
-254
-254
-248
-225
-189
-150
-112
-77
-44
-12
5
12
15
15
20
17
1
-22
-42
-60
-83
-99
-119
-127
-129
-129
-128
-126
-118
-109
-104
-102
-108
-110
-113
-115
-116
-107
-84
-56
-23
12
43
76
106
131
145
155
160
150
133
107
80
53
22
-14
-55
-92
-120
-145
-161
-180
-190
-194
-190
-185
-181
-170
-159
-155
-147
-144
-135
-124
-114
-108
-104
-92
-79
-76
-70
-73
-72
-72
-75
-82
-87
-84
-83
-81
-77
-74
-58
-37
-12
12
41
80
118
154
187
214
240
257
258
238
207
168
112
50
-20
-89
-149
-201
-245
-282
-307
-319
-325
-324
-326
-318
-305
-286
-270
-252
-227
-198
-174
-149
-128
-108
-82
-63
-54
-46
-33
-18
-11
-7
-18
-26
-35
-43
-50
-56
-53
-49
-46
-39
-33
-16
4
26
46
70
100
124
142
149
149
147
142
134
122
112
103
82
57
25
-8
-35
-59
-84
-108
-124
-132
-142
-148
-160
-160
-152
-139
-127
-116
-103
-92
-89
-88
-98
-104
-111
-119
-133
-150
-157
-161
-166
-166
-173
-177
-181
-184
-189
-191
-185
-174
-159
-139
-122
-99
-76
-58
-51
-49
-47
-49
-52
-57
-59
-52
-42
-33
-31
-26
-18
-13
-5
-1
5
16
25
27
23
18
15
5
0
-12
-19
-20
-15
-5
8
30
56
78
98
100
99
92
81
60
43
37
45
49
60
66
73
82
80
67
48
36
22
11
0
-22
-37
-50
-70
-104
-140
-174
-210
-238
-259
-272
-272
-265
-258
-252
-237
-218
-202
-188
-180
-175
-166
-160
-160
-164
-164
-163
-169
-172
-183
-186
-184
-177
-170
-161
-146
-128
-114
-99
-94
-85
-80
-76
-77
-79
-71
-60
-49
-34
-22
-6
9
22
32
46
71
97
123
147
163
180
190
193
186
181
182
182
184
189
199
219
246
273
293
308
320
323
326
322
314
306
292
267
235
205
177
139
104
59
21
-11
-35
-53
-61
-52
-33
-12
13
29
53
76
98
115
130
154
179
203
232
257
289
328
365
397
427
451
480
506
537
561
590
617
644
670
696
725
749
771
785
797
817
840
860
879
904
931
956
979
994
1005
1016
1025
1027
1026
1037
1057
1074
1091
1093
1091
1081
1065
1041
1012
985
961
934
913
882
860
835
806
765
713
658
598
540
491
444
403
360
314
259
203
151
98
45
-7
-58
-99
-135
-171
-209
-242
-267
-291
-310
-329
-344
-352
-354
-355
-354
-342
-326
-312
-299
-293
-286
-279
-275
-278
-285
-281
-273
-271
-262
-259
-249
-234
-217
-200
-184
-162
-134
-112
-88
-76
-55
-35
-18
-13
-13
-10
-8
-3
8
18
36
50
56
49
35
19
5
-15
-31
-54
-85
-121
-168
-224
-277
-331
-388
-439
-493
-543
-581
-612
-633
-651
-664
-672
-684
-697
-717
-734
-748
-760
-777
-798
-811
-818
-828
-835
-849
-856
-857
-851
-845
-836
-816
-786
-756
-713
-673
-620
-563
-506
-458
-418
-381
-356
-343
-337
-342
-345
-349
-355
-363
-367
-363
-358
-351
-341
-330
-314
-298
-289
-291
-297
-302
-314
-327
-347
-368
-387
-403
-417
-427
-425
-414
-402
-386
-377
-364
-349
-334
-325
-323
-320
-321
-332
-344
-364
-383
-402
-423
-449
-475
-492
-503
-514
-514
-519
-514
-507
-500
-497
-494
-486
-481
-479
-478
-482
-479
-474
-467
-463
-454
-437
-418
-396
-376
-356
-337
-312
-292
-272
-246
-219
-192
-167
-146
-128
-113
-110
-114
-124
-127
-119
-112
-96
-86
-76
-70
-68
-74
-87
-94
-99
-106
-106
-108
-99
-86
-72
-69
-73
-75
-74
-76
-68
-64
-50
-30
-7
16
43
72
99
126
157
188
229
278
332
388
454
533
613
690
757
812
862
901
928
945
967
995
1018
1039
1046
1041
1028
1006
969
922
873
825
770
714
641
565
481
392
295
193
100
15
-71
-152
-240
-330
-431
-549
-691
-853
-1024
-1208
-1415
-1636
-1885
-2145
-2416
-2697
-2993
-3295
-3596
-3898
-4200
-4502
-4813
-5120
-5432
-5751
-6077
-6403
-6719
-7026
-7317
-7589
-7840
-8061
-8248
-8400
-8524
-8614
-8675
-8725
-8760
-8781
-8789
-8783
-8760
-8735
-8690
-8625
-8535
-8435
-8311
-8177
-8018
-7838
-7644
-7436
-7213
-6971
-6720
-6464
-6198
-5940
-5679
-5421
-5166
-4920
-4676
-4424
-4171
-3927
-3684
-3455
-3233
-3020
-2820
-2634
-2457
-2286
-2127
-1983
-1855
-1743
-1634
-1530
-1435
-1352
-1270
-1184
-1100
-1013
-927
-843
-753
-659
-563
-469
-370
-265
-166
-68
18
96
170
234
288
335
384
435
480
529
568
614
661
706
743
776
811
843
865
884
889
896
901
906
905
903
911
922
931
945
957
977
1004
1035
1068
1106
1152
1200
1246
1290
1327
1368
1412
1459
1510
1569
1640
1708
1769
1811
1833
1842
1842
1837
1832
1842
1868
1896
1923
1934
1928
1910
1874
1813
1741
1663
1586
1503
1421
1344
1288
1249
1227
1207
1193
1189
1190
1186
1191
1189
1203
1221
1243
1262
1279
1302
1320
1332
1343
1348
1357
1370
1385
1398
1415
1437
1456
1474
1492
1506
1521
1534
1543
1551
1564
1587
1611
1637
1662
1685
1712
1738
1760
1775
1789
1804
1815
1830
1843
1859
1880
1898
1909
1913
1923
1939
1949
1967
1980
2002
2032
2068
2103
2137
2175
2213
2246
2280
2303
2334
2365
2394
2414
2425
2435
2434
2419
2393
2351
2305
2252
2194
2131
2076
2036
2005
1980
1965
1955
1958
1967
1979
1989
2003
2026
2046
2066
2084
2106
2134
2163
2189
2211
2238
2267
2292
2315
2332
2347
2359
2364
2359
2345
2337
2336
2333
2334
2337
2347
2368
2398
2421
2446
2476
2512
2546
2581
2605
2642
2683
2731
2782
2829
2882
2932
2974
3012
3044
3080
3113
3146
3175
3210
3251
3287
3317
3338
3348
3351
3342
3321
3286
3247
3210
3170
3136
3105
3081
3065
3057
3052
3045
3045
3049
3054
3063
3069
3081
3098
3118
3133
3141
3154
3170
3181
3199
3211
3229
3252
3279
3306
3338
3380
3428
3471
3519
3557
3603
3647
3689
3723
3753
3786
3820
3852
3882
3903
3929
3956
3986
4014
4044
4080
4115
4148
4182
4211
4242
4266
4281
4286
4290
4301
4308
4319
4328
4340
4359
4383
4408
4433
4463
4494
4517
4536
4544
4554
4566
4581
4592
4600
4618
4641
4659
4677
4683
4685
4681
4669
4644
4611
4577
4547
4518
4489
4462
4444
4443
4451
4463
4475
4497
4516
4529
4538
4534
4536
4542
4553
4562
4578
4603
4629
4656
4681
4700
4717
4729
4734
4728
4720
4714
4705
4700
4695
4697
4707
4718
4724
4726
4728
4728
4725
4725
4717
4714
4712
4709
4696
4674
4651
4624
4587
4551
4511
4480
4453
4431
4407
4385
4379
4384
4384
4384
4366
4345
4319
4287
4247
4208
4174
4142
4110
4079
4042
4011
3976
3929
3865
3793
3722
3645
3566
3486
3405
3332
3260
3187
3109
3035
2969
2902
2840
2772
2704
2641
2579
2515
2448
2382
2322
2264
2215
2164
2125
2094
2072
2050
2026
2008
1989
1963
1938
1904
1872
1841
1810
1772
1730
1696
1666
1629
1596
1554
1517
1489
1466
1440
1416
1385
1352
1319
1284
1247
1212
1178
1141
1098
1049
1006
959
920
886
859
846
840
837
830
831
838
837
835
826
815
806
793
770
738
707
678
644
612
576
548
526
505
477
442
410
374
333
296
253
217
185
156
125
94
70
50
26
10
-13
-29
-44
-59
-78
-95
-106
-116
-125
-135
-153
-168
-185
-204
-231
-257
-278
-302
-324
-344
-356
-355
-349
-348
-354
-357
-357
-362
-362
-363
-361
-351
-339
-331
-326
-317
-306
-300
-297
-310
-326
-348
-373
-407
-446
-478
-505
-533
-553
-576
-586
-589
-584
-580
-573
-553
-528
-505
-475
-450
-414
-372
-326
-283
-238
-198
-158
-130
-112
-108
-120
-143
-176
-223
-268
-316
-371
-426
-480
-530
-566
-594
-615
-634
-645
-650
-656
-661
-675
-693
-708
-721
-734
-748
-757
-760
-764
-765
-776
-783
-790
-797
-805
-813
-815
-811
-807
-798
-798
-790
-779
-760
-740
-716
-683
-649
-621
-591
-570
-543
-516
-493
-481
-471
-461
-454
-452
-457
-474
-488
-502
-517
-540
-563
-584
-609
-633
-657
-676
-686
-692
-695
-696
-687
-670
-654
-633
-617
-602
-587
-575
-570
-571
-570
-570
-582
-593
-615
-632
-646
-657
-671
-685
-690
-689
-689
-684
-689
-687
-684
-681
-682
-685
-679
-670
-662
-647
-634
-616
-599
-585
-580
-577
-575
-577
-584
-593
-608
-620
-630
-642
-660
-671
-688
-705
-726
-742
-750
-748
-738
-723
-705
-679
-647
-621
-601
-588
-581
-578
-575
-577
-583
-587
-589
-601
-611
-633
-652
-668
-685
-702
-714
-711
-697
-678
-649
-625
-596
-571
-551
-542
-541
-536
-532
-530
-523
-517
-503
-485
-471
-468
-474
-484
-502
-526
-550
-573
-585
-591
-596
-603
-609
-613
-627
-647
-677
-709
-736
-757
-775
-790
-791
-780
-761
-735
-711
-687
-665
-646
-635
-631
-622
-613
-617
-623
-644
-662
-675
-680
-680
-673
-656
-633
-613
-590
-579
-564
-555
-549
-548
-550
-551
-556
-564
-569
-575
-570
-562
-555
-556
-559
-558
-561
-568
-575
-583
-581
-577
-575
-579
-577
-568
-567
-570
-577
-582
-590
-589
-593
-592
-579
-562
-538
-513
-491
-467
-443
-428
-424
-428
-423
-417
-418
-412
-416
-423
-435
-454
-486
-526
-560
-590
-622
-641
-663
-672
-681
-690
-705
-720
-731
-742
-752
-759
-769
-769
-762
-752
-744
-735
-723
-719
-719
-722
-730
-729
-721
-712
-708
-702
-688
-676
-665
-661
-660
-656
-652
-649
-647
-641
-631
-624
-617
-619
-620
-621
-621
-625
-637
-646
-658
-675
-687
-703
-712
-714
-712
-709
-701
-682
-659
-641
-623
-620
-616
-617
-617
-621
-623
-622
-621
-617
-609
-603
-589
-573
-558
-547
-537
-525
-521
-521
-524
-527
-518
-502
-487
-480
-477
-478
-493
-518
-553
-591
-622
-644
-666
-678
-678
-671
-662
-656
-659
-652
-648
-641
-648
-669
-689
-707
-731
-750
-776
-791
-800
-807
-818
-833
-844
-857
-877
-894
-918
-932
-939
-939
-937
-929
-915
-901
-891
-882
-879
-871
-864
-858
-853
-841
-820
-798
-775
-754
-738
-718
-696
-674
-655
-634
-612
-605
-605
-618
-640
-665
-696
-734
-774
-807
-828
-845
-851
-860
-859
-855
-849
-849
-854
-853
-852
-852
-847
-848
-844
-836
-826
-821
-821
-817
-813
-814
-813
-819
-817
-811
-804
-799
-791
-778
-765
-752
-737
-727
-713
-702
-696
-702
-712
-723
-740
-765
-793
-824
-849
-869
-884
-895
-890
-873
-855
-831
-810
-791
-771
-755
-749
-752
-757
-764
-781
-799
-826
-841
-851
-848
-852
-857
-862
-868
-882
-897
-927
-947
-960
-966
-970
-971
-962
-948
-940
-930
-924
-909
-888
-864
-841
-819
-799
-791
-798
-809
-825
-833
-839
-845
-851
-846
-830
-815
-804
-799
-800
-798
-796
-796
-802
-807
-808
-810
-808
-808
-810
-813
-821
-840
-867
-893
-913
-935
-948
-966
-971
-968
-959
-951
-942
-923
-899
-876
-849
-831
-806
-782
-758
-742
-732
-720
-714
-716
-718
-728
-734
-738
-741
-743
-736
-723
-710
-704
-702
-707
-708
-711
-719
-733
-744
-753
-770
-791
-818
-849
-876
-903
-933
-964
-985
-994
-1000
-996
-991
-985
-975
-964
-955
-948
-935
-917
-906
-892
-890
-882
-869
-851
-833
-820
-801
-784
-765
-751
-747
-740
-733
-717
-707
-693
-675
-656
-641
-622
-610
-595
-579
-565
-563
-567
-567
-568
-574
-580
-591
-598
-604
-612
-626
-642
-655
-675
-694
-717
-738
-751
-760
-769
-777
-775
-765
-757
-746
-740
-736
-732
-730
-735
-749
-764
-781
-806
-819
-834
-839
-840
-839
-838
-837
-830
-819
-809
-794
-786
-770
-756
-741
-731
-720
-702
-686
-679
-677
-689
-699
-707
-715
-724
-725
-715
-701
-690
-682
-686
-691
-698
-709
-723
-736
-745
-758
-770
-785
-802
-816
-831
-851
-874
-892
-902
-910
-912
-914
-911
-902
-893
-889
-889
-883
-872
-868
-859
-856
-844
-826
-803
-781
-759
-733
-707
-685
-661
-648
-632
-617
-601
-596
-591
-587
-591
-594
-604
-615
-626
-636
-647
-654
-651
-631
-604
-571
-537
-507
-476
-450
-434
-430
-431
-432
-440
-445
-448
-449
-444
-435
-429
-434
-440
-447
-458
-474
-500
-529
-552
-569
-588
-608
-618
-624
-634
-638
-649
-654
-654
-650
-650
-651
-649
-645
-646
-642
-649
-650
-654
-660
-671
-681
-684
-685
-687
-691
-702
-709
-715
-719
-722
-715
-695
-670
-643
-614
-591
-565
-542
-526
-520
-512
-499
-492
-485
-487
-493
-498
-503
-513
-529
-546
-563
-585
-607
-631
-644
-647
-638
-627
-616
-599
-578
-562
-542
-528
-509
-491
-474
-460
-445
-424
-404
-393
-384
-391
-399
-410
-426
-447
-465
-480
-495
-503
-512
-515
-513
-510
-504
-503
-495
-477
-465
-456
-446
-440
-429
-416
-411
-409
-405
-397
-394
-391
-395
-401
-403
-405
-411
-421
-431
-440
-450
-454
-464
-469
-472
-470
-471
-478
-478
-478
-488
-498
-519
-538
-554
-564
-575
-583
-581
-572
-565
-551
-545
-532
-518
-501
-483
-459
-426
-392
-358
-324
-296
-263
-234
-215
-214
-223
-233
-250
-270
-292
-313
-320
-319
-316
-319
-323
-328
-345
-367
-399
-432
-455
-472
-486
-501
-511
-520
-531
-541
-556
-564
-569
-567
-566
-567
-557
-545
-536
-523
-518
-511
-501
-488
-479
-473
-459
-442
-429
-410
-398
-381
-363
-344
-327
-312
-295
-281
-269
-255
-248
-234
-226
-216
-214
-203
-192
-185
-179
-178
-172
-161
-147
-138
-130
-119
-103
-96
-96
-104
-113
-121
-131
-143
-160
-177
-191
-208
-222
-246
-268
-289
-309
-331
-354
-370
-383
-397
-403
-416
-427
-437
-446
-458
-469
-467
-461
-461
-456
-460
-462
-468
-479
-495
-509
-518
-526
-532
-534
-535
-524
-506
-484
-463
-441
-412
-388
-366
-347
-330
-306
-281
-259
-242
-225
-211
-208
-208
-214
-221
-221
-219
-217
-216
-208
-193
-183
-172
-170
-163
-151
-136
-122
-108
-86
-62
-39
-12
7
30
50
68
77
84
98
110
113
114
101
83
59
28
-9
-45
-73
-98
-122
-140
-156
-160
-160
-161
-170
-185
-204
-233
-272
-317
-360
-397
-427
-454
-485
-497
-503
-506
-510
-517
-526
-531
-533
-536
-540
-533
-519
-508
-492
-480
-461
-441
-417
-394
-372
-345
-315
-291
-267
-255
-241
-233
-230
-236
-246
-246
-244
-242
-236
-237
-236
-234
-233
-236
-240
-236
-229
-221
-210
-200
-179
-154
-131
-117
-108
-101
-103
-111
-123
-134
-136
-133
-130
-133
-132
-131
-139
-149
-165
-181
-190
-192
-192
-194
-195
-199
-214
-229
-254
-277
-300
-322
-347
-370
-382
-388
-391
-387
-391
-384
-376
-366
-362
-363
-356
-347
-339
-327
-317
-297
-275
-253
-237
-220
-201
-184
-171
-163
-162
-154
-145
-136
-131
-122
-108
-99
-94
-96
-104
-109
-113
-116
-121
-109
-92
-69
-45
-31
-14
6
29
48
58
73
92
103
116
119
123
132
139
144
155
175
200
220
240
241
234
210
170
112
41
-28
-98
-167
-227
-284
-326
-358
-385
-414
-438
-457
-476
-493
-504
-514
-514
-509
-504
-503
-499
-489
-479
-466
-456
-446
-431
-411
-391
-373
-349
-321
-298
-276
-258
-241
-223
-208
-197
-190
-176
-158
-147
-131
-124
-110
-93
-78
-68
-62
-55
-47
-45
-37
-37
-29
-23
-18
-17
-15
-7
2
13
31
51
83
118
156
189
220
248
268
280
288
284
274
253
225
192
164
147
129
115
98
83
70
58
44
25
8
-8
-25
-40
-66
-83
-102
-112
-128
-151
-167
-185
-203
-215
-232
-249
-261
-273
-283
-292
-298
-296
-296
-288
-288
-276
-263
-253
-251
-254
-255
-261
-271
-282
-299
-307
-310
-307
-303
-293
-274
-255
-236
-216
-197
-170
-141
-115
-94
-70
-41
-17
9
28
48
70
90
106
116
126
141
155
175
191
205
211
207
186
152
120
91
61
42
20
7
1
-3
-13
-35
-63
-101
-152
-199
-251
-288
-316
-336
-352
-362
-365
-367
-369
-368
-368
-355
-337
-317
-302
-284
-259
-233
-208
-184
-160
-128
-92
-56
-23
13
55
93
134
170
204
240
274
302
323
347
375
404
437
468
504
543
583
615
639
665
686
702
723
733
748
755
769
779
790
803
816
817
821
814
809
803
792
769
739
710
678
640
598
551
515
485
458
431
409
393
377
362
347
334
330
329
328
323
322
326
327
330
332
338
354
374
391
404
418
434
447
462
469
479
491
504
510
508
509
510
506
509
509
517
526
532
530
524
521
515
499
486
465
453
443
434
419
405
397
388
379
372
361
357
354
350
341
332
328
323
317
308
298
291
284
274
256
236
217
189
161
130
99
74
49
20
-11
-36
-55
-74
-82
-91
-89
-80
-69
-61
-57
-50
-48
-55
-64
-84
-105
-131
-151
-176
-200
-215
-235
-255
-270
-290
-299
-309
-317
-324
-324
-322
-321
-326
-331
-345
-358
-371
-387
-405
-419
-422
-423
-420
-416
-415
-410
-406
-408
-420
-429
-435
-444
-449
-460
-475
-485
-494
-502
-510
-512
-511
-515
-513
-517
-505
-482
-453
-430
-418
-406
-402
-409
-419
-438
-450
-459
-465
-475
-484
-480
-471
-468
-461
-461
-458
-456
-456
-461
-460
-452
-442
-433
-426
-425
-419
-414
-411
-413
-411
-404
-401
-396
-389
-381
-368
-353
-345
-344
-343
-342
-351
-362
-379
-394
-401
-405
-412
-426
-438
-449
-469
-489
-519
-541
-556
-565
-570
-575
-572
-567
-568
-569
-581
-587
-593
-593
-595
-596
-586
-580
-570
-560
-554
-543
-540
-535
-535
-528
-511
-495
-485
-473
-465
-453
-440
-434
-430
-422
-406
-390
-370
-351
-336
-316
-296
-277
-263
-242
-220
-206
-193
-192
-198
-207
-223
-250
-288
-325
-360
-398
-428
-461
-479
-486
-482
-473
-459
-437
-413
-391
-368
-357
-339
-319
-297
-280
-265
-244
-221
-195
-161
-129
-95
-60
-22
16
62
119
183
252
329
408
498
594
690
778
857
926
972
1003
1018
1026
1036
1045
1048
1038
1025
1007
979
946
901
849
795
737
669
591
514
438
354
278
200
132
67
-4
-86
-174
-260
-352
-455
-564
-696
-836
-995
-1173
-1380
-1610
-1856
-2119
-2398
-2684
-2982
-3279
-3577
-3878
-4190
-4503
-4811
-5133
-5460
-5803
-6149
-6483
-6803
-7112
-7405
-7672
-7907
-8112
-8287
-8434
-8550
-8636
-8704
-8755
-8793
-8809
-8802
-8774
-8720
-8647
-8550
-8429
-8289
-8140
-7982
-7809
-7624
-7436
-7233
-7031
-6819
-6602
-6380
-6161
-5942
-5718
-5494
-5277
-5059
-4854
-4647
-4446
-4246
-4051
-3855
-3652
-3448
-3247
-3047
-2858
-2675
-2503
-2341
-2190
-2043
-1897
-1756
-1619
-1485
-1355
-1220
-1085
-954
-832
-711
-588
-472
-358
-252
-149
-45
57
154
244
331
416
495
566
625
680
727
765
788
797
805
805
788
768
737
709
687
669
654
645
650
664
676
697
713
740
769
799
825
850
883
917
951
987
1019
1055
1087
1112
1127
1140
1156
1172
1188
1202
1219
1242
1265
1287
1292
1298
1308
1309
1317
1317
1320
1330
1344
1353
1361
1372
1391
1404
1415
1418
1422
1428
1437
1444
1449
1465
1486
1506
1530
1547
1568
1587
1604
1617
1630
1653
1679
1704
1737
1763
1794
1821
1838
1842
1839
1835
1827
1817
1807
1792
1783
1773
1761
1743
1725
1717
1708
1701
1696
1690
1690
1691
1691
1689
1694
1704
1708
1712
1706
1696
1688
1683
1679
1678
1688
1706
1726
1752
1774
1803
1831
1860
1884
1905
1933
1961
1983
2007
2022
2040
2056
2069
2073
2070
2072
2075
2075
2084
2088
2098
2108
2115
2116
2116
2124
2136
2154
2179
2205
2237
2267
2292
2311
2330
2354
2373
2387
2396
2397
2398
2394
2384
2357
2336
2315
2287
2262
2222
2182
2149
2117
2091
2062
2039
2029
2024
2027
2028
2035
2048
2067
2087
2106
2135
2168
2197
2229
2250
2272
2292
2313
2326
2337
2358
2382
2404
2435
2463
2501
2542
2582
2617
2651
2686
2717
2743
2766
2789
2827
2875
2927
2975
3022
3071
3113
3150
3180
3206
3235
3263
3282
3291
3299
3308
3308
3307
3299
3290
3281
3273
3263
3256
3260
3275
3293
3317
3335
3359
3380
3399
3412
3421
3437
3461
3489
3524
3554
3590
3625
3656
3677
3692
3712
3733
3749
3771
3787
3811
3836
3859
3881
3907
3942
3980
4018
4056
4086
4119
4145
4167
4185
4205
4229
4247
4262
4272
4282
4300
4321
4343
4361
4383
4410
4431
4450
4460
4469
4477
4483
4490
4485
4491
4499
4509
4528
4541
4558
4580
4602
4620
4639
4662
4686
4709
4731
4740
4751
4761
4766
4762
4753
4749
4744
4735
4732
4726
4728
4735
4741
4742
4743
4749
4753
4752
4750
4745
4747
4750
4752
4747
4744
4746
4745
4743
4735
4725
4722
4720
4718
4717
4725
4741
4752
4762
4766
4764
4758
4747
4730
4709
4696
4688
4672
4659
4634
4613
4593
4572
4545
4514
4482
4450
4412
4379
4340
4312
4287
4265
4244
4227
4224
4228
4235
4249
4256
4261
4252
4226
4180
4122
4059
3983
3893
3795
3693
3602
3518
3435
3351
3273
3201
3122
3038
2947
2852
2758
2662
2563
2457
2356
2262
2171
2086
2004
1925
1851
1779
1704
1628
1559
1497
1438
1392
1337
1290
1239
1190
1144
1097
1064
1036
1012
998
983
976
969
957
939
912
888
863
832
799
763
736
714
693
668
645
626
604
578
548
509
475
443
412
377
347
321
292
261
223
184
148
113
80
48
25
12
3
3
4
8
16
24
27
24
25
29
23
20
6
-3
-10
-20
-41
-73
-106
-139
-175
-202
-236
-260
-286
-313
-345
-381
-416
-460
-511
-563
-617
-658
-693
-717
-735
-743
-746
-754
-768
-788
-818
-844
-870
-894
-918
-934
-939
-944
-946
-950
-952
-951
-949
-950
-956
-960
-961
-959
-951
-944
-933
-919
-905
-898
-898
-896
-894
-900
-899
-903
-897
-895
-889
-889
-896
-896
-905
-923
-934
-953
-954
-952
-946
-938
-925
-905
-881
-858
-833
-813
-787
-757
-723
-693
-663
-631
-607
-591
-581
-579
-577
-580
-586
-601
-621
-643
-672
-705
-746
-792
-845
-906
-975
-1046
-1107
-1155
-1194
-1221
-1244
-1257
-1260
-1260
-1265
-1275
-1279
-1277
-1278
-1273
-1273
-1271
-1266
-1262
-1265
-1273
-1278
-1279
-1283
-1279
-1282
-1276
-1272
-1271
-1275
-1275
-1264
-1244
-1217
-1187
-1166
-1144
-1128
-1118
-1118
-1119
-1117
-1116
-1116
-1114
-1114
-1109
-1108
-1116
-1133
-1146
-1152
-1157
-1155
-1157
-1161
-1165
-1171
-1184
-1201
-1213
-1218
-1221
-1216
-1212
-1199
-1177
-1150
-1126
-1106
-1080
-1059
-1052
-1049
-1061
-1072
-1081
-1088
-1097
-1105
-1104
-1100
-1099
-1089
-1087
-1066
-1047
-1025
-1011
-1001
-989
-982
-986
-991
-1001
-1001
-997
-992
-991
-982
-967
-959
-953
-952
-953
-951
-948
-951
-958
-955
-942
-928
-913
-903
-898
-893
-893
-901
-917
-933
-946
-961
-972
-988
-995
-997
-995
-996
-1002
-1003
-1004
-1009
-1013
-1024
-1031
-1037
-1041
-1047
-1051
-1042
-1031
-1027
-1022
-1029
-1033
-1036
-1041
-1053
-1067
-1079
-1092
-1102
-1108
-1115
-1114
-1108
-1099
-1095
-1089
-1077
-1065
-1052
-1041
-1033
-1022
-1011
-1004
-1008
-1010
-1007
-1004
-993
-981
-964
-940
-918
-903
-895
-888
-878
-869
-853
-843
-824
-800
-775
-756
-747
-741
-743
-757
-775
-804
-826
-845
-863
-888
-921
-956
-997
-1047
-1095
-1148
-1192
-1225
-1250
-1268
-1274
-1260
-1247
-1229
-1211
-1192
-1157
-1121
-1081
-1051
-1016
-975
-932
-894
-864
-844
-823
-812
-811
-823
-838
-857
-881
-903
-927
-949
-960
-968
-977
-984
-984
-976
-972
-961
-955
-941
-927
-912
-903
-896
-885
-875
-874
-873
-881
-885
-886
-883
-884
-887
-881
-872
-864
-847
-832
-809
-782
-755
-727
-694
-654
-614
-577
-545
-528
-519
-524
-544
-580
-620
-657
-697
-733
-766
-793
-809
-823
-837
-857
-874
-890
-912
-933
-956
-977
-993
-1007
-1025
-1047
-1067
-1081
-1098
-1107
-1122
-1127
-1127
-1123
-1120
-1117
-1107
-1095
-1088
-1080
-1083
-1083
-1084
-1085
-1094
-1103
-1102
-1097
-1091
-1076
-1060
-1037
-1013
-991
-977
-964
-948
-939
-933
-935
-938
-933
-928
-924
-931
-940
-933
-926
-903
-879
-850
-809
-759
-708
-659
-607
-550
-499
-449
-404
-360
-318
-287
-275
-290
-329
-392
-483
-583
-696
-791
-869
-932
-982
-1021
-1044
-1055
-1063
-1066
-1079
-1090
-1108
-1126
-1147
-1164
-1168
-1172
-1181
-1188
-1200
-1207
-1210
-1212
-1218
-1223
-1222
-1218
-1214
-1210
-1212
-1207
-1202
-1199
-1201
-1199
-1189
-1180
-1169
-1160
-1152
-1138
-1123
-1110
-1101
-1086
-1066
-1047
-1029
-1016
-1006
-994
-982
-974
-969
-958
-942
-935
-927
-928
-924
-917
-905
-890
-874
-851
-825
-800
-772
-753
-728
-708
-692
-687
-687
-683
-687
-702
-725
-761
-800
-842
-886
-931
-968
-991
-1005
-1012
-1012
-1013
-1005
-996
-991
-997
-1003
-1002
-1010
-1012
-1026
-1042
-1053
-1060
-1064
-1069
-1076
-1078
-1081
-1080
-1083
-1086
-1085
-1080
-1076
-1078
-1072
-1063
-1062
-1057
-1058
-1053
-1046
-1039
-1036
-1034
-1024
-1009
-999
-986
-986
-980
-978
-979
-986
-993
-989
-982
-971
-955
-943
-924
-902
-881
-865
-848
-825
-802
-777
-749
-727
-701
-677
-660
-653
-649
-646
-650
-654
-659
-659
-649
-631
-605
-573
-529
-479
-432
-390
-366
-356
-364
-389
-432
-486
-536
-583
-636
-685
-742
-792
-833
-865
-896
-921
-936
-943
-952
-957
-976
-996
-1024
-1058
-1100
-1141
-1171
-1197
-1218
-1234
-1249
-1252
-1250
-1242
-1235
-1225
-1209
-1194
-1180
-1166
-1153
-1132
-1107
-1080
-1054
-1025
-992
-966
-942
-920
-899
-868
-838
-800
-770
-738
-707
-687
-667
-657
-643
-637
-632
-636
-643
-640
-633
-627
-611
-598
-581
-558
-534
-520
-510
-498
-488
-491
-501
-532
-570
-616
-669
-726
-778
-817
-850
-880
-906
-932
-946
-955
-960
-966
-966
-958
-952
-948
-944
-943
-940
-941
-950
-968
-985
-999
-1021
-1046
-1077
-1105
-1123
-1130
-1130
-1123
-1105
-1077
-1047
-1013
-985
-953
-921
-889
-864
-847
-825
-801
-781
-757
-742
-726
-710
-695
-684
-674
-657
-638
-626
-609
-598
-582
-567
-558
-561
-571
-583
-598
-614
-625
-634
-627
-612
-591
-571
-549
-522
-499
-479
-460
-440
-411
-382
-359
-352
-356
-374
-414
-465
-530
-600
-667
-730
-787
-835
-864
-879
-884
-876
-872
-857
-842
-834
-826
-829
-824
-824
-831
-835
-844
-851
-861
-875
-891
-910
-919
-922
-923
-917
-914
-902
-889
-877
-871
-865
-856
-850
-849
-850
-859
-859
-852
-843
-837
-827
-806
-784
-762
-741
-721
-698
-677
-663
-658
-652
-643
-643
-642
-643
-638
-624
-606
-587
-570
-551
-530
-516
-507
-515
-525
-539
-558
-584
-617
-648
-679
-708
-728
-749
-757
-759
-758
-759
-762
-757
-752
-755
-755
-763
-764
-759
-755
-754
-753
-750
-750
-753
-761
-775
-782
-787
-792
-797
-797
-786
-775
-761
-748
-734
-713
-689
-664
-642
-617
-589
-568
-549
-539
-532
-524
-517
-514
-513
-505
-492
-482
-467
-463
-455
-451
-453
-457
-467
-465
-465
-472
-471
-476
-469
-457
-449
-447
-448
-441
-436
-436
-436
-436
-422
-401
-372
-344
-313
-282
-261
-253
-259
-281
-305
-336
-370
-404
-433
-450
-463
-468
-472
-478
-484
-489
-495
-502
-500
-493
-492
-494
-508
-529
-551
-575
-603
-634
-656
-670
-684
-689
-697
-694
-683
-666
-652
-640
-628
-618
-614
-606
-601
-586
-568
-549
-537
-532
-523
-515
-509
-498
-489
-471
-450
-428
-412
-397
-381
-371
-369
-371
-381
-388
-398
-409
-427
-441
-448
-457
-466
-480
-492
-496
-497
-495
-490
-472
-446
-421
-392
-362
-332
-299
-267
-239
-214
-181
-139
-96
-41
8
62
113
154
177
184
182
171
141
110
62
28
-7
-47
-94
-151
-200
-248
-296
-345
-395
-437
-473
-505
-545
-579
-603
-627
-651
-670
-687
-696
-700
-703
-706
-705
-695
-688
-681
-675
-671
-664
-658
-654
-654
-646
-631
-612
-587
-563
-539
-512
-484
-460
-438
-412
-383
-364
-344
-337
-326
-313
-301
-295
-294
-292
-289
-289
-286
-291
-284
-273
-259
-246
-231
-210
-191
-182
-182
-196
-215
-240
-271
-310
-344
-365
-381
-394
-406
-419
-423
-424
-424
-425
-419
-406
-394
-378
-368
-360
-352
-346
-348
-357
-366
-372
-378
-382
-391
-399
-402
-403
-408
-414
-411
-405
-406
-405
-414
-419
-420
-417
-417
-417
-413
-409
-413
-415
-428
-432
-435
-436
-440
-442
-427
-410
-394
-375
-370
-353
-336
-313
-296
-275
-248
-222
-201
-191
-192
-193
-200
-215
-236
-253
-263
-273
-275
-277
-278
-273
-268
-266
-270
-268
-261
-255
-244
-230
-208
-178
-147
-124
-110
-96
-86
-87
-88
-100
-110
-121
-138
-167
-204
-239
-273
-313
-348
-388
-416
-438
-453
-462
-462
-448
-428
-404
-377
-358
-339
-322
-305
-293
-276
-253
-232
-216
-206
-209
-217
-237
-268
-311
-354
-391
-425
-450
-472
-484
-486
-480
-473
-467
-456
-439
-423
-401
-381
-353
-319
-277
-237
-200
-160
-123
-96
-68
-45
-17
15
49
81
112
148
182
206
232
248
271
295
318
338
359
386
413
439
463
476
500
519
538
549
554
570
589
611
638
662
691
723
753
775
803
835
871
910
941
971
1001
1025
1042
1052
1056
1054
1041
1021
987
958
933
909
882
858
842
826
801
777
745
719
701
689
673
654
640
626
602
582
553
534
518
498
470
440
411
380
351
325
296
275
255
237
216
205
208
220
238
262
289
323
358
389
412
438
470
498
528
550
566
577
580
573
555
537
521
499
479
452
434
422
413
401
389
387
391
392
394
384
375
368
362
352
344
346
348
341
334
314
295
274
251
220
187
160
134
107
83
56
38
24
11
-4
-25
-34
-49
-62
-76
-101
-117
-135
-154
-180
-208
-241
-280
-319
-360
-396
-426
-448
-468
-486
-497
-499
-501
-498
-501
-495
-481
-462
-443
-429
-412
-396
-386
-376
-376
-373
-371
-370
-377
-388
-393
-399
-409
-413
-422
-420
-411
-400
-394
-389
-385
-391
-406
-424
-448
-466
-483
-501
-522
-540
-548
-556
-560
-563
-561
-549
-532
-512
-494
-470
-442
-417
-389
-368
-351
-334
-322
-322
-331
-344
-362
-393
-424
-468
-507
-542
-573
-602
-624
-633
-634
-631
-617
-605
-584
-563
-544
-535
-533
-529
-525
-525
-521
-523
-521
-519
-521
-533
-549
-563
-576
-588
-597
-609
-615
-621
-628
-640
-650
-654
-657
-659
-661
-662
-652
-639
-623
-607
-591
-567
-556
-538
-525
-513
-499
-484
-472
-461
-445
-429
-418
-399
-389
-374
-359
-342
-329
-321
-310
-300
-296
-291
-295
-292
-290
-287
-290
-293
-284
-273
-266
-258
-259
-257
-256
-261
-275
-289
-298
-309
-323
-338
-354
-364
-373
-383
-397
-408
-415
-424
-430
-434
-431
-417
-399
-383
-374
-363
-347
-335
-323
-317
-310
-295
-275
-255
-235
-206
-169
-136
-95
-58
-11
42
97
153
215
292
383
477
576
663
750
822
875
903
912
918
917
908
895
868
836
797
751
694
632
573
510
442
370
289
208
120
24
-80
-183
-284
-394
-507
-626
-745
-860
-976
-1100
-1233
-1366
-1498
-1645
-1797
-1975
-2178
-2406
-2668
-2947
-3238
-3530
-3816
-4114
-4404
-4699
-4985
-5275
-5568
-5872
-6182
-6494
-6805
-7116
-7415
-7706
-7964
-8194
-8398
-8581
-8740
-8867
-8969
-9048
-9101
-9136
-9147
-9138
-9117
-9085
-9038
-8971
-8888
-8787
-8669
-8536
-8378
-8200
-8009
-7813
-7608
-7394
-7178
-6957
-6734
-6506
-6270
-6028
-5785
-5541
-5290
-5035
-4782
-4529
-4289
-4056
-3828
-3608
-3399
-3197
-2991
-2784
-2586
-2388
-2207
-2033
-1869
-1712
-1567
-1430
-1289
-1147
-1009
-870
-743
-611
-487
-371
-267
-170
-70
26
119
211
296
387
474
549
607
652
688
710
721
728
730
741
754
768
781
802
828
848
864
871
875
883
895
907
918
932
945
951
956
956
962
978
995
1019
1042
1076
1116
1141
1170
1187
1206
1231
1252
1261
1264
1269
1273
1270
1269
1261
1260
1260
1257
1251
1246
1245
1245
1246
1253
1263
1285
1313
1348
1387
1430
1478
1520
1556
1588
1617
1649
1680
1706
1724
1742
1759
1762
1757
1740
1721
1702
1685
1670
1657
1652
1656
1662
1674
1683
1694
1698
1697
1689
1678
1677
1685
1695
1716
1733
1757
1783
1806
1818
1824
1834
1848
1858
1875
1886
1905
1922
1932
1931
1926
1924
1922
1919
1922
1927
1946
1971
1999
2023
2044
2067
2082
2087
2082
2065
2050
2036
2023
2011
2005
2005
2001
1996
1982
1964
1949
1932
1909
1882
1863
1853
1848
1853
1859
1876
1897
1920
1940
1958
1986
2017
2045
2078
2105
2141
2184
2217
2249
2271
2298
2321
2330
2334
2327
2328
2333
2341
2344
2347
2360
2373
2387
2407
2426
2454
2483
2516
2548
2586
2633
2677
2718
2751
2775
2800
2817
2822
2817
2814
2819
2820
2828
2832
2838
2847
2855
2857
2852
2847
2842
2833
2828
2818
2816
2819
2827
2831
2830
2836
2844
2848
2858
2866
2883
2901
2918
2928
2933
2944
2956
2964
2978
2988
3011
3042
3076
3108
3144
3186
3230
3273
3316
3356
3403
3451
3498
3539
3585
3637
3686
3733
3772
3804
3835
3861
3879
3889
3902
3918
3931
3943
3945
3939
3931
3924
3918
3917
3928
3953
3985
4027
4065
4113
4162
4208
4243
4268
4293
4315
4331
4348
4356
4369
4383
4402
4416
4427
4449
4479
4505
4543
4573
4614
4664
4712
4762
4807
4854
4896
4930
4950
4957
4963
4968
4970
4965
4962
4962
4957
4952
4945
4938
4937
4941
4949
4959
4979
5005
5027
5048
5063
5077
5095
5110
5118
5120
5127
5143
5159
5182
5197
5217
5235
5249
5254
5252
5252
5249
5243
5240
5232
5235
5244
5257
5268
5277
5288
5291
5281
5270
5254
5246
5249
5257
5266
5281
5303
5323
5340
5352
5351
5348
5336
5316
5284
5248
5214
5174
5131
5083
5031
4981
4930
4877
4820
4770
4726
4681
4639
4597
4556
4522
4490
4455
4415
4380
4349
4312
4280
4238
4199
4161
4121
4075
4027
3983
3941
3895
3851
3798
3753
3706
3656
3598
3536
3478
3419
3357
3303
3242
3198
3159
3124
3090
3052
3015
2977
2929
2880
2814
2743
2670
2596
2514
2434
2356
2278
2200
2119
2040
1970
1905
1840
1775
1719
1668
1615
1564
1510
1458
1413
1369
1322
1272
1229
1191
1148
1112
1070
1039
1015
995
972
947
924
901
869
838
797
766
735
710
683
655
634
609
577
542
500
462
424
387
349
317
295
274
254
236
218
210
206
201
193
191
200
212
228
243
254
262
263
251
224
191
155
109
58
1
-52
-94
-131
-167
-203
-233
-259
-290
-314
-347
-376
-402
-431
-462
-491
-511
-527
-548
-566
-593
-608
-618
-623
-627
-628
-619
-609
-601
-593
-590
-580
-565
-549
-538
-529
-512
-494
-479
-464
-466
-462
-460
-455
-446
-433
-421
-417
-415
-421
-432
-448
-471
-497
-525
-548
-559
-564
-563
-567
-570
-574
-580
-594
-616
-631
-644
-665
-682
-708
-727
-740
-750
-760
-771
-776
-777
-787
-794
-814
-823
-830
-833
-837
-834
-819
-801
-781
-757
-739
-718
-702
-691
-687
-684
-677
-670
-665
-660
-659
-654
-649
-650
-657
-662
-664
-671
-677
-687
-697
-699
-696
-694
-693
-690
-688
-694
-705
-727
-747
-765
-782
-803
-826
-841
-850
-862
-868
-879
-882
-880
-875
-872
-867
-854
-838
-831
-823
-830
-830
-826
-818
-808
-790
-762
-732
-704
-675
-656
-637
-626
-621
-625
-630
-632
-636
-640
-645
-650
-655
-658
-663
-667
-674
-674
-681
-683
-678
-669
-648
-633
-624
-622
-618
-618
-624
-626
-630
-629
-632
-636
-650
-674
-695
-717
-744
-766
-793
-813
-828
-833
-835
-830
-811
-784
-760
-730
-710
-685
-663
-646
-637
-629
-616
-604
-598
-599
-612
-622
-634
-648
-669
-686
-697
-708
-719
-730
-745
-757
-774
-799
-832
-864
-889
-917
-944
-971
-989
-993
-989
-981
-973
-963
-950
-941
-929
-925
-917
-909
-900
-897
-899
-895
-894
-903
-915
-939
-960
-976
-986
-997
-1005
-1000
-988
-976
-956
-940
-914
-883
-849
-819
-789
-758
-732
-709
-685
-665
-637
-610
-584
-565
-546
-525
-510
-500
-498
-505
-513
-527
-550
-582
-612
-637
-672
-700
-726
-747
-753
-757
-762
-761
-759
-749
-749
-747
-753
-749
-744
-742
-751
-763
-769
-772
-775
-772
-775
-770
-759
-745
-738
-735
-729
-726
-731
-730
-737
-740
-743
-748
-761
-775
-785
-797
-808
-816
-821
-815
-805
-798
-797
-798
-794
-794
-795
-798
-799
-789
-771
-752
-735
-716
-697
-685
-672
-662
-650
-633
-613
-596
-580
-558
-534
-518
-503
-502
-498
-497
-498
-504
-515
-520
-523
-532
-542
-564
-582
-604
-628
-661
-701
-735
-765
-796
-818
-842
-856
-865
-873
-886
-900
-910
-922
-933
-941
-948
-944
-936
-924
-914
-900
-883
-871
-867
-870
-879
-887
-897
-910
-930
-946
-955
-964
-966
-964
-956
-939
-923
-910
-893
-870
-832
-804
-773
-751
-725
-695
-666
-650
-639
-625
-613
-608
-602
-607
-602
-596
-593
-595
-602
-606
-617
-636
-653
-675
-689
-700
-712
-726
-737
-745
-753
-765
-776
-791
-801
-813
-827
-845
-856
-859
-863
-862
-859
-851
-837
-823
-815
-814
-812
-811
-815
-820
-831
-843
-852
-859
-866
-874
-874
-868
-867
-864
-874
-880
-886
-889
-892
-890
-877
-862
-851
-838
-836
-828
-820
-811
-805
-800
-785
-773
-765
-754
-745
-727
-704
-682
-667
-656
-643
-635
-636
-643
-655
-660
-662
-660
-659
-654
-640
-624
-603
-585
-573
-565
-563
-571
-585
-597
-608
-626
-643
-662
-677
-684
-687
-692
-700
-700
-698
-705
-715
-736
-752
-756
-763
-773
-788
-802
-809
-823
-831
-851
-856
-857
-851
-847
-847
-837
-822
-805
-783
-759
-726
-688
-650
-617
-588
-563
-553
-559
-580
-608
-633
-658
-686
-716
-742
-759
-778
-795
-818
-841
-859
-874
-891
-909
-916
-911
-905
-896
-889
-877
-861
-847
-837
-832
-820
-804
-793
-773
-756
-733
-710
-691
-681
-677
-676
-676
-682
-684
-692
-688
-678
-667
-660
-655
-648
-645
-647
-648
-656
-656
-654
-651
-656
-665
-672
-681
-693
-706
-717
-720
-719
-716
-716
-712
-701
-693
-684
-680
-674
-660
-641
-622
-608
-591
-570
-552
-536
-531
-531
-535
-544
-559
-580
-596
-607
-622
-628
-640
-646
-647
-647
-649
-656
-659
-657
-666
-672
-691
-710
-722
-738
-752
-764
-765
-761
-752
-739
-730
-712
-693
-676
-664
-652
-632
-611
-589
-567
-553
-541
-538
-546
-565
-586
-602
-623
-643
-666
-687
-701
-709
-712
-712
-702
-686
-673
-662
-665
-670
-678
-691
-713
-745
-775
-805
-842
-874
-911
-939
-960
-976
-994
-1011
-1019
-1023
-1029
-1026
-1029
-1024
-1019
-1011
-1005
-997
-983
-971
-959
-945
-932
-911
-887
-861
-838
-811
-776
-744
-716
-693
-677
-660
-646
-637
-633
-628
-617
-613
-608
-606
-604
-600
-598
-598
-600
-596
-586
-576
-564
-561
-560
-565
-575
-596
-626
-655
-683
-714
-740
-766
-783
-794
-804
-814
-824
-822
-813
-807
-793
-787
-776
-758
-743
-728
-716
-701
-685
-672
-658
-650
-642
-635
-627
-621
-614
-599
-591
-582
-576
-576
-570
-566
-564
-563
-556
-544
-540
-536
-541
-551
-562
-575
-597
-625
-648
-662
-673
-675
-679
-668
-648
-622
-595
-571
-540
-510
-489
-469
-455
-434
-411
-389
-373
-360
-344
-330
-326
-322
-331
-340
-352
-369
-395
-424
-454
-490
-533
-578
-626
-662
-690
-711
-729
-736
-728
-717
-705
-694
-687
-677
-669
-667
-673
-675
-673
-675
-673
-672
-668
-658
-649
-644
-643
-640
-634
-628
-615
-604
-582
-557
-530
-511
-501
-488
-479
-480
-481
-490
-490
-484
-475
-469
-468
-464
-464
-475
-489
-515
-540
-563
-584
-604
-614
-617
-609
-602
-585
-575
-561
-547
-539
-535
-532
-526
-530
-537
-547
-558
-563
-572
-583
-597
-604
-602
-600
-592
-586
-577
-563
-550
-543
-542
-539
-531
-522
-507
-499
-485
-469
-455
-446
-443
-437
-433
-434
-433
-437
-430
-418
-400
-385
-370
-348
-326
-314
-306
-310
-316
-326
-343
-367
-391
-409
-429
-448
-466
-487
-502
-513
-521
-527
-527
-517
-504
-489
-478
-471
-462
-454
-450
-451
-449
-445
-443
-438
-436
-433
-424
-411
-397
-384
-365
-343
-330
-319
-320
-314
-306
-295
-286
-280
-275
-278
-292
-305
-325
-334
-340
-344
-355
-370
-379
-391
-408
-422
-444
-460
-474
-486
-500
-512
-517
-521
-523
-523
-522
-512
-502
-494
-483
-467
-447
-428
-417
-399
-382
-358
-341
-333
-338
-343
-348
-361
-375
-392
-412
-428
-442
-455
-467
-468
-463
-465
-465
-471
-465
-452
-436
-423
-415
-407
-402
-405
-409
-424
-430
-433
-427
-417
-401
-376
-355
-345
-341
-351
-361
-374
-388
-407
-425
-437
-448
-457
-463
-469
-465
-459
-451
-445
-435
-417
-404
-392
-383
-371
-355
-340
-331
-328
-322
-315
-311
-307
-310
-312
-308
-299
-292
-291
-287
-283
-289
-291
-300
-298
-286
-269
-251
-229
-199
-166
-139
-113
-103
-89
-81
-78
-83
-93
-96
-99
-105
-110
-120
-126
-131
-139
-153
-162
-158
-149
-136
-119
-102
-76
-47
-18
8
39
76
107
134
164
189
219
247
262
274
288
302
315
321
323
332
353
379
410
438
481
532
580
636
678
719
754
783
802
812
821
827
823
818
802
792
783
775
765
756
754
749
740
733
722
720
722
726
724
722
721
716
706
690
669
652
633
610
582
560
548
536
527
515
503
493
485
478
471
468
470
467
461
446
429
408
386
358
326
302
282
260
250
239
237
241
248
252
256
264
275
279
284
277
275
275
276
272
267
266
264
262
262
255
253
252
249
239
232
232
230
227
220
208
201
192
178
155
133
113
86
60
33
10
-4
-14
-29
-37
-41
-34
-27
-23
-26
-32
-38
-47
-65
-96
-118
-139
-166
-189
-223
-252
-278
-304
-332
-354
-363
-363
-363
-352
-348
-334
-322
-311
-306
-296
-281
-265
-253
-246
-250
-253
-261
-273
-294
-317
-335
-351
-364
-372
-377
-373
-367
-362
-366
-370
-375
-388
-401
-419
-438
-454
-474
-502
-535
-565
-588
-611
-631
-654
-667
-671
-664
-652
-635
-605
-569
-537
-502
-480
-463
-452
-443
-439
-438
-433
-429
-436
-442
-457
-466
-479
-500
-533
-572
-611
-655
-702
-751
-801
-839
-871
-900
-928
-948
-958
-964
-965
-958
-942
-910
-872
-836
-810
-788
-772
-770
-773
-787
-803
-815
-823
-827
-828
-824
-815
-811
-803
-800
-791
-775
-756
-748
-740
-736
-725
-721
-715
-723
-725
-724
-719
-716
-717
-708
-695
-690
-683
-682
-671
-658
-647
-641
-633
-622
-613
-606
-599
-595
-583
-569
-554
-539
-517
-487
-458
-434
-417
-407
-399
-393
-393
-402
-413
-425
-445
-466
-491
-513
-524
-524
-521
-515
-501
-479
-460
-437
-423
-405
-392
-382
-383
-391
-399
-410
-426
-440
-464
-481
-496
-505
-512
-510
-488
-455
-417
-367
-319
-258
-188
-115
-48
13
71
120
161
196
223
256
297
347
402
464
536
607
675
733
776
809
826
825
806
783
756
717
672
616
560
515
476
438
399
364
332
285
230
152
68
-23
-116
-210
-301
-384
-458
-538
-622
-718
-825
-941
-1066
-1209
-1363
-1526
-1700
-1890
-2089
-2314
-2549
-2796
-3049
-3315
-3585
-3854
-4124
-4399
-4676
-4962
-5245
-5533
-5827
-6131
-6440
-6747
-7056
-7358
-7651
-7927
-8175
-8395
-8588
-8756
-8890
-8992
-9073
-9131
-9173
-9196
-9194
-9172
-9132
-9074
-8990
-8883
-8762
-8614
-8455
-8273
-8073
-7860
-7643
-7421
-7188
-6949
-6709
-6462
-6219
-5963
-5706
-5451
-5206
-4964
-4718
-4471
-4227
-3982
-3747
-3514
-3287
-3067
-2858
-2655
-2456
-2268
-2095
-1932
-1785
-1638
-1501
-1376
-1268
-1165
-1065
-976
-895
-824
-756
-682
-601
-517
-429
-332
-230
-134
-43
35
108
180
247
304
354
406
457
500
545
581
621
664
704
735
758
779
797
808
823
833
848
874
900
924
950
972
991
1001
1009
1014
1017
1013
1011
1007
1006
1014
1017
1019
1020
1021
1033
1054
1080
1106
1137
1174
1203
1228
1244
1255
1267
1278
1284
1284
1287
1293
1296
1299
1296
1293
1292
1290
1282
1270
1265
1264
1258
1259
1256
1262
1273
1286
1295
1303
1313
1324
1327
1331
1321
1314
1300
1278
1246
1212
1185
1157
1129
1105
1083
1076
1081
1095
1113
1137
1169
1199
1226
1249
1269
1294
1318
1340
1355
1374
1399
1420
1443
1462
1482
1506
1529
1550
1566
1589
1613
1630
1645
1653
1664
1680
1700
1716
1727
1744
1762
1772
1785
1791
1799
1810
1821
1829
1835
1847
1860
1866
1874
1873
1882
1896
1913
1925
1933
1938
1939
1933
1929
1928
1926
1929
1925
1923
1926
1939
1951
1966
1980
1988
2001
2009
2012
2013
2020
2035
2053
2076
2099
2126
2159
2188
2209
2220
2228
2238
2245
2253
2255
2262
2275
2293
2307
2320
2342
2369
2391
2417
2433
2449
2463
2475
2479
2477
2476
2473
2465
2464
2460
2470
2487
2509
2528
2546
2567
2586
2603
2624
2645
2679
2719
2759
2794
2831
2875
2917
2957
2992
3016
3039
3056
3062
3057
3050
3045
3031
3018
3002
2988
2978
2966
2954
2942
2936
2935
2938
2949
2961
2985
3017
3057
3097
3137
3182
3224
3253
3278
3289
3300
3314
3330
3344
3359
3381
3404
3419
3439
3453
3479
3511
3546
3578
3610
3644
3675
3698
3718
3729
3748
3766
3783
3803
3831
3865
3905
3938
3976
4015
4057
4101
4136
4165
4200
4246
4287
4332
4371
4410
4448
4483
4512
4536
4558
4581
4603
4629
4650
4676
4705
4736
4764
4787
4811
4832
4845
4860
4868
4879
4892
4906
4917
4924
4938
4954
4965
4985
5002
5028
5053
5076
5094
5111
5130
5144
5156
5169
5177
5189
5200
5210
5214
5219
5224
5219
5208
5187
5160
5136
5114
5094
5074
5061
5056
5051
5051
5050
5052
5060
5069
5073
5073
5076
5084
5085
5084
5073
5068
5062
5055
5040
5011
4976
4931
4873
4815
4752
4700
4659
4632
4615
4610
4622
4641
4655
4668
4667
4667
4661
4645
4620
4592
4565
4530
4485
4433
4373
4322
4273
4224
4169
4114
4064
4013
3956
3902
3845
3790
3735
3668
3593
3526
3467
3414
3363
3306
3250
3199
3145
3089
3031
2983
2939
2890
2845
2798
2761
2726
2689
2643
2587
2532
2475
2412
2351
2282
2219
2159
2105
2049
1990
1936
1882
1821
1765
1704
1646
1587
1523
1452
1384
1324
1266
1208
1153
1096
1047
1001
957
912
877
854
832
810
784
756
730
703
671
632
597
566
533
503
472
443
420
399
376
349
322
297
265
235
193
156
122
96
74
56
49
48
47
52
53
60
69
82
95
109
134
161
182
205
220
237
249
248
231
206
180
148
109
66
12
-39
-89
-136
-182
-222
-252
-282
-310
-339
-365
-384
-400
-422
-450
-473
-496
-518
-552
-586
-620
-639
-647
-649
-653
-647
-634
-631
-624
-626
-622
-610
-596
-584
-572
-558
-549
-551
-552
-562
-564
-566
-568
-576
-585
-585
-583
-581
-574
-572
-564
-554
-550
-555
-561
-564
-565
-566
-568
-577
-580
-580
-578
-581
-584
-583
-581
-573
-565
-556
-542
-528
-518
-512
-502
-491
-489
-490
-500
-513
-523
-531
-542
-555
-560
-564
-581
-597
-623
-641
-650
-653
-653
-646
-628
-605
-589
-572
-568
-560
-555
-554
-562
-575
-584
-595
-605
-611
-619
-625
-634
-651
-678
-707
-733
-761
-788
-811
-828
-832
-828
-821
-815
-805
-789
-776
-765
-759
-752
-738
-720
-703
-686
-665
-641
-620
-595
-578
-561
-541
-518
-509
-501
-496
-491
-492
-494
-503
-515
-522
-528
-533
-540
-541
-542
-548
-552
-566
-569
-573
-581
-596
-614
-629
-646
-665
-681
-701
-712
-718
-724
-738
-754
-771
-795
-826
-858
-889
-907
-917
-922
-924
-917
-902
-889
-874
-861
-847
-825
-799
-775
-754
-732
-711
-699
-693
-700
-711
-724
-737
-753
-768
-770
-761
-752
-734
-723
-709
-695
-684
-678
-673
-666
-661
-667
-675
-695
-707
-714
-719
-729
-741
-748
-754
-756
-753
-749
-732
-709
-683
-664
-651
-639
-629
-621
-615
-615
-611
-610
-617
-632
-646
-655
-665
-671
-678
-681
-674
-659
-639
-613
-579
-541
-509
-480
-467
-463
-469
-481
-504
-534
-563
-587
-612
-630
-644
-648
-644
-628
-617
-599
-580
-561
-549
-536
-538
-538
-547
-562
-588
-619
-646
-672
-697
-719
-740
-747
-746
-739
-733
-722
-704
-689
-677
-670
-670
-666
-663
-661
-662
-659
-648
-642
-633
-628
-621
-608
-597
-591
-593
-593
-593
-599
-607
-625
-641
-661
-680
-702
-724
-735
-739
-744
-740
-740
-734
-723
-707
-694
-681
-660
-637
-620
-597
-583
-564
-548
-539
-542
-549
-551
-552
-551
-545
-541
-527
-510
-493
-483
-476
-469
-466
-465
-464
-465
-460
-453
-448
-450
-449
-445
-450
-457
-471
-488
-497
-504
-508
-510
-504
-493
-483
-474
-479
-487
-501
-519
-542
-565
-575
-576
-572
-558
-544
-524
-501
-473
-455
-438
-432
-430
-438
-440
-447
-452
-465
-484
-510
-540
-567
-595
-623
-643
-657
-656
-643
-626
-611
-595
-574
-557
-540
-523
-510
-493
-479
-468
-465
-458
-442
-430
-420
-421
-429
-433
-435
-434
-432
-423
-406
-389
-367
-354
-337
-323
-317
-318
-325
-327
-328
-334
-342
-364
-385
-412
-444
-487
-532
-569
-600
-632
-653
-674
-686
-695
-704
-712
-714
-708
-699
-688
-670
-652
-627
-600
-575
-557
-543
-530
-526
-526
-528
-533
-535
-538
-546
-560
-572
-580
-594
-607
-626
-645
-658
-665
-672
-677
-675
-664
-653
-633
-618
-594
-568
-543
-525
-518
-512
-510
-512
-512
-521
-524
-526
-527
-535
-544
-542
-545
-552
-556
-557
-558
-554
-552
-557
-554
-550
-547
-555
-566
-585
-593
-599
-605
-612
-609
-600
-593
-587
-583
-582
-577
-570
-570
-577
-579
-577
-581
-585
-597
-614
-631
-648
-667
-685
-695
-696
-700
-695
-697
-689
-677
-664
-659
-660
-660
-659
-663
-665
-672
-670
-666
-660
-658
-657
-650
-645
-645
-641
-641
-634
-620
-603
-591
-580
-567
-558
-553
-550
-551
-544
-536
-527
-523
-516
-504
-498
-496
-502
-513
-518
-521
-525
-535
-542
-547
-555
-563
-578
-594
-605
-616
-629
-645
-655
-661
-670
-667
-669
-665
-661
-657
-655
-659
-661
-659
-658
-649
-645
-630
-612
-592
-572
-552
-523
-492
-463
-433
-409
-380
-351
-333
-326
-325
-333
-349
-373
-406
-435
-460
-476
-493
-509
-519
-520
-523
-526
-529
-524
-511
-495
-483
-474
-463
-451
-444
-438
-439
-444
-452
-469
-499
-537
-570
-598
-624
-635
-648
-651
-651
-648
-643
-635
-621
-604
-591
-573
-563
-545
-525
-503
-486
-471
-452
-440
-439
-443
-453
-460
-466
-475
-491
-509
-524
-543
-565
-588
-611
-623
-628
-628
-627
-617
-596
-572
-543
-518
-493
-464
-435
-409
-388
-362
-333
-306
-279
-259
-242
-227
-220
-222
-232
-240
-249
-269
-291
-327
-362
-395
-425
-455
-481
-498
-512
-528
-539
-557
-566
-574
-582
-593
-604
-607
-610
-611
-608
-606
-599
-592
-589
-592
-594
-592
-594
-603
-618
-633
-647
-653
-665
-684
-696
-698
-695
-684
-677
-665
-643
-618
-594
-572
-550
-522
-500
-480
-468
-458
-448
-437
-431
-432
-429
-426
-432
-437
-454
-468
-484
-500
-520
-537
-544
-542
-545
-544
-555
-558
-561
-568
-584
-603
-616
-628
-637
-643
-648
-641
-629
-615
-604
-590
-568
-549
-534
-524
-520
-515
-516
-524
-541
-555
-560
-565
-563
-559
-552
-540
-529
-523
-521
-516
-507
-499
-492
-495
-495
-496
-498
-509
-528
-542
-553
-569
-578
-591
-598
-597
-588
-578
-566
-547
-527
-517
-507
-508
-503
-497
-492
-491
-489
-479
-468
-460
-455
-459
-461
-468
-483
-506
-527
-536
-537
-527
-511
-490
-460
-427
-396
-378
-356
-335
-313
-295
-285
-276
-270
-261
-261
-268
-285
-305
-332
-354
-383
-407
-422
-428
-435
-446
-449
-452
-461
-466
-475
-476
-470
-459
-449
-439
-421
-401
-386
-363
-349
-331
-315
-304
-303
-307
-313
-326
-346
-368
-395
-412
-425
-435
-450
-463
-469
-474
-475
-472
-468
-456
-441
-428
-421
-410
-396
-386
-372
-356
-334
-304
-269
-236
-207
-174
-140
-110
-80
-59
-35
-11
12
32
50
76
101
119
136
145
158
174
194
212
227
249
272
285
300
305
315
327
344
363
390
426
462
493
519
535
554
572
589
599
612
630
647
666
682
691
701
708
711
710
715
724
728
733
734
733
736
744
747
743
740
731
724
717
707
698
692
686
678
666
656
643
628
614
592
574
557
537
506
471
444
422
399
386
370
362
359
355
346
339
339
339
342
350
361
384
408
430
442
452
462
464
465
462
460
465
472
476
470
462
455
443
435
427
422
424
428
429
429
436
450
459
471
470
469
463
450
426
395
365
333
295
253
198
147
98
56
16
-19
-40
-55
-71
-81
-99
-115
-135
-159
-189
-213
-228
-239
-248
-250
-251
-240
-225
-212
-206
-200
-191
-187
-184
-185
-184
-180
-176
-183
-204
-229
-256
-290
-321
-351
-378
-393
-399
-401
-402
-397
-390
-382
-372
-366
-355
-347
-334
-324
-314
-297
-289
-290
-296
-320
-348
-381
-420
-460
-498
-521
-535
-546
-547
-551
-549
-548
-549
-553
-554
-549
-545
-543
-546
-560
-572
-585
-599
-619
-639
-656
-676
-695
-716
-737
-752
-760
-763
-765
-762
-755
-753
-752
-754
-756
-752
-744
-739
-738
-728
-711
-700
-686
-683
-676
-666
-657
-652
-651
-646
-639
-632
-619
-615
-602
-588
-575
-568
-563
-553
-547
-542
-535
-529
-513
-494
-473
-458
-445
-431
-422
-418
-415
-415
-405
-391
-378
-372
-367
-362
-367
-377
-393
-411
-426
-439
-453
-471
-484
-494
-508
-522
-539
-551
-555
-553
-550
-545
-531
-513
-507
-501
-508
-510
-513
-509
-512
-510
-500
-489
-478
-461
-443
-412
-378
-351
-330
-312
-289
-263
-240
-209
-177
-136
-97
-63
-41
-24
-8
0
-2
-11
-26
-36
-45
-55
-70
-78
-75
-71
-64
-60
-56
-45
-28
-8
13
44
86
133
183
230
278
328
381
432
483
548
627
706
790
861
928
989
1042
1087
1128
1178
1231
1276
1321
1350
1380
1400
1409
1400
1379
1358
1330
1296
1260
1221
1187
1151
1111
1068
1028
995
955
905
842
762
673
571
449
305
146
-29
-231
-454
-704
-974
-1256
-1548
-1850
-2160
-2468
-2777
-3101
-3438
-3791
-4150
-4513
-4877
-5246
-5613
-5964
-6297
-6617
-6912
-7193
-7446
-7669
-7858
-8018
-8146
-8237
-8300
-8348
-8371
-8377
-8353
-8317
-8262
-8207
-8133
-8041
-7936
-7825
-7703
-7575
-7431
-7274
-7110
-6937
-6746
-6539
-6330
-6119
-5909
-5706
-5501
-5296
-5094
-4898
-4700
-4501
-4306
-4109
-3916
-3728
-3542
-3360
-3183
-3013
-2841
-2667
-2499
-2334
-2183
-2037
-1896
-1758
-1629
-1505
-1374
-1240
-1109
-972
-841
-702
-560
-422
-293
-176
-64
36
116
188
240
293
344
389
424
450
475
497
516
533
543
558
578
602
624
647
675
700
724
742
753
764
772
775
775
784
801
817
836
851
870
899
930
957
980
1004
1031
1053
1075
1087
1100
1114
1128
1136
1136
1140
1141
1137
1136
1130
1130
1129
1127
1120
1113
1116
1125
1130
1144
1154
1171
1190
1209
1219
1235
1251
1263
1274
1273
1268
1271
1273
1275
1265
1252
1245
1237
1225
1215
1201
1194
1187
1179
1172
1176
1191
1206
1227
1247
1268
1290
1306
1309
1304
1304
1310
1317
1332
1341
1358
1374
1390
1403
1416
1437
1458
1475
1494
1507
1524
1543
1564
1575
1577
1580
1580
1575
1576
1575
1583
1599
1620
1639
1660
1686
1711
1734
1756
1770
1786
1796
1795
1786
1778
1776
1771
1761
1745
1723
1704
1689
1677
1669
1672
1685
1697
1712
1723
1731
1741
1749
1753
1755
1764
1781
1797
1821
1839
1865
1892
1920
1944
1965
1992
2021
2048
2081
2108
2145
2185
2225
2254
2277
2300
2317
2323
2329
2325
2327
2329
2328
2323
2323
2331
2342
2355
2365
2379
2397
2415
2433
2436
2445
2460
2474
2487
2491
2485
2484
2481
2473
2461
2451
2453
2456
2468
2481
2496
2516
2534
2546
2553
2568
2591
2609
2630
2639
2655
2672
2690
2703
2714
2733
2756
2778
2807
2833
2872
2916
2966
3011
3056
3108
3155
3194
3231
3258
3286
3311
3330
3338
3341
3345
3344
3339
3334
3327
3333
3347
3367
3387
3409
3434
3455
3475
3490
3502
3517
3533
3547
3560
3578
3601
3623
3652
3683
3718
3762
3809
3853
3893
3938
3983
4015
4045
4060
4076
4092
4105
4109
4104
4099
4094
4085
4078
4064
4060
4061
4071
4082
4096
4120
4146
4171
4199
4223
4253
4287
4321
4349
4375
4405
4433
4460
4485
4503
4522
4536
4544
4540
4541
4553
4571
4600
4620
4648
4675
4711
4746
4774
4798
4821
4837
4854
4869
4882
4897
4917
4934
4944
4955
4964
4963
4963
4957
4958
4963
4972
4981
4992
5008
5026
5038
5048
5043
5041
5030
5010
4978
4940
4910
4882
4854
4831
4806
4788
4775
4765
4753
4741
4734
4721
4702
4676
4642
4611
4575
4532
4479
4430
4386
4338
4291
4241
4190
4145
4105
4067
4029
3998
3972
3943
3910
3866
3817
3768
3717
3661
3598
3543
3494
3443
3405
3364
3333
3309
3290
3270
3249
3231
3205
3165
3122
3062
3004
2940
2875
2803
2733
2669
2606
2543
2484
2422
2367
2315
2267
2219
2177
2141
2103
2061
2013
1958
1904
1847
1785
1716
1647
1583
1520
1463
1408
1356
1309
1270
1233
1185
1141
1087
1029
973
910
859
812
772
730
687
652
624
591
568
537
512
493
475
456
436
422
404
374
344
303
269
241
220
200
184
178
170
160
147
127
109
89
65
31
-4
-34
-68
-106
-148
-191
-228
-263
-301
-343
-380
-409
-437
-459
-487
-513
-537
-559
-579
-596
-601
-598
-593
-585
-582
-575
-565
-555
-551
-555
-556
-559
-573
-586
-609
-627
-642
-655
-667
-678
-679
-675
-675
-671
-677
-675
-671
-668
-667
-663
-649
-635
-626
-624
-633
-638
-644
-654
-672
-696
-722
-757
-799
-849
-904
-954
-998
-1036
-1071
-1092
-1098
-1100
-1094
-1087
-1074
-1054
-1034
-1019
-1010
-1001
-1000
-998
-999
-1010
-1014
-1025
-1034
-1046
-1062
-1065
-1069
-1083
-1092
-1105
-1113
-1116
-1120
-1122
-1124
-1118
-1110
-1106
-1099
-1102
-1098
-1092
-1086
-1080
-1068
-1048
-1026
-1006
-987
-975
-958
-944
-940
-947
-960
-970
-981
-995
-1012
-1033
-1048
-1063
-1081
-1105
-1124
-1137
-1149
-1153
-1155
-1153
-1144
-1132
-1120
-1106
-1086
-1061
-1038
-1013
-997
-980
-965
-950
-943
-942
-934
-922
-912
-897
-889
-877
-866
-858
-858
-863
-860
-853
-850
-841
-842
-842
-846
-855
-868
-880
-888
-899
-913
-928
-950
-968
-989
-1013
-1039
-1059
-1068
-1075
-1077
-1079
-1078
-1069
-1055
-1042
-1034
-1026
-1018
-1015
-1010
-1011
-1013
-1009
-1004
-1001
-1003
-1002
-1000
-1006
-1014
-1032
-1047
-1065
-1079
-1093
-1107
-1104
-1105
-1103
-1101
-1097
-1080
-1057
-1035
-1015
-997
-970
-938
-915
-892
-877
-863
-852
-842
-840
-842
-845
-848
-851
-850
-850
-839
-824
-811
-802
-794
-779
-767
-756
-751
-753
-758
-771
-794
-829
-863
-895
-934
-971
-1011
-1051
-1083
-1109
-1137
-1164
-1184
-1198
-1218
-1235
-1258
-1271
-1278
-1279
-1279
-1273
-1257
-1235
-1217
-1195
-1180
-1159
-1137
-1113
-1095
-1078
-1050
-1020
-995
-966
-944
-919
-895
-873
-858
-842
-824
-808
-793
-777
-763
-742
-721
-705
-695
-684
-666
-646
-623
-600
-576
-552
-535
-530
-539
-550
-563
-582
-601
-619
-629
-625
-613
-601
-593
-582
-570
-568
-565
-574
-580
-587
-598
-621
-651
-677
-698
-722
-741
-763
-773
-787
-797
-817
-835
-831
-824
-811
-796
-784
-770
-757
-756
-766
-780
-789
-803
-819
-834
-851
-859
-860
-854
-847
-834
-813
-794
-778
-766
-756
-742
-728
-717
-712
-705
-697
-693
-690
-693
-697
-697
-693
-690
-687
-674
-655
-641
-623
-615
-605
-596
-591
-591
-593
-587
-575
-563
-548
-542
-529
-514
-497
-479
-457
-426
-397
-374
-353
-337
-318
-298
-279
-266
-253
-237
-229
-231
-242
-262
-281
-302
-326
-355
-381
-401
-423
-448
-479
-513
-544
-572
-603
-639
-667
-685
-700
-709
-720
-727
-729
-730
-732
-737
-737
-736
-742
-743
-749
-748
-741
-732
-723
-712
-695
-674
-657
-638
-628
-609
-592
-571
-561
-548
-529
-513
-498
-490
-492
-486
-481
-471
-473
-476
-474
-475
-483
-493
-508
-511
-509
-503
-497
-483
-463
-447
-430
-421
-417
-412
-407
-405
-403
-395
-384
-377
-367
-357
-343
-325
-307
-297
-296
-298
-307
-330
-349
-376
-399
-420
-441
-463
-480
-488
-489
-493
-488
-490
-481
-471
-462
-461
-461
-457
-456
-454
-450
-448
-439
-429
-421
-420
-420
-417
-419
-427
-440
-458
-469
-476
-482
-493
-500
-502
-507
-511
-517
-518
-512
-501
-491
-480
-459
-433
-407
-381
-362
-345
-329
-318
-316
-320
-322
-324
-334
-336
-342
-340
-331
-321
-317
-318
-320
-324
-336
-345
-360
-362
-358
-353
-351
-347
-342
-343
-349
-361
-381
-391
-401
-399
-406
-406
-401
-394
-385
-378
-380
-378
-375
-377
-381
-384
-387
-396
-406
-424
-443
-456
-464
-467
-460
-436
-402
-367
-332
-308
-287
-271
-264
-266
-274
-273
-269
-273
-277
-290
-299
-308
-317
-332
-349
-358
-363
-371
-371
-376
-370
-359
-345
-329
-309
-285
-265
-253
-247
-252
-258
-269
-290
-322
-358
-393
-431
-470
-506
-540
-565
-586
-603
-617
-621
-615
-612
-603
-595
-586
-571
-560
-556
-558
-555
-545
-532
-515
-503
-486
-469
-456
-452
-455
-453
-450
-455
-458
-468
-471
-470
-463
-457
-448
-431
-415
-406
-395
-392
-383
-374
-367
-366
-367
-367
-369
-373
-378
-389
-393
-394
-391
-387
-381
-366
-355
-343
-341
-346
-353
-364
-369
-379
-379
-373
-369
-362
-357
-355
-350
-345
-342
-345
-345
-339
-336
-330
-333
-332
-334
-339
-350
-367
-380
-391
-406
-415
-426
-429
-427
-425
-429
-436
-435
-430
-427
-418
-415
-404
-390
-376
-368
-358
-344
-335
-333
-337
-349
-356
-361
-366
-372
-369
-352
-332
-308
-285
-266
-246
-228
-214
-207
-198
-187
-185
-188
-202
-224
-245
-270
-299
-332
-361
-380
-398
-404
-413
-412
-410
-410
-413
-416
-409
-397
-387
-376
-378
-377
-379
-379
-385
-390
-386
-382
-383
-381
-386
-387
-386
-384
-383
-376
-361
-347
-337
-334
-342
-351
-365
-383
-404
-417
-412
-397
-374
-348
-320
-292
-263
-235
-217
-195
-174
-163
-144
-130
-107
-79
-46
-11
28
69
109
135
158
165
168
158
137
100
52
8
-37
-85
-128
-171
-196
-209
-210
-206
-197
-172
-139
-107
-71
-40
-4
34
67
87
103
121
138
153
165
173
188
205
221
234
252
279
308
338
364
387
417
449
477
496
516
536
549
561
568
575
588
605
619
625
630
631
621
611
587
567
547
527
503
476
453
427
393
359
315
282
252
225
196
171
157
146
132
121
106
96
