0
-4
-10
-14
-16
-23
-26
-32
-32
-23
-11
6
24
51
79
101
123
133
140
145
141
132
121
120
123
124
134
136
139
139
134
124
112
103
87
70
53
37
33
37
29
16
-10
-38
-69
-106
-135
-166
-184
-194
-195
-192
-177
-156
-140
-130
-130
-137
-145
-159
-175
-190
-197
-196
-195
-186
-182
-178
-175
-177
-183
-189
-186
-179
-176
-167
-164
-158
-152
-148
-149
-154
-152
-148
-149
-141
-136
-124
-107
-93
-82
-72
-59
-50
-45
-40
-38
-32
-26
-26
-32
-37
-36
-36
-34
-29
-22
-5
13
28
39
53
72
86
100
110
119
137
157
178
198
219
241
254
265
265
267
273
278
281
279
281
284
280
278
269
259
247
228
197
155
116
76
34
4
-27
-54
-78
-104
-133
-161
-184
-209
-237
-268
-305
-334
-354
-368
-380
-395
-399
-403
-409
-411
-419
-419
-407
-393
-371
-348
-323
-303
-278
-261
-248
-234
-220
-209
-199
-182
-156
-133
-105
-83
-59
-34
-15
0
12
27
42
49
55
50
45
37
22
3
-18
-26
-29
-28
-14
1
20
39
55
65
71
71
60
35
5
-30
-58
-82
-100
-114
-114
-99
-79
-53
-26
-2
26
50
68
78
90
101
103
100
88
67
46
25
1
-24
-43
-59
-83
-98
-116
-127
-133
-138
-141
-141
-130
-111
-86
-52
-24
6
32
51
63
70
82
91
93
98
98
103
111
117
121
128
140
151
154
152
139
130
120
110
101
96
97
95
90
86
79
78
82
87
99
107
117
115
113
110
107
102
95
85
73
70
75
74
83
84
80
78
71
60
43
34
30
29
39
49
67
85
94
94
86
82
77
68
63
55
57
67
76
85
95
108
116
116
109
91
70
48
25
6
-3
-8
-19
-33
-48
-67
-84
-102
-120
-140
-154
-158
-157
-149
-140
-133
-128
-131
-140
-156
-167
-176
-189
-193
-199
-197
-188
-181
-180
-185
-189
-193
-197
-189
-177
-150
-116
-82
-49
-18
20
56
87
119
142
164
182
192
197
201
211
219
225
233
239
251
264
273
278
287
300
310
323
334
338
336
320
287
238
186
132
79
37
9
-15
-29
-45
-65
-82
-96
-104
-118
-119
-120
-111
-97
-82
-64
-42
-16
2
8
13
6
6
9
11
11
12
20
25
25
22
11
4
2
2
3
2
5
3
-3
-9
-19
-23
-28
-33
-39
-38
-29
-20
-9
1
12
28
42
53
63
79
102
123
145
164
183
201
213
214
200
179
149
106
65
20
-20
-51
-73
-88
-98
-100
-99
-101
-89
-75
-46
-8
31
69
104
136
157
167
170
159
142
118
90
58
31
17
7
2
2
-2
-3
-4
-13
-29
-51
-72
-99
-120
-137
-149
-152
-158
-169
-188
-206
-220
-230
-228
-216
-189
-148
-106
-62
-22
15
47
62
71
76
76
80
73
57
33
11
-13
-44
-66
-88
-99
-101
-102
-100
-97
-90
-83
-78
-74
-76
-74
-71
-69
-64
-50
-22
11
50
93
132
171
203
227
241
250
252
238
218
193
164
136
102
62
17
-24
-58
-87
-108
-128
-141
-146
-145
-139
-134
-120
-108
-101
-89
-80
-65
-46
-30
-18
-7
11
28
33
41
43
46
49
45
39
36
41
43
43
47
51
65
83
103
124
151
186
219
253
285
312
337
352
351
330
296
254
194
130
59
-13
-78
-133
-179
-216
-239
-250
-257
-255
-251
-237
-214
-188
-162
-136
-104
-71
-47
-23
-4
10
27
34
34
32
35
41
43
43
31
22
13
4
-2
-5
0
3
4
11
17
32
48
64
80
98
123
144
159
168
171
171
167
159
148
140
133
113
90
63
36
16
-1
-20
-41
-55
-61
-70
-75
-83
-83
-74
-63
-50
-37
-23
-15
-16
-20
-35
-47
-59
-73
-91
-108
-115
-118
-122
-118
-122
-124
-125
-128
-132
-134
-128
-118
-106
-88
-71
-48
-26
-9
-2
0
4
2
-1
-2
0
11
24
35
41
49
59
63
70
74
79
88
94
93
87
84
81
73
72
66
64
70
80
96
116
147
180
210
237
249
255
254
245
225
207
200
206
208
218
225
230
237
230
216
192
176
159
143
130
107
89
71
45
8
-32
-69
-109
-140
-160
-172
-173
-171
-168
-165
-155
-144
-138
-134
-134
-137
-139
-142
-149
-156
-160
-163
-174
-179
-191
-196
-192
-186
-178
-168
-150
-130
-115
-97
-87
-78
-71
-71
-74
-78
-70
-58
-46
-27
-12
5
22
35
46
62
88
117
146
176
198
221
240
249
251
253
261
267
275
288
307
338
376
416
448
476
497
507
516
520
516
510
495
471
439
409
378
337
299
254
214
181
153
132
122
127
140
152
171
184
202
221
235
246
256
273
291
306
328
346
372
407
440
467
492
511
536
559
591
616
647
675
703
730
757
786
811
835
856
876
906
937
965
991
1022
1055
1084
1110
1128
1142
1159
1172
1181
1189
1209
1240
1265
1291
1302
1306
1304
1291
1269
1240
1214
1189
1160
1138
1111
1091
1072
1043
1006
957
906
849
793
747
704
665
624
574
516
456
402
346
292
243
197
161
132
102
71
44
25
5
-11
-24
-33
-33
-29
-22
-13
3
21
33
42
45
44
43
37
23
4
-5
-10
-21
-22
-24
-20
-8
6
20
34
57
85
109
137
158
186
215
236
248
252
258
263
269
283
296
315
332
338
334
320
304
288
265
249
227
197
162
116
61
8
-46
-103
-154
-204
-252
-288
-318
-340
-358
-372
-380
-392
-405
-423
-439
-451
-465
-483
-506
-522
-533
-548
-559
-575
-587
-590
-590
-587
-580
-561
-533
-505
-463
-420
-367
-308
-251
-200
-158
-120
-96
-82
-75
-79
-81
-83
-87
-91
-91
-84
-75
-63
-46
-29
-5
17
30
30
26
23
12
-1
-18
-38
-55
-70
-85
-95
-95
-87
-79
-68
-63
-56
-47
-41
-41
-48
-53
-62
-82
-100
-123
-144
-163
-186
-211
-237
-253
-264
-276
-273
-271
-260
-244
-232
-223
-215
-205
-200
-198
-195
-197
-193
-185
-177
-169
-158
-139
-122
-103
-83
-64
-48
-25
-8
12
36
59
81
102
124
141
156
158
152
143
142
150
156
171
183
194
200
198
188
168
153
137
117
106
96
96
101
105
101
89
81
75
66
69
71
82
102
125
152
183
218
250
284
328
380
448
530
623
727
845
981
1121
1261
1401
1534
1670
1801
1928
2053
2189
2336
2482
2632
2779
2922
3069
3215
3356
3493
3635
3782
3924
4068
4200
4325
4444
4554
4657
4751
4850
4953
5054
5161
5264
5364
5451
5515
5554
5568
5571
5557
5517
5460
5374
5268
5144
4996
4821
4625
4411
4176
3918
3637
3316
2963
2571
2139
1669
1171
657
126
-411
-949
-1486
-2008
-2510
-2983
-3428
-3839
-4217
-4575
-4909
-5215
-5493
-5742
-5959
-6157
-6317
-6440
-6521
-6578
-6596
-6587
-6540
-6460
-6358
-6234
-6087
-5914
-5726
-5529
-5318
-5107
-4892
-4675
-4462
-4253
-4047
-3832
-3618
-3412
-3204
-3006
-2817
-2635
-2465
-2307
-2156
-2010
-1877
-1760
-1657
-1570
-1487
-1408
-1339
-1277
-1217
-1152
-1089
-1023
-955
-890
-819
-743
-666
-590
-509
-421
-339
-256
-183
-118
-58
-7
34
69
106
145
179
218
251
289
328
361
391
418
447
473
489
502
501
500
498
492
483
473
474
475
472
477
482
494
514
539
566
599
639
679
715
751
781
815
852
893
940
998
1069
1138
1200
1245
1272
1288
1292
1290
1288
1301
1330
1359
1388
1402
1400
1386
1352
1294
1223
1146
1067
981
896
819
760
719
693
672
657
652
648
640
641
638
647
663
678
696
711
731
747
755
764
768
776
790
806
823
843
865
882
899
919
933
947
957
963
969
978
998
1017
1039
1060
1080
1102
1123
1140
1152
1164
1177
1186
1201
1218
1238
1262
1286
1303
1312
1326
1344
1354
1372
1390
1415
1449
1487
1525
1562
1603
1644
1679
1714
1741
1773
1806
1835
1858
1873
1887
1890
1878
1858
1823
1782
1733
1676
1615
1561
1521
1487
1460
1443
1430
1429
1434
1442
1451
1464
1486
1503
1521
1538
1556
1580
1604
1624
1640
1661
1684
1703
1722
1739
1753
1764
1767
1761
1748
1740
1735
1731
1730
1732
1736
1753
1776
1794
1818
1850
1889
1927
1970
2005
2050
2101
2154
2211
2263
2322
2375
2418
2457
2489
2524
2559
2591
2624
2661
2704
2741
2770
2793
2804
2810
2803
2782
2749
2714
2681
2644
2616
2594
2578
2573
2571
2574
2577
2588
2603
2616
2633
2648
2667
2691
2712
2729
2738
2751
2766
2775
2792
2807
2827
2853
2881
2911
2946
2992
3041
3086
3136
3179
3228
3278
3324
3364
3400
3443
3485
3526
3567
3600
3636
3675
3716
3757
3800
3849
3895
3939
3986
4027
4068
4101
4120
4126
4132
4141
4148
4159
4170
4184
4205
4229
4254
4281
4314
4347
4373
4396
4410
4425
4442
4460
4475
4488
4513
4542
4566
4592
4610
4623
4631
4629
4615
4592
4569
4549
4527
4506
4487
4472
4472
4478
4488
4497
4515
4530
4537
4541
4532
4526
4526
4529
4533
4543
4564
4585
4608
4633
4652
4669
4680
4684
4679
4673
4669
4662
4662
4664
4672
4691
4711
4727
4739
4750
4758
4763
4770
4772
4775
4780
4778
4770
4751
4730
4703
4664
4628
4588
4554
4526
4500
4474
4451
4444
4447
4444
4443
4425
4402
4374
4337
4296
4255
4220
4187
4155
4126
4092
4062
4029
3982
3919
3850
3779
3702
3622
3541
3458
3381
3306
3229
3146
3065
2990
2911
2836
2757
2676
2600
2525
2449
2371
2295
2224
2154
2095
2037
1991
1956
1928
1905
1880
1862
1843
1815
1790
1757
1724
1693
1656
1616
1571
1534
1499
1457
1422
1379
1338
1308
1281
1251
1224
1188
1149
1111
1073
1035
1000
967
932
893
847
807
765
730
702
678
667
661
654
645
639
637
625
613
598
583
574
561
540
511
486
461
428
394
357
327
304
275
241
201
163
119
67
18
-31
-74
-108
-140
-170
-200
-219
-236
-255
-264
-278
-290
-300
-313
-329
-345
-355
-365
-374
-382
-400
-417
-437
-462
-492
-521
-545
-573
-600
-620
-632
-629
-621
-617
-620
-620
-618
-621
-621
-620
-616
-602
-588
-578
-571
-561
-549
-546
-543
-554
-571
-589
-614
-645
-681
-709
-734
-760
-780
-799
-806
-805
-801
-795
-785
-762
-736
-711
-680
-652
-617
-575
-533
-491
-447
-409
-371
-343
-325
-320
-334
-360
-397
-446
-494
-545
-606
-664
-714
-759
-789
-811
-825
-837
-840
-839
-841
-843
-854
-871
-886
-900
-915
-930
-942
-949
-959
-964
-976
-988
-999
-1012
-1025
-1039
-1046
-1047
-1049
-1045
-1046
-1040
-1026
-1007
-981
-953
-915
-875
-839
-799
-764
-725
-687
-656
-634
-618
-603
-594
-592
-593
-606
-618
-630
-646
-668
-691
-712
-738
-761
-781
-798
-805
-807
-808
-806
-794
-776
-758
-737
-718
-703
-687
-675
-669
-668
-663
-660
-669
-678
-694
-711
-724
-741
-761
-779
-789
-793
-799
-801
-810
-814
-815
-818
-821
-827
-823
-819
-814
-801
-789
-775
-761
-750
-744
-742
-739
-743
-750
-756
-766
-774
-780
-787
-799
-805
-816
-830
-847
-856
-858
-849
-837
-820
-801
-773
-742
-718
-701
-690
-687
-691
-697
-707
-720
-729
-737
-754
-767
-788
-807
-822
-840
-857
-868
-864
-847
-825
-791
-761
-727
-695
-671
-655
-646
-631
-619
-609
-592
-576
-552
-528
-509
-501
-502
-509
-527
-552
-575
-597
-609
-616
-625
-636
-647
-656
-673
-694
-722
-752
-776
-797
-814
-824
-822
-808
-788
-762
-738
-718
-701
-693
-694
-700
-699
-694
-700
-703
-716
-728
-732
-731
-722
-709
-686
-659
-635
-608
-590
-571
-557
-550
-548
-551
-553
-562
-574
-584
-594
-594
-592
-594
-604
-617
-628
-643
-659
-671
-680
-679
-673
-670
-669
-664
-651
-644
-639
-637
-633
-631
-625
-623
-618
-601
-581
-554
-527
-501
-476
-452
-442
-443
-452
-451
-448
-452
-450
-456
-467
-482
-505
-538
-576
-608
-636
-665
-678
-689
-688
-684
-684
-690
-697
-700
-703
-704
-699
-696
-685
-670
-654
-641
-629
-618
-618
-623
-632
-645
-652
-653
-653
-656
-654
-643
-635
-628
-625
-625
-621
-618
-617
-615
-608
-598
-591
-586
-587
-589
-589
-592
-599
-614
-627
-642
-663
-675
-689
-695
-695
-692
-685
-674
-653
-629
-611
-589
-579
-570
-563
-559
-557
-557
-554
-554
-554
-547
-540
-528
-513
-500
-490
-481
-470
-465
-464
-464
-464
-455
-439
-424
-416
-412
-412
-425
-444
-471
-501
-524
-541
-560
-568
-564
-555
-547
-544
-547
-544
-541
-539
-549
-573
-598
-620
-649
-671
-699
-716
-727
-738
-753
-771
-787
-804
-828
-844
-865
-879
-883
-883
-878
-870
-856
-846
-838
-831
-827
-820
-813
-810
-805
-793
-771
-748
-723
-698
-676
-650
-625
-601
-581
-559
-539
-535
-540
-556
-580
-607
-642
-683
-724
-757
-778
-794
-796
-796
-788
-774
-761
-750
-745
-736
-729
-722
-709
-700
-686
-669
-654
-643
-638
-629
-623
-624
-621
-625
-624
-619
-617
-616
-612
-604
-596
-589
-578
-572
-564
-558
-558
-566
-579
-592
-613
-638
-663
-689
-710
-726
-737
-741
-732
-711
-690
-662
-637
-616
-595
-581
-576
-580
-587
-597
-619
-641
-668
-686
-696
-693
-696
-699
-701
-709
-727
-743
-771
-792
-804
-812
-815
-816
-805
-790
-783
-771
-758
-737
-710
-681
-652
-623
-595
-580
-580
-585
-597
-604
-611
-622
-633
-636
-631
-627
-626
-625
-632
-637
-642
-648
-660
-670
-677
-687
-693
-698
-706
-712
-724
-745
-774
-802
-825
-849
-862
-878
-883
-880
-875
-868
-861
-845
-825
-809
-790
-776
-757
-736
-718
-702
-691
-677
-671
-675
-678
-687
-693
-696
-698
-697
-690
-674
-661
-655
-654
-660
-662
-663
-671
-682
-691
-695
-706
-719
-735
-755
-772
-790
-811
-833
-849
-854
-856
-850
-841
-832
-819
-809
-801
-794
-782
-767
-760
-750
-750
-747
-737
-726
-714
-707
-695
-685
-674
-668
-668
-667
-663
-652
-644
-631
-613
-594
-579
-557
-541
-522
-503
-486
-479
-478
-474
-472
-476
-481
-491
-499
-508
-522
-540
-561
-579
-605
-630
-653
-674
-689
-701
-713
-722
-723
-716
-711
-701
-696
-694
-691
-690
-696
-709
-723
-738
-761
-771
-780
-781
-776
-770
-764
-759
-748
-735
-725
-710
-701
-688
-676
-666
-657
-645
-627
-613
-610
-609
-619
-627
-633
-639
-643
-639
-622
-600
-580
-562
-558
-557
-561
-570
-583
-597
-606
-622
-637
-654
-673
-689
-709
-733
-761
-783
-798
-812
-818
-823
-824
-822
-822
-826
-834
-834
-830
-834
-828
-825
-815
-794
-770
-745
-719
-688
-657
-632
-604
-585
-569
-551
-536
-527
-521
-517
-522
-528
-540
-553
-567
-580
-597
-606
-607
-591
-568
-538
-503
-472
-441
-414
-398
-392
-389
-386
-390
-390
-387
-381
-369
-355
-343
-344
-347
-352
-365
-383
-410
-439
-462
-483
-504
-525
-537
-546
-562
-572
-586
-595
-598
-600
-603
-606
-604
-600
-600
-596
-600
-601
-603
-610
-619
-628
-630
-632
-636
-639
-648
-655
-660
-663
-662
-654
-633
-609
-584
-557
-535
-512
-494
-484
-483
-481
-474
-473
-473
-478
-486
-492
-499
-509
-524
-538
-551
-569
-586
-603
-609
-602
-589
-573
-560
-540
-520
-507
-489
-476
-460
-442
-425
-408
-388
-364
-343
-332
-322
-325
-332
-340
-356
-377
-398
-415
-434
-447
-458
-461
-460
-455
-449
-443
-431
-410
-396
-384
-368
-355
-337
-322
-317
-318
-318
-318
-324
-331
-343
-357
-365
-372
-380
-391
-401
-411
-422
-425
-431
-434
-432
-430
-428
-433
-434
-439
-456
-473
-500
-526
-547
-565
-580
-593
-593
-586
-580
-563
-551
-535
-518
-502
-484
-461
-428
-395
-361
-323
-289
-254
-222
-201
-195
-200
-208
-224
-244
-265
-284
-291
-291
-290
-296
-304
-316
-343
-376
-415
-452
-480
-504
-526
-546
-562
-575
-590
-601
-616
-628
-634
-637
-637
-637
-625
-611
-601
-587
-579
-571
-559
-547
-538
-530
-515
-497
-486
-467
-456
-443
-427
-412
-400
-390
-379
-371
-364
-354
-347
-334
-326
-318
-316
-306
-297
-295
-293
-292
-286
-275
-260
-248
-236
-221
-202
-193
-188
-189
-190
-190
-193
-199
-211
-223
-231
-241
-250
-265
-280
-294
-311
-327
-346
-359
-373
-387
-394
-406
-421
-433
-448
-464
-479
-482
-483
-489
-486
-490
-493
-498
-509
-525
-541
-552
-564
-576
-583
-588
-581
-564
-545
-527
-505
-479
-457
-436
-416
-395
-368
-340
-313
-291
-269
-250
-245
-242
-244
-246
-242
-237
-233
-227
-214
-196
-184
-170
-162
-152
-138
-125
-114
-103
-83
-61
-41
-16
3
24
43
57
66
73
86
97
99
103
96
84
66
40
10
-17
-37
-58
-80
-94
-105
-106
-104
-104
-111
-124
-144
-176
-219
-266
-309
-346
-379
-408
-441
-456
-467
-477
-490
-505
-523
-535
-546
-557
-565
-563
-555
-550
-538
-528
-515
-498
-478
-457
-436
-408
-378
-355
-333
-322
-311
-304
-306
-313
-326
-331
-333
-337
-333
-335
-332
-327
-323
-320
-316
-305
-292
-277
-257
-238
-210
-178
-151
-133
-121
-112
-115
-125
-139
-152
-159
-162
-166
-173
-176
-180
-194
-211
-234
-258
-274
-284
-291
-297
-302
-311
-331
-349
-376
-401
-422
-445
-468
-491
-503
-508
-511
-507
-509
-504
-495
-488
-484
-483
-475
-466
-457
-441
-424
-398
-369
-343
-320
-298
-273
-250
-233
-221
-217
-209
-199
-190
-183
-174
-161
-154
-151
-155
-166
-175
-181
-185
-189
-175
-155
-133
-112
-102
-89
-72
-53
-36
-28
-14
5
18
33
41
49
62
71
81
96
121
150
171
197
206
204
187
148
92
22
-47
-120
-191
-251
-307
-351
-389
-423
-456
-487
-513
-541
-567
-585
-600
-604
-603
-602
-601
-597
-588
-582
-573
-564
-556
-543
-527
-510
-494
-472
-448
-429
-409
-390
-371
-352
-336
-325
-317
-303
-286
-276
-258
-245
-228
-205
-186
-169
-157
-144
-133
-128
-115
-107
-96
-88
-86
-86
-86
-79
-72
-63
-46
-26
4
39
76
110
143
173
193
207
218
220
215
197
171
139
112
94
74
58
42
26
13
-3
-22
-43
-62
-81
-103
-120
-144
-162
-182
-196
-212
-236
-254
-273
-294
-305
-317
-332
-342
-352
-363
-372
-380
-382
-388
-384
-385
-375
-362
-354
-350
-350
-348
-352
-360
-369
-383
-390
-391
-388
-383
-371
-351
-329
-308
-283
-258
-225
-192
-164
-141
-117
-90
-68
-43
-21
0
23
43
57
67
77
89
101
117
133
146
154
146
123
88
53
20
-15
-37
-58
-72
-77
-81
-91
-111
-136
-173
-225
-273
-326
-365
-394
-416
-433
-445
-448
-451
-452
-447
-441
-423
-399
-376
-354
-331
-300
-272
-243
-213
-184
-148
-109
-73
-40
-3
40
77
114
146
175
205
231
251
265
277
295
313
340
368
400
437
472
502
524
549
569
587
612
626
645
656
673
685
699
713
724
722
725
718
711
705
695
676
651
627
600
569
536
500
473
452
432
412
395
385
374
363
355
347
346
347
347
342
341
344
344
347
351
357
371
388
404
419
438
460
477
498
515
535
559
581
599
607
615
621
622
630
637
650
665
673
675
672
670
661
641
623
600
584
570
553
531
510
493
474
457
443
427
416
406
394
380
368
364
359
354
352
348
347
345
338
325
310
293
268
244
219
195
177
156
132
106
84
69
51
46
44
52
69
85
99
109
118
120
109
97
75
50
20
-8
-38
-69
-91
-119
-148
-169
-194
-209
-225
-240
-253
-258
-263
-269
-282
-292
-311
-328
-344
-363
-380
-392
-394
-396
-394
-388
-385
-380
-379
-385
-400
-413
-425
-442
-454
-470
-489
-504
-516
-529
-540
-546
-550
-558
-559
-562
-553
-530
-504
-483
-473
-463
-460
-469
-479
-496
-506
-512
-518
-524
-529
-520
-509
-505
-498
-497
-493
-490
-491
-498
-501
-498
-494
-490
-487
-490
-490
-491
-497
-506
-510
-508
-509
-506
-498
-488
-473
-458
-448
-446
-446
-448
-459
-471
-486
-498
-501
-504
-509
-522
-535
-548
-574
-597
-626
-649
-663
-675
-683
-691
-691
-691
-698
-705
-720
-731
-739
-746
-751
-754
-745
-742
-735
-725
-715
-704
-698
-692
-688
-677
-655
-634
-621
-605
-593
-577
-560
-551
-543
-532
-514
-499
-478
-456
-437
-414
-392
-371
-353
-331
-309
-295
-280
-273
-275
-279
-291
-316
-353
-392
-430
-475
-512
-551
-577
-590
-595
-592
-583
-566
-549
-536
-522
-518
-511
-503
-498
-494
-490
-479
-465
-444
-410
-375
-335
-289
-237
-178
-104
-11
98
222
362
513
681
859
1042
1221
1397
1567
1722
1867
2007
2142
2286
2434
2582
2727
2877
3030
3178
3327
3471
3613
3757
3900
4037
4166
4299
4434
4560
4694
4824
4958
5093
5223
5345
5459
5570
5671
5755
5830
5880
5917
5935
5928
5890
5818
5720
5593
5438
5263
5060
4839
4596
4324
4012
3664
3283
2853
2385
1870
1325
763
190
-394
-979
-1556
-2114
-2654
-3167
-3650
-4099
-4511
-4896
-5250
-5577
-5867
-6118
-6330
-6498
-6626
-6714
-6759
-6769
-6751
-6712
-6646
-6559
-6459
-6333
-6199
-6053
-5897
-5736
-5575
-5414
-5249
-5083
-4924
-4760
-4606
-4452
-4300
-4151
-4001
-3847
-3683
-3515
-3345
-3173
-3010
-2852
-2701
-2560
-2426
-2298
-2168
-2042
-1921
-1802
-1689
-1573
-1460
-1354
-1255
-1159
-1061
-968
-876
-789
-706
-621
-537
-458
-387
-318
-249
-188
-129
-79
-34
6
34
49
53
57
53
32
8
-25
-56
-81
-105
-126
-140
-142
-136
-130
-115
-104
-86
-65
-48
-32
-16
7
30
53
81
105
131
155
170
178
182
190
198
207
216
229
250
268
285
286
290
298
298
305
308
312
324
338
348
357
369
386
397
406
409
408
409
408
408
407
416
428
439
454
467
481
494
503
512
521
538
560
581
615
646
679
710
728
735
734
732
726
718
714
705
701
698
690
677
664
657
648
639
635
630
632
633
632
630
632
639
637
634
625
613
605
598
594
596
608
624
638
659
678
703
732
759
783
803
830
858
880
906
926
947
968
984
990
989
992
997
999
1015
1027
1043
1060
1069
1071
1071
1079
1091
1109
1137
1167
1201
1233
1258
1277
1296
1319
1337
1350
1360
1364
1367
1363
1354
1329
1309
1288
1260
1236
1200
1165
1138
1114
1096
1077
1063
1060
1061
1068
1073
1076
1084
1092
1101
1108
1125
1145
1163
1187
1205
1222
1240
1257
1271
1283
1306
1332
1355
1388
1420
1459
1504
1546
1587
1625
1663
1696
1723
1752
1781
1828
1885
1945
2004
2061
2118
2165
2207
2244
2277
2312
2345
2370
2385
2398
2408
2409
2409
2404
2398
2394
2388
2382
2380
2390
2410
2432
2463
2493
2525
2555
2580
2599
2614
2636
2663
2694
2734
2773
2817
2862
2899
2930
2953
2981
3007
3028
3059
3087
3122
3158
3192
3225
3261
3304
3348
3391
3433
3468
3503
3532
3554
3573
3595
3621
3642
3659
3675
3691
3716
3746
3778
3807
3842
3881
3912
3942
3963
3981
4000
4015
4031
4036
4053
4070
4088
4116
4141
4168
4202
4235
4266
4296
4330
4363
4395
4427
4446
4465
4483
4492
4496
4495
4499
4500
4497
4500
4500
4508
4521
4531
4537
4541
4549
4551
4548
4545
4538
4538
4539
4537
4531
4526
4524
4519
4513
4504
4496
4495
4497
4500
4504
4517
4537
4550
4562
4568
4566
4559
4547
4528
4508
4495
4487
4472
4462
4444
4427
4411
4392
4370
4343
4315
4284
4245
4212
4175
4145
4119
4093
4070
4051
4044
4044
4046
4055
4060
4059
4045
4016
3970
3912
3848
3770
3678
3581
3478
3383
3295
3208
3122
3042
2965
2881
2792
2697
2596
2495
2389
2278
2160
2046
1938
1833
1735
1641
1550
1464
1378
1290
1203
1125
1055
989
938
881
833
783
733
687
638
605
576
551
536
523
514
508
494
476
447
423
395
361
327
290
263
241
219
193
170
149
124
94
61
17
-23
-65
-107
-151
-190
-224
-262
-301
-342
-385
-425
-462
-497
-529
-552
-564
-571
-567
-561
-551
-538
-526
-519
-516
-509
-501
-501
-500
-508
-514
-515
-523
-540
-568
-599
-630
-665
-691
-721
-744
-766
-795
-827
-863
-898
-942
-994
-1047
-1102
-1148
-1187
-1217
-1241
-1256
-1266
-1284
-1307
-1332
-1366
-1396
-1426
-1453
-1476
-1491
-1496
-1501
-1502
-1502
-1503
-1499
-1496
-1497
-1502
-1505
-1506
-1505
-1499
-1490
-1479
-1468
-1459
-1457
-1461
-1463
-1465
-1477
-1480
-1484
-1480
-1479
-1476
-1476
-1482
-1481
-1488
-1505
-1509
-1520
-1516
-1509
-1502
-1491
-1472
-1445
-1414
-1383
-1349
-1321
-1289
-1254
-1216
-1181
-1146
-1111
-1085
-1068
-1055
-1050
-1051
-1057
-1067
-1085
-1105
-1124
-1150
-1176
-1207
-1245
-1290
-1345
-1407
-1471
-1526
-1572
-1609
-1634
-1653
-1662
-1662
-1662
-1665
-1673
-1673
-1670
-1670
-1660
-1655
-1648
-1640
-1636
-1638
-1645
-1650
-1654
-1662
-1661
-1664
-1661
-1659
-1664
-1671
-1675
-1667
-1650
-1626
-1598
-1576
-1555
-1539
-1530
-1528
-1527
-1526
-1530
-1534
-1535
-1538
-1538
-1543
-1558
-1582
-1602
-1615
-1626
-1628
-1630
-1634
-1638
-1646
-1660
-1676
-1689
-1695
-1701
-1700
-1697
-1686
-1665
-1644
-1623
-1606
-1584
-1567
-1563
-1562
-1572
-1582
-1587
-1593
-1598
-1601
-1595
-1588
-1586
-1573
-1565
-1541
-1519
-1496
-1480
-1468
-1452
-1443
-1444
-1445
-1449
-1445
-1437
-1430
-1427
-1418
-1404
-1399
-1397
-1395
-1396
-1393
-1389
-1392
-1397
-1393
-1377
-1362
-1342
-1326
-1317
-1309
-1307
-1314
-1328
-1343
-1356
-1373
-1387
-1404
-1414
-1416
-1417
-1421
-1431
-1436
-1440
-1450
-1456
-1468
-1476
-1480
-1486
-1493
-1497
-1491
-1483
-1481
-1475
-1480
-1482
-1483
-1486
-1495
-1507
-1517
-1527
-1535
-1537
-1540
-1534
-1524
-1513
-1505
-1497
-1482
-1469
-1455
-1442
-1433
-1421
-1409
-1402
-1403
-1405
-1404
-1404
-1395
-1383
-1367
-1343
-1321
-1305
-1296
-1287
-1275
-1265
-1250
-1237
-1218
-1193
-1169
-1148
-1138
-1130
-1129
-1140
-1153
-1174
-1190
-1201
-1214
-1230
-1254
-1278
-1311
-1356
-1398
-1445
-1485
-1516
-1540
-1554
-1557
-1541
-1527
-1510
-1491
-1472
-1440
-1409
-1377
-1354
-1330
-1300
-1270
-1244
-1222
-1208
-1193
-1187
-1193
-1209
-1231
-1256
-1286
-1311
-1335
-1358
-1370
-1378
-1386
-1392
-1391
-1384
-1381
-1369
-1360
-1344
-1328
-1315
-1304
-1296
-1285
-1277
-1278
-1278
-1285
-1287
-1283
-1277
-1273
-1269
-1256
-1240
-1224
-1196
-1168
-1135
-1098
-1063
-1025
-982
-935
-890
-850
-814
-794
-782
-787
-810
-848
-893
-937
-985
-1030
-1067
-1099
-1120
-1138
-1157
-1178
-1196
-1213
-1238
-1261
-1283
-1302
-1315
-1329
-1346
-1366
-1381
-1391
-1403
-1403
-1406
-1403
-1393
-1385
-1376
-1367
-1352
-1341
-1337
-1332
-1336
-1338
-1340
-1345
-1353
-1363
-1362
-1357
-1351
-1334
-1315
-1292
-1268
-1250
-1238
-1228
-1218
-1214
-1214
-1217
-1222
-1216
-1210
-1205
-1207
-1211
-1200
-1189
-1162
-1132
-1097
-1051
-996
-942
-888
-833
-774
-725
-679
-637
-596
-555
-528
-520
-539
-583
-652
-750
-857
-973
-1072
-1150
-1214
-1265
-1301
-1318
-1322
-1324
-1321
-1326
-1331
-1340
-1354
-1367
-1376
-1375
-1377
-1386
-1395
-1409
-1419
-1426
-1433
-1442
-1452
-1457
-1462
-1467
-1469
-1475
-1476
-1477
-1478
-1480
-1478
-1469
-1462
-1452
-1442
-1433
-1416
-1399
-1383
-1371
-1352
-1329
-1309
-1290
-1273
-1259
-1243
-1230
-1219
-1209
-1194
-1176
-1168
-1156
-1151
-1144
-1134
-1121
-1103
-1083
-1055
-1025
-998
-966
-943
-917
-895
-882
-879
-882
-882
-890
-908
-931
-966
-1005
-1048
-1095
-1141
-1179
-1203
-1221
-1233
-1236
-1238
-1230
-1221
-1215
-1216
-1219
-1215
-1222
-1223
-1234
-1248
-1258
-1267
-1274
-1281
-1291
-1299
-1308
-1312
-1320
-1327
-1332
-1333
-1335
-1341
-1337
-1331
-1332
-1329
-1328
-1323
-1312
-1301
-1291
-1280
-1263
-1240
-1221
-1198
-1186
-1172
-1159
-1154
-1155
-1158
-1153
-1148
-1140
-1127
-1117
-1101
-1082
-1064
-1049
-1033
-1011
-987
-960
-931
-907
-882
-862
-850
-846
-845
-846
-858
-868
-877
-881
-875
-859
-831
-796
-750
-697
-647
-601
-571
-556
-557
-576
-611
-657
-697
-738
-785
-827
-874
-915
-947
-976
-1005
-1031
-1047
-1056
-1068
-1076
-1095
-1118
-1148
-1189
-1236
-1282
-1320
-1353
-1382
-1401
-1417
-1422
-1420
-1414
-1405
-1393
-1376
-1362
-1351
-1337
-1321
-1296
-1266
-1235
-1204
-1171
-1133
-1103
-1074
-1046
-1022
-989
-958
-921
-891
-860
-833
-819
-804
-798
-791
-790
-793
-803
-813
-815
-812
-808
-791
-775
-756
-731
-710
-696
-685
-672
-662
-667
-677
-706
-742
-786
-839
-893
-941
-974
-1000
-1021
-1037
-1051
-1056
-1058
-1061
-1064
-1064
-1059
-1059
-1060
-1058
-1058
-1055
-1059
-1072
-1090
-1105
-1116
-1137
-1160
-1187
-1213
-1228
-1236
-1237
-1231
-1210
-1180
-1149
-1115
-1084
-1051
-1016
-985
-959
-941
-919
-897
-880
-857
-842
-827
-811
-799
-790
-783
-768
-752
-742
-723
-708
-688
-667
-656
-657
-667
-680
-696
-713
-723
-729
-720
-701
-678
-653
-627
-596
-571
-546
-521
-496
-463
-431
-409
-401
-404
-421
-462
-513
-577
-646
-711
-774
-831
-877
-905
-920
-926
-916
-905
-889
-870
-862
-854
-854
-846
-845
-851
-855
-860
-865
-872
-884
-899
-919
-930
-936
-940
-934
-931
-920
-907
-897
-893
-889
-882
-878
-879
-882
-892
-892
-884
-875
-868
-856
-836
-817
-797
-777
-759
-738
-719
-706
-703
-699
-694
-698
-699
-700
-696
-680
-661
-642
-625
-606
-586
-573
-564
-567
-575
-585
-601
-623
-653
-683
-715
-747
-769
-789
-798
-798
-796
-795
-797
-791
-786
-789
-785
-788
-784
-776
-769
-763
-760
-755
-751
-751
-752
-760
-762
-760
-759
-757
-751
-736
-721
-706
-693
-685
-672
-658
-642
-627
-610
-592
-582
-573
-569
-568
-565
-564
-565
-565
-559
-546
-538
-526
-521
-515
-510
-515
-520
-532
-533
-535
-545
-546
-549
-543
-529
-524
-522
-520
-509
-500
-496
-488
-475
-450
-416
-376
-338
-299
-265
-241
-233
-237
-258
-284
-317
-354
-392
-424
-448
-468
-480
-488
-500
-510
-520
-529
-538
-537
-532
-535
-540
-553
-575
-598
-623
-652
-681
-704
-719
-736
-741
-747
-742
-727
-709
-688
-669
-651
-638
-632
-620
-612
-597
-576
-559
-547
-542
-533
-526
-524
-514
-506
-490
-470
-450
-433
-419
-405
-399
-401
-405
-416
-426
-436
-450
-465
-475
-476
-481
-486
-493
-499
-498
-497
-496
-494
-483
-465
-448
-426
-403
-380
-353
-327
-305
-286
-257
-218
-177
-123
-72
-18
35
77
104
116
119
114
87
60
19
-9
-35
-68
-106
-154
-193
-235
-279
-324
-369
-405
-434
-461
-493
-521
-542
-567
-594
-615
-635
-647
-656
-664
-672
-676
-671
-668
-664
-660
-659
-656
-655
-657
-659
-653
-641
-625
-604
-583
-562
-535
-507
-483
-462
-437
-409
-393
-374
-364
-352
-335
-321
-311
-306
-297
-287
-281
-269
-262
-247
-227
-209
-190
-172
-145
-123
-113
-111
-125
-143
-168
-200
-236
-267
-286
-302
-316
-330
-343
-348
-348
-349
-349
-342
-326
-314
-299
-287
-278
-269
-263
-265
-275
-283
-287
-292
-296
-303
-310
-313
-316
-320
-326
-325
-321
-325
-325
-331
-334
-330
-327
-323
-318
-310
-306
-312
-316
-331
-342
-349
-357
-364
-368
-353
-336
-322
-303
-297
-280
-262
-238
-219
-194
-164
-134
-107
-88
-80
-74
-76
-87
-104
-116
-123
-132
-132
-131
-128
-122
-118
-120
-126
-129
-128
-129
-124
-113
-97
-70
-44
-22
-8
5
13
9
9
2
-1
-6
-21
-45
-77
-108
-141
-183
-216
-255
-286
-311
-333
-347
-355
-349
-337
-319
-295
-276
-259
-243
-230
-218
-202
-176
-153
-134
-122
-122
-129
-150
-185
-232
-280
-323
-364
-395
-418
-433
-435
-432
-427
-422
-412
-400
-387
-368
-346
-317
-278
-234
-189
-149
-106
-68
-42
-12
13
43
77
111
143
172
204
232
248
266
276
291
307
322
336
354
379
406
434
463
482
511
535
555
570
576
592
606
622
643
660
681
702
721
732
749
773
802
837
871
903
933
958
975
985
989
987
973
954
924
898
879
858
839
822
813
801
780
760
735
716
706
699
692
681
675
665
646
631
612
601
594
582
565
545
529
512
495
481
464
453
442
427
412
404
410
421
438
462
487
520
552
577
595
614
637
655
675
692
701
707
705
695
676
657
638
614
592
567
549
540
531
523
514
515
522
525
528
520
513
509
503
495
487
489
489
479
472
452
429
403
371
331
289
252
215
179
148
114
88
68
50
31
8
-3
-19
-30
-39
-57
-66
-75
-86
-104
-126
-155
-192
-227
-265
-300
-332
-358
-382
-404
-421
-428
-437
-441
-451
-453
-448
-439
-430
-428
-422
-416
-417
-418
-425
-429
-433
-440
-453
-469
-477
-485
-496
-499
-502
-498
-487
-475
-467
-462
-458
-463
-477
-492
-514
-531
-547
-565
-583
-598
-606
-615
-622
-622
-618
-605
-586
-564
-542
-517
-489
-466
-440
-417
-398
-378
-367
-367
-377
-391
-412
-446
-480
-525
-567
-604
-639
-671
-697
-710
-716
-718
-709
-699
-680
-660
-643
-633
-631
-626
-625
-627
-623
-623
-618
-612
-610
-617
-626
-634
-643
-649
-649
-653
-652
-653
-659
-668
-677
-681
-686
-689
-689
-690
-681
-669
-654
-637
-620
-595
-584
-566
-551
-538
-526
-512
-501
-492
-477
-463
-458
-445
-441
-435
-425
-417
-411
-409
-402
-399
-400
-398
-402
-400
-398
-398
-401
-406
-398
-387
-380
-371
-370
-365
-361
-364
-374
-385
-391
-403
-420
-436
-455
-467
-477
-490
-506
-522
-534
-552
-568
-580
-587
-580
-569
-558
-549
-536
-519
-506
-491
-481
-472
-458
-439
-416
-391
-355
-311
-271
-223
-173
-110
-35
45
132
231
351
489
636
796
953
1116
1273
1414
1541
1656
1772
1887
2002
2124
2243
2366
2492
2618
2742
2867
2998
3128
3254
3379
3500
3622
3740
3851
3956
4059
4160
4249
4332
4411
4489
4569
4643
4704
4750
4793
4832
4851
4859
4841
4790
4711
4589
4443
4278
4103
3921
3713
3495
3254
2992
2697
2363
1984
1565
1112
630
122
-400
-932
-1456
-1968
-2471
-2962
-3437
-3882
-4302
-4693
-5050
-5379
-5675
-5938
-6175
-6384
-6563
-6707
-6821
-6901
-6949
-6967
-6945
-6889
-6808
-6707
-6587
-6450
-6305
-6148
-5982
-5807
-5619
-5423
-5221
-5014
-4800
-4581
-4365
-4151
-3946
-3750
-3557
-3372
-3196
-3027
-2852
-2676
-2512
-2346
-2195
-2053
-1918
-1794
-1682
-1577
-1470
-1361
-1256
-1145
-1044
-941
-841
-750
-667
-589
-506
-425
-346
-264
-186
-104
-23
48
104
147
181
201
210
218
221
229
241
252
264
281
302
314
322
321
315
313
311
311
311
314
315
308
301
291
284
286
287
298
309
334
366
385
411
429
450
480
506
520
529
541
550
552
556
556
559
564
562
557
549
543
534
526
525
527
540
559
582
612
646
685
717
743
768
789
812
833
851
864
878
891
891
885
873
856
842
829
817
809
809
818
828
843
856
868
873
868
857
840
833
835
839
855
870
888
911
927
935
936
944
955
962
979
992
1011
1027
1033
1029
1020
1014
1010
1008
1013
1022
1045
1077
1111
1144
1177
1212
1237
1254
1261
1256
1249
1239
1228
1218
1213
1210
1199
1185
1161
1132
1105
1075
1042
1008
983
970
965
972
984
1005
1032
1056
1081
1104
1136
1173
1205
1244
1279
1320
1370
1407
1445
1469
1499
1523
1533
1538
1535
1538
1546
1554
1557
1560
1571
1580
1590
1608
1627
1654
1685
1717
1751
1792
1842
1889
1932
1969
1997
2023
2041
2048
2047
2049
2057
2061
2071
2082
2094
2113
2128
2138
2142
2143
2144
2139
2140
2138
2141
2150
2159
2163
2163
2168
2174
2176
2184
2192
2207
2224
2237
2246
2251
2263
2276
2284
2301
2315
2339
2372
2406
2438
2474
2515
2557
2597
2641
2684
2734
2787
2838
2887
2939
2999
3054
3107
3155
3197
3238
3271
3297
3314
3334
3358
3378
3399
3412
3418
3421
3422
3424
3430
3448
3482
3523
3577
3628
3684
3742
3793
3836
3868
3900
3928
3951
3976
3996
4020
4048
4077
4103
4122
4150
4184
4213
4255
4289
4331
4384
4433
4487
4535
4587
4633
4672
4701
4718
4735
4751
4762
4767
4773
4781
4783
4784
4785
4785
4792
4803
4818
4833
4856
4885
4908
4932
4954
4975
5000
5020
5034
5042
5054
5074
5093
5121
5146
5174
5201
5221
5233
5237
5242
5244
5240
5241
5239
5246
5261
5280
5300
5316
5336
5345
5342
5339
5331
5331
5341
5355
5371
5392
5419
5444
5466
5483
5488
5488
5480
5459
5429
5397
5368
5332
5293
5250
5203
5158
5109
5055
4998
4946
4897
4845
4797
4749
4702
4662
4622
4579
4531
4487
4446
4398
4355
4304
4256
4210
4159
4104
4048
3996
3944
3885
3829
3766
3710
3656
3598
3537
3470
3406
3337
3264
3202
3133
3080
3034
2987
2944
2896
2851
2802
2743
2685
2611
2531
2450
2369
2282
2198
2117
2036
1953
1871
1790
1719
1650
1580
1510
1446
1387
1324
1264
1205
1148
1099
1050
998
944
897
855
809
771
729
696
672
650
627
599
573
545
507
469
422
381
343
305
271
236
209
180
144
109
69
34
-1
-38
-75
-107
-129
-153
-178
-197
-216
-225
-232
-240
-252
-260
-257
-250
-235
-218
-207
-200
-202
-215
-240
-270
-302
-344
-392
-445
-495
-534
-569
-603
-636
-664
-689
-719
-742
-771
-799
-825
-854
-886
-915
-935
-952
-976
-997
-1024
-1043
-1055
-1065
-1072
-1075
-1068
-1060
-1054
-1045
-1040
-1029
-1015
-1001
-990
-983
-969
-954
-942
-928
-930
-926
-923
-918
-907
-891
-879
-875
-873
-877
-888
-902
-925
-951
-978
-999
-1008
-1013
-1010
-1010
-1012
-1015
-1023
-1035
-1054
-1067
-1080
-1101
-1118
-1141
-1162
-1176
-1189
-1202
-1215
-1222
-1227
-1241
-1251
-1270
-1280
-1285
-1289
-1289
-1284
-1266
-1247
-1227
-1201
-1180
-1159
-1142
-1131
-1126
-1122
-1115
-1108
-1102
-1095
-1091
-1084
-1080
-1083
-1090
-1096
-1099
-1106
-1111
-1118
-1125
-1124
-1120
-1118
-1118
-1116
-1117
-1128
-1143
-1165
-1188
-1206
-1226
-1248
-1274
-1290
-1301
-1316
-1324
-1337
-1345
-1345
-1344
-1342
-1339
-1325
-1307
-1296
-1284
-1283
-1277
-1265
-1252
-1234
-1211
-1178
-1146
-1117
-1089
-1070
-1053
-1042
-1040
-1046
-1054
-1057
-1064
-1071
-1075
-1080
-1084
-1088
-1092
-1092
-1097
-1094
-1101
-1104
-1098
-1090
-1071
-1060
-1054
-1054
-1055
-1062
-1078
-1088
-1095
-1101
-1109
-1121
-1140
-1169
-1193
-1219
-1249
-1272
-1298
-1318
-1332
-1338
-1339
-1331
-1308
-1278
-1250
-1215
-1187
-1155
-1129
-1110
-1098
-1088
-1073
-1058
-1047
-1042
-1047
-1052
-1059
-1072
-1091
-1109
-1121
-1133
-1143
-1151
-1162
-1172
-1191
-1219
-1253
-1282
-1304
-1332
-1360
-1386
-1405
-1409
-1404
-1395
-1385
-1372
-1355
-1340
-1321
-1306
-1290
-1274
-1263
-1255
-1255
-1250
-1249
-1260
-1273
-1297
-1321
-1339
-1355
-1368
-1375
-1370
-1358
-1348
-1328
-1310
-1283
-1251
-1220
-1190
-1163
-1137
-1114
-1093
-1067
-1041
-1008
-974
-945
-922
-900
-877
-863
-854
-852
-858
-866
-879
-902
-932
-960
-984
-1020
-1050
-1074
-1095
-1099
-1103
-1108
-1106
-1101
-1089
-1088
-1086
-1088
-1082
-1076
-1076
-1085
-1098
-1104
-1106
-1110
-1106
-1107
-1101
-1090
-1078
-1069
-1064
-1055
-1049
-1053
-1050
-1052
-1051
-1051
-1057
-1071
-1085
-1095
-1109
-1121
-1126
-1128
-1120
-1109
-1102
-1102
-1105
-1103
-1105
-1108
-1110
-1109
-1095
-1074
-1052
-1030
-1005
-978
-959
-939
-922
-906
-884
-863
-844
-825
-803
-779
-767
-757
-757
-757
-756
-761
-769
-783
-791
-799
-810
-822
-842
-861
-884
-914
-949
-992
-1029
-1062
-1095
-1116
-1135
-1146
-1149
-1154
-1162
-1171
-1176
-1182
-1188
-1189
-1191
-1183
-1172
-1160
-1147
-1131
-1111
-1100
-1097
-1101
-1111
-1119
-1127
-1140
-1157
-1172
-1183
-1195
-1200
-1200
-1196
-1183
-1173
-1164
-1150
-1131
-1097
-1075
-1046
-1023
-997
-966
-937
-918
-903
-885
-868
-858
-846
-842
-830
-815
-806
-801
-801
-797
-802
-816
-828
-844
-855
-864
-875
-888
-899
-908
-921
-939
-956
-979
-995
-1011
-1030
-1049
-1062
-1068
-1073
-1072
-1066
-1058
-1042
-1026
-1014
-1009
-1004
-1001
-1005
-1008
-1017
-1029
-1037
-1045
-1052
-1058
-1055
-1045
-1041
-1032
-1033
-1033
-1031
-1031
-1030
-1025
-1011
-998
-989
-977
-974
-968
-963
-962
-959
-957
-945
-935
-929
-916
-906
-888
-865
-843
-827
-815
-803
-799
-805
-813
-826
-832
-836
-839
-841
-839
-830
-819
-803
-789
-782
-778
-784
-798
-818
-836
-854
-879
-904
-927
-943
-950
-952
-955
-959
-956
-952
-957
-965
-979
-993
-994
-1000
-1011
-1028
-1043
-1051
-1066
-1072
-1087
-1090
-1088
-1082
-1075
-1071
-1055
-1032
-1006
-972
-937
-892
-844
-798
-757
-722
-694
-685
-697
-722
-756
-789
-822
-859
-896
-927
-949
-972
-992
-1014
-1037
-1053
-1070
-1087
-1103
-1106
-1097
-1087
-1075
-1065
-1052
-1035
-1020
-1010
-1002
-987
-969
-956
-934
-912
-885
-857
-833
-814
-802
-793
-789
-794
-794
-798
-791
-777
-766
-757
-752
-744
-742
-744
-744
-749
-746
-739
-733
-732
-736
-738
-746
-758
-770
-783
-787
-787
-786
-783
-774
-759
-748
-736
-726
-716
-699
-680
-660
-643
-622
-599
-579
-560
-551
-549
-551
-561
-577
-598
-614
-627
-645
-654
-665
-672
-673
-675
-678
-686
-692
-694
-708
-718
-738
-761
-774
-793
-806
-819
-820
-817
-807
-791
-777
-755
-729
-706
-687
-666
-636
-608
-579
-549
-529
-513
-508
-515
-533
-552
-568
-590
-610
-632
-656
-674
-690
-702
-709
-707
-699
-692
-685
-686
-692
-702
-719
-744
-778
-809
-842
-881
-914
-948
-974
-989
-1002
-1015
-1027
-1031
-1029
-1029
-1018
-1012
-1001
-989
-980
-972
-965
-954
-944
-936
-926
-917
-900
-880
-858
-837
-812
-779
-750
-725
-701
-685
-671
-661
-656
-654
-648
-637
-631
-625
-619
-613
-606
-604
-606
-608
-605
-597
-589
-578
-573
-569
-570
-580
-597
-624
-648
-672
-702
-724
-746
-758
-763
-767
-770
-773
-767
-757
-750
-735
-729
-721
-703
-693
-676
-660
-639
-616
-597
-577
-562
-551
-543
-538
-536
-535
-529
-531
-532
-534
-541
-543
-547
-552
-557
-554
-546
-544
-541
-545
-553
-563
-576
-599
-626
-651
-668
-680
-683
-683
-672
-649
-625
-599
-575
-544
-515
-496
-475
-458
-433
-404
-378
-352
-329
-300
-274
-259
-242
-238
-236
-238
-250
-269
-296
-327
-368
-420
-473
-529
-578
-621
-658
-689
-708
-712
-711
-707
-702
-700
-692
-686
-685
-690
-689
-681
-676
-665
-653
-639
-620
-603
-591
-581
-572
-561
-554
-539
-525
-503
-474
-449
-432
-426
-420
-418
-427
-438
-454
-462
-462
-461
-460
-463
-460
-460
-474
-489
-514
-537
-556
-577
-596
-607
-613
-608
-602
-584
-572
-557
-540
-531
-522
-514
-503
-503
-502
-503
-505
-503
-509
-519
-533
-540
-541
-541
-535
-527
-516
-500
-487
-483
-484
-484
-478
-473
-462
-455
-443
-426
-412
-401
-397
-392
-389
-394
-394
-398
-394
-381
-366
-351
-336
-312
-291
-280
-270
-273
-279
-289
-307
-331
-355
-375
-395
-416
-436
-458
-473
-486
-497
-506
-509
-501
-492
-479
-468
-461
-453
-448
-448
-454
-458
-458
-461
-460
-457
-454
-444
-430
-415
-400
-379
-355
-343
-330
-325
-314
-300
-286
-275
-267
-263
-268
-285
-301
-323
-336
-342
-349
-359
-374
-384
-397
-416
-431
-452
-470
-485
-500
-515
-528
-534
-538
-539
-536
-530
-517
-505
-495
-480
-461
-439
-417
-402
-377
-354
-323
-300
-286
-286
-286
-289
-303
-317
-332
-352
-368
-383
-398
-412
-417
-419
-431
-438
-449
-451
-444
-437
-431
-430
-430
-433
-445
-454
-470
-480
-486
-486
-478
-464
-439
-419
-407
-399
-402
-407
-414
-425
-440
-452
-459
-468
-474
-475
-475
-467
-457
-450
-445
-437
-424
-417
-413
-409
-404
-394
-388
-387
-390
-388
-384
-382
-379
-377
-376
-368
-356
-345
-337
-328
-321
-326
-327
-333
-331
-319
-305
-289
-267
-235
-200
-172
-145
-132
-120
-112
-112
-117
-125
-127
-129
-132
-133
-136
-136
-135
-140
-149
-153
-144
-131
-116
-96
-77
-51
-22
4
27
50
76
92
106
125
140
163
184
193
201
211
223
231
233
234
243
264
287
315
342
380
424
463
510
544
576
602
620
631
637
645
650
645
643
633
629
627
625
623
623
630
633
632
634
634
642
655
666
674
680
687
689
686
680
668
658
645
625
602
584
576
569
567
564
559
559
560
561
563
568
576
580
580
572
561
547
528
503
474
453
435
415
407
400
400
405
411
416
421
432
444
450
459
454
452
453
451
447
441
439
435
430
427
421
420
420
418
411
404
403
401
397
394
385
379
371
356
334
311
289
261
234
208
187
175
168
155
150
147
153
157
156
151
141
131
115
91
54
26
-2
-36
-65
-104
-139
-170
-201
-230
-255
-266
-270
-275
-270
-269
-263
-255
-253
-255
-252
-242
-233
-226
-221
-223
-225
-231
-246
-268
-291
-308
-324
-334
-336
-337
-329
-319
-311
-308
-307
-308
-319
-332
-348
-365
-379
-398
-423
-453
-482
-505
-531
-553
-577
-595
-605
-609
-605
-597
-574
-546
-523
-495
-476
-462
-451
-445
-440
-437
-430
-425
-431
-434
-444
-452
-462
-483
-515
-551
-588
-631
-679
-725
-771
-807
-838
-867
-895
-917
-928
-939
-944
-938
-924
-895
-862
-833
-810
-793
-782
-787
-795
-810
-828
-839
-846
-848
-845
-836
-824
-815
-802
-792
-778
-756
-735
-724
-712
-702
-686
-674
-660
-660
-656
-651
-646
-642
-643
-637
-628
-627
-623
-622
-615
-605
-601
-600
-600
-598
-598
-599
-598
-596
-587
-574
-561
-544
-522
-492
-465
-443
-424
-411
-398
-390
-388
-395
-404
-414
-434
-453
-475
-493
-500
-497
-491
-484
-469
-447
-430
-409
-397
-384
-375
-376
-386
-406
-426
-448
-475
-498
-524
-545
-560
-571
-576
-570
-546
-512
-476
-427
-377
-315
-244
-173
-107
-46
13
65
111
160
209
271
347
439
544
661
793
929
1066
1199
1323
1444
1555
1653
1740
1826
1914
1996
2082
2170
2266
2381
2511
2649
2790
2940
3095
3240
3380
3502
3619
3733
3842
3950
4056
4167
4285
4395
4501
4593
4664
4724
4764
4783
4783
4768
4737
4685
4619
4521
4404
4270
4119
3945
3752
3546
3321
3071
2794
2482
2139
1761
1345
893
410
-95
-625
-1167
-1716
-2260
-2790
-3301
-3791
-4256
-4686
-5076
-5438
-5767
-6067
-6335
-6565
-6759
-6919
-7046
-7132
-7182
-7203
-7185
-7141
-7065
-6961
-6837
-6698
-6549
-6384
-6209
-6030
-5838
-5641
-5431
-5214
-5001
-4792
-4585
-4372
-4158
-3947
-3733
-3527
-3322
-3122
-2931
-2749
-2573
-2402
-2243
-2098
-1962
-1841
-1722
-1610
-1511
-1424
-1344
-1265
-1198
-1136
-1083
-1032
-973
-910
-841
-769
-687
-599
-517
-438
-368
-302
-239
-181
-133
-92
-48
-5
31
71
105
144
185
224
257
283
305
321
328
340
350
359
382
401
421
441
457
467
469
471
471
470
463
456
450
447
453
453
453
455
457
470
491
516
543
575
611
639
664
682
694
706
716
720
719
721
726
725
725
721
715
712
707
698
685
678
675
665
666
668
679
697
713
725
733
744
753
753
754
746
737
724
699
666
629
600
569
537
511
485
473
473
482
497
518
548
576
600
624
646
671
697
721
743
769
802
831
863
894
924
957
987
1013
1037
1067
1097
1118
1136
1149
1165
1186
1208
1226
1239
1256
1273
1282
1296
1303
1312
1323
1334
1343
1349
1360
1370
1370
1374
1371
1376
1388
1399
1406
1408
1408
1403
1393
1389
1391
1393
1400
1397
1398
1405
1421
1433
1447
1460
1468
1480
1488
1492
1496
1506
1522
1538
1559
1583
1609
1641
1670
1691
1705
1717
1730
1742
1755
1763
1774
1792
1813
1833
1853
1882
1915
1942
1972
1993
2012
2031
2043
2047
2044
2040
2035
2022
2017
2010
2015
2029
2047
2066
2086
2108
2127
2145
2170
2197
2236
2281
2324
2363
2404
2452
2497
2542
2586
2620
2654
2682
2700
2707
2712
2717
2712
2708
2702
2694
2686
2674
2659
2642
2630
2622
2618
2624
2633
2653
2684
2722
2764
2809
2860
2909
2944
2977
3000
3023
3051
3081
3110
3139
3175
3210
3235
3267
3293
3326
3366
3405
3444
3481
3523
3559
3588
3614
3632
3653
3676
3697
3724
3760
3801
3847
3887
3933
3979
4026
4072
4108
4141
4180
4231
4278
4332
4382
4433
4483
4527
4566
4599
4630
4661
4691
4726
4759
4797
4837
4876
4915
4947
4980
5007
5025
5046
5063
5084
5108
5130
5151
5168
5193
5218
5239
5270
5299
5333
5368
5398
5422
5444
5468
5487
5504
5524
5540
5558
5576
5591
5603
5613
5623
5621
5611
5594
5571
5550
5527
5505
5484
5470
5463
5456
5457
5461
5468
5480
5492
5500
5505
5513
5525
5528
5530
5525
5522
5521
5515
5500
5471
5435
5388
5327
5267
5203
5150
5109
5080
5061
5051
5057
5069
5072
5076
5067
5056
5037
5006
4967
4924
4884
4837
4781
4720
4653
4594
4538
4481
4420
4361
4306
4250
4187
4131
4073
4016
3958
3884
3801
3726
3658
3595
3535
3473
3412
3358
3302
3244
3182
3129
3079
3023
2970
2918
2874
2834
2790
2736
2671
2606
2537
2460
2386
2306
2232
2163
2097
2031
1962
1898
1832
1758
1692
1623
1559
1495
1424
1348
1276
1211
1146
1084
1028
972
923
877
830
785
749
723
696
670
642
611
582
550
511
465
421
382
339
300
264
230
204
180
155
128
103
78
45
17
-17
-46
-68
-85
-96
-104
-103
-97
-92
-80
-75
-67
-56
-45
-32
-21
0
19
32
47
55
64
67
56
33
1
-31
-67
-108
-150
-199
-247
-292
-336
-379
-415
-442
-467
-489
-510
-531
-547
-562
-586
-617
-645
-673
-704
-745
-783
-820
-839
-847
-848
-849
-839
-822
-816
-804
-799
-789
-770
-752
-736
-721
-708
-702
-709
-716
-732
-743
-751
-760
-769
-779
-779
-777
-774
-764
-756
-743
-728
-720
-721
-725
-726
-728
-729
-729
-735
-736
-733
-731
-730
-731
-730
-729
-725
-717
-708
-694
-680
-669
-660
-648
-637
-634
-636
-643
-654
-659
-663
-667
-671
-668
-664
-673
-682
-701
-716
-723
-727
-724
-713
-691
-669
-655
-642
-641
-640
-642
-650
-663
-680
-691
-704
-717
-723
-733
-742
-755
-776
-804
-835
-866
-900
-931
-953
-967
-967
-960
-951
-942
-930
-912
-899
-886
-876
-864
-845
-823
-802
-782
-758
-733
-714
-692
-676
-660
-639
-618
-609
-603
-598
-594
-595
-596
-603
-614
-620
-627
-632
-639
-638
-637
-641
-642
-650
-650
-651
-658
-672
-688
-699
-713
-728
-739
-752
-761
-767
-776
-794
-813
-831
-857
-892
-922
-950
-963
-968
-969
-966
-955
-937
-922
-905
-887
-870
-845
-818
-792
-769
-746
-723
-710
-704
-707
-717
-727
-742
-757
-770
-769
-759
-750
-730
-715
-698
-682
-673
-670
-671
-668
-668
-681
-694
-718
-737
-751
-767
-784
-801
-811
-820
-826
-824
-819
-801
-776
-751
-730
-715
-700
-689
-678
-667
-661
-652
-645
-644
-649
-653
-654
-661
-664
-670
-675
-670
-659
-642
-618
-585
-549
-520
-495
-485
-485
-491
-507
-531
-563
-595
-620
-648
-668
-681
-687
-684
-672
-661
-644
-623
-605
-595
-580
-580
-581
-587
-602
-629
-659
-686
-711
-736
-756
-774
-779
-773
-765
-755
-741
-722
-707
-696
-690
-691
-689
-689
-691
-695
-693
-683
-678
-670
-662
-653
-639
-627
-621
-620
-618
-614
-615
-614
-622
-633
-645
-662
-678
-697
-705
-707
-711
-708
-708
-706
-699
-691
-684
-679
-665
-647
-632
-609
-594
-575
-560
-555
-560
-569
-572
-573
-573
-568
-563
-549
-530
-513
-501
-492
-483
-481
-480
-478
-477
-472
-465
-461
-462
-461
-458
-462
-470
-483
-499
-508
-515
-517
-516
-505
-488
-473
-459
-457
-462
-472
-490
-510
-531
-540
-542
-540
-526
-509
-486
-459
-429
-409
-391
-384
-383
-390
-389
-391
-392
-403
-425
-454
-487
-516
-546
-576
-596
-610
-610
-598
-583
-567
-550
-525
-503
-482
-458
-439
-419
-404
-394
-391
-384
-369
-358
-349
-350
-359
-366
-370
-372
-371
-364
-350
-337
-321
-312
-300
-288
-287
-294
-306
-312
-319
-331
-343
-365
-388
-413
-446
-486
-529
-564
-594
-623
-639
-652
-657
-657
-657
-657
-649
-634
-616
-596
-567
-537
-504
-472
-445
-424
-408
-395
-394
-398
-404
-413
-420
-429
-442
-459
-474
-485
-503
-519
-536
-553
-563
-570
-577
-584
-582
-575
-568
-551
-535
-511
-483
-458
-441
-434
-428
-425
-427
-426
-429
-426
-421
-419
-421
-424
-419
-420
-426
-427
-424
-422
-415
-413
-417
-416
-414
-414
-427
-440
-461
-474
-484
-496
-505
-504
-493
-486
-477
-469
-464
-455
-447
-443
-445
-443
-437
-437
-436
-440
-448
-456
-468
-482
-496
-501
-501
-504
-499
-497
-489
-475
-464
-460
-464
-468
-474
-483
-488
-494
-491
-485
-481
-477
-476
-469
-464
-466
-463
-462
-454
-439
-424
-412
-401
-388
-379
-376
-374
-378
-375
-370
-365
-363
-358
-349
-347
-348
-354
-365
-370
-375
-381
-391
-400
-408
-418
-427
-439
-452
-460
-468
-479
-491
-498
-502
-509
-505
-502
-496
-489
-484
-482
-485
-486
-485
-486
-478
-470
-455
-436
-418
-396
-374
-343
-310
-282
-252
-227
-199
-169
-150
-142
-142
-151
-171
-201
-238
-272
-303
-326
-352
-376
-396
-405
-421
-434
-447
-450
-444
-433
-421
-408
-394
-377
-364
-349
-339
-332
-328
-336
-355
-383
-407
-428
-448
-454
-462
-464
-464
-465
-465
-466
-463
-460
-463
-460
-460
-454
-441
-430
-421
-413
-400
-394
-398
-402
-411
-415
-418
-424
-434
-444
-452
-465
-480
-493
-507
-510
-509
-505
-500
-486
-460
-434
-404
-377
-353
-325
-301
-281
-264
-244
-221
-202
-182
-166
-152
-138
-131
-131
-138
-143
-150
-170
-189
-220
-252
-280
-306
-330
-349
-361
-369
-380
-383
-389
-389
-386
-384
-385
-388
-384
-382
-382
-377
-375
-370
-368
-371
-379
-387
-391
-401
-418
-439
-459
-474
-481
-495
-515
-529
-533
-533
-524
-515
-500
-473
-446
-419
-395
-370
-341
-316
-295
-281
-270
-257
-247
-240
-240
-238
-236
-245
-253
-270
-288
-306
-326
-349
-370
-379
-384
-395
-401
-415
-425
-432
-444
-460
-478
-490
-501
-510
-512
-514
-504
-489
-474
-461
-445
-422
-402
-386
-373
-366
-358
-358
-366
-382
-395
-401
-407
-404
-396
-383
-366
-352
-343
-337
-329
-318
-307
-297
-296
-296
-295
-299
-311
-329
-341
-352
-368
-377
-389
-392
-382
-366
-346
-321
-289
-258
-239
-221
-216
-210
-204
-202
-205
-207
-203
-201
-203
-206
-220
-234
-252
-278
-309
-335
-348
-354
-350
-336
-320
-294
-266
-240
-225
-204
-186
-165
-147
-134
-124
-116
-105
-101
-104
-117
-134
-159
-184
-215
-242
-258
-265
-271
-279
-282
-285
-296
-302
-309
-311
-303
-291
-278
-264
-242
-220
-203
-178
-161
-143
-126
-118
-118
-125
-133
-149
-171
-193
-217
-233
-245
-257
-270
-281
-286
-290
-290
-283
-276
-264
-251
-242
-236
-228
-217
-209
-193
-172
-144
-109
-71
-37
-8
23
54
78
101
119
140
165
190
216
241
273
305
329
352
368
383
399
415
430
439
450
460
460
467
467
472
481
494
513
540
577
613
644
673
694
715
733
747
757
768
785
800
818
834
845
854
856
854
848
845
845
840
838
836
832
832
838
839
836
838
835
832
832
832
831
836
837
838
836
834
830
823
818
806
798
792
777
757
730
711
696
679
674
669
671
676
677
674
674
680
685
694
709
730
761
795
823
842
856
869
872
871
870
869
875
881
883
878
871
862
848
836
826
819
819
821
820
818
822
832
839
850
852
849
844
828
804
771
739
704
661
618
565
515
469
426
387
351
330
313
294
284
266
248
227
197
162
131
108
88
72
65
62
71
85
96
102
108
116
119
121
121
122
127
130
120
97
70
40
1
-34
-69
-102
-123
-138
-149
-158
-160
-160
-158
-153
-148
-138
-126
-109
-94
-80
-59
-47
-46
-47
-64
-89
-119
-159
-200
-239
-264
-281
-295
-298
-304
-307
-311
-318
-329
-339
-344
-351
-360
-372
-392
-410
-426
-441
-460
-480
-498
-519
-540
-562
-582
-597
-607
-611
-614
-611
-607
-610
-613
-620
-626
-625
-622
-620
-621
-616
-604
-599
-591
-589
-585
-576
-570
-566
-566
-562
-554
-548
-535
-528
-513
-495
-483
-472
-464
-450
-439
-430
-416
-402
-381
-356
-332
-315
-303
-293
-291
-293
-294
-295
-285
-273
-262
-256
-251
-247
-255
-270
-290
-311
-326
-340
-354
-371
-386
-402
-423
-446
-470
-491
-500
-505
-507
-504
-490
-473
-467
-460
-459
-453
-450
-443
-442
-434
-417
-403
-390
-371
-351
-321
-288
-265
-244
-227
-203
-179
-160
-132
-104
-69
-38
-16
-6
-4
-3
-11
-28
-48
-74
-94
-112
-131
-152
-166
-173
-184
-194
-204
-215
-219
-215
-203
-183
-146
-93
-29
45
126
215
318
431
553
684
839
1012
1191
1381
1566
1749
1933
2110
2283
2458
2642
2828
3007
3193
3376
3563
3750
3929
4101
4266
4435
4599
4760
4923
5088
5262
5438
5610
5777
5945
6113
6269
6409
6535
6637
6723
6792
6838
6861
6868
6856
6813
6741
6638
6503
6346
6168
5967
5746
5509
5248
4943
4593
4196
3757
3280
2765
2218
1642
1057
468
-127
-715
-1300
-1868
-2412
-2931
-3419
-3871
-4278
-4651
-4997
-5304
-5576
-5803
-5996
-6154
-6289
-6387
-6451
-6487
-6504
-6494
-6466
-6411
-6336
-6247
-6141
-6013
-5866
-5713
-5557
-5400
-5247
-5092
-4934
-4777
-4623
-4467
-4307
-4150
-3989
-3827
-3668
-3507
-3348
-3191
-3035
-2876
-2714
-2555
-2400
-2257
-2121
-1988
-1862
-1741
-1629
-1510
-1389
-1273
-1150
-1030
-907
-781
-663
-555
-458
-366
-288
-230
-179
-145
-111
-76
-46
-23
-6
10
23
35
47
51
61
78
98
117
138
163
185
203
218
223
226
226
222
217
222
236
247
261
274
287
309
330
349
365
384
405
421
437
443
448
456
461
463
458
458
457
451
453
454
459
465
466
463
459
466
476
483
501
516
537
562
585
602
624
645
661
675
677
676
679
682
683
674
663
658
651
640
633
623
619
613
607
604
611
627
642
663
686
708
729
739
739
732
728
729
730
742
752
766
782
794
804
815
834
851
865
881
892
906
923
939
948
949
952
950
941
940
940
948
963
980
996
1016
1041
1067
1093
1121
1143
1165
1180
1182
1179
1175
1177
1172
1160
1144
1121
1100
1080
1063
1052
1052
1063
1073
1089
1104
1117
1132
1147
1160
1171
1190
1217
1242
1274
1304
1340
1377
1408
1433
1452
1475
1497
1514
1535
1551
1577
1609
1638
1663
1682
1704
1720
1727
1735
1738
1744
1750
1752
1752
1755
1765
1776
1789
1799
1813
1827
1841
1852
1849
1850
1858
1864
1871
1873
1865
1864
1862
1855
1848
1844
1852
1862
1882
1905
1931
1962
1987
2005
2019
2041
2070
2096
2125
2146
2171
2197
2218
2235
2250
2273
2300
2326
2360
2394
2440
2495
2552
2610
2666
2729
2787
2837
2886
2926
2964
3002
3031
3051
3066
3081
3088
3088
3090
3089
3098
3116
3140
3165
3191
3224
3254
3285
3315
3340
3371
3404
3435
3465
3500
3539
3576
3619
3665
3714
3771
3829
3882
3933
3988
4040
4078
4116
4142
4166
4191
4212
4225
4230
4235
4238
4234
4232
4226
4227
4237
4251
4271
4293
4325
4359
4392
4430
4464
4503
4547
4588
4625
4660
4700
4737
4772
4807
4836
4865
4889
4904
4910
4919
4938
4961
4995
5025
5061
5096
5139
5181
5214
5242
5268
5287
5309
5330
5351
5373
5399
5422
5439
5456
5471
5474
5481
5484
5491
5506
5521
5535
5547
5563
5578
5586
5592
5585
5578
5564
5539
5504
5465
5433
5402
5372
5348
5322
5304
5290
5277
5265
5252
5243
5228
5206
5178
5142
5105
5062
5010
4950
4892
4838
4780
4724
4666
4608
4556
4504
4453
4403
4356
4313
4265
4215
4157
4096
4035
3972
3904
3830
3764
3703
3639
3586
3534
3489
3450
3413
3374
3334
3296
3252
3195
3136
3063
2988
2913
2834
2754
2674
2603
2534
2464
2402
2338
2277
2217
2158
2101
2047
1998
1946
1892
1838
1776
1716
1655
1589
1520
1450
1382
1312
1249
1188
1129
1073
1025
977
919
864
798
727
658
585
523
464
411
358
307
263
224
180
145
107
71
41
13
-16
-41
-62
-86
-123
-159
-203
-240
-269
-293
-313
-329
-336
-346
-358
-370
-388
-404
-421
-446
-477
-508
-534
-565
-600
-637
-675
-706
-738
-773
-813
-850
-878
-908
-931
-955
-979
-998
-1017
-1035
-1049
-1053
-1050
-1048
-1043
-1041
-1035
-1025
-1017
-1012
-1015
-1016
-1020
-1036
-1050
-1071
-1091
-1106
-1120
-1134
-1145
-1146
-1142
-1146
-1146
-1154
-1157
-1155
-1156
-1156
-1152
-1137
-1122
-1113
-1107
-1110
-1110
-1111
-1117
-1132
-1152
-1174
-1204
-1243
-1289
-1342
-1389
-1430
-1466
-1497
-1515
-1519
-1519
-1510
-1497
-1480
-1457
-1436
-1420
-1413
-1406
-1406
-1408
-1413
-1426
-1433
-1446
-1461
-1475
-1492
-1496
-1503
-1517
-1524
-1534
-1541
-1541
-1543
-1543
-1543
-1534
-1523
-1518
-1507
-1505
-1499
-1491
-1484
-1475
-1460
-1434
-1405
-1376
-1347
-1325
-1301
-1281
-1272
-1276
-1286
-1295
-1308
-1324
-1343
-1366
-1384
-1404
-1430
-1462
-1490
-1512
-1535
-1548
-1557
-1562
-1557
-1549
-1539
-1525
-1503
-1476
-1452
-1425
-1407
-1390
-1372
-1358
-1348
-1344
-1333
-1319
-1308
-1290
-1278
-1265
-1252
-1245
-1244
-1250
-1248
-1242
-1242
-1235
-1238
-1242
-1250
-1263
-1278
-1292
-1303
-1317
-1335
-1350
-1370
-1386
-1405
-1427
-1450
-1468
-1476
-1483
-1485
-1484
-1483
-1474
-1461
-1447
-1439
-1431
-1421
-1417
-1408
-1402
-1397
-1388
-1378
-1373
-1372
-1369
-1364
-1368
-1373
-1387
-1401
-1418
-1435
-1449
-1462
-1458
-1459
-1459
-1457
-1452
-1436
-1414
-1397
-1378
-1358
-1328
-1295
-1270
-1243
-1223
-1204
-1191
-1183
-1179
-1182
-1186
-1191
-1196
-1193
-1189
-1174
-1156
-1142
-1134
-1125
-1110
-1099
-1087
-1078
-1075
-1077
-1088
-1109
-1140
-1171
-1202
-1240
-1277
-1315
-1352
-1380
-1407
-1433
-1456
-1473
-1487
-1509
-1528
-1552
-1568
-1577
-1583
-1584
-1580
-1565
-1544
-1524
-1500
-1482
-1460
-1436
-1415
-1396
-1381
-1357
-1332
-1310
-1283
-1260
-1235
-1213
-1196
-1184
-1171
-1154
-1139
-1126
-1108
-1091
-1067
-1044
-1027
-1016
-1002
-982
-962
-938
-912
-886
-862
-848
-846
-856
-867
-879
-897
-914
-929
-937
-930
-915
-899
-884
-866
-848
-842
-835
-837
-839
-839
-849
-869
-896
-920
-939
-961
-975
-991
-998
-1011
-1025
-1047
-1067
-1067
-1063
-1054
-1039
-1024
-1006
-990
-989
-1000
-1016
-1028
-1047
-1069
-1087
-1109
-1124
-1134
-1140
-1143
-1139
-1128
-1118
-1108
-1097
-1086
-1069
-1052
-1038
-1029
-1017
-1005
-997
-987
-979
-975
-967
-957
-948
-938
-920
-897
-881
-861
-849
-838
-825
-819
-819
-822
-819
-810
-802
-790
-784
-772
-759
-746
-729
-709
-679
-651
-629
-606
-585
-560
-534
-509
-488
-467
-445
-432
-432
-439
-455
-469
-484
-503
-523
-543
-557
-574
-594
-618
-645
-670
-694
-723
-758
-788
-810
-829
-841
-852
-860
-862
-865
-871
-880
-885
-889
-901
-905
-912
-916
-914
-913
-910
-906
-895
-879
-868
-851
-842
-826
-808
-790
-781
-771
-754
-741
-727
-718
-720
-713
-709
-702
-703
-706
-706
-709
-718
-726
-736
-737
-733
-723
-711
-691
-668
-650
-635
-624
-618
-609
-600
-592
-583
-568
-552
-542
-527
-510
-490
-467
-449
-438
-437
-438
-447
-468
-483
-503
-523
-541
-561
-580
-597
-609
-619
-633
-638
-647
-647
-645
-647
-652
-659
-661
-664
-665
-661
-658
-647
-635
-625
-622
-620
-617
-623
-635
-652
-674
-688
-698
-710
-723
-731
-735
-745
-753
-760
-764
-759
-750
-739
-725
-703
-676
-652
-627
-607
-588
-571
-559
-552
-552
-549
-549
-556
-553
-553
-546
-530
-516
-508
-506
-504
-507
-519
-526
-536
-533
-524
-516
-507
-499
-491
-491
-497
-507
-525
-535
-545
-545
-550
-549
-542
-536
-526
-515
-514
-510
-508
-512
-517
-518
-519
-525
-533
-547
-563
-575
-583
-587
-578
-554
-518
-482
-447
-422
-400
-382
-375
-374
-379
-376
-369
-371
-374
-382
-388
-392
-399
-411
-426
-434
-442
-454
-458
-465
-465
-460
-455
-446
-432
-413
-401
-397
-397
-407
-419
-435
-460
-493
-530
-564
-600
-636
-667
-694
-710
-721
-730
-735
-730
-719
-711
-699
-688
-675
-659
-650
-652
-660
-665
-661
-654
-643
-635
-623
-608
-599
-594
-596
-593
-590
-594
-593
-597
-594
-586
-576
-567
-557
-539
-523
-517
-508
-507
-504
-497
-493
-490
-489
-486
-488
-493
-497
-506
-508
-506
-501
-492
-481
-462
-448
-431
-424
-424
-428
-436
-441
-449
-447
-442
-437
-431
-426
-424
-421
-421
-424
-431
-435
-434
-438
-438
-445
-450
-455
-465
-480
-499
-513
-525
-542
-550
-561
-563
-563
-563
-568
-577
-578
-575
-574
-565
-559
-547
-530
-515
-502
-488
-471
-459
-457
-460
-470
-477
-483
-491
-498
-496
-482
-464
-443
-421
-406
-389
-373
-360
-350
-338
-322
-316
-311
-314
-326
-340
-359
-382
-408
-431
-447
-463
-469
-475
-474
-472
-475
-481
-489
-486
-480
-475
-467
-469
-470
-473
-478
-485
-494
-494
-495
-500
-500
-506
-511
-513
-514
-513
-506
-490
-474
-460
-449
-449
-452
-460
-474
-489
-494
-484
-467
-444
-415
-387
-362
-340
-321
-308
-291
-274
-268
-252
-239
-218
-191
-160
-127
-91
-52
-14
10
34
42
45
35
11
-27
-77
-125
-174
-227
-274
-319
-349
-365
-371
-369
-361
-336
-305
-273
-233
-195
-153
-108
-71
-48
-31
-14
1
13
26
35
50
68
83
96
115
144
174
205
233
258
292
327
357
379
399
419
430
443
454
466
486
509
529
542
555
564
558
554
541
529
519
505
489
469
451
429
398
368
334
308
287
266
249
235
232
229
221
216
208
202
