0
-3
-10
-22
-36
-46
-60
-76
-90
-104
-107
-107
-111
-123
-138
-155
-180
-207
-232
-253
-262
-266
-272
-284
-295
-308
-331
-353
-375
-393
-402
-404
-404
-401
-388
-370
-358
-340
-330
-321
-314
-313
-320
-335
-350
-363
-375
-376
-380
-376
-371
-369
-369
-369
-357
-341
-323
-296
-268
-230
-186
-147
-115
-86
-58
-37
-18
3
18
33
52
65
69
79
85
92
100
114
127
151
178
208
236
263
290
316
346
375
406
444
481
515
549
595
645
687
733
769
802
833
856
870
877
885
893
894
894
885
885
891
900
912
928
956
985
1011
1037
1057
1081
1105
1125
1139
1152
1168
1183
1196
1214
1234
1266
1300
1329
1353
1377
1405
1430
1456
1480
1503
1528
1547
1558
1561
1566
1578
1590
1605
1618
1633
1656
1684
1714
1749
1798
1856
1911
1971
2025
2078
2131
2174
2206
2229
2254
2278
2295
2319
2339
2371
2408
2445
2482
2519
2563
2606
2647
2689
2726
2765
2804
2842
2878
2917
2962
3004
3044
3086
3127
3177
3228
3277
3321
3362
3403
3442
3474
3496
3518
3537
3560
3586
3612
3650
3687
3723
3764
3802
3836
3870
3895
3915
3926
3940
3955
3959
3962
3951
3936
3919
3898
3871
3844
3828
3819
3811
3814
3813
3826
3849
3873
3894
3915
3942
3969
3993
4015
4029
4045
4060
4073
4083
4088
4092
4088
4083
4080
4077
4082
4086
4083
4074
4067
4069
4064
4052
4024
3977
3922
3857
3787
3718
3659
3611
3564
3524
3486
3454
3428
3401
3375
3343
3319
3297
3273
3255
3231
3205
3176
3138
3092
3042
2994
2944
2890
2847
2800
2762
2730
2696
2660
2625
2599
2578
2562
2554
2546
2542
2539
2529
2509
2479
2444
2397
2340
2273
2193
2111
2022
1928
1827
1724
1619
1504
1388
1270
1156
1046
952
865
794
741
694
653
618
580
545
505
454
401
344
292
243
189
148
109
76
46
15
-22
-63
-96
-123
-158
-190
-230
-267
-304
-344
-384
-420
-452
-488
-527
-561
-594
-617
-635
-655
-676
-693
-699
-704
-710
-718
-729
-738
-751
-771
-799
-825
-846
-871
-893
-918
-944
-967
-993
-1022
-1051
-1076
-1099
-1125
-1145
-1168
-1184
-1198
-1216
-1239
-1265
-1284
-1305
-1335
-1366
-1404
-1440
-1472
-1505
-1534
-1559
-1573
-1585
-1602
-1610
-1620
-1620
-1614
-1610
-1602
-1590
-1573
-1555
-1541
-1529
-1527
-1527
-1534
-1554
-1582
-1612
-1637
-1665
-1692
-1719
-1745
-1762
-1774
-1782
-1788
-1780
-1760
-1741
-1720
-1704
-1694
-1681
-1669
-1657
-1647
-1635
-1623
-1617
-1605
-1589
-1561
-1534
-1505
-1492
-1484
-1472
-1462
-1466
-1473
-1493
-1511
-1524
-1541
-1560
-1575
-1578
-1581
-1591
-1596
-1609
-1624
-1638
-1656
-1679
-1703
-1721
-1745
-1771
-1788
-1801
-1806
-1813
-1826
-1844
-1857
-1862
-1863
-1858
-1849
-1839
-1823
-1804
-1783
-1760
-1732
-1703
-1682
-1660
-1640
-1623
-1605
-1593
-1588
-1591
-1594
-1594
-1599
-1597
-1595
-1586
-1572
-1562
-1558
-1563
-1571
-1582
-1598
-1606
-1613
-1608
-1593
-1573
-1549
-1525
-1489
-1459
-1441
-1426
-1425
-1425
-1426
-1433
-1446
-1461
-1473
-1491
-1512
-1526
-1538
-1540
-1539
-1538
-1538
-1537
-1529
-1524
-1520
-1521
-1531
-1542
-1559
-1579
-1600
-1616
-1632
-1652
-1665
-1677
-1687
-1691
-1691
-1690
-1689
-1683
-1673
-1666
-1651
-1637
-1619
-1597
-1578
-1565
-1551
-1537
-1526
-1516
-1509
-1506
-1496
-1489
-1482
-1478
-1472
-1456
-1439
-1431
-1419
-1416
-1405
-1392
-1382
-1371
-1363
-1356
-1363
-1382
-1404
-1431
-1450
-1467
-1488
-1513
-1535
-1554
-1573
-1587
-1597
-1604
-1607
-1608
-1613
-1620
-1624
-1623
-1622
-1616
-1608
-1597
-1580
-1563
-1551
-1547
-1542
-1540
-1546
-1549
-1559
-1567
-1567
-1566
-1565
-1565
-1561
-1558
-1563
-1561
-1559
-1547
-1529
-1512
-1495
-1478
-1457
-1443
-1438
-1434
-1437
-1437
-1432
-1427
-1422
-1411
-1395
-1381
-1368
-1352
-1341
-1327
-1313
-1303
-1295
-1283
-1262
-1245
-1227
-1209
-1190
-1166
-1140
-1113
-1089
-1064
-1042
-1030
-1024
-1026
-1034
-1045
-1065
-1097
-1144
-1194
-1248
-1313
-1370
-1422
-1455
-1467
-1466
-1456
-1443
-1426
-1411
-1404
-1400
-1400
-1400
-1400
-1398
-1402
-1400
-1388
-1377
-1367
-1361
-1370
-1379
-1386
-1396
-1405
-1415
-1414
-1413
-1411
-1409
-1407
-1396
-1383
-1371
-1358
-1341
-1316
-1296
-1276
-1261
-1248
-1232
-1218
-1208
-1205
-1201
-1195
-1195
-1193
-1191
-1185
-1172
-1154
-1130
-1107
-1079
-1055
-1044
-1032
-1027
-1020
-1010
-1003
-996
-985
-963
-933
-900
-858
-827
-796
-772
-760
-759
-772
-791
-822
-863
-910
-966
-1017
-1061
-1101
-1136
-1165
-1185
-1204
-1221
-1229
-1233
-1230
-1229
-1230
-1237
-1248
-1260
-1278
-1291
-1302
-1308
-1306
-1304
-1305
-1313
-1326
-1341
-1362
-1382
-1404
-1419
-1419
-1407
-1388
-1367
-1338
-1308
-1289
-1268
-1259
-1252
-1241
-1230
-1219
-1208
-1189
-1168
-1155
-1139
-1133
-1123
-1111
-1103
-1099
-1095
-1082
-1066
-1047
-1040
-1042
-1051
-1059
-1069
-1085
-1104
-1115
-1126
-1134
-1135
-1135
-1132
-1126
-1127
-1133
-1133
-1124
-1118
-1110
-1105
-1105
-1103
-1104
-1109
-1115
-1117
-1115
-1115
-1111
-1109
-1103
-1089
-1073
-1059
-1046
-1025
-1005
-997
-989
-991
-994
-993
-993
-996
-999
-997
-994
-998
-996
-1001
-1001
-1002
-1005
-1010
-1013
-1008
-1002
-994
-982
-973
-960
-951
-951
-961
-976
-988
-1004
-1020
-1033
-1044
-1049
-1051
-1054
-1060
-1064
-1063
-1061
-1052
-1041
-1031
-1022
-1023
-1035
-1057
-1083
-1108
-1136
-1159
-1181
-1197
-1207
-1216
-1222
-1224
-1210
-1188
-1173
-1157
-1153
-1155
-1162
-1175
-1190
-1203
-1201
-1194
-1195
-1192
-1199
-1204
-1207
-1213
-1222
-1232
-1237
-1238
-1236
-1228
-1224
-1217
-1208
-1199
-1201
-1200
-1200
-1200
-1196
-1194
-1190
-1185
-1180
-1175
-1166
-1155
-1138
-1124
-1102
-1081
-1058
-1029
-1002
-978
-956
-930
-900
-874
-848
-833
-820
-805
-796
-788
-786
-775
-765
-760
-757
-764
-772
-783
-801
-818
-832
-833
-831
-831
-823
-823
-823
-824
-832
-846
-859
-866
-873
-878
-877
-879
-874
-870
-874
-886
-902
-917
-937
-953
-963
-970
-968
-961
-952
-939
-917
-890
-872
-857
-849
-845
-839
-837
-845
-858
-869
-877
-895
-914
-941
-964
-985
-1010
-1035
-1057
-1064
-1064
-1064
-1056
-1051
-1042
-1035
-1036
-1044
-1056
-1056
-1048
-1038
-1016
-997
-977
-960
-954
-956
-958
-955
-952
-947
-937
-925
-901
-870
-837
-809
-781
-762
-747
-732
-719
-702
-687
-674
-660
-655
-645
-643
-656
-676
-701
-734
-762
-791
-812
-823
-815
-795
-774
-744
-719
-692
-668
-651
-637
-621
-593
-558
-522
-483
-453
-421
-390
-365
-346
-333
-317
-307
-309
-312
-323
-334
-350
-377
-415
-455
-493
-531
-565
-585
-591
-574
-541
-503
-469
-439
-408
-384
-362
-339
-315
-282
-244
-206
-171
-133
-92
-60
-31
-8
11
31
46
56
63
72
86
97
114
124
136
148
155
158
161
169
177
178
183
181
189
203
216
227
234
246
252
253
261
268
279
293
302
304
301
296
284
268
258
250
253
259
266
271
275
278
275
275
277
282
295
312
331
342
360
365
357
341
320
299
283
263
245
231
222
216
198
177
145
110
70
29
-8
-37
-49
-47
-35
-8
18
52
84
110
130
141
150
147
134
121
100
80
60
36
1
-41
-87
-140
-197
-251
-302
-336
-359
-374
-380
-376
-364
-358
-354
-351
-350
-341
-329
-318
-307
-292
-277
-270
-269
-280
-305
-336
-375
-416
-461
-500
-539
-590
-635
-683
-726
-760
-792
-822
-850
-866
-873
-879
-872
-865
-845
-821
-800
-783
-770
-759
-759
-771
-788
-811
-828
-839
-845
-848
-847
-836
-829
-825
-818
-812
-799
-785
-776
-771
-764
-755
-751
-748
-749
-753
-753
-754
-760
-772
-784
-793
-813
-838
-870
-894
-914
-928
-947
-969
-973
-973
-974
-975
-984
-995
-1004
-1023
-1045
-1069
-1084
-1095
-1108
-1109
-1114
-1110
-1101
-1095
-1089
-1086
-1081
-1080
-1083
-1087
-1094
-1091
-1080
-1065
-1049
-1033
-1014
-1000
-990
-982
-980
-971
-960
-954
-953
-950
-939
-929
-915
-905
-897
-884
-871
-859
-847
-829
-805
-787
-772
-762
-750
-737
-730
-729
-732
-729
-724
-725
-720
-723
-728
-737
-758
-790
-829
-866
-905
-952
-989
-1027
-1051
-1063
-1068
-1066
-1058
-1039
-1013
-982
-950
-924
-890
-851
-812
-774
-737
-699
-670
-649
-635
-632
-629
-629
-635
-643
-645
-641
-645
-653
-670
-689
-699
-704
-705
-700
-686
-668
-653
-639
-632
-625
-616
-603
-590
-567
-522
-467
-407
-340
-285
-224
-162
-95
-33
26
94
170
240
322
402
497
604
717
833
951
1072
1185
1294
1404
1510
1623
1741
1860
1980
2108
2249
2387
2524
2664
2801
2943
3082
3217
3351
3490
3631
3764
3897
4023
4138
4244
4337
4419
4489
4552
4605
4646
4679
4697
4708
4704
4676
4613
4510
4382
4225
4034
3823
3582
3316
3016
2674
2291
1869
1415
924
394
-155
-725
-1292
-1850
-2398
-2930
-3440
-3922
-4382
-4818
-5224
-5604
-5952
-6267
-6551
-6801
-7011
-7178
-7314
-7420
-7496
-7542
-7551
-7526
-7471
-7385
-7266
-7116
-6955
-6779
-6593
-6393
-6178
-5964
-5755
-5547
-5336
-5125
-4925
-4725
-4532
-4338
-4140
-3945
-3760
-3588
-3423
-3273
-3138
-3009
-2890
-2762
-2636
-2510
-2397
-2288
-2173
-2056
-1941
-1822
-1720
-1618
-1514
-1417
-1323
-1232
-1145
-1065
-994
-928
-868
-806
-748
-699
-656
-615
-569
-527
-486
-451
-425
-397
-371
-347
-323
-292
-256
-230
-208
-192
-181
-171
-167
-171
-179
-178
-170
-164
-151
-142
-125
-95
-63
-32
-3
26
50
62
72
75
86
105
123
139
153
175
195
204
214
216
223
236
250
262
274
292
307
319
329
331
335
338
335
329
326
334
341
351
360
367
376
377
366
345
324
302
274
250
228
211
206
209
221
234
252
275
293
318
339
364
389
408
420
424
431
438
443
455
465
482
503
523
542
551
571
587
602
611
612
615
621
632
638
650
664
683
700
722
736
746
752
757
757
757
764
769
773
775
775
778
777
771
760
750
745
735
733
738
753
779
809
837
860
884
903
908
914
910
908
911
915
918
920
930
947
966
991
1008
1025
1037
1043
1049
1054
1064
1070
1069
1069
1060
1046
1025
995
961
931
912
901
901
919
945
985
1031
1076
1118
1158
1199
1234
1268
1298
1320
1336
1343
1341
1331
1322
1319
1316
1323
1334
1350
1371
1391
1408
1424
1447
1475
1493
1513
1519
1520
1521
1518
1514
1511
1515
1519
1515
1514
1502
1493
1490
1492
1502
1515
1537
1556
1570
1589
1605
1624
1646
1673
1699
1729
1765
1790
1824
1857
1893
1928
1959
1982
2003
2029
2059
2083
2111
2138
2167
2203
2243
2283
2321
2362
2402
2433
2465
2496
2529
2567
2609
2647
2675
2699
2714
2713
2715
2707
2698
2691
2683
2673
2664
2663
2667
2674
2697
2721
2755
2793
2828
2865
2905
2954
3003
3044
3081
3107
3137
3165
3188
3205
3220
3239
3256
3276
3303
3334
3376
3420
3460
3495
3536
3585
3632
3682
3733
3787
3849
3910
3964
4011
4058
4103
4140
4178
4216
4261
4313
4365
4409
4442
4472
4495
4502
4505
4490
4464
4432
4391
4345
4299
4264
4242
4229
4236
4247
4274
4311
4352
4398
4449
4512
4576
4637
4697
4747
4794
4832
4857
4870
4877
4884
4885
4890
4893
4904
4920
4934
4950
4963
4980
5004
5015
5029
5041
5048
5053
5048
5027
4999
4970
4937
4900
4864
4826
4792
4770
4755
4747
4743
4755
4777
4798
4824
4838
4846
4851
4849
4842
4829
4817
4803
4780
4761
4733
4710
4685
4651
4612
4573
4542
4508
4472
4440
4402
4369
4332
4285
4227
4162
4098
4028
3956
3886
3817
3754
3697
3639
3578
3522
3472
3421
3380
3344
3309
3277
3243
3207
3167
3126
3080
3023
2962
2892
2824
2761
2700
2643
2590
2549
2512
2472
2435
2388
2335
2280
2217
2148
2073
2002
1933
1858
1789
1712
1636
1560
1481
1405
1333
1268
1207
1155
1112
1071
1038
1005
970
932
897
867
835
803
770
735
708
675
645
607
579
554
521
492
456
420
385
346
296
247
202
166
134
108
84
69
59
46
35
21
14
10
2
-4
-19
-36
-56
-85
-118
-156
-187
-221
-261
-294
-331
-363
-389
-411
-433
-452
-467
-483
-502
-520
-544
-566
-594
-630
-676
-725
-774
-831
-893
-951
-1003
-1040
-1066
-1086
-1101
-1106
-1103
-1103
-1100
-1098
-1094
-1081
-1063
-1044
-1024
-1004
-988
-984
-978
-979
-977
-975
-977
-980
-984
-979
-970
-961
-943
-928
-908
-887
-872
-864
-865
-861
-862
-873
-879
-891
-899
-904
-912
-922
-930
-934
-937
-937
-930
-922
-907
-892
-883
-879
-876
-873
-882
-901
-926
-953
-972
-983
-988
-987
-980
-972
-971
-974
-987
-999
-1008
-1023
-1042
-1068
-1079
-1083
-1093
-1108
-1134
-1163
-1190
-1219
-1253
-1289
-1310
-1321
-1326
-1320
-1314
-1302
-1285
-1268
-1251
-1236
-1213
-1191
-1174
-1151
-1129
-1101
-1072
-1046
-1023
-1003
-986
-981
-983
-985
-988
-985
-978
-970
-966
-962
-956
-953
-949
-944
-941
-934
-932
-938
-953
-969
-979
-991
-1006
-1027
-1054
-1076
-1098
-1122
-1144
-1156
-1158
-1162
-1155
-1150
-1136
-1117
-1099
-1079
-1057
-1026
-991
-957
-919
-890
-860
-837
-829
-833
-852
-875
-909
-952
-991
-1029
-1058
-1079
-1092
-1100
-1103
-1102
-1104
-1107
-1108
-1106
-1091
-1071
-1051
-1037
-1025
-1010
-999
-986
-970
-951
-922
-890
-856
-823
-789
-755
-732
-713
-709
-721
-741
-769
-801
-841
-869
-894
-921
-938
-966
-983
-994
-1004
-1010
-1021
-1028
-1035
-1043
-1046
-1051
-1049
-1043
-1039
-1039
-1044
-1044
-1047
-1055
-1058
-1065
-1067
-1066
-1065
-1062
-1050
-1025
-996
-965
-928
-892
-848
-808
-778
-759
-748
-749
-767
-797
-838
-891
-944
-1000
-1052
-1099
-1133
-1157
-1176
-1187
-1199
-1210
-1216
-1218
-1217
-1211
-1192
-1169
-1156
-1142
-1137
-1127
-1111
-1094
-1077
-1061
-1043
-1027
-1015
-999
-987
-967
-943
-919
-898
-880
-860
-847
-842
-840
-846
-854
-866
-887
-915
-944
-968
-993
-1020
-1044
-1069
-1086
-1100
-1112
-1118
-1110
-1087
-1064
-1038
-1013
-991
-966
-942
-922
-906
-886
-862
-840
-817
-796
-780
-767
-759
-756
-758
-754
-750
-755
-756
-773
-781
-791
-800
-811
-828
-835
-839
-839
-825
-813
-797
-776
-760
-751
-745
-741
-740
-742
-744
-750
-747
-738
-730
-719
-707
-690
-680
-675
-672
-674
-672
-669
-670
-674
-674
-668
-668
-677
-691
-704
-710
-714
-716
-717
-714
-707
-702
-694
-692
-690
-684
-679
-678
-686
-692
-704
-733
-765
-801
-829
-847
-861
-874
-885
-888
-891
-899
-898
-899
-887
-869
-849
-825
-798
-769
-749
-737
-729
-725
-716
-704
-691
-676
-657
-628
-601
-575
-549
-526
-498
-476
-468
-478
-497
-518
-547
-575
-605
-633
-653
-673
-696
-725
-757
-786
-815
-836
-851
-854
-845
-830
-817
-807
-792
-778
-773
-762
-756
-745
-728
-712
-701
-696
-691
-694
-711
-727
-762
-784
-810
-830
-845
-850
-847
-837
-827
-814
-802
-790
-781
-774
-767
-756
-733
-707
-682
-659
-640
-618
-597
-582
-571
-560
-545
-538
-531
-533
-546
-564
-591
-626
-666
-703
-736
-769
-791
-804
-803
-790
-773
-749
-724
-692
-665
-646
-626
-615
-603
-589
-576
-567
-562
-556
-556
-569
-581
-602
-620
-634
-650
-666
-679
-687
-698
-710
-722
-738
-752
-764
-774
-783
-789
-784
-779
-770
-758
-749
-739
-734
-734
-741
-743
-737
-731
-716
-700
-685
-668
-655
-649
-647
-643
-637
-636
-635
-642
-646
-644
-639
-634
-631
-616
-596
-576
-553
-539
-528
-521
-519
-524
-534
-540
-549
-570
-589
-613
-634
-657
-674
-687
-694
-688
-688
-683
-669
-657
-635
-619
-608
-596
-578
-558
-541
-531
-521
-516
-510
-507
-514
-535
-562
-593
-631
-664
-692
-713
-724
-733
-742
-755
-769
-780
-796
-804
-815
-817
-813
-807
-805
-807
-802
-796
-790
-780
-773
-758
-736
-710
-683
-656
-617
-576
-544
-512
-492
-475
-460
-455
-457
-465
-474
-487
-503
-513
-522
-522
-521
-526
-531
-532
-529
-532
-539
-550
-568
-586
-607
-633
-666
-695
-717
-736
-746
-752
-756
-754
-750
-745
-740
-733
-726
-729
-729
-734
-730
-715
-695
-673
-656
-639
-629
-625
-616
-610
-596
-574
-551
-529
-505
-471
-436
-412
-392
-389
-397
-418
-453
-498
-543
-575
-605
-617
-620
-620
-606
-595
-580
-566
-546
-511
-479
-448
-416
-383
-348
-318
-304
-301
-299
-300
-310
-316
-323
-329
-322
-306
-286
-262
-230
-198
-178
-154
-134
-109
-79
-52
-28
-11
5
18
25
31
26
23
26
31
41
55
81
107
128
151
166
181
195
205
215
230
253
273
290
310
327
346
361
371
373
373
376
374
375
375
376
382
386
387
380
374
367
358
353
348
344
347
356
370
388
412
438
457
480
494
509
526
537
543
547
551
554
552
552
545
547
550
548
540
525
515
508
503
511
518
529
543
556
570
586
605
620
635
652
662
674
677
672
658
645
642
629
627
624
631
648
667
678
685
691
697
701
704
701
698
694
684
666
640
613
584
548
518
479
441
409
378
348
319
291
260
221
185
143
107
73
37
0
-38
-67
-95
-123
-148
-174
-190
-197
-200
-199
-194
-182
-168
-151
-123
-92
-51
-9
28
60
91
120
136
146
148
139
122
96
62
24
-10
-42
-79
-119
-160
-197
-226
-251
-276
-303
-322
-340
-367
-392
-422
-450
-471
-490
-505
-517
-519
-518
-518
-508
-501
-482
-453
-425
-400
-382
-368
-366
-375
-391
-416
-439
-461
-486
-511
-534
-549
-567
-589
-613
-640
-660
-678
-694
-708
-715
-713
-714
-717
-726
-732
-728
-723
-710
-703
-690
-673
-668
-661
-667
-678
-692
-705
-720
-731
-724
-705
-691
-674
-665
-659
-655
-655
-660
-671
-680
-689
-702
-704
-708
-697
-680
-666
-653
-639
-620
-608
-602
-597
-600
-603
-609
-622
-640
-658
-669
-677
-680
-676
-671
-659
-643
-627
-614
-595
-571
-554
-537
-527
-520
-510
-499
-492
-487
-478
-467
-457
-447
-441
-432
-417
-402
-389
-383
-374
-368
-371
-370
-371
-368
-359
-351
-345
-341
-329
-314
-307
-295
-292
-287
-283
-285
-293
-307
-322
-343
-368
-394
-424
-444
-458
-469
-479
-481
-472
-460
-443
-421
-397
-364
-327
-289
-251
-206
-151
-97
-39
21
88
166
253
345
434
536
650
770
907
1037
1174
1320
1465
1614
1753
1890
2022
2149
2278
2408
2543
2688
2834
2981
3129
3293
3461
3624
3794
3959
4127
4292
4450
4600
4747
4901
5054
5206
5360
5505
5649
5783
5899
5993
6072
6137
6180
6208
6221
6213
6187
6134
6049
5936
5800
5644
5458
5246
5004
4724
4404
4037
3624
3166
2673
2150
1595
1023
436
-151
-735
-1320
-1893
-2446
-2963
-3447
-3901
-4316
-4702
-5054
-5375
-5670
-5937
-6173
-6367
-6527
-6660
-6752
-6818
-6851
-6857
-6840
-6801
-6737
-6646
-6536
-6408
-6262
-6107
-5939
-5765
-5591
-5419
-5243
-5060
-4878
-4696
-4512
-4326
-4131
-3939
-3756
-3581
-3407
-3233
-3068
-2903
-2741
-2583
-2428
-2282
-2147
-2022
-1900
-1779
-1664
-1546
-1436
-1326
-1213
-1105
-992
-895
-794
-701
-617
-534
-462
-397
-338
-287
-246
-214
-182
-159
-146
-134
-134
-129
-122
-120
-124
-125
-119
-117
-118
-117
-116
-106
-91
-78
-66
-48
-20
12
47
83
119
161
201
234
261
291
324
352
384
413
442
478
514
544
565
582
592
585
576
557
543
534
527
521
514
514
519
525
539
547
560
572
580
583
580
582
582
577
574
565
558
552
547
543
546
558
571
586
604
620
640
658
667
663
653
644
630
616
608
604
606
611
618
626
641
663
682
704
721
733
744
751
750
744
741
741
733
733
730
735
746
750
747
741
736
726
709
699
676
667
664
667
681
691
713
730
746
760
769
776
779
779
784
793
808
828
850
873
892
919
950
980
1006
1030
1050
1061
1065
1059
1043
1030
1018
1009
1003
1006
1019
1036
1060
1087
1114
1147
1180
1207
1228
1250
1272
1286
1308
1322
1338
1355
1366
1368
1362
1352
1334
1308
1284
1254
1233
1222
1219
1223
1232
1250
1267
1281
1293
1298
1305
1315
1324
1332
1342
1361
1381
1402
1427
1452
1483
1514
1541
1564
1587
1613
1634
1654
1671
1684
1703
1721
1739
1758
1787
1824
1861
1904
1946
1984
2016
2035
2042
2039
2037
2036
2030
2038
2048
2067
2096
2127
2158
2186
2212
2233
2244
2255
2255
2262
2266
2271
2279
2286
2303
2313
2318
2331
2337
2354
2370
2384
2394
2409
2427
2444
2456
2473
2488
2513
2544
2578
2617
2667
2731
2796
2865
2931
2992
3055
3113
3165
3207
3241
3266
3277
3280
3270
3252
3231
3207
3178
3143
3110
3078
3046
3034
3034
3054
3095
3148
3208
3273
3349
3429
3502
3573
3629
3683
3731
3770
3801
3824
3845
3857
3865
3873
3878
3889
3905
3919
3931
3945
3968
3994
4020
4049
4075
4104
4135
4164
4192
4225
4266
4303
4342
4383
4427
4476
4520
4552
4569
4580
4591
4600
4613
4627
4648
4674
4698
4720
4737
4764
4795
4823
4857
4888
4922
4957
4989
5016
5039
5067
5095
5113
5131
5138
5147
5157
5166
5173
5178
5188
5195
5197
5197
5182
5172
5152
5126
5098
5075
5065
5059
5050
5044
5036
5032
5026
5015
5000
4992
4992
4990
4997
5006
5013
5020
5020
5014
4998
4977
4951
4916
4882
4847
4817
4791
4761
4727
4688
4652
4614
4567
4523
4470
4420
4375
4330
4282
4230
4180
4126
4059
3996
3926
3863
3809
3758
3710
3669
3635
3601
3567
3534
3492
3450
3400
3341
3273
3203
3140
3080
3025
2973
2920
2871
2823
2773
2722
2676
2637
2591
2544
2492
2438
2388
2337
2279
2214
2150
2088
2022
1961
1897
1835
1775
1708
1637
1559
1486
1412
1338
1271
1200
1132
1068
1007
950
897
859
827
796
776
752
733
718
698
673
645
617
588
561
540
514
485
446
388
323
251
191
127
70
23
-19
-43
-65
-89
-125
-157
-188
-224
-259
-296
-329
-351
-372
-398
-429
-463
-498
-537
-574
-613
-644
-667
-685
-697
-704
-700
-693
-692
-690
-697
-704
-716
-732
-751
-770
-778
-783
-793
-805
-835
-873
-911
-953
-992
-1025
-1046
-1057
-1059
-1050
-1043
-1033
-1031
-1041
-1057
-1074
-1082
-1091
-1094
-1090
-1083
-1067
-1049
-1030
-1017
-1003
-991
-991
-992
-999
-1009
-1015
-1025
-1041
-1061
-1079
-1092
-1108
-1119
-1137
-1152
-1162
-1172
-1180
-1186
-1184
-1181
-1182
-1184
-1196
-1202
-1204
-1207
-1209
-1208
-1194
-1182
-1181
-1182
-1193
-1204
-1215
-1229
-1243
-1250
-1246
-1238
-1229
-1219
-1217
-1212
-1206
-1203
-1204
-1207
-1207
-1215
-1225
-1241
-1257
-1259
-1260
-1258
-1261
-1267
-1263
-1269
-1270
-1275
-1277
-1269
-1256
-1246
-1239
-1231
-1222
-1227
-1236
-1255
-1268
-1274
-1278
-1277
-1271
-1254
-1230
-1206
-1177
-1154
-1128
-1102
-1085
-1074
-1065
-1049
-1033
-1024
-1013
-1008
-1000
-991
-986
-989
-999
-1007
-1018
-1029
-1036
-1046
-1052
-1061
-1076
-1096
-1117
-1134
-1155
-1174
-1193
-1208
-1213
-1210
-1204
-1197
-1184
-1167
-1154
-1140
-1131
-1124
-1118
-1116
-1116
-1119
-1116
-1106
-1103
-1099
-1106
-1117
-1129
-1144
-1160
-1174
-1179
-1178
-1178
-1172
-1170
-1162
-1152
-1146
-1146
-1150
-1146
-1142
-1141
-1135
-1131
-1121
-1110
-1102
-1100
-1102
-1101
-1103
-1106
-1105
-1105
-1102
-1105
-1117
-1137
-1157
-1173
-1193
-1209
-1224
-1237
-1241
-1242
-1238
-1234
-1224
-1205
-1192
-1171
-1155
-1142
-1123
-1102
-1079
-1058
-1039
-1022
-1017
-1010
-1011
-1008
-1005
-1006
-1016
-1031
-1038
-1044
-1057
-1066
-1077
-1075
-1066
-1055
-1047
-1043
-1034
-1025
-1018
-1006
-997
-986
-973
-966
-965
-966
-961
-959
-961
-962
-964
-958
-946
-929
-912
-895
-882
-881
-888
-904
-928
-951
-973
-994
-1014
-1026
-1032
-1033
-1028
-1027
-1028
-1025
-1027
-1030
-1035
-1032
-1026
-1026
-1019
-1021
-1025
-1028
-1038
-1054
-1070
-1076
-1079
-1087
-1088
-1092
-1090
-1087
-1087
-1087
-1089
-1083
-1076
-1067
-1051
-1039
-1027
-1016
-1010
-1007
-1007
-1006
-1009
-1014
-1015
-1016
-1006
-989
-968
-948
-927
-902
-884
-866
-850
-835
-818
-801
-786
-773
-755
-731
-708
-684
-663
-649
-629
-615
-599
-592
-582
-575
-584
-584
-591
-596
-606
-615
-622
-621
-605
-586
-569
-547
-544
-546
-552
-565
-587
-614
-639
-670
-705
-736
-766
-787
-805
-822
-838
-852
-857
-866
-876
-886
-896
-896
-889
-879
-868
-855
-840
-835
-829
-828
-831
-833
-839
-852
-870
-883
-888
-890
-882
-870
-850
-824
-799
-778
-758
-731
-708
-696
-684
-680
-676
-670
-670
-677
-692
-704
-715
-728
-727
-729
-724
-719
-722
-731
-747
-762
-779
-799
-819
-842
-859
-872
-884
-896
-907
-912
-920
-928
-932
-937
-930
-916
-897
-877
-851
-820
-795
-773
-762
-760
-758
-761
-769
-778
-784
-785
-785
-779
-777
-773
-768
-768
-770
-775
-772
-767
-764
-749
-739
-730
-716
-717
-718
-728
-733
-743
-759
-768
-775
-771
-762
-755
-749
-746
-742
-741
-740
-737
-745
-752
-761
-771
-782
-788
-784
-780
-775
-770
-770
-768
-768
-772
-783
-792
-796
-802
-805
-811
-819
-823
-831
-845
-861
-872
-878
-887
-889
-893
-889
-876
-862
-848
-834
-809
-777
-743
-701
-662
-618
-569
-520
-474
-431
-382
-337
-301
-257
-215
-162
-102
-42
20
86
163
243
325
412
493
574
653
728
797
860
921
969
1006
1031
1040
1043
1036
1018
987
953
918
874
832
786
734
680
622
558
487
414
341
260
178
82
-22
-137
-267
-409
-561
-710
-857
-1004
-1144
-1286
-1424
-1564
-1716
-1869
-2031
-2189
-2353
-2538
-2720
-2912
-3101
-3286
-3482
-3691
-3909
-4128
-4359
-4596
-4836
-5078
-5315
-5547
-5774
-6003
-6233
-6467
-6714
-6969
-7233
-7505
-7776
-8048
-8320
-8591
-8858
-9121
-9386
-9648
-9914
-10185
-10453
-10720
-10984
-11248
-11505
-11753
-11997
-12220
-12430
-12619
-12790
-12956
-13114
-13264
-13400
-13524
-13642
-13747
-13850
-13943
-14031
-14121
-14215
-14311
-14404
-14507
-14624
-14740
-14855
-14951
-15029
-15096
-15156
-15202
-15228
-15243
-15250
-15249
-15245
-15231
-15212
-15187
-15148
-15090
-15013
-14933
-14851
-14770
-14690
-14602
-14509
-14412
-14309
-14188
-14052
-13909
-13760
-13609
-13454
-13290
-13122
-12958
-12800
-12639
-12478
-12323
-12158
-11990
-11812
-11625
-11439
-11258
-11084
-10908
-10735
-10569
-10400
-10239
-10073
-9902
-9731
-9558
-9384
-9199
-9012
-8837
-8655
-8488
-8318
-8154
-8002
-7851
-7701
-7546
-7397
-7258
-7131
-7013
-6895
-6775
-6651
-6523
-6377
-6212
-6037
-5847
-5644
-5432
-5210
-4987
-4769
-4559
-4349
-4137
-3929
-3717
-3501
-3286
-3067
-2850
-2639
-2437
-2236
-2040
-1856
-1670
-1492
-1314
-1135
-961
-796
-644
-498
-358
-229
-103
8
120
232
342
450
554
663
769
870
975
1077
1187
1304
1425
1550
1683
1824
1966
2107
2249
2386
2519
2645
2760
2864
2965
3067
3161
3251
3336
3420
3507
3594
3677
3755
3833
3910
3980
4048
4112
4175
4237
4291
4329
4350
4365
4370
4359
4351
4341
4343
4356
4371
4386
4399
4413
4423
4425
4432
4436
4450
4473
4502
4540
4583
4634
4680
4719
4753
4774
4784
4779
4756
4721
4682
4652
4624
4589
4561
4523
4498
4479
4463
4445
4440
4445
4450
4462
4475
4491
4517
4537
4547
4550
4554
4555
4550
4547
4543
4541
4547
4557
4567
4575
4589
4604
4614
4633
4654
4686
4732
4778
4825
4873
4924
4971
5007
5040
5061
5085
5111
5133
5150
5163
5175
5177
5171
5164
5149
5134
5119
5104
5091
5086
5091
5098
5107
5123
5140
5168
5202
5238
5271
5307
5346
5377
5403
5424
5439
5456
5469
5478
5485
5497
5518
5544
5583
5625
5672
5725
5779
5833
5883
5936
5984
6021
6061
6091
6117
6139
6155
6167
6177
6189
6196
6190
6187
6179
6185
6202
6223
6249
6286
6341
6403
6470
6542
6612
6685
6753
6810
6860
6908
6960
7008
7057
7108
7154
7211
7266
7313
7357
7391
7432
7468
7502
7539
7571
7608
7646
7685
7720
7762
7804
7846
7890
7929
7975
8028
8084
8142
8200
8266
8333
8393
8457
8515
8577
8646
8716
8787
8860
8943
9030
9110
9196
9272
9351
9427
9494
9554
9609
9665
9718
9770
9821
9870
9926
9981
10032
10080
10131
10192
10256
10328
10410
10494
10585
10672
10748
10812
10874
10933
10982
11029
11070
11109
11152
11190
11223
11251
11279
11308
11334
11363
11389
11426
11478
11545
11628
11719
11824
11930
12025
12115
12188
12253
12314
12367
12410
12445
12478
12502
12514
12529
12532
12536
12539
12537
12534
12536
12546
12562
12584
12614
12644
12679
12713
12743
12768
12790
12814
12834
12852
12873
12892
12916
12940
12959
12976
12988
13011
13028
13052
13076
13090
13110
13127
13137
13144
13144
13135
13118
13100
13070
13043
13016
12992
12971
12949
12937
12932
12930
12935
12935
12938
12943
12945
12938
12923
12907
12880
12832
12773
12696
12612
12527
12437
12339
12238
12146
12057
11968
11885
11801
11721
11637
11545
11446
11346
11248
11145
11042
10945
10854
10774
10698
10619
10536
10450
10365
10272
10185
10100
10016
9936
9857
9778
9698
9622
9546
9462
9377
9280
9179
9075
8967
8858
8748
8647
8549
8449
8352
8247
8144
8040
7930
7816
7699
7587
7471
7349
7231
7109
6991
6875
6755
6629
6502
6379
6258
6139
6026
5913
5807
5699
5581
5454
5322
5192
5055
4918
4785
4655
4533
4417
4302
4189
4083
3982
3876
3775
3674
3572
3476
3377
3276
3177
3073
2974
2860
2752
2637
2525
2412
2298
2185
2071
1963
1851
1732
1615
1488
1365
1246
1126
1004
880
769
665
564
477
393
317
244
170
95
20
-53
-130
-213
-296
-381
-458
-533
-615
-703
-792
-878
-973
-1069
-1166
-1267
-1365
-1462
-1555
-1641
-1711
-1767
-1818
-1859
-1899
-1939
-1976
-2014
-2055
-2101
-2146
-2192
-2247
-2301
-2363
-2420
-2471
-2519
-2566
-2607
-2635
-2658
-2684
-2708
-2742
-2772
-2800
-2832
-2870
-2910
-2941
-2972
-3004
-3028
-3051
-3063
-3069
-3075
-3082
-3087
-3086
-3090
-3098
-3108
-3126
-3140
-3148
-3154
-3160
-3159
-3150
-3145
-3141
-3139
-3139
-3133
-3124
-3115
-3108
-3094
-3078
-3067
-3055
-3047
-3039
-3028
-3019
-3014
-3018
-3021
-3030
-3056
-3076
-3101
-3125
-3137
-3154
-3166
-3169
-3167
-3156
-3150
-3134
-3121
-3096
-3067
-3036
-3006
-2975
-2942
-2917
-2902
-2894
-2902
-2919
-2944
-2984
-3038
-3100
-3164
-3235
-3311
-3379
-3442
-3490
-3525
-3552
-3572
-3589
-3603
-3627
-3654
-3691
-3735
-3779
-3826
-3870
-3911
-3943
-3973
-4009
-4048
-4098
-4164
-4247
-4354
-4489
-4653
-4837
-5044
-5284
-5542
-5830
-6139
-6468
-6823
-7202
-7599
-8005
-8421
-8848
-9274
-9706
-10131
-10555
-10986
-11423
-11865
-12310
-12763
-13218
-13668
-14119
-14563
-15006
-15453
-15902
-16346
-16780
-17208
-17624
-18026
-18414
-18776
-19116
-19434
-19731
-20009
-20268
-20517
-20755
-20989
-21215
-21426
-21624
-21810
-21988
-22153
-22307
-22457
-22602
-22747
-22886
-23014
-23138
-23258
-23376
-23485
-23595
-23713
-23827
-23945
-24060
-24165
-24272
-24365
-24448
-24511
-24555
-24599
-24627
-24649
-24656
-24641
-24621
-24599
-24575
-24545
-24521
-24501
-24479
-24451
-24406
-24341
-24258
-24153
-24024
-23871
-23703
-23523
-23334
-23142
-22943
-22748
-22563
-22384
-22203
-22015
-21831
-21647
-21466
-21286
-21102
-20915
-20719
-20517
-20308
-20094
-19882
-19667
-19453
-19230
-18994
-18750
-18499
-18241
-17964
-17673
-17377
-17064
-16747
-16420
-16086
-15753
-15426
-15101
-14770
-14435
-14101
-13752
-13401
-13034
-12654
-12270
-11881
-11489
-11091
-10697
-10312
-9931
-9555
-9172
-8780
-8385
-7987
-7585
-7181
-6790
-6418
-6060
-5715
-5373
-5040
-4719
-4410
-4107
-3807
-3521
-3244
-2980
-2729
-2486
-2259
-2050
-1857
-1673
-1497
-1335
-1177
-1028
-879
-733
-596
-471
-357
-243
-135
-35
65
157
247
337
424
503
573
639
699
749
804
850
900
964
1020
1083
1145
1215
1288
1359
1427
1489
1556
1621
1679
1728
1773
1822
1861
1886
1903
1909
1915
1918
1921
1923
1934
1956
1978
2007
2037
2070
2114
2161
2203
2243
2289
2344
2399
2464
2527
2589
2647
2698
2742
2779
2817
2852
2881
2911
2935
2960
2990
3019
3046
3071
3101
3128
3145
3159
3161
3167
3177
3187
3197
3212
3233
3253
3272
3290
3299
3311
3325
3339
3353
3372
3397
3423
3451
3478
3497
3520
3546
3566
3579
3595
3622
3653
3692
3732
3771
3815
3853
3881
3903
3924
3945
3963
3989
4017
4057
4108
4160
4210
4258
4308
4355
4391
4426
4454
4479
4504
4525
4540
4550
4563
4573
4577
4590
4604
4626
4652
4681
4709
4740
4783
4834
4880
4936
4986
5044
5109
5165
5214
5253
5289
5314
5336
5352
5361
5374
5395
5418
5442
5478
5521
5562
5610
5661
5714
5772
5831
5887
5940
5996
6051
6097
6146
6190
6236
6281
6315
6341
6359
6381
6400
6415
6437
6462
6501
6553
6611
6673
6734
6803
6871
6934
7004
7068
7138
7211
7287
7365
7446
7530
7608
7677
7743
7798
7853
7906
7953
7995
8036
8082
8125
8173
8222
8271
8324
8378
8428
8479
8537
8601
8662
8723
8781
8836
8894
8945
8988
9024
9062
9104
9145
9198
9253
9318
9394
9473
9557
9643
9735
9825
9911
9999
10083
10171
10260
10342
10416
10481
10548
10606
10654
10698
10729
10757
10784
10805
10822
10841
10869
10897
10924
10953
10971
10997
11023
11044
11067
11091
11125
11169
11214
11266
11311
11357
11397
11434
11461
11489
11519
11550
11588
11628
11668
11714
11756
11788
11810
11831
11848
11856
11870
11883
11904
11939
11982
12026
12068
12108
12140
12161
12181
12193
12212
12230
12238
12237
12229
12224
12216
12202
12188
12163
12135
12101
12060
12013
11966
11924
11875
11821
11769
11714
11665
11612
11552
11483
11415
11353
11288
11224
11161
11094
11028
10958
10879
10793
10708
10626
10544
10465
10386
10308
10237
10166
10091
10007
9924
9837
9739
9645
9547
9450
9356
9261
9165
9071
8984
8898
8805
8715
8617
8523
8433
8341
8246
8142
8035
7917
7784
7641
7482
7320
7155
6986
6815
6651
6498
6353
6215
6086
5957
5833
5709
5580
5446
5304
5163
5020
4875
4735
4583
4432
4277
4118
3960
3809
3659
3512
3374
3240
3116
3001
2888
2778
2667
2556
2445
2323
2207
2087
1970
1855
1735
1613
1495
1384
1275
1161
1052
937
833
736
642
550
459
378
300
222
144
59
-23
-100
-176
-249
-316
-373
-426
-475
-517
-559
-598
-639
-689
-750
-813
-881
-962
-1045
-1131
-1216
-1297
-1377
-1459
-1539
-1608
-1669
-1728
-1780
-1829
-1869
-1900
-1927
-1952
-1978
-2001
-2030
-2070
-2105
-2145
-2180
-2207
-2232
-2254
-2272
-2283
-2293
-2308
-2315
-2330
-2340
-2352
-2371
-2395
-2424
-2449
-2480
-2512
-2540
-2570
-2595
-2619
-2642
-2663
-2681
-2695
-2714
-2741
-2769
-2801
-2830
-2863
-2902
-2945
-2982
-3012
-3042
-3064
-3082
-3095
-3105
-3112
-3123
-3132
-3149
-3168
-3196
-3224
-3248
-3271
-3285
-3302
-3314
-3329
-3332
-3334
-3347
-3357
-3370
-3383
-3391
-3397
-3403
-3411
-3411
-3410
-3417
-3420
-3429
-3432
-3432
-3432
-3435
-3437
-3433
-3427
-3419
-3404
-3391
-3373
-3360
-3354
-3357
-3360
-3356
-3353
-3351
-3346
-3338
-3317
-3288
-3259
-3237
-3215
-3194
-3181
-3172
-3168
-3171
-3181
-3205
-3241
-3284
-3328
-3370
-3415
-3454
-3497
-3536
-3571
-3603
-3631
-3659
-3677
-3690
-3705
-3710
-3714
-3707
-3693
-3681
-3670
-3662
-3649
-3636
-3630
-3616
-3605
-3588
-3569
-3555
-3547
-3545
-3542
-3539
-3534
-3528
-3527
-3520
-3515
-3518
-3529
-3541
-3552
-3570
-3590
-3607
-3621
-3623
-3615
-3604
-3593
-3582
-3571
-3569
-3567
-3567
-3568
-3566
-3566
-3572
-3577
-3573
-3557
-3547
-3537
-3533
-3525
-3506
-3485
-3469
-3448
-3419
-3378
-3342
-3303
-3274
-3241
-3211
-3189
-3178
-3172
-3161
-3149
-3144
-3133
-3134
-3140
-3149
-3163
-3183
-3205
-3226
-3249
-3272
-3295
-3330
-3366
-3401
-3438
-3479
-3516
-3547
-3581
-3617
-3658
-3705
-3746
-3783
-3821
-3856
-3879
-3888
-3895
-3896
-3896
-3896
-3889
-3880
-3869
-3856
-3835
-3809
-3790
-3766
-3750
-3733
-3718
-3705
-3690
-3674
-3649
-3617
-3585
-3547
-3516
-3484
-3456
-3436
-3423
-3415
-3403
-3394
-3394
-3388
-3388
-3388
-3385
-3384
-3386
-3387
-3382
-3376
-3370
-3360
-3353
-3339
-3326
-3319
-3319
-3321
-3319
-3324
-3335
-3348
-3361
-3365
-3364
-3358
-3350
-3337
-3323
-3318
-3313
-3309
-3306
-3301
-3299
-3301
-3302
-3297
-3288
-3287
-3286
-3295
-3304
-3308
-3316
-3328
-3338
-3345
-3341
-3340
-3335
-3334
-3332
-3331
-3336
-3351
-3370
-3379
-3387
-3398
-3400
-3409
-3409
-3404
-3400
-3396
-3390
-3380
-3373
-3367
-3357
-3351
-3335
-3314
-3291
-3266
-3235
-3202
-3175
-3153
-3136
-3122
-3106
-3095
-3087
-3083
-3077
-3066
-3060
-3053
-3050
-3048
-3039
-3034
-3032
-3031
-3024
-3018
-3025
-3033
-3051
-3066
-3082
-3106
-3137
-3173
-3197
-3212
-3220
-3213
-3200
-3174
-3145
-3125
-3113
-3110
-3104
-3103
-3110
-3119
-3139
-3159
-3179
-3200
-3220
-3232
-3234
-3231
-3224
-3206
-3183
-3149
-3107
-3061
-3017
-2970
-2918
-2870
-2822
-2779
-2743
-2709
-2679
-2658
-2649
-2642
-2638
-2643
-2647
-2654
-2660
-2659
-2656
-2657
-2662
-2661
-2655
-2651
-2637
-2627
-2614
-2593
-2573
-2554
-2536
-2509
-2482
-2455
-2425
-2390
-2347
-2297
-2261
-2245
-2242
-2243
-2242
-2244
-2241
-2246
-2243
-2235
-2225
-2218
-2213
-2201
-2186
-2173
-2159
-2147
-2125
-2098
-2069
-2043
-2015
-1984
-1962
-1943
-1930
-1922
-1912
-1905
-1901
-1901
-1898
-1891
-1890
-1888
-1889
-1893
-1895
-1900
-1910
-1925
-1936
-1947
-1966
-1979
-1995
-2007
-2015
-2025
-2033
-2036
-2030
-2022
-2020
-2012
-2006
-1991
-1971
-1955
-1944
-1938
-1928
-1922
-1919
-1914
-1916
-1915
-1914
-1916
-1920
-1925
-1927
-1937
-1955
-1977
-2006
-2031
-2057
-2088
-2121
-2149
-2166
-2179
-2184
-2184
-2178
-2164
-2148
-2130
-2113
-2090
-2065
-2047
-2033
-2030
-2035
-2044
-2059
-2083
-2116
-2147
-2177
-2212
-2236
-2255
-2264
-2264
-2264
-2266
-2273
-2275
-2278
-2287
-2291
-2297
-2289
-2271
-2252
-2233
-2210
-2181
-2154
-2141
-2143
-2160
-2189
-2220
-2269
-2327
-2396
-2465
-2544
-2622
-2694
-2764
-2818
-2859
-2893
-2918
-2932
-2931
-2932
-2926
-2921
-2917
-2909
-2903
-2897
-2888
-2870
-2843
-2815
-2783
-2750
-2713
-2670
-2626
-2587
-2554
-2519
-2492
-2485
-2486
-2503
-2527
-2553
-2588
-2630
-2677
-2716
-2748
-2781
-2806
-2836
-2855
-2862
-2865
-2867
-2867
-2863
-2859
-2854
-2846
-2841
-2827
-2810
-2792
-2774
-2751
-2721
-2695
-2674
-2657
-2651
-2644
-2643
-2647
-2652
-2649
-2634
-2621
-2603
-2585
-2568
-2551
-2540
-2531
-2525
-2513
-2498
-2489
-2482
-2484
-2488
-2498
-2519
-2550
-2590
-2629
-2672
-2723
-2768
-2813
-2847
-2867
-2878
-2882
-2878
-2860
-2836
-2817
-2790
-2766
-2739
-2714
-2698
-2686
-2672
-2653
-2635
-2628
-2627
-2636
-2649
-2656
-2668
-2676
-2681
-2681
-2675
-2664
-2645
-2623
-2599
-2576
-2555
-2536
-2514
-2483
-2460
-2436
-2415
-2397
-2376
-2361
-2350
-2343
-2330
-2311
-2296
-2278
-2265
-2250
-2235
-2222
-2216
-2220
-2219
-2220
-2227
-2236
-2249
-2255
-2251
-2245
-2240
-2236
-2227
-2217
-2213
-2202
-2196
-2184
-2167
-2153
-2140
-2128
-2113
-2101
-2093
-2089
-2097
-2105
-2115
-2125
-2133
-2136
-2129
-2119
-2106
-2090
-2077
-2060
-2045
-2036
-2033
-2026
-2014
-2009
-2002
-2003
-2007
-2010
-2014
-2019
-2024
-2024
-2018
-2010
-1993
-1973
-1942
-1901
-1857
-1810
-1760
-1700
-1637
-1576
-1514
-1462
-1412
-1358
-1300
-1238
-1173
-1094
-1007
-914
-804
-688
-560
-419
-273
-126
24
178
326
464
599
727
857
985
1107
1229
1355
1481
1613
1749
1894
2038
2180
2321
2455
2593
2742
2903
3060
3228
3396
3564
3735
3897
4051
4194
4321
4426
4499
4554
4586
4609
4622
4614
4576
4503
4403
4272
4112
3930
3720
3485
3222
2918
2572
2183
1761
1294
773
218
-370
-966
-1557
-2141
-2710
-3259
-3778
-4270
-4732
-5156
-5549
-5908
-6242
-6554
-6841
-7097
-7316
-7507
-7667
-7797
-7903
-7977
-8022
-8039
-8030
-7990
-7922
-7836
-7722
-7585
-7427
-7253
-7072
-6888
-6704
-6519
-6336
-6165
-5993
-5829
-5659
-5482
-5303
-5118
-4928
-4728
-4527
-4333
-4139
-3954
-3768
-3586
-3413
-3247
-3087
-2923
-2763
-2611
-2459
-2318
-2180
-2050
-1934
-1834
-1742
-1653
-1571
-1495
-1422
-1360
-1299
-1244
-1199
-1163
-1132
-1102
-1081
-1060
-1038
-1015
-986
-959
-938
-918
-888
-857
-821
-792
-759
-729
-697
-678
-670
-676
-687
-703
-734
-764
-798
-828
-850
-867
-871
-865
-846
-817
-787
-751
-717
-676
-633
-597
-564
-536
-506
-481
-463
-445
-435
-428
-422
-421
-425
-423
-408
-387
-364
-335
-310
-286
-269
-262
-262
-259
-248
-237
-220
-196
-167
-131
-96
-67
-46
-26
-12
-10
-13
-22
-32
-38
-46
-61
-81
-95
-102
-109
-103
-97
-84
-67
-51
-35
-15
16
54
90
131
164
202
242
278
305
324
345
365
384
408
423
436
441
435
421
404
391
373
354
338
319
312
310
309
302
298
297
293
291
290
293
303
317
328
333
334
328
311
287
267
249
238
231
217
211
218
231
241
252
257
268
288
311
343
379
428
479
523
572
612
652
690
720
741
751
761
769
775
785
791
800
810
821
832
847
866
881
894
911
925
945
965
976
976
974
971
962
953
945
942
952
970
995
1026
1066
1110
1149
1180
1199
1213
1225
1233
1234
1227
1222
1215
1201
1194
1183
1174
1169
1160
1152
1147
1154
1168
1180
1204
1225
1256
1294
1330
1367
1403
1445
1482
1517
1556
1594
1641
1686
1724
1755
1782
1810
1834
1857
1883
1907
1939
1974
2007
2034
2062
2083
2091
2094
2091
2086
2088
2091
2095
2100
2113
2131
2145
2159
2170
2185
2210
2241
2269
2310
2360
2412
2455
2487
2507
2524
2543
2565
2589
2612
2647
2688
2721
2760
2786
2818
2849
2873
2886
2896
2911
2923
2934
2947
2954
2965
2974
2980
2983
2991
3005
3018
3032
3050
3066
3091
3121
3152
3182
3216
3252
3279
3303
3323
3340
3360
3379
3395
3411
3435
3466
3500
3541
3580
3620
3659
3695
3725
3748
3777
3807
3829
3850
3859
3860
3852
3828
3794
3756
3727
3708
3690
3684
3674
3671
3670
3667
3662
3658
3661
3666
3674
3687
3699
3720
3746
3769
3787
3804
3822
3835
3847
3861
3871
3884
3896
3903
3909
3920
3937
3948
3958
3962
3963
3968
3972
3973
3973
3976
3982
3983
3988
3987
3985
3986
3982
3977
3972
3978
3989
3995
4000
3998
3994
3989
3982
3962
3946
3933
3927
3916
3914
3903
3893
3873
3837
3785
3719
3647
3573
3499
3432
3369
3322
3283
3242
3193
3137
3076
3004
2924
2840
2748
2662
2585
2514
2448
2392
2345
2297
2253
2208
2161
2118
2077
2035
1991
1951
1913
1868
1826
1780
1743
1714
1686
1658
1629
1609
1590
1564
1540
1506
1472
1436
1397
1361
1325
1296
1266
1228
1197
1163
1136
1114
1093
1071
1050
1027
995
953
908
852
799
746
691
633
579
531
480
429
382
341
318
308
304
302
305
310
305
295
277
250
222
189
151
106
60
15
-41
-98
-165
-229
-295
-368
-444
-523
-590
-649
-703
-743
-782
-812
-837
-861
-880
-898
-906
-908
-912
-911
-907
-905
-893
-877
-866
-855
-851
-852
-857
-858
-865
-868
-870
-868
-870
-869
-862
-856
-847
-834
-819
-799
-780
-762
-747
-731
-708
-689
-673
-667
-672
-681
-696
-720
-752
-781
-804
-832
-853
-877
-893
-902
-912
-922
-933
-936
-938
-944
-948
-961
-974
-989
-1011
-1037
-1067
-1088
-1111
-1137
-1160
-1181
-1189
-1184
-1173
-1160
-1141
-1115
-1090
-1065
-1038
-1016
-990
-965
-946
-937
-932
-930
-938
-953
-972
-996
-1018
-1043
-1068
-1088
-1097
-1097
-1100
-1101
-1106
-1115
-1123
-1139
-1164
-1195
-1222
-1245
-1272
-1290
-1311
-1329
-1340
-1351
-1357
-1359
-1348
-1332
-1319
-1302
-1290
-1266
-1239
-1213
-1185
-1154
-1111
-1066
-1024
-984
-953
-933
-909
-890
-877
-864
-863
-874
-890
-909
-928
-948
-971
-996
-1019
-1039
-1049
-1065
-1079
-1096
-1117
-1138
-1158
-1178
-1201
-1218
-1231
-1246
-1259
-1270
-1279
-1282
-1281
-1278
-1273
-1255
-1227
-1201
-1165
-1133
-1097
-1059
-1030
-1011
-1002
-993
-986
-986
-983
-985
-979
-968
-958
-953
-955
-953
-955
-961
-967
-979
-988
-996
-1003
-1007
-1006
-996
-985
-977
-971
-969
-964
-960
-960
-962
-959
-951
-949
-949
-949
-952
-950
-950
-955
-963
-964
-959
-953
-942
-933
-926
-916
-907
-902
-903
-899
-894
-901
-906
-923
-939
-953
-968
-982
-996
-1005
-1014
-1028
-1035
-1045
-1046
-1042
-1040
-1039
-1040
-1034
-1032
-1035
-1036
-1038
-1033
-1024
-1013
-996
-970
-938
-907
-879
-851
-820
-797
-776
-771
-772
-774
-779
-800
-822
-848
-880
-907
-940
-977
-1014
-1045
-1074
-1098
-1107
-1108
-1099
-1082
-1063
-1049
-1042
-1032
-1019
-1010
-992
-977
-958
-934
-910
-889
-871
-851
-831
-818
-800
-791
-782
-775
-772
-770
-766
-758
-756
-760
-763
-770
-776
-788
-806
-826
-839
-841
-840
-836
-829
-830
-832
-838
-851
-868
-885
-897
-912
-922
-929
-931
-927
-925
-925
-926
-924
-922
-923
-922
-925
-924
-918
-914
-914
-923
-929
-938
-957
-971
-989
-1002
-1008
-1011
-1013
-1015
-1010
-1004
-1005
-1000
-1003
-1001
-993
-988
-985
-983
-978
-977
-979
-981
-990
-995
-1000
-1006
-1011
-1009
-993
-972
-945
-912
-878
-835
-793
-755
-720
-683
-655
-637
-627
-621
-611
-595
-579
-577
-585
-598
-606
-618
-627
-642
-653
-668
-692
-724
-766
-806
-841
-874
-899
-926
-944
-957
-971
-990
-1011
-1022
-1034
-1051
-1064
-1084
-1099
-1106
-1110
-1112
-1109
-1098
-1084
-1072
-1060
-1055
-1049
-1043
-1040
-1037
-1031
-1020
-1013
-1008
-1004
-1002
-992
-979
-966
-957
-947
-934
-926
-920
-919
-918
-910
-900
-889
-878
-859
-835
-819
-805
-802
-801
-803
-812
-826
-846
-861
-879
-902
-919
-940
-950
-947
-941
-936
-931
-920
-909
-914
-922
-942
-960
-975
-993
-1014
-1031
-1041
-1047
-1047
-1038
-1027
-1006
-984
-969
-959
-952
-943
-942
-946
-958
-976
-991
-1006
-1022
-1040
-1053
-1059
-1063
-1066
-1065
-1063
-1057
-1049
-1050
-1059
-1060
-1059
-1053
-1046
-1050
-1053
-1053
-1056
-1058
-1062
-1054
-1045
-1041
-1037
-1043
-1049
-1056
-1062
-1066
-1066
-1052
-1037
-1030
-1022
-1019
-1014
-1009
-1009
-1016
-1025
-1028
-1033
-1039
-1041
-1048
-1053
-1057
-1065
-1075
-1082
-1080
-1078
-1072
-1064
-1055
-1039
-1020
-997
-972
-940
-903
-873
-841
-811
-787
-761
-739
-724
-715
-708
-707
-722
-738
-760
-772
-772
-768
-761
-757
-749
-747
-754
-767
-790
-814
-843
-876
-909
-938
-952
-959
-963
-957
-953
-942
-929
-918
-905
-888
-861
-832
-801
-767
-735
-701
-669
-647
-637
-638
-642
-655
-668
-681
-694
-702
-710
-720
-735
-747
-753
-760
-758
-752
-739
-720
-702
-692
-686
-674
-662
-655
-661
-676
-683
-682
-679
-677
-680
-674
-666
-662
-653
-646
-632
-611
-589
-565
-535
-491
-444
-400
-349
-306
-264
-221
-183
-145
-105
-60
-18
18
53
79
102
116
114
100
79
54
18
-22
-65
-107
-138
-163
-180
-193
-195
-192
-192
-190
-189
-186
-176
-164
-148
-127
-93
-53
-20
16
38
56
77
97
117
132
148
162
172
183
181
180
182
178
172
168
178
191
200
212
219
229
242
254
266
278
295
307
316
330
344
365
384
396
