0
-3
-6
-6
-4
-7
-7
-8
-4
12
30
54
77
107
138
161
186
200
211
221
221
216
209
212
220
223
237
244
250
255
251
245
236
228
214
198
186
175
178
189
186
178
156
130
98
58
29
-1
-19
-35
-43
-44
-32
-15
-9
-7
-15
-28
-41
-60
-81
-102
-116
-122
-128
-125
-125
-124
-123
-131
-142
-152
-151
-147
-149
-141
-136
-129
-123
-123
-125
-130
-127
-124
-125
-116
-109
-94
-74
-59
-45
-32
-16
-5
2
10
15
22
30
31
28
25
29
30
32
37
44
60
78
92
106
126
150
168
183
195
206
225
246
266
286
307
325
332
338
335
335
342
346
352
354
361
366
364
365
361
355
349
335
312
277
243
208
168
142
115
93
72
47
20
-6
-27
-52
-81
-111
-148
-178
-201
-222
-240
-264
-276
-287
-299
-303
-314
-316
-308
-298
-279
-259
-237
-221
-201
-187
-177
-165
-154
-147
-138
-123
-99
-79
-52
-31
-6
21
38
53
63
79
95
103
109
106
101
95
79
60
40
33
32
34
54
76
101
123
137
145
150
149
135
106
72
32
0
-27
-51
-68
-73
-62
-47
-26
-2
20
44
66
83
96
110
126
131
133
127
111
95
77
57
36
19
5
-18
-34
-50
-62
-68
-76
-81
-84
-75
-57
-34
-2
26
57
88
106
118
122
130
135
132
134
132
134
141
144
145
148
160
173
180
182
174
164
152
137
124
116
117
116
115
117
116
122
131
141
161
176
192
194
196
199
201
202
201
197
191
192
200
201
213
217
213
212
205
195
179
169
162
157
167
177
194
210
215
211
198
189
178
163
155
146
150
163
173
183
193
208
219
219
214
197
179
159
137
122
115
113
103
92
81
63
46
25
4
-17
-35
-46
-54
-55
-55
-58
-61
-73
-90
-113
-131
-146
-165
-170
-172
-164
-147
-133
-125
-124
-123
-122
-122
-108
-90
-58
-19
14
48
80
119
154
184
214
238
261
280
289
292
296
306
314
320
331
341
356
370
379
386
395
409
417
428
438
441
439
421
386
335
280
221
164
119
91
68
56
41
22
3
-13
-22
-37
-35
-33
-21
-3
11
28
48
72
89
96
105
103
105
110
110
111
111
121
126
126
124
116
111
112
112
116
117
122
121
116
111
105
103
101
95
89
87
94
97
103
111
118
132
142
149
155
169
192
214
238
260
281
303
317
322
312
296
272
231
194
153
116
89
69
59
55
59
65
68
84
103
133
172
207
246
282
313
329
330
325
307
286
258
221
181
145
124
108
98
96
90
89
85
76
59
38
17
-9
-27
-38
-41
-36
-35
-40
-53
-65
-74
-80
-74
-56
-22
28
74
121
162
198
228
241
247
251
248
248
234
211
178
149
119
82
58
39
31
33
34
37
40
46
51
56
62
61
63
66
66
71
85
114
148
189
234
272
308
336
354
364
368
365
344
318
286
250
219
185
146
102
60
26
-4
-21
-35
-42
-42
-42
-37
-34
-23
-14
-11
-2
7
23
45
61
76
90
112
132
138
147
149
154
160
156
150
146
150
150
147
149
151
163
180
197
216
240
274
307
342
379
409
437
453
453
435
405
364
303
239
171
102
42
-12
-57
-92
-113
-122
-130
-132
-131
-120
-98
-78
-55
-34
-5
22
40
57
71
79
95
99
98
97
100
106
107
110
104
100
98
92
92
94
103
109
111
121
130
146
161
175
189
206
230
248
261
271
278
282
277
267
254
243
234
213
189
161
131
110
90
67
43
25
14
-1
-11
-22
-24
-15
-5
10
25
41
52
53
51
40
30
22
7
-10
-28
-36
-42
-51
-50
-57
-64
-70
-79
-87
-92
-89
-82
-71
-52
-33
-8
16
33
41
46
52
53
53
57
65
82
99
112
120
130
142
147
156
161
163
170
173
171
166
163
162
155
155
152
150
155
162
178
199
232
270
304
337
355
367
374
369
355
343
342
354
361
377
390
398
407
399
383
358
340
320
303
289
265
246
226
197
158
116
76
31
-3
-24
-36
-36
-36
-36
-39
-37
-36
-42
-48
-56
-69
-78
-88
-99
-111
-119
-124
-137
-144
-154
-157
-150
-142
-131
-119
-102
-84
-70
-51
-38
-25
-13
-11
-10
-11
-2
9
18
36
50
67
84
95
106
122
149
178
208
241
268
294
315
325
327
330
338
341
347
359
379
414
456
499
537
570
595
610
622
629
629
625
610
588
560
535
509
471
440
403
371
345
319
300
290
294
304
311
325
334
348
361
365
370
374
387
396
403
419
431
450
478
504
527
548
563
583
601
630
653
681
707
733
759
788
819
847
875
903
932
974
1012
1043
1070
1101
1133
1160
1186
1205
1220
1239
1254
1264
1273
1295
1325
1348
1374
1387
1392
1390
1375
1354
1328
1306
1286
1264
1252
1236
1224
1211
1182
1148
1102
1054
999
946
905
867
834
795
743
681
616
557
497
440
391
345
309
281
253
226
203
187
169
153
142
133
134
138
144
152
166
181
188
192
189
184
181
172
160
143
135
130
117
114
111
113
123
132
145
158
179
204
222
245
261
282
307
321
329
330
333
334
337
349
362
382
401
408
407
397
384
369
346
329
307
276
238
186
124
65
6
-55
-109
-158
-205
-236
-262
-279
-293
-304
-311
-324
-338
-357
-375
-389
-409
-432
-458
-476
-490
-511
-526
-545
-558
-563
-565
-565
-561
-542
-515
-490
-449
-407
-356
-300
-249
-203
-167
-135
-118
-112
-111
-118
-124
-129
-137
-144
-147
-141
-134
-122
-103
-84
-60
-36
-21
-15
-14
-11
-16
-22
-32
-46
-56
-65
-74
-79
-74
-61
-49
-36
-25
-15
-2
4
4
-4
-12
-23
-46
-66
-91
-117
-140
-169
-200
-233
-257
-278
-298
-300
-301
-292
-279
-269
-261
-255
-246
-239
-235
-228
-223
-212
-199
-187
-175
-162
-144
-128
-113
-96
-80
-68
-51
-42
-28
-10
8
25
44
65
81
96
97
92
84
84
95
102
119
135
148
156
151
138
116
100
83
62
50
41
43
51
55
51
37
28
21
10
12
13
24
46
72
102
136
174
209
248
303
368
453
555
667
795
943
1112
1289
1469
1652
1834
2024
2216
2409
2607
2821
3050
3280
3518
3759
4001
4252
4504
4756
5008
5265
5529
5790
6058
6317
6568
6815
7050
7278
7495
7715
7940
8160
8387
8609
8827
9031
9205
9353
9474
9583
9674
9738
9787
9806
9801
9775
9719
9631
9514
9371
9197
8989
8744
8445
8094
7688
7220
6699
6133
5535
4905
4253
3586
2902
2220
1546
890
259
-339
-903
-1444
-1953
-2424
-2859
-3256
-3613
-3941
-4224
-4462
-4653
-4813
-4926
-5004
-5040
-5036
-5010
-4957
-4878
-4771
-4644
-4507
-4353
-4198
-4038
-3876
-3722
-3571
-3422
-3263
-3104
-2953
-2798
-2649
-2504
-2365
-2239
-2123
-2011
-1902
-1801
-1714
-1637
-1574
-1511
-1452
-1403
-1358
-1315
-1265
-1216
-1163
-1106
-1053
-995
-937
-878
-819
-756
-688
-626
-563
-509
-464
-423
-392
-371
-354
-334
-310
-292
-265
-242
-214
-182
-157
-132
-110
-83
-60
-47
-36
-37
-38
-38
-44
-52
-58
-55
-54
-60
-58
-58
-53
-41
-28
-11
10
38
64
88
115
136
163
196
232
277
335
408
480
546
600
634
659
673
681
690
714
754
792
828
848
850
840
809
754
686
611
532
444
358
283
225
184
154
130
109
97
86
69
61
47
46
53
58
67
73
85
93
93
97
96
100
112
126
143
164
184
197
208
225
238
250
259
264
269
277
296
313
332
351
369
393
413
430
443
456
467
473
483
496
514
540
566
590
606
625
646
660
684
709
741
784
827
873
918
966
1012
1050
1090
1123
1161
1202
1234
1260
1276
1291
1296
1287
1270
1240
1204
1160
1103
1041
983
938
896
858
830
806
794
785
777
772
773
782
788
795
803
811
828
845
863
880
903
928
950
973
995
1013
1029
1031
1026
1014
1007
1003
998
996
1000
1007
1026
1048
1067
1095
1131
1172
1212
1255
1289
1333
1384
1433
1490
1541
1598
1649
1690
1728
1763
1800
1838
1870
1905
1944
1990
2029
2060
2085
2098
2105
2097
2074
2041
2005
1974
1937
1909
1890
1875
1871
1870
1874
1879
1893
1909
1921
1939
1960
1982
2008
2027
2042
2051
2065
2081
2093
2115
2137
2164
2196
2229
2265
2306
2356
2410
2457
2511
2559
2612
2667
2713
2755
2793
2835
2876
2915
2956
2992
3032
3075
3117
3162
3209
3262
3311
3359
3410
3456
3501
3537
3557
3565
3572
3585
3594
3608
3623
3639
3663
3688
3717
3748
3786
3826
3858
3886
3906
3925
3947
3966
3984
4000
4027
4060
4087
4117
4139
4155
4167
4168
4159
4141
4122
4107
4087
4069
4053
4037
4037
4039
4047
4055
4073
4088
4097
4104
4098
4093
4095
4096
4100
4110
4134
4160
4186
4215
4236
4255
4267
4270
4266
4259
4257
4249
4247
4248
4257
4276
4297
4315
4330
4343
4353
4357
4364
4368
4374
4384
4386
4384
4371
4358
4338
4306
4278
4248
4223
4204
4182
4161
4142
4139
4145
4145
4148
4138
4121
4099
4064
4025
3985
3951
3920
3889
3864
3834
3811
3783
3739
3681
3615
3547
3470
3389
3309
3227
3151
3072
2988
2900
2813
2731
2644
2563
2483
2401
2326
2250
2170
2087
2005
1926
1850
1786
1725
1673
1635
1602
1575
1548
1527
1505
1475
1449
1418
1387
1358
1323
1284
1244
1213
1183
1143
1111
1071
1034
1009
983
955
930
896
859
822
787
753
723
695
662
628
586
548
507
474
449
427
419
411
401
390
382
379
366
354
342
333
327
315
293
265
240
217
185
155
122
93
73
46
17
-16
-46
-82
-130
-175
-221
-260
-292
-325
-355
-388
-414
-440
-468
-483
-500
-516
-530
-550
-570
-586
-596
-607
-617
-623
-636
-648
-664
-687
-712
-738
-759
-787
-814
-834
-844
-838
-827
-819
-817
-814
-809
-812
-811
-807
-798
-781
-765
-755
-749
-743
-738
-741
-745
-761
-783
-803
-832
-863
-897
-924
-945
-969
-986
-1002
-1005
-996
-988
-973
-954
-922
-889
-861
-828
-801
-768
-727
-687
-648
-609
-574
-539
-514
-494
-488
-498
-522
-558
-605
-652
-702
-760
-815
-861
-902
-927
-948
-961
-973
-977
-978
-985
-993
-1010
-1034
-1056
-1079
-1103
-1125
-1144
-1157
-1172
-1179
-1192
-1207
-1219
-1235
-1248
-1259
-1264
-1264
-1263
-1254
-1250
-1240
-1222
-1203
-1175
-1146
-1105
-1064
-1025
-979
-937
-890
-844
-807
-779
-759
-739
-728
-724
-723
-735
-746
-758
-775
-796
-820
-841
-868
-891
-909
-925
-931
-934
-934
-929
-914
-893
-875
-853
-833
-817
-798
-784
-777
-776
-774
-772
-784
-796
-816
-838
-856
-879
-902
-923
-936
-945
-958
-964
-975
-982
-984
-992
-998
-1007
-1006
-1005
-1005
-994
-985
-972
-958
-948
-941
-936
-930
-931
-935
-935
-942
-946
-950
-956
-965
-969
-981
-994
-1010
-1017
-1016
-1005
-992
-973
-952
-923
-891
-868
-852
-841
-840
-844
-853
-865
-881
-894
-904
-923
-936
-954
-969
-979
-995
-1009
-1017
-1009
-989
-965
-928
-894
-856
-818
-791
-769
-754
-733
-717
-702
-680
-657
-628
-598
-575
-563
-561
-566
-584
-611
-633
-654
-666
-674
-685
-698
-711
-724
-745
-769
-798
-830
-858
-884
-907
-920
-917
-904
-889
-868
-847
-831
-818
-817
-824
-836
-843
-847
-860
-868
-883
-896
-901
-902
-895
-881
-855
-823
-795
-761
-738
-713
-691
-683
-677
-678
-677
-683
-693
-702
-711
-711
-708
-712
-723
-739
-752
-769
-787
-798
-805
-801
-794
-789
-786
-779
-764
-757
-751
-746
-740
-733
-722
-715
-702
-676
-648
-615
-582
-549
-519
-491
-482
-482
-489
-484
-478
-482
-480
-487
-499
-513
-537
-569
-608
-639
-668
-700
-713
-724
-724
-723
-731
-744
-760
-771
-782
-792
-795
-799
-794
-784
-776
-768
-759
-749
-749
-756
-765
-780
-787
-788
-790
-794
-792
-779
-769
-759
-751
-749
-742
-738
-735
-732
-724
-713
-707
-702
-702
-703
-700
-702
-707
-722
-738
-755
-779
-793
-807
-813
-809
-803
-792
-777
-749
-718
-694
-664
-644
-625
-608
-598
-589
-583
-575
-571
-567
-557
-547
-533
-518
-507
-498
-490
-482
-481
-484
-485
-485
-473
-457
-444
-435
-431
-431
-444
-464
-492
-526
-554
-577
-604
-619
-621
-617
-611
-610
-614
-611
-607
-605
-614
-637
-660
-681
-709
-728
-752
-765
-769
-776
-784
-794
-801
-813
-834
-847
-864
-873
-874
-873
-870
-863
-853
-849
-850
-850
-855
-856
-857
-864
-867
-863
-847
-830
-808
-782
-760
-736
-713
-693
-675
-656
-639
-637
-644
-659
-683
-708
-741
-780
-819
-850
-868
-879
-872
-863
-850
-832
-822
-813
-811
-805
-800
-798
-788
-781
-770
-755
-745
-737
-735
-729
-725
-728
-726
-729
-728
-723
-722
-721
-717
-706
-696
-686
-669
-656
-640
-626
-622
-625
-634
-644
-662
-686
-708
-734
-753
-768
-781
-786
-778
-757
-739
-714
-690
-673
-655
-646
-650
-661
-676
-693
-720
-743
-770
-787
-793
-790
-789
-792
-795
-805
-825
-844
-872
-894
-907
-920
-927
-932
-926
-916
-914
-906
-898
-880
-851
-820
-786
-751
-717
-695
-689
-688
-692
-688
-686
-690
-696
-696
-689
-689
-692
-694
-700
-701
-700
-701
-704
-706
-708
-715
-716
-716
-719
-721
-733
-757
-790
-823
-852
-882
-902
-922
-933
-932
-932
-928
-924
-909
-888
-872
-851
-835
-815
-793
-777
-764
-758
-748
-746
-755
-764
-777
-786
-789
-792
-791
-781
-763
-747
-738
-732
-733
-728
-723
-726
-732
-739
-743
-753
-764
-773
-785
-793
-806
-823
-841
-852
-852
-850
-840
-827
-816
-801
-790
-782
-774
-760
-742
-736
-728
-729
-728
-721
-715
-706
-705
-698
-694
-690
-690
-696
-701
-701
-697
-691
-681
-665
-647
-633
-611
-596
-580
-562
-548
-543
-542
-536
-533
-537
-540
-548
-554
-561
-574
-590
-608
-622
-642
-660
-677
-693
-700
-707
-716
-724
-726
-721
-718
-712
-708
-708
-705
-706
-713
-728
-742
-758
-782
-794
-803
-804
-798
-793
-786
-780
-768
-755
-744
-726
-714
-700
-684
-676
-666
-656
-641
-631
-632
-635
-648
-659
-665
-674
-679
-677
-660
-640
-621
-604
-601
-603
-608
-621
-635
-648
-657
-673
-687
-699
-714
-727
-746
-768
-791
-808
-821
-833
-837
-837
-834
-826
-822
-819
-822
-817
-809
-810
-800
-793
-780
-757
-733
-706
-679
-646
-614
-589
-560
-539
-522
-503
-492
-485
-479
-473
-478
-482
-493
-505
-518
-531
-550
-561
-563
-547
-525
-495
-459
-426
-392
-365
-352
-345
-342
-338
-343
-343
-339
-333
-318
-303
-290
-287
-288
-292
-305
-322
-346
-372
-389
-406
-422
-438
-445
-452
-467
-474
-485
-492
-492
-492
-493
-495
-492
-487
-487
-482
-486
-490
-495
-509
-522
-536
-544
-553
-565
-577
-596
-613
-626
-638
-643
-640
-623
-603
-581
-555
-533
-510
-490
-479
-474
-469
-459
-458
-454
-452
-454
-453
-458
-468
-485
-501
-517
-537
-556
-573
-578
-569
-556
-541
-529
-512
-493
-480
-459
-443
-426
-407
-391
-374
-355
-330
-308
-296
-280
-277
-278
-282
-297
-316
-334
-349
-366
-378
-387
-388
-386
-380
-372
-365
-353
-331
-319
-310
-297
-286
-271
-260
-261
-266
-271
-275
-288
-303
-322
-342
-354
-365
-377
-389
-398
-407
-418
-419
-419
-418
-412
-407
-402
-405
-408
-418
-441
-465
-493
-519
-538
-554
-566
-574
-570
-559
-552
-535
-522
-507
-491
-481
-468
-449
-419
-389
-360
-326
-298
-266
-238
-218
-211
-216
-225
-244
-265
-282
-297
-299
-296
-294
-296
-300
-308
-331
-358
-388
-417
-437
-455
-472
-486
-495
-503
-517
-527
-540
-550
-557
-565
-571
-576
-569
-560
-555
-546
-541
-536
-527
-521
-516
-513
-502
-488
-481
-465
-457
-446
-432
-422
-411
-401
-391
-382
-376
-364
-356
-340
-329
-319
-311
-294
-279
-271
-265
-258
-247
-229
-207
-190
-172
-153
-132
-121
-115
-113
-112
-110
-113
-121
-137
-153
-167
-185
-199
-217
-236
-253
-275
-295
-317
-333
-348
-364
-372
-383
-396
-406
-423
-441
-458
-463
-465
-471
-468
-470
-472
-474
-487
-502
-518
-529
-540
-551
-554
-556
-546
-530
-513
-495
-475
-451
-432
-412
-389
-365
-334
-303
-275
-252
-228
-209
-204
-201
-203
-206
-202
-198
-196
-192
-180
-164
-154
-142
-134
-125
-111
-102
-95
-89
-74
-55
-37
-12
9
30
52
65
77
88
106
120
123
131
130
125
113
89
61
34
15
-7
-30
-43
-54
-53
-50
-51
-56
-68
-86
-119
-163
-209
-251
-287
-322
-351
-385
-400
-412
-425
-441
-458
-479
-493
-506
-518
-527
-524
-515
-513
-505
-496
-485
-468
-453
-436
-417
-390
-359
-335
-314
-303
-293
-285
-287
-291
-300
-300
-297
-292
-277
-264
-247
-227
-210
-192
-176
-154
-133
-111
-85
-60
-27
7
34
50
59
62
50
30
6
-17
-32
-45
-59
-74
-83
-91
-108
-128
-153
-177
-192
-202
-209
-213
-215
-221
-243
-263
-292
-322
-349
-382
-413
-439
-452
-454
-454
-446
-443
-435
-423
-416
-409
-408
-401
-395
-389
-372
-354
-325
-292
-262
-236
-213
-188
-169
-156
-144
-139
-130
-119
-110
-103
-93
-80
-76
-75
-78
-87
-95
-102
-108
-111
-95
-75
-51
-29
-18
-6
12
29
45
53
64
80
91
107
119
132
155
171
189
215
249
284
309
336
346
343
326
284
228
158
88
15
-58
-120
-177
-222
-261
-299
-334
-366
-394
-424
-451
-467
-480
-480
-476
-477
-480
-482
-480
-482
-480
-479
-480
-475
-467
-456
-444
-426
-403
-385
-365
-343
-324
-305
-293
-285
-281
-270
-258
-254
-240
-228
-211
-188
-170
-153
-140
-126
-112
-106
-91
-81
-68
-55
-52
-48
-45
-33
-22
-10
10
32
64
100
137
175
209
244
268
286
305
315
316
303
280
252
227
208
187
168
151
134
121
102
78
52
26
-1
-31
-55
-82
-100
-118
-133
-149
-171
-187
-204
-224
-232
-243
-259
-268
-282
-292
-304
-314
-318
-326
-324
-325
-316
-302
-298
-294
-292
-288
-290
-296
-303
-314
-318
-317
-317
-315
-305
-287
-270
-252
-231
-210
-180
-151
-128
-108
-86
-59
-36
-11
16
43
74
99
118
133
146
162
176
195
214
229
238
229
207
171
136
103
66
44
25
14
13
11
4
-15
-39
-76
-128
-172
-221
-258
-283
-305
-322
-336
-342
-349
-356
-356
-356
-343
-320
-296
-273
-249
-220
-192
-165
-132
-99
-58
-17
21
56
95
141
179
216
246
270
296
316
329
335
341
350
360
379
400
427
461
492
519
540
563
584
600
625
641
662
677
694
709
723
738
749
746
749
743
738
734
725
708
686
666
643
618
590
560
537
517
497
479
463
449
432
415
403
391
388
386
382
373
366
365
360
360
360
364
378
392
404
417
434
457
476
499
520
544
575
602
627
640
654
664
670
686
700
717
735
742
744
740
737
726
703
687
667
652
640
624
606
588
575
562
549
539
526
517
510
500
487
475
469
462
456
453
449
451
450
444
435
424
413
392
374
358
339
326
308
284
260
240
226
210
205
204
212
231
244
256
263
268
264
249
232
207
178
144
109
73
36
9
-27
-63
-89
-117
-137
-157
-178
-194
-205
-216
-231
-251
-267
-288
-307
-323
-342
-358
-368
-368
-368
-367
-361
-359
-354
-356
-364
-378
-390
-399
-412
-420
-431
-446
-456
-466
-476
-486
-490
-493
-502
-500
-499
-486
-459
-433
-411
-400
-390
-388
-400
-412
-429
-440
-444
-450
-453
-455
-440
-425
-420
-412
-407
-401
-395
-396
-401
-404
-401
-399
-398
-394
-395
-394
-395
-405
-417
-425
-427
-432
-433
-426
-416
-398
-384
-376
-375
-379
-387
-403
-417
-432
-447
-453
-458
-466
-480
-494
-507
-533
-558
-589
-614
-629
-643
-653
-662
-662
-661
-668
-671
-680
-685
-685
-689
-689
-689
-678
-672
-664
-653
-641
-628
-620
-613
-609
-597
-577
-559
-552
-541
-535
-524
-512
-508
-503
-496
-484
-473
-454
-432
-415
-392
-371
-350
-330
-308
-288
-278
-267
-262
-264
-268
-284
-313
-355
-399
-440
-488
-527
-566
-594
-607
-617
-618
-616
-604
-591
-584
-577
-579
-578
-576
-580
-583
-588
-584
-575
-559
-525
-486
-439
-381
-318
-241
-146
-28
107
261
436
624
831
1053
1281
1511
1741
1972
2194
2415
2637
2860
3096
3339
3585
3834
4092
4358
4623
4893
5161
5429
5702
5974
6242
6504
6770
7038
7296
7562
7826
8089
8352
8604
8846
9077
9300
9508
9696
9872
10021
10154
10271
10357
10413
10433
10423
10381
10307
10209
10077
9917
9726
9490
9201
8860
8470
8013
7502
6930
6313
5662
4984
4278
3556
2827
2107
1393
701
38
-590
-1175
-1730
-2249
-2732
-3173
-3570
-3922
-4222
-4475
-4680
-4835
-4951
-5033
-5087
-5110
-5110
-5093
-5046
-4984
-4906
-4812
-4712
-4608
-4501
-4387
-4272
-4163
-4048
-3940
-3832
-3723
-3617
-3507
-3391
-3262
-3129
-2993
-2852
-2718
-2589
-2468
-2357
-2250
-2148
-2044
-1945
-1852
-1757
-1667
-1574
-1484
-1402
-1325
-1250
-1171
-1100
-1027
-955
-887
-814
-743
-676
-615
-555
-497
-448
-402
-363
-327
-296
-280
-273
-278
-281
-290
-316
-341
-372
-401
-423
-448
-470
-487
-492
-490
-488
-476
-467
-453
-437
-430
-424
-418
-405
-393
-382
-364
-349
-332
-316
-309
-306
-306
-301
-297
-292
-283
-269
-247
-231
-216
-215
-210
-199
-198
-190
-185
-178
-160
-140
-127
-116
-102
-82
-70
-59
-53
-50
-44
-42
-39
-40
-34
-25
-19
-5
6
18
31
37
43
51
69
93
117
153
187
220
252
272
283
286
286
281
274
273
268
266
264
255
243
229
223
212
202
198
195
197
197
192
185
183
186
178
170
157
140
127
114
104
101
109
123
133
149
165
187
215
239
260
277
302
331
355
385
411
435
458
470
475
471
471
473
470
483
494
509
526
533
534
533
541
555
575
611
648
688
723
748
771
794
823
847
867
885
896
907
909
905
885
869
851
822
796
759
722
692
664
642
619
599
588
580
578
575
567
563
555
551
548
558
571
583
604
620
636
654
670
685
697
720
748
770
804
840
882
932
977
1022
1065
1105
1139
1167
1198
1230
1279
1338
1401
1466
1529
1592
1643
1690
1732
1769
1810
1845
1871
1886
1896
1904
1902
1900
1895
1886
1882
1874
1865
1863
1873
1896
1920
1955
1988
2022
2056
2081
2104
2125
2155
2191
2229
2278
2327
2380
2434
2477
2513
2541
2571
2597
2614
2643
2671
2703
2738
2769
2800
2834
2873
2913
2951
2990
3022
3056
3084
3105
3126
3150
3180
3203
3222
3242
3261
3291
3325
3359
3389
3425
3464
3496
3528
3555
3578
3603
3623
3645
3659
3686
3711
3734
3766
3795
3824
3862
3895
3928
3961
4000
4037
4071
4106
4128
4150
4173
4185
4193
4195
4202
4203
4199
4205
4208
4217
4232
4243
4250
4256
4265
4267
4263
4260
4256
4258
4258
4254
4249
4246
4247
4243
4236
4227
4218
4216
4217
4219
4225
4240
4258
4270
4283
4292
4295
4295
4287
4272
4254
4242
4234
4218
4208
4193
4179
4169
4154
4135
4113
4091
4064
4027
3994
3958
3928
3904
3876
3854
3835
3831
3832
3837
3852
3863
3868
3863
3839
3798
3743
3681
3603
3511
3414
3312
3219
3131
3042
2953
2868
2788
2697
2603
2507
2405
2299
2185
2063
1935
1810
1693
1579
1473
1373
1276
1186
1094
1002
911
830
758
690
642
589
543
497
446
399
349
313
281
251
232
213
198
187
165
142
109
79
46
6
-31
-67
-92
-110
-132
-157
-180
-196
-215
-240
-267
-303
-335
-368
-403
-440
-473
-503
-538
-573
-609
-646
-679
-712
-740
-765
-782
-790
-793
-785
-772
-758
-739
-725
-717
-716
-711
-702
-702
-698
-701
-704
-700
-703
-714
-737
-764
-792
-826
-847
-872
-891
-910
-940
-973
-1011
-1046
-1090
-1144
-1195
-1248
-1294
-1332
-1363
-1384
-1398
-1407
-1425
-1449
-1476
-1511
-1544
-1576
-1607
-1634
-1650
-1655
-1661
-1662
-1663
-1663
-1657
-1650
-1647
-1648
-1644
-1638
-1632
-1620
-1602
-1584
-1564
-1552
-1546
-1545
-1542
-1540
-1549
-1550
-1551
-1546
-1543
-1541
-1541
-1547
-1546
-1556
-1576
-1582
-1594
-1592
-1587
-1586
-1579
-1566
-1544
-1518
-1492
-1461
-1436
-1406
-1373
-1337
-1303
-1269
-1234
-1210
-1194
-1182
-1179
-1179
-1183
-1192
-1205
-1221
-1236
-1260
-1285
-1312
-1347
-1385
-1434
-1491
-1546
-1593
-1632
-1665
-1688
-1705
-1713
-1711
-1713
-1719
-1731
-1736
-1738
-1744
-1737
-1729
-1720
-1708
-1701
-1697
-1698
-1696
-1692
-1694
-1684
-1677
-1664
-1652
-1651
-1654
-1656
-1647
-1632
-1609
-1582
-1563
-1547
-1537
-1537
-1544
-1556
-1569
-1592
-1614
-1631
-1649
-1661
-1675
-1700
-1731
-1758
-1775
-1789
-1790
-1787
-1787
-1784
-1786
-1793
-1801
-1806
-1807
-1810
-1806
-1801
-1790
-1766
-1745
-1723
-1704
-1680
-1659
-1654
-1648
-1652
-1655
-1654
-1655
-1655
-1655
-1646
-1637
-1637
-1624
-1617
-1593
-1572
-1553
-1540
-1531
-1517
-1509
-1513
-1516
-1519
-1514
-1505
-1498
-1493
-1482
-1467
-1460
-1457
-1452
-1449
-1443
-1437
-1439
-1441
-1434
-1416
-1400
-1380
-1361
-1350
-1339
-1337
-1344
-1359
-1374
-1388
-1407
-1422
-1440
-1451
-1452
-1457
-1461
-1471
-1477
-1482
-1493
-1500
-1511
-1518
-1521
-1530
-1539
-1544
-1536
-1529
-1530
-1525
-1527
-1526
-1523
-1526
-1536
-1550
-1562
-1574
-1584
-1585
-1586
-1580
-1568
-1556
-1545
-1534
-1520
-1508
-1496
-1481
-1469
-1453
-1439
-1430
-1427
-1428
-1426
-1426
-1418
-1402
-1381
-1353
-1329
-1312
-1301
-1290
-1276
-1265
-1247
-1232
-1212
-1184
-1162
-1142
-1131
-1120
-1117
-1127
-1137
-1156
-1171
-1179
-1191
-1204
-1221
-1239
-1268
-1311
-1351
-1397
-1438
-1469
-1495
-1508
-1508
-1490
-1475
-1454
-1432
-1411
-1375
-1341
-1311
-1290
-1269
-1243
-1217
-1197
-1181
-1173
-1164
-1164
-1178
-1203
-1233
-1265
-1300
-1326
-1349
-1371
-1381
-1386
-1394
-1398
-1395
-1385
-1380
-1367
-1356
-1340
-1322
-1309
-1296
-1285
-1272
-1263
-1264
-1262
-1265
-1265
-1258
-1254
-1247
-1240
-1223
-1204
-1187
-1156
-1124
-1087
-1048
-1011
-968
-919
-869
-824
-784
-746
-722
-706
-706
-726
-760
-801
-843
-890
-933
-966
-992
-1005
-1016
-1032
-1052
-1070
-1089
-1117
-1143
-1168
-1192
-1208
-1225
-1243
-1264
-1279
-1289
-1301
-1301
-1301
-1294
-1279
-1269
-1256
-1246
-1231
-1221
-1220
-1216
-1219
-1220
-1220
-1227
-1235
-1244
-1241
-1234
-1229
-1214
-1197
-1177
-1155
-1139
-1129
-1120
-1110
-1107
-1107
-1110
-1116
-1113
-1111
-1110
-1112
-1116
-1106
-1096
-1071
-1039
-1002
-952
-896
-840
-784
-729
-669
-623
-578
-536
-493
-450
-419
-409
-428
-471
-541
-640
-747
-859
-956
-1032
-1099
-1149
-1185
-1200
-1202
-1202
-1197
-1200
-1206
-1215
-1231
-1245
-1256
-1255
-1257
-1269
-1279
-1292
-1303
-1311
-1320
-1331
-1343
-1350
-1356
-1364
-1367
-1373
-1372
-1371
-1373
-1374
-1371
-1360
-1354
-1344
-1334
-1325
-1309
-1296
-1284
-1272
-1254
-1229
-1208
-1187
-1170
-1157
-1143
-1136
-1128
-1121
-1107
-1090
-1084
-1075
-1070
-1062
-1048
-1032
-1011
-984
-947
-909
-878
-847
-823
-797
-774
-765
-760
-761
-759
-765
-781
-800
-830
-865
-902
-947
-990
-1026
-1051
-1069
-1082
-1085
-1086
-1080
-1075
-1076
-1082
-1090
-1088
-1097
-1099
-1108
-1120
-1127
-1137
-1146
-1157
-1173
-1187
-1205
-1218
-1231
-1245
-1253
-1258
-1261
-1266
-1261
-1256
-1261
-1259
-1259
-1254
-1243
-1233
-1224
-1213
-1195
-1172
-1155
-1133
-1121
-1110
-1097
-1095
-1095
-1096
-1090
-1083
-1074
-1058
-1044
-1026
-1004
-986
-969
-953
-928
-903
-876
-844
-820
-795
-774
-761
-754
-750
-750
-761
-771
-777
-779
-771
-756
-729
-692
-644
-587
-534
-484
-449
-430
-427
-448
-485
-533
-575
-617
-670
-718
-769
-815
-849
-881
-911
-938
-956
-967
-982
-991
-1012
-1039
-1071
-1117
-1166
-1218
-1259
-1293
-1322
-1338
-1349
-1348
-1338
-1327
-1314
-1300
-1281
-1269
-1263
-1255
-1246
-1228
-1204
-1179
-1154
-1126
-1093
-1067
-1040
-1011
-985
-952
-923
-887
-859
-830
-804
-793
-781
-778
-773
-773
-779
-790
-802
-804
-802
-799
-781
-760
-736
-707
-682
-663
-648
-632
-622
-627
-635
-659
-693
-736
-792
-846
-895
-927
-952
-973
-986
-997
-998
-997
-1000
-1001
-998
-989
-984
-982
-976
-973
-970
-978
-998
-1021
-1039
-1052
-1075
-1099
-1127
-1154
-1169
-1180
-1185
-1184
-1167
-1138
-1108
-1076
-1050
-1021
-988
-961
-937
-919
-895
-871
-853
-829
-810
-792
-773
-761
-752
-744
-728
-711
-700
-678
-660
-638
-615
-605
-605
-614
-625
-642
-661
-672
-678
-667
-646
-622
-599
-577
-552
-532
-513
-491
-469
-437
-407
-386
-377
-381
-397
-439
-490
-549
-614
-676
-735
-789
-831
-855
-867
-873
-862
-851
-833
-811
-803
-791
-790
-782
-783
-793
-798
-803
-809
-815
-828
-841
-859
-869
-874
-880
-874
-869
-857
-842
-834
-830
-827
-819
-814
-816
-818
-827
-826
-818
-814
-810
-805
-788
-774
-761
-745
-731
-712
-696
-686
-685
-686
-686
-695
-701
-704
-703
-690
-674
-660
-647
-631
-614
-604
-596
-598
-603
-609
-624
-643
-670
-696
-723
-750
-765
-777
-781
-775
-770
-762
-757
-745
-733
-731
-722
-719
-711
-698
-689
-681
-677
-669
-664
-662
-659
-664
-665
-665
-669
-670
-667
-657
-649
-641
-633
-627
-618
-609
-597
-584
-567
-549
-540
-529
-524
-522
-517
-514
-515
-515
-508
-495
-489
-478
-474
-469
-463
-472
-480
-496
-499
-504
-516
-519
-524
-518
-505
-504
-501
-495
-480
-466
-458
-443
-426
-396
-358
-316
-275
-236
-200
-179
-173
-177
-199
-226
-260
-299
-335
-368
-391
-409
-414
-415
-423
-429
-437
-444
-450
-446
-439
-440
-443
-457
-483
-510
-541
-574
-610
-641
-665
-690
-702
-711
-711
-696
-679
-660
-644
-629
-620
-618
-609
-602
-588
-567
-551
-537
-531
-519
-509
-504
-487
-471
-448
-419
-393
-369
-348
-327
-318
-317
-320
-329
-336
-345
-358
-372
-381
-382
-385
-389
-395
-402
-403
-404
-407
-406
-395
-376
-361
-340
-318
-295
-267
-242
-223
-205
-179
-141
-103
-50
4
60
118
161
190
205
210
208
182
159
123
100
80
49
15
-33
-72
-115
-161
-209
-256
-294
-324
-353
-385
-414
-437
-467
-502
-527
-550
-567
-582
-599
-616
-627
-628
-631
-633
-631
-632
-628
-629
-631
-634
-629
-618
-604
-585
-568
-550
-527
-506
-488
-473
-454
-433
-422
-406
-397
-387
-371
-361
-353
-349
-341
-331
-325
-311
-300
-280
-255
-235
-212
-188
-156
-129
-113
-105
-111
-122
-139
-166
-194
-216
-226
-238
-253
-265
-279
-282
-282
-283
-284
-278
-265
-257
-247
-238
-234
-230
-234
-245
-263
-280
-294
-308
-319
-332
-346
-355
-367
-379
-393
-398
-401
-411
-414
-421
-424
-419
-416
-411
-405
-396
-390
-395
-398
-411
-421
-426
-436
-442
-445
-429
-412
-397
-375
-367
-350
-332
-311
-291
-267
-238
-209
-182
-161
-150
-139
-136
-144
-158
-166
-167
-171
-167
-160
-153
-142
-134
-132
-133
-133
-129
-128
-123
-112
-95
-67
-41
-16
2
18
27
21
20
15
11
5
-15
-44
-80
-112
-146
-190
-223
-260
-289
-311
-332
-346
-353
-349
-338
-321
-296
-278
-261
-246
-237
-226
-210
-185
-163
-144
-129
-126
-132
-152
-187
-233
-280
-322
-364
-394
-419
-437
-443
-447
-448
-448
-445
-439
-434
-424
-410
-387
-351
-313
-273
-240
-202
-169
-148
-122
-100
-76
-44
-11
23
53
85
111
124
142
153
170
189
204
221
242
271
302
333
364
384
413
438
456
468
470
479
486
494
511
525
546
567
584
592
605
625
650
682
716
747
775
796
810
820
825
825
814
796
769
743
731
716
706
698
698
695
681
671
656
647
646
645
644
640
641
637
619
605
587
580
578
570
558
543
533
521
508
499
488
482
475
462
448
442
451
465
484
513
545
584
622
651
672
693
716
732
752
770
781
788
786
773
752
730
710
683
659
635
619
611
600
594
588
594
604
611
618
613
608
606
600
593
587
588
587
573
563
541
516
487
450
408
363
325
288
254
227
199
180
166
152
141
124
121
111
107
107
99
100
98
92
80
63
38
5
-27
-60
-92
-121
-147
-173
-199
-222
-236
-250
-259
-276
-290
-293
-298
-301
-309
-314
-318
-331
-342
-357
-371
-382
-400
-420
-444
-459
-473
-491
-497
-503
-502
-493
-483
-473
-465
-457
-457
-466
-478
-496
-512
-528
-548
-565
-577
-580
-586
-591
-587
-577
-556
-531
-506
-480
-452
-423
-400
-374
-351
-333
-315
-306
-309
-321
-337
-361
-400
-439
-486
-531
-569
-610
-646
-677
-695
-707
-714
-708
-698
-679
-657
-641
-627
-621
-611
-604
-601
-593
-589
-583
-577
-579
-587
-597
-603
-610
-616
-615
-618
-615
-612
-616
-622
-628
-629
-634
-637
-636
-636
-627
-618
-606
-591
-576
-550
-538
-518
-500
-485
-471
-457
-448
-440
-427
-416
-416
-406
-402
-399
-392
-389
-389
-394
-395
-397
-403
-403
-406
-402
-395
-395
-395
-397
-384
-369
-361
-351
-347
-338
-329
-330
-337
-345
-349
-362
-382
-401
-422
-435
-444
-457
-473
-489
-503
-523
-544
-562
-575
-574
-571
-568
-567
-562
-554
-554
-553
-556
-561
-558
-552
-540
-523
-492
-451
-412
-360
-303
-229
-137
-39
67
188
336
506
686
885
1088
1300
1513
1711
1900
2083
2273
2466
2663
2874
3090
3314
3546
3780
4017
4256
4502
4749
4993
5239
5479
5724
5965
6201
6434
6665
6893
7109
7322
7532
7740
7951
8150
8333
8499
8657
8807
8933
9048
9136
9190
9213
9189
9137
9062
8972
8870
8730
8570
8373
8140
7858
7520
7121
6662
6153
5599
5001
4377
3728
3073
2415
1751
1093
444
-178
-776
-1342
-1868
-2361
-2816
-3231
-3615
-3963
-4275
-4542
-4774
-4967
-5120
-5237
-5309
-5343
-5348
-5328
-5286
-5221
-5145
-5055
-4953
-4841
-4714
-4579
-4435
-4287
-4131
-3971
-3814
-3656
-3509
-3368
-3227
-3092
-2960
-2832
-2695
-2555
-2423
-2287
-2162
-2044
-1931
-1832
-1741
-1655
-1565
-1472
-1384
-1288
-1201
-1111
-1024
-949
-879
-814
-744
-676
-611
-542
-477
-408
-340
-285
-244
-217
-198
-195
-201
-206
-214
-214
-213
-211
-205
-194
-176
-167
-160
-159
-161
-160
-160
-157
-153
-144
-137
-138
-140
-147
-154
-150
-152
-141
-131
-108
-79
-65
-45
-31
-16
9
24
27
23
20
14
1
-7
-17
-22
-22
-30
-38
-50
-57
-67
-75
-73
-68
-51
-29
-6
26
64
105
136
161
186
208
233
254
271
283
297
309
305
297
282
262
243
221
201
185
178
179
180
188
194
198
197
185
174
163
162
168
176
198
218
243
272
290
299
303
313
327
335
354
369
386
399
399
392
384
380
376
373
379
389
412
443
476
511
545
579
601
613
617
608
597
583
569
558
550
544
527
506
477
440
407
370
329
290
263
249
243
252
269
295
326
353
380
405
439
476
508
546
580
619
668
700
737
762
792
815
821
823
818
818
825
829
830
830
837
843
849
865
883
910
942
977
1013
1055
1106
1152
1195
1233
1263
1292
1313
1322
1326
1332
1343
1347
1357
1367
1378
1396
1409
1415
1416
1417
1418
1412
1413
1412
1418
1431
1440
1444
1443
1450
1458
1461
1471
1481
1497
1516
1528
1537
1541
1552
1565
1570
1585
1598
1620
1650
1681
1712
1747
1787
1827
1865
1908
1948
1995
2046
2094
2142
2195
2255
2309
2361
2412
2455
2497
2530
2554
2572
2592
2617
2639
2661
2678
2686
2692
2695
2699
2708
2731
2770
2814
2871
2928
2988
3051
3105
3151
3186
3220
3249
3272
3301
3326
3356
3392
3427
3459
3481
3513
3548
3576
3620
3656
3701
3756
3806
3861
3909
3960
4002
4038
4066
4084
4103
4122
4134
4143
4152
4163
4169
4176
4181
4184
4192
4203
4215
4229
4250
4275
4295
4316
4338
4359
4387
4412
4428
4437
4451
4475
4499
4533
4564
4596
4627
4647
4662
4670
4677
4682
4681
4687
4693
4708
4732
4755
4783
4808
4836
4853
4855
4859
4858
4864
4877
4891
4908
4926
4949
4972
4991
5007
5012
5012
5004
4984
4958
4929
4903
4871
4837
4800
4757
4715
4668
4616
4561
4510
4463
4412
4365
4322
4279
4243
4206
4167
4123
4083
4046
3999
3959
3912
3865
3823
3772
3718
3661
3608
3554
3493
3432
3366
3306
3252
3190
3125
3051
2978
2902
2825
2762
2695
2642
2594
2544
2499
2451
2408
2360
2303
2248
2175
2097
2017
1936
1852
1770
1690
1610
1527
1447
1370
1306
1241
1171
1100
1036
977
913
852
793
737
692
645
592
535
486
441
389
345
300
266
244
220
198
173
150
124
86
50
5
-33
-65
-99
-127
-157
-180
-208
-243
-276
-312
-341
-369
-401
-435
-465
-486
-508
-532
-551
-572
-585
-599
-619
-643
-663
-670
-673
-666
-655
-650
-649
-657
-675
-702
-731
-761
-800
-845
-892
-937
-971
-1003
-1032
-1059
-1080
-1099
-1126
-1143
-1165
-1185
-1202
-1225
-1248
-1269
-1281
-1291
-1309
-1323
-1343
-1355
-1357
-1362
-1366
-1370
-1366
-1363
-1365
-1364
-1365
-1359
-1348
-1337
-1326
-1319
-1306
-1294
-1286
-1273
-1272
-1260
-1249
-1235
-1214
-1188
-1165
-1151
-1138
-1130
-1131
-1138
-1159
-1184
-1210
-1229
-1237
-1241
-1235
-1233
-1234
-1237
-1249
-1265
-1287
-1305
-1322
-1349
-1371
-1397
-1420
-1435
-1450
-1462
-1476
-1482
-1486
-1499
-1506
-1521
-1529
-1529
-1531
-1528
-1518
-1497
-1473
-1448
-1419
-1395
-1371
-1353
-1343
-1337
-1332
-1323
-1317
-1312
-1305
-1302
-1297
-1296
-1304
-1315
-1321
-1322
-1330
-1335
-1339
-1344
-1340
-1335
-1331
-1329
-1326
-1326
-1335
-1347
-1364
-1383
-1396
-1414
-1434
-1458
-1472
-1483
-1498
-1505
-1515
-1521
-1521
-1520
-1517
-1512
-1496
-1478
-1467
-1454
-1452
-1446
-1434
-1421
-1401
-1374
-1338
-1304
-1276
-1249
-1232
-1216
-1206
-1207
-1215
-1224
-1229
-1237
-1244
-1247
-1251
-1254
-1256
-1260
-1258
-1261
-1257
-1262
-1262
-1252
-1240
-1216
-1202
-1194
-1191
-1191
-1197
-1212
-1222
-1228
-1233
-1241
-1258
-1279
-1308
-1333
-1358
-1389
-1411
-1435
-1456
-1471
-1481
-1483
-1477
-1456
-1430
-1410
-1379
-1355
-1327
-1302
-1287
-1276
-1266
-1246
-1224
-1204
-1189
-1185
-1180
-1177
-1183
-1193
-1201
-1202
-1204
-1203
-1200
-1200
-1201
-1212
-1236
-1266
-1294
-1316
-1346
-1374
-1398
-1416
-1420
-1419
-1413
-1405
-1400
-1393
-1387
-1374
-1364
-1353
-1341
-1338
-1336
-1341
-1342
-1345
-1359
-1374
-1398
-1420
-1437
-1456
-1471
-1484
-1483
-1477
-1472
-1454
-1437
-1410
-1378
-1351
-1328
-1307
-1284
-1265
-1245
-1218
-1191
-1156
-1121
-1093
-1067
-1041
-1013
-995
-982
-974
-975
-977
-986
-1008
-1035
-1058
-1076
-1106
-1132
-1152
-1169
-1168
-1168
-1171
-1168
-1163
-1151
-1152
-1150
-1150
-1143
-1135
-1137
-1147
-1161
-1170
-1178
-1188
-1188
-1192
-1191
-1182
-1177
-1171
-1168
-1158
-1150
-1151
-1145
-1143
-1141
-1138
-1145
-1158
-1173
-1185
-1199
-1213
-1217
-1217
-1207
-1192
-1184
-1180
-1180
-1176
-1177
-1181
-1179
-1175
-1158
-1137
-1115
-1092
-1064
-1033
-1013
-994
-975
-956
-930
-908
-890
-873
-850
-822
-805
-792
-791
-790
-787
-792
-799
-811
-817
-821
-831
-839
-855
-872
-891
-920
-954
-998
-1039
-1078
-1117
-1140
-1160
-1172
-1177
-1185
-1195
-1206
-1214
-1223
-1231
-1232
-1234
-1229
-1222
-1215
-1206
-1194
-1175
-1166
-1164
-1166
-1174
-1178
-1184
-1192
-1205
-1217
-1226
-1238
-1239
-1232
-1219
-1199
-1183
-1169
-1149
-1124
-1088
-1064
-1033
-1009
-982
-948
-920
-900
-883
-864
-848
-839
-827
-824
-812
-797
-792
-787
-789
-787
-792
-805
-813
-823
-828
-831
-838
-847
-855
-864
-878
-897
-915
-937
-952
-968
-986
-1002
-1012
-1013
-1014
-1008
-996
-984
-965
-948
-936
-931
-927
-925
-931
-936
-946
-959
-968
-977
-986
-992
-988
-977
-971
-958
-953
-948
-940
-939
-937
-934
-924
-917
-915
-907
-907
-906
-904
-910
-912
-911
-897
-883
-876
-864
-854
-837
-814
-794
-778
-763
-745
-736
-736
-737
-742
-742
-740
-741
-741
-741
-734
-728
-714
-699
-691
-687
-693
-707
-727
-747
-767
-795
-821
-843
-858
-862
-865
-868
-874
-876
-876
-887
-900
-920
-939
-944
-956
-971
-993
-1012
-1023
-1039
-1045
-1058
-1059
-1054
-1049
-1042
-1040
-1024
-1000
-971
-934
-894
-845
-793
-746
-701
-661
-626
-613
-625
-650
-683
-714
-748
-787
-823
-853
-874
-896
-914
-933
-954
-972
-992
-1013
-1031
-1035
-1027
-1019
-1012
-1006
-998
-986
-977
-971
-967
-954
-937
-929
-911
-891
-868
-842
-821
-802
-788
-778
-774
-781
-782
-786
-778
-762
-753
-744
-740
-734
-733
-735
-734
-737
-733
-724
-716
-711
-713
-713
-717
-726
-732
-737
-734
-727
-722
-715
-705
-689
-678
-665
-654
-645
-630
-614
-599
-584
-565
-542
-524
-507
-498
-497
-499
-511
-528
-550
-567
-584
-606
-618
-630
-638
-638
-639
-639
-643
-644
-641
-650
-652
-664
-677
-682
-695
-699
-703
-698
-690
-677
-658
-640
-613
-583
-562
-543
-524
-498
-475
-452
-427
-411
-397
-394
-405
-425
-447
-467
-491
-513
-533
-554
-572
-589
-601
-608
-603
-592
-583
-574
-572
-575
-582
-601
-625
-657
-686
-718
-758
-793
-828
-855
-871
-886
-899
-913
-920
-922
-928
-921
-917
-908
-896
-888
-882
-878
-868
-860
-853
-839
-825
-803
-778
-753
-727
-699
-664
-634
-606
-575
-552
-532
-520
-515
-513
-506
-496
-494
-490
-485
-484
-483
-489
-500
-509
-512
-508
-505
-496
-491
-487
-487
-498
-514
-537
-558
-580
-609
-629
-646
-654
-653
-657
-662
-667
-662
-653
-648
-634
-628
-620
-601
-591
-574
-557
-536
-514
-497
-476
-458
-443
-430
-419
-409
-401
-392
-393
-394
-394
-400
-401
-407
-414
-422
-422
-418
-419
-419
-420
-427
-434
-445
-464
-486
-504
-515
-524
-524
-521
-508
-485
-464
-441
-421
-393
-366
-350
-332
-315
-291
-263
-240
-215
-191
-160
-133
-116
-96
-88
-83
-82
-94
-111
-134
-161
-201
-250
-299
-350
-392
-428
-462
-490
-508
-513
-517
-519
-520
-524
-525
-529
-540
-553
-563
-567
-573
-573
-569
-563
-547
-533
-524
-514
-501
-487
-477
-458
-439
-412
-377
-350
-329
-317
-304
-296
-300
-307
-320
-326
-321
-316
-309
-307
-301
-299
-312
-325
-348
-368
-386
-408
-431
-447
-460
-466
-473
-467
-465
-459
-452
-452
-450
-447
-438
-440
-440
-438
-434
-425
-426
-431
-439
-439
-432
-426
-413
-396
-376
-352
-335
-327
-325
-323
-316
-312
-302
-294
-284
-269
-259
-252
-253
-252
-254
-263
-266
-270
-268
-257
-246
-231
-217
-192
-172
-162
-152
-155
-160
-169
-190
-215
-240
-259
-278
-297
-312
-329
-338
-345
-350
-353
-351
-341
-331
-319
-304
-294
-283
-280
-282
-291
-298
-303
-313
-318
-319
-319
-308
-294
-276
-258
-239
-220
-217
-211
-208
-198
-180
-166
-149
-134
-122
-117
-124
-130
-141
-145
-144
-151
-161
-179
-192
-210
-234
-252
-273
-290
-306
-322
-335
-346
-349
-351
-349
-338
-326
-307
-291
-278
-258
-235
-206
-178
-159
-131
-107
-76
-54
-43
-44
-46
-51
-66
-81
-98
-118
-135
-155
-176
-195
-204
-211
-230
-242
-254
-257
-248
-242
-237
-238
-243
-254
-275
-293
-316
-334
-345
-355
-355
-349
-331
-316
-309
-302
-305
-308
-314
-324
-334
-342
-344
-349
-351
-346
-341
-329
-317
-308
-301
-289
-274
-266
-262
-260
-259
-251
-247
-247
-251
-250
-247
-247
-243
-241
-241
-232
-223
-213
-208
-201
-197
-208
-215
-226
-230
-223
-214
-198
-177
-143
-108
-82
-57
-45
-33
-22
-23
-26
-34
-34
-34
-35
-34
-38
-41
-45
-55
-67
-73
-65
-54
-41
-22
-5
20
48
76
104
135
168
189
205
230
250
277
299
309
318
326
335
339
338
337
344
366
388
417
443
481
525
559
601
633
660
683
696
706
713
722
728
722
721
714
710
708
702
699
698
705
709
707
710
710
720
732
741
748
752
759
758
752
745
730
718
704
683
659
643
641
641
650
657
659
665
668
672
679
692
705
709
707
698
684
666
636
602
566
539
517
492
481
471
470
478
486
497
509
526
543
551
563
566
572
583
589
593
593
596
595
594
597
597
600
604
602
599
596
598
595
591
589
582
580
575
561
542
523
503
474
448
423
401
391
385
374
373
373
382
386
383
375
361
348
324
294
251
217
184
141
106
62
25
-8
-43
-74
-99
-110
-116
-124
-121
-122
-119
-114
-116
-121
-121
-115
-108
-103
-98
-101
-103
-110
-127
-148
-171
-190
-208
-221
-225
-225
-218
-212
-208
-207
-208
-208
-219
-231
-244
-258
-266
-280
-301
-326
-350
-371
-397
-417
-437
-451
-455
-456
-451
-443
-421
-395
-374
-350
-335
-326
-320
-320
-321
-324
-322
-322
-333
-339
-351
-363
-379
-406
-440
-482
-525
-574
-627
-677
-725
-762
-792
-823
-852
-874
-887
-899
-906
-901
-886
-857
-826
-798
-777
-761
-751
-756
-763
-773
-786
-792
-795
-793
-788
-778
-764
-756
-742
-730
-714
-688
-667
-654
-640
-628
-608
-594
-576
-570
-563
-551
-543
-536
-535
-528
-520
-522
-517
-515
-507
-497
-496
-499
-504
-509
-517
-527
-532
-537
-531
-522
-513
-500
-480
-452
-428
-407
-384
-365
-345
-330
-323
-323
-326
-332
-349
-362
-377
-394
-400
-400
-396
-390
-376
-354
-336
-312
-296
-284
-278
-288
-308
-338
-367
-400
-437
-468
-502
-532
-556
-581
-599
-609
-600
-582
-561
-525
-484
-431
-365
-299
-235
-175
-115
-61
-11
49
112
193
292
411
550
704
875
1049
1227
1408
1587
1771
1949
2120
2287
2458
2634
2804
2981
3166
3366
3593
3843
4107
4374
4649
4930
5198
5464
5714
5958
6201
6435
6667
6894
7122
7355
7579
7801
8011
8197
8370
8517
8640
8742
8827
8896
8943
8978
8979
8958
8916
8851
8758
8637
8493
8319
8106
7851
7545
7193
6790
6331
5822
5267
4676
4044
3383
2703
2011
1325
648
-15
-654
-1258
-1819
-2347
-2835
-3288
-3703
-4071
-4399
-4684
-4927
-5123
-5277
-5397
-5471
-5513
-5518
-5489
-5439
-5369
-5286
-5186
-5076
-4960
-4829
-4688
-4532
-4366
-4207
-4050
-3895
-3731
-3563
-3396
-3222
-3054
-2885
-2720
-2567
-2421
-2281
-2142
-2015
-1900
-1790
-1693
-1595
-1503
-1424
-1354
-1289
-1224
-1172
-1127
-1089
-1054
-1009
-962
-908
-848
-778
-703
-635
-569
-511
-459
-408
-366
-333
-308
-280
-251
-230
-201
-175
-146
-112
-84
-61
-44
-29
-22
-23
-15
-7
1
23
38
56
73
85
91
86
82
76
68
56
43
35
29
33
31
30
34
38
52
74
99
127
159
195
224
253
275
287
297
301
299
291
286
280
268
256
242
229
221
208
193
175
165
160
147
146
149
162
184
202
215
225
239
250
251
255
253
250
244
221
194
165
142
116
86
61
36
22
20
23
33
48
73
96
115
138
158
184
207
227
246
270
301
327
357
386
412
442
468
490
509
535
559
573
583
589
598
613
626
639
649
664
679
684
695
703
714
731
749
765
777
792
804
807
813
814
821
835
844
850
849
845
835
821
815
817
817
825
823
828
837
856
870
883
897
904
918
928
934
943
959
981
999
1022
1048
1075
1108
1137
1154
1163
1171
1181
1187
1197
1202
1211
1226
1240
1255
1269
1292
1319
1341
1368
1386
1399
1412
1414
1410
1401
1393
1385
1369
1365
1358
1363
1378
1394
1414
1433
1455
1472
1489
1514
1541
1582
1628
1669
1708
1746
1791
1831
1869
1906
1936
1967
1992
2008
2017
2027
2041
2046
2052
2059
2061
2061
2054
2044
2034
2028
2027
2028
2041
2059
2086
2123
2164
2211
2258
2312
2361
2396
2428
2451
2475
2505
2531
2559
2587
2624
2659
2683
2713
2736
2765
2801
2835
2871
2908
2952
2993
3027
3060
3086
3115
3144
3170
3206
3249
3297
3348
3393
3444
3494
3544
3590
3625
3657
3696
3748
3796
3851
3906
3960
4016
4064
4108
4145
4181
4218
4252
4293
4334
4378
4426
4470
4515
4554
4593
4627
4652
4680
4706
4736
4771
4800
4829
4853
4883
4913
4935
4968
4998
5033
5067
5091
5113
5131
5150
5164
5176
5192
5205
5224
5243
5259
5274
5287
5299
5298
5290
5278
5259
5244
5227
5209
5193
5184
5181
5178
5185
5198
5214
5235
5252
5263
5270
5280
5293
5296
5298
5294
5290
5290
5280
5263
5232
5194
5144
5079
5015
4949
4892
4849
4812
4787
4771
4769
4773
4769
4769
4759
4746
4726
4692
4651
4610
4572
4528
4474
4419
4358
4304
4252
4194
4135
4075
4019
3960
3896
3840
3782
3725
3662
3582
3494
3415
3341
3272
3207
3141
3076
3020
2958
2894
2830
2775
2725
2668
2618
2569
2525
2489
2446
2396
2336
2275
2209
2136
2067
1995
1930
1870
1812
1755
1691
1632
1566
1490
1424
1353
1286
1216
1137
1054
974
902
828
756
691
629
578
530
481
435
399
376
351
327
301
272
245
214
174
128
84
45
1
-38
-71
-103
-125
-143
-158
-175
-191
-206
-233
-255
-281
-303
-316
-331
-344
-355
-357
-354
-351
-339
-331
-320
-307
-297
-286
-276
-256
-235
-220
-202
-192
-184
-183
-197
-225
-260
-295
-334
-373
-410
-455
-498
-539
-580
-618
-650
-671
-691
-709
-725
-743
-758
-777
-805
-841
-875
-910
-946
-994
-1036
-1076
-1098
-1107
-1109
-1110
-1102
-1088
-1088
-1080
-1076
-1068
-1050
-1036
-1025
-1014
-1004
-1003
-1016
-1028
-1050
-1067
-1080
-1098
-1112
-1126
-1127
-1128
-1130
-1121
-1112
-1095
-1075
-1063
-1056
-1052
-1045
-1039
-1034
-1027
-1027
-1021
-1013
-1006
-1003
-1003
-1001
-1001
-996
-984
-970
-948
-928
-911
-893
-873
-856
-849
-847
-852
-863
-867
-872
-876
-880
-876
-873
-886
-896
-916
-935
-946
-956
-956
-948
-929
-909
-901
-894
-899
-905
-912
-929
-947
-966
-978
-990
-1001
-1003
-1009
-1014
-1023
-1041
-1064
-1091
-1118
-1151
-1181
-1198
-1208
-1205
-1195
-1185
-1175
-1161
-1141
-1128
-1117
-1105
-1091
-1067
-1042
-1016
-989
-959
-930
-907
-883
-863
-845
-820
-796
-786
-778
-773
-769
-773
-774
-780
-790
-791
-794
-795
-800
-799
-800
-808
-809
-816
-816
-816
-827
-842
-859
-871
-885
-901
-911
-922
-930
-936
-948
-968
-989
-1008
-1035
-1069
-1095
-1117
-1124
-1124
-1122
-1116
-1104
-1086
-1072
-1056
-1036
-1014
-983
-950
-919
-889
-858
-829
-813
-804
-805
-813
-820
-836
-851
-866
-868
-860
-854
-835
-819
-804
-789
-783
-782
-783
-779
-777
-792
-806
-832
-856
-876
-899
-921
-943
-956
-969
-980
-982
-978
-959
-935
-913
-892
-878
-866
-858
-852
-844
-840
-833
-827
-828
-832
-835
-835
-841
-844
-846
-847
-835
-820
-799
-769
-730
-689
-656
-629
-617
-616
-620
-636
-658
-686
-715
-739
-767
-786
-797
-800
-792
-776
-762
-741
-717
-696
-686
-673
-675
-679
-689
-709
-738
-768
-794
-820
-846
-867
-883
-887
-879
-869
-856
-839
-819
-802
-787
-775
-770
-762
-756
-754
-752
-746
-732
-725
-715
-704
-693
-673
-657
-648
-645
-642
-638
-640
-639
-645
-654
-663
-679
-693
-709
-715
-719
-727
-726
-729
-728
-721
-716
-711
-707
-695
-680
-668
-644
-626
-606
-588
-583
-586
-591
-592
-594
-595
-590
-587
-574
-553
-535
-519
-508
-499
-496
-495
-492
-492
-488
-484
-484
-487
-487
-484
-491
-499
-511
-525
-533
-541
-546
-546
-535
-518
-505
-492
-491
-496
-503
-521
-540
-559
-564
-562
-557
-539
-518
-493
-464
-435
-413
-395
-388
-388
-396
-391
-386
-382
-388
-408
-435
-467
-497
-527
-559
-577
-589
-587
-575
-562
-547
-531
-507
-485
-466
-446
-431
-414
-403
-395
-393
-388
-378
-376
-375
-380
-392
-401
-407
-411
-411
-405
-395
-390
-380
-377
-370
-361
-367
-379
-398
-410
-422
-438
-453
-477
-501
-525
-558
-596
-639
-672
-701
-731
-744
-753
-754
-751
-752
-748
-738
-719
-699
-677
-644
-610
-573
-537
-509
-485
-467
-453
-453
-458
-464
-473
-479
-490
-508
-529
-546
-559
-578
-592
-606
-620
-627
-634
-641
-649
-651
-646
-642
-626
-610
-586
-556
-534
-517
-513
-509
-509
-513
-512
-513
-509
-500
-497
-494
-494
-485
-483
-488
-487
-480
-474
-465
-462
-464
-461
-458
-458
-473
-486
-507
-521
-531
-544
-553
-552
-541
-535
-528
-520
-517
-508
-500
-497
-497
-492
-482
-481
-477
-480
-488
-497
-510
-526
-539
-541
-538
-541
-534
-529
-520
-505
-497
-493
-496
-497
-499
-506
-506
-506
-499
-489
-483
-477
-475
-469
-466
-470
-467
-466
-460
-448
-437
-428
-421
-411
-409
-412
-414
-419
-416
-411
-408
-407
-405
-398
-398
-400
-404
-412
-414
-418
-425
-436
-447
-456
-470
-480
-491
-503
-510
-519
-530
-542
-548
-551
-559
-556
-553
-547
-539
-536
-536
-542
-547
-551
-555
-548
-540
-524
-504
-488
-467
-445
-414
-383
-358
-331
-308
-282
-255
-242
-237
-240
-251
-271
-301
-335
-366
-394
-414
-438
-456
-471
-478
-493
-509
-521
-524
-514
-501
-486
-470
-452
-432
-419
-404
-393
-385
-380
-388
-410
-442
-472
-498
-523
-532
-539
-542
-543
-547
-550
-555
-558
-562
-572
-571
-569
-560
-544
-534
-523
-514
-501
-496
-502
-506
-515
-519
-519
-523
-529
-538
-544
-558
-575
-589
-603
-606
-605
-604
-598
-584
-559
-535
-505
-476
-449
-419
-394
-373
-355
-334
-310
-289
-266
-243
-221
-201
-191
-188
-191
-192
-195
-212
-229
-256
-287
-315
-344
-369
-391
-406
-420
-438
-446
-457
-462
-459
-461
-461
-461
-455
-451
-449
-440
-436
-429
-426
-431
-440
-451
-460
-476
-501
-526
-550
-569
-580
-598
-621
-637
-643
-645
-637
-629
-614
-587
-560
-535
-511
-485
-455
-430
-409
-391
-377
-360
-348
-337
-334
-328
-322
-328
-332
-345
-358
-372
-393
-417
-438
-449
-457
-472
-480
-493
-501
-506
-520
-535
-553
-563
-573
-582
-585
-589
-582
-570
-560
-549
-536
-514
-495
-480
-465
-456
-446
-445
-454
-470
-485
-492
-501
-499
-489
-475
-455
-438
-426
-418
-406
-390
-375
-360
-352
-348
-342
-344
-352
-366
-376
-384
-397
-401
-406
-405
-391
-373
-348
-320
-285
-249
-226
-201
-187
-175
-164
-164
-167
-172
-172
-178
-189
-202
-226
-249
-277
-314
-355
-391
-413
-428
-431
-421
-407
-384
-360
-336
-319
-294
-270
-245
-221
-200
-183
-168
-154
-147
-147
-159
-176
-207
-237
-271
-303
-321
-334
-344
-355
-358
-363
-378
-387
-396
-400
-392
-381
-364
-345
-316
-288
-266
-236
-211
-184
-158
-146
-142
-144
-147
-161
-181
-201
-223
-237
-248
-260
-273
-284
-287
-292
-294
-290
-287
-278
-267
-259
-252
-243
-229
-219
-200
-172
-141
-103
-66
-35
-7
22
51
69
87
100
116
136
153
173
193
222
249
268
287
300
314
330
342
355
361
373
382
382
389
391
397
408
421
443
473
511
544
571
596
611
624
634
640
644
651
666
680
696
714
725
733
732
726
717
713
713
709
708
709
707
711
719
721
722
728
727
727
731
737
743
756
761
764
761
760
757
749
744
734
726
722
708
693
672
658
646
633
632
630
635
644
647
648
652
663
671
682
702
726
761
795
822
839
851
860
859
857
857
859
868
875
876
871
863
853
837
825
816
808
807
806
804
803
809
821
827
839
845
847
850
839
819
792
766
737
699
659
609
560
517
473
435
400
379
358
336
324
305
285
261
226
186
149
121
95
74
63
56
62
70
73
71
71
74
69
64
60
55
55
50
32
2
-31
-66
-107
-144
-176
-204
-221
-231
-239
-244
-245
-244
-245
-242
-237
-229
-218
-205
-190
-177
-160
-154
-159
-165
-185
-213
-244
-289
-332
-373
-396
-411
-423
-424
-427
-427
-427
-434
-444
-452
-454
-457
-463
-469
-482
-494
-506
-518
-530
-544
-558
-578
-597
-615
-633
-643
-650
-653
-654
-653
-651
-657
-666
-676
-686
-689
-690
-688
-688
-682
-670
-666
-659
-658
-655
-645
-638
-631
-627
-619
-609
-604
-592
-585
-572
-554
-543
-530
-518
-501
-490
-480
-465
-449
-425
-397
-373
-353
-340
-329
-326
-329
-326
-323
-311
-297
-287
-283
-281
-279
-288
-303
-320
-338
-350
-364
-378
-394
-408
-423
-444
-467
-490
-507
-510
-509
-504
-495
-474
-450
-441
-429
-423
-414
-408
-405
-406
-399
-383
-367
-353
-333
-312
-282
-248
-228
-208
-191
-169
-149
-135
-113
-90
-62
-39
-30
-34
-45
-59
-83
-115
-149
-187
-222
-255
-287
-317
-339
-354
-374
-395
-417
-441
-454
-461
-459
-443
-408
-353
-284
-198
-101
10
142
287
448
626
831
1057
1290
1541
1795
2052
2316
2578
2843
3112
3394
3681
3963
4259
4555
4858
5163
5459
5755
6047
6343
6634
6919
7208
7499
7800
8102
8398
8689
8977
9262
9530
9780
10014
10220
10406
10570
10708
10826
10928
11014
11065
11086
11076
11029
10959
10863
10741
10594
10421
10213
9948
9626
9243
8801
8303
7744
7136
6481
5801
5100
4375
3645
2902
2161
1437
730
53
-588
-1180
-1732
-2252
-2725
-3154
-3529
-3860
-4148
-4405
-4615
-4785
-4922
-5034
-5109
-5160
-5180
-5175
-5157
-5118
-5056
-4976
-4889
-4799
-4701
-4605
-4501
-4393
-4286
-4179
-4068
-3952
-3837
-3714
-3588
-3463
-3332
-3202
-3071
-2939
-2800
-2656
-2514
-2376
-2247
-2127
-2009
-1901
-1797
-1702
-1602
-1500
-1403
-1298
-1195
-1090
-984
-888
-799
-719
-645
-583
-540
-500
-475
-448
-417
-392
-374
-360
-347
-338
-331
-324
-325
-320
-308
-295
-282
-270
-255
-247
-243
-242
-252
-264
-281
-301
-318
-324
-320
-319
-313
-307
-301
-286
-273
-265
-259
-249
-237
-231
-222
-220
-219
-212
-210
-208
-211
-210
-209
-213
-206
-197
-185
-173
-169
-167
-166
-154
-139
-129
-109
-92
-70
-43
-20
-3
19
41
58
72
77
78
86
93
97
93
86
84
80
71
67
57
54
48
41
40
48
65
79
98
122
144
162
163
149
126
107
92
77
75
73
74
77
73
70
69
80
93
100
110
118
129
146
159
170
172
179
182
179
184
191
204
225
248
273
301
335
370
404
439
468
497
517
521
518
512
511
502
487
469
444
422
399
380
367
366
375
381
394
407
419
435
450
463
477
495
521
544
576
608
645
686
715
737
752
770
788
801
817
830
851
880
904
924
937
954
966
968
973
976
983
993
996
998
1004
1016
1027
1040
1052
1067
1080
1091
1095
1090
1091
1099
1105
1115
1122
1119
1125
1127
1126
1127
1131
1146
1160
1184
1212
1243
1280
1309
1329
1343
1365
1397
1423
1454
1476
1499
1523
1536
1547
1556
1574
1595
1614
1642
1672
1713
1764
1815
1869
1924
1986
2045
2093
2144
2187
2228
2270
2302
2326
2345
2363
2372
2374
2378
2380
2393
2415
2442
2474
2508
2548
2584
2623
2661
2696
2736
2775
2811
2847
2886
2930
2970
3018
3072
3127
3191
3254
3311
3365
3423
3480
3521
3565
3598
3630
3664
3691
3712
3722
3731
3737
3737
3742
3743
3749
3763
3779
3804
3831
3870
3913
3955
4004
4050
4098
4150
4197
4240
4281
4326
4369
4410
4455
4492
4531
4563
4584
4596
4611
4637
4667
4709
4746
4789
4831
4879
4927
4965
4995
5025
5046
5070
5096
5120
5148
5180
5211
5235
5256
5270
5269
5270
5269
5275
5289
5302
5314
5325
5339
5351
5357
5364
5361
5358
5351
5327
5294
5257
5227
5199
5169
5145
5119
5100
5086
5070
5055
5036
5020
4997
4967
4933
4891
4850
4802
4743
4679
4616
4557
4492
4429
4368
4308
4254
4196
4138
4080
4028
3979
3927
3875
3818
3757
3699
3636
3569
3496
3429
3364
3297
3243
3192
3146
3108
3067
3024
2978
2934
2883
2817
2751
2673
2594
2516
2432
2354
2278
2213
2149
2082
2022
1958
1898
1842
1789
1739
1690
1644
1593
1537
1480
1415
1351
1284
1213
1138
1062
989
914
848
788
731
680
634
586
528
474
407
333
263
191
130
74
19
-36
-91
-137
-177
-225
-261
-299
-336
-366
-397
-424
-447
-463
-484
-519
-550
-590
-624
-649
-673
-690
-706
-714
-725
-739
-750
-766
-780
-794
-816
-844
-871
-892
-919
-951
-980
-1012
-1037
-1066
-1102
-1141
-1176
-1202
-1228
-1249
-1270
-1290
-1305
-1322
-1338
-1352
-1356
-1353
-1354
-1353
-1354
-1352
-1346
-1345
-1348
-1358
-1366
-1378
-1400
-1418
-1440
-1462
-1477
-1493
-1507
-1518
-1520
-1519
-1528
-1533
-1545
-1551
-1550
-1555
-1555
-1549
-1534
-1518
-1507
-1496
-1493
-1487
-1483
-1486
-1496
-1513
-1533
-1566
-1610
-1658
-1710
-1755
-1794
-1828
-1857
-1873
-1876
-1874
-1861
-1842
-1817
-1785
-1755
-1730
-1712
-1694
-1685
-1677
-1673
-1676
-1675
-1679
-1687
-1694
-1706
-1707
-1709
-1719
-1722
-1729
-1737
-1739
-1746
-1749
-1753
-1748
-1742
-1744
-1739
-1742
-1742
-1737
-1734
-1727
-1711
-1682
-1650
-1617
-1583
-1558
-1530
-1507
-1496
-1497
-1505
-1510
-1521
-1536
-1551
-1572
-1589
-1608
-1632
-1661
-1687
-1708
-1733
-1748
-1759
-1766
-1764
-1760
-1754
-1743
-1726
-1705
-1690
-1671
-1659
-1646
-1630
-1618
-1607
-1600
-1586
-1569
-1554
-1533
-1515
-1497
-1478
-1470
-1466
-1467
-1460
-1450
-1446
-1434
-1431
-1431
-1433
-1444
-1455
-1467
-1476
-1492
-1511
-1528
-1550
-1568
-1587
-1611
-1634
-1651
-1658
-1665
-1668
-1664
-1659
-1645
-1631
-1619
-1612
-1604
-1595
-1590
-1580
-1570
-1562
-1549
-1536
-1529
-1526
-1522
-1519
-1526
-1534
-1548
-1563
-1578
-1597
-1614
-1631
-1630
-1634
-1637
-1636
-1630
-1612
-1586
-1567
-1543
-1517
-1479
-1438
-1405
-1367
-1335
-1306
-1283
-1267
-1255
-1252
-1253
-1259
-1267
-1266
-1264
-1252
-1237
-1226
-1219
-1213
-1203
-1198
-1191
-1187
-1189
-1194
-1205
-1226
-1254
-1283
-1311
-1347
-1380
-1414
-1447
-1470
-1490
-1512
-1533
-1549
-1561
-1583
-1602
-1622
-1635
-1639
-1644
-1642
-1635
-1616
-1592
-1571
-1548
-1530
-1512
-1492
-1478
-1465
-1455
-1437
-1418
-1404
-1381
-1361
-1340
-1320
-1305
-1293
-1281
-1263
-1249
-1234
-1212
-1189
-1158
-1128
-1108
-1094
-1078
-1057
-1036
-1011
-982
-956
-930
-915
-915
-927
-939
-948
-963
-978
-992
-1002
-997
-985
-970
-951
-927
-902
-890
-876
-870
-865
-859
-867
-886
-914
-939
-959
-983
-1000
-1018
-1029
-1045
-1066
-1094
-1121
-1129
-1136
-1137
-1129
-1119
-1107
-1096
-1102
-1120
-1143
-1162
-1187
-1214
-1232
-1251
-1264
-1273
-1281
-1284
-1281
-1268
-1257
-1244
-1227
-1208
-1183
-1160
-1140
-1125
-1107
-1087
-1072
-1056
-1042
-1031
-1014
-999
-984
-969
-949
-924
-909
-888
-874
-862
-849
-846
-847
-851
-849
-841
-835
-821
-812
-799
-783
-773
-757
-738
-708
-680
-657
-629
-604
-574
-543
-516
-492
-469
-443
-426
-422
-427
-442
-457
-473
-492
-513
-531
-544
-563
-585
-609
-637
-662
-691
-724
-763
-794
-816
-836
-851
-861
-868
-868
-871
-878
-891
-899
-906
-924
-934
-946
-955
-956
-959
-961
-962
-953
-936
-920
-898
-883
-861
-837
-818
-804
-790
-770
-755
-738
-726
-723
-710
-699
-688
-688
-693
-696
-703
-717
-728
-743
-749
-749
-744
-733
-716
-693
-679
-665
-653
-645
-631
-616
-600
-583
-562
-540
-523
-503
-479
-454
-426
-408
-399
-399
-403
-415
-440
-455
-475
-494
-512
-533
-551
-567
-577
-585
-597
-599
-604
-602
-594
-594
-593
-596
-593
-591
-588
-579
-571
-557
-544
-535
-532
-533
-536
-550
-574
-600
-629
-651
-667
-687
-707
-723
-734
-750
-764
-775
-786
-788
-786
-781
-770
-750
-723
-699
-673
-650
-629
-605
-589
-576
-569
-559
-552
-554
-543
-533
-518
-497
-482
-472
-468
-462
-463
-475
-478
-484
-479
-468
-463
-458
-456
-454
-458
-466
-476
-492
-500
-507
-505
-508
-505
-496
-489
-480
-468
-465
-460
-459
-464
-470
-473
-476
-487
-498
-516
-538
-553
-564
-569
-561
-536
-499
-462
-427
-401
-381
-362
-356
-354
-356
-348
-337
-335
-333
-340
-347
-354
-366
-382
-399
-410
-421
-438
-443
-451
-452
-448
-448
-443
-432
-415
-406
-406
-409
-420
-432
-448
-477
-514
-555
-593
-635
-675
-706
-733
-748
-758
-766
-767
-758
-741
-727
-706
-684
-661
-635
-618
-612
-612
-610
-598
-587
-572
-560
-545
-527
-520
-519
-525
-526
-528
-538
-543
-548
-546
-535
-523
-509
-498
-483
-469
-466
-460
-463
-462
-458
-454
-449
-444
-438
-436
-435
-430
-430
-426
-418
-411
-400
-388
-369
-357
-343
-338
-339
-344
-357
-368
-381
-384
-382
-381
-376
-369
-366
-359
-357
-356
-360
-362
-358
-361
-361
-366
-371
-375
-387
-400
-416
-426
-435
-450
-457
-467
-470
-468
-470
-476
-485
-487
-486
-489
-482
-478
-466
-449
-434
-420
-404
-384
-370
-367
-368
-378
-384
-387
-393
-396
-392
-375
-356
-335
-312
-296
-279
-264
-254
-248
-239
-227
-224
-222
-223
-233
-245
-265
-292
-321
-348
-369
-392
-404
-414
-417
-416
-423
-431
-441
-441
-437
-436
-430
-432
-435
-437
-443
-449
-456
-451
-447
-450
-446
-446
-445
-439
-433
-423
-406
-381
-354
-331
-308
-295
-285
-284
-294
-305
-310
-301
-288
-271
-252
-235
-223
-214
-206
-203
-194
-184
-184
-171
-159
-138
-109
-75
-37
5
48
91
118
147
162
169
163
137
96
45
-5
-56
-111
-157
-202
-235
-251
-261
-259
-251
-228
-199
-169
-130
-90
-45
2
39
64
82
99
111
118
126
130
142
155
163
172
185
212
240
267
292
314
345
377
406
428
450
470
481
494
506
519
542
566
586
602
617
628
625
626
621
616
615
606
595
578
565
547
519
492
462
439
423
404
390
378
376
373
365
360
351
345
