0
-3
-10
-21
-32
-40
-52
-67
-76
-85
-85
-83
-87
-98
-112
-129
-153
-178
-200
-217
-221
-224
-229
-238
-250
-265
-294
-323
-350
-373
-384
-391
-394
-396
-389
-378
-376
-366
-360
-354
-347
-348
-351
-362
-373
-384
-397
-400
-406
-404
-397
-397
-396
-394
-380
-364
-347
-321
-294
-260
-220
-187
-159
-137
-118
-106
-97
-81
-68
-52
-34
-22
-15
0
12
24
37
55
72
99
129
160
189
214
236
256
283
314
348
388
421
448
478
521
574
619
671
717
759
799
829
851
864
878
893
900
906
902
903
911
918
928
943
968
991
1012
1037
1056
1077
1101
1119
1134
1149
1168
1184
1200
1224
1253
1293
1335
1368
1396
1423
1454
1480
1508
1536
1564
1595
1618
1633
1639
1646
1659
1669
1680
1686
1695
1715
1737
1762
1791
1836
1888
1936
1993
2044
2096
2148
2190
2223
2250
2279
2307
2327
2354
2379
2416
2462
2506
2551
2595
2645
2693
2740
2788
2832
2876
2920
2961
3003
3047
3099
3148
3195
3246
3297
3358
3420
3476
3529
3577
3624
3667
3699
3722
3745
3767
3792
3816
3844
3883
3922
3960
4001
4041
4077
4116
4144
4170
4190
4215
4243
4256
4270
4270
4268
4264
4252
4234
4216
4205
4199
4193
4197
4197
4207
4227
4246
4263
4280
4303
4328
4349
4371
4385
4400
4417
4430
4443
4451
4457
4453
4447
4446
4446
4453
4454
4446
4437
4434
4442
4440
4429
4402
4357
4306
4243
4176
4109
4050
4001
3952
3910
3869
3831
3798
3761
3722
3678
3641
3607
3570
3542
3510
3477
3442
3398
3349
3298
3250
3201
3145
3098
3049
3010
2980
2947
2914
2881
2856
2837
2822
2815
2806
2802
2797
2778
2748
2706
2660
2602
2534
2457
2367
2275
2175
2070
1961
1849
1736
1609
1485
1361
1240
1123
1021
926
848
788
736
691
653
616
580
542
488
432
371
317
264
202
156
114
80
49
16
-19
-59
-92
-120
-158
-190
-228
-263
-297
-337
-378
-415
-448
-487
-533
-575
-616
-648
-673
-699
-724
-743
-750
-755
-762
-769
-779
-784
-793
-810
-835
-860
-880
-906
-928
-952
-977
-998
-1027
-1062
-1098
-1130
-1158
-1190
-1214
-1236
-1248
-1253
-1263
-1277
-1295
-1306
-1319
-1345
-1374
-1411
-1447
-1478
-1511
-1537
-1560
-1572
-1584
-1602
-1610
-1617
-1615
-1607
-1602
-1594
-1583
-1568
-1555
-1547
-1539
-1542
-1550
-1569
-1605
-1651
-1697
-1735
-1777
-1816
-1850
-1883
-1903
-1917
-1926
-1930
-1917
-1890
-1864
-1834
-1807
-1787
-1765
-1745
-1728
-1711
-1693
-1675
-1662
-1643
-1622
-1590
-1557
-1528
-1514
-1505
-1491
-1479
-1481
-1487
-1506
-1526
-1542
-1567
-1593
-1615
-1626
-1638
-1656
-1668
-1689
-1714
-1737
-1761
-1787
-1811
-1826
-1845
-1868
-1881
-1892
-1893
-1894
-1906
-1922
-1936
-1941
-1942
-1938
-1927
-1915
-1895
-1871
-1844
-1814
-1780
-1746
-1722
-1697
-1673
-1653
-1635
-1626
-1627
-1635
-1642
-1649
-1665
-1674
-1680
-1679
-1671
-1669
-1672
-1686
-1702
-1720
-1744
-1759
-1768
-1764
-1746
-1723
-1694
-1662
-1620
-1582
-1558
-1537
-1527
-1520
-1513
-1516
-1525
-1537
-1545
-1560
-1576
-1583
-1588
-1585
-1580
-1577
-1574
-1572
-1564
-1564
-1567
-1577
-1594
-1612
-1635
-1660
-1682
-1697
-1713
-1734
-1748
-1760
-1770
-1772
-1770
-1767
-1765
-1757
-1742
-1733
-1715
-1697
-1674
-1645
-1623
-1607
-1590
-1572
-1558
-1546
-1538
-1533
-1527
-1522
-1518
-1512
-1504
-1490
-1476
-1474
-1464
-1461
-1451
-1441
-1433
-1425
-1419
-1414
-1425
-1448
-1473
-1503
-1525
-1545
-1567
-1588
-1606
-1620
-1638
-1650
-1657
-1662
-1660
-1659
-1662
-1665
-1663
-1656
-1648
-1632
-1615
-1596
-1571
-1548
-1533
-1528
-1524
-1524
-1534
-1539
-1549
-1559
-1559
-1558
-1555
-1551
-1542
-1536
-1541
-1538
-1534
-1520
-1499
-1484
-1465
-1446
-1423
-1406
-1398
-1390
-1389
-1388
-1382
-1375
-1367
-1356
-1341
-1329
-1317
-1303
-1296
-1286
-1280
-1280
-1283
-1281
-1272
-1267
-1257
-1244
-1228
-1203
-1176
-1150
-1129
-1108
-1091
-1088
-1089
-1095
-1107
-1121
-1143
-1175
-1222
-1271
-1322
-1383
-1433
-1477
-1505
-1509
-1502
-1488
-1472
-1455
-1440
-1436
-1435
-1435
-1437
-1437
-1438
-1441
-1439
-1425
-1414
-1404
-1397
-1403
-1410
-1414
-1421
-1426
-1431
-1424
-1415
-1405
-1394
-1384
-1367
-1350
-1335
-1322
-1305
-1282
-1264
-1246
-1231
-1220
-1207
-1198
-1192
-1190
-1187
-1184
-1187
-1187
-1184
-1179
-1165
-1146
-1121
-1096
-1064
-1034
-1014
-992
-978
-967
-954
-947
-939
-927
-903
-870
-834
-787
-749
-713
-682
-667
-661
-671
-691
-725
-771
-820
-878
-932
-979
-1024
-1065
-1099
-1121
-1143
-1160
-1164
-1163
-1153
-1144
-1140
-1140
-1142
-1145
-1155
-1163
-1170
-1174
-1170
-1166
-1165
-1172
-1185
-1204
-1229
-1252
-1273
-1290
-1292
-1284
-1267
-1248
-1224
-1202
-1194
-1183
-1183
-1186
-1182
-1179
-1175
-1169
-1153
-1134
-1123
-1106
-1098
-1086
-1070
-1061
-1055
-1049
-1036
-1022
-1004
-998
-1001
-1010
-1017
-1028
-1042
-1059
-1068
-1077
-1082
-1077
-1070
-1062
-1053
-1052
-1055
-1050
-1035
-1021
-1005
-993
-986
-976
-969
-967
-966
-964
-960
-960
-958
-956
-951
-936
-920
-903
-888
-865
-844
-835
-825
-825
-828
-827
-831
-837
-845
-848
-852
-865
-869
-876
-877
-878
-886
-897
-908
-913
-917
-920
-917
-917
-915
-917
-930
-951
-976
-998
-1024
-1046
-1058
-1068
-1069
-1067
-1068
-1069
-1067
-1060
-1053
-1039
-1023
-1009
-996
-993
-1001
-1019
-1042
-1064
-1091
-1110
-1124
-1132
-1133
-1139
-1142
-1140
-1124
-1103
-1090
-1074
-1069
-1072
-1078
-1094
-1112
-1126
-1125
-1120
-1122
-1119
-1122
-1123
-1122
-1126
-1129
-1133
-1132
-1128
-1118
-1102
-1091
-1077
-1065
-1058
-1062
-1063
-1067
-1073
-1072
-1069
-1060
-1052
-1046
-1043
-1034
-1022
-1004
-988
-962
-934
-906
-870
-839
-812
-788
-762
-730
-704
-678
-662
-649
-636
-629
-622
-618
-608
-600
-602
-606
-619
-633
-648
-670
-689
-703
-705
-702
-702
-692
-690
-687
-686
-693
-704
-714
-715
-713
-710
-703
-699
-688
-679
-677
-683
-696
-710
-729
-746
-754
-762
-764
-765
-766
-761
-748
-728
-717
-707
-700
-694
-685
-684
-692
-704
-715
-722
-740
-756
-780
-801
-818
-844
-868
-891
-899
-901
-904
-900
-898
-893
-891
-899
-911
-930
-936
-935
-933
-917
-903
-887
-874
-875
-884
-893
-897
-899
-899
-890
-878
-853
-820
-786
-755
-724
-698
-676
-654
-630
-603
-575
-549
-522
-503
-483
-475
-487
-507
-531
-564
-592
-625
-650
-663
-657
-639
-621
-595
-573
-552
-534
-526
-518
-508
-485
-454
-423
-387
-361
-334
-307
-287
-269
-258
-243
-232
-234
-237
-247
-261
-279
-309
-346
-387
-424
-460
-493
-509
-510
-487
-448
-409
-376
-350
-325
-307
-291
-274
-256
-229
-199
-172
-147
-120
-88
-65
-44
-24
-5
16
29
36
37
38
45
47
59
66
75
87
91
96
103
117
131
137
146
151
165
187
206
225
237
255
268
274
287
301
317
335
344
345
342
338
328
314
305
300
305
311
314
318
322
325
322
320
320
324
340
358
377
390
412
423
422
411
394
376
363
344
328
315
307
300
277
252
217
178
137
93
58
33
24
29
43
75
108
145
180
203
222
232
240
235
220
209
192
179
170
155
131
97
58
11
-41
-89
-134
-162
-182
-199
-207
-207
-202
-203
-206
-211
-214
-207
-197
-185
-172
-159
-148
-150
-156
-173
-202
-237
-280
-323
-370
-411
-453
-510
-559
-611
-657
-695
-732
-766
-795
-810
-817
-823
-817
-810
-793
-770
-752
-739
-731
-725
-730
-748
-770
-799
-823
-838
-848
-852
-848
-833
-822
-815
-801
-787
-765
-744
-732
-721
-708
-694
-689
-685
-684
-686
-683
-682
-685
-694
-702
-707
-723
-745
-778
-803
-826
-846
-868
-893
-901
-904
-909
-912
-919
-928
-935
-954
-975
-998
-1011
-1019
-1031
-1028
-1025
-1017
-1006
-1005
-1006
-1008
-1007
-1012
-1023
-1033
-1046
-1050
-1045
-1036
-1022
-1008
-993
-984
-980
-976
-978
-972
-963
-960
-961
-961
-950
-940
-926
-914
-903
-887
-872
-859
-846
-828
-803
-785
-769
-756
-739
-718
-704
-697
-696
-689
-682
-682
-674
-671
-671
-679
-705
-744
-790
-834
-881
-933
-972
-1009
-1036
-1049
-1059
-1059
-1053
-1036
-1012
-984
-953
-927
-893
-850
-806
-761
-716
-670
-634
-608
-588
-579
-569
-563
-565
-569
-570
-568
-576
-589
-610
-637
-655
-671
-681
-685
-683
-678
-678
-676
-680
-685
-687
-690
-687
-670
-628
-573
-508
-436
-374
-305
-235
-160
-88
-15
71
167
262
374
489
624
779
941
1112
1293
1483
1668
1851
2038
2224
2421
2628
2841
3063
3297
3546
3792
4039
4292
4545
4804
5061
5312
5567
5828
6094
6352
6609
6861
7100
7327
7540
7739
7924
8096
8254
8394
8526
8644
8751
8846
8911
8940
8927
8885
8810
8695
8555
8379
8164
7902
7579
7198
6760
6272
5731
5135
4508
3849
3181
2510
1833
1160
500
-139
-760
-1361
-1930
-2475
-2982
-3451
-3883
-4274
-4618
-4911
-5166
-5382
-5558
-5698
-5797
-5859
-5887
-5877
-5828
-5745
-5648
-5532
-5401
-5256
-5097
-4941
-4790
-4640
-4486
-4332
-4189
-4045
-3907
-3767
-3620
-3476
-3340
-3217
-3098
-2992
-2901
-2817
-2739
-2652
-2562
-2470
-2386
-2305
-2213
-2117
-2022
-1920
-1832
-1741
-1648
-1563
-1479
-1397
-1319
-1250
-1188
-1128
-1075
-1023
-978
-944
-911
-877
-837
-805
-777
-755
-744
-730
-719
-708
-694
-670
-638
-615
-594
-577
-564
-552
-548
-553
-557
-554
-546
-543
-531
-520
-499
-465
-430
-395
-364
-333
-309
-297
-289
-287
-278
-260
-245
-231
-220
-200
-184
-181
-176
-177
-173
-161
-150
-142
-136
-124
-116
-112
-111
-119
-123
-131
-146
-163
-173
-168
-162
-150
-134
-119
-101
-92
-94
-100
-106
-117
-138
-157
-172
-184
-185
-179
-168
-155
-140
-121
-107
-83
-61
-36
-8
9
17
19
23
28
31
43
54
73
99
122
149
166
194
217
237
255
266
278
291
305
314
324
335
348
359
375
380
380
373
361
346
330
319
303
288
272
261
257
251
243
231
222
217
209
211
223
245
279
315
346
372
399
422
429
438
438
439
447
453
460
465
480
505
531
564
589
613
633
644
655
661
669
672
666
662
647
626
598
560
519
481
457
439
433
446
468
504
545
586
628
670
713
747
780
811
834
851
857
855
844
833
828
826
837
854
875
900
919
931
939
956
976
986
1000
1005
1004
1007
1005
1004
1003
1010
1016
1013
1013
1001
992
992
995
1009
1027
1054
1079
1101
1128
1153
1179
1207
1237
1267
1300
1338
1364
1397
1435
1474
1510
1539
1556
1571
1591
1618
1639
1666
1695
1727
1767
1807
1845
1884
1928
1973
2011
2051
2090
2128
2173
2220
2267
2305
2338
2362
2368
2380
2386
2389
2394
2390
2383
2377
2377
2381
2387
2411
2436
2468
2503
2534
2568
2606
2654
2701
2742
2782
2814
2849
2886
2915
2937
2954
2975
2997
3023
3056
3093
3139
3187
3228
3265
3310
3363
3412
3464
3520
3578
3644
3708
3763
3809
3855
3897
3931
3965
4001
4045
4098
4149
4194
4229
4262
4290
4301
4311
4304
4287
4268
4237
4200
4163
4137
4123
4117
4133
4154
4188
4234
4280
4333
4391
4462
4535
4605
4675
4734
4787
4829
4857
4875
4887
4898
4900
4905
4909
4920
4938
4953
4971
4987
5011
5042
5060
5081
5103
5120
5133
5135
5120
5097
5070
5037
5000
4963
4923
4884
4858
4838
4825
4817
4822
4836
4850
4873
4887
4896
4902
4898
4891
4878
4865
4847
4817
4793
4763
4738
4712
4675
4635
4596
4562
4524
4483
4448
4409
4373
4334
4284
4221
4152
4083
4009
3932
3860
3787
3719
3654
3587
3518
3452
3391
3330
3280
3235
3191
3149
3104
3058
3012
2965
2915
2854
2790
2719
2650
2591
2533
2481
2431
2394
2360
2319
2283
2239
2188
2137
2078
2012
1936
1863
1788
1705
1630
1547
1463
1378
1290
1205
1124
1051
984
925
877
830
791
752
708
662
618
582
544
507
472
436
408
376
347
312
288
266
234
207
174
143
113
76
28
-19
-61
-91
-120
-144
-163
-173
-179
-192
-205
-222
-236
-249
-269
-289
-316
-342
-370
-410
-453
-499
-539
-580
-626
-660
-697
-726
-747
-764
-776
-788
-794
-804
-817
-830
-850
-869
-894
-931
-974
-1021
-1070
-1128
-1191
-1249
-1300
-1334
-1357
-1376
-1390
-1397
-1397
-1401
-1401
-1399
-1393
-1376
-1358
-1339
-1318
-1298
-1282
-1280
-1277
-1278
-1277
-1276
-1282
-1288
-1296
-1295
-1290
-1285
-1269
-1254
-1236
-1215
-1203
-1196
-1195
-1188
-1186
-1193
-1195
-1201
-1202
-1200
-1203
-1209
-1217
-1222
-1231
-1239
-1238
-1236
-1225
-1218
-1218
-1219
-1218
-1215
-1226
-1247
-1272
-1300
-1317
-1329
-1335
-1334
-1326
-1316
-1314
-1316
-1326
-1335
-1341
-1354
-1371
-1395
-1404
-1409
-1422
-1438
-1465
-1495
-1521
-1551
-1583
-1618
-1640
-1653
-1661
-1658
-1655
-1646
-1631
-1618
-1600
-1583
-1557
-1535
-1519
-1497
-1477
-1452
-1426
-1403
-1380
-1360
-1344
-1338
-1337
-1333
-1327
-1311
-1287
-1266
-1252
-1243
-1235
-1232
-1229
-1223
-1216
-1204
-1196
-1195
-1205
-1217
-1224
-1235
-1245
-1262
-1288
-1312
-1337
-1364
-1391
-1408
-1415
-1427
-1427
-1425
-1417
-1403
-1396
-1387
-1374
-1348
-1313
-1278
-1239
-1204
-1168
-1137
-1124
-1121
-1135
-1155
-1186
-1226
-1261
-1297
-1324
-1344
-1360
-1367
-1371
-1371
-1374
-1380
-1380
-1378
-1362
-1341
-1324
-1312
-1303
-1291
-1282
-1270
-1251
-1229
-1196
-1160
-1122
-1084
-1045
-1009
-984
-964
-954
-960
-975
-997
-1026
-1066
-1096
-1125
-1160
-1182
-1213
-1231
-1241
-1252
-1257
-1267
-1274
-1278
-1285
-1287
-1289
-1286
-1276
-1272
-1270
-1273
-1271
-1273
-1283
-1287
-1294
-1296
-1295
-1295
-1292
-1280
-1254
-1226
-1195
-1156
-1117
-1071
-1030
-1001
-983
-973
-974
-994
-1024
-1064
-1117
-1170
-1228
-1281
-1325
-1357
-1377
-1394
-1404
-1414
-1425
-1430
-1434
-1433
-1427
-1408
-1386
-1378
-1367
-1361
-1349
-1328
-1308
-1285
-1264
-1241
-1219
-1204
-1184
-1169
-1146
-1118
-1095
-1075
-1058
-1041
-1032
-1032
-1035
-1044
-1054
-1066
-1088
-1114
-1142
-1164
-1190
-1218
-1241
-1263
-1275
-1281
-1288
-1288
-1274
-1245
-1216
-1186
-1157
-1130
-1096
-1066
-1042
-1025
-1004
-981
-962
-936
-912
-893
-875
-866
-861
-861
-856
-849
-850
-844
-853
-858
-865
-872
-881
-897
-902
-902
-900
-883
-865
-842
-815
-798
-788
-783
-780
-783
-792
-799
-811
-814
-811
-809
-806
-800
-788
-783
-786
-785
-788
-783
-778
-777
-779
-777
-771
-775
-790
-810
-828
-837
-844
-848
-850
-847
-839
-832
-824
-821
-819
-812
-808
-805
-810
-810
-814
-836
-857
-883
-899
-903
-907
-911
-917
-918
-922
-935
-940
-947
-943
-933
-925
-913
-898
-882
-874
-875
-876
-878
-872
-860
-848
-830
-808
-777
-748
-718
-684
-651
-614
-585
-572
-575
-585
-595
-612
-628
-644
-658
-665
-674
-687
-707
-728
-748
-773
-792
-807
-811
-805
-798
-792
-794
-791
-790
-799
-800
-805
-805
-798
-794
-793
-796
-798
-810
-833
-852
-886
-911
-937
-959
-973
-976
-969
-957
-948
-935
-922
-906
-894
-888
-883
-875
-856
-834
-813
-791
-773
-750
-729
-715
-705
-695
-683
-679
-676
-681
-697
-716
-747
-785
-828
-868
-902
-937
-958
-967
-961
-940
-918
-889
-860
-825
-796
-778
-757
-745
-732
-716
-705
-697
-693
-687
-687
-701
-710
-727
-740
-749
-761
-771
-778
-783
-792
-804
-814
-832
-850
-866
-884
-899
-909
-906
-899
-886
-866
-848
-830
-821
-820
-824
-824
-812
-799
-777
-754
-737
-718
-705
-698
-693
-686
-676
-672
-667
-670
-670
-662
-655
-645
-637
-621
-601
-585
-567
-560
-559
-560
-569
-582
-600
-611
-624
-648
-666
-688
-709
-731
-752
-768
-778
-775
-779
-780
-768
-757
-737
-723
-714
-701
-681
-658
-640
-629
-616
-610
-603
-604
-615
-639
-671
-706
-751
-790
-823
-850
-866
-878
-889
-901
-912
-920
-934
-937
-942
-938
-926
-916
-909
-904
-893
-880
-868
-851
-835
-814
-786
-760
-732
-705
-669
-632
-603
-573
-555
-541
-529
-528
-532
-541
-550
-563
-579
-589
-601
-605
-609
-618
-624
-625
-618
-619
-622
-625
-633
-640
-654
-673
-700
-725
-746
-770
-786
-799
-813
-819
-823
-825
-826
-823
-819
-825
-829
-838
-836
-818
-796
-768
-744
-723
-709
-705
-696
-690
-676
-654
-639
-625
-612
-587
-560
-539
-518
-514
-522
-541
-575
-618
-662
-692
-721
-733
-731
-725
-703
-684
-664
-643
-618
-578
-543
-512
-479
-448
-414
-388
-377
-377
-381
-388
-407
-423
-440
-454
-455
-447
-434
-418
-393
-367
-354
-335
-319
-296
-262
-231
-203
-181
-162
-148
-140
-135
-141
-145
-143
-140
-130
-116
-89
-62
-42
-18
-2
13
26
33
39
50
70
89
107
130
149
168
181
184
182
178
177
171
168
167
166
172
175
175
169
164
158
148
142
138
136
142
150
163
181
206
235
257
285
306
327
350
367
381
392
407
419
423
431
432
440
451
450
444
430
420
410
402
406
411
422
436
452
470
489
513
533
554
579
599
621
634
635
627
619
619
606
605
604
612
630
647
658
664
669
673
676
680
680
681
686
683
674
657
635
608
569
536
497
458
425
391
359
330
304
275
234
199
156
120
89
57
31
1
-22
-48
-80
-109
-142
-167
-183
-195
-200
-199
-192
-187
-178
-156
-128
-89
-48
-11
21
52
82
98
109
115
110
99
77
47
14
-16
-46
-84
-127
-171
-212
-245
-279
-311
-345
-369
-393
-428
-456
-488
-518
-543
-567
-587
-603
-610
-617
-628
-627
-626
-612
-587
-564
-541
-527
-514
-515
-528
-542
-563
-580
-597
-618
-639
-656
-666
-679
-697
-715
-736
-752
-768
-784
-799
-806
-803
-804
-808
-817
-825
-823
-823
-816
-815
-806
-792
-790
-786
-793
-807
-822
-839
-856
-865
-856
-834
-819
-801
-789
-781
-774
-775
-780
-790
-800
-812
-828
-833
-839
-834
-820
-812
-802
-792
-776
-767
-763
-760
-764
-766
-771
-782
-796
-809
-816
-821
-822
-815
-807
-793
-778
-763
-748
-727
-702
-687
-673
-664
-657
-644
-633
-626
-620
-611
-598
-588
-574
-562
-547
-526
-509
-490
-478
-464
-455
-458
-457
-459
-458
-453
-452
-452
-453
-443
-431
-426
-413
-405
-395
-382
-380
-382
-392
-403
-423
-450
-479
-513
-537
-555
-576
-595
-608
-607
-606
-600
-587
-573
-552
-526
-498
-464
-419
-363
-308
-247
-184
-112
-25
72
177
283
405
545
695
867
1040
1221
1417
1613
1821
2022
2226
2431
2633
2845
3064
3294
3542
3793
4052
4317
4598
4887
5172
5469
5760
6053
6344
6624
6901
7176
7459
7742
8023
8303
8573
8836
9085
9309
9508
9686
9845
9979
10096
10199
10283
10347
10378
10375
10339
10279
10197
10080
9932
9744
9507
9217
8865
8449
7971
7440
6864
6239
5583
4897
4192
3476
2739
2001
1275
577
-94
-736
-1336
-1900
-2422
-2903
-3348
-3753
-4117
-4431
-4705
-4945
-5135
-5290
-5406
-5487
-5542
-5569
-5570
-5540
-5488
-5416
-5322
-5218
-5103
-4984
-4867
-4751
-4632
-4503
-4374
-4244
-4107
-3965
-3811
-3658
-3511
-3370
-3228
-3084
-2946
-2805
-2662
-2522
-2380
-2246
-2120
-2003
-1891
-1782
-1682
-1580
-1488
-1399
-1308
-1225
-1136
-1065
-993
-928
-872
-812
-759
-713
-670
-640
-615
-598
-578
-567
-564
-559
-563
-562
-557
-556
-560
-564
-562
-566
-572
-575
-577
-569
-558
-552
-545
-533
-511
-487
-460
-431
-400
-364
-335
-310
-288
-262
-231
-207
-179
-154
-128
-94
-61
-34
-13
3
15
10
7
-4
-15
-18
-23
-23
-26
-22
-13
-4
14
27
42
56
57
53
42
36
30
20
15
4
-7
-17
-27
-33
-33
-23
-10
4
24
40
61
80
87
81
67
53
32
13
3
-2
1
6
12
20
37
62
83
109
132
151
172
186
191
189
189
188
175
168
159
156
159
152
139
123
108
89
62
46
21
10
7
7
21
32
56
76
94
115
131
143
154
163
177
195
220
247
273
301
326
358
392
421
446
468
487
492
491
483
464
448
430
415
403
400
408
418
437
463
492
528
560
588
609
630
652
665
689
709
729
752
765
769
763
754
738
714
692
664
646
638
635
642
651
668
680
685
689
686
686
692
699
708
720
742
763
785
811
835
864
894
919
943
968
997
1020
1042
1064
1083
1107
1127
1148
1174
1211
1254
1293
1335
1376
1411
1439
1448
1445
1433
1423
1419
1410
1418
1431
1452
1486
1522
1561
1598
1634
1661
1673
1687
1693
1705
1716
1726
1742
1757
1783
1801
1812
1829
1839
1861
1883
1901
1916
1935
1957
1975
1988
2006
2024
2052
2084
2119
2162
2218
2289
2359
2430
2498
2561
2625
2685
2740
2789
2829
2861
2878
2888
2885
2872
2857
2837
2813
2782
2753
2723
2690
2679
2683
2709
2758
2815
2879
2947
3024
3104
3175
3245
3303
3359
3412
3454
3490
3516
3541
3561
3578
3599
3618
3642
3669
3691
3714
3740
3776
3812
3850
3891
3926
3964
4001
4033
4063
4100
4145
4185
4223
4264
4310
4363
4409
4444
4465
4483
4501
4516
4536
4558
4586
4622
4653
4682
4707
4740
4777
4809
4847
4885
4925
4969
5009
5045
5077
5114
5148
5172
5198
5212
5227
5245
5259
5273
5285
5301
5314
5322
5329
5320
5318
5305
5283
5259
5241
5236
5231
5224
5221
5217
5217
5213
5204
5192
5188
5193
5194
5204
5215
5220
5223
5216
5202
5178
5149
5112
5065
5019
4974
4934
4898
4855
4812
4763
4720
4675
4621
4571
4513
4457
4406
4355
4304
4249
4196
4135
4060
3990
3915
3846
3786
3729
3678
3633
3593
3553
3511
3471
3421
3369
3309
3237
3157
3073
2999
2928
2863
2804
2743
2687
2631
2574
2517
2469
2428
2380
2332
2283
2232
2185
2131
2070
2003
1937
1875
1809
1748
1684
1621
1558
1484
1406
1322
1244
1166
1085
1015
941
868
799
730
667
610
567
533
497
473
446
423
406
386
364
339
317
295
275
262
244
221
188
133
69
-2
-63
-130
-189
-238
-280
-303
-327
-352
-387
-421
-453
-490
-525
-560
-592
-610
-628
-650
-677
-709
-743
-784
-820
-858
-891
-913
-928
-933
-932
-923
-912
-909
-907
-914
-924
-939
-963
-987
-1012
-1026
-1036
-1050
-1062
-1091
-1126
-1161
-1201
-1238
-1268
-1286
-1295
-1295
-1285
-1277
-1268
-1267
-1280
-1298
-1314
-1320
-1325
-1323
-1312
-1297
-1272
-1245
-1219
-1196
-1174
-1155
-1145
-1136
-1134
-1135
-1134
-1143
-1162
-1187
-1209
-1226
-1247
-1262
-1282
-1298
-1309
-1324
-1336
-1346
-1348
-1349
-1356
-1366
-1385
-1400
-1409
-1420
-1425
-1426
-1415
-1404
-1404
-1403
-1411
-1417
-1421
-1427
-1432
-1430
-1417
-1401
-1384
-1363
-1351
-1340
-1331
-1330
-1334
-1342
-1348
-1363
-1383
-1409
-1435
-1446
-1456
-1465
-1477
-1492
-1497
-1512
-1520
-1531
-1536
-1529
-1518
-1510
-1505
-1497
-1489
-1496
-1502
-1515
-1520
-1515
-1511
-1501
-1487
-1461
-1431
-1403
-1369
-1340
-1310
-1280
-1264
-1252
-1241
-1221
-1201
-1189
-1174
-1165
-1156
-1147
-1146
-1154
-1172
-1190
-1210
-1231
-1246
-1263
-1273
-1285
-1302
-1324
-1348
-1370
-1396
-1420
-1440
-1456
-1458
-1455
-1448
-1441
-1425
-1404
-1388
-1370
-1353
-1337
-1321
-1312
-1307
-1308
-1304
-1295
-1295
-1296
-1307
-1322
-1334
-1350
-1365
-1378
-1382
-1379
-1377
-1369
-1365
-1354
-1339
-1333
-1331
-1336
-1332
-1328
-1327
-1320
-1313
-1301
-1288
-1280
-1274
-1271
-1265
-1264
-1266
-1263
-1259
-1250
-1247
-1255
-1270
-1289
-1306
-1325
-1340
-1352
-1363
-1366
-1368
-1366
-1364
-1358
-1343
-1336
-1317
-1301
-1289
-1269
-1249
-1227
-1207
-1191
-1177
-1176
-1173
-1175
-1173
-1167
-1171
-1183
-1203
-1215
-1227
-1248
-1263
-1277
-1279
-1271
-1267
-1263
-1264
-1258
-1251
-1247
-1236
-1228
-1216
-1202
-1196
-1196
-1197
-1190
-1189
-1192
-1194
-1197
-1191
-1179
-1165
-1149
-1135
-1124
-1128
-1140
-1158
-1182
-1201
-1223
-1244
-1263
-1275
-1278
-1272
-1260
-1251
-1246
-1238
-1235
-1233
-1233
-1226
-1217
-1213
-1202
-1198
-1199
-1201
-1216
-1236
-1255
-1265
-1272
-1287
-1294
-1302
-1303
-1299
-1300
-1298
-1297
-1288
-1278
-1266
-1247
-1233
-1219
-1206
-1196
-1186
-1180
-1174
-1175
-1178
-1177
-1176
-1164
-1148
-1131
-1115
-1101
-1084
-1074
-1063
-1052
-1042
-1026
-1007
-986
-968
-945
-917
-892
-869
-848
-836
-815
-802
-787
-779
-769
-761
-772
-773
-779
-782
-788
-794
-795
-785
-761
-735
-713
-685
-674
-669
-667
-680
-700
-726
-753
-785
-820
-849
-879
-903
-926
-952
-975
-996
-1008
-1020
-1031
-1040
-1049
-1047
-1041
-1032
-1021
-1008
-995
-993
-991
-991
-995
-998
-1006
-1020
-1037
-1050
-1054
-1055
-1045
-1028
-1003
-972
-945
-919
-894
-860
-830
-813
-795
-785
-776
-764
-762
-767
-782
-796
-810
-826
-827
-833
-834
-835
-848
-865
-888
-910
-933
-956
-976
-999
-1014
-1026
-1037
-1046
-1053
-1056
-1062
-1070
-1072
-1072
-1062
-1045
-1025
-1002
-974
-944
-924
-907
-899
-902
-905
-913
-925
-938
-947
-949
-950
-943
-937
-930
-921
-920
-921
-924
-920
-914
-910
-893
-878
-864
-843
-838
-831
-833
-828
-830
-841
-846
-850
-846
-835
-827
-818
-815
-814
-819
-824
-829
-843
-856
-872
-892
-910
-922
-925
-930
-933
-933
-937
-936
-937
-943
-953
-959
-961
-966
-969
-972
-976
-976
-981
-992
-1005
-1014
-1019
-1027
-1026
-1024
-1018
-1003
-994
-986
-980
-963
-942
-923
-897
-873
-845
-810
-780
-751
-726
-696
-672
-657
-633
-608
-573
-534
-498
-460
-419
-369
-318
-262
-200
-141
-79
-17
42
99
155
214
265
312
353
385
415
439
454
459
462
466
462
461
461
459
458
455
452
450
452
462
471
488
503
519
536
542
546
546
556
574
596
632
671
716
761
794
828
854
886
911
915
925
924
924
927
914
889
854
817
770
717
659
595
534
473
413
349
281
208
119
20
-87
-208
-332
-463
-601
-743
-889
-1038
-1199
-1364
-1539
-1726
-1914
-2105
-2298
-2496
-2688
-2873
-3057
-3221
-3369
-3496
-3607
-3717
-3821
-3920
-4005
-4083
-4158
-4224
-4291
-4356
-4420
-4496
-4579
-4671
-4765
-4876
-5009
-5145
-5283
-5408
-5519
-5627
-5735
-5837
-5924
-6003
-6077
-6145
-6211
-6268
-6321
-6371
-6406
-6422
-6421
-6419
-6416
-6413
-6413
-6401
-6386
-6365
-6335
-6287
-6224
-6156
-6082
-6007
-5927
-5837
-5746
-5663
-5588
-5515
-5445
-5387
-5320
-5253
-5178
-5096
-5022
-4956
-4900
-4847
-4801
-4766
-4731
-4704
-4673
-4640
-4613
-4584
-4554
-4512
-4466
-4430
-4384
-4348
-4310
-4274
-4251
-4223
-4192
-4151
-4115
-4087
-4070
-4062
-4054
-4044
-4027
-4005
-3965
-3906
-3836
-3749
-3642
-3522
-3388
-3254
-3123
-2995
-2865
-2733
-2608
-2479
-2348
-2218
-2082
-1949
-1822
-1705
-1589
-1477
-1379
-1278
-1185
-1093
-997
-910
-833
-769
-711
-660
-620
-582
-556
-529
-497
-471
-443
-416
-381
-348
-316
-275
-232
-176
-111
-41
37
126
225
323
424
532
638
741
834
917
994
1068
1143
1207
1267
1323
1377
1435
1491
1541
1586
1629
1672
1706
1736
1765
1797
1835
1865
1883
1888
1888
1881
1858
1839
1819
1811
1817
1824
1832
1839
1847
1849
1839
1834
1827
1830
1846
1864
1893
1926
1965
1998
2022
2044
2051
2049
2033
1996
1948
1896
1855
1818
1776
1742
1697
1666
1639
1614
1589
1579
1580
1578
1580
1584
1590
1606
1616
1616
1612
1610
1605
1592
1583
1575
1569
1572
1576
1583
1591
1606
1622
1629
1648
1668
1697
1738
1774
1809
1841
1874
1901
1918
1935
1939
1944
1952
1954
1957
1956
1954
1940
1919
1900
1876
1854
1833
1811
1794
1782
1781
1782
1787
1802
1820
1849
1882
1912
1939
1965
1989
2001
2006
2006
1999
1992
1977
1957
1935
1921
1915
1916
1930
1950
1974
2007
2041
2078
2112
2149
2182
2202
2229
2249
2265
2278
2285
2289
2291
2294
2290
2271
2255
2237
2232
2238
2245
2259
2282
2320
2363
2407
2456
2502
2552
2597
2630
2658
2686
2720
2751
2782
2816
2844
2884
2920
2946
2968
2978
2993
3002
3011
3025
3034
3051
3066
3082
3097
3118
3141
3164
3188
3210
3238
3274
3309
3346
3382
3425
3466
3500
3540
3577
3617
3664
3711
3759
3811
3873
3941
4002
4073
4136
4200
4263
4314
4359
4399
4440
4475
4507
4538
4567
4601
4637
4667
4697
4729
4769
4812
4862
4923
4987
5056
5120
5174
5221
5263
5303
5330
5355
5375
5394
5418
5437
5451
5459
5466
5474
5478
5487
5497
5520
5563
5619
5694
5780
5880
5980
6067
6150
6218
6280
6340
6389
6432
6469
6504
6527
6537
6549
6550
6547
6544
6533
6523
6518
6521
6530
6546
6575
6606
6643
6679
6710
6739
6770
6807
6842
6877
6917
6956
7003
7051
7096
7142
7184
7239
7287
7344
7404
7452
7505
7556
7600
7642
7678
7708
7727
7747
7759
7776
7794
7814
7839
7862
7895
7935
7979
8031
8077
8125
8177
8220
8257
8285
8313
8331
8327
8314
8282
8245
8209
8168
8121
8073
8036
8001
7967
7941
7916
7894
7868
7835
7798
7758
7720
7677
7636
7601
7572
7556
7541
7521
7495
7463
7429
7386
7352
7324
7296
7273
7250
7226
7202
7182
7162
7132
7102
7063
7018
6975
6926
6879
6828
6784
6743
6701
6664
6619
6575
6529
6474
6417
6358
6302
6241
6170
6106
6038
5975
5914
5844
5767
5685
5605
5524
5446
5380
5314
5252
5186
5105
5011
4911
4811
4704
4599
4499
4405
4322
4242
4163
4086
4017
3952
3882
3816
3752
3684
3620
3549
3474
3401
3322
3248
3156
3071
2981
2894
2808
2718
2628
2535
2448
2354
2250
2148
2037
1928
1823
1713
1604
1492
1392
1296
1204
1128
1055
991
929
864
799
733
667
595
515
436
356
283
212
129
41
-46
-130
-222
-317
-412
-512
-610
-708
-802
-890
-965
-1026
-1085
-1136
-1183
-1230
-1270
-1312
-1356
-1401
-1445
-1489
-1545
-1599
-1658
-1711
-1754
-1795
-1829
-1856
-1869
-1878
-1890
-1900
-1919
-1934
-1944
-1963
-1988
-2017
-2036
-2056
-2081
-2097
-2112
-2117
-2118
-2121
-2126
-2132
-2133
-2138
-2149
-2160
-2179
-2193
-2201
-2208
-2215
-2217
-2211
-2210
-2208
-2207
-2207
-2200
-2192
-2184
-2175
-2162
-2149
-2144
-2140
-2138
-2136
-2128
-2124
-2124
-2130
-2135
-2145
-2173
-2195
-2221
-2250
-2267
-2293
-2311
-2320
-2325
-2322
-2326
-2316
-2303
-2275
-2238
-2202
-2161
-2117
-2067
-2026
-1993
-1965
-1952
-1944
-1941
-1952
-1974
-2007
-2041
-2083
-2127
-2160
-2184
-2190
-2182
-2168
-2143
-2113
-2077
-2049
-2018
-1990
-1963
-1929
-1891
-1841
-1776
-1694
-1603
-1511
-1416
-1329
-1254
-1189
-1147
-1130
-1137
-1160
-1201
-1270
-1352
-1460
-1587
-1730
-1899
-2086
-2289
-2497
-2711
-2935
-3153
-3375
-3593
-3809
-4039
-4273
-4514
-4760
-5017
-5280
-5538
-5801
-6065
-6333
-6614
-6901
-7190
-7475
-7762
-8045
-8318
-8583
-8830
-9065
-9289
-9501
-9703
-9891
-10073
-10244
-10410
-10572
-10721
-10860
-10990
-11113
-11225
-11329
-11432
-11533
-11638
-11740
-11836
-11937
-12038
-12144
-12249
-12364
-12500
-12637
-12784
-12935
-13082
-13241
-13391
-13536
-13669
-13788
-13917
-14035
-14153
-14261
-14348
-14436
-14523
-14613
-14701
-14801
-14908
-15016
-15118
-15207
-15280
-15339
-15373
-15384
-15372
-15346
-15309
-15262
-15214
-15159
-15108
-15068
-15035
-15003
-14964
-14931
-14896
-14865
-14836
-14805
-14773
-14732
-14687
-14632
-14571
-14511
-14445
-14377
-14297
-14200
-14094
-13977
-13850
-13700
-13534
-13361
-13166
-12961
-12744
-12517
-12291
-12066
-11840
-11605
-11367
-11129
-10871
-10606
-10323
-10025
-9724
-9416
-9104
-8791
-8486
-8191
-7898
-7611
-7317
-7016
-6713
-6407
-6098
-5787
-5490
-5210
-4943
-4688
-4437
-4193
-3960
-3738
-3520
-3304
-3102
-2905
-2717
-2538
-2361
-2200
-2055
-1923
-1797
-1678
-1569
-1459
-1351
-1241
-1128
-1025
-933
-852
-771
-693
-624
-555
-494
-436
-377
-327
-286
-259
-237
-220
-213
-198
-188
-174
-147
-128
-99
-69
-28
13
54
96
137
185
233
274
311
348
392
425
444
454
457
463
465
465
465
472
489
499
514
530
546
570
595
616
635
660
695
729
773
814
855
896
926
952
973
996
1017
1033
1055
1072
1092
1118
1142
1166
1188
1217
1243
1258
1276
1283
1291
1306
1318
1331
1346
1366
1384
1397
1411
1416
1423
1430
1435
1444
1456
1473
1486
1502
1519
1526
1536
1550
1558
1560
1566
1582
1601
1630
1660
1690
1727
1760
1785
1804
1822
1842
1856
1877
1900
1935
1982
2027
2070
2110
2155
2193
2220
2245
2263
2278
2293
2299
2301
2299
2301
2299
2289
2289
2291
2301
2319
2338
2360
2388
2426
2471
2509
2559
2606
2661
2721
2769
2814
2849
2880
2899
2915
2924
2924
2927
2935
2944
2953
2972
2998
3021
3053
3088
3122
3159
3195
3228
3259
3294
3328
3355
3387
3416
3447
3478
3494
3502
3505
3511
3515
3517
3529
3547
3579
3627
3677
3730
3782
3841
3901
3955
4018
4074
4131
4189
4247
4307
4371
4441
4506
4563
4620
4667
4716
4760
4797
4830
4863
4901
4936
4975
5016
5055
5100
5145
5189
5233
5285
5343
5394
5447
5498
5547
5598
5640
5672
5694
5719
5749
5776
5814
5855
5904
5965
6027
6099
6174
6254
6333
6407
6486
6561
6642
6725
6794
6856
6910
6964
7010
7043
7075
7096
7115
7134
7148
7160
7174
7198
7222
7244
7270
7284
7307
7331
7348
7369
7391
7423
7463
7505
7553
7594
7637
7673
7706
7733
7765
7799
7836
7879
7924
7970
8023
8070
8107
8136
8163
8187
8200
8222
8244
8275
8325
8382
8445
8504
8561
8609
8645
8682
8713
8751
8789
8813
8828
8836
8847
8853
8852
8853
8847
8839
8828
8809
8786
8765
8751
8729
8704
8682
8658
8639
8615
8583
8546
8512
8487
8460
8437
8414
8387
8362
8331
8294
8251
8208
8170
8132
8098
8065
8032
8007
7982
7955
7920
7883
7842
7790
7744
7695
7649
7607
7561
7514
7467
7427
7388
7342
7298
7246
7197
7150
7097
7043
6978
6912
6833
6740
6640
6523
6403
6281
6155
6029
5906
5794
5686
5584
5490
5396
5306
5213
5113
5006
4891
4773
4650
4524
4404
4272
4144
4013
3876
3737
3603
3471
3340
3219
3107
3009
2923
2837
2752
2663
2573
2482
2377
2280
2183
2088
1997
1897
1796
1697
1606
1514
1414
1320
1220
1129
1046
960
879
797
723
652
580
510
432
360
292
226
163
103
52
2
-42
-78
-113
-146
-183
-231
-289
-352
-421
-506
-591
-674
-756
-831
-907
-984
-1058
-1123
-1178
-1231
-1275
-1314
-1346
-1369
-1392
-1411
-1433
-1451
-1477
-1517
-1550
-1587
-1619
-1643
-1667
-1689
-1709
-1723
-1738
-1759
-1769
-1785
-1797
-1809
-1832
-1855
-1881
-1902
-1930
-1961
-1986
-2011
-2031
-2050
-2068
-2082
-2092
-2097
-2109
-2129
-2150
-2176
-2200
-2231
-2272
-2316
-2355
-2387
-2424
-2453
-2479
-2501
-2519
-2535
-2555
-2570
-2591
-2615
-2649
-2683
-2711
-2739
-2758
-2782
-2801
-2821
-2830
-2836
-2852
-2862
-2874
-2885
-2890
-2895
-2897
-2899
-2895
-2890
-2894
-2892
-2896
-2894
-2889
-2885
-2883
-2880
-2873
-2863
-2852
-2831
-2813
-2789
-2770
-2761
-2758
-2755
-2744
-2735
-2728
-2717
-2704
-2679
-2648
-2620
-2595
-2572
-2548
-2535
-2525
-2519
-2520
-2526
-2549
-2583
-2625
-2668
-2712
-2761
-2805
-2852
-2898
-2937
-2975
-3007
-3039
-3060
-3075
-3092
-3099
-3101
-3093
-3077
-3064
-3050
-3038
-3017
-2996
-2982
-2957
-2934
-2906
-2877
-2859
-2846
-2841
-2834
-2829
-2822
-2813
-2811
-2804
-2799
-2805
-2817
-2831
-2843
-2864
-2886
-2904
-2921
-2923
-2917
-2908
-2899
-2891
-2883
-2888
-2891
-2896
-2901
-2902
-2907
-2919
-2928
-2924
-2906
-2894
-2881
-2872
-2861
-2837
-2816
-2800
-2779
-2750
-2707
-2668
-2625
-2590
-2553
-2519
-2499
-2487
-2483
-2474
-2464
-2462
-2449
-2448
-2451
-2457
-2468
-2483
-2502
-2520
-2539
-2558
-2580
-2618
-2658
-2698
-2742
-2789
-2831
-2867
-2906
-2947
-2988
-3033
-3071
-3107
-3143
-3175
-3194
-3199
-3203
-3201
-3197
-3194
-3184
-3172
-3158
-3139
-3114
-3086
-3066
-3042
-3023
-3006
-2989
-2978
-2962
-2947
-2924
-2896
-2871
-2839
-2811
-2786
-2764
-2755
-2751
-2753
-2750
-2752
-2760
-2758
-2760
-2759
-2754
-2753
-2753
-2751
-2742
-2732
-2721
-2707
-2696
-2681
-2669
-2667
-2670
-2674
-2675
-2685
-2701
-2713
-2723
-2720
-2714
-2706
-2695
-2681
-2666
-2660
-2654
-2646
-2639
-2630
-2626
-2625
-2623
-2616
-2607
-2609
-2610
-2619
-2630
-2637
-2650
-2662
-2670
-2674
-2670
-2670
-2664
-2660
-2657
-2656
-2664
-2679
-2697
-2705
-2715
-2725
-2726
-2731
-2728
-2721
-2720
-2720
-2720
-2716
-2715
-2714
-2709
-2707
-2697
-2682
-2666
-2646
-2619
-2587
-2561
-2538
-2519
-2503
-2482
-2465
-2451
-2440
-2428
-2412
-2405
-2398
-2394
-2392
-2382
-2377
-2378
-2378
-2372
-2366
-2375
-2384
-2402
-2419
-2436
-2464
-2498
-2535
-2560
-2578
-2590
-2587
-2579
-2558
-2532
-2519
-2512
-2512
-2509
-2512
-2526
-2541
-2564
-2586
-2607
-2632
-2653
-2668
-2673
-2674
-2669
-2653
-2632
-2601
-2564
-2525
-2481
-2433
-2378
-2328
-2278
-2230
-2188
-2146
-2108
-2078
-2057
-2041
-2030
-2028
-2024
-2023
-2021
-2012
-2005
-2002
-2006
-2006
-2002
-2004
-1997
-1994
-1988
-1975
-1968
-1961
-1955
-1942
-1929
-1916
-1896
-1868
-1831
-1783
-1752
-1738
-1739
-1743
-1743
-1748
-1745
-1752
-1750
-1742
-1730
-1717
-1708
-1692
-1677
-1664
-1650
-1637
-1615
-1590
-1566
-1545
-1524
-1500
-1484
-1471
-1461
-1456
-1449
-1444
-1443
-1444
-1439
-1428
-1422
-1413
-1405
-1400
-1392
-1391
-1394
-1405
-1413
-1419
-1435
-1442
-1451
-1455
-1457
-1466
-1473
-1477
-1471
-1466
-1467
-1460
-1451
-1430
-1406
-1389
-1375
-1367
-1354
-1344
-1338
-1331
-1331
-1328
-1324
-1323
-1322
-1322
-1320
-1326
-1342
-1359
-1385
-1408
-1434
-1470
-1507
-1536
-1554
-1568
-1570
-1563
-1554
-1539
-1526
-1511
-1493
-1467
-1441
-1425
-1413
-1412
-1417
-1426
-1444
-1468
-1502
-1535
-1569
-1610
-1638
-1661
-1673
-1674
-1677
-1681
-1687
-1688
-1689
-1697
-1697
-1697
-1684
-1660
-1640
-1617
-1593
-1564
-1539
-1529
-1533
-1551
-1581
-1615
-1667
-1726
-1795
-1863
-1943
-2024
-2099
-2172
-2230
-2274
-2312
-2341
-2361
-2368
-2380
-2389
-2393
-2398
-2399
-2404
-2410
-2413
-2404
-2384
-2360
-2329
-2295
-2256
-2212
-2172
-2136
-2110
-2082
-2063
-2061
-2061
-2075
-2096
-2121
-2157
-2199
-2247
-2287
-2321
-2357
-2383
-2412
-2431
-2435
-2437
-2434
-2431
-2424
-2419
-2415
-2405
-2396
-2379
-2357
-2340
-2321
-2299
-2270
-2247
-2229
-2215
-2211
-2208
-2211
-2220
-2229
-2228
-2216
-2209
-2195
-2180
-2163
-2143
-2128
-2118
-2110
-2097
-2081
-2073
-2069
-2072
-2077
-2085
-2106
-2137
-2177
-2216
-2260
-2316
-2367
-2419
-2462
-2489
-2509
-2521
-2524
-2511
-2495
-2488
-2467
-2444
-2416
-2392
-2383
-2378
-2371
-2356
-2340
-2334
-2334
-2342
-2352
-2356
-2368
-2373
-2375
-2371
-2361
-2345
-2321
-2293
-2261
-2233
-2209
-2185
-2159
-2123
-2097
-2068
-2044
-2024
-2002
-1987
-1976
-1968
-1953
-1931
-1913
-1892
-1874
-1855
-1832
-1818
-1811
-1814
-1810
-1805
-1806
-1808
-1819
-1824
-1820
-1818
-1815
-1815
-1810
-1804
-1808
-1804
-1806
-1806
-1800
-1798
-1794
-1789
-1778
-1770
-1766
-1764
-1772
-1780
-1787
-1795
-1799
-1799
-1789
-1779
-1767
-1753
-1740
-1721
-1705
-1695
-1694
-1693
-1688
-1694
-1698
-1706
-1718
-1727
-1740
-1754
-1768
-1777
-1782
-1786
-1779
-1769
-1749
-1717
-1685
-1650
-1612
-1562
-1507
-1453
-1396
-1348
-1300
-1244
-1182
-1110
-1030
-934
-825
-711
-573
-428
-264
-81
108
305
509
722
933
1138
1345
1549
1760
1973
2186
2406
2635
2871
3118
3372
3641
3912
4183
4453
4716
4981
5256
5543
5823
6113
6402
6685
6969
7239
7501
7748
7976
8176
8340
8484
8602
8708
8807
8883
8930
8941
8922
8868
8781
8669
8523
8345
8129
7858
7537
7162
6739
6255
5700
5096
4446
3774
3094
2404
1714
1030
365
-282
-906
-1493
-2051
-2573
-3064
-3528
-3957
-4349
-4696
-5009
-5286
-5525
-5736
-5911
-6055
-6165
-6244
-6287
-6297
-6287
-6247
-6182
-6097
-5995
-5885
-5768
-5650
-5530
-5412
-5302
-5187
-5077
-4958
-4826
-4692
-4552
-4406
-4249
-4089
-3934
-3775
-3619
-3461
-3303
-3159
-3021
-2889
-2752
-2616
-2489
-2359
-2237
-2117
-2003
-1902
-1814
-1736
-1659
-1591
-1531
-1473
-1425
-1378
-1336
-1304
-1277
-1257
-1239
-1230
-1222
-1214
-1204
-1189
-1177
-1171
-1160
-1137
-1111
-1079
-1052
-1018
-987
-954
-936
-932
-941
-957
-982
-1026
-1068
-1109
-1146
-1174
-1199
-1210
-1208
-1191
-1165
-1140
-1108
-1077
-1040
-1001
-972
-940
-911
-880
-857
-841
-823
-811
-802
-795
-795
-799
-798
-781
-761
-738
-709
-685
-664
-655
-658
-667
-672
-669
-668
-661
-643
-615
-577
-542
-511
-487
-463
-446
-443
-447
-454
-461
-464
-471
-485
-504
-515
-520
-527
-519
-509
-494
-474
-458
-441
-421
-393
-361
-330
-294
-264
-230
-191
-159
-132
-116
-99
-84
-68
-45
-27
-11
-2
-6
-18
-32
-45
-66
-93
-118
-142
-152
-157
-162
-172
-180
-185
-196
-205
-211
-215
-211
-206
-204
-206
-213
-226
-252
-280
-302
-320
-329
-334
-344
-346
-334
-314
-298
-279
-264
-245
-218
-194
-161
-123
-71
-17
27
80
123
164
202
225
240
243
246
248
248
252
253
256
261
267
276
289
306
318
327
341
355
379
403
416
417
413
412
405
401
403
409
425
445
468
495
531
572
610
643
666
683
700
711
714
709
703
695
681
677
670
662
658
648
639
634
642
656
666
688
710
744
787
827
870
910
953
989
1019
1055
1092
1138
1184
1223
1258
1289
1320
1344
1366
1392
1417
1448
1482
1512
1540
1567
1586
1591
1592
1589
1585
1588
1592
1599
1608
1625
1646
1661
1675
1687
1704
1731
1762
1791
1830
1877
1929
1970
2004
2026
2042
2061
2081
2105
2132
2171
2214
2250
2295
2327
2364
2403
2431
2453
2469
2490
2508
2524
2541
2555
2571
2586
2596
2604
2618
2641
2663
2686
2710
2732
2766
2803
2839
2873
2909
2947
2978
3008
3037
3063
3091
3117
3141
3167
3202
3244
3287
3336
3384
3430
3476
3512
3544
3568
3599
3631
3654
3679
3693
3699
3697
3678
3652
3621
3599
3584
3570
3570
3564
3563
3564
3562
3562
3564
3571
3578
3586
3599
3610
3630
3653
3672
3687
3701
3717
3728
3742
3763
3779
3796
3808
3814
3818
3828
3846
3859
3873
3883
3889
3899
3906
3910
3913
3919
3928
3931
3937
3938
3939
3943
3938
3932
3924
3928
3938
3942
3945
3942
3935
3929
3915
3888
3864
3843
3828
3808
3797
3777
3759
3736
3696
3642
3572
3497
3418
3342
3274
3214
3170
3134
3093
3045
2989
2927
2854
2776
2691
2598
2512
2434
2363
2299
2244
2199
2154
2114
2073
2028
1989
1948
1905
1859
1815
1771
1717
1666
1615
1573
1541
1506
1473
1438
1412
1384
1348
1312
1268
1222
1178
1131
1090
1050
1021
991
954
926
893
865
839
812
785
759
733
697
650
599
538
482
427
370
313
261
217
169
120
76
37
17
8
5
6
13
20
17
8
-8
-35
-63
-97
-135
-179
-225
-272
-332
-391
-457
-520
-582
-654
-728
-803
-867
-923
-975
-1014
-1053
-1084
-1108
-1134
-1156
-1176
-1185
-1189
-1194
-1191
-1182
-1175
-1160
-1140
-1125
-1110
-1103
-1103
-1106
-1106
-1112
-1115
-1117
-1118
-1120
-1122
-1116
-1109
-1096
-1074
-1048
-1015
-986
-961
-940
-919
-892
-871
-854
-849
-854
-865
-882
-909
-942
-974
-1000
-1030
-1049
-1068
-1080
-1085
-1096
-1108
-1122
-1128
-1132
-1141
-1146
-1160
-1173
-1188
-1213
-1240
-1271
-1296
-1322
-1353
-1378
-1399
-1405
-1399
-1387
-1371
-1348
-1319
-1293
-1269
-1242
-1218
-1189
-1160
-1138
-1126
-1119
-1115
-1125
-1140
-1157
-1176
-1191
-1212
-1233
-1249
-1257
-1259
-1265
-1270
-1275
-1283
-1288
-1302
-1323
-1349
-1372
-1393
-1420
-1437
-1457
-1477
-1491
-1507
-1518
-1524
-1516
-1502
-1493
-1479
-1468
-1447
-1422
-1402
-1376
-1348
-1309
-1267
-1228
-1188
-1159
-1141
-1120
-1104
-1092
-1079
-1077
-1087
-1101
-1116
-1130
-1147
-1170
-1196
-1220
-1241
-1251
-1268
-1284
-1300
-1321
-1340
-1361
-1386
-1417
-1444
-1467
-1492
-1510
-1523
-1531
-1532
-1530
-1524
-1515
-1492
-1458
-1427
-1383
-1343
-1302
-1258
-1228
-1208
-1198
-1188
-1182
-1186
-1184
-1188
-1183
-1172
-1164
-1160
-1162
-1160
-1163
-1170
-1175
-1185
-1193
-1200
-1207
-1206
-1199
-1184
-1170
-1160
-1151
-1146
-1137
-1130
-1124
-1116
-1104
-1090
-1085
-1081
-1076
-1071
-1061
-1057
-1060
-1066
-1067
-1062
-1058
-1049
-1040
-1034
-1024
-1017
-1014
-1018
-1017
-1015
-1025
-1032
-1049
-1067
-1082
-1101
-1116
-1129
-1137
-1148
-1164
-1170
-1179
-1180
-1173
-1171
-1168
-1168
-1164
-1165
-1168
-1171
-1179
-1179
-1173
-1167
-1150
-1122
-1089
-1059
-1031
-1002
-970
-947
-926
-918
-911
-905
-903
-916
-930
-948
-973
-994
-1023
-1057
-1088
-1115
-1141
-1165
-1176
-1177
-1168
-1150
-1136
-1127
-1127
-1125
-1120
-1120
-1104
-1089
-1069
-1043
-1019
-995
-976
-954
-933
-917
-897
-886
-874
-862
-857
-852
-846
-837
-835
-841
-847
-857
-866
-880
-903
-928
-945
-950
-949
-945
-935
-932
-930
-935
-948
-965
-984
-999
-1017
-1027
-1032
-1032
-1027
-1026
-1027
-1029
-1030
-1030
-1031
-1025
-1019
-1010
-996
-988
-983
-987
-989
-997
-1017
-1033
-1051
-1061
-1061
-1061
-1061
-1061
-1054
-1046
-1046
-1039
-1039
-1034
-1025
-1020
-1016
-1012
-1007
-1006
-1010
-1013
-1025
-1037
-1049
-1062
-1072
-1075
-1064
-1049
-1028
-998
-966
-921
-875
-834
-796
-758
-731
-716
-710
-703
-688
-664
-642
-635
-639
-649
-655
-664
-670
-679
-683
-691
-710
-737
-778
-816
-850
-885
-909
-935
-956
-969
-987
-1007
-1030
-1044
-1060
-1084
-1100
-1119
-1131
-1131
-1131
-1125
-1116
-1099
-1079
-1062
-1046
-1041
-1036
-1032
-1033
-1030
-1024
-1014
-1010
-1008
-1003
-1001
-989
-976
-961
-944
-925
-904
-893
-884
-880
-881
-874
-865
-857
-848
-831
-811
-796
-783
-777
-773
-770
-778
-786
-801
-810
-822
-839
-852
-867
-871
-862
-853
-847
-842
-830
-823
-833
-847
-873
-895
-911
-936
-964
-991
-1012
-1028
-1038
-1035
-1029
-1011
-990
-975
-962
-950
-933
-923
-918
-917
-924
-928
-938
-951
-966
-978
-982
-985
-984
-978
-972
-964
-952
-950
-953
-950
-946
-940
-930
-929
-928
-926
-930
-932
-936
-928
-922
-922
-923
-932
-943
-951
-962
-968
-970
-959
-943
-937
-927
-924
-919
-913
-914
-920
-926
-926
-928
-935
-937
-947
-955
-967
-985
-1003
-1017
-1023
-1030
-1036
-1038
-1039
-1032
-1023
-1007
-982
-948
-908
-876
-838
-800
-765
-728
-697
-672
-654
-639
-633
-647
-663
-683
-693
-689
-683
-672
-663
-649
-643
-650
-660
-680
-704
-734
-771
-806
-836
-853
-863
-873
-870
-868
-859
-845
-834
-821
-805
-781
-754
-726
-691
-659
-625
-596
-579
-575
-581
-588
-601
-611
-616
-623
-627
-634
-645
-660
-672
-681
-691
-690
-682
-667
-644
-626
-617
-614
-606
-600
-600
-610
-627
-634
-626
-619
-614
-613
-605
-595
-590
-579
-569
-554
-534
-517
-495
-467
-425
-380
-340
-294
-256
-218
-179
-144
-109
-70
-25
17
53
91
120
149
166
166
154
135
111
76
38
-1
-41
-71
-95
-111
-122
-125
-123
-128
-129
-131
-131
-124
-117
-106
-87
-54
-14
17
52
72
89
112
137
163
184
202
217
225
234
233
231
229
217
202
190
193
199
202
212
218
230
246
259
272
282
296
304
312
330
349
375
399
413
