0
-2
0
6
17
22
32
43
59
87
110
142
173
209
245
270
298
316
331
349
356
361
362
374
389
395
412
427
447
471
482
489
490
491
484
474
468
466
476
490
482
470
442
409
366
315
275
233
204
178
158
145
143
143
135
124
111
94
79
55
25
-4
-27
-41
-54
-53
-53
-56
-61
-81
-100
-116
-118
-114
-114
-103
-94
-80
-64
-57
-51
-49
-41
-34
-34
-19
-1
25
59
86
112
135
158
173
182
195
203
215
224
223
221
221
229
232
235
243
250
267
280
288
299
318
343
358
371
385
398
419
437
454
475
498
519
525
533
535
543
564
578
598
613
629
639
638
641
641
647
657
652
640
612
583
548
506
478
447
421
394
355
317
283
255
223
186
147
102
64
30
-7
-38
-70
-87
-101
-115
-120
-130
-129
-120
-111
-90
-69
-46
-33
-14
0
11
25
36
41
50
66
93
111
136
156
178
203
211
216
216
224
238
247
263
273
284
292
285
278
268
271
279
288
316
345
375
401
411
416
416
417
404
377
349
315
289
266
241
224
216
223
233
248
268
286
308
325
340
354
368
382
383
381
373
355
340
321
299
275
256
238
206
181
154
130
118
99
85
71
67
69
74
92
111
137
168
183
197
204
217
226
228
239
248
261
275
280
282
286
302
322
338
352
355
356
350
334
319
309
310
310
312
315
317
329
344
359
383
398
409
404
400
402
405
409
407
404
397
397
403
399
407
409
407
412
409
406
395
389
385
381
392
403
420
435
428
414
392
375
354
329
313
298
299
311
320
330
341
358
368
369
369
359
350
334
308
283
265
257
242
225
206
179
153
116
77
40
8
-17
-39
-50
-53
-55
-51
-54
-63
-76
-84
-87
-99
-96
-89
-74
-49
-34
-26
-26
-30
-37
-45
-35
-18
13
54
87
124
159
199
235
263
293
319
348
375
389
400
412
435
457
479
505
527
552
569
578
588
601
618
625
632
637
634
626
597
546
478
403
321
241
174
129
92
71
44
17
-5
-21
-28
-42
-34
-20
6
44
76
112
152
192
225
247
272
288
305
323
327
333
337
347
349
341
330
312
297
286
271
261
247
239
223
202
185
170
165
160
151
146
147
157
162
173
188
206
233
252
268
284
306
336
364
393
419
444
470
480
483
468
447
415
365
321
274
233
205
181
167
157
154
151
142
150
163
189
227
260
302
344
381
401
405
401
386
369
344
309
275
245
228
216
211
216
219
226
226
217
200
177
156
128
111
102
100
109
108
98
79
60
47
39
49
73
113
172
222
279
333
382
424
446
462
475
479
486
469
442
405
372
334
289
261
244
240
247
248
256
260
266
267
267
269
263
259
252
236
223
217
228
246
271
302
326
348
359
362
363
364
360
340
318
293
261
235
204
170
133
97
65
34
12
-7
-21
-23
-33
-39
-49
-51
-53
-60
-54
-45
-27
-2
14
34
54
83
108
114
124
127
136
151
155
160
168
183
194
200
210
219
238
258
270
288
314
352
388
423
460
488
514
524
517
496
464
425
367
306
244
180
125
74
30
-6
-33
-50
-69
-79
-83
-77
-57
-45
-26
-4
26
58
80
99
113
120
135
134
132
131
138
146
147
151
148
149
154
155
160
164
174
180
184
199
215
238
260
277
296
316
340
356
368
379
387
392
383
367
348
331
315
287
259
231
202
181
157
129
102
81
66
45
31
19
17
31
41
59
76
94
107
108
109
102
95
89
69
49
27
15
6
-8
-11
-18
-24
-31
-47
-65
-83
-92
-97
-97
-83
-68
-43
-18
-3
8
16
26
29
34
46
62
88
110
126
137
148
160
165
174
183
190
202
208
209
208
211
215
211
216
221
228
246
260
284
315
360
413
460
508
540
565
584
585
581
578
583
598
604
619
628
630
629
610
584
548
518
485
452
426
389
354
316
263
203
141
84
25
-24
-57
-79
-88
-98
-109
-120
-126
-133
-146
-158
-170
-183
-187
-195
-202
-207
-208
-210
-223
-228
-237
-244
-239
-235
-222
-204
-178
-153
-132
-103
-77
-49
-21
-9
4
14
32
51
64
85
102
122
140
151
164
181
210
240
267
300
328
362
392
409
421
432
445
449
456
472
498
539
581
624
661
693
716
723
726
723
710
693
663
627
587
552
519
473
435
395
357
328
293
266
244
231
221
206
204
206
218
234
235
237
237
247
258
268
287
300
317
341
357
372
385
395
408
418
443
462
490
512
529
548
570
599
625
653
686
724
778
826
868
906
946
987
1021
1052
1079
1103
1132
1152
1166
1179
1205
1239
1263
1291
1305
1307
1302
1277
1251
1224
1204
1190
1175
1178
1181
1188
1194
1180
1162
1130
1093
1045
992
950
911
877
836
780
718
653
593
530
468
416
367
333
304
273
246
223
207
187
173
165
161
169
174
181
193
214
243
264
278
281
277
277
272
265
254
249
246
232
230
228
228
235
235
239
245
260
279
286
300
305
317
339
350
363
368
373
374
378
393
411
434
454
457
451
434
410
382
345
318
290
260
225
177
124
75
26
-28
-71
-108
-144
-164
-184
-197
-205
-209
-209
-216
-226
-240
-255
-265
-288
-311
-337
-355
-368
-388
-398
-411
-421
-423
-429
-432
-434
-425
-409
-399
-371
-341
-300
-250
-208
-169
-141
-118
-109
-111
-115
-126
-133
-139
-153
-164
-172
-170
-167
-157
-136
-114
-84
-57
-38
-24
-12
3
8
14
19
20
26
29
34
45
66
94
119
147
174
203
236
253
265
265
264
255
231
210
182
152
124
85
44
-1
-39
-78
-123
-146
-164
-167
-159
-155
-150
-148
-144
-143
-144
-140
-140
-135
-130
-131
-131
-132
-128
-129
-132
-132
-131
-132
-129
-132
-126
-113
-98
-85
-70
-50
-33
-15
-14
-18
-22
-17
0
11
33
54
74
92
88
77
57
43
29
9
-2
-12
-11
-4
-9
-20
-40
-58
-76
-100
-108
-114
-107
-88
-70
-49
-24
6
35
67
116
177
257
352
452
571
716
890
1075
1267
1466
1666
1879
2095
2315
2548
2800
3071
3340
3615
3894
4181
4484
4794
5110
5432
5766
6109
6448
6794
7132
7461
7786
8092
8391
8678
8966
9255
9540
9832
10119
10398
10660
10883
11079
11245
11398
11533
11639
11737
11809
11858
11885
11878
11848
11792
11712
11599
11449
11263
11024
10734
10389
9982
9527
9030
8499
7930
7329
6702
6047
5381
4704
4026
3362
2719
2104
1508
941
414
-80
-540
-966
-1369
-1731
-2055
-2335
-2590
-2793
-2959
-3079
-3156
-3217
-3247
-3253
-3230
-3188
-3130
-3047
-2957
-2861
-2762
-2677
-2589
-2501
-2399
-2297
-2203
-2100
-2002
-1909
-1822
-1751
-1687
-1626
-1562
-1504
-1456
-1416
-1389
-1361
-1338
-1325
-1313
-1301
-1283
-1269
-1254
-1233
-1214
-1187
-1159
-1129
-1095
-1052
-1000
-954
-903
-857
-819
-781
-755
-737
-722
-704
-681
-665
-638
-613
-584
-551
-531
-512
-496
-478
-466
-466
-468
-480
-492
-500
-520
-536
-551
-554
-558
-569
-570
-570
-563
-549
-536
-517
-492
-459
-426
-394
-355
-319
-278
-235
-192
-139
-73
6
83
154
215
257
288
302
305
312
333
367
398
428
446
446
435
397
332
255
167
73
-36
-141
-236
-315
-373
-423
-466
-504
-532
-560
-595
-620
-647
-656
-649
-646
-633
-624
-613
-610
-616
-621
-634
-645
-647
-647
-640
-630
-619
-615
-612
-599
-586
-568
-552
-542
-528
-510
-483
-460
-434
-403
-372
-333
-301
-278
-259
-240
-221
-210
-197
-180
-158
-126
-99
-76
-58
-35
-9
4
30
60
102
156
207
261
313
367
419
459
502
538
578
622
649
672
680
685
676
654
628
589
546
494
425
355
287
231
174
118
72
30
0
-26
-53
-74
-89
-95
-106
-115
-120
-123
-116
-109
-98
-82
-56
-26
-1
26
53
77
101
110
112
105
101
95
82
71
72
79
104
128
153
187
232
281
326
378
423
479
548
610
680
742
808
867
914
958
997
1038
1075
1104
1137
1173
1213
1245
1266
1282
1286
1283
1266
1230
1186
1141
1099
1052
1013
986
966
961
957
955
956
961
963
959
963
976
995
1022
1040
1058
1072
1091
1111
1124
1150
1178
1211
1252
1288
1329
1371
1420
1469
1506
1551
1592
1639
1692
1731
1769
1803
1842
1879
1914
1955
1992
2035
2081
2121
2166
2211
2264
2310
2355
2405
2452
2501
2539
2561
2576
2589
2608
2621
2638
2657
2676
2704
2730
2757
2788
2824
2862
2890
2913
2931
2949
2974
2995
3020
3044
3081
3122
3155
3194
3225
3252
3276
3284
3281
3268
3254
3241
3221
3203
3187
3170
3169
3166
3173
3178
3194
3205
3210
3211
3201
3194
3195
3196
3205
3222
3253
3283
3312
3346
3370
3389
3395
3387
3372
3352
3333
3308
3291
3282
3284
3301
3318
3330
3341
3347
3347
3339
3339
3345
3359
3381
3389
3393
3386
3377
3364
3340
3323
3307
3295
3290
3278
3271
3268
3282
3303
3314
3330
3333
3330
3320
3293
3262
3230
3203
3176
3148
3126
3098
3077
3052
3008
2952
2884
2814
2731
2645
2565
2487
2417
2343
2261
2178
2096
2019
1937
1860
1787
1714
1650
1582
1511
1439
1368
1303
1237
1182
1128
1082
1054
1025
1007
987
968
941
904
876
850
825
804
769
736
699
672
644
603
572
537
504
485
464
442
421
394
365
334
304
277
256
237
211
184
149
118
78
43
15
-9
-19
-28
-39
-51
-59
-63
-78
-90
-99
-107
-108
-115
-131
-150
-166
-179
-202
-225
-254
-283
-303
-336
-368
-400
-425
-456
-499
-539
-581
-618
-647
-684
-718
-755
-784
-812
-843
-858
-875
-889
-900
-917
-930
-942
-950
-962
-977
-986
-998
-1007
-1019
-1040
-1063
-1087
-1106
-1130
-1151
-1161
-1161
-1142
-1121
-1105
-1093
-1079
-1067
-1067
-1065
-1058
-1047
-1026
-1010
-1004
-1004
-1005
-1008
-1024
-1039
-1064
-1093
-1117
-1148
-1174
-1201
-1220
-1235
-1251
-1256
-1263
-1263
-1252
-1247
-1231
-1212
-1179
-1146
-1120
-1087
-1058
-1020
-972
-927
-880
-834
-792
-746
-708
-673
-652
-649
-661
-690
-732
-778
-832
-900
-966
-1024
-1080
-1120
-1159
-1191
-1220
-1243
-1267
-1298
-1330
-1364
-1399
-1426
-1452
-1476
-1495
-1506
-1511
-1521
-1521
-1527
-1533
-1533
-1541
-1544
-1546
-1540
-1529
-1521
-1505
-1495
-1481
-1461
-1448
-1424
-1398
-1358
-1318
-1281
-1235
-1192
-1146
-1101
-1069
-1043
-1026
-1011
-1007
-1012
-1018
-1033
-1045
-1057
-1076
-1096
-1118
-1137
-1158
-1171
-1177
-1179
-1169
-1157
-1141
-1120
-1089
-1053
-1024
-994
-966
-944
-918
-902
-894
-891
-885
-877
-886
-891
-907
-927
-943
-968
-990
-1011
-1025
-1039
-1062
-1079
-1100
-1116
-1126
-1148
-1166
-1187
-1200
-1211
-1223
-1221
-1217
-1208
-1199
-1197
-1193
-1187
-1180
-1182
-1186
-1185
-1187
-1186
-1186
-1192
-1199
-1203
-1215
-1233
-1253
-1261
-1257
-1236
-1217
-1192
-1161
-1122
-1078
-1045
-1020
-1001
-993
-991
-998
-1008
-1023
-1039
-1051
-1075
-1087
-1098
-1105
-1107
-1119
-1127
-1131
-1121
-1100
-1079
-1044
-1009
-969
-922
-892
-864
-845
-821
-801
-783
-752
-717
-675
-632
-600
-577
-566
-562
-574
-596
-613
-628
-631
-632
-640
-649
-661
-673
-698
-730
-765
-808
-847
-891
-932
-961
-975
-979
-983
-983
-985
-994
-1004
-1029
-1058
-1090
-1111
-1125
-1147
-1159
-1175
-1192
-1200
-1207
-1203
-1190
-1164
-1133
-1108
-1071
-1036
-997
-958
-938
-920
-912
-905
-903
-905
-902
-900
-890
-878
-877
-880
-888
-894
-904
-913
-912
-905
-887
-865
-848
-830
-810
-784
-769
-761
-756
-751
-742
-726
-711
-688
-652
-615
-575
-538
-499
-463
-428
-418
-421
-436
-444
-455
-481
-502
-529
-558
-583
-619
-660
-706
-744
-777
-815
-834
-849
-853
-854
-870
-888
-909
-927
-948
-970
-981
-990
-985
-971
-960
-946
-933
-917
-911
-912
-913
-919
-915
-909
-906
-903
-896
-881
-871
-860
-852
-849
-841
-839
-838
-833
-822
-808
-802
-795
-789
-780
-764
-757
-751
-756
-762
-769
-784
-788
-789
-782
-765
-749
-727
-704
-672
-636
-609
-572
-544
-516
-488
-471
-451
-436
-420
-410
-403
-390
-380
-366
-353
-350
-347
-347
-345
-349
-357
-359
-361
-351
-338
-329
-321
-318
-321
-341
-367
-399
-439
-473
-508
-546
-571
-582
-587
-594
-604
-617
-620
-617
-622
-633
-656
-676
-691
-714
-726
-738
-737
-724
-718
-712
-709
-704
-707
-724
-734
-749
-759
-759
-762
-762
-758
-752
-753
-761
-768
-776
-777
-774
-775
-766
-750
-721
-694
-664
-630
-601
-570
-546
-528
-509
-489
-470
-472
-484
-506
-536
-566
-609
-659
-709
-749
-777
-799
-801
-798
-790
-777
-778
-781
-793
-799
-801
-804
-795
-788
-775
-754
-742
-729
-721
-710
-704
-709
-706
-709
-708
-703
-704
-703
-698
-685
-673
-660
-638
-620
-600
-582
-577
-577
-583
-587
-600
-616
-631
-651
-664
-678
-693
-703
-702
-685
-668
-643
-619
-602
-586
-582
-591
-607
-628
-653
-693
-729
-761
-776
-772
-764
-759
-756
-754
-758
-770
-779
-795
-802
-797
-801
-798
-794
-782
-770
-769
-762
-754
-737
-709
-682
-650
-616
-581
-558
-550
-547
-552
-549
-547
-551
-551
-545
-532
-529
-531
-532
-536
-528
-517
-507
-499
-492
-489
-497
-502
-506
-513
-518
-536
-571
-615
-660
-702
-749
-783
-814
-834
-838
-847
-851
-852
-841
-822
-805
-781
-761
-738
-712
-698
-682
-672
-660
-654
-662
-665
-674
-678
-678
-683
-681
-673
-655
-640
-632
-625
-624
-616
-610
-614
-621
-630
-635
-647
-655
-656
-658
-656
-665
-681
-697
-704
-698
-692
-677
-659
-644
-625
-616
-610
-603
-592
-579
-581
-579
-585
-587
-580
-580
-576
-580
-577
-576
-575
-577
-583
-588
-586
-587
-583
-575
-562
-548
-542
-526
-519
-512
-503
-498
-498
-500
-495
-493
-496
-495
-497
-495
-496
-506
-517
-530
-540
-558
-575
-589
-600
-602
-608
-617
-623
-622
-612
-604
-591
-580
-572
-559
-556
-559
-572
-585
-601
-628
-642
-653
-656
-649
-646
-640
-633
-618
-602
-591
-572
-559
-542
-524
-520
-513
-507
-494
-488
-493
-497
-508
-516
-520
-529
-533
-528
-511
-490
-472
-452
-443
-438
-441
-454
-467
-479
-486
-500
-512
-520
-530
-539
-559
-581
-603
-621
-633
-643
-642
-631
-616
-596
-585
-576
-570
-559
-548
-547
-536
-528
-516
-494
-477
-456
-435
-409
-384
-369
-349
-337
-332
-325
-330
-334
-339
-341
-352
-365
-381
-399
-419
-440
-470
-488
-496
-486
-470
-446
-413
-384
-353
-328
-316
-307
-298
-285
-280
-273
-260
-245
-218
-190
-162
-142
-126
-116
-121
-134
-155
-176
-187
-201
-212
-224
-232
-243
-268
-287
-311
-333
-347
-365
-379
-390
-394
-395
-402
-399
-404
-408
-412
-431
-447
-462
-469
-477
-490
-501
-518
-533
-547
-565
-575
-577
-566
-552
-536
-512
-491
-464
-442
-430
-422
-415
-405
-407
-408
-410
-413
-411
-418
-430
-447
-464
-483
-508
-533
-553
-561
-551
-542
-527
-512
-489
-464
-446
-417
-391
-366
-338
-318
-296
-276
-252
-228
-213
-190
-178
-170
-164
-176
-188
-205
-222
-246
-264
-275
-274
-268
-259
-254
-245
-232
-212
-204
-200
-188
-177
-159
-147
-146
-146
-144
-142
-150
-159
-169
-182
-188
-198
-209
-218
-226
-233
-244
-247
-252
-257
-255
-261
-264
-273
-279
-289
-314
-336
-360
-382
-396
-414
-425
-434
-429
-418
-413
-395
-381
-366
-349
-343
-331
-311
-281
-255
-232
-204
-178
-145
-113
-92
-80
-81
-88
-108
-129
-144
-156
-152
-146
-142
-139
-138
-143
-165
-193
-224
-254
-273
-292
-310
-323
-331
-335
-347
-355
-366
-377
-383
-397
-402
-402
-389
-372
-362
-345
-333
-324
-315
-318
-322
-328
-326
-321
-325
-317
-311
-302
-286
-277
-264
-253
-238
-225
-211
-189
-167
-136
-110
-89
-69
-42
-18
-6
2
10
21
42
65
85
110
138
170
189
202
211
214
217
210
195
172
144
113
72
37
4
-27
-53
-91
-126
-163
-192
-221
-252
-273
-296
-318
-334
-359
-381
-402
-410
-416
-427
-423
-422
-418
-416
-426
-439
-451
-457
-464
-470
-465
-457
-435
-407
-380
-349
-318
-282
-254
-228
-197
-166
-126
-89
-56
-23
9
35
44
49
48
43
42
36
26
17
18
24
21
24
25
29
39
37
37
35
47
69
95
135
175
214
252
273
297
317
345
369
381
398
404
405
399
377
352
326
305
278
246
224
205
197
190
174
152
120
80
25
-42
-107
-162
-207
-249
-283
-315
-327
-331
-336
-341
-344
-350
-345
-344
-343
-338
-325
-309
-305
-295
-285
-277
-262
-259
-256
-251
-233
-207
-184
-157
-138
-119
-101
-100
-97
-101
-98
-91
-83
-60
-35
-4
28
56
87
115
146
172
195
225
254
290
324
347
363
370
370
351
324
294
263
243
221
198
173
153
133
102
68
30
-9
-39
-67
-92
-113
-131
-154
-197
-236
-282
-327
-363
-407
-445
-478
-496
-502
-507
-499
-494
-484
-468
-462
-448
-437
-418
-403
-392
-370
-344
-307
-267
-233
-199
-170
-140
-119
-103
-83
-69
-53
-40
-35
-31
-27
-22
-26
-30
-35
-44
-51
-58
-60
-59
-39
-16
7
28
40
50
67
83
99
102
107
118
126
147
171
199
240
269
299
335
376
417
444
476
494
502
498
464
420
361
303
237
171
116
65
26
-9
-48
-86
-123
-156
-190
-221
-241
-259
-264
-266
-273
-279
-284
-286
-296
-305
-316
-330
-335
-341
-342
-339
-329
-313
-300
-284
-263
-239
-213
-198
-188
-181
-167
-149
-142
-122
-104
-80
-47
-24
-2
13
28
39
42
55
63
74
87
87
94
102
118
134
154
183
214
257
305
349
392
431
468
494
515
537
550
556
543
514
479
445
418
389
366
350
334
322
301
273
242
209
174
134
101
69
49
34
22
10
-8
-20
-34
-53
-60
-68
-84
-93
-109
-119
-128
-133
-136
-145
-145
-150
-147
-140
-146
-150
-159
-167
-184
-208
-228
-251
-262
-268
-275
-276
-270
-255
-245
-239
-226
-211
-184
-156
-133
-107
-77
-42
-13
18
50
82
119
146
166
181
198
218
237
263
291
316
335
329
309
278
248
221
191
178
169
167
174
174
169
152
129
94
40
-6
-55
-94
-118
-141
-153
-162
-163
-168
-176
-178
-178
-161
-139
-126
-119
-116
-108
-101
-91
-73
-52
-19
16
50
90
136
186
223
254
277
293
313
328
336
340
344
352
357
370
388
415
453
481
508
527
551
573
592
621
644
672
694
711
725
736
745
752
741
738
729
723
722
714
704
691
681
671
657
644
626
614
602
581
561
542
526
505
484
470
460
460
460
456
448
441
440
433
430
431
434
446
454
459
466
478
497
510
528
547
572
611
642
674
695
716
735
746
766
782
799
819
826
831
832
832
822
796
779
761
749
743
729
714
698
689
681
672
665
653
647
644
635
626
617
615
608
597
590
584
588
591
591
589
585
580
562
544
528
514
507
492
472
451
433
421
404
400
401
409
427
434
445
453
459
457
440
426
404
380
353
323
295
265
243
209
167
137
105
82
59
30
8
-8
-20
-34
-55
-71
-93
-115
-136
-166
-190
-209
-217
-226
-231
-228
-228
-224
-229
-242
-257
-268
-274
-286
-292
-299
-309
-313
-320
-329
-336
-339
-340
-350
-348
-342
-326
-294
-270
-247
-234
-218
-209
-215
-223
-236
-242
-238
-243
-241
-236
-217
-199
-194
-182
-172
-158
-144
-141
-140
-140
-137
-137
-139
-133
-128
-119
-118
-132
-151
-168
-178
-192
-200
-200
-197
-183
-177
-180
-193
-211
-229
-252
-267
-277
-284
-281
-282
-285
-295
-305
-318
-346
-370
-401
-430
-451
-477
-495
-506
-505
-501
-504
-501
-503
-503
-500
-507
-509
-512
-500
-495
-488
-478
-469
-459
-453
-450
-445
-433
-411
-396
-396
-393
-390
-380
-368
-367
-365
-364
-358
-356
-349
-340
-336
-321
-305
-287
-265
-238
-211
-195
-176
-162
-156
-153
-166
-190
-224
-258
-291
-333
-366
-398
-422
-431
-443
-447
-447
-439
-433
-437
-439
-450
-458
-462
-480
-494
-511
-520
-526
-527
-508
-484
-452
-410
-364
-301
-220
-114
10
154
325
512
722
948
1183
1425
1672
1925
2176
2433
2701
2974
3264
3558
3858
4165
4484
4812
5140
5475
5812
6150
6495
6833
7166
7491
7818
8146
8462
8787
9107
9427
9749
10054
10346
10624
10891
11145
11379
11604
11802
11982
12147
12275
12380
12451
12494
12504
12483
12440
12364
12259
12116
11924
11680
11388
11053
10658
10214
9717
9174
8594
7977
7316
6633
5934
5231
4521
3820
3139
2487
1871
1281
725
205
-278
-722
-1131
-1495
-1817
-2095
-2324
-2519
-2681
-2817
-2923
-3005
-3073
-3108
-3123
-3119
-3095
-3068
-3034
-2998
-2952
-2905
-2866
-2819
-2777
-2735
-2692
-2659
-2617
-2568
-2503
-2431
-2353
-2264
-2179
-2097
-2021
-1955
-1885
-1816
-1743
-1676
-1612
-1539
-1466
-1385
-1309
-1241
-1176
-1111
-1044
-984
-924
-863
-804
-736
-672
-613
-562
-513
-469
-436
-406
-380
-358
-337
-336
-344
-362
-378
-402
-445
-483
-525
-565
-598
-635
-666
-692
-705
-710
-717
-706
-695
-678
-656
-649
-639
-630
-616
-605
-597
-582
-569
-554
-542
-541
-542
-547
-550
-555
-560
-562
-557
-543
-536
-534
-543
-548
-546
-553
-550
-547
-541
-521
-502
-488
-471
-449
-421
-402
-386
-372
-361
-343
-335
-325
-319
-306
-290
-279
-259
-242
-226
-210
-209
-210
-213
-208
-200
-192
-166
-140
-112
-81
-62
-44
-33
-25
-25
-30
-30
-33
-31
-30
-38
-46
-54
-56
-63
-72
-74
-75
-69
-67
-74
-81
-84
-82
-90
-100
-117
-139
-157
-178
-196
-208
-209
-204
-203
-194
-183
-166
-141
-125
-104
-85
-56
-24
3
35
64
90
116
127
133
131
133
138
140
159
179
204
232
245
255
264
282
303
329
368
407
453
491
513
534
552
573
581
579
577
570
566
553
532
498
471
443
401
358
303
247
201
153
108
63
20
-13
-45
-70
-94
-122
-138
-154
-155
-154
-141
-126
-112
-87
-64
-43
-18
1
25
45
73
100
117
149
183
227
280
325
369
409
447
479
507
541
578
632
694
756
825
893
959
1010
1052
1091
1125
1162
1191
1210
1221
1228
1231
1223
1216
1207
1194
1187
1180
1177
1184
1204
1237
1270
1313
1352
1389
1426
1447
1469
1488
1517
1552
1590
1641
1694
1750
1806
1846
1882
1908
1935
1956
1968
1991
2011
2036
2064
2086
2111
2139
2172
2207
2243
2283
2316
2350
2377
2395
2419
2445
2474
2491
2503
2515
2528
2552
2580
2609
2639
2675
2718
2755
2796
2835
2870
2906
2934
2964
2988
3026
3065
3100
3145
3188
3226
3273
3308
3343
3377
3417
3456
3490
3524
3545
3566
3590
3597
3600
3596
3591
3577
3557
3549
3542
3544
3554
3558
3563
3568
3578
3580
3576
3573
3568
3571
3573
3569
3566
3562
3564
3561
3560
3560
3559
3567
3572
3579
3590
3610
3634
3651
3670
3687
3695
3701
3694
3682
3668
3660
3655
3641
3637
3630
3626
3628
3619
3610
3598
3586
3569
3539
3514
3487
3466
3451
3427
3416
3411
3423
3440
3458
3487
3511
3530
3536
3518
3483
3432
3375
3304
3219
3134
3044
2962
2881
2793
2706
2619
2532
2432
2324
2212
2091
1966
1826
1677
1526
1383
1251
1125
1013
912
817
732
643
553
467
394
334
277
244
206
174
142
100
62
21
-6
-30
-51
-58
-66
-71
-71
-86
-99
-123
-143
-167
-198
-225
-252
-269
-282
-305
-331
-352
-360
-367
-377
-388
-411
-435
-466
-505
-545
-583
-614
-653
-696
-739
-783
-817
-851
-881
-908
-923
-927
-923
-905
-875
-840
-799
-771
-754
-746
-729
-702
-683
-658
-641
-626
-605
-598
-600
-617
-641
-672
-711
-735
-762
-787
-813
-857
-900
-952
-1002
-1063
-1134
-1201
-1271
-1332
-1384
-1431
-1464
-1487
-1502
-1523
-1549
-1571
-1598
-1619
-1640
-1660
-1673
-1676
-1666
-1660
-1649
-1634
-1620
-1597
-1581
-1570
-1563
-1554
-1544
-1537
-1523
-1501
-1477
-1452
-1439
-1430
-1428
-1423
-1421
-1433
-1435
-1434
-1427
-1422
-1422
-1420
-1425
-1424
-1435
-1457
-1462
-1467
-1455
-1436
-1428
-1412
-1392
-1366
-1338
-1311
-1276
-1247
-1214
-1180
-1151
-1122
-1093
-1060
-1038
-1029
-1023
-1024
-1020
-1020
-1025
-1034
-1046
-1057
-1077
-1101
-1128
-1158
-1187
-1227
-1275
-1322
-1361
-1390
-1414
-1428
-1435
-1435
-1424
-1424
-1428
-1440
-1442
-1438
-1439
-1428
-1417
-1402
-1380
-1367
-1357
-1352
-1344
-1335
-1334
-1320
-1310
-1297
-1288
-1298
-1312
-1328
-1335
-1338
-1335
-1327
-1326
-1329
-1336
-1354
-1374
-1400
-1426
-1460
-1491
-1510
-1525
-1530
-1538
-1557
-1580
-1600
-1610
-1616
-1609
-1597
-1590
-1582
-1585
-1595
-1607
-1615
-1620
-1628
-1629
-1625
-1611
-1582
-1561
-1536
-1508
-1471
-1437
-1417
-1397
-1387
-1378
-1362
-1352
-1338
-1324
-1305
-1293
-1299
-1295
-1296
-1280
-1262
-1249
-1237
-1230
-1218
-1210
-1212
-1211
-1209
-1200
-1191
-1190
-1189
-1184
-1174
-1178
-1185
-1189
-1194
-1193
-1194
-1204
-1212
-1211
-1198
-1186
-1167
-1145
-1129
-1112
-1104
-1104
-1110
-1118
-1126
-1141
-1156
-1176
-1191
-1194
-1203
-1208
-1218
-1223
-1232
-1252
-1269
-1288
-1305
-1316
-1339
-1358
-1374
-1376
-1376
-1387
-1389
-1393
-1390
-1383
-1387
-1396
-1409
-1418
-1425
-1425
-1413
-1401
-1380
-1358
-1341
-1322
-1302
-1278
-1260
-1243
-1221
-1203
-1178
-1158
-1145
-1140
-1140
-1143
-1153
-1151
-1134
-1110
-1078
-1054
-1040
-1035
-1032
-1028
-1029
-1022
-1015
-1002
-980
-967
-950
-940
-929
-926
-939
-950
-963
-968
-963
-967
-970
-981
-994
-1019
-1063
-1105
-1153
-1193
-1220
-1244
-1253
-1248
-1222
-1200
-1175
-1148
-1126
-1096
-1075
-1065
-1066
-1067
-1063
-1064
-1074
-1085
-1102
-1110
-1125
-1151
-1183
-1219
-1253
-1287
-1308
-1320
-1331
-1329
-1327
-1325
-1317
-1303
-1283
-1274
-1260
-1249
-1233
-1206
-1188
-1166
-1146
-1127
-1115
-1116
-1113
-1109
-1099
-1082
-1074
-1056
-1037
-1007
-979
-961
-932
-902
-867
-830
-801
-769
-733
-694
-659
-630
-603
-588
-577
-581
-604
-637
-679
-721
-767
-806
-831
-847
-847
-847
-851
-860
-870
-883
-911
-939
-965
-990
-1007
-1024
-1040
-1055
-1064
-1070
-1083
-1085
-1088
-1086
-1074
-1073
-1068
-1066
-1061
-1061
-1072
-1078
-1090
-1099
-1104
-1119
-1129
-1137
-1130
-1118
-1110
-1088
-1063
-1031
-997
-975
-957
-944
-929
-922
-920
-921
-924
-916
-908
-905
-904
-906
-896
-887
-862
-830
-794
-745
-691
-639
-587
-537
-483
-440
-398
-358
-315
-271
-243
-236
-254
-297
-366
-464
-561
-659
-743
-803
-859
-896
-917
-918
-907
-900
-889
-887
-890
-896
-917
-933
-946
-949
-959
-980
-997
-1020
-1041
-1060
-1084
-1108
-1134
-1154
-1174
-1190
-1195
-1201
-1198
-1193
-1191
-1183
-1172
-1156
-1148
-1140
-1127
-1114
-1087
-1063
-1038
-1010
-978
-947
-923
-901
-884
-875
-867
-867
-863
-855
-837
-817
-810
-796
-785
-774
-755
-742
-720
-694
-658
-621
-593
-560
-534
-510
-490
-493
-497
-501
-498
-500
-514
-530
-560
-597
-643
-702
-760
-812
-851
-886
-914
-929
-937
-935
-934
-941
-953
-967
-972
-990
-999
-1012
-1027
-1037
-1056
-1074
-1093
-1117
-1137
-1157
-1170
-1179
-1186
-1186
-1185
-1182
-1180
-1169
-1158
-1164
-1165
-1166
-1160
-1142
-1125
-1102
-1078
-1046
-1012
-988
-955
-930
-908
-887
-885
-884
-887
-879
-869
-856
-834
-814
-792
-769
-754
-737
-720
-695
-673
-650
-620
-596
-569
-545
-530
-518
-511
-508
-521
-534
-546
-556
-553
-543
-519
-479
-426
-364
-305
-249
-203
-174
-158
-172
-200
-240
-276
-313
-363
-407
-454
-497
-529
-565
-598
-629
-653
-674
-701
-718
-744
-776
-813
-870
-929
-990
-1040
-1083
-1116
-1136
-1148
-1146
-1136
-1129
-1119
-1112
-1103
-1102
-1109
-1111
-1108
-1089
-1062
-1035
-1005
-972
-935
-907
-878
-843
-814
-774
-742
-705
-675
-646
-620
-610
-602
-599
-593
-588
-592
-596
-598
-588
-572
-556
-523
-489
-454
-412
-379
-347
-319
-290
-269
-270
-272
-289
-314
-344
-394
-443
-489
-522
-551
-576
-592
-602
-601
-598
-602
-600
-592
-578
-574
-576
-575
-580
-587
-612
-652
-690
-718
-738
-769
-801
-835
-867
-887
-905
-920
-927
-918
-899
-882
-868
-858
-843
-818
-801
-785
-773
-754
-733
-719
-698
-681
-665
-645
-635
-624
-614
-595
-575
-563
-538
-513
-484
-452
-436
-429
-433
-441
-459
-481
-493
-501
-491
-470
-450
-425
-400
-370
-346
-323
-294
-264
-224
-189
-162
-147
-143
-153
-193
-247
-311
-381
-440
-499
-553
-596
-621
-635
-645
-637
-627
-612
-591
-590
-582
-586
-586
-595
-614
-626
-633
-636
-634
-641
-644
-653
-654
-651
-652
-639
-627
-609
-587
-574
-562
-552
-541
-536
-541
-548
-565
-575
-582
-593
-600
-600
-587
-572
-556
-531
-506
-474
-447
-428
-418
-411
-404
-408
-408
-405
-400
-382
-368
-357
-346
-329
-308
-296
-284
-281
-281
-281
-299
-317
-344
-369
-393
-417
-427
-433
-431
-417
-409
-398
-391
-379
-370
-373
-367
-366
-359
-346
-342
-335
-332
-330
-336
-350
-363
-384
-400
-417
-440
-458
-473
-481
-492
-499
-501
-506
-506
-509
-508
-502
-489
-471
-461
-448
-434
-420
-402
-395
-395
-397
-393
-384
-385
-379
-373
-362
-349
-355
-357
-366
-363
-360
-367
-362
-358
-344
-323
-320
-313
-303
-284
-265
-251
-228
-202
-167
-124
-79
-32
13
53
77
83
77
50
16
-24
-69
-107
-142
-166
-185
-193
-195
-204
-212
-225
-237
-244
-242
-237
-243
-255
-278
-315
-352
-395
-440
-483
-516
-539
-565
-576
-581
-573
-547
-526
-502
-485
-473
-472
-482
-481
-479
-466
-442
-427
-410
-399
-381
-365
-353
-330
-308
-279
-245
-215
-183
-155
-127
-111
-107
-107
-117
-127
-140
-161
-180
-194
-198
-205
-212
-219
-230
-237
-249
-264
-272
-267
-253
-243
-227
-205
-179
-146
-121
-102
-86
-61
-22
18
76
136
199
270
325
371
402
424
436
420
408
383
372
364
337
309
264
226
182
132
85
42
9
-19
-50
-82
-111
-133
-165
-204
-235
-265
-292
-324
-364
-400
-427
-442
-457
-469
-473
-477
-473
-474
-474
-472
-463
-450
-436
-417
-398
-382
-361
-349
-342
-342
-338
-331
-335
-328
-325
-317
-302
-296
-288
-282
-269
-253
-243
-224
-206
-177
-139
-113
-83
-51
-12
21
42
58
64
67
62
44
28
19
22
20
11
2
-12
-20
-27
-41
-50
-53
-48
-52
-53
-52
-52
-50
-58
-76
-99
-120
-134
-149
-161
-173
-187
-194
-209
-222
-235
-240
-245
-264
-274
-285
-291
-284
-279
-269
-257
-239
-225
-224
-218
-221
-221
-216
-226
-232
-235
-214
-192
-174
-150
-142
-128
-117
-108
-100
-88
-73
-56
-41
-27
-21
-12
-12
-21
-31
-33
-27
-24
-11
7
26
50
65
73
74
74
75
71
73
81
97
124
142
159
169
178
179
162
153
141
131
120
93
61
27
-1
-30
-70
-98
-130
-158
-177
-198
-204
-205
-198
-186
-167
-137
-110
-86
-68
-60
-48
-29
1
29
56
80
89
88
67
25
-26
-81
-131
-182
-224
-256
-282
-297
-311
-320
-322
-318
-308
-301
-288
-270
-243
-199
-158
-114
-75
-35
-1
15
35
52
71
96
116
140
163
191
214
221
234
240
250
263
267
277
289
309
331
355
382
399
424
446
458
468
468
479
488
501
526
547
573
597
611
617
624
632
640
658
681
704
729
743
748
747
743
738
723
707
688
677
683
682
687
690
695
694
677
665
648
638
635
627
622
619
626
627
610
602
593
593
602
601
599
592
588
581
570
564
554
549
545
532
520
514
524
537
556
591
636
695
753
799
836
871
906
929
953
974
983
989
979
959
931
903
877
844
813
780
751
732
708
696
689
694
705
711
720
719
717
719
712
707
701
705
705
693
688
674
658
637
603
565
522
484
447
412
388
363
347
335
320
314
302
304
297
298
306
305
313
313
309
303
292
272
240
209
178
148
121
93
64
34
6
-15
-40
-58
-78
-91
-91
-96
-93
-94
-93
-92
-102
-112
-129
-147
-165
-198
-231
-266
-291
-314
-344
-362
-383
-397
-399
-399
-392
-384
-372
-370
-379
-393
-416
-435
-453
-477
-497
-516
-528
-544
-556
-555
-545
-521
-497
-473
-448
-421
-392
-373
-351
-329
-308
-285
-274
-277
-291
-311
-341
-391
-439
-493
-542
-579
-620
-652
-679
-694
-699
-702
-688
-671
-645
-614
-596
-579
-569
-557
-549
-549
-541
-538
-534
-531
-539
-547
-552
-552
-556
-564
-569
-577
-577
-576
-583
-591
-599
-602
-611
-618
-620
-622
-610
-600
-585
-565
-547
-519
-509
-493
-478
-464
-450
-438
-431
-426
-416
-408
-411
-402
-397
-393
-385
-389
-393
-403
-408
-412
-422
-424
-429
-426
-420
-427
-433
-444
-442
-435
-430
-412
-394
-366
-337
-322
-314
-312
-313
-327
-345
-351
-352
-342
-333
-336
-347
-364
-383
-416
-454
-487
-516
-532
-547
-558
-566
-569
-571
-585
-603
-626
-649
-662
-673
-677
-675
-657
-623
-589
-534
-467
-384
-282
-181
-71
53
202
373
554
760
979
1211
1449
1667
1883
2092
2308
2526
2747
2986
3235
3497
3769
4041
4320
4605
4901
5198
5493
5793
6093
6405
6720
7034
7353
7674
7995
8302
8604
8906
9203
9500
9780
10042
10288
10525
10751
10950
11135
11293
11415
11507
11544
11549
11528
11487
11430
11329
11205
11044
10847
10607
10311
9958
9546
9084
8577
8026
7448
6839
6217
5585
4931
4276
3619
2977
2351
1749
1183
645
145
-320
-759
-1162
-1535
-1869
-2176
-2450
-2685
-2886
-3043
-3166
-3263
-3334
-3381
-3404
-3417
-3413
-3395
-3367
-3318
-3262
-3196
-3121
-3039
-2953
-2872
-2792
-2718
-2647
-2569
-2498
-2424
-2348
-2260
-2166
-2081
-1988
-1903
-1823
-1742
-1676
-1614
-1555
-1492
-1427
-1368
-1297
-1232
-1165
-1099
-1051
-1003
-960
-912
-868
-827
-779
-733
-678
-623
-585
-558
-548
-546
-560
-583
-598
-615
-622
-629
-639
-640
-631
-614
-607
-604
-602
-601
-594
-591
-584
-573
-557
-544
-541
-541
-544
-549
-543
-552
-549
-548
-536
-518
-519
-510
-503
-494
-474
-467
-472
-483
-495
-515
-544
-562
-574
-577
-573
-583
-592
-606
-616
-629
-640
-638
-632
-614
-591
-568
-533
-493
-453
-426
-411
-396
-383
-359
-334
-310
-284
-258
-234
-230
-232
-239
-255
-270
-292
-311
-323
-323
-313
-302
-284
-267
-252
-242
-251
-263
-278
-286
-292
-300
-296
-291
-281
-265
-260
-257
-254
-243
-229
-223
-204
-186
-165
-146
-144
-142
-143
-139
-137
-140
-136
-132
-117
-95
-71
-39
-7
26
45
51
52
40
27
7
-16
-37
-53
-68
-96
-128
-165
-206
-239
-276
-319
-360
-391
-407
-411
-398
-373
-341
-304
-282
-259
-241
-214
-181
-155
-118
-85
-46
3
31
63
84
109
128
129
131
127
129
140
147
154
160
173
181
185
199
214
241
274
311
358
414
477
532
579
624
660
695
719
730
738
748
762
766
774
783
792
810
820
822
817
807
794
777
769
765
766
775
771
766
758
755
751
738
731
726
730
741
741
743
739
743
745
737
741
749
767
795
822
853
887
925
961
994
1034
1073
1121
1171
1218
1270
1327
1390
1448
1505
1563
1616
1669
1708
1733
1750
1768
1795
1819
1845
1865
1874
1879
1874
1868
1870
1889
1925
1966
2023
2080
2142
2210
2263
2312
2350
2387
2421
2451
2491
2530
2572
2621
2663
2707
2741
2780
2820
2847
2894
2935
2983
3040
3087
3139
3183
3227
3261
3285
3302
3310
3319
3328
3327
3325
3323
3327
3327
3329
3334
3336
3347
3357
3369
3384
3408
3436
3456
3478
3506
3536
3576
3607
3626
3634
3647
3672
3699
3740
3779
3815
3849
3864
3872
3871
3868
3863
3850
3844
3839
3843
3859
3870
3890
3908
3931
3945
3946
3952
3955
3964
3979
3992
4010
4034
4068
4107
4144
4183
4211
4235
4249
4248
4241
4232
4225
4208
4187
4164
4134
4105
4066
4019
3968
3919
3872
3820
3772
3727
3681
3641
3597
3549
3496
3448
3404
3350
3306
3258
3214
3175
3126
3078
3029
2984
2937
2880
2824
2761
2706
2660
2600
2537
2462
2388
2316
2250
2204
2157
2123
2092
2054
2023
1984
1947
1902
1845
1791
1722
1649
1573
1495
1414
1335
1258
1179
1100
1023
946
881
813
742
674
614
558
498
442
389
341
304
261
213
163
122
87
41
6
-29
-52
-61
-75
-90
-109
-128
-153
-195
-236
-286
-331
-367
-408
-439
-471
-497
-530
-567
-595
-619
-634
-647
-668
-690
-713
-731
-753
-779
-800
-824
-842
-865
-898
-931
-957
-966
-969
-960
-946
-941
-934
-933
-939
-953
-970
-990
-1022
-1059
-1100
-1139
-1167
-1198
-1222
-1242
-1254
-1264
-1286
-1298
-1315
-1333
-1345
-1366
-1384
-1400
-1410
-1421
-1441
-1450
-1461
-1461
-1451
-1451
-1447
-1447
-1440
-1434
-1432
-1425
-1421
-1411
-1399
-1391
-1382
-1375
-1364
-1360
-1361
-1348
-1341
-1322
-1305
-1288
-1263
-1235
-1213
-1203
-1195
-1192
-1202
-1216
-1244
-1274
-1296
-1308
-1306
-1301
-1290
-1283
-1279
-1276
-1285
-1297
-1315
-1332
-1349
-1379
-1401
-1427
-1452
-1468
-1489
-1504
-1518
-1524
-1528
-1545
-1554
-1570
-1580
-1582
-1591
-1593
-1589
-1574
-1557
-1539
-1512
-1490
-1466
-1447
-1439
-1431
-1425
-1413
-1402
-1390
-1369
-1351
-1333
-1328
-1336
-1344
-1344
-1335
-1334
-1330
-1326
-1323
-1312
-1305
-1303
-1304
-1309
-1317
-1335
-1356
-1379
-1401
-1416
-1444
-1472
-1503
-1523
-1539
-1561
-1573
-1588
-1598
-1599
-1601
-1596
-1589
-1574
-1556
-1550
-1536
-1529
-1518
-1501
-1491
-1473
-1448
-1409
-1370
-1332
-1292
-1261
-1231
-1207
-1198
-1195
-1197
-1196
-1200
-1203
-1198
-1195
-1191
-1190
-1194
-1191
-1193
-1191
-1202
-1209
-1206
-1201
-1182
-1177
-1177
-1182
-1188
-1203
-1231
-1255
-1274
-1294
-1315
-1347
-1375
-1406
-1428
-1446
-1470
-1484
-1501
-1516
-1528
-1544
-1551
-1550
-1532
-1506
-1486
-1454
-1428
-1401
-1378
-1368
-1357
-1346
-1327
-1306
-1287
-1266
-1254
-1239
-1228
-1228
-1228
-1226
-1215
-1208
-1199
-1184
-1171
-1156
-1157
-1173
-1192
-1208
-1219
-1243
-1266
-1284
-1295
-1295
-1296
-1296
-1295
-1297
-1298
-1303
-1300
-1296
-1291
-1283
-1291
-1299
-1314
-1326
-1339
-1364
-1387
-1420
-1451
-1474
-1501
-1522
-1542
-1550
-1552
-1554
-1533
-1505
-1465
-1419
-1387
-1360
-1339
-1315
-1291
-1264
-1225
-1184
-1136
-1089
-1050
-1010
-972
-936
-913
-898
-888
-888
-888
-901
-927
-960
-988
-1008
-1045
-1074
-1095
-1111
-1107
-1104
-1102
-1090
-1072
-1044
-1029
-1011
-999
-983
-965
-963
-967
-976
-983
-989
-999
-1003
-1015
-1026
-1031
-1046
-1056
-1068
-1073
-1078
-1093
-1098
-1109
-1119
-1127
-1144
-1163
-1181
-1192
-1205
-1214
-1212
-1204
-1184
-1161
-1147
-1135
-1123
-1106
-1097
-1088
-1073
-1054
-1020
-985
-951
-915
-876
-837
-814
-793
-778
-765
-748
-738
-734
-727
-712
-690
-679
-668
-667
-667
-664
-676
-687
-701
-709
-719
-738
-754
-779
-803
-825
-864
-904
-955
-1000
-1040
-1079
-1101
-1119
-1127
-1127
-1132
-1134
-1136
-1135
-1137
-1140
-1135
-1131
-1121
-1110
-1105
-1096
-1085
-1069
-1062
-1062
-1067
-1080
-1083
-1086
-1089
-1091
-1092
-1089
-1093
-1090
-1080
-1067
-1047
-1035
-1027
-1013
-991
-955
-934
-905
-882
-857
-822
-798
-782
-770
-754
-742
-738
-730
-727
-714
-694
-692
-689
-697
-706
-725
-749
-758
-762
-758
-752
-754
-756
-761
-768
-784
-805
-820
-840
-854
-871
-894
-912
-925
-927
-931
-928
-918
-908
-892
-883
-877
-876
-875
-877
-887
-895
-903
-911
-912
-916
-920
-922
-910
-888
-874
-853
-838
-825
-808
-804
-800
-799
-793
-789
-793
-788
-787
-787
-788
-811
-830
-847
-847
-844
-845
-836
-830
-818
-800
-787
-771
-754
-733
-719
-713
-702
-692
-674
-657
-646
-637
-631
-621
-614
-600
-582
-570
-560
-568
-590
-621
-654
-688
-730
-770
-807
-840
-859
-878
-895
-912
-918
-919
-929
-935
-943
-951
-941
-945
-951
-965
-977
-980
-990
-988
-996
-995
-988
-990
-988
-990
-980
-962
-944
-917
-886
-841
-791
-745
-697
-654
-616
-600
-609
-629
-660
-691
-728
-770
-803
-828
-843
-863
-880
-896
-912
-919
-933
-948
-961
-960
-949
-941
-934
-929
-924
-915
-916
-919
-921
-912
-899
-897
-883
-868
-848
-820
-798
-774
-756
-741
-730
-729
-719
-712
-696
-672
-661
-647
-639
-630
-628
-632
-631
-634
-630
-624
-627
-637
-650
-658
-667
-680
-688
-696
-692
-689
-694
-699
-702
-700
-703
-701
-698
-697
-687
-675
-659
-640
-617
-591
-570
-548
-531
-520
-512
-518
-530
-548
-561
-572
-592
-598
-601
-598
-583
-573
-559
-551
-538
-525
-530
-529
-535
-541
-535
-541
-535
-531
-517
-505
-489
-468
-450
-424
-397
-382
-366
-351
-328
-311
-295
-274
-263
-253
-258
-278
-304
-334
-362
-394
-419
-436
-451
-459
-471
-479
-482
-474
-462
-454
-448
-450
-461
-477
-514
-552
-593
-628
-664
-710
-748
-786
-817
-835
-857
-875
-895
-909
-920
-935
-932
-929
-917
-900
-893
-883
-874
-860
-848
-839
-824
-809
-784
-756
-731
-704
-675
-640
-610
-584
-555
-535
-515
-505
-503
-500
-493
-481
-477
-471
-464
-462
-459
-466
-478
-490
-496
-495
-494
-485
-476
-468
-461
-471
-481
-498
-513
-530
-556
-573
-585
-587
-580
-582
-584
-588
-584
-578
-580
-571
-571
-568
-552
-547
-534
-525
-513
-502
-497
-484
-469
-454
-441
-432
-421
-414
-405
-408
-413
-414
-419
-417
-422
-431
-440
-439
-430
-429
-426
-427
-432
-439
-454
-476
-501
-525
-543
-558
-558
-552
-535
-503
-481
-456
-434
-408
-384
-373
-357
-337
-309
-273
-247
-214
-180
-138
-96
-65
-30
-9
8
20
17
11
-6
-31
-72
-123
-170
-217
-256
-294
-338
-379
-412
-432
-452
-468
-478
-487
-489
-494
-503
-512
-518
-520
-526
-522
-507
-483
-448
-417
-394
-376
-362
-347
-340
-326
-313
-295
-271
-263
-259
-261
-261
-266
-288
-314
-344
-362
-361
-359
-345
-335
-324
-322
-335
-341
-350
-356
-361
-376
-390
-398
-405
-405
-405
-388
-377
-362
-348
-347
-341
-334
-322
-322
-316
-304
-291
-270
-261
-259
-257
-252
-241
-234
-220
-202
-183
-160
-145
-140
-141
-142
-140
-143
-139
-135
-127
-110
-104
-98
-102
-103
-108
-121
-126
-133
-137
-135
-141
-136
-130
-113
-98
-94
-85
-85
-87
-93
-115
-142
-170
-190
-209
-227
-236
-245
-247
-248
-252
-252
-247
-232
-219
-203
-185
-172
-158
-156
-163
-174
-180
-181
-189
-196
-199
-200
-190
-181
-171
-161
-151
-145
-156
-160
-163
-161
-150
-144
-127
-108
-90
-80
-84
-85
-92
-93
-89
-99
-109
-127
-139
-154
-172
-180
-193
-204
-216
-233
-246
-254
-252
-247
-239
-218
-195
-163
-134
-112
-82
-54
-25
2
23
56
87
129
157
174
178
181
181
166
149
130
105
84
56
28
-3
-30
-55
-93
-119
-141
-153
-149
-152
-155
-164
-176
-193
-220
-242
-269
-291
-304
-322
-323
-317
-297
-278
-267
-257
-259
-264
-275
-293
-309
-323
-327
-331
-333
-326
-320
-307
-294
-286
-276
-262
-244
-235
-230
-228
-228
-221
-216
-212
-207
-196
-181
-171
-158
-147
-141
-131
-128
-124
-123
-119
-118
-137
-151
-167
-175
-167
-159
-142
-120
-87
-51
-25
2
14
28
44
45
43
34
33
36
38
46
50
53
53
40
26
19
25
34
46
67
84
108
133
156
183
215
251
275
293
321
346
380
404
411
415
414
411
402
391
383
388
413
438
468
493
528
564
585
613
633
650
663
663
663
660
662
662
652
653
651
653
658
652
653
655
666
672
672
678
685
700
717
728
741
752
763
766
763
757
743
730
714
693
673
660
660
662
676
694
709
729
742
753
766
784
801
805
803
793
774
751
715
681
647
621
598
567
551
539
533
536
535
540
547
562
578
586
603
614
631
655
669
685
697
711
720
728
742
753
768
783
790
797
802
808
808
805
805
801
801
797
785
770
753
737
708
680
652
626
613
601
584
580
575
578
570
553
534
510
489
453
413
360
317
274
220
172
118
69
29
-17
-57
-90
-108
-120
-134
-134
-136
-134
-128
-132
-135
-135
-127
-119
-114
-103
-98
-91
-92
-106
-122
-143
-161
-180
-194
-194
-191
-177
-163
-155
-148
-142
-136
-142
-148
-155
-165
-167
-175
-188
-206
-224
-239
-261
-278
-296
-310
-312
-320
-320
-316
-300
-279
-268
-253
-246
-245
-245
-256
-266
-277
-282
-288
-307
-318
-335
-351
-368
-397
-428
-463
-500
-543
-594
-641
-686
-719
-746
-779
-808
-829
-839
-849
-856
-851
-836
-807
-778
-754
-734
-718
-709
-715
-723
-733
-745
-750
-755
-757
-755
-747
-736
-731
-718
-705
-688
-658
-639
-624
-608
-594
-572
-553
-530
-521
-510
-494
-483
-470
-462
-450
-438
-440
-434
-430
-420
-411
-419
-431
-446
-462
-484
-511
-531
-547
-550
-544
-539
-522
-499
-469
-445
-424
-398
-375
-347
-326
-314
-310
-310
-314
-330
-342
-353
-365
-366
-366
-364
-360
-349
-332
-320
-301
-292
-290
-292
-317
-350
-392
-434
-479
-528
-570
-613
-652
-686
-727
-758
-783
-791
-791
-789
-766
-736
-690
-631
-572
-515
-464
-415
-374
-335
-283
-221
-138
-33
87
230
391
570
754
945
1146
1347
1558
1762
1963
2169
2385
2609
2829
3059
3308
3581
3887
4210
4544
4881
5230
5587
5933
6281
6615
6940
7265
7573
7878
8177
8475
8777
9071
9367
9653
9914
10159
10369
10555
10718
10862
10982
11075
11153
11200
11227
11232
11211
11163
11086
10986
10851
10673
10454
10185
9874
9517
9108
8655
8155
7617
7033
6412
5762
5091
4413
3728
3047
2382
1743
1137
556
14
-490
-957
-1382
-1773
-2127
-2443
-2716
-2950
-3155
-3311
-3432
-3516
-3564
-3598
-3612
-3612
-3594
-3566
-3533
-3480
-3416
-3332
-3233
-3145
-3054
-2965
-2867
-2767
-2671
-2564
-2460
-2352
-2244
-2145
-2050
-1960
-1872
-1795
-1730
-1665
-1607
-1545
-1485
-1437
-1394
-1353
-1309
-1278
-1252
-1229
-1207
-1173
-1137
-1095
-1043
-979
-909
-845
-784
-728
-679
-631
-596
-570
-552
-533
-512
-504
-486
-471
-455
-433
-422
-416
-417
-422
-434
-455
-466
-475
-484
-479
-485
-481
-476
-471
-473
-484
-489
-494
-499
-510
-524
-531
-536
-534
-539
-544
-539
-533
-519
-499
-478
-453
-423
-390
-367
-347
-331
-326
-320
-324
-334
-346
-356
-365
-381
-398
-419
-439
-450
-466
-479
-493
-501
-506
-520
-521
-514
-498
-470
-452
-437
-427
-414
-402
-400
-391
-387
-383
-381
-402
-422
-443
-455
-471
-494
-515
-539
-554
-560
-565
-560
-548
-522
-497
-476
-451
-431
-407
-392
-390
-390
-385
-370
-359
-343
-324
-309
-288
-276
-267
-260
-249
-237
-235
-237
-242
-244
-239
-238
-235
-234
-226
-216
-217
-210
-208
-201
-182
-163
-140
-116
-86
-57
-41
-19
-3
18
46
62
79
90
97
96
89
91
97
101
111
105
106
111
124
128
132
138
140
149
156
158
168
183
204
219
236
253
272
301
321
332
336
339
344
345
353
362
374
393
403
414
424
441
463
480
506
527
542
555
553
546
532
522
511
489
479
467
465
473
476
488
501
520
536
550
573
598
636
677
709
742
774
815
853
889
926
956
989
1014
1026
1032
1043
1063
1077
1094
1112
1124
1134
1133
1127
1123
1122
1123
1122
1128
1140
1160
1192
1221
1259
1301
1349
1392
1418
1444
1464
1486
1514
1535
1558
1583
1616
1648
1666
1694
1719
1752
1792
1826
1866
1910
1960
2001
2029
2054
2075
2106
2138
2164
2201
2248
2299
2352
2398
2450
2503
2556
2603
2636
2664
2699
2747
2791
2846
2905
2965
3025
3074
3114
3147
3176
3204
3228
3260
3294
3332
3378
3415
3457
3495
3537
3575
3603
3634
3667
3703
3745
3772
3803
3832
3871
3910
3938
3979
4019
4062
4104
4131
4153
4169
4183
4191
4198
4212
4226
4247
4267
4281
4295
4309
4323
4324
4319
4313
4302
4296
4284
4270
4257
4251
4252
4251
4262
4281
4300
4325
4342
4351
4361
4375
4393
4400
4405
4403
4401
4402
4387
4369
4337
4298
4247
4179
4114
4048
3993
3953
3913
3889
3875
3877
3884
3885
3895
3897
3899
3893
3866
3831
3794
3760
3718
3666
3611
3551
3499
3447
3388
3328
3270
3218
3164
3105
3058
3008
2957
2897
2821
2740
2666
2597
2530
2466
2402
2339
2287
2230
2172
2115
2065
2018
1960
1908
1857
1810
1772
1726
1682
1632
1584
1532
1469
1411
1348
1290
1239
1182
1130
1070
1011
943
864
796
727
661
595
518
439
363
295
224
153
97
49
15
-16
-52
-86
-112
-127
-145
-163
-180
-204
-225
-256
-295
-342
-385
-424
-467
-506
-539
-568
-586
-599
-609
-617
-625
-634
-655
-669
-687
-704
-711
-727
-739
-750
-751
-744
-736
-717
-701
-683
-663
-655
-643
-634
-616
-597
-582
-561
-547
-534
-529
-543
-570
-610
-648
-688
-725
-756
-795
-833
-871
-912
-945
-970
-984
-1002
-1020
-1041
-1069
-1094
-1123
-1158
-1197
-1234
-1271
-1311
-1360
-1403
-1442
-1462
-1473
-1478
-1484
-1485
-1487
-1508
-1522
-1536
-1540
-1524
-1511
-1495
-1477
-1460
-1452
-1462
-1469
-1486
-1497
-1501
-1514
-1519
-1523
-1513
-1505
-1498
-1480
-1461
-1434
-1404
-1386
-1372
-1362
-1349
-1338
-1331
-1322
-1317
-1306
-1291
-1280
-1268
-1257
-1246
-1241
-1234
-1222
-1207
-1184
-1166
-1152
-1136
-1116
-1098
-1093
-1093
-1101
-1116
-1123
-1134
-1142
-1147
-1145
-1144
-1160
-1174
-1192
-1209
-1217
-1230
-1234
-1229
-1211
-1192
-1184
-1176
-1177
-1178
-1178
-1193
-1206
-1224
-1235
-1247
-1262
-1271
-1284
-1296
-1311
-1339
-1371
-1405
-1435
-1466
-1495
-1510
-1517
-1505
-1488
-1473
-1454
-1433
-1407
-1390
-1374
-1355
-1333
-1299
-1267
-1235
-1202
-1168
-1135
-1112
-1089
-1073
-1061
-1043
-1031
-1029
-1029
-1029
-1030
-1039
-1044
-1049
-1055
-1049
-1050
-1049
-1056
-1060
-1066
-1078
-1080
-1085
-1081
-1076
-1089
-1101
-1118
-1130
-1144
-1162
-1175
-1191
-1204
-1218
-1241
-1268
-1297
-1323
-1357
-1396
-1424
-1445
-1448
-1446
-1445
-1440
-1428
-1411
-1402
-1389
-1368
-1342
-1301
-1259
-1218
-1176
-1135
-1098
-1074
-1058
-1052
-1054
-1057
-1075
-1091
-1107
-1112
-1111
-1113
-1100
-1087
-1073
-1058
-1056
-1057
-1063
-1063
-1067
-1089
-1110
-1145
-1181
-1214
-1252
-1281
-1305
-1318
-1327
-1333
-1326
-1312
-1283
-1247
-1217
-1190
-1173
-1162
-1159
-1159
-1156
-1157
-1150
-1145
-1148
-1152
-1154
-1154
-1164
-1169
-1172
-1173
-1161
-1146
-1127
-1098
-1060
-1018
-982
-949
-925
-911
-901
-911
-928
-956
-990
-1019
-1050
-1069
-1079
-1081
-1073
-1061
-1050
-1034
-1017
-1004
-1006
-1002
-1013
-1025
-1038
-1063
-1091
-1121
-1147
-1177
-1211
-1237
-1257
-1260
-1250
-1241
-1225
-1205
-1181
-1161
-1144
-1125
-1110
-1091
-1078
-1071
-1063
-1050
-1030
-1020
-1007
-993
-978
-955
-939
-931
-928
-924
-918
-919
-917
-920
-926
-929
-943
-954
-966
-970
-973
-981
-980
-983
-985
-982
-985
-984
-983
-970
-954
-943
-917
-895
-874
-854
-853
-856
-862
-863
-867
-874
-876
-877
-865
-845
-827
-807
-792
-779
-777
-778
-775
-776
-771
-772
-779
-785
-790
-792
-805
-815
-825
-837
-838
-841
-840
-833
-817
-794
-779
-767
-768
-775
-779
-797
-810
-821
-818
-806
-796
-775
-752
-728
-703
-681
-661
-641
-630
-625
-629
-615
-599
-582
-576
-588
-605
-627
-649
-677
-709
-727
-739
-737
-724
-714
-699
-687
-670
-660
-652
-642
-634
-624
-621
-624
-630
-634
-633
-640
-644
-654
-672
-684
-697
-708
-716
-719
-718
-723
-721
-723
-717
-703
-704
-707
-714
-717
-721
-733
-747
-770
-789
-802
-826
-850
-880
-903
-925
-951
-958
-959
-950
-935
-926
-913
-895
-871
-848
-827
-798
-769
-736
-704
-681
-662
-647
-635
-635
-639
-641
-646
-645
-652
-667
-686
-704
-719
-742
-762
-784
-809
-828
-849
-870
-891
-904
-909
-918
-911
-903
-887
-859
-838
-816
-805
-795
-789
-790
-784
-778
-766
-750
-746
-741
-740
-733
-735
-743
-743
-735
-729
-720
-719
-719
-715
-713
-717
-737
-753
-776
-789
-798
-808
-811
-801
-781
-767
-754
-739
-731
-717
-710
-709
-711
-709
-704
-708
-710
-716
-726
-734
-748
-762
-772
-775
-771
-776
-770
-763
-751
-732
-724
-719
-721
-721
-722
-729
-727
-723
-709
-689
-682
-672
-668
-659
-654
-656
-649
-642
-629
-610
-594
-579
-565
-551
-544
-546
-547
-551
-546
-540
-540
-539
-540
-541
-549
-557
-564
-571
-569
-572
-578
-587
-596
-607
-624
-636
-645
-654
-659
-672
-688
-705
-715
-723
-738
-740
-742
-742
-736
-740
-746
-760
-773
-787
-803
-803
-801
-791
-773
-764
-745
-722
-687
-654
-627
-596
-568
-537
-502
-483
-469
-462
-466
-482
-511
-545
-580
-612
-636
-663
-680
-691
-692
-703
-712
-716
-713
-696
-679
-659
-635
-608
-579
-555
-530
-507
-489
-472
-471
-486
-516
-548
-580
-619
-646
-676
-701
-717
-738
-755
-774
-791
-810
-836
-849
-861
-863
-857
-861
-857
-854
-848
-849
-857
-857
-856
-847
-832
-822
-811
-803
-791
-787
-789
-786
-786
-776
-765
-755
-740
-716
-680
-646
-609
-572
-537
-496
-466
-441
-418
-391
-362
-337
-310
-282
-256
-231
-223
-221
-228
-232
-239
-261
-278
-303
-330
-350
-375
-396
-413
-423
-431
-446
-449
-453
-450
-440
-441
-435
-429
-417
-408
-402
-389
-381
-373
-371
-382
-395
-411
-424
-447
-480
-515
-548
-575
-597
-626
-657
-680
-695
-706
-704
-698
-686
-658
-634
-611
-584
-555
-520
-491
-464
-438
-416
-387
-368
-349
-338
-324
-313
-315
-316
-326
-340
-355
-383
-412
-438
-453
-461
-476
-478
-484
-485
-483
-496
-510
-526
-536
-547
-557
-561
-566
-560
-553
-551
-546
-539
-522
-508
-497
-483
-475
-467
-468
-483
-501
-517
-527
-543
-546
-536
-516
-488
-466
-450
-436
-419
-398
-380
-363
-355
-349
-340
-342
-348
-360
-366
-373
-389
-397
-406
-410
-402
-395
-381
-364
-338
-311
-300
-283
-274
-265
-256
-263
-270
-280
-287
-297
-310
-321
-340
-356
-377
-410
-445
-477
-496
-509
-513
-502
-488
-465
-445
-427
-415
-394
-375
-359
-347
-339
-333
-323
-313
-309
-310
-323
-341
-373
-402
-430
-454
-463
-472
-473
-475
-468
-462
-470
-474
-479
-481
-474
-470
-459
-444
-418
-390
-372
-341
-312
-280
-248
-235
-228
-227
-227
-244
-272
-300
-330
-352
-372
-394
-413
-430
-439
-450
-458
-456
-453
-439
-425
-411
-396
-379
-358
-346
-323
-292
-256
-212
-173
-140
-112
-86
-65
-57
-48
-39
-27
-7
2
17
32
55
75
84
98
108
120
136
145
160
172
192
214
225
247
265
288
316
338
367
401
441
475
499
520
530
537
541
537
535
534
541
545
553
565
571
576
568
553
536
522
516
504
498
496
491
493
496
494
495
501
500
498
504
516
531
557
570
586
595
605
613
616
621
619
619
626
620
617
609
607
604
595
600
604
615
628
631
629
626
627
625
622
633
651
682
714
734
750
760
766
759
752
751
755
770
782
788
790
789
786
774
767
765
765
774
780
783
787
797
812
818
832
840
843
847
833
814
787
762
732
689
645
591
538
492
441
403
371
353
338
319
313
302
290
272
239
200
161
129
100
74
63
56
62
67
63
57
50
45
29
12
-2
-15
-20
-31
-52
-83
-117
-153
-199
-243
-280
-311
-328
-341
-351
-356
-355
-354
-356
-352
-347
-337
-321
-306
-289
-274
-257
-252
-262
-272
-297
-334
-375
-435
-484
-529
-555
-571
-584
-585
-588
-588
-587
-594
-602
-609
-610
-615
-622
-626
-634
-637
-643
-653
-664
-678
-691
-709
-722
-730
-737
-735
-736
-735
-733
-730
-730
-742
-755
-766
-773
-770
-764
-754
-743
-724
-702
-695
-688
-689
-688
-677
-673
-667
-663
-654
-645
-644
-640
-642
-637
-623
-619
-609
-603
-594
-592
-592
-581
-567
-543
-516
-496
-479
-470
-463
-469
-481
-485
-484
-469
-452
-440
-428
-417
-406
-411
-421
-433
-446
-455
-470
-487
-503
-517
-533
-558
-587
-613
-635
-640
-643
-636
-619
-589
-554
-534
-507
-487
-466
-449
-433
-418
-394
-362
-335
-316
-294
-274
-246
-216
-209
-199
-191
-180
-173
-177
-172
-166
-154
-147
-159
-183
-214
-243
-281
-329
-378
-436
-491
-548
-602
-649
-686
-713
-747
-780
-809
-839
-856
-868
-871
-860
-828
-771
-700
-610
-502
-376
-224
-60
122
322
551
803
1059
1335
1618
1908
2210
2510
2816
3129
3453
3781
4104
4442
4783
5133
5487
5828
6171
6510
6853
7193
7529
7874
8223
8583
8944
9297
9646
9990
10330
10652
10955
11242
11500
11739
11952
12139
12306
12457
12594
12695
12765
12801
12801
12782
12737
12668
12573
12452
12296
12088
11828
11515
11146
10723
10236
9699
9110
8488
7833
7142
6436
5707
4969
4235
3503
2796
2118
1483
885
316
-206
-684
-1111
-1498
-1852
-2175
-2455
-2697
-2909
-3099
-3253
-3383
-3481
-3557
-3619
-3659
-3676
-3674
-3666
-3653
-3629
-3604
-3568
-3529
-3491
-3448
-3398
-3337
-3278
-3207
-3131
-3053
-2967
-2882
-2795
-2701
-2596
-2483
-2371
-2258
-2151
-2049
-1948
-1863
-1782
-1710
-1636
-1559
-1485
-1395
-1303
-1211
-1117
-1037
-963
-897
-832
-777
-742
-706
-680
-653
-622
-604
-588
-578
-571
-570
-575
-582
-598
-603
-598
-592
-582
-576
-570
-572
-576
-580
-594
-610
-633
-662
-688
-704
-710
-721
-728
-731
-734
-728
-729
-736
-742
-743
-740
-744
-745
-750
-755
-752
-757
-759
-768
-776
-788
-804
-805
-800
-788
-773
-768
-760
-750
-726
-698
-674
-636
-597
-554
-504
-465
-434
-399
-364
-337
-315
-302
-291
-277
-267
-268
-275
-286
-292
-303
-320
-332
-350
-360
-376
-396
-407
-410
-403
-403
-399
-392
-390
-392
-411
-445
-483
-518
-546
-573
-581
-586
-585
-580
-590
-598
-604
-597
-585
-578
-565
-552
-532
-502
-480
-458
-446
-432
-421
-420
-408
-393
-366
-328
-293
-256
-219
-182
-151
-129
-108
-98
-88
-84
-92
-101
-109
-111
-122
-137
-154
-176
-193
-213
-234
-249
-252
-242
-235
-219
-202
-192
-180
-171
-161
-149
-131
-106
-86
-54
-18
23
70
98
121
134
150
162
166
176
187
210
244
267
290
303
317
326
326
335
342
353
362
360
357
358
365
372
379
383
390
396
398
389
372
361
360
361
367
373
369
376
381
383
389
397
415
430
455
485
520
558
582
591
592
603
630
658
697
730
760
790
804
816
828
846
867
882
907
937
979
1032
1080
1136
1193
1256
1314
1360
1410
1453
1496
1540
1573
1599
1619
1636
1645
1645
1649
1651
1665
1688
1714
1749
1788
1833
1872
1913
1957
1998
2047
2090
2131
2172
2217
2266
2309
2360
2420
2485
2560
2631
2697
2757
2816
2871
2906
2942
2970
2997
3030
3052
3069
3074
3074
3068
3054
3046
3037
3035
3045
3050
3068
3088
3121
3158
3196
3243
3288
3338
3391
3436
3476
3514
3555
3593
3629
3670
3705
3740
3766
3779
3786
3797
3819
3844
3882
3918
3960
4004
4050
4094
4134
4167
4201
4222
4244
4267
4294
4333
4375
4422
4463
4501
4531
4541
4555
4570
4592
4626
4652
4675
4692
4710
4731
4747
4770
4786
4800
4810
4797
4779
4755
4735
4711
4682
4657
4629
4606
4585
4558
4532
4500
4468
4427
4377
4323
4261
4203
4141
4070
4000
3933
3874
3809
3748
3693
3639
3590
3532
3470
3408
3353
3306
3255
3206
3153
3097
3045
2984
2921
2854
2795
2743
2687
2647
2611
2582
2563
2537
2509
2480
2454
2420
2367
2311
2242
2172
2105
2026
1954
1884
1824
1763
1698
1635
1564
1498
1439
1382
1334
1288
1247
1199
1147
1098
1042
990
934
869
802
734
667
593
526
468
414
369
325
280
224
171
108
39
-26
-91
-146
-194
-248
-301
-352
-395
-432
-480
-512
-547
-582
-608
-638
-666
-692
-715
-743
-788
-827
-872
-912
-941
-973
-995
-1015
-1025
-1036
-1045
-1047
-1049
-1046
-1042
-1050
-1060
-1072
-1079
-1094
-1115
-1135
-1156
-1171
-1192
-1223
-1258
-1291
-1317
-1348
-1374
-1396
-1416
-1426
-1438
-1450
-1460
-1460
-1454
-1453
-1449
-1445
-1439
-1427
-1426
-1428
-1437
-1446
-1460
-1488
-1510
-1536
-1562
-1581
-1605
-1624
-1639
-1643
-1645
-1659
-1668
-1683
-1693
-1696
-1706
-1708
-1704
-1692
-1682
-1673
-1661
-1653
-1640
-1628
-1628
-1633
-1647
-1667
-1702
-1749
-1798
-1848
-1886
-1919
-1948
-1968
-1977
-1973
-1968
-1951
-1926
-1898
-1863
-1833
-1809
-1789
-1769
-1759
-1750
-1743
-1740
-1734
-1732
-1743
-1752
-1765
-1765
-1766
-1779
-1782
-1788
-1797
-1798
-1809
-1812
-1814
-1807
-1801
-1804
-1800
-1803
-1804
-1799
-1802
-1798
-1788
-1764
-1735
-1703
-1669
-1643
-1615
-1592
-1585
-1585
-1593
-1598
-1607
-1619
-1629
-1643
-1652
-1665
-1686
-1709
-1731
-1749
-1770
-1781
-1783
-1782
-1770
-1758
-1743
-1723
-1700
-1675
-1660
-1643
-1632
-1622
-1605
-1596
-1584
-1574
-1556
-1536
-1520
-1495
-1471
-1445
-1419
-1406
-1396
-1390
-1377
-1365
-1363
-1353
-1353
-1360
-1370
-1394
-1419
-1446
-1470
-1496
-1524
-1547
-1572
-1594
-1618
-1649
-1678
-1704
-1722
-1741
-1754
-1755
-1752
-1739
-1731
-1730
-1729
-1724
-1711
-1700
-1681
-1659
-1641
-1620
-1605
-1598
-1595
-1591
-1589
-1598
-1606
-1618
-1631
-1642
-1664
-1681
-1697
-1697
-1702
-1706
-1707
-1704
-1691
-1666
-1653
-1628
-1601
-1560
-1513
-1473
-1422
-1372
-1323
-1280
-1250
-1224
-1207
-1196
-1195
-1199
-1196
-1195
-1181
-1162
-1146
-1128
-1113
-1095
-1089
-1089
-1089
-1098
-1107
-1123
-1149
-1183
-1220
-1259
-1309
-1355
-1397
-1438
-1467
-1497
-1529
-1558
-1585
-1608
-1642
-1670
-1698
-1718
-1723
-1731
-1729
-1722
-1701
-1674
-1651
-1622
-1597
-1573
-1548
-1537
-1523
-1514
-1497
-1482
-1474
-1454
-1437
-1414
-1388
-1371
-1356
-1341
-1323
-1308
-1295
-1273
-1249
-1216
-1185
-1166
-1151
-1136
-1115
-1096
-1072
-1043
-1013
-982
-962
-952
-947
-936
-922
-917
-913
-910
-903
-884
-861
-835
-804
-768
-733
-718
-703
-697
-696
-695
-719
-753
-798
-841
-881
-926
-965
-1006
-1040
-1076
-1122
-1168
-1211
-1232
-1249
-1258
-1256
-1248
-1233
-1218
-1221
-1230
-1244
-1252
-1268
-1287
-1296
-1306
-1308
-1307
-1306
-1299
-1287
-1269
-1256
-1242
-1223
-1202
-1174
-1154
-1137
-1124
-1111
-1098
-1091
-1083
-1074
-1068
-1054
-1044
-1033
-1019
-997
-970
-954
-929
-909
-890
-866
-857
-849
-844
-831
-815
-803
-784
-771
-754
-732
-723
-704
-682
-649
-619
-593
-560
-529
-493
-458
-429
-402
-378
-353
-343
-349
-362
-385
-408
-433
-462
-487
-507
-521
-541
-564
-587
-614
-635
-661
-692
-723
-745
-759
-774
-784
-788
-790
-785
-789
-801
-821
-837
-851
-877
-892
-907
-918
-920
-930
-937
-942
-936
-922
-911
-889
-870
-844
-815
-798
-785
-771
-750
-734
-718
-707
-703
-692
-683
-677
-680
-686
-686
-687
-695
-699
-708
-707
-703
-691
-670
-638
-603
-581
-563
-547
-533
-510
-488
-464
-437
-405
-374
-354
-331
-304
-274
-238
-214
-198
-195
-199
-211
-236
-250
-267
-285
-302
-330
-357
-384
-408
-434
-469
-493
-521
-539
-546
-560
-569
-578
-580
-585
-591
-591
-592
-587
-579
-580
-581
-584
-588
-605
-632
-658
-689
-712
-734
-760
-780
-795
-801
-812
-817
-817
-816
-806
-799
-788
-771
-744
-713
-688
-663
-640
-618
-593
-579
-565
-554
-538
-525
-522
-504
-483
-457
-425
-404
-390
-385
-380
-382
-395
-395
-394
-382
-365
-362
-360
-362
-363
-369
-375
-379
-390
-395
-399
-396
-395
-387
-371
-358
-344
-326
-320
-313
-311
-320
-327
-331
-333
-341
-348
-364
-386
-402
-420
-434
-434
-418
-389
-361
-334
-314
-299
-283
-285
-287
-292
-287
-281
-288
-296
-313
-333
-348
-370
-390
-410
-424
-437
-457
-463
-470
-469
-462
-459
-446
-426
-399
-381
-374
-371
-381
-394
-414
-451
-494
-543
-589
-637
-682
-715
-744
-762
-776
-785
-781
-764
-737
-714
-682
-647
-610
-567
-536
-518
-507
-496
-480
-466
-448
-432
-414
-395
-395
-396
-403
-407
-414
-431
-446
-462
-470
-463
-457
-444
-432
-415
-398
-395
-388
-390
-389
-382
-378
-367
-356
-343
-335
-331
-321
-311
-295
-277
-267
-252
-238
-217
-204
-188
-183
-185
-194
-216
-240
-263
-273
-276
-280
-276
-268
-263
-254
-253
-255
-261
-266
-264
-270
-272
-279
-286
-289
-303
-312
-322
-323
-324
-333
-333
-334
-328
-316
-313
-309
-309
-302
-296
-299
-290
-281
-261
-234
-213
-191
-167
-139
-121
-117
-119
-130
-137
-142
-153
-160
-160
-149
-138
-127
-114
-111
-106
-109
-118
-129
-137
-140
-151
-160
-172
-194
-215
-243
-276
-308
-335
-356
-382
-395
-400
-395
-379
-378
-377
-378
-370
-359
-350
-336
-330
-325
-320
-327
-330
-333
-325
-318
-320
-313
-307
-296
-279
-265
-246
-221
-187
-155
-128
-103
-90
-80
-81
-96
-108
-111
-100
-86
-71
-54
-40
-32
-34
-39
-50
-56
-60
-76
-80
-80
-68
-46
-22
2
33
68
105
127
156
172
180
179
153
114
63
15
-32
-79
-112
-143
-164
-174
-186
-179
-166
-141
-118
-102
-76
-50
-16
23
51
72
88
103
111
113
120
124
136
146
149
153
162
186
211
240
275
311
360
408
451
487
520
550
568
586
603
620
644
665
685
701
718
731
729
731
727
720
717
701
684
664
649
631
604
582
559
547
545
535
534
535
547
558
561
568
571
574
