0
-1
-9
-19
-31
-43
-61
-81
-93
-104
-106
-109
-120
-133
-149
-164
-188
-211
-229
-242
-241
-243
-249
-260
-271
-284
-308
-330
-346
-356
-352
-350
-350
-351
-346
-338
-345
-347
-357
-369
-377
-397
-418
-445
-471
-496
-524
-540
-554
-559
-560
-574
-577
-573
-555
-537
-523
-499
-472
-435
-393
-359
-331
-313
-304
-310
-316
-303
-283
-254
-220
-195
-172
-141
-114
-84
-54
-17
12
49
80
111
138
162
186
207
230
258
290
328
354
375
401
441
489
528
578
623
663
698
716
729
738
750
761
762
766
763
765
775
778
790
805
833
862
889
923
949
977
1006
1026
1042
1056
1075
1090
1106
1133
1162
1202
1237
1258
1271
1280
1292
1300
1312
1327
1341
1360
1369
1371
1368
1371
1380
1385
1388
1391
1400
1426
1450
1479
1511
1558
1614
1660
1714
1763
1812
1866
1904
1936
1958
1974
1979
1968
1967
1969
1987
2020
2050
2091
2135
2189
2243
2296
2352
2403
2453
2500
2539
2582
2629
2686
2740
2791
2849
2908
2979
3050
3114
3178
3237
3291
3338
3376
3410
3450
3493
3532
3568
3607
3658
3712
3761
3813
3857
3890
3922
3942
3964
3984
4009
4035
4042
4051
4049
4045
4037
4014
3990
3968
3954
3945
3927
3915
3898
3894
3905
3916
3935
3958
3988
4019
4047
4079
4106
4135
4160
4173
4181
4182
4178
4163
4145
4138
4134
4138
4133
4121
4115
4119
4133
4134
4126
4103
4061
4009
3943
3873
3808
3755
3713
3673
3639
3605
3573
3548
3512
3480
3443
3413
3386
3356
3340
3324
3306
3287
3250
3209
3163
3121
3076
3018
2972
2926
2895
2875
2843
2810
2776
2750
2727
2709
2699
2686
2677
2665
2638
2601
2553
2503
2441
2370
2293
2204
2115
2018
1915
1814
1713
1612
1496
1383
1273
1168
1069
986
905
838
788
743
701
661
620
579
535
468
402
333
270
213
151
108
72
43
17
-15
-46
-82
-110
-138
-177
-205
-235
-262
-289
-324
-355
-382
-405
-433
-469
-500
-533
-558
-576
-594
-605
-608
-599
-594
-594
-595
-602
-606
-619
-646
-682
-719
-752
-790
-821
-846
-871
-891
-925
-968
-1014
-1058
-1099
-1142
-1173
-1191
-1192
-1177
-1173
-1173
-1184
-1188
-1189
-1200
-1212
-1233
-1253
-1266
-1283
-1289
-1292
-1288
-1288
-1301
-1304
-1308
-1303
-1292
-1289
-1284
-1279
-1272
-1269
-1271
-1272
-1283
-1294
-1313
-1348
-1385
-1425
-1460
-1501
-1541
-1575
-1610
-1637
-1666
-1695
-1715
-1719
-1706
-1694
-1677
-1662
-1652
-1636
-1624
-1614
-1603
-1588
-1572
-1559
-1539
-1516
-1484
-1452
-1428
-1419
-1417
-1410
-1403
-1411
-1419
-1437
-1453
-1462
-1483
-1501
-1514
-1516
-1519
-1532
-1540
-1564
-1593
-1615
-1638
-1654
-1665
-1666
-1673
-1688
-1696
-1705
-1704
-1705
-1717
-1734
-1753
-1764
-1774
-1782
-1785
-1786
-1773
-1755
-1730
-1701
-1666
-1631
-1607
-1582
-1556
-1532
-1507
-1492
-1487
-1488
-1489
-1492
-1505
-1507
-1505
-1499
-1485
-1485
-1487
-1500
-1517
-1539
-1567
-1584
-1593
-1591
-1576
-1563
-1541
-1518
-1484
-1455
-1441
-1426
-1423
-1420
-1418
-1423
-1432
-1441
-1446
-1456
-1469
-1477
-1486
-1486
-1482
-1478
-1467
-1455
-1438
-1430
-1428
-1433
-1446
-1457
-1476
-1496
-1513
-1525
-1537
-1560
-1578
-1595
-1609
-1614
-1620
-1629
-1637
-1635
-1626
-1627
-1620
-1610
-1590
-1559
-1540
-1523
-1500
-1470
-1448
-1435
-1430
-1429
-1421
-1405
-1391
-1370
-1347
-1318
-1295
-1284
-1264
-1249
-1228
-1209
-1199
-1187
-1178
-1169
-1177
-1200
-1225
-1254
-1275
-1298
-1333
-1369
-1408
-1443
-1477
-1498
-1509
-1518
-1522
-1532
-1544
-1557
-1565
-1565
-1562
-1551
-1536
-1518
-1490
-1464
-1442
-1427
-1416
-1408
-1415
-1415
-1422
-1428
-1422
-1421
-1414
-1408
-1398
-1392
-1400
-1401
-1400
-1386
-1363
-1350
-1329
-1308
-1282
-1263
-1256
-1250
-1253
-1253
-1249
-1247
-1239
-1227
-1209
-1195
-1183
-1168
-1162
-1151
-1143
-1143
-1141
-1132
-1115
-1104
-1087
-1064
-1040
-1006
-978
-956
-942
-931
-924
-927
-927
-925
-924
-927
-949
-985
-1030
-1071
-1110
-1164
-1209
-1250
-1278
-1279
-1273
-1259
-1248
-1234
-1225
-1224
-1223
-1219
-1220
-1223
-1239
-1255
-1268
-1272
-1280
-1289
-1295
-1313
-1330
-1344
-1366
-1382
-1398
-1400
-1402
-1404
-1402
-1399
-1384
-1363
-1341
-1315
-1284
-1246
-1217
-1188
-1161
-1138
-1110
-1091
-1076
-1063
-1051
-1042
-1044
-1047
-1049
-1050
-1041
-1036
-1027
-1014
-991
-962
-945
-920
-905
-894
-881
-878
-875
-868
-848
-817
-783
-733
-690
-650
-612
-594
-582
-587
-603
-637
-687
-740
-801
-855
-901
-946
-985
-1018
-1035
-1046
-1049
-1036
-1018
-993
-974
-962
-952
-945
-940
-947
-958
-970
-980
-977
-973
-970
-974
-987
-1007
-1037
-1063
-1086
-1103
-1108
-1112
-1109
-1105
-1093
-1085
-1090
-1090
-1096
-1103
-1103
-1111
-1116
-1115
-1099
-1077
-1063
-1041
-1026
-1010
-989
-981
-973
-965
-953
-944
-934
-935
-939
-947
-953
-968
-985
-1004
-1008
-1008
-1001
-981
-963
-945
-930
-923
-917
-900
-871
-844
-814
-787
-767
-744
-734
-734
-737
-741
-744
-751
-753
-752
-742
-717
-696
-673
-650
-623
-599
-591
-584
-585
-590
-593
-608
-623
-642
-660
-685
-725
-752
-776
-789
-797
-820
-845
-871
-885
-895
-897
-888
-880
-868
-860
-870
-891
-922
-956
-1000
-1039
-1061
-1072
-1067
-1057
-1049
-1039
-1026
-1008
-994
-975
-954
-936
-915
-904
-901
-903
-907
-915
-932
-946
-959
-970
-972
-979
-975
-964
-937
-905
-885
-864
-853
-849
-849
-865
-882
-898
-900
-896
-904
-902
-909
-916
-922
-939
-952
-963
-968
-970
-969
-958
-948
-932
-913
-898
-892
-884
-880
-880
-874
-864
-849
-839
-838
-844
-846
-844
-834
-827
-808
-786
-765
-735
-711
-690
-667
-639
-606
-579
-553
-537
-525
-506
-495
-477
-463
-442
-428
-426
-423
-425
-426
-425
-440
-452
-461
-457
-449
-450
-444
-451
-463
-476
-499
-521
-539
-548
-556
-563
-560
-555
-538
-517
-504
-495
-493
-496
-512
-529
-537
-545
-547
-555
-564
-566
-556
-536
-527
-519
-512
-508
-500
-502
-514
-534
-556
-576
-606
-630
-656
-678
-694
-725
-754
-780
-788
-786
-784
-773
-763
-751
-740
-747
-758
-776
-779
-770
-761
-737
-716
-693
-671
-666
-669
-677
-682
-691
-700
-699
-695
-675
-649
-628
-607
-585
-568
-554
-538
-521
-499
-473
-450
-423
-401
-379
-370
-385
-402
-413
-429
-439
-458
-477
-486
-477
-457
-444
-424
-406
-387
-366
-361
-356
-350
-334
-311
-287
-257
-235
-212
-184
-167
-145
-129
-105
-84
-77
-69
-71
-78
-94
-129
-172
-218
-261
-307
-350
-376
-384
-365
-331
-301
-278
-263
-247
-236
-222
-203
-185
-158
-131
-104
-74
-39
0
27
52
73
90
108
113
110
102
96
95
89
96
101
109
123
126
133
145
167
188
200
214
228
259
302
337
373
400
432
455
465
479
494
515
536
544
544
539
535
525
508
496
482
475
465
450
442
442
448
446
441
441
445
461
479
500
518
544
561
569
570
566
561
563
553
546
544
549
553
539
523
497
464
430
389
356
337
333
341
352
379
405
434
463
475
488
492
493
479
455
436
418
408
405
393
373
343
310
271
230
196
168
152
141
131
130
136
147
147
143
140
135
142
148
155
163
168
167
150
128
101
68
31
-15
-59
-105
-146
-186
-239
-282
-325
-364
-400
-445
-484
-516
-534
-545
-559
-563
-566
-562
-553
-558
-563
-574
-585
-607
-643
-682
-730
-769
-795
-812
-812
-800
-775
-753
-736
-713
-692
-663
-638
-622
-606
-586
-561
-544
-531
-520
-512
-497
-489
-486
-486
-487
-486
-496
-513
-537
-553
-565
-581
-602
-628
-638
-642
-647
-642
-638
-637
-636
-654
-677
-705
-724
-742
-766
-775
-784
-789
-789
-803
-811
-819
-823
-834
-850
-864
-883
-896
-904
-909
-900
-887
-871
-861
-859
-855
-856
-847
-839
-839
-839
-833
-812
-791
-766
-744
-726
-703
-689
-679
-673
-661
-640
-621
-600
-576
-546
-509
-486
-472
-469
-462
-454
-455
-446
-443
-446
-460
-501
-554
-611
-663
-715
-777
-823
-866
-896
-914
-934
-942
-942
-926
-903
-878
-851
-826
-790
-744
-699
-648
-597
-543
-498
-460
-425
-401
-378
-365
-361
-356
-348
-339
-342
-345
-348
-359
-370
-389
-405
-416
-423
-431
-447
-463
-484
-506
-523
-547
-567
-578
-564
-535
-492
-436
-387
-332
-272
-208
-142
-72
14
115
214
335
461
607
770
935
1113
1306
1512
1720
1931
2156
2386
2631
2889
3152
3431
3726
4040
4353
4666
4988
5311
5646
5980
6311
6647
6988
7335
7669
8004
8338
8666
8985
9280
9553
9809
10047
10267
10458
10637
10803
10960
11108
11220
11299
11333
11335
11304
11235
11142
11016
10855
10651
10381
10058
9679
9254
8778
8252
7701
7116
6518
5911
5284
4656
4027
3406
2790
2182
1599
1036
502
-9
-498
-951
-1363
-1732
-2070
-2376
-2644
-2884
-3087
-3262
-3408
-3517
-3588
-3622
-3638
-3629
-3602
-3559
-3498
-3440
-3386
-3330
-3268
-3205
-3150
-3089
-3025
-2952
-2864
-2784
-2706
-2642
-2580
-2526
-2485
-2443
-2400
-2340
-2270
-2201
-2134
-2066
-1987
-1905
-1832
-1752
-1685
-1611
-1530
-1459
-1388
-1319
-1256
-1202
-1153
-1103
-1063
-1030
-1005
-989
-963
-930
-890
-860
-839
-826
-824
-814
-810
-808
-799
-780
-753
-735
-716
-700
-690
-682
-684
-690
-693
-690
-689
-699
-700
-699
-687
-659
-635
-605
-579
-554
-539
-541
-548
-561
-564
-553
-547
-535
-523
-503
-487
-486
-484
-488
-490
-484
-481
-475
-471
-461
-457
-461
-464
-472
-473
-475
-485
-492
-492
-480
-469
-458
-443
-429
-412
-405
-409
-420
-434
-455
-490
-522
-545
-562
-567
-569
-567
-567
-567
-561
-560
-545
-526
-503
-474
-462
-457
-457
-452
-444
-438
-422
-407
-382
-348
-325
-299
-285
-261
-239
-217
-195
-178
-160
-142
-126
-116
-106
-98
-91
-88
-79
-81
-87
-99
-116
-134
-153
-167
-188
-208
-220
-224
-214
-210
-209
-209
-208
-204
-209
-204
-186
-155
-109
-65
-30
-2
21
33
22
10
-8
-24
-25
-27
-23
-16
1
28
55
90
116
144
175
193
212
223
235
244
247
257
256
248
232
200
167
135
116
103
102
122
149
190
233
271
310
347
383
408
434
461
480
492
484
462
434
407
390
381
387
402
421
446
459
464
463
472
488
494
509
520
525
533
531
530
529
533
535
526
521
507
498
500
498
511
528
552
574
589
609
624
634
642
647
653
662
681
693
718
749
784
817
841
850
858
869
887
903
931
968
1011
1064
1115
1162
1210
1264
1317
1361
1404
1447
1490
1543
1595
1647
1690
1729
1762
1777
1799
1817
1833
1851
1856
1858
1858
1866
1878
1888
1912
1932
1954
1981
1996
2017
2041
2073
2103
2127
2153
2172
2192
2211
2221
2230
2236
2250
2266
2285
2314
2347
2388
2426
2460
2500
2550
2606
2655
2712
2782
2856
2939
3011
3070
3122
3175
3228
3273
3319
3368
3426
3497
3562
3625
3677
3725
3766
3788
3806
3808
3799
3784
3752
3713
3671
3636
3609
3588
3591
3601
3623
3660
3696
3744
3800
3871
3945
4018
4092
4156
4214
4262
4292
4315
4332
4346
4349
4355
4365
4385
4416
4445
4471
4494
4521
4552
4569
4586
4601
4608
4611
4600
4571
4535
4494
4449
4395
4335
4274
4220
4188
4162
4150
4145
4154
4172
4191
4227
4260
4291
4321
4337
4350
4356
4362
4362
4348
4339
4322
4306
4288
4253
4217
4178
4141
4098
4055
4023
3989
3958
3918
3860
3789
3709
3634
3555
3476
3404
3332
3267
3201
3135
3072
3016
2964
2906
2858
2822
2787
2757
2718
2675
2637
2601
2562
2510
2457
2398
2340
2289
2230
2179
2131
2094
2058
2015
1977
1931
1877
1824
1757
1684
1598
1512
1422
1322
1234
1142
1054
968
871
779
692
618
554
502
468
445
435
427
408
385
357
333
306
278
251
219
195
164
136
106
85
65
30
-1
-35
-67
-96
-133
-184
-228
-265
-292
-323
-354
-383
-405
-419
-445
-464
-484
-497
-510
-535
-558
-585
-608
-627
-658
-687
-723
-753
-788
-832
-864
-897
-920
-931
-941
-943
-943
-937
-935
-938
-942
-956
-969
-992
-1032
-1080
-1131
-1181
-1243
-1312
-1376
-1432
-1466
-1491
-1513
-1528
-1535
-1535
-1541
-1541
-1534
-1520
-1495
-1471
-1449
-1428
-1409
-1394
-1395
-1395
-1399
-1402
-1402
-1418
-1431
-1448
-1457
-1461
-1467
-1461
-1456
-1447
-1433
-1430
-1425
-1424
-1419
-1420
-1430
-1429
-1429
-1423
-1412
-1409
-1404
-1398
-1388
-1382
-1378
-1365
-1349
-1329
-1317
-1317
-1314
-1305
-1289
-1283
-1287
-1294
-1306
-1309
-1312
-1313
-1310
-1302
-1292
-1294
-1300
-1316
-1332
-1345
-1370
-1397
-1431
-1449
-1465
-1492
-1524
-1562
-1602
-1632
-1672
-1709
-1746
-1767
-1778
-1789
-1790
-1788
-1778
-1756
-1737
-1709
-1682
-1648
-1620
-1601
-1572
-1544
-1510
-1473
-1445
-1421
-1407
-1400
-1402
-1406
-1401
-1391
-1366
-1332
-1303
-1278
-1262
-1248
-1245
-1243
-1234
-1224
-1209
-1202
-1201
-1206
-1210
-1211
-1218
-1225
-1237
-1256
-1272
-1296
-1323
-1349
-1367
-1376
-1392
-1394
-1395
-1395
-1390
-1398
-1401
-1400
-1386
-1364
-1343
-1317
-1294
-1264
-1234
-1225
-1226
-1248
-1279
-1323
-1377
-1420
-1459
-1488
-1507
-1520
-1518
-1509
-1497
-1490
-1488
-1479
-1466
-1441
-1413
-1392
-1371
-1353
-1330
-1311
-1286
-1254
-1219
-1172
-1129
-1088
-1049
-1015
-987
-971
-955
-944
-947
-957
-979
-1009
-1048
-1079
-1115
-1165
-1199
-1233
-1249
-1251
-1260
-1261
-1270
-1276
-1282
-1296
-1306
-1317
-1320
-1311
-1313
-1313
-1316
-1316
-1321
-1334
-1341
-1350
-1354
-1356
-1362
-1360
-1351
-1328
-1307
-1286
-1254
-1223
-1186
-1153
-1134
-1121
-1115
-1118
-1140
-1171
-1211
-1261
-1308
-1359
-1404
-1439
-1461
-1471
-1480
-1483
-1487
-1493
-1494
-1498
-1496
-1485
-1462
-1434
-1421
-1401
-1383
-1360
-1326
-1299
-1269
-1242
-1214
-1190
-1178
-1160
-1147
-1127
-1098
-1078
-1054
-1035
-1015
-1009
-1018
-1030
-1049
-1069
-1094
-1130
-1166
-1201
-1230
-1262
-1296
-1320
-1341
-1351
-1356
-1361
-1356
-1334
-1296
-1262
-1227
-1192
-1160
-1123
-1094
-1073
-1062
-1053
-1042
-1033
-1017
-998
-982
-966
-963
-961
-962
-958
-951
-952
-941
-944
-940
-935
-934
-933
-939
-936
-930
-924
-902
-878
-850
-816
-803
-796
-796
-801
-813
-834
-852
-874
-888
-899
-914
-924
-928
-925
-931
-942
-950
-959
-957
-953
-953
-950
-945
-934
-937
-950
-966
-978
-978
-977
-971
-959
-942
-923
-911
-899
-890
-883
-870
-866
-861
-860
-855
-855
-876
-897
-924
-943
-945
-950
-956
-968
-981
-998
-1024
-1038
-1049
-1046
-1033
-1029
-1016
-1000
-981
-972
-976
-984
-994
-990
-976
-964
-946
-921
-884
-848
-811
-768
-729
-687
-657
-647
-650
-660
-668
-683
-692
-698
-706
-709
-722
-744
-775
-808
-841
-875
-901
-920
-927
-920
-919
-916
-916
-909
-902
-901
-890
-878
-862
-837
-819
-804
-796
-790
-796
-818
-836
-874
-905
-939
-974
-1001
-1020
-1035
-1047
-1064
-1076
-1086
-1088
-1091
-1098
-1097
-1087
-1061
-1032
-1002
-971
-944
-913
-886
-864
-845
-826
-806
-797
-787
-783
-790
-799
-825
-862
-904
-944
-978
-1016
-1044
-1063
-1065
-1046
-1024
-991
-957
-920
-890
-876
-861
-853
-844
-829
-821
-812
-807
-798
-795
-806
-808
-815
-817
-814
-821
-825
-827
-826
-828
-833
-836
-848
-861
-875
-896
-910
-915
-907
-900
-893
-881
-873
-866
-869
-883
-900
-913
-912
-909
-893
-875
-862
-847
-839
-835
-830
-822
-810
-805
-796
-790
-782
-762
-750
-734
-721
-701
-678
-662
-644
-636
-634
-632
-640
-648
-661
-671
-687
-716
-734
-756
-775
-798
-825
-845
-863
-868
-881
-889
-884
-879
-864
-858
-857
-845
-825
-805
-792
-780
-760
-743
-724
-718
-729
-754
-788
-826
-876
-921
-959
-991
-1011
-1028
-1039
-1048
-1053
-1055
-1064
-1066
-1071
-1069
-1053
-1039
-1022
-1008
-990
-973
-962
-945
-930
-908
-878
-858
-832
-807
-769
-729
-699
-668
-652
-641
-630
-628
-629
-634
-639
-649
-663
-672
-684
-687
-688
-696
-698
-694
-683
-679
-679
-677
-678
-674
-675
-683
-693
-700
-702
-708
-705
-695
-682
-661
-641
-627
-616
-607
-603
-616
-632
-653
-666
-661
-657
-646
-641
-637
-637
-642
-643
-644
-636
-619
-614
-610
-610
-597
-579
-564
-546
-544
-554
-572
-607
-647
-687
-715
-746
-760
-760
-753
-731
-713
-699
-683
-662
-629
-603
-580
-553
-528
-500
-479
-474
-476
-483
-492
-512
-526
-535
-540
-526
-505
-483
-463
-439
-418
-415
-408
-400
-381
-343
-311
-279
-255
-236
-223
-219
-214
-218
-218
-209
-210
-201
-189
-166
-145
-132
-113
-99
-86
-73
-68
-62
-52
-31
-12
5
28
48
67
76
74
74
76
82
81
77
74
69
73
74
71
65
61
57
47
42
40
42
52
62
81
109
147
187
214
247
273
295
320
335
351
365
379
386
380
375
366
365
373
366
358
344
336
328
319
320
319
324
333
339
350
362
378
390
402
423
444
468
482
484
482
481
490
484
487
494
511
540
565
581
594
607
620
630
643
656
671
686
686
680
664
643
612
566
529
488
448
416
379
348
324
305
279
235
195
150
113
87
62
51
38
29
13
-12
-33
-56
-70
-76
-80
-77
-73
-67
-67
-68
-58
-43
-15
12
30
43
54
64
64
62
61
54
47
30
7
-19
-46
-76
-117
-160
-197
-228
-248
-273
-297
-323
-340
-356
-383
-403
-428
-455
-478
-509
-537
-562
-579
-591
-609
-611
-610
-594
-563
-539
-513
-498
-491
-502
-526
-546
-568
-587
-606
-634
-657
-674
-683
-699
-720
-738
-764
-791
-821
-848
-863
-864
-856
-854
-854
-858
-861
-850
-849
-844
-839
-824
-800
-788
-775
-775
-783
-791
-805
-817
-823
-814
-794
-786
-773
-766
-764
-763
-776
-791
-809
-825
-843
-870
-884
-898
-899
-887
-881
-866
-851
-829
-814
-805
-795
-790
-784
-780
-786
-793
-801
-803
-804
-798
-782
-766
-744
-726
-713
-700
-684
-661
-644
-627
-615
-606
-590
-581
-578
-579
-581
-580
-584
-587
-591
-593
-584
-577
-564
-555
-544
-537
-544
-548
-553
-555
-547
-548
-547
-545
-531
-513
-504
-484
-470
-455
-439
-439
-443
-455
-468
-490
-520
-551
-587
-614
-638
-673
-709
-738
-750
-759
-762
-757
-751
-735
-717
-698
-671
-630
-576
-522
-458
-388
-313
-221
-121
-13
96
223
366
519
697
880
1070
1276
1477
1697
1917
2143
2374
2605
2849
3107
3379
3677
3980
4296
4617
4959
5308
5653
6011
6361
6709
7058
7399
7745
8093
8450
8806
9158
9509
9847
10179
10496
10785
11052
11297
11522
11720
11900
12067
12213
12340
12426
12466
12470
12448
12404
12327
12223
12082
11890
11646
11341
10973
10542
10058
9528
8948
8334
7686
7013
6321
5594
4861
4131
3421
2729
2057
1427
834
283
-224
-703
-1141
-1544
-1902
-2228
-2528
-2782
-3005
-3190
-3341
-3474
-3581
-3665
-3722
-3760
-3780
-3778
-3767
-3743
-3716
-3697
-3674
-3647
-3608
-3567
-3522
-3464
-3397
-3310
-3217
-3121
-3020
-2911
-2793
-2677
-2553
-2424
-2297
-2162
-2034
-1915
-1808
-1711
-1622
-1550
-1478
-1418
-1362
-1302
-1256
-1203
-1169
-1132
-1097
-1063
-1017
-974
-937
-899
-877
-857
-844
-827
-821
-829
-834
-848
-857
-861
-872
-884
-896
-905
-920
-942
-958
-973
-974
-970
-974
-972
-963
-942
-921
-898
-869
-839
-802
-774
-753
-731
-706
-677
-655
-631
-608
-588
-562
-539
-521
-505
-489
-475
-477
-476
-486
-498
-506
-524
-535
-545
-548
-546
-542
-523
-502
-476
-447
-432
-419
-415
-408
-404
-407
-406
-415
-427
-439
-454
-465
-473
-477
-482
-482
-470
-455
-431
-410
-404
-409
-422
-438
-464
-489
-506
-518
-517
-516
-511
-502
-483
-454
-429
-402
-373
-345
-313
-293
-284
-285
-288
-292
-311
-321
-332
-337
-332
-341
-352
-366
-380
-402
-434
-455
-486
-504
-514
-527
-520
-515
-494
-478
-464
-446
-433
-424
-419
-420
-413
-402
-384
-363
-345
-324
-308
-284
-259
-237
-215
-195
-179
-179
-190
-206
-230
-246
-266
-282
-297
-303
-301
-296
-281
-256
-225
-185
-153
-128
-111
-93
-73
-62
-40
-20
1
24
32
33
26
16
-1
-28
-51
-80
-99
-106
-115
-110
-99
-81
-71
-72
-73
-78
-78
-70
-62
-48
-32
-9
11
29
51
71
95
116
132
150
169
192
209
232
261
290
325
352
377
408
446
489
528
570
612
648
675
680
673
662
662
673
685
714
748
790
846
896
948
996
1041
1074
1088
1104
1114
1132
1148
1156
1173
1186
1205
1211
1205
1204
1195
1198
1198
1190
1183
1179
1179
1174
1161
1156
1152
1164
1184
1212
1252
1306
1374
1439
1506
1573
1640
1714
1780
1843
1902
1953
1997
2025
2045
2056
2060
2064
2055
2041
2020
2000
1980
1952
1943
1947
1971
2018
2072
2139
2212
2293
2370
2431
2498
2556
2611
2662
2692
2715
2730
2748
2763
2777
2795
2810
2830
2849
2860
2872
2888
2919
2953
2989
3033
3072
3115
3156
3188
3218
3254
3302
3344
3387
3433
3473
3515
3545
3571
3595
3620
3651
3682
3722
3766
3814
3868
3909
3949
3981
4018
4055
4081
4114
4147
4187
4236
4277
4314
4341
4367
4392
4408
4431
4443
4457
4474
4483
4495
4509
4532
4552
4568
4584
4583
4584
4568
4536
4504
4474
4457
4443
4426
4416
4402
4387
4364
4336
4313
4302
4303
4300
4308
4317
4322
4326
4322
4316
4308
4294
4274
4242
4211
4183
4158
4139
4105
4069
4029
3993
3953
3903
3857
3802
3749
3702
3650
3598
3542
3487
3424
3342
3269
3192
3125
3071
3020
2977
2938
2905
2872
2841
2816
2786
2758
2722
2670
2610
2545
2488
2435
2386
2346
2300
2258
2211
2158
2102
2049
2001
1943
1888
1834
1776
1721
1657
1585
1506
1428
1355
1278
1211
1143
1077
1012
929
847
763
688
617
547
490
433
377
326
267
215
165
128
97
66
51
35
22
14
-6
-31
-58
-80
-101
-118
-126
-141
-160
-190
-244
-304
-372
-429
-492
-547
-589
-627
-645
-666
-687
-715
-737
-757
-783
-805
-825
-838
-837
-841
-851
-865
-884
-909
-945
-977
-1013
-1044
-1061
-1077
-1082
-1084
-1082
-1080
-1092
-1107
-1136
-1170
-1208
-1261
-1311
-1358
-1393
-1422
-1457
-1488
-1531
-1578
-1618
-1661
-1696
-1725
-1739
-1745
-1741
-1725
-1712
-1697
-1693
-1705
-1721
-1737
-1744
-1751
-1753
-1744
-1729
-1698
-1668
-1638
-1611
-1583
-1554
-1536
-1520
-1510
-1507
-1502
-1512
-1535
-1563
-1585
-1600
-1620
-1634
-1653
-1670
-1680
-1698
-1708
-1711
-1701
-1688
-1684
-1683
-1691
-1696
-1690
-1692
-1685
-1676
-1655
-1638
-1637
-1639
-1650
-1657
-1655
-1656
-1652
-1642
-1621
-1599
-1576
-1549
-1531
-1516
-1508
-1513
-1523
-1534
-1542
-1562
-1590
-1624
-1657
-1671
-1687
-1701
-1719
-1742
-1758
-1788
-1809
-1831
-1845
-1844
-1835
-1827
-1818
-1805
-1787
-1784
-1779
-1780
-1777
-1762
-1750
-1728
-1701
-1664
-1625
-1591
-1552
-1520
-1490
-1461
-1452
-1441
-1433
-1414
-1397
-1389
-1375
-1367
-1360
-1356
-1366
-1388
-1422
-1459
-1498
-1533
-1554
-1572
-1581
-1589
-1604
-1622
-1644
-1666
-1696
-1724
-1743
-1757
-1753
-1746
-1734
-1717
-1692
-1662
-1637
-1609
-1584
-1564
-1544
-1531
-1520
-1513
-1500
-1481
-1475
-1469
-1474
-1479
-1478
-1487
-1497
-1505
-1504
-1493
-1484
-1468
-1460
-1448
-1429
-1422
-1414
-1412
-1404
-1399
-1401
-1396
-1391
-1382
-1373
-1374
-1377
-1384
-1392
-1405
-1419
-1422
-1419
-1405
-1392
-1390
-1392
-1398
-1401
-1411
-1421
-1431
-1444
-1452
-1466
-1482
-1496
-1505
-1501
-1505
-1496
-1489
-1482
-1462
-1445
-1424
-1403
-1385
-1370
-1366
-1356
-1350
-1339
-1323
-1318
-1318
-1327
-1331
-1339
-1359
-1373
-1385
-1384
-1374
-1374
-1370
-1369
-1364
-1360
-1361
-1354
-1349
-1340
-1333
-1341
-1353
-1366
-1369
-1375
-1385
-1393
-1403
-1402
-1395
-1383
-1362
-1343
-1331
-1339
-1355
-1369
-1382
-1387
-1395
-1402
-1404
-1399
-1387
-1374
-1356
-1339
-1321
-1297
-1283
-1270
-1260
-1245
-1234
-1234
-1223
-1217
-1216
-1217
-1236
-1259
-1283
-1298
-1311
-1337
-1354
-1371
-1380
-1382
-1394
-1397
-1398
-1391
-1384
-1375
-1359
-1349
-1338
-1324
-1310
-1287
-1262
-1235
-1215
-1203
-1193
-1191
-1182
-1171
-1168
-1170
-1175
-1177
-1186
-1192
-1199
-1207
-1203
-1195
-1182
-1166
-1143
-1114
-1087
-1061
-1040
-1028
-1001
-979
-948
-924
-899
-879
-882
-877
-876
-871
-868
-870
-868
-858
-836
-815
-802
-781
-777
-779
-784
-811
-844
-883
-917
-950
-981
-1004
-1026
-1044
-1060
-1084
-1104
-1123
-1132
-1142
-1150
-1154
-1156
-1149
-1140
-1131
-1116
-1101
-1086
-1085
-1083
-1083
-1087
-1086
-1093
-1107
-1122
-1130
-1129
-1124
-1108
-1086
-1061
-1029
-1009
-990
-974
-952
-932
-923
-910
-901
-892
-879
-878
-883
-898
-913
-927
-947
-952
-959
-962
-962
-980
-1000
-1026
-1049
-1069
-1087
-1097
-1110
-1116
-1120
-1130
-1136
-1141
-1142
-1152
-1166
-1175
-1183
-1178
-1168
-1156
-1138
-1115
-1089
-1076
-1065
-1061
-1064
-1063
-1069
-1081
-1096
-1106
-1110
-1112
-1103
-1090
-1075
-1054
-1047
-1039
-1033
-1022
-1014
-1011
-989
-966
-945
-918
-910
-897
-890
-878
-879
-895
-905
-914
-911
-899
-891
-877
-870
-866
-867
-869
-871
-883
-896
-913
-936
-955
-966
-965
-963
-960
-951
-948
-943
-946
-958
-971
-979
-979
-985
-989
-994
-1001
-1004
-1016
-1039
-1065
-1090
-1108
-1128
-1137
-1144
-1142
-1128
-1127
-1125
-1124
-1112
-1098
-1091
-1078
-1065
-1043
-1010
-986
-961
-941
-919
-904
-902
-889
-876
-853
-824
-801
-775
-748
-716
-686
-655
-616
-578
-534
-490
-450
-408
-363
-313
-267
-222
-175
-134
-91
-59
-40
-27
-7
19
38
61
87
117
154
191
227
266
312
364
416
483
556
638
732
817
908
1002
1113
1239
1372
1520
1672
1831
1997
2147
2309
2464
2625
2779
2912
3057
3198
3344
3495
3627
3748
3862
3970
4066
4153
4238
4318
4404
4491
4576
4660
4741
4820
4887
4945
4997
5036
5072
5095
5105
5109
5108
5100
5078
5049
5010
4960
4908
4848
4781
4709
4636
4563
4484
4421
4372
4343
4330
4308
4287
4264
4250
4240
4232
4234
4236
4242
4252
4247
4237
4215
4189
4143
4072
3994
3909
3833
3767
3697
3625
3554
3492
3433
3377
3332
3288
3251
3211
3164
3123
3094
3077
3055
3029
3004
2981
2974
2972
2971
2974
2987
3009
3030
3054
3076
3097
3122
3141
3153
3158
3162
3168
3160
3160
3160
3162
3168
3157
3139
3109
3074
3031
2973
2915
2848
2782
2718
2639
2560
2478
2409
2345
2270
2209
2138
2068
1992
1902
1822
1747
1685
1616
1533
1438
1333
1234
1139
1048
963
890
832
782
747
731
726
735
743
746
747
752
760
758
755
747
735
733
729
722
707
690
667
629
599
565
532
504
460
408
344
276
204
121
40
-52
-138
-215
-300
-376
-453
-519
-582
-645
-695
-739
-767
-782
-793
-791
-777
-750
-723
-694
-657
-621
-583
-551
-528
-507
-486
-460
-445
-435
-425
-418
-403
-393
-390
-393
-398
-405
-420
-434
-440
-440
-428
-425
-429
-444
-462
-486
-529
-568
-608
-636
-649
-666
-680
-698
-716
-745
-788
-821
-853
-873
-879
-885
-875
-861
-837
-817
-805
-793
-793
-801
-823
-868
-923
-984
-1030
-1076
-1130
-1178
-1241
-1288
-1329
-1363
-1392
-1406
-1407
-1411
-1411
-1410
-1407
-1393
-1390
-1396
-1404
-1410
-1417
-1433
-1445
-1454
-1462
-1462
-1465
-1460
-1452
-1437
-1425
-1426
-1416
-1401
-1378
-1345
-1325
-1307
-1292
-1273
-1257
-1253
-1247
-1253
-1261
-1266
-1282
-1295
-1314
-1333
-1364
-1402
-1439
-1485
-1531
-1581
-1636
-1682
-1721
-1748
-1773
-1791
-1793
-1788
-1770
-1752
-1740
-1730
-1722
-1714
-1720
-1728
-1739
-1756
-1771
-1795
-1825
-1856
-1883
-1904
-1922
-1930
-1934
-1935
-1926
-1919
-1904
-1888
-1864
-1841
-1829
-1809
-1793
-1780
-1767
-1765
-1764
-1767
-1770
-1783
-1815
-1841
-1866
-1874
-1869
-1869
-1861
-1847
-1823
-1797
-1771
-1742
-1718
-1688
-1657
-1636
-1617
-1604
-1590
-1582
-1575
-1566
-1564
-1549
-1539
-1543
-1549
-1567
-1576
-1589
-1597
-1599
-1605
-1605
-1613
-1624
-1637
-1646
-1656
-1669
-1679
-1691
-1697
-1691
-1693
-1689
-1686
-1673
-1660
-1656
-1644
-1632
-1613
-1579
-1549
-1515
-1479
-1435
-1385
-1343
-1289
-1243
-1196
-1152
-1125
-1104
-1091
-1078
-1072
-1070
-1066
-1065
-1055
-1044
-1043
-1042
-1041
-1032
-1021
-1001
-965
-926
-881
-844
-818
-798
-779
-761
-754
-746
-740
-738
-733
-734
-742
-755
-772
-791
-818
-840
-858
-861
-837
-800
-739
-668
-585
-505
-441
-383
-342
-307
-271
-250
-231
-220
-211
-211
-225
-232
-249
-269
-289
-321
-353
-383
-404
-420
-427
-415
-395
-362
-327
-298
-266
-232
-189
-148
-106
-56
-6
53
111
164
219
271
336
392
457
526
584
650
709
764
819
870
914
951
997
1041
1092
1149
1202
1264
1323
1389
1461
1535
1619
1701
1785
1874
1951
2027
2095
2164
2224
2258
2286
2294
2295
2297
2291
2283
2274
2273
2270
2270
2282
2296
2313
2327
2333
2341
2345
2351
2355
2363
2380
2404
2448
2500
2553
2603
2646
2685
2713
2751
2799
2848
2906
2959
3009
3059
3113
3167
3204
3240
3266
3288
3313
3324
3336
3344
3356
3371
3382
3398
3408
3417
3426
3419
3413
3402
3397
3388
3373
3369
3366
3370
3378
3376
3368
3354
3341
3323
3306
3301
3297
3298
3292
3267
3233
3194
3160
3121
3083
3051
3020
2998
2976
2954
2937
2924
2913
2892
2876
2861
2843
2830
2803
2769
2736
2698
2665
2611
2566
2520
2481
2447
2403
2362
2317
2274
2220
2151
2083
2007
1931
1861
1779
1697
1607
1525
1444
1362
1298
1240
1190
1144
1090
1037
984
930
868
797
730
661
601
539
464
387
311
241
163
83
3
-79
-152
-229
-307
-381
-443
-496
-547
-590
-630
-671
-706
-742
-775
-802
-824
-846
-883
-915
-950
-977
-991
-1010
-1022
-1027
-1021
-1013
-1013
-1009
-1012
-1013
-1011
-1029
-1052
-1083
-1108
-1134
-1161
-1173
-1178
-1175
-1169
-1171
-1174
-1179
-1182
-1190
-1207
-1222
-1244
-1256
-1262
-1271
-1279
-1285
-1284
-1288
-1291
-1293
-1296
-1290
-1289
-1288
-1283
-1273
-1265
-1268
-1272
-1275
-1274
-1265
-1262
-1261
-1266
-1269
-1278
-1306
-1324
-1346
-1371
-1385
-1413
-1432
-1444
-1454
-1459
-1476
-1479
-1478
-1460
-1427
-1397
-1354
-1309
-1261
-1224
-1192
-1156
-1127
-1094
-1062
-1042
-1030
-1032
-1041
-1061
-1083
-1089
-1082
-1053
-1012
-968
-916
-861
-797
-737
-670
-603
-539
-465
-387
-293
-178
-40
113
272
441
606
761
913
1050
1175
1286
1392
1487
1557
1621
1668
1700
1723
1722
1704
1671
1636
1601
1562
1537
1515
1500
1490
1460
1427
1388
1348
1300
1248
1199
1141
1080
1011
929
842
749
658
562
465
378
297
232
176
126
86
53
33
17
9
6
3
10
16
26
41
62
86
104
119
129
138
151
152
148
136
116
78
8
-72
-171
-285
-401
-542
-680
-819
-952
-1081
-1228
-1366
-1504
-1634
-1745
-1869
-1995
-2128
-2261
-2414
-2583
-2758
-2935
-3105
-3268
-3425
-3557
-3670
-3763
-3850
-3932
-4006
-4083
-4154
-4234
-4327
-4425
-4521
-4608
-4700
-4789
-4879
-4972
-5062
-5160
-5259
-5355
-5445
-5533
-5626
-5716
-5800
-5870
-5919
-5966
-5999
-6023
-6026
-6009
-5986
-5939
-5878
-5802
-5713
-5631
-5546
-5461
-5368
-5273
-5181
-5070
-4953
-4820
-4671
-4526
-4374
-4224
-4075
-3934
-3801
-3668
-3541
-3409
-3270
-3131
-2983
-2832
-2679
-2539
-2412
-2292
-2182
-2071
-1968
-1874
-1785
-1700
-1612
-1533
-1453
-1375
-1302
-1227
-1166
-1118
-1081
-1046
-1010
-983
-951
-916
-876
-834
-814
-806
-811
-813
-810
-812
-807
-807
-806
-801
-810
-829
-862
-899
-937
-983
-1014
-1048
-1078
-1091
-1112
-1113
-1110
-1098
-1088
-1076
-1058
-1036
-1006
-980
-964
-947
-928
-900
-885
-888
-900
-924
-947
-978
-1010
-1038
-1056
-1064
-1076
-1081
-1082
-1082
-1075
-1071
-1066
-1056
-1036
-1008
-987
-964
-943
-918
-886
-866
-847
-835
-824
-817
-818
-811
-806
-796
-776
-762
-747
-737
-721
-708
-710
-708
-715
-717
-712
-711
-705
-698
-683
-671
-665
-659
-664
-666
-667
-673
-674
-673
-667
-665
-661
-654
-657
-658
-662
-669
-678
-680
-673
-667
-656
-644
-631
-610
-592
-582
-578
-575
-574
-582
-581
-571
-546
-504
-470
-436
-406
-374
-348
-339
-330
-328
-327
-323
-335
-347
-364
-376
-391
-415
-423
-427
-421
-406
-393
-374
-350
-317
-284
-261
-224
-188
-140
-87
-49
-11
18
45
59
69
71
56
37
16
-11
-35
-49
-53
-60
-58
-52
-46
-37
-34
-32
-26
-16
-4
3
26
57
94
134
149
155
147
137
119
97
89
90
109
146
177
211
239
274
311
345
390
431
472
513
547
582
619
662
703
740
781
818
858
894
917
938
958
984
1007
1033
1065
1095
1133
1167
1197
1226
1261
1300
1332
1367
1401
1431
1462
1478
1480
1473
1471
1477
1480
1497
1517
1545
1590
1637
1698
1764
1836
1908
1974
2046
2115
2189
2267
2326
2384
2431
2477
2509
2523
2537
2540
2542
2543
2536
2530
2528
2534
2540
2543
2548
2535
2532
2531
2520
2514
2512
2525
2551
2582
2630
2674
2725
2767
2806
2840
2877
2917
2958
3006
3058
3108
3164
3210
3244
3269
3290
3308
3311
3325
3345
3378
3434
3494
3559
3617
3667
3709
3742
3783
3824
3875
3932
3970
4006
4035
4067
4094
4116
4146
4172
4197
4217
4223
4229
4236
4246
4246
4239
4236
4229
4227
4217
4194
4172
4155
4149
4144
4144
4146
4145
4150
4147
4139
4129
4121
4118
4113
4110
4109
4109
4124
4146
4174
4198
4222
4240
4244
4258
4275
4298
4329
4352
4375
4398
4425
4451
4467
4488
4502
4518
4537
4542
4550
4550
4546
4528
4495
4453
4391
4324
4256
4181
4110
4042
3984
3927
3874
3831
3787
3746
3697
3634
3568
3497
3428
3354
3278
3209
3130
3056
2975
2889
2805
2725
2640
2552
2472
2401
2342
2296
2242
2192
2143
2096
2046
1980
1920
1858
1801
1751
1692
1636
1580
1529
1476
1412
1353
1288
1230
1181
1122
1069
1011
961
910
856
804
747
694
644
588
537
489
451
412
378
357
338
327
312
286
250
205
154
87
20
-46
-113
-172
-235
-298
-359
-411
-455
-496
-528
-552
-570
-578
-590
-594
-598
-599
-605
-624
-636
-655
-676
-695
-724
-754
-786
-812
-838
-873
-895
-920
-939
-953
-981
-1005
-1032
-1058
-1088
-1117
-1134
-1148
-1156
-1163
-1174
-1179
-1181
-1183
-1197
-1223
-1248
-1273
-1291
-1312
-1339
-1364
-1382
-1393
-1412
-1427
-1438
-1447
-1449
-1452
-1459
-1461
-1475
-1495
-1531
-1572
-1608
-1649
-1682
-1727
-1762
-1797
-1818
-1835
-1862
-1883
-1907
-1930
-1945
-1959
-1965
-1973
-1974
-1977
-1986
-1979
-1973
-1961
-1944
-1932
-1922
-1914
-1903
-1893
-1880
-1852
-1820
-1780
-1747
-1731
-1722
-1715
-1700
-1688
-1676
-1656
-1634
-1600
-1565
-1534
-1506
-1480
-1456
-1446
-1441
-1438
-1441
-1445
-1467
-1504
-1549
-1598
-1649
-1707
-1761
-1817
-1870
-1912
-1957
-1993
-2027
-2049
-2065
-2081
-2084
-2080
-2067
-2044
-2028
-2008
-1987
-1954
-1920
-1894
-1857
-1822
-1784
-1746
-1723
-1706
-1698
-1689
-1684
-1679
-1673
-1672
-1665
-1659
-1667
-1677
-1691
-1705
-1729
-1755
-1777
-1799
-1806
-1808
-1809
-1809
-1810
-1811
-1825
-1838
-1847
-1858
-1864
-1879
-1901
-1916
-1916
-1900
-1891
-1880
-1868
-1855
-1829
-1814
-1802
-1783
-1753
-1708
-1668
-1621
-1582
-1542
-1507
-1489
-1476
-1469
-1457
-1448
-1451
-1443
-1444
-1445
-1445
-1451
-1457
-1467
-1478
-1493
-1510
-1522
-1542
-1561
-1581
-1613
-1648
-1684
-1716
-1756
-1797
-1839
-1885
-1924
-1964
-2004
-2036
-2054
-2057
-2060
-2055
-2047
-2041
-2027
-2017
-2006
-1988
-1965
-1942
-1926
-1901
-1878
-1856
-1831
-1818
-1799
-1781
-1757
-1733
-1714
-1686
-1660
-1638
-1620
-1623
-1628
-1642
-1654
-1669
-1684
-1679
-1670
-1658
-1644
-1641
-1641
-1641
-1635
-1629
-1626
-1620
-1619
-1613
-1606
-1606
-1603
-1600
-1597
-1607
-1627
-1646
-1660
-1661
-1662
-1661
-1653
-1637
-1619
-1613
-1607
-1598
-1590
-1578
-1575
-1577
-1577
-1573
-1568
-1578
-1586
-1599
-1615
-1624
-1646
-1665
-1675
-1679
-1674
-1676
-1673
-1669
-1662
-1648
-1646
-1645
-1647
-1639
-1632
-1634
-1626
-1625
-1619
-1611
-1614
-1615
-1618
-1618
-1623
-1630
-1632
-1642
-1645
-1641
-1634
-1619
-1597
-1572
-1557
-1548
-1540
-1531
-1510
-1492
-1471
-1449
-1426
-1403
-1391
-1380
-1373
-1372
-1367
-1373
-1390
-1411
-1424
-1435
-1459
-1480
-1510
-1542
-1574
-1619
-1660
-1698
-1720
-1731
-1738
-1728
-1714
-1690
-1661
-1649
-1638
-1636
-1631
-1630
-1640
-1650
-1666
-1682
-1698
-1722
-1741
-1753
-1756
-1756
-1753
-1739
-1726
-1707
-1686
-1662
-1624
-1574
-1514
-1461
-1411
-1364
-1326
-1285
-1251
-1222
-1199
-1179
-1163
-1157
-1150
-1140
-1132
-1117
-1107
-1099
-1095
-1089
-1082
-1082
-1071
-1060
-1047
-1028
-1021
-1014
-1009
-1003
-1000
-1001
-992
-966
-927
-873
-844
-831
-837
-846
-852
-863
-864
-872
-876
-877
-877
-869
-861
-849
-836
-825
-807
-789
-765
-742
-725
-711
-697
-675
-663
-656
-650
-642
-626
-616
-614
-615
-612
-604
-600
-588
-572
-558
-541
-535
-536
-548
-559
-569
-591
-603
-614
-623
-630
-650
-669
-682
-683
-678
-677
-662
-640
-604
-557
-522
-484
-452
-417
-388
-367
-344
-329
-313
-298
-292
-285
-283
-283
-294
-315
-338
-369
-398
-437
-491
-544
-587
-613
-635
-642
-639
-633
-620
-614
-607
-592
-570
-547
-536
-529
-529
-533
-537
-556
-582
-621
-663
-706
-756
-787
-808
-815
-809
-807
-803
-804
-805
-809
-823
-826
-825
-810
-782
-764
-739
-711
-677
-651
-644
-647
-659
-683
-708
-756
-807
-872
-936
-1013
-1091
-1161
-1230
-1282
-1323
-1363
-1396
-1422
-1442
-1473
-1500
-1516
-1528
-1531
-1541
-1548
-1542
-1521
-1488
-1457
-1422
-1382
-1338
-1286
-1246
-1211
-1189
-1170
-1161
-1171
-1179
-1196
-1221
-1248
-1290
-1339
-1395
-1444
-1486
-1535
-1572
-1611
-1641
-1656
-1672
-1680
-1686
-1690
-1698
-1707
-1709
-1705
-1687
-1666
-1653
-1640
-1622
-1595
-1573
-1559
-1549
-1553
-1559
-1571
-1589
-1602
-1605
-1595
-1586
-1568
-1543
-1513
-1476
-1447
-1424
-1403
-1380
-1355
-1339
-1325
-1315
-1303
-1291
-1300
-1319
-1355
-1395
-1443
-1503
-1559
-1616
-1664
-1694
-1720
-1736
-1747
-1746
-1744
-1752
-1743
-1728
-1706
-1690
-1699
-1715
-1725
-1715
-1699
-1690
-1681
-1679
-1680
-1676
-1687
-1690
-1687
-1679
-1666
-1647
-1619
-1587
-1554
-1530
-1512
-1494
-1473
-1440
-1417
-1390
-1367
-1351
-1330
-1322
-1320
-1317
-1302
-1279
-1264
-1248
-1232
-1210
-1179
-1158
-1142
-1136
-1124
-1115
-1119
-1124
-1135
-1142
-1142
-1152
-1157
-1160
-1156
-1153
-1164
-1165
-1170
-1172
-1168
-1171
-1171
-1169
-1163
-1161
-1161
-1157
-1158
-1155
-1155
-1163
-1170
-1178
-1177
-1172
-1159
-1137
-1116
-1087
-1066
-1058
-1059
-1065
-1077
-1103
-1124
-1142
-1161
-1175
-1194
-1215
-1235
-1252
-1265
-1280
-1284
-1283
-1271
-1243
-1219
-1186
-1149
-1101
-1049
-1004
-954
-911
-872
-824
-770
-698
-615
-515
-406
-295
-160
-16
149
337
531
736
949
1178
1409
1638
1877
2118
2372
2632
2893
3169
3460
3759
4071
4391
4730
5067
5401
5725
6038
6353
6679
7015
7342
7678
8019
8357
8697
9018
9330
9628
9903
10147
10352
10538
10701
10853
11002
11125
11225
11288
11324
11327
11299
11248
11165
11048
10892
10678
10425
10120
9771
9359
8874
8342
7761
7154
6532
5891
5245
4599
3962
3328
2700
2094
1505
950
426
-71
-532
-956
-1340
-1699
-2026
-2319
-2589
-2826
-3039
-3226
-3383
-3507
-3602
-3682
-3736
-3768
-3779
-3766
-3741
-3709
-3676
-3645
-3616
-3601
-3582
-3565
-3539
-3494
-3448
-3388
-3317
-3229
-3130
-3033
-2926
-2820
-2709
-2596
-2499
-2401
-2303
-2195
-2089
-1992
-1887
-1787
-1689
-1596
-1522
-1457
-1396
-1334
-1279
-1233
-1186
-1146
-1104
-1066
-1037
-1010
-991
-976
-972
-970
-966
-964
-956
-950
-945
-931
-910
-889
-867
-847
-815
-783
-744
-721
-714
-727
-752
-787
-841
-884
-921
-951
-970
-993
-1001
-998
-979
-948
-919
-886
-860
-838
-817
-812
-802
-794
-786
-786
-793
-792
-795
-800
-811
-838
-868
-890
-889
-879
-863
-839
-820
-801
-793
-797
-800
-799
-791
-789
-779
-755
-720
-673
-632
-597
-567
-540
-521
-519
-524
-534
-545
-551
-566
-588
-616
-637
-648
-660
-652
-639
-621
-594
-577
-557
-537
-511
-480
-451
-413
-381
-345
-302
-274
-249
-237
-225
-213
-194
-161
-129
-98
-75
-70
-74
-86
-99
-127
-165
-201
-234
-256
-278
-306
-334
-358
-378
-404
-428
-445
-461
-467
-477
-487
-499
-513
-529
-552
-577
-590
-598
-599
-601
-607
-607
-594
-576
-569
-559
-550
-535
-512
-495
-466
-428
-376
-320
-276
-221
-175
-132
-97
-86
-80
-82
-79
-76
-75
-69
-68
-65
-62
-62
-55
-44
-25
-11
-3
12
30
60
89
103
105
101
101
96
97
106
116
134
146
159
179
211
252
290
325
355
381
410
429
445
454
463
467
459
461
463
466
472
465
460
457
464
473
475
488
499
520
548
566
588
603
617
618
610
612
625
656
696
731
772
813
857
892
920
951
989
1041
1092
1135
1175
1210
1239
1252
1258
1262
1264
1276
1285
1295
1308
1325
1343
1348
1348
1347
1349
1362
1373
1385
1411
1447
1489
1522
1549
1566
1575
1586
1593
1607
1626
1663
1706
1736
1774
1799
1830
1867
1894
1919
1942
1969
1992
2010
2032
2049
2068
2083
2089
2095
2106
2127
2151
2180
2215
2247
2291
2337
2379
2422
2465
2509
2542
2579
2617
2652
2686
2708
2725
2747
2782
2831
2881
2935
2988
3039
3089
3121
3146
3163
3188
3220
3245
3273
3292
3303
3307
3291
3269
3241
3220
3202
3181
3174
3163
3160
3163
3158
3156
3153
3152
3147
3140
3143
3149
3168
3193
3214
3236
3256
3273
3279
3286
3307
3330
3356
3374
3381
3388
3400
3420
3435
3452
3468
3479
3492
3497
3498
3499
3503
3512
3515
3520
3519
3520
3529
3526
3525
3522
3532
3549
3562
3576
3584
3589
3597
3593
3578
3562
3545
3532
3513
3504
3483
3461
3437
3397
3349
3284
3212
3133
3054
2983
2921
2875
2832
2779
2724
2661
2596
2521
2442
2363
2280
2205
2136
2074
2022
1977
1942
1906
1880
1858
1832
1809
1778
1740
1697
1653
1605
1542
1483
1427
1384
1354
1310
1267
1222
1182
1138
1080
1022
959
902
855
806
769
735
715
700
678
669
655
645
636
620
608
599
593
574
538
492
436
389
349
307
268
232
200
160
117
79
46
28
18
16
20
31
42
36
22
-4
-45
-94
-151
-210
-269
-328
-384
-452
-517
-586
-648
-702
-771
-839
-910
-969
-1020
-1067
-1099
-1130
-1153
-1168
-1189
-1202
-1214
-1218
-1217
-1220
-1217
-1208
-1196
-1173
-1146
-1121
-1096
-1078
-1069
-1068
-1062
-1061
-1050
-1036
-1021
-1006
-993
-975
-959
-938
-911
-882
-848
-825
-808
-794
-779
-762
-755
-753
-762
-786
-813
-847
-891
-940
-984
-1019
-1057
-1080
-1097
-1106
-1106
-1118
-1128
-1138
-1138
-1135
-1138
-1136
-1141
-1144
-1146
-1164
-1181
-1207
-1233
-1271
-1319
-1352
-1374
-1376
-1362
-1345
-1323
-1297
-1266
-1241
-1222
-1198
-1179
-1156
-1132
-1115
-1102
-1096
-1092
-1100
-1109
-1115
-1124
-1128
-1141
-1157
-1171
-1176
-1175
-1176
-1171
-1161
-1153
-1141
-1142
-1153
-1170
-1186
-1201
-1229
-1251
-1279
-1310
-1336
-1367
-1390
-1405
-1405
-1399
-1399
-1393
-1388
-1370
-1343
-1326
-1301
-1275
-1240
-1206
-1174
-1140
-1117
-1107
-1089
-1076
-1060
-1042
-1037
-1046
-1057
-1066
-1077
-1090
-1113
-1138
-1153
-1164
-1166
-1177
-1190
-1204
-1223
-1241
-1267
-1304
-1345
-1379
-1400
-1419
-1429
-1435
-1442
-1447
-1457
-1464
-1463
-1445
-1418
-1397
-1360
-1319
-1273
-1222
-1188
-1159
-1138
-1118
-1104
-1102
-1091
-1086
-1078
-1064
-1057
-1044
-1034
-1020
-1015
-1019
-1019
-1024
-1028
-1036
-1049
-1054
-1053
-1046
-1043
-1045
-1043
-1045
-1042
-1041
-1041
-1034
-1021
-1003
-992
-981
-967
-954
-937
-931
-930
-930
-925
-916
-915
-913
-906
-893
-872
-860
-851
-848
-842
-836
-847
-855
-873
-892
-905
-924
-937
-945
-947
-954
-972
-980
-990
-991
-980
-972
-956
-942
-928
-923
-924
-920
-917
-905
-885
-873
-858
-839
-818
-798
-777
-752
-727
-712
-702
-708
-714
-721
-732
-762
-792
-822
-859
-888
-922
-954
-976
-992
-1007
-1021
-1022
-1012
-996
-971
-960
-958
-972
-986
-1000
-1019
-1022
-1025
-1021
-1004
-987
-965
-945
-921
-896
-878
-851
-832
-813
-792
-783
-771
-757
-740
-732
-733
-734
-740
-744
-751
-769
-783
-793
-787
-777
-765
-745
-732
-720
-718
-729
-746
-764
-782
-808
-827
-835
-838
-835
-841
-850
-853
-850
-841
-837
-831
-824
-813
-795
-787
-784
-791
-798
-814
-847
-874
-900
-915
-916
-917
-917
-919
-916
-914
-923
-923
-929
-933
-933
-942
-949
-957
-961
-968
-977
-987
-1004
-1020
-1036
-1057
-1070
-1074
-1064
-1048
-1026
-992
-955
-902
-849
-803
-758
-712
-677
-658
-648
-634
-605
-565
-533
-520
-516
-514
-506
-504
-504
-513
-518
-524
-553
-589
-640
-690
-736
-780
-809
-835
-859
-878
-909
-941
-975
-1003
-1033
-1070
-1093
-1113
-1119
-1108
-1098
-1080
-1059
-1030
-1000
-975
-955
-951
-954
-962
-977
-985
-986
-980
-978
-976
-969
-964
-949
-934
-917
-897
-878
-862
-861
-863
-868
-874
-870
-868
-866
-859
-839
-809
-785
-759
-743
-732
-723
-728
-732
-743
-753
-768
-791
-806
-819
-819
-801
-788
-777
-770
-756
-747
-755
-760
-775
-790
-806
-839
-875
-907
-926
-936
-938
-925
-908
-880
-851
-832
-816
-802
-788
-786
-793
-804
-821
-834
-854
-881
-910
-933
-943
-953
-959
-959
-960
-962
-965
-974
-984
-989
-995
-1000
-997
-996
-995
-986
-991
-990
-990
-977
-968
-969
-969
-972
-974
-973
-982
-990
-996
-988
-976
-974
-964
-956
-942
-928
-926
-927
-926
-919
-917
-922
-924
-933
-940
-951
-970
-990
-1009
-1021
-1037
-1053
-1063
-1073
-1073
-1070
-1057
-1029
-990
-945
-909
-870
-830
-793
-749
-710
-678
-650
-629
-620
-637
-660
-686
-698
-688
-676
-655
-635
-610
-595
-597
-604
-621
-642
-664
-700
-732
-763
-785
-805
-825
-829
-828
-817
-803
-798
-791
-782
-764
-744
-723
-693
-665
-631
-604
-592
-592
-603
-617
-638
-653
-660
-667
-667
-670
-678
-690
-703
-715
-730
-736
-737
-730
-714
-705
-707
-713
-716
-721
-733
-748
-762
-761
-740
-723
-703
-688
-665
-640
-623
-602
-585
-565
-534
-509
-479
-447
-405
-365
-332
-291
-256
-218
-179
-149
-121
-95
-62
-30
3
44
77
108
127
126
116
97
73
36
-6
-47
-89
-120
-149
-172
-189
-198
-202
-212
-221
-227
-227
-215
-203
-188
-168
-139
-105
-80
-47
-24
-6
20
44
72
91
108
122
126
133
132
131
132
117
106
102
118
137
153
175
190
209
230
239
244
241
240
236
237
253
270
295
320
338
